1308
1333
1327
1287
1281
1269
1273
1272
1277
1253
1274
1274
1269
1268
1264
1249
1272
1263
1265
1258
1260
1260
1224
1255
1226
1260
1257
1265
1278
1253
1275
1261
1263
1262
1264
1256
1260
1263
1260
1251
1253
1267
1263
1271
1285
1272
1267
1266
1289
1263
1268
1260
1255
1274
1257
1258
1256
1252
1252
1252
1250
1251
1245
1244
1250
1277
1249
1250
1255
1253
1250
1229
1240
1257
1260
1260
1265
1261
1280
1255
1266
1258
1267
1267
1271
1264
1270
1266
1263
1261
1269
1274
1269
1273
1269
1270
1274
1270
1264
1264
1265
1256
1262
1262
1231
1268
1254
1250
1247
1249
1243
1236
1240
1261
1245
1265
1243
1241
1238
1241
1250
1244
1243
1237
1246
1252
1246
1240
1270
1254
1253
1258
1258
1264
1260
1250
1259
1243
1254
1265
1264
1271
1265
1263
1269
1254
1268
1267
1268
1267
1261
1257
1258
1246
1268
1247
1240
1234
1238
1258
1230
1252
1246
1245
1274
1264
1275
1280
1283
1281
1290
1296
1292
1292
1294
1298
1317
1304
1301
1309
1327
1335
1337
1367
1384
1380
1392
1382
1360
1360
1324
1285
1263
1241
1225
1168
1165
1131
1088
1044
1016
1004
1000
1004
1022
1046
1061
1081
1094
1130
1167
1197
1255
1323
1386
1431
1490
1467
1451
1455
1390
1338
1332
1317
1297
1297
1310
1306
1299
1292
1301
1305
1314
1315
1341
1393
1424
1444
1463
1455
1462
1442
1394
1360
1356
1363
1340
1317
1289
1257
1215
1169
1137
1124
1112
1103
1099
1102
1099
1095
1112
1147
1167
1175
1185
1209
1202
1217
1212
1215
1209
1219
1227
1241
1258
1279
1301
1340
1329
1358
1361
1372
1370
1362
1410
1369
1372
1362
1347
1325
1310
1296
1298
1282
1269
1269
1238
1246
1236
1213
1221
1231
1213
1210
1209
1225
1227
1241
1236
1261
1262
1258
1255
1235
1240
1233
1243
1245
1249
1224
1246
1240
1246
1247
1262
1287
1273
1297
1287
1284
1283
1272
1291
1269
1271
1266
1266
1243
1276
1295
1302
1326
1343
1350
1356
1358
1347
1327
1305
1281
1270
1244
1231
1221
1204
1193
1175
1168
1152
1157
1135
1133
1142
1162
1149
1183
1219
1254
1257
1305
1331
1337
1357
1358
1360
1296
1333
1324
1288
1268
1246
1217
1194
1185
1180
1178
1197
1224
1249
1284
1340
1328
1348
1366
1353
1380
1406
1422
1430
1434
1434
1424
1397
1391
1368
1304
1318
1293
1275
1251
1213
1207
1206
1200
1186
1228
1220
1219
1227
1226
1241
1241
1260
1264
1259
1260
1244
1239
1230
1190
1187
1187
1187
1197
1190
1197
1181
1189
1217
1203
1242
1215
1239
1245
1258
1278
1280
1294
1318
1336
1348
1358
1360
1362
1354
1371
1338
1338
1339
1340
1325
1326
1320
1314
1337
1326
1332
1347
1362
1353
1300
1323
1326
1285
1271
1254
1279
1229
1212
1186
1213
1208
1196
1200
1201
1212
1195
1225
1216
1214
1212
1215
1228
1251
1266
1287
1292
1299
1289
1272
1262
1257
1246
1274
1276
1274
1266
1258
1253
1245
1254
1255
1262
1271
1283
1277
1274
1273
1266
1260
1249
1264
1264
1254
1252
1254
1268
1275
1298
1319
1333
1334
1338
1332
1311
1244
1268
1227
1261
1254
1235
1219
1198
1197
1152
1191
1204
1211
1230
1241
1254
1252
1276
1274
1299
1326
1338
1344
1385
1373
1356
1349
1343
1299
1322
1327
1281
1267
1245
1209
1168
1179
1195
1189
1223
1245
1285
1269
1280
1284
1283
1290
1297
1303
1291
1242
1255
1236
1222
1213
1202
1214
1212
1225
1225
1214
1215
1204
1205
1218
1175
1250
1243
1241
1257
1256
1257
1267
1302
1329
1312
1309
1294
1258
1277
1246
1237
1252
1265
1251
1291
1291
1298
1289
1291
1298
1313
1336
1338
1342
1330
1308
1311
1282
1292
1301
1304
1303
1313
1301
1286
1272
1275
1254
1257
1257
1268
1269
1250
1249
1247
1239
1241
1252
1272
1277
1279
1275
1264
1238
1237
1235
1234
1268
1251
1225
1227
1220
1183
1217
1236
1268
1268
1276
1298
1283
1251
1248
1253
1259
1278
1288
1301
1302
1289
1270
1271
1281
1288
1299
1313
1296
1301
1295
1268
1254
1239
1253
1248
1284
1279
1286
1261
1255
1255
1258
1290
1312
1320
1325
1308
1314
1253
1271
1256
1296
1301
1311
1293
1284
1254
1243
1254
1248
1257
1271
1289
1280
1271
1259
1224
1247
1259
1272
1296
1298
1297
1281
1256
1260
1264
1268
1288
1293
1309
1288
1269
1253
1230
1225
1219
1218
1254
1267
1257
1255
1220
1247
1239
1252
1266
1272
1306
1263
1257
1234
1224
1220
1242
1243
1285
1295
1293
1285
1278
1264
1270
1270
1287
1297
1323
1285
1300
1242
1241
1229
1265
1312
1319
1347
1319
1311
1284
1279
1277
1246
1302
1304
1304
1297
1281
1243
1251
1262
1268
1298
1311
1314
1275
1233
1222
1208
1223
1233
1266
1279
1265
1255
1232
1217
1205
1197
1246
1267
1276
1270
1251
1215
1211
1208
1235
1257
1283
1305
1296
1279
1260
1250
1258
1276
1297
1338
1319
1310
1281
1282
1250
1248
1264
1291
1303
1319
1310
1289
1271
1262
1275
1284
1326
1349
1327
1336
1308
1283
1258
1260
1278
1290
1304
1285
1277
1252
1217
1191
1197
1224
1245
1260
1265
1253
1225
1210
1210
1235
1239
1288
1297
1308
1288
1260
1241
1258
1253
1291
1311
1329
1318
1298
1269
1248
1222
1240
1266
1278
1277
1288
1254
1232
1217
1216
1250
1272
1288
1308
1303
1275
1258
1253
1248
1277
1293
1322
1332
1320
1287
1248
1242
1250
1259
1289
1306
1315
1306
1277
1245
1227
1251
1276
1296
1303
1321
1303
1286
1248
1247
1263
1288
1325
1344
1329
1319
1277
1255
1228
1240
1263
1293
1309
1311
1289
1257
1226
1229
1227
1265
1298
1329
1322
1282
1257
1227
1219
1234
1248
1279
1340
1306
1273
1238
1216
1198
1225
1260
1292
1317
1295
1269
1230
1211
1211
1252
1281
1299
1325
1302
1271
1244
1206
1208
1216
1275
1290
1310
1290
1249
1220
1202
1220
1238
1280
1308
1320
1310
1289
1242
1233
1240
1292
1329
1353
1359
1341
1299
1264
1236
1256
1254
1310
1326
1342
1317
1276
1245
1246
1196
1279
1325
1332
1323
1315
1285
1237
1204
1224
1252
1284
1327
1320
1294
1251
1209
1208
1222
1261
1295
1316
1295
1274
1213
1162
1171
1197
1223
1258
1283
1290
1263
1221
1208
1196
1193
1271
1309
1332
1318
1280
1220
1216
1202
1242
1285
1322
1343
1326
1291
1250
1222
1251
1259
1309
1344
1344
1324
1277
1231
1235
1206
1264
1295
1323
1333
1277
1265
1214
1201
1253
1242
1281
1298
1307
1285
1258
1221
1205
1234
1263
1318
1339
1337
1315
1263
1218
1199
1218
1236
1294
1335
1325
1289
1230
1213
1208
1236
1253
1290
1322
1320
1289
1238
1188
1191
1174
1248
1301
1301
1337
1296
1239
1216
1215
1207
1286
1325
1340
1328
1292
1253
1216
1184
1229
1292
1333
1352
1348
1277
1236
1201
1234
1218
1275
1335
1335
1310
1262
1214
1191
1193
1211
1306
1341
1351
1351
1275
1227
1191
1224
1223
1312
1339
1337
1311
1249
1198
1220
1233
1267
1299
1339
1335
1297
1246
1193
1222
1191
1232
1307
1338
1349
1299
1224
1167
1210
1222
1252
1298
1307
1307
1278
1229
1199
1208
1222
1261
1307
1335
1315
1294
1230
1143
1192
1223
1216
1306
1323
1315
1304
1228
1160
1231
1259
1255
1347
1362
1347
1312
1254
1207
1201
1260
1291
1365
1371
1335
1297
1239
1229
1237
1222
1340
1349
1373
1336
1269
1247
1207
1191
1244
1307
1359
1348
1310
1248
1221
1170
1197
1220
1363
1362
1355
1328
1272
1251
1232
1228
1285
1361
1362
1347
1310
1252
1238
1216
1253
1232
1355
1357
1345
1309
1235
1189
1132
1215
1264
1347
1342
1319
1292
1221
1173
1171
1236
1225
1353
1352
1320
1278
1213
1140
1161
1225
1207
1362
1336
1319
1289
1232
1175
1182
1207
1273
1364
1359
1334
1275
1228
1200
1185
1218
1291
1352
1362
1337
1282
1236
1174
1243
1240
1248
1363
1315
1310
1249
1217
1147
1227
1235
1250
1398
1350
1314
1238
1222
1199
1219
1223
1238
1350
1329
1283
1215
1190
1175
1165
1244
1261
1361
1336
1298
1249
1215
1217
1214
1241
1243
1382
1361
1315
1249
1243
1198
1282
1250
1323
1402
1371
1322
1252
1240
1235
1252
1246
1263
1367
1339
1261
1248
1211
1181
1218
1296
1331
1351
1319
1276
1212
1202
1162
1193
1268
1350
1355
1327
1303
1233
1231
1194
1279
1229
1370
1361
1328
1269
1204
1206
1181
1212
1277
1354
1350
1320
1236
1226
1169
1234
1227
1330
1391
1374
1332
1264
1233
1222
1249
1260
1301
1387
1347
1295
1253
1202
1169
1164
1215
1229
1341
1325
1249
1221
1203
1129
1202
1223
1294
1353
1337
1297
1223
1203
1184
1239
1268
1264
1370
1336
1314
1242
1230
1222
1276
1294
1284
1392
1369
1318
1252
1252
1243
1279
1252
1277
1384
1350
1274
1240
1232
1230
1218
1289
1265
1372
1347
1297
1234
1230
1203
1223
1315
1325
1378
1342
1297
1219
1208
1190
1231
1256
1337
1339
1288
1254
1209
1209
1208
1237
1260
1338
1333
1303
1248
1199
1196
1215
1235
1259
1345
1338
1298
1242
1204
1171
1219
1226
1302
1375
1331
1317
1263
1234
1178
1194
1236
1300
1374
1353
1308
1238
1223
1206
1191
1216
1286
1355
1313
1284
1214
1198
1188
1227
1223
1242
1367
1342
1282
1243
1236
1234
1197
1269
1265
1356
1325
1290
1226
1229
1184
1243
1243
1287
1346
1318
1277
1206
1209
1198
1229
1240
1306
1342
1312
1272
1257
1203
1182
1188
1274
1369
1365
1329
1264
1256
1177
1225
1250
1218
1349
1347
1315
1239
1257
1195
1160
1186
1202
1342
1335
1308
1146
1260
1169
1228
1207
1259
1369
1350
1320
1165
1295
1204
1230
1244
1238
1365
1343
1319
1205
1284
1233
1246
1275
1361
1366
1362
1291
1234
1292
1212
1184
1248
1357
1364
1342
1259
1169
1261
1207
1180
1253
1337
1340
1321
1232
1193
1241
1136
1206
1215
1331
1338
1319
1220
1214
1237
1182
1198
1196
1330
1338
1297
1211
1202
1256
1158
1195
1228
1357
1347
1326
1209
1186
1184
1181
1197
1220
1353
1348
1344
1196
1265
1201
1172
1220
1286
1371
1336
1323
1224
1262
1204
1225
1256
1289
1362
1351
1271
1228
1273
1150
1228
1233
1368
1374
1362
1259
1209
1280
1221
1184
1257
1352
1374
1349
1263
1223
1267
1203
1139
1223
1325
1343
1328
1194
1157
1259
1174
1190
1242
1357
1362
1359
1254
1191
1284
1190
1231
1257
1361
1367
1351
1250
1206
1268
1143
1196
1220
1333
1342
1317
1231
1201
1259
1198
1204
1310
1362
1375
1265
1264
1269
1295
1188
1234
1338
1386
1387
1331
1249
1236
1235
1206
1206
1316
1350
1352
1219
1177
1268
1193
1198
1223
1323
1355
1357
1301
1241
1292
1173
1231
1257
1359
1386
1378
1280
1231
1296
1164
1232
1240
1320
1341
1318
1200
1204
1252
1151
1134
1214
1305
1324
1316
1230
1212
1273
1170
1196
1309
1353
1340
1327
1213
1181
1271
1208
1239
1301
1368
1372
1274
1237
1235
1298
1221
1213
1303
1372
1372
1299
1263
1262
1294
1209
1248
1343
1375
1379
1240
1255
1288
1277
1170
1197
1298
1348
1344
1221
1203
1234
1317
1194
1261
1331
1381
1366
1257
1221
1265
1175
1165
1208
1264
1300
1297
1180
1179
1277
1194
1183
1296
1360
1379
1379
1251
1203
1318
1237
1244
1266
1354
1350
1325
1241
1201
1289
1201
1217
1285
1310
1318
1316
1160
1177
1252
1187
1192
1292
1326
1328
1286
1238
1244
1300
1242
1206
1322
1363
1348
1282
1251
1220
1295
1231
1210
1275
1344
1351
1264
1274
1309
1314
1249
1254
1250
1341
1329
1197
1176
1268
1232
1202
1173
1280
1338
1343
1237
1281
1332
1351
1249
1306
1335
1373
1354
1218
1246
1286
1233
1169
1163
1258
1277
1265
1141
1151
1271
1201
1207
1304
1334
1356
1353
1276
1285
1355
1296
1294
1350
1355
1336
1264
1229
1184
1279
1224
1190
1320
1331
1329
1247
1199
1213
1325
1262
1248
1281
1344
1339
1267
1207
1294
1313
1247
1246
1265
1319
1323
1218
1241
1247
1331
1241
1255
1285
1339
1328
1252
1223
1337
1313
1244
1226
1272
1312
1269
1168
1181
1281
1294
1181
1279
1258
1300
1289
1224
1246
1309
1274
1245
1291
1268
1310
1303
1192
1208
1329
1258
1257
1304
1309
1314
1224
1185
1247
1318
1230
1243
1300
1329
1297
1218
1244
1237
1358
1254
1301
1340
1377
1379
1314
1252
1263
1380
1284
1269
1267
1296
1316
1239
1171
1288
1306
1218
1179
1248
1312
1311
1211
1276
1273
1359
1238
1249
1275
1318
1313
1236
1213
1304
1320
1232
1224
1240
1266
1269
1218
1193
1320
1290
1240
1303
1276
1298
1285
1212
1238
1329
1231
1194
1278
1254
1271
1266
1205
1232
1310
1248
1244
1274
1292
1312
1276
1263
1264
1381
1297
1258
1349
1333
1341
1271
1241
1270
1358
1215
1221
1277
1259
1253
1206
1218
1187
1315
1241
1196
1258
1329
1331
1222
1290
1330
1401
1320
1284
1291
1329
1286
1221
1292
1334
1324
1223
1192
1237
1269
1273
1245
1300
1336
1392
1276
1298
1319
1352
1340
1221
1256
1324
1277
1255
1225
1253
1278
1270
1209
1231
1319
1270
1235
1280
1239
1279
1232
1200
1241
1332
1273
1217
1301
1257
1272
1177
1203
1148
1303
1187
1193
1262
1251
1256
1192
1199
1221
1359
1312
1278
1276
1344
1349
1254
1348
1314
1403
1253
1260
1254
1277
1256
1194
1165
1219
1324
1217
1239
1232
1291
1289
1245
1331
1303
1369
1314
1229
1286
1302
1285
1204
1296
1301
1315
1210
1184
1200
1233
1224
1142
1226
1241
1326
1238
1302
1257
1275
1288
1231
1221
1353
1311
1269
1299
1258
1289
1195
1214
1239
1348
1317
1260
1292
1283
1306
1222
1244
1252
1380
1310
1293
1333
1305
1296
1163
1302
1219
1343
1225
1245
1290
1279
1242
1218
1282
1211
1343
1227
1253
1253
1291
1284
1219
1316
1246
1347
1250
1258
1258
1289
1281
1204
1278
1247
1345
1239
1259
1261
1292
1317
1188
1313
1296
1385
1253
1244
1282
1302
1298
1247
1276
1261
1339
1272
1298
1231
1263
1254
1172
1234
1312
1212
1177
1220
1192
1215
1118
1216
1190
1295
1275
1234
1285
1259
1277
1235
1224
1211
1367
1319
1285
1336
1307
1299
1215
1281
1198
1340
1244
1227
1271
1290
1296
1201
1318
1298
1383
1327
1272
1300
1342
1322
1253
1337
1259
1386
1310
1294
1272
1317
1305
1191
1320
1253
1390
1311
1279
1294
1318
1265
1160
1203
1234
1321
1228
1215
1227
1257
1239
1148
1157
1262
1221
1174
1220
1232
1260
1162
1246
1212
1335
1284
1247
1209
1282
1315
1236
1276
1276
1345
1285
1240
1305
1254
1271
1227
1218
1237
1298
1233
1242
1267
1274
1286
1215
1299
1199
1350
1296
1214
1300
1257
1268
1145
1267
1237
1319
1239
1203
1247
1265
1254
1183
1272
1254
1320
1250
1260
1265
1328
1303
1193
1277
1254
1346
1217
1247
1260
1279
1267
1201
1235
1272
1297
1254
1267
1318
1351
1333
1271
1306
1291
1346
1312
1340
1312
1314
1237
1274
1251
1263
1291
1256
1285
1273
1300
1223
1288
1210
1326
1230
1223
1301
1256
1278
1183
1273
1240
1307
1248
1198
1241
1272
1270
1197
1265
1224
1318
1263
1226
1289
1326
1307
1239
1308
1217
1344
1260
1270
1270
1302
1275
1162
1288
1229
1336
1265
1265
1290
1315
1301
1184
1282
1256
1347
1275
1254
1255
1299
1290
1219
1247
1255
1321
1213
1240
1252
1287
1271
1191
1232
1237
1241
1178
1240
1203
1238
1179
1249
1211
1213
1264
1253
1313
1275
1310
1250
1296
1218
1335
1293
1264
1337
1319
1342
1255
1315
1266
1326
1286
1261
1276
1292
1318
1248
1301
1226
1311
1197
1246
1303
1314
1315
1204
1307
1267
1342
1242
1268
1294
1316
1300
1222
1293
1222
1305
1241
1234
1239
1305
1272
1228
1282
1260
1350
1241
1242
1282
1319
1305
1201
1216
1244
1328
1195
1288
1247
1328
1299
1262
1250
1262
1249
1246
1343
1298
1338
1260
1320
1223
1263
1292
1224
1344
1273
1306
1257
1274
1196
1287
1213
1217
1287
1280
1322
1256
1350
1255
1344
1261
1288
1307
1327
1333
1266
1322
1260
1325
1256
1166
1290
1281
1282
1171
1283
1230
1305
1200
1224
1231
1286
1285
1207
1279
1236
1307
1179
1193
1251
1308
1278
1181
1254
1237
1323
1230
1259
1309
1332
1315
1259
1249
1262
1308
1237
1312
1277
1306
1293
1274
1196
1203
1266
1244
1315
1277
1327
1220
1280
1235
1271
1265
1264
1315
1267
1301
1222
1283
1180
1270
1184
1185
1283
1261
1285
1215
1277
1196
1297
1226
1195
1253
1268
1301
1181
1310
1227
1337
1238
1261
1271
1315
1285
1226
1285
1219
1294
1206
1157
1228
1276
1276
1209
1282
1212
1314
1252
1223
1282
1324
1322
1273
1316
1222
1319
1252
1253
1286
1294
1294
1196
1227
1190
1284
1192
1270
1253
1284
1293
1257
1223
1182
1237
1254
1249
1257
1297
1243
1288
1235
1185
1197
1204
1293
1253
1308
1208
1309
1272
1334
1299
1289
1350
1315
1346
1269
1336
1219
1323
1217
1228
1261
1290
1307
1189
1303
1254
1319
1256
1235
1314
1321
1332
1189
1298
1204
1280
1207
1192
1273
1305
1307
1197
1300
1248
1310
1249
1226
1282
1316
1326
1284
1279
1210
1299
1193
1214
1275
1315
1318
1276
1263
1269
1347
1248
1292
1279
1320
1313
1280
1241
1243
1247
1228
1284
1297
1359
1263
1307
1259
1201
1218
1231
1302
1267
1302
1274
1301
1256
1328
1232
1220
1305
1278
1299
1189
1284
1206
1259
1183
1194
1251
1275
1320
1189
1283
1266
1317
1227
1276
1326
1315
1314
1220
1286
1202
1278
1182
1197
1248
1285
1285
1193
1282
1195
1291
1229
1217
1256
1277
1275
1226
1274
1193
1298
1206
1204
1295
1328
1320
1303
1255
1250
1288
1177
1231
1240
1290
1235
1288
1257
1198
1226
1238
1262
1296
1335
1259
1315
1183
1204
1225
1184
1275
1243
1286
1202
1268
1229
1278
1139
1197
1298
1268
1299
1229
1287
1203
1258
1223
1195
1312
1312
1316
1200
1308
1228
1353
1249
1223
1282
1326
1336
1211
1294
1234
1317
1235
1231
1308
1349
1343
1263
1350
1272
1330
1207
1223
1287
1318
1307
1293
1291
1185
1302
1232
1206
1292
1329
1328
1289
1275
1259
1295
1236
1191
1266
1315
1247
1302
1242
1223
1252
1270
1297
1300
1331
1283
1309
1199
1220
1207
1204
1284
1250
1309
1230
1289
1208
1309
1267
1263
1325
1294
1312
1200
1283
1177
1266
1192
1185
1251
1277
1307
1214
1340
1205
1311
1233
1229
1304
1334
1347
1244
1323
1262
1323
1229
1220
1253
1314
1310
1199
1263
1188
1282
1184
1219
1278
1323
1319
1298
1313
1252
1321
1257
1244
1262
1323
1320
1299
1242
1193
1275
1181
1295
1245
1336
1236
1308
1221
1251
1250
1263
1243
1288
1330
1247
1309
1261
1200
1250
1220
1279
1226
1301
1243
1282
1293
1287
1245
1207
1251
1249
1300
1305
1292
1295
1262
1258
1260
1246
1230
1227
1228
1291
1284
1298
1227
1233
1234
1178
1151
1182
1215
1281
1294
1305
1305
1279
1284
1293
1236
1227
1284
1230
1339
1341
1349
1310
1300
1305
1288
1278
1237
1233
1340
1356
1320
1333
1291
1279
1272
1239
1242
1200
1229
1327
1320
1297
1273
1307
1271
1255
1219
1203
1216
1304
1309
1307
1300
1265
1298
1305
1292
1275
1259
1266
1312
1320
1308
1270
1275
1267
1203
1211
1228
1242
1290
1300
1302
1312
1289
1290
1290
1257
1189
1248
1240
1318
1299
1307
1274
1262
1258
1251
1207
1228
1246
1326
1335
1330
1316
1271
1265
1259
1196
1194
1256
1231
1312
1311
1326
1293
1280
1294
1269
1239
1230
1255
1318
1308
1295
1283
1242
1252
1247
1192
1205
1232
1181
1317
1309
1311
1285
1283
1272
1246
1209
1215
1230
1287
1305
1309
1298
1270
1267
1251
1235
1223
1183
1232
1301
1313
1311
1251
1257
1275
1252
1188
1183
1244
1316
1329
1328
1301
1270
1233
1216
1193
1149
1179
1132
1216
1205
1197
1174
1161
1180
1175
1168
1148
1184
1209
1217
1211
1209
1217
1237
1318
1325
1333
1370
1346
1400
1394
1376
1430
1468
1526
1546
1466
1491
1365
1333
1313
1295
1318
1344
1421
1475
1417
1387
1313
1201
1191
1163
1165
1236
1313
1409
1436
1416
1282
1176
1058
1035
1041
1073
1156
1269
1339
1339
1213
1119
998
954
918
996
1117
1229
1367
1435
1398
1296
1119
1008
1046
1066
1169
1289
1461
1545
1496
1475
1358
1206
1133
1158
1223
1343
1433
1569
1594
1489
1419
1217
1123
1137
1164
1260
1377
1498
1576
1548
1411
1245
1103
1059
1067
1117
1240
1342
1447
1480
1409
1302
1118
1024
1073
1128
1241
1363
1449
1510
1499
1390
1234
1065
999
1112
1190
1327
1427
1525
1546
1405
1281
1154
1053
1060
1112
1171
1339
1426
1497
1471
1335
1226
1104
1035
1113
1181
1299
1425
1489
1515
1422
1328
1123
1049
973
1104
1211
1353
1452
1524
1512
1402
1248
1073
980
1048
1123
1247
1382
1461
1505
1466
1345
1159
1118
1042
1171
1253
1372
1453
1508
1501
1359
1280
1141
1032
1060
1150
1250
1388
1469
1514
1496
1357
1236
1127
1056
1135
1208
1351
1453
1506
1541
1472
1299
1181
1058
1029
1163
1259
1379
1432
1463
1416
1202
1071
968
926
1027
1125
1260
1383
1433
1430
1357
1199
1097
1006
980
1134
1230
1349
1389
1421
1392
1262
1170
1098
1008
1125
1206
1317
1429
1470
1487
1433
1280
1217
1090
1048
1179
1297
1427
1547
1592
1600
1508
1327
1213
1076
1079
1200
1299
1432
1509
1532
1468
1333
1163
1017
1015
1109
1254
1375
1500
1523
1480
1374
1211
981
937
905
1081
1207
1314
1424
1421
1373
1267
1117
1028
928
1005
1154
1282
1402
1462
1465
1400
1259
1139
1058
977
1068
1232
1358
1444
1467
1438
1335
1142
1046
954
948
1138
1296
1453
1553
1532
1464
1328
1163
1053
1025
1052
1263
1409
1512
1515
1474
1349
1195
1115
1033
1111
1195
1393
1498
1528
1456
1396
1282
1119
1032
1041
1088
1241
1339
1413
1461
1421
1353
1268
1170
1054
1058
1044
1247
1351
1445
1448
1456
1386
1279
1150
1087
1030
1093
1327
1444
1524
1484
1409
1250
1115
998
951
1005
1186
1337
1455
1504
1437
1357
1210
1034
1017
1001
1088
1298
1420
1483
1467
1367
1262
1180
1050
993
1088
1141
1333
1415
1457
1424
1377
1276
1192
1058
1085
1030
1119
1372
1464
1515
1487
1431
1314
1193
1098
1053
1044
1241
1355
1466
1528
1467
1356
1225
1058
984
1041
1122
1352
1484
1551
1518
1398
1265
1140
1021
1014
1015
1164
1354
1434
1452
1389
1288
1203
1106
975
1022
1057
1189
1335
1410
1440
1391
1327
1237
1103
1052
1029
1125
1278
1416
1514
1550
1469
1350
1222
1057
966
965
1063
1332
1504
1586
1568
1438
1290
1136
981
1046
1053
1282
1516
1625
1633
1527
1360
1208
1118
1036
1079
1135
1294
1491
1552
1523
1394
1275
1161
1074
1042
1044
1196
1318
1470
1509
1496
1375
1260
1150
1009
941
1001
1104
1337
1453
1501
1479
1354
1217
1092
990
943
1070
1219
1455
1567
1569
1488
1310
1137
1017
918
1008
1099
1309
1512
1591
1523
1383
1211
1083
1026
986
1102
1208
1332
1535
1535
1479
1313
1186
1098
1046
1055
1177
1260
1449
1553
1554
1488
1320
1212
1108
1045
1038
1129
1227
1463
1560
1573
1496
1322
1187
1061
1004
985
1179
1380
1588
1629
1558
1425
1213
1059
998
961
1105
1260
1428
1637
1592
1497
1338
1144
1048
1035
1034
1214
1312
1444
1537
1464
1372
1208
1089
1035
1027
1044
1166
1262
1322
1485
1452
1369
1245
1139
1073
1049
1062
1200
1281
1396
1548
1501
1406
1243
1108
1037
1020
1104
1213
1408
1586
1584
1508
1363
1178
1066
1041
1069
1143
1336
1426
1570
1521
1414
1278
1122
1053
1053
1087
1217
1361
1447
1526
1470
1378
1267
1142
1090
1136
1105
1239
1345
1414
1543
1473
1392
1250
1108
1044
1033
1081
1214
1293
1400
1502
1430
1302
1195
1070
1035
1068
1119
1307
1419
1508
1546
1446
1300
1181
1065
1050
1124
1190
1332
1480
1468
1477
1391
1265
1121
1072
1096
1164
1223
1371
1389
1438
1459
1394
1316
1202
1137
1161
1198
1262
1384
1457
1543
1518
1425
1317
1201
1111
1084
1160
1287
1387
1480
1551
1477
1400
1225
1098
1036
1060
1118
1270
1429
1441
1521
1411
1288
1159
1060
1029
1115
1164
1302
1382
1444
1456
1330
1215
1142
1056
1063
1141
1215
1320
1385
1389
1449
1353
1260
1181
1095
1088
1141
1177
1319
1370
1413
1421
1318
1222
1120
1051
1058
1131
1228
1330
1428
1473
1449
1366
1256
1158
1061
1094
1184
1261
1408
1478
1471
1405
1322
1202
1127
1080
1118
1206
1315
1454
1475
1422
1393
1290
1193
1133
1071
1138
1236
1302
1401
1460
1425
1388
1300
1235
1161
1117
1136
1238
1332
1427
1440
1416
1368
1273
1185
1112
1078
1124
1219
1340
1415
1415
1378
1332
1232
1134
1082
1056
1117
1269
1349
1423
1448
1388
1321
1227
1163
1123
1121
1171
1274
1359
1402
1409
1353
1283
1198
1137
1106
1112
1170
1280
1363
1438
1456
1399
1334
1231
1156
1095
1108
1157
1280
1363
1449
1464
1385
1314
1241
1147
1105
1124
1196
1337
1430
1449
1411
1401
1279
1189
1115
1071
1134
1202
1332
1379
1444
1406
1318
1259
1136
1092
1071
1116
1179
1309
1330
1447
1455
1345
1291
1200
1147
1118
1149
1211
1331
1370
1432
1368
1384
1269
1166
1096
1110
1131
1224
1367
1466
1442
1470
1369
1248
1142
1056
1086
1147
1263
1392
1475
1463
1455
1344
1265
1169
1132
1126
1197
1288
1404
1498
1490
1442
1314
1232
1122
1082
1093
1171
1255
1381
1472
1493
1425
1348
1210
1110
1046
1061
1153
1260
1382
1479
1449
1423
1298
1167
1063
1017
1033
1143
1287
1405
1478
1466
1417
1314
1135
1060
1021
1073
1182
1323
1426
1483
1448
1361
1212
1162
988
1020
1078
1182
1315
1422
1492
1440
1369
1314
1176
1077
1044
1108
1190
1339
1454
1526
1516
1428
1271
1116
1042
1006
1056
1203
1362
1469
1529
1504
1382
1249
1095
1030
1016
1129
1260
1413
1514
1549
1525
1380
1214
1080
1035
1045
1122
1246
1376
1479
1469
1473
1341
1234
1134
1049
1050
1117
1232
1364
1453
1495
1455
1356
1244
1074
1037
1055
1115
1253
1390
1495
1529
1477
1361
1248
1060
1011
1026
1097
1220
1351
1452
1475
1415
1318
1188
1075
1043
1026
1110
1248
1368
1444
1466
1420
1345
1234
1140
1084
1089
1152
1249
1363
1450
1481
1450
1374
1270
1153
1066
1076
1126
1192
1344
1423
1489
1466
1390
1286
1171
1091
1081
1123
1230
1332
1399
1451
1439
1353
1252
1132
1097
1089
1131
1234
1314
1397
1438
1435
1363
1264
1173
1115
1080
1113
1186
1277
1355
1388
1420
1370
1305
1204
1118
1098
1133
1177
1280
1350
1424
1445
1439
1332
1215
1136
1097
1116
1160
1278
1366
1443
1468
1424
1335
1200
1140
1109
1109
1157
1213
1321
1374
1398
1381
1298
1231
1153
1123
1120
1148
1209
1294
1368
1415
1395
1370
1301
1229
1179
1154
1164
1207
1290
1373
1431
1429
1378
1312
1211
1149
1064
1130
1170
1249
1335
1396
1400
1342
1275
1216
1172
1114
1107
1151
1205
1283
1344
1380
1355
1313
1254
1204
1144
1123
1160
1184
1262
1320
1368
1357
1346
1297
1235
1179
1122
1139
1171
1253
1330
1384
1409
1386
1342
1288
1178
1139
1125
1164
1216
1313
1359
1385
1389
1354
1281
1223
1161
1149
1181
1223
1284
1339
1381
1389
1381
1333
1251
1176
1095
1146
1162
1237
1301
1360
1433
1456
1380
1295
1193
1128
1092
1120
1201
1290
1373
1426
1431
1365
1264
1171
1108
1085
1111
1195
1262
1345
1406
1417
1368
1296
1213
1141
1101
1128
1166
1244
1326
1409
1441
1423
1351
1251
1161
1111
1094
1130
1216
1313
1427
1474
1458
1378
1254
1149
1097
1076
1124
1194
1311
1406
1458
1471
1391
1278
1185
1116
1106
1137
1199
1287
1418
1452
1460
1396
1324
1215
1142
1119
1117
1161
1273
1339
1409
1429
1408
1324
1198
1156
1094
1085
1138
1228
1329
1398
1468
1457
1368
1271
1178
1105
1101
1141
1227
1332
1427
1440
1424
1355
1267
1136
1129
1110
1142
1229
1298
1379
1427
1419
1370
1311
1242
1174
1136
1141
1217
1259
1347
1399
1427
1407
1346
1282
1198
1142
1152
1194
1245
1344
1384
1432
1415
1358
1277
1189
1164
1149
1172
1226
1297
1372
1361
1388
1347
1299
1238
1177
1182
1179
1203
1246
1292
1338
1354
1350
1302
1271
1198
1159
1146
1146
1176
1242
1304
1350
1368
1376
1295
1246
1178
1148
1155
1202
1243
1310
1371
1372
1358
1325
1239
1183
1158
1151
1176
1224
1292
1334
1359
1369
1325
1295
1252
1182
1178
1179
1203
1251
1313
1391
1401
1398
1358
1293
1239
1193
1178
1202
1259
1324
1395
1385
1419
1368
1293
1231
1168
1159
1182
1234
1292
1341
1390
1387
1350
1299
1241
1183
1175
1170
1222
1205
1295
1338
1370
1336
1324
1268
1210
1171
1138
1154
1180
1246
1305
1354
1372
1351
1284
1220
1163
1126
1125
1168
1245
1297
1365
1408
1362
1306
1234
1173
1125
1128
1164
1216
1252
1316
1356
1355
1333
1293
1249
1195
1163
1161
1176
1238
1297
1344
1382
1376
1350
1290
1220
1165
1125
1136
1179
1250
1334
1397
1416
1357
1300
1235
1147
1092
1115
1162
1239
1304
1372
1392
1396
1325
1277
1215
1150
1120
1127
1168
1235
1305
1366
1411
1409
1361
1292
1204
1126
1111
1154
1191
1286
1372
1435
1429
1392
1305
1191
1121
1083
1098
1167
1281
1363
1444
1471
1441
1358
1258
1172
1100
1084
1119
1140
1271
1356
1432
1439
1393
1328
1214
1141
1090
1078
1128
1214
1313
1441
1465
1471
1396
1282
1178
1056
1049
1077
1164
1300
1410
1479
1479
1421
1283
1202
1108
1056
1073
1142
1247
1374
1467
1490
1463
1389
1314
1182
1084
1057
1079
1137
1247
1369
1454
1478
1442
1353
1264
1115
1033
1020
1065
1167
1275
1408
1461
1461
1383
1285
1132
1073
1028
1065
1155
1265
1392
1440
1498
1461
1374
1251
1137
1070
1051
1075
1173
1289
1402
1470
1476
1434
1343
1209
1126
1047
1049
1116
1211
1348
1452
1510
1495
1441
1299
1178
1079
1044
1105
1156
1277
1393
1479
1492
1443
1348
1229
1113
1065
1064
1108
1198
1304
1380
1434
1433
1390
1294
1184
1097
1052
1065
1131
1229
1357
1442
1486
1485
1411
1302
1188
1125
1091
1107
1189
1286
1379
1439
1470
1438
1336
1255
1170
1111
1099
1124
1205
1275
1355
1413
1414
1361
1281
1204
1123
1081
1072
1144
1204
1289
1377
1422
1417
1362
1286
1183
1061
1056
1057
1103
1200
1298
1395
1453
1444
1368
1290
1197
1108
1069
1088
1164
1263
1372
1447
1476
1428
1345
1227
1129
1101
1085
1139
1243
1362
1453
1492
1515
1410
1301
1186
1098
1065
1089
1157
1263
1384
1447
1465
1435
1337
1235
1123
1078
1026
1127
1231
1339
1424
1467
1434
1385
1304
1200
1128
1092
1115
1202
1277
1361
1406
1412
1391
1304
1229
1172
1121
1123
1166
1236
1316
1377
1410
1404
1326
1300
1206
1174
1133
1145
1164
1248
1324
1384
1414
1427
1368
1295
1243
1161
1129
1141
1198
1286
1322
1383
1388
1362
1318
1244
1194
1155
1148
1173
1225
1283
1330
1367
1367
1322
1286
1213
1167
1135
1132
1174
1228
1301
1364
1381
1377
1342
1281
1210
1164
1148
1183
1213
1276
1310
1385
1379
1359
1317
1231
1175
1163
1170
1203
1280
1312
1344
1345
1355
1319
1275
1232
1209
1194
1212
1246
1290
1331
1349
1357
1335
1309
1270
1251
1233
1246
1252
1280
1316
1342
1335
1330
1308
1272
1242
1228
1227
1231
1273
1268
1289
1286
1282
1247
1267
1264
1276
1275
1272
1264
1273
1217
1224
1232
1245
1260
1293
1306
1321
1310
1301
1285
1271
1272
1268
1274
1291
1308
1310
1318
1308
1253
1273
1285
1269
1247
1253
1258
1290
1340
1311
1338
1308
1284
1257
1231
1214
1231
1243
1271
1299
1325
1320
1302
1260
1223
1202
1204
1225
1247
1290
1309
1317
1312
1297
1244
1220
1209
1228
1251
1289
1326
1342
1335
1321
1287
1252
1229
1222
1228
1255
1319
1324
1358
1357
1342
1330
1263
1236
1222
1216
1234
1261
1286
1325
1314
1330
1302
1250
1220
1202
1195
1224
1247
1277
1309
1342
1331
1306
1272
1241
1247
1237
1262
1287
1317
1337
1362
1348
1336
1311
1301
1309
1271
1255
1257
1259
1258
1276
1305
1317
1316
1321
1308
1284
1268
1255
1251
1239
1260
1257
1287
1298
1300
1311
1292
1267
1280
1257
1257
1251
1252
1264
1271
1288
1298
1308
1298
1306
1263
1233
1190
1203
1190
1225
1265
1288
1308
1317
1305
1270
1240
1216
1201
1215
1223
1258
1299
1316
1322
1304
1292
1267
1245
1235
1241
1241
1300
1291
1313
1315
1326
1314
1301
1288
1271
1268
1260
1276
1279
1305
1329
1275
1315
1296
1289
1261
1250
1242
1254
1267
1264
1320
1318
1318
1305
1251
1271
1250
1244
1250
1271
1306
1293
1300
1298
1269
1270
1261
1253
1249
1244
1250
1252
1270
1279
1270
1279
1268
1258
1262
1264
1273
1273
1279
1280
1296
1281
1275
1282
1281
1279
1282
1280
1268
1259
1251
1245
1236
1254
1258
1273
1291
1291
1305
1256
1265
1216
1225
1236
1256
1285
1289
1310
1306
1298
1244
1264
1249
1226
1229
1235
1263
1294
1302
1328
1307
1311
1270
1278
1234
1220
1227
1251
1243
1295
1317
1317
1290
1271
1253
1214
1205
1211
1232
1265
1295
1309
1323
1307
1263
1252
1220
1210
1208
1218
1255
1255
1295
1305
1298
1301
1278
1266
1242
1248
1248
1281
1282
1293
1309
1307
1299
1284
1261
1248
1222
1228
1245
1259
1272
1282
1287
1286
1269
1266
1258
1257
1289
1258
1280
1277
1269
1241
1261
1269
1267
1290
1309
1324
1332
1299
1266
1234
1212
1223
1224
1255
1286
1313
1332
1330
1305
1270
1233
1207
1191
1198
1228
1268
1299
1333
1298
1326
1301
1255
1216
1182
1183
1183
1230
1278
1310
1326
1322
1294
1259
1194
1187
1171
1185
1219
1261
1312
1335
1335
1349
1285
1251
1213
1200
1202
1212
1264
1293
1310
1320
1295
1265
1256
1242
1228
1246
1266
1286
1274
1294
1312
1281
1263
1250
1244
1236
1246
1266
1281
1285
1288
1274
1254
1241
1233
1219
1273
1251
1272
1294
1296
1281
1279
1271
1231
1206
1221
1241
1279
1307
1321
1320
1301
1273
1230
1212
1236
1254
1272
1297
1298
1327
1296
1249
1250
1220
1229
1257
1272
1296
1318
1315
1298
1249
1240
1214
1207
1222
1248
1277
1293
1308
1315
1306
1268
1253
1212
1207
1194
1237
1262
1297
1322
1330
1311
1284
1252
1209
1188
1198
1215
1246
1283
1325
1328
1338
1320
1262
1245
1213
1214
1232
1256
1272
1295
1301
1296
1269
1263
1247
1223
1263
1250
1253
1261
1256
1250
1243
1250
1253
1257
1267
1276
1274
1267
1265
1251
1250
1248
1259
1253
1264
1282
1295
1309
1287
1288
1276
1249
1225
1213
1211
1237
1260
1306
1332
1334
1332
1289
1243
1197
1182
1174
1204
1261
1307
1352
1371
1339
1301
1285
1194
1170
1171
1216
1268
1326
1375
1375
1353
1312
1258
1209
1192
1199
1218
1260
1314
1336
1357
1342
1307
1261
1223
1180
1157
1205
1244
1284
1319
1343
1356
1309
1270
1226
1193
1181
1191
1249
1266
1306
1312
1307
1286
1226
1217
1200
1216
1239
1271
1288
1297
1297
1289
1240
1265
1262
1260
1277
1284
1286
1266
1253
1237
1224
1255
1247
1243
1280
1298
1299
1289
1276
1246
1220
1210
1223
1238
1260
1290
1297
1315
1316
1300
1278
1251
1239
1212
1234
1233
1281
1311
1332
1336
1312
1280
1243
1212
1191
1222
1235
1274
1318
1329
1327
1308
1261
1225
1212
1215
1268
1290
1325
1356
1354
1325
1284
1248
1225
1210
1237
1248
1317
1311
1328
1327
1301
1275
1249
1188
1203
1220
1233
1250
1270
1301
1313
1303
1301
1252
1242
1227
1226
1235
1260
1273
1315
1344
1324
1324
1272
1253
1211
1225
1230
1247
1275
1282
1280
1276
1277
1264
1270
1276
1284
1305
1279
1270
1257
1251
1239
1254
1292
1315
1325
1322
1297
1278
1262
1217
1210
1225
1240
1302
1299
1309
1263
1303
1262
1246
1230
1220
1218
1228
1251
1249
1294
1303
1316
1315
1298
1249
1239
1236
1239
1245
1273
1297
1337
1332
1315
1289
1256
1230
1222
1217
1242
1260
1285
1300
1284
1279
1246
1214
1225
1241
1267
1278
1291
1292
1280
1252
1240
1240
1240
1265
1316
1324
1329
1333
1306
1284
1269
1257
1280
1274
1274
1278
1295
1312
1292
1254
1278
1261
1237
1228
1243
1238
1243
1279
1270
1311
1308
1292
1242
1210
1190
1201
1215
1254
1295
1323
1337
1302
1277
1238
1196
1194
1217
1253
1320
1317
1330
1329
1317
1257
1245
1205
1219
1235
1273
1307
1286
1316
1316
1291
1258
1253
1244
1218
1250
1252
1283
1294
1301
1320
1262
1267
1241
1239
1237
1250
1262
1285
1304
1292
1254
1265
1226
1206
1211
1208
1260
1292
1323
1326
1312
1280
1240
1214
1209
1241
1268
1307
1345
1351
1336
1301
1252
1218
1187
1202
1220
1277
1290
1286
1315
1304
1262
1264
1236
1225
1226
1243
1270
1288
1308
1324
1311
1295
1271
1241
1224
1220
1221
1239
1247
1308
1319
1311
1289
1242
1224
1194
1209
1224
1258
1300
1324
1332
1325
1263
1265
1229
1202
1216
1236
1267
1273
1305
1333
1304
1304
1270
1253
1237
1238
1232
1241
1245
1253
1267
1283
1273
1276
1267
1267
1251
1248
1250
1230
1266
1278
1297
1288
1306
1272
1261
1250
1253
1262
1278
1277
1281
1277
1275
1258
1229
1253
1261
1265
1256
1291
1259
1264
1258
1249
1252
1255
1268
1268
1286
1263
1251
1244
1250
1235
1269
1291
1295
1294
1283
1265
1239
1235
1272
1268
1290
1318
1333
1328
1315
1296
1271
1253
1246
1269
1261
1276
1279
1286
1291
1270
1264
1258
1243
1236
1222
1240
1202
1263
1278
1283
1281
1272
1256
1250
1227
1210
1217
1236
1259
1284
1293
1279
1263
1238
1210
1196
1200
1231
1267
1302
1309
1314
1294
1261
1237
1224
1229
1274
1288
1304
1312
1312
1284
1285
1252
1234
1244
1268
1284
1294
1318
1309
1293
1285
1271
1247
1245
1225
1250
1263
1284
1299
1294
1296
1286
1238
1240
1218
1206
1217
1249
1269
1306
1332
1304
1274
1240
1209
1180
1218
1235
1279
1319
1341
1331
1308
1287
1232
1246
1219
1244
1251
1314
1337
1337
1322
1284
1248
1225
1217
1226
1248
1275
1281
1298
1303
1291
1261
1235
1224
1210
1210
1212
1249
1276
1297
1309
1303
1286
1258
1241
1216
1224
1236
1266
1302
1327
1303
1304
1277
1238
1211
1202
1220
1245
1311
1315
1306
1287
1250
1197
1201
1210
1237
1233
1310
1331
1324
1303
1252
1217
1192
1198
1259
1260
1299
1319
1324
1320
1296
1260
1235
1220
1234
1236
1246
1267
1299
1304
1323
1310
1293
1253
1221
1210
1205
1234
1244
1300
1324
1323
1305
1266
1222
1193
1189
1201
1238
1293
1330
1332
1319
1278
1232
1200
1190
1207
1241
1299
1333
1351
1352
1288
1251
1209
1188
1191
1230
1259
1263
1321
1330
1322
1304
1275
1273
1224
1227
1228
1258
1289
1311
1337
1349
1346
1319
1284
1249
1225
1203
1236
1268
1296
1321
1328
1307
1273
1227
1209
1194
1208
1250
1283
1317
1318
1296
1263
1234
1198
1211
1229
1262
1288
1309
1306
1288
1261
1236
1224
1256
1240
1264
1264
1274
1270
1274
1273
1269
1286
1272
1263
1257
1254
1249
1228
1248
1260
1275
1285
1302
1282
1267
1263
1228
1242
1267
1281
1290
1275
1269
1258
1249
1259
1267
1284
1304
1309
1283
1272
1258
1236
1232
1243
1273
1290
1321
1332
1331
1285
1252
1237
1222
1211
1253
1292
1314
1319
1305
1283
1253
1227
1232
1241
1245
1277
1295
1297
1291
1283
1265
1263
1253
1255
1252
1260
1258
1263
1276
1287
1278
1298
1303
1265
1236
1218
1216
1203
1255
1287
1331
1344
1333
1303
1261
1230
1228
1225
1249
1282
1273
1324
1325
1309
1273
1254
1246
1246
1260
1264
1267
1268
1271
1282
1256
1255
1252
1280
1281
1270
1255
1269
1250
1231
1264
1277
1290
1289
1282
1268
1213
1247
1247
1251
1266
1274
1287
1273
1279
1261
1255
1282
1267
1276
1288
1286
1283
1268
1257
1251
1266
1287
1293
1325
1330
1284
1262
1241
1241
1245
1268
1304
1318
1317
1303
1282
1246
1226
1222
1231
1238
1282
1310
1325
1314
1289
1271
1264
1252
1259
1281
1277
1283
1290
1299
1296
1309
1300
1276
1274
1255
1238
1226
1225
1248
1269
1309
1326
1303
1308
1273
1243
1218
1221
1230
1266
1316
1334
1341
1329
1299
1255
1226
1214
1231
1239
1267
1285
1301
1328
1287
1283
1266
1260
1245
1253
1255
1255
1232
1268
1284
1289
1306
1298
1280
1262
1241
1216
1224
1232
1266
1287
1317
1308
1309
1279
1245
1213
1205
1220
1244
1288
1312
1330
1306
1296
1272
1248
1223
1223
1250
1248
1267
1286
1302
1294
1300
1307
1280
1273
1252
1240
1229
1258
1252
1257
1300
1320
1323
1315
1287
1267
1228
1221
1230
1264
1296
1330
1341
1328
1302
1281
1252
1233
1241
1260
1258
1297
1327
1299
1292
1276
1264
1245
1247
1246
1243
1255
1267
1255
1290
1297
1301
1291
1282
1262
1242
1231
1235
1251
1278
1308
1319
1326
1316
1324
1263
1238
1233
1244
1258
1290
1321
1311
1301
1282
1262
1248
1233
1238
1234
1266
1271
1271
1267
1266
1256
1255
1263
1250
1270
1270
1277
1260
1254
1253
1272
1292
1302
1298
1290
1270
1252
1254
1251
1255
1265
1287
1279
1282
1280
1261
1254
1264
1259
1270
1277
1283
1279
1295
1276
1221
1264
1265
1270
1272
1268
1265
1246
1247
1258
1267
1283
1289
1296
1280
1265
1247
1237
1240
1236
1261
1293
1298
1305
1296
1277
1263
1242
1242
1254
1272
1304
1333
1321
1326
1315
1314
1283
1245
1263
1261
1266
1271
1277
1285
1292
1283
1287
1277
1268
1279
1242
1237
1241
1265
1282
1302
1322
1317
1289
1262
1238
1225
1223
1242
1259
1286
1308
1313
1293
1269
1249
1201
1232
1217
1273
1289
1307
1314
1300
1294
1270
1263
1244
1251
1240
1266
1279
1286
1282
1293
1288
1282
1264
1258
1253
1237
1250
1262
1270
1287
1291
1287
1276
1262
1243
1230
1223
1239
1259
1276
1284
1294
1301
1270
1268
1251
1251
1235
1268
1273
1272
1291
1292
1277
1268
1269
1271
1264
1277
1259
1276
1272
1270
1272
1274
1262
1258
1263
1241
1263
1258
1261
1262
1256
1266
1269
1267
1267
1253
1272
1276
1281
1286
1277
1281
1275
1266
1253
1249
1261
1263
1289
1319
1303
1300
1301
1258
1239
1227
1231
1249
1264
1285
1298
1300
1295
1276
1264
1245
1179
1241
1260
1279
1285
1291
1297
1286
1287
1274
1256
1248
1237
1238
1245
1226
1270
1279
1289
1285
1265
1253
1251
1229
1255
1254
1260
1296
1306
1309
1291
1279
1252
1229
1223
1240
1256
1273
1297
1277
1292
1283
1264
1249
1239
1242
1242
1271
1272
1281
1280
1279
1283
1256
1254
1248
1244
1243
1247
1254
1275
1282
1288
1284
1282
1262
1264
1262
1262
1263
1286
1280
1289
1279
1276
1261
1254
1246
1253
1253
1270
1277
1278
1280
1266
1260
1260
1240
1278
1282
1266
1274
1267
1272
1266
1265
1265
1272
1268
1276
1274
1268
1268
1263
1250
1245
1271
1251
1251
1251
1258
1233
1259
1238
1255
1249
1253
1251
1245
1266
1247
1279
1291
1299
1316
1298
1283
1273
1247
1251
1269
1265
1283
1306
1292
1308
1300
1283
1256
1237
1230
1216
1249
1264
1280
1272
1283
1276
1253
1240
1224
1240
1226
1241
1256
1272
1287
1285
1282
1270
1261
1242
1237
1232
1234
1252
1267
1285
1303
1292
1263
1261
1248
1235
1223
1239
1250
1273
1292
1308
1298
1279
1261
1229
1226
1247
1239
1257
1275
1289
1292
1272
1284
1264
1250
1284
1256
1248
1257
1252
1258
1276
1295
1279
1278
1262
1257
1238
1244
1223
1243
1266
1284
1291
1299
1281
1272
1255
1254
1235
1263
1283
1289
1284
1281
1279
1255
1273
1244
1242
1249
1254
1259
1261
1265
1275
1255
1262
1256
1253
1260
1246
1255
1274
1263
1260
1263
1273
1269
1258
1261
1206
1240
1263
1245
1253
1262
1279
1253
1273
1294
1249
1243
1233
1237
1235
1253
1282
1286
1288
1284
1294
1265
1262
1260
1246
1268
1271
1274
1273
1273
1270
1261
1259
1235
1275
1274
1265
1259
1264
1277
1265
1279
1276
1268
1268
1258
1248
1247
1259
1259
1267
1295
1269
1268
1257
1247
1247
1264
1265
1273
1279
1273
1272
1263
1272
1222
1244
1265
1279
1305
1285
1281
1271
1250
1247
1242
1248
1261
1276
1282
1293
1282
1256
1259
1255
1253
1244
1255
1264
1280
1316
1300
1302
1302
1292
1282
1261
1256
1236
1250
1267
1287
1301
1313
1335
1295
1267
1235
1213
1208
1220
1244
1280
1317
1313
1331
1285
1264
1230
1222
1222
1229
1269
1289
1302
1302
1312
1275
1250
1239
1235
1235
1252
1276
1284
1288
1294
1274
1278
1253
1253
1244
1239
1249
1246
1276
1290
1302
1292
1291
1275
1252
1247
1249
1258
1277
1300
1284
1308
1298
1274
1245
1235
1246
1244
1290
1295
1308
1311
1297
1286
1246
1239
1237
1249
1263
1298
1316
1316
1310
1289
1278
1258
1252
1252
1259
1279
1292
1333
1315
1302
1299
1280
1255
1249
1227
1247
1257
1275
1307
1312
1318
1310
1313
1238
1229
1235
1235
1260
1277
1312
1328
1325
1290
1269
1251
1227
1217
1237
1246
1275
1296
1307
1298
1284
1271
1240
1250
1279
1273
1285
1294
1297
1288
1291
1280
1279
1251
1270
1255
1268
1274
1278
1281
1285
1262
1277
1292
1266
1261
1249
1264
1260
1284
1288
1290
1284
1277
1259
1253
1235
1259
1277
1311
1323
1320
1302
1281
1260
1240
1243
1267
1285
1310
1322
1318
1316
1289
1259
1249
1248
1250
1263
1289
1292
1300
1298
1292
1288
1261
1255
1239
1243
1263
1258
1271
1284
1288
1289
1286
1275
1249
1246
1256
1245
1253
1284
1295
1308
1312
1264
1254
1267
1255
1248
1257
1285
1300
1322
1332
1311
1303
1284
1280
1257
1247
1300
1301
1306
1313
1289
1279
1260
1263
1288
1272
1280
1287
1285
1281
1274
1273
1261
1257
1256
1256
1255
1262
1265
1273
1276
1282
1299
1295
1270
1260
1247
1251
1250
1277
1296
1305
1312
1301
1311
1269
1270
1249
1253
1276
1279
1296
1303
1288
1282
1264
1262
1255
1262
1266
1269
1280
1284
1277
1267
1267
1267
1286
1278
1278
1284
1276
1274
1270
1266
1261
1263
1265
1279
1309
1282
1299
1282
1281
1269
1279
1263
1276
1271
1277
1273
1279
1279
1293
1305
1304
1294
1290
1274
1259
1253
1252
1276
1246
1298
1300
1290
1299
1259
1241
1241
1247
1245
1267
1283
1290
1271
1283
1268
1264
1283
1267
1269
1273
1279
1271
1276
1292
1287
1289
1303
1294
1284
1280
1274
1236
1261
1282
1272
1282
1288
1288
1282
1279
1266
1263
1262
1266
1276
1274
1286
1287
1279
1281
1264
1268
1269
1270
1268
1260
1259
1246
1258
1254
1257
1258
1255
1267
1244
1249
1252
1257
1267
1275
1293
1290
1288
1284
1291
1284
1268
1270
1282
1294
1293
1337
1299
1289
1270
1261
1250
1261
1258
1280
1286
1290
1288
1266
1258
1255
1229
1241
1252
1258
1265
1265
1273
1269
1274
1260
1276
1275
1269
1268
1256
1262
1257
1278
1267
1296
1298
1293
1285
1278
1270
1268
1253
1276
1290
1293
1292
1281
1282
1265
1269
1265
1270
1283
1288
1289
1285
1218
1262
1254
1258
1268
1263
1287
1294
1297
1313
1277
1269
1259
1260
1266
1272
1284
1291
1268
1290
1292
1276
1269
1266
1242
1252
1249
1250
1254
1259
1275
1269
1279
1264
1273
1254
1255
1264
1259
1273
1278
1288
1289
1284
1271
1263
1263
1261
1267
1268
1284
1283
1278
1259
1250
1240
1249
1271
1267
1283
1285
1288
1278
1289
1273
1222
1259
1276
1277
1284
1288
1291
1314
1288
1273
1294
1275
1243
1260
1255
1262
1264
1285
1293
1301
1305
1297
1286
1270
1266
1263
1264
1262
1291
1300
1310
1298
1294
1267
1268
1255
1254
1281
1281
1275
1282
1281
1266
1256
1253
1248
1255
1259
1258
1269
1300
1260
1261
1265
1263
1256
1274
1281
1278
1278
1289
1288
1272
1272
1278
1261
1267
1264
1265
1264
1268
1288
1276
1283
1247
1279
1275
1248
1252
1258
1257
1262
1280
1287
1284
1262
1270
1271
1261
1251
1266
1267
1294
1266
1266
1268
1261
1262
1280
1275
1273
1277
1280
1272
1269
1272
1266
1263
1268
1287
1270
1271
1284
1274
1261
1279
1262
1259
1281
1256
1256
1272
1271
1259
1265
1269
1259
1256
1254
1252
1242
1263
1260
1268
1275
1274
1266
1281
1275
1239
1256
1252
1253
1258
1256
1274
1275
1275
1272
1253
1260
1252
1250
1261
1253
1264
1265
1266
1270
1267
1268
1257
1279
1291
1273
1270
1269
1271
1274
1280
1286
1297
1290
1287
1285
1270
1263
1269
1268
1273
1292
1294
1292
1290
1283
1257
1262
1252
1245
1257
1269
1275
1272
1273
1289
1240
1258
1255
1277
1242
1257
1263
1261
1265
1272
1278
1284
1282
1274
1264
1265
1260
1254
1261
1272
1277
1289
1286
1284
1255
1262
1256
1256
1258
1269
1276
1280
1290
1304
1282
1288
1272
1274
1278
1265
1273
1285
1282
1282
1288
1278
1295
1274
1278
1271
1226
1269
1265
1257
1263
1262
1269
1267
1277
1270
1266
1262
1250
1249
1253
1251
1265
1273
1280
1277
1273
1278
1263
1267
1293
1265
1268
1266
1260
1269
1283
1289
1282
1305
1286
1272
1262
1252
1247
1245
1257
1271
1284
1295
1291
1283
1270
1261
1240
1249
1258
1253
1283
1295
1307
1296
1298
1292
1264
1262
1267
1268
1287
1288
1277
1286
1297
1288
1272
1264
1259
1259
1268
1272
1275
1289
1299
1295
1282
1271
1276
1235
1242
1232
1238
1256
1283
1270
1291
1301
1260
1264
1228
1225
1234
1254
1291
1291
1314
1312
1289
1270
1250
1237
1229
1236
1261
1281
1301
1304
1298
1288
1280
1253
1261
1256
1258
1263
1272
1277
1278
1288
1281
1251
1270
1273
1251
1256
1250
1257
1281
1270
1269
1257
1259
1249
1257
1260
1261
1255
1273
1301
1281
1269
1263
1235
1242
1246
1256
1266
1277
1292
1288
1276
1285
1253
1244
1250
1263
1290
1282
1303
1299
1289
1282
1271
1259
1260
1261
1256
1268
1278
1289
1263
1281
1278
1264
1280
1264
1266
1266
1260
1263
1263
1266
1261
1264
1260
1259
1253
1253
1257
1264
1267
1274
1311
1277
1265
1252
1250
1245
1258
1276
1278
1288
1287
1280
1270
1268
1250
1236
1256
1258
1288
1282
1279
1278
1267
1243
1241
1257
1264
1267
1267
1278
1285
1282
1284
1272
1265
1268
1283
1255
1261
1263
1258
1259
1270
1269
1274
1267
1257
1257
1267
1247
1265
1262
1268
1263
1273
1264
1212
1254
1258
1276
1263
1292
1276
1271
1270
1283
1260
1240
1250
1259
1262
1281
1261
1285
1284
1275
1267
1265
1263
1275
1277
1297
1296
1294
1303
1273
1255
1243
1249
1237
1284
1283
1282
1275
1283
1280
1266
1261
1231
1245
1250
1254
1262
1296
1290
1288
1308
1288
1273
1261
1258
1247
1278
1292
1297
1295
1314
1300
1280
1269
1259
1238
1251
1266
1288
1290
1292
1291
1280
1263
1244
1250
1253
1260
1248
1276
1294
1281
1282
1276
1263
1263
1259
1261
1265
1270
1281
1272
1279
1280
1278
1278
1277
1276
1298
1283
1283
1263
1289
1284
1286
1283
1271
1261
1246
1250
1252
1255
1266
1266
1283
1299
1266
1261
1255
1256
1256
1266
1282
1281
1283
1283
1276
1272
1270
1269
1272
1275
1276
1290
1298
1280
1282
1254
1262
1228
1264
1269
1278
1282
1273
1297
1276
1261
1275
1275
1282
1255
1279
1287
1273
1292
1291
1284
1277
1257
1243
1262
1265
1288
1273
1283
1277
1269
1263
1253
1246
1236
1227
1244
1248
1251
1266
1268
1255
1261
1260
1254
1247
1250
1273
1279
1289
1292
1299
1290
1272
1267
1271
1268
1268
1266
1267
1291
1302
1286
1278
1273
1259
1252
1234
1262
1260
1277
1291
1276
1293
1292
1284
1264
1255
1252
1247
1262
1274
1266
1279
1271
1259
1263
1245
1244
1239
1253
1281
1275
1286
1291
1274
1280
1278
1257
1258
1262
1270
1258
1285
1291
1290
1292
1281
1208
1267
1269
1258
1266
1269
1265
1271
1283
1277
1261
1249
1239
1248
1241
1219
1267
1274
1300
1284
1278
1272
1258
1252
1268
1256
1261
1265
1280
1284
1285
1292
1296
1263
1255
1258
1255
1266
1279
1286
1283
1279
1278
1264
1258
1256
1249
1262
1268
1243
1283
1289
1287
1276
1271
1266
1270
1271
1276
1292
1295
1301
1293
1288
1282
1252
1263
1257
1257
1263
1264
1281
1283
1286
1282
1268
1265
1255
1252
1257
1275
1266
1279
1283
1288
1282
1280
1262
1251
1279
1258
1260
1259
1292
1272
1277
1283
1274
1253
1248
1256
1253
1250
1256
1262
1266
1264
1256
1269
1269
1268
1252
1268
1255
1280
1275
1285
1279
1274
1272
1269
1271
1265
1270
1269
1280
1279
1297
1271
1270
1277
1262
1260
1241
1237
1262
1271
1278
1276
1275
1271
1257
1254
1256
1254
1239
1262
1261
1275
1287
1283
1277
1273
1260
1262
1250
1252
1239
1267
1276
1293
1289
1292
1284
1266
1264
1251
1252
1257
1263
1274
1286
1291
1298
1283
1282
1262
1266
1242
1258
1263
1266
1278
1277
1284
1280
1272
1263
1265
1259
1252
1259
1266
1281
1272
1310
1282
1272
1270
1259
1253
1257
1272
1262
1266
1267
1268
1259
1263
1264
1244
1271
1271
1284
1281
1274
1273
1264
1267
1261
1267
1273
1280
1280
1287
1280
1271
1280
1272
1275
1275
1275
1285
1288
1289
1291
1279
1280
1275
1266
1262
1243
1270
1279
1282
1280
1280
1281
1274
1264
1257
1196
1248
1254
1267
1268
1276
1281
1277
1273
1303
1265
1256
1276
1268
1234
1278
1287
1289
1286
1279
1272
1262
1256
1257
1249
1270
1278
1277
1280
1279
1275
1264
1262
1246
1260
1266
1273
1276
1278
1280
1267
1266
1262
1258
1258
1284
1268
1266
1267
1270
1259
1273
1266
1257
1254
1248
1254
1272
1265
1274
1272
1272
1270
1263
1265
1237
1262
1266
1277
1284
1285
1285
1279
1275
1260
1271
1266
1262
1272
1270
1280
1277
1283
1274
1269
1268
1249
1259
1263
1263
1267
1276
1285
1283
1290
1280
1280
1256
1252
1258
1253
1260
1275
1270
1277
1286
1272
1252
1257
1248
1247
1253
1295
1269
1280
1322
1287
1304
1271
1262
1258
1263
1266
1272
1280
1273
1286
1281
1279
1271
1244
1259
1254
1266
1266
1269
1274
1273
1287
1247
1280
1274
1266
1275
1257
1263
1270
1271
1269
1270
1278
1268
1268
1269
1273
1265
1283
1271
1271
1273
1265
1249
1260
1282
1265
1257
1259
1264
1243
1266
1276
1268
1261
1261
1275
1258
1266
1273
1277
1280
1263
1277
1282
1274
1246
1261
1274
1270
1282
1263
1284
1290
1290
1280
1269
1241
1264
1270
1265
1266
1266
1270
1272
1277
1277
1274
1271
1247
1270
1269
1269
1302
1289
1275
1275
1281
1269
1268
1273
1271
1296
1275
1276
1279
1271
1268
1259
1262
1276
1264
1267
1269
1271
1264
1269
1271
1269
1261
1267
1265
1269
1271
1280
1281
1281
1232
1273
1271
1269
1271
1267
1278
1274
1282
1284
1282
1278
1270
1266
1264
1234
1272
1262
1268
1280
1273
1277
1262
1270
1310
1253
1255
1271
1257
1262
1266
1279
1273
1276
1267
1266
1251
1249
1245
1250
1260
1263
1267
1277
1263
1267
1263
1268
1243
1261
1264
1265
1271
1276
1282
1284
1293
1265
1275
1283
1274
1272
1276
1271
1278
1294
1286
1279
1277
1276
1266
1265
1272
1267
1260
1266
1266
1266
1278
1270
1261
1259
1264
1241
1267
1268
1273
1262
1265
1280
1269
1271
1278
1280
1271
1275
1269
1265
1257
1255
1264
1265
1268
1271
1267
1279
1272
1266
1259
1242
1242
1251
1256
1246
1268
1281
1286
1260
1271
1275
1248
1243
1240
1243
1257
1255
1267
1294
1271
1268
1297
1257
1248
1243
1250
1253
1264
1291
1287
1284
1279
1268
1254
1245
1249
1223
1260
1273
1291
1294
1313
1279
1261
1253
1233
1262
1249
1260
1272
1281
1289
1293
1276
1258
1253
1241
1230
1231
1236
1254
1266
1274
1275
1267
1254
1226
1221
1226
1231
1241
1258
1243
1282
1290
1286
1275
1249
1247
1240
1245
1255
1262
1278
1286
1289
1328
1276
1260
1242
1250
1246
1233
1261
1274
1274
1273
1275
1271
1256
1232
1238
1249
1258
1264
1265
1270
1277
1253
1266
1246
1258
1256
1253
1256
1256
1264
1259
1265
1267
1265
1275
1258
1257
1261
1251
1252
1255
1257
1254
1251
1255
1245
1256
1288
1268
1268
1266
1259
1255
1254
1265
1230
1262
1264
1266
1272
1266
1260
1245
1240
1227
1255
1243
1247
1256
1266
1262
1258
1261
1241
1242
1242
1237
1241
1244
1255
1278
1274
1278
1279
1267
1258
1240
1244
1240
1252
1258
1268
1278
1278
1283
1282
1260
1248
1245
1247
1253
1279
1279
1296
1285
1308
1258
1252
1246
1245
1230
1245
1263
1261
1274
1269
1265
1256
1254
1221
1216
1244
1254
1256
1263
1265
1265
1253
1263
1229
1266
1258
1246
1253
1251
1258
1252
1286
1259
1257
1261
1255
1251
1251
1244
1256
1259
1262
1265
1265
1267
1267
1264
1283
1268
1271
1259
1260
1253
1257
1260
1260
1258
1258
1285
1257
1270
1272
1256
1258
1264
1254
1262
1265
1276
1270
1278
1273
1249
1255
1253
1250
1246
1257
1259
1247
1272
1269
1263
1259
1252
1242
1242
1246
1221
1253
1260
1260
1284
1267
1263
1247
1256
1248
1228
1239
1240
1247
1255
1249
1263
1259
1248
1246
1223
1239
1236
1246
1275
1269
1268
1268
1265
1263
1252
1259
1259
1256
1269
1251
1267
1268
1282
1273
1265
1236
1266
1260
1259
1263
1261
1259
1255
1264
1262
1272
1261
1253
1262
1247
1221
1244
1248
1257
1251
1262
1261
1250
1248
1251
1243
1249
1243
1252
1253
1261
1265
1262
1260
1264
1258
1257
1259
1235
1260
1265
1273
1274
1277
1278
1284
1293
1280
1272
1272
1262
1233
1259
1261
1277
1267
1275
1265
1260
1259
1242
1233
1240
1252
1241
1221
1269
1267
1258
1257
1245
1246
1237
1250
1247
1255
1264
1256
1264
1275
1273
1262
1259
1254
1248
1244
1247
1225
1260
1294
1272
1270
1262
1249
1238
1263
1248
1249
1258
1295
1285
1279
1274
1268
1253
1246
1246
1251
1265
1260
1267
1244
1264
1265
1260
1258
1255
1249
1251
1257
1257
1269
1270
1290
1279
1276
1276
1267
1250
1249
1259
1254
1262
1264
1269
1266
1290
1272
1254
1246
1231
1245
1247
1251
1257
1250
1261
1259
1254
1232
1253
1251
1258
1256
1269
1263
1259
1256
1257
1249
1259
1243
1240
1287
1266
1266
1252
1259
1262
1258
1269
1272
1274
1278
1270
1273
1260
1266
1252
1259
1266
1261
1261
1261
1262
1256
1260
1259
1259
1261
1259
1254
1261
1259
1264
1303
1276
1282
1273
