1303
1297
1298
1284
1227
1230
1244
1247
1238
1235
1240
1239
1226
1247
1230
1231
1243
1228
1221
1238
1246
1268
1248
1252
1247
1260
1257
1277
1257
1277
1280
1281
1286
1279
1299
1279
1283
1335
1310
1294
1283
1283
1275
1277
1276
1270
1264
1261
1260
1231
1246
1243
1229
1241
1238
1246
1240
1243
1241
1237
1246
1232
1252
1253
1239
1256
1252
1259
1256
1263
1256
1234
1266
1254
1255
1259
1250
1249
1257
1255
1251
1273
1259
1239
1242
1261
1254
1250
1249
1251
1245
1251
1247
1238
1245
1254
1251
1244
1242
1245
1240
1247
1294
1271
1260
1262
1262
1254
1268
1277
1273
1272
1270
1267
1258
1280
1263
1262
1259
1254
1254
1256
1253
1250
1241
1242
1244
1267
1248
1251
1246
1259
1255
1227
1248
1240
1245
1246
1228
1230
1226
1225
1230
1229
1235
1240
1234
1241
1245
1242
1246
1257
1262
1278
1280
1256
1259
1269
1258
1266
1289
1272
1277
1282
1291
1274
1304
1312
1319
1316
1275
1323
1306
1304
1335
1299
1292
1284
1283
1279
1285
1296
1316
1329
1346
1371
1373
1388
1370
1334
1318
1293
1231
1206
1200
1177
1130
1093
1044
1013
990
970
971
980
1021
1042
1082
1118
1151
1188
1223
1265
1314
1375
1439
1485
1540
1538
1480
1435
1380
1342
1286
1273
1255
1234
1233
1241
1265
1271
1254
1259
1270
1297
1316
1368
1398
1419
1446
1461
1445
1431
1406
1388
1362
1349
1361
1333
1308
1273
1243
1189
1157
1130
1117
1067
1088
1082
1071
1072
1080
1075
1088
1108
1111
1121
1136
1146
1154
1180
1184
1200
1224
1251
1259
1274
1298
1314
1247
1349
1361
1378
1376
1379
1380
1373
1351
1324
1329
1307
1287
1267
1264
1262
1256
1251
1256
1232
1235
1226
1225
1216
1192
1213
1220
1210
1214
1214
1187
1221
1214
1234
1201
1188
1184
1197
1205
1219
1235
1289
1247
1248
1264
1268
1266
1285
1278
1291
1285
1286
1300
1249
1263
1262
1270
1284
1265
1290
1310
1329
1312
1380
1379
1406
1400
1408
1396
1362
1337
1294
1252
1229
1219
1226
1184
1171
1158
1131
1133
1109
1135
1132
1137
1154
1169
1200
1211
1249
1278
1297
1313
1336
1346
1355
1274
1330
1309
1296
1275
1249
1216
1208
1192
1190
1191
1199
1212
1205
1251
1279
1299
1322
1317
1328
1332
1341
1358
1404
1414
1420
1466
1433
1426
1450
1392
1351
1313
1287
1279
1227
1206
1186
1177
1179
1187
1185
1207
1221
1237
1221
1240
1246
1254
1255
1220
1239
1220
1209
1200
1186
1191
1180
1177
1182
1188
1194
1171
1203
1206
1203
1230
1249
1284
1251
1291
1307
1315
1335
1355
1352
1372
1377
1374
1369
1387
1335
1318
1300
1286
1272
1264
1254
1252
1233
1269
1279
1279
1311
1317
1335
1323
1323
1325
1306
1289
1280
1275
1279
1228
1228
1223
1204
1213
1207
1211
1221
1234
1245
1248
1235
1249
1246
1258
1285
1295
1302
1305
1320
1305
1314
1262
1259
1251
1244
1224
1209
1225
1220
1205
1209
1225
1217
1260
1220
1263
1264
1269
1266
1262
1263
1268
1244
1283
1261
1240
1228
1243
1264
1264
1303
1322
1330
1325
1309
1296
1274
1256
1265
1213
1205
1185
1174
1155
1153
1173
1141
1175
1192
1216
1237
1255
1254
1265
1285
1320
1349
1367
1383
1415
1395
1387
1377
1368
1354
1345
1322
1292
1265
1247
1202
1149
1137
1137
1148
1184
1196
1215
1234
1248
1268
1270
1306
1331
1341
1312
1306
1325
1301
1281
1268
1265
1230
1240
1235
1219
1206
1177
1162
1161
1170
1186
1208
1238
1244
1254
1259
1266
1256
1286
1309
1309
1297
1285
1250
1256
1214
1214
1214
1227
1231
1255
1249
1257
1263
1263
1283
1322
1331
1340
1369
1339
1335
1325
1316
1310
1302
1298
1286
1270
1251
1224
1209
1193
1163
1199
1220
1235
1248
1257
1246
1223
1252
1265
1250
1286
1278
1275
1251
1270
1247
1216
1214
1215
1240
1225
1219
1198
1191
1198
1211
1219
1224
1246
1260
1263
1266
1242
1238
1254
1271
1279
1302
1299
1305
1291
1266
1248
1249
1258
1233
1285
1297
1301
1277
1276
1274
1266
1281
1326
1306
1314
1301
1292
1264
1301
1269
1297
1308
1316
1289
1302
1279
1260
1218
1262
1265
1280
1300
1304
1291
1274
1256
1224
1234
1232
1252
1259
1221
1214
1196
1199
1191
1230
1267
1302
1329
1349
1320
1285
1286
1281
1278
1324
1302
1294
1284
1261
1243
1200
1193
1219
1238
1258
1268
1246
1227
1214
1206
1200
1221
1245
1251
1273
1305
1261
1240
1231
1237
1239
1267
1304
1278
1261
1242
1228
1221
1228
1242
1272
1280
1284
1293
1245
1227
1218
1214
1237
1261
1296
1320
1316
1313
1289
1284
1276
1301
1317
1328
1338
1316
1297
1262
1261
1271
1282
1290
1300
1302
1267
1257
1239
1219
1242
1271
1282
1279
1305
1278
1257
1243
1223
1236
1244
1249
1261
1254
1200
1179
1177
1192
1198
1222
1275
1272
1276
1291
1251
1270
1212
1270
1263
1281
1286
1268
1242
1198
1173
1172
1141
1234
1220
1237
1234
1222
1204
1202
1232
1263
1314
1345
1359
1373
1339
1312
1269
1297
1311
1332
1337
1322
1316
1257
1237
1216
1211
1249
1269
1278
1280
1253
1225
1196
1221
1219
1234
1269
1310
1280
1266
1250
1224
1224
1235
1269
1290
1271
1275
1273
1216
1192
1211
1205
1227
1249
1270
1263
1250
1224
1201
1187
1213
1242
1272
1294
1279
1256
1250
1218
1205
1247
1291
1341
1364
1355
1329
1322
1306
1319
1330
1340
1358
1350
1321
1260
1218
1184
1172
1193
1245
1254
1245
1250
1230
1213
1193
1218
1269
1310
1349
1333
1342
1314
1281
1256
1278
1323
1347
1371
1348
1317
1258
1215
1215
1217
1240
1266
1279
1278
1249
1218
1182
1175
1202
1239
1260
1290
1250
1247
1224
1195
1193
1208
1213
1304
1300
1294
1271
1233
1202
1199
1220
1269
1299
1312
1305
1243
1192
1171
1182
1213
1240
1267
1290
1288
1255
1223
1211
1226
1240
1290
1304
1316
1324
1288
1252
1227
1239
1301
1329
1346
1371
1332
1290
1253
1237
1237
1274
1315
1353
1346
1316
1264
1232
1210
1225
1239
1304
1335
1336
1306
1293
1214
1183
1183
1219
1241
1283
1265
1240
1180
1167
1157
1175
1246
1258
1284
1273
1233
1196
1153
1152
1211
1282
1296
1309
1313
1270
1245
1225
1221
1208
1282
1316
1361
1288
1278
1213
1173
1165
1233
1269
1318
1351
1304
1282
1230
1192
1206
1223
1292
1320
1341
1312
1297
1243
1194
1242
1255
1332
1358
1365
1329
1268
1214
1185
1192
1221
1233
1275
1282
1289
1223
1185
1150
1183
1232
1276
1310
1304
1270
1227
1169
1137
1197
1214
1285
1335
1327
1291
1241
1218
1224
1251
1307
1331
1355
1345
1305
1242
1211
1210
1239
1300
1311
1342
1304
1278
1216
1180
1141
1227
1258
1298
1324
1301
1277
1200
1169
1205
1199
1288
1342
1354
1348
1302
1252
1242
1241
1307
1340
1379
1377
1330
1276
1241
1223
1214
1278
1338
1357
1379
1338
1288
1213
1194
1208
1260
1310
1337
1340
1299
1240
1185
1172
1207
1241
1209
1324
1335
1283
1213
1168
1125
1192
1218
1288
1329
1322
1285
1226
1194
1195
1245
1277
1330
1355
1341
1285
1213
1112
1121
1167
1224
1318
1359
1310
1266
1215
1173
1100
1200
1210
1318
1323
1297
1265
1204
1171
1171
1243
1264
1343
1372
1341
1294
1227
1171
1172
1257
1246
1353
1358
1333
1269
1222
1205
1223
1255
1285
1384
1365
1346
1244
1215
1191
1192
1256
1250
1332
1345
1304
1237
1195
1179
1183
1178
1261
1330
1313
1265
1196
1172
1148
1185
1223
1341
1354
1340
1300
1242
1205
1170
1219
1232
1319
1384
1348
1296
1222
1194
1182
1221
1253
1367
1377
1348
1290
1218
1214
1147
1216
1249
1367
1367
1337
1289
1215
1190
1174
1221
1266
1388
1398
1350
1290
1212
1182
1199
1234
1267
1367
1376
1312
1235
1183
1130
1159
1223
1253
1361
1346
1276
1234
1171
1155
1162
1230
1258
1354
1356
1302
1233
1186
1194
1199
1226
1300
1367
1356
1324
1230
1197
1154
1187
1275
1318
1417
1395
1338
1262
1235
1205
1276
1286
1329
1419
1375
1300
1220
1196
1155
1211
1231
1327
1390
1351
1284
1203
1171
1128
1213
1215
1298
1346
1304
1259
1163
1148
1125
1210
1257
1288
1362
1319
1262
1176
1173
1151
1204
1274
1292
1389
1333
1285
1210
1220
1189
1254
1291
1331
1402
1354
1290
1217
1204
1204
1243
1267
1383
1366
1310
1251
1156
1144
1145
1218
1265
1329
1323
1264
1181
1124
1113
1172
1194
1233
1331
1319
1280
1209
1159
1153
1198
1191
1267
1373
1338
1287
1209
1167
1140
1149
1221
1257
1366
1335
1278
1203
1177
1189
1170
1285
1299
1417
1377
1327
1223
1220
1186
1264
1314
1350
1416
1369
1305
1212
1191
1170
1191
1274
1296
1384
1335
1280
1214
1189
1165
1258
1285
1310
1392
1336
1281
1203
1196
1179
1261
1310
1333
1389
1336
1279
1200
1200
1205
1264
1273
1325
1378
1312
1257
1177
1168
1156
1243
1274
1301
1360
1321
1268
1219
1226
1236
1261
1315
1398
1387
1320
1253
1173
1116
1159
1225
1271
1331
1282
1244
1180
1126
1102
1156
1207
1268
1357
1336
1283
1209
1190
1158
1261
1293
1351
1434
1418
1342
1273
1245
1243
1259
1357
1364
1456
1414
1341
1245
1241
1238
1281
1281
1338
1381
1331
1257
1171
1146
1130
1166
1202
1250
1314
1263
1208
1121
1110
1106
1142
1192
1223
1282
1252
1214
1164
1173
1165
1218
1284
1354
1352
1349
1274
1270
1241
1245
1315
1342
1456
1445
1376
1314
1257
1209
1232
1263
1317
1379
1340
1269
1126
1167
1123
1159
1182
1277
1362
1335
1277
1134
1222
1148
1194
1271
1310
1426
1398
1345
1198
1295
1198
1260
1336
1311
1432
1382
1328
1199
1239
1159
1230
1237
1331
1357
1310
1187
1105
1175
1123
1166
1218
1318
1328
1302
1236
1142
1208
1178
1206
1287
1387
1360
1303
1172
1134
1194
1126
1161
1220
1319
1310
1270
1172
1125
1203
1143
1210
1281
1377
1364
1323
1211
1178
1245
1236
1266
1230
1400
1390
1328
1217
1174
1228
1222
1252
1302
1414
1390
1328
1220
1262
1240
1224
1305
1378
1425
1387
1315
1223
1247
1149
1221
1240
1294
1378
1348
1259
1194
1200
1128
1134
1185
1269
1340
1309
1243
1130
1208
1156
1168
1255
1354
1370
1341
1197
1157
1235
1195
1223
1278
1386
1400
1361
1222
1209
1254
1197
1235
1248
1388
1380
1329
1207
1134
1199
1143
1148
1225
1324
1338
1303
1193
1138
1211
1168
1202
1304
1413
1407
1369
1240
1203
1267
1230
1243
1353
1409
1402
1241
1216
1176
1255
1195
1252
1376
1402
1386
1259
1229
1236
1260
1223
1273
1373
1392
1366
1210
1178
1221
1176
1147
1213
1323
1336
1322
1205
1170
1215
1172
1198
1237
1376
1388
1357
1209
1172
1257
1186
1221
1279
1370
1367
1340
1208
1138
1211
1163
1184
1204
1356
1355
1330
1220
1172
1283
1271
1253
1372
1418
1395
1324
1165
1115
1205
1146
1144
1276
1318
1289
1164
1137
1072
1179
1148
1207
1323
1350
1344
1265
1186
1221
1242
1219
1259
1355
1418
1396
1249
1222
1233
1280
1187
1270
1346
1394
1358
1214
1208
1188
1267
1214
1259
1348
1399
1374
1270
1186
1266
1196
1229
1255
1350
1373
1337
1233
1201
1243
1195
1218
1237
1338
1347
1306
1155
1151
1216
1119
1169
1204
1303
1299
1259
1131
1113
1168
1140
1136
1277
1313
1311
1273
1179
1157
1223
1176
1228
1335
1380
1359
1236
1227
1190
1326
1265
1306
1365
1431
1410
1321
1237
1216
1316
1252
1269
1412
1422
1407
1266
1248
1276
1312
1207
1243
1288
1324
1286
1167
1095
1129
1203
1157
1203
1321
1371
1364
1261
1222
1301
1317
1244
1338
1313
1324
1304
1173
1124
1175
1137
1163
1228
1240
1241
1211
1095
1103
1193
1130
1179
1259
1321
1332
1317
1228
1204
1308
1275
1269
1387
1382
1354
1259
1171
1158
1250
1184
1206
1357
1368
1332
1284
1197
1222
1303
1268
1269
1342
1394
1375
1274
1230
1317
1350
1255
1323
1354
1383
1348
1226
1174
1169
1265
1180
1164
1255
1290
1270
1161
1140
1274
1227
1210
1258
1318
1339
1314
1195
1206
1277
1307
1261
1268
1344
1341
1311
1214
1238
1265
1278
1244
1328
1322
1323
1295
1184
1173
1272
1244
1213
1330
1324
1299
1220
1170
1198
1275
1231
1247
1333
1319
1301
1178
1188
1164
1287
1218
1275
1355
1354
1344
1214
1220
1207
1317
1246
1267
1328
1375
1351
1244
1217
1300
1330
1282
1257
1375
1382
1362
1244
1253
1296
1337
1291
1287
1309
1334
1310
1222
1229
1296
1330
1279
1337
1324
1337
1306
1215
1168
1278
1230
1209
1185
1246
1262
1242
1147
1159
1258
1226
1258
1330
1298
1305
1266
1132
1166
1244
1155
1215
1299
1306
1308
1229
1215
1227
1360
1305
1301
1392
1389
1344
1266
1188
1178
1274
1219
1215
1286
1297
1284
1208
1219
1214
1349
1267
1293
1363
1391
1367
1269
1257
1245
1393
1325
1344
1393
1414
1373
1263
1295
1296
1312
1253
1270
1207
1293
1259
1147
1212
1168
1293
1231
1257
1298
1318
1275
1186
1197
1258
1207
1231
1238
1264
1270
1236
1110
1149
1236
1175
1234
1262
1280
1298
1208
1190
1213
1289
1259
1277
1308
1321
1336
1246
1198
1213
1314
1236
1270
1356
1368
1337
1266
1233
1227
1352
1276
1325
1375
1388
1347
1280
1319
1261
1362
1272
1250
1308
1320
1271
1140
1179
1156
1263
1168
1209
1255
1270
1273
1206
1275
1272
1338
1287
1269
1275
1310
1271
1132
1178
1220
1240
1203
1238
1278
1310
1302
1201
1227
1289
1340
1239
1305
1289
1321
1293
1193
1214
1288
1286
1264
1367
1330
1345
1264
1263
1237
1314
1278
1286
1346
1317
1327
1236
1182
1225
1322
1239
1252
1318
1303
1285
1134
1218
1152
1245
1205
1178
1240
1282
1278
1184
1263
1226
1341
1292
1327
1386
1384
1364
1271
1331
1242
1355
1285
1295
1308
1330
1301
1210
1239
1157
1283
1223
1218
1232
1269
1259
1165
1207
1272
1314
1263
1218
1281
1303
1311
1188
1212
1225
1319
1258
1307
1298
1318
1288
1203
1167
1288
1221
1150
1214
1238
1281
1179
1167
1207
1302
1263
1257
1346
1311
1332
1284
1189
1195
1313
1246
1240
1323
1324
1323
1235
1287
1204
1311
1265
1250
1282
1294
1290
1172
1274
1202
1331
1288
1307
1303
1342
1325
1240
1301
1211
1334
1253
1211
1230
1267
1269
1122
1238
1198
1305
1247
1236
1272
1298
1279
1202
1229
1248
1323
1253
1229
1256
1299
1276
1200
1192
1220
1297
1213
1248
1252
1294
1194
1260
1200
1314
1262
1258
1363
1326
1314
1271
1303
1239
1323
1278
1234
1308
1275
1330
1263
1315
1251
1359
1279
1325
1340
1338
1335
1244
1306
1263
1349
1259
1237
1248
1285
1261
1181
1254
1223
1305
1255
1237
1237
1268
1259
1164
1264
1229
1327
1232
1227
1282
1284
1247
1156
1215
1191
1291
1219
1177
1226
1262
1257
1173
1215
1284
1278
1251
1276
1307
1350
1346
1257
1316
1312
1350
1335
1388
1321
1340
1255
1293
1206
1237
1269
1203
1266
1220
1258
1170
1232
1183
1287
1250
1214
1289
1246
1257
1147
1267
1219
1298
1253
1260
1274
1265
1279
1205
1277
1239
1274
1258
1259
1339
1322
1307
1245
1323
1255
1369
1302
1286
1252
1292
1263
1184
1253
1190
1296
1194
1211
1231
1278
1283
1149
1292
1292
1374
1291
1261
1274
1289
1277
1209
1271
1275
1312
1263
1221
1219
1269
1261
1198
1243
1259
1271
1276
1265
1235
1278
1215
1274
1210
1275
1305
1274
1304
1249
1277
1218
1279
1221
1331
1233
1269
1301
1253
1258
1142
1248
1211
1267
1192
1210
1248
1208
1232
1163
1284
1237
1356
1331
1296
1363
1347
1354
1255
1370
1316
1396
1305
1294
1307
1290
1286
1224
1306
1250
1368
1283
1250
1253
1287
1267
1205
1269
1217
1321
1202
1174
1217
1236
1237
1221
1182
1179
1289
1209
1236
1191
1219
1217
1176
1192
1197
1272
1225
1320
1281
1305
1285
1326
1295
1318
1350
1300
1366
1311
1343
1337
1354
1303
1396
1350
1294
1366
1338
1337
1254
1309
1249
1291
1235
1191
1177
1167
1178
1081
1205
1158
1252
1153
1139
1195
1209
1217
1116
1258
1184
1316
1230
1256
1268
1355
1352
1301
1402
1378
1452
1340
1344
1381
1357
1345
1247
1286
1238
1338
1226
1220
1255
1273
1270
1258
1203
1244
1314
1192
1229
1197
1232
1233
1222
1210
1187
1216
1260
1185
1240
1261
1237
1328
1241
1247
1305
1266
1304
1257
1311
1279
1319
1269
1363
1288
1284
1343
1305
1338
1235
1345
1280
1328
1278
1226
1240
1270
1302
1258
1334
1270
1366
1285
1264
1326
1272
1309
1242
1320
1237
1307
1189
1193
1199
1257
1265
1206
1306
1223
1337
1266
1215
1258
1291
1296
1272
1297
1207
1299
1221
1179
1242
1282
1283
1235
1253
1196
1290
1180
1205
1184
1233
1248
1225
1218
1248
1313
1242
1319
1321
1381
1369
1410
1337
1342
1314
1290
1295
1264
1308
1264
1311
1262
1308
1233
1221
1239
1235
1281
1228
1288
1201
1255
1180
1123
1188
1198
1239
1193
1264
1210
1284
1201
1199
1272
1294
1328
1194
1359
1259
1360
1284
1252
1308
1360
1366
1277
1364
1271
1353
1216
1233
1241
1283
1288
1273
1292
1204
1286
1183
1191
1225
1289
1314
1285
1289
1238
1331
1255
1221
1246
1303
1330
1309
1232
1235
1211
1173
1186
1208
1267
1178
1282
1232
1187
1176
1168
1231
1201
1276
1278
1330
1237
1310
1284
1229
1307
1303
1360
1299
1364
1257
1311
1217
1197
1240
1211
1288
1243
1308
1205
1310
1207
1213
1269
1281
1279
1242
1320
1220
1304
1215
1190
1261
1288
1320
1227
1324
1258
1312
1206
1151
1162
1275
1278
1285
1301
1198
1305
1193
1203
1269
1345
1373
1349
1355
1303
1345
1269
1282
1273
1337
1300
1340
1346
1284
1246
1221
1177
1208
1272
1237
1291
1205
1209
1160
1160
1209
1200
1282
1267
1324
1264
1303
1243
1194
1250
1238
1305
1237
1333
1260
1299
1232
1207
1307
1316
1376
1289
1398
1301
1376
1274
1243
1289
1306
1326
1236
1315
1218
1287
1200
1134
1228
1287
1308
1249
1319
1255
1292
1213
1167
1204
1256
1289
1261
1300
1249
1311
1224
1212
1216
1320
1347
1334
1326
1282
1324
1236
1279
1251
1303
1263
1338
1294
1238
1256
1178
1160
1203
1261
1243
1289
1195
1200
1192
1177
1226
1220
1294
1302
1338
1302
1341
1267
1246
1282
1275
1316
1227
1338
1218
1279
1221
1204
1207
1244
1301
1217
1334
1240
1270
1246
1186
1224
1271
1306
1210
1323
1209
1298
1191
1216
1231
1312
1336
1290
1364
1304
1348
1228
1230
1268
1309
1334
1317
1355
1245
1330
1224
1171
1213
1264
1286
1282
1262
1230
1281
1165
1214
1210
1283
1264
1353
1300
1301
1333
1292
1277
1283
1333
1281
1338
1261
1227
1263
1166
1215
1199
1261
1248
1302
1334
1298
1233
1225
1192
1184
1242
1302
1326
1322
1283
1271
1251
1189
1196
1217
1231
1348
1338
1344
1296
1261
1244
1198
1211
1252
1272
1329
1338
1313
1278
1239
1225
1238
1219
1250
1258
1242
1301
1283
1263
1257
1268
1296
1300
1307
1276
1258
1325
1317
1324
1316
1296
1306
1296
1247
1220
1192
1166
1273
1293
1297
1284
1278
1272
1207
1207
1183
1169
1315
1308
1298
1301
1269
1241
1221
1149
1223
1204
1202
1309
1302
1281
1239
1225
1232
1216
1247
1226
1249
1323
1337
1310
1302
1270
1279
1308
1270
1248
1260
1266
1333
1320
1307
1295
1302
1312
1286
1262
1279
1246
1295
1308
1307
1296
1278
1266
1246
1173
1174
1149
1160
1249
1263
1273
1262
1244
1246
1232
1220
1194
1202
1314
1336
1354
1323
1280
1255
1266
1218
1226
1240
1262
1361
1365
1353
1309
1270
1272
1230
1214
1222
1204
1271
1286
1260
1255
1224
1237
1249
1188
1232
1216
1200
1260
1261
1267
1270
1271
1288
1284
1221
1248
1214
1262
1285
1259
1281
1241
1229
1214
1155
1109
1113
1112
1243
1242
1269
1262
1225
1211
1191
1175
1191
1186
1180
1247
1239
1232
1218
1257
1304
1334
1365
1373
1397
1445
1401
1354
1347
1379
1410
1428
1452
1431
1356
1258
1269
1210
1221
1266
1350
1430
1419
1403
1353
1213
1212
1131
1127
1185
1264
1313
1424
1385
1287
1169
1065
1055
1024
1071
1134
1232
1308
1307
1230
1171
1036
1013
985
1026
1089
1181
1296
1395
1348
1317
1206
1087
1089
1057
1109
1196
1319
1449
1494
1479
1377
1248
1182
1163
1148
1246
1296
1490
1574
1540
1456
1289
1156
1115
1096
1162
1285
1414
1526
1510
1447
1295
1152
1013
1048
1070
1167
1265
1381
1438
1345
1283
1209
1059
1114
1136
1214
1327
1401
1490
1484
1383
1298
1195
1081
1146
1168
1253
1336
1442
1497
1474
1366
1295
1126
1111
1100
1160
1253
1350
1464
1496
1433
1315
1203
1060
1128
1143
1218
1341
1430
1494
1450
1344
1198
1036
917
1068
1118
1260
1348
1471
1499
1405
1254
1154
1042
1102
1127
1219
1341
1411
1469
1469
1373
1311
1201
1104
1200
1234
1297
1359
1434
1454
1397
1317
1204
1113
1146
1144
1163
1311
1398
1497
1531
1478
1366
1264
1108
1153
1165
1252
1377
1463
1527
1493
1379
1264
1120
984
1067
1127
1241
1299
1364
1356
1254
1104
1034
939
1008
1088
1195
1272
1361
1394
1369
1234
1158
1097
1036
1167
1224
1301
1354
1381
1393
1339
1248
1184
1136
1125
1209
1266
1316
1396
1452
1472
1426
1376
1279
1165
1227
1278
1361
1492
1570
1608
1586
1447
1316
1189
1093
1172
1232
1342
1443
1454
1435
1340
1210
1076
1009
973
1137
1242
1342
1418
1377
1311
1150
1079
966
919
1059
1148
1237
1319
1330
1324
1285
1198
1104
1057
1024
1144
1218
1284
1367
1407
1420
1333
1245
1162
1111
1111
1225
1307
1398
1435
1451
1410
1263
1155
1065
1037
1115
1233
1356
1456
1469
1446
1352
1178
1063
1028
1015
1194
1313
1403
1456
1410
1334
1228
1130
1068
1059
1123
1287
1396
1436
1405
1357
1298
1210
1151
1110
1133
1249
1302
1362
1386
1363
1348
1305
1187
1153
1130
1102
1236
1297
1403
1473
1480
1460
1386
1244
1156
1098
1070
1251
1323
1414
1429
1388
1303
1169
1040
938
953
1059
1256
1354
1421
1374
1327
1207
1130
1062
1008
1106
1263
1370
1441
1459
1389
1331
1252
1161
1123
1110
1156
1284
1342
1359
1371
1336
1300
1227
1151
1119
1125
1157
1309
1385
1448
1457
1425
1374
1258
1172
1087
1106
1221
1345
1427
1493
1454
1406
1305
1173
1095
1065
1113
1301
1394
1466
1481
1395
1284
1190
1070
1038
1069
1131
1292
1358
1390
1359
1288
1222
1155
1048
1050
1097
1146
1308
1361
1379
1364
1319
1286
1211
1137
1075
1126
1204
1306
1377
1429
1409
1367
1289
1156
1114
1054
1128
1306
1427
1517
1553
1496
1425
1306
1168
1081
1108
1171
1404
1498
1548
1517
1409
1279
1186
1102
1052
1067
1200
1375
1429
1416
1386
1314
1232
1144
1122
1116
1138
1192
1346
1411
1428
1386
1332
1259
1124
1099
1065
1118
1250
1340
1426
1467
1428
1351
1243
1105
1021
1038
1106
1304
1409
1477
1483
1390
1253
1157
1029
998
1066
1148
1378
1463
1476
1424
1301
1168
1095
1048
1024
1113
1238
1417
1494
1470
1392
1298
1206
1077
1037
1072
1155
1213
1400
1469
1469
1415
1331
1238
1161
1128
1139
1201
1366
1479
1563
1560
1460
1337
1204
1085
1027
1055
1207
1412
1534
1565
1521
1366
1197
1083
999
1003
1111
1215
1445
1515
1515
1461
1281
1170
1085
1024
1031
1113
1231
1428
1485
1477
1382
1283
1158
1082
1000
1042
1114
1224
1431
1495
1511
1427
1285
1153
1048
960
1024
1150
1291
1511
1579
1553
1414
1277
1123
1014
988
1102
1268
1465
1630
1625
1525
1339
1163
1041
955
1012
1162
1301
1510
1558
1513
1397
1214
1096
1023
1003
1013
1195
1311
1490
1545
1511
1415
1261
1170
1081
1044
1097
1173
1312
1499
1531
1485
1366
1184
1045
968
948
1049
1181
1394
1604
1584
1518
1353
1147
1014
959
1001
1146
1321
1478
1599
1571
1441
1274
1097
1026
991
1049
1174
1337
1465
1543
1472
1350
1217
1068
1010
1026
1051
1250
1326
1457
1541
1507
1394
1249
1102
1032
1022
1086
1244
1392
1555
1573
1550
1422
1255
1104
1044
1055
1147
1316
1493
1663
1628
1510
1328
1130
990
963
980
1158
1353
1393
1565
1501
1356
1194
1038
959
975
1075
1219
1366
1440
1530
1456
1346
1215
1087
1021
1031
1080
1174
1291
1397
1495
1437
1332
1209
1052
984
998
1094
1217
1400
1497
1565
1466
1327
1153
1002
951
1011
1134
1275
1466
1514
1567
1449
1303
1152
1053
1066
1137
1233
1381
1492
1500
1480
1363
1237
1136
1051
1047
1130
1240
1328
1455
1447
1499
1406
1287
1190
1109
1088
1169
1295
1405
1523
1557
1547
1429
1305
1169
1064
1070
1129
1240
1387
1443
1489
1424
1300
1154
1048
979
1020
1142
1282
1375
1482
1411
1398
1256
1131
1041
1013
1055
1163
1293
1342
1425
1377
1361
1298
1122
1106
1068
1084
1178
1249
1395
1484
1463
1430
1364
1247
1144
1098
1094
1223
1330
1453
1568
1511
1463
1313
1188
1076
1024
1090
1228
1344
1484
1501
1441
1366
1219
1098
1028
1022
1067
1207
1338
1407
1417
1357
1293
1180
1089
1025
1027
1073
1177
1361
1491
1449
1429
1367
1251
1120
1062
1063
1105
1253
1395
1488
1529
1443
1376
1212
1123
1035
1043
1121
1309
1480
1542
1537
1432
1317
1158
1019
982
1008
1117
1294
1444
1493
1484
1380
1233
1115
1030
1000
1051
1164
1335
1454
1524
1491
1414
1301
1169
1106
1045
1078
1178
1324
1455
1562
1533
1449
1308
1163
1049
1018
1072
1205
1389
1567
1605
1565
1465
1292
1115
997
993
1079
1248
1420
1601
1586
1478
1309
1150
1008
926
945
1046
1210
1366
1493
1468
1398
1303
1126
1005
947
949
1061
1211
1355
1485
1506
1444
1275
1167
1015
934
974
1086
1263
1432
1577
1567
1473
1313
1168
968
939
997
1134
1332
1527
1640
1621
1493
1295
1105
982
960
1002
1194
1401
1558
1633
1612
1489
1299
1091
1014
971
1071
1208
1386
1524
1569
1554
1428
1278
1090
1027
976
1050
1198
1364
1531
1592
1578
1460
1277
1093
998
953
1052
1159
1372
1520
1538
1499
1338
1132
964
877
876
1015
1209
1400
1571
1584
1522
1372
1171
1056
987
1029
1145
1305
1477
1613
1598
1525
1437
1258
1097
1064
1080
1138
1301
1422
1513
1518
1456
1335
1182
1019
936
998
1061
1205
1371
1489
1530
1442
1364
1191
1055
965
1017
1153
1307
1462
1557
1575
1467
1336
1141
1032
1009
1047
1151
1280
1387
1450
1462
1394
1252
1158
1050
1041
1049
1164
1264
1371
1436
1450
1410
1319
1213
1124
1083
1100
1106
1270
1372
1447
1478
1463
1375
1247
1133
1111
1112
1187
1271
1362
1420
1436
1448
1290
1192
1114
1094
1109
1184
1279
1319
1379
1375
1343
1284
1207
1155
1150
1167
1189
1251
1288
1306
1326
1319
1299
1247
1223
1201
1190
1190
1205
1259
1312
1327
1350
1383
1338
1286
1250
1235
1200
1260
1329
1331
1350
1348
1338
1295
1239
1215
1194
1179
1203
1225
1206
1210
1225
1239
1211
1230
1213
1194
1161
1136
1118
1132
1155
1208
1241
1292
1286
1278
1241
1185
1148
1131
1151
1210
1297
1363
1411
1415
1396
1306
1292
1245
1206
1246
1266
1319
1373
1362
1380
1342
1301
1243
1208
1174
1155
1165
1214
1289
1304
1384
1393
1376
1304
1248
1160
1097
1130
1213
1269
1366
1427
1441
1396
1309
1217
1137
1101
1126
1188
1290
1374
1419
1413
1365
1273
1203
1142
1113
1148
1213
1296
1386
1411
1437
1394
1366
1301
1223
1153
1128
1151
1185
1256
1360
1410
1407
1352
1254
1152
1057
1031
1093
1187
1254
1378
1437
1435
1371
1277
1153
1082
1059
1107
1171
1314
1375
1383
1402
1322
1237
1149
1103
1096
1123
1190
1263
1326
1382
1412
1400
1351
1290
1226
1179
1165
1215
1280
1316
1438
1510
1515
1465
1343
1254
1150
1086
1119
1170
1308
1411
1477
1479
1367
1292
1151
1064
1041
1084
1176
1221
1322
1387
1391
1272
1215
1144
1107
1068
1093
1140
1220
1310
1385
1427
1408
1357
1265
1189
1116
1095
1151
1169
1289
1418
1485
1472
1425
1289
1151
1068
1031
1106
1228
1344
1459
1510
1466
1375
1252
1120
1042
1047
1117
1219
1336
1463
1450
1411
1325
1198
1141
1119
1119
1175
1247
1326
1401
1396
1386
1329
1275
1223
1166
1164
1169
1204
1260
1349
1385
1369
1381
1335
1248
1232
1185
1193
1189
1256
1272
1307
1348
1321
1290
1226
1194
1183
1201
1198
1211
1234
1285
1308
1289
1290
1297
1263
1249
1228
1167
1145
1122
1161
1232
1308
1364
1387
1375
1322
1262
1213
1174
1175
1242
1300
1402
1466
1473
1426
1349
1282
1226
1169
1165
1205
1283
1333
1375
1409
1376
1311
1236
1148
1106
1091
1092
1177
1268
1331
1424
1438
1400
1314
1215
1133
1087
1093
1168
1303
1436
1491
1496
1439
1324
1190
1092
1042
1079
1159
1285
1421
1496
1484
1403
1286
1149
1084
1061
1070
1174
1270
1358
1472
1435
1397
1312
1226
1130
1090
1095
1140
1220
1315
1405
1442
1413
1354
1260
1153
1098
1077
1120
1227
1304
1418
1479
1448
1379
1289
1212
1154
1156
1211
1285
1377
1434
1478
1413
1368
1285
1226
1170
1159
1169
1191
1219
1228
1270
1291
1289
1277
1256
1228
1195
1180
1170
1170
1222
1270
1314
1359
1368
1364
1325
1277
1224
1183
1178
1162
1267
1314
1366
1372
1380
1343
1298
1242
1216
1183
1179
1192
1254
1298
1348
1352
1379
1351
1311
1198
1117
1093
1058
1118
1227
1350
1435
1471
1446
1353
1239
1144
1099
1118
1180
1288
1414
1476
1522
1456
1350
1238
1131
1040
1101
1170
1231
1344
1410
1442
1431
1365
1283
1197
1118
1155
1147
1210
1293
1381
1441
1426
1414
1338
1233
1138
1073
1081
1123
1192
1277
1305
1371
1356
1295
1222
1151
1117
1121
1165
1222
1278
1329
1346
1337
1317
1290
1244
1243
1229
1243
1226
1238
1256
1278
1301
1353
1396
1394
1377
1281
1260
1187
1177
1188
1193
1307
1367
1417
1428
1397
1360
1256
1175
1129
1133
1161
1222
1290
1351
1408
1389
1384
1292
1206
1119
1048
1028
1100
1168
1296
1411
1475
1483
1367
1268
1132
1042
1016
1055
1193
1336
1484
1569
1535
1476
1326
1177
1065
1012
1040
1151
1285
1408
1504
1586
1450
1335
1226
1097
1014
1029
1121
1214
1335
1425
1505
1458
1372
1260
1133
1030
984
1034
1122
1262
1363
1507
1511
1465
1350
1206
1090
1028
1056
1157
1276
1404
1483
1481
1441
1343
1227
1130
1082
1077
1127
1230
1313
1388
1426
1440
1379
1281
1248
1174
1150
1155
1181
1248
1306
1371
1403
1432
1363
1302
1243
1194
1142
1171
1206
1265
1320
1362
1363
1320
1293
1250
1187
1154
1145
1150
1187
1232
1275
1252
1286
1313
1297
1267
1233
1196
1182
1157
1190
1249
1310
1372
1415
1408
1373
1331
1242
1155
1117
1140
1196
1280
1346
1410
1411
1372
1302
1222
1151
1128
1120
1193
1257
1369
1393
1405
1390
1332
1266
1173
1155
1131
1169
1214
1281
1338
1382
1400
1358
1291
1222
1164
1133
1148
1197
1294
1363
1466
1451
1395
1318
1237
1183
1161
1176
1237
1294
1359
1378
1367
1322
1272
1212
1172
1165
1148
1230
1253
1271
1294
1313
1272
1231
1231
1210
1169
1198
1217
1232
1250
1243
1278
1263
1255
1254
1246
1248
1257
1273
1297
1277
1285
1265
1239
1236
1249
1268
1278
1318
1315
1327
1299
1276
1260
1179
1202
1223
1264
1292
1328
1382
1370
1321
1257
1164
1163
1159
1203
1244
1330
1380
1398
1385
1328
1265
1208
1184
1165
1194
1245
1307
1336
1400
1367
1329
1270
1201
1153
1147
1136
1168
1226
1330
1360
1369
1340
1277
1202
1153
1125
1134
1174
1261
1337
1383
1406
1374
1314
1250
1192
1178
1191
1225
1289
1299
1372
1371
1351
1304
1257
1263
1225
1207
1234
1282
1323
1355
1361
1353
1324
1291
1247
1215
1175
1214
1249
1274
1280
1301
1287
1246
1224
1201
1149
1207
1205
1250
1265
1309
1292
1266
1236
1211
1207
1232
1268
1301
1332
1361
1354
1325
1298
1269
1261
1271
1319
1295
1329
1343
1328
1338
1289
1231
1248
1257
1271
1297
1308
1313
1296
1277
1303
1229
1207
1191
1200
1183
1265
1273
1286
1288
1283
1256
1215
1201
1196
1193
1249
1329
1341
1375
1369
1344
1267
1248
1179
1182
1222
1281
1358
1381
1420
1395
1353
1281
1201
1175
1182
1218
1278
1340
1400
1405
1391
1349
1276
1201
1163
1160
1160
1213
1268
1314
1354
1345
1315
1231
1205
1149
1125
1136
1177
1244
1281
1361
1387
1394
1320
1248
1200
1187
1195
1239
1349
1363
1403
1402
1379
1317
1251
1225
1224
1231
1255
1277
1307
1313
1306
1275
1243
1270
1232
1239
1257
1285
1265
1295
1262
1244
1189
1224
1220
1229
1247
1265
1241
1257
1290
1267
1240
1208
1195
1189
1216
1223
1302
1349
1355
1334
1295
1253
1197
1175
1197
1241
1279
1350
1392
1398
1343
1294
1221
1146
1140
1159
1219
1274
1341
1388
1416
1359
1292
1228
1166
1144
1163
1218
1287
1361
1403
1450
1434
1343
1250
1178
1136
1119
1159
1224
1311
1375
1404
1403
1317
1227
1107
1067
1053
1089
1192
1262
1348
1419
1364
1316
1217
1145
1083
1075
1121
1214
1297
1402
1423
1422
1382
1302
1240
1175
1157
1165
1198
1265
1332
1369
1380
1357
1304
1213
1173
1138
1123
1146
1122
1251
1318
1341
1344
1287
1263
1203
1173
1165
1173
1209
1271
1288
1307
1326
1314
1260
1226
1207
1198
1201
1206
1237
1268
1265
1274
1282
1278
1299
1314
1324
1299
1281
1254
1267
1254
1259
1280
1296
1313
1303
1299
1268
1231
1190
1158
1167
1189
1220
1252
1282
1319
1326
1331
1303
1221
1230
1206
1199
1208
1227
1304
1337
1383
1390
1366
1277
1236
1170
1137
1133
1151
1232
1300
1348
1365
1337
1321
1247
1184
1145
1150
1188
1254
1314
1367
1357
1374
1344
1295
1234
1182
1155
1142
1180
1242
1276
1320
1331
1324
1268
1241
1212
1171
1159
1180
1217
1281
1338
1372
1355
1319
1308
1222
1187
1177
1174
1225
1285
1332
1331
1362
1314
1279
1253
1235
1243
1255
1278
1305
1337
1345
1342
1326
1300
1276
1218
1230
1229
1235
1262
1284
1312
1334
1313
1313
1283
1250
1221
1211
1211
1197
1272
1330
1331
1313
1285
1249
1207
1179
1179
1204
1231
1272
1289
1272
1266
1252
1226
1205
1184
1214
1222
1240
1220
1258
1279
1280
1259
1250
1261
1267
1260
1275
1310
1295
1327
1306
1308
1296
1295
1290
1274
1282
1291
1309
1323
1357
1316
1272
1249
1219
1197
1203
1226
1263
1290
1308
1321
1310
1248
1205
1164
1169
1197
1229
1289
1319
1342
1308
1302
1265
1228
1190
1191
1210
1248
1288
1318
1352
1339
1316
1284
1258
1229
1220
1223
1250
1276
1325
1353
1352
1332
1287
1223
1180
1142
1150
1185
1260
1285
1341
1315
1301
1244
1196
1171
1139
1144
1198
1251
1297
1330
1322
1316
1256
1222
1190
1146
1208
1252
1284
1321
1359
1335
1349
1312
1282
1239
1237
1238
1259
1273
1299
1317
1341
1297
1266
1186
1201
1181
1181
1198
1230
1256
1272
1313
1233
1241
1213
1209
1172
1215
1259
1285
1308
1310
1300
1266
1247
1223
1227
1211
1267
1302
1327
1329
1308
1284
1259
1245
1250
1218
1215
1207
1249
1250
1255
1266
1257
1249
1260
1225
1213
1209
1232
1225
1238
1282
1304
1318
1290
1310
1272
1260
1254
1245
1225
1247
1244
1256
1259
1256
1238
1254
1266
1263
1248
1235
1212
1187
1169
1173
1200
1236
1280
1325
1334
1326
1266
1232
1185
1151
1155
1185
1278
1302
1361
1376
1369
1315
1276
1237
1211
1198
1220
1249
1337
1366
1387
1393
1363
1326
1284
1228
1193
1180
1175
1222
1260
1300
1345
1301
1260
1216
1169
1137
1143
1171
1218
1325
1334
1341
1344
1284
1249
1198
1189
1198
1228
1302
1352
1365
1357
1325
1270
1234
1205
1202
1255
1289
1309
1335
1353
1320
1318
1264
1224
1193
1169
1150
1215
1257
1301
1340
1356
1373
1309
1260
1218
1181
1170
1193
1277
1310
1353
1332
1341
1284
1230
1179
1146
1146
1141
1215
1261
1288
1287
1263
1231
1181
1158
1150
1174
1191
1218
1256
1276
1299
1308
1295
1281
1293
1268
1292
1280
1311
1324
1353
1358
1375
1362
1328
1287
1250
1221
1230
1235
1258
1308
1287
1267
1239
1206
1172
1147
1165
1175
1206
1200
1269
1271
1261
1259
1230
1212
1211
1221
1230
1237
1252
1253
1240
1207
1251
1246
1241
1230
1232
1245
1232
1239
1226
1260
1262
1280
1284
1279
1256
1259
1267
1265
1275
1288
1297
1263
1290
1311
1264
1255
1242
1273
1250
1273
1285
1267
1248
1235
1213
1199
1215
1208
1216
1258
1266
1254
1266
1250
1245
1236
1230
1241
1257
1238
1233
1239
1242
1253
1257
1282
1280
1262
1246
1232
1213
1214
1215
1251
1272
1280
1305
1290
1272
1249
1227
1197
1233
1243
1243
1283
1281
1295
1286
1276
1263
1264
1255
1251
1264
1276
1277
1299
1315
1320
1323
1306
1303
1262
1236
1246
1224
1242
1260
1292
1306
1315
1327
1271
1234
1214
1194
1167
1213
1255
1269
1304
1321
1312
1302
1272
1258
1227
1226
1223
1237
1246
1262
1281
1326
1321
1327
1326
1302
1268
1220
1208
1187
1204
1202
1263
1278
1323
1333
1312
1273
1249
1226
1216
1199
1199
1214
1216
1261
1282
1289
1285
1272
1238
1219
1185
1162
1167
1193
1201
1228
1282
1307
1284
1292
1253
1219
1201
1198
1212
1254
1302
1335
1327
1352
1300
1270
1229
1199
1207
1233
1245
1270
1300
1339
1320
1312
1282
1245
1216
1198
1223
1211
1238
1261
1293
1285
1307
1288
1235
1209
1183
1174
1180
1230
1261
1293
1324
1315
1318
1270
1236
1205
1190
1210
1229
1273
1309
1314
1315
1319
1288
1253
1222
1207
1205
1207
1218
1240
1259
1267
1271
1257
1247
1211
1191
1171
1193
1172
1199
1238
1269
1310
1308
1289
1268
1249
1220
1206
1251
1245
1289
1332
1354
1349
1342
1335
1300
1265
1241
1238
1240
1258
1284
1302
1312
1320
1316
1301
1275
1248
1202
1183
1190
1204
1226
1272
1299
1312
1298
1256
1215
1175
1142
1146
1172
1218
1263
1270
1312
1297
1262
1209
1160
1148
1144
1179
1200
1286
1334
1360
1357
1323
1314
1241
1204
1180
1170
1194
1236
1288
1337
1352
1369
1337
1284
1222
1168
1110
1157
1194
1278
1318
1359
1363
1312
1275
1221
1184
1155
1158
1189
1240
1268
1311
1326
1315
1269
1231
1204
1181
1178
1193
1209
1247
1284
1311
1317
1315
1298
1263
1233
1205
1202
1216
1240
1283
1312
1338
1342
1307
1282
1246
1216
1198
1207
1232
1247
1278
1302
1303
1290
1272
1252
1246
1212
1210
1212
1228
1251
1270
1286
1297
1294
1276
1263
1214
1206
1183
1176
1197
1232
1302
1336
1345
1337
1304
1232
1205
1176
1171
1129
1223
1293
1332
1355
1362
1345
1304
1241
1242
1202
1195
1208
1243
1289
1335
1354
1381
1364
1327
1280
1222
1187
1164
1160
1200
1248
1297
1328
1324
1298
1253
1208
1150
1155
1159
1186
1240
1259
1290
1299
1305
1312
1280
1268
1259
1259
1263
1256
1278
1294
1308
1336
1320
1317
1298
1280
1242
1227
1220
1229
1220
1233
1252
1257
1267
1222
1216
1189
1163
1159
1169
1173
1203
1223
1220
1269
1270
1271
1253
1239
1236
1200
1199
1203
1227
1268
1310
1350
1371
1361
1325
1276
1219
1175
1164
1184
1220
1275
1336
1363
1363
1334
1278
1225
1167
1152
1156
1180
1220
1256
1292
1290
1290
1257
1224
1192
1168
1161
1166
1181
1198
1195
1270
1288
1282
1297
1245
1215
1196
1199
1187
1238
1272
1307
1321
1321
1293
1280
1252
1241
1236
1251
1273
1291
1301
1336
1296
1280
1269
1240
1240
1249
1260
1245
1240
1244
1251
1248
1268
1269
1260
1265
1253
1241
1216
1197
1192
1202
1224
1252
1265
1295
1279
1273
1266
1256
1239
1240
1233
1235
1243
1250
1267
1280
1294
1305
1314
1305
1279
1254
1233
1222
1228
1223
1275
1295
1302
1302
1277
1254
1223
1215
1210
1227
1249
1269
1287
1296
1283
1249
1249
1234
1224
1210
1225
1222
1240
1261
1244
1219
1242
1231
1233
1232
1256
1234
1238
1255
1271
1279
1287
1292
1271
1269
1272
1247
1242
1254
1273
1276
1295
1294
1246
1265
1240
1229
1226
1234
1247
1267
1274
1270
1262
1253
1239
1226
1240
1254
1231
1280
1286
1287
1282
1272
1256
1237
1245
1241
1245
1243
1246
1257
1264
1263
1267
1248
1258
1238
1227
1201
1209
1220
1237
1265
1281
1284
1294
1272
1260
1246
1228
1222
1224
1235
1251
1262
1275
1256
1276
1266
1273
1258
1247
1255
1227
1232
1265
1251
1262
1282
1302
1301
1302
1298
1255
1228
1217
1208
1191
1238
1265
1288
1291
1292
1284
1260
1239
1220
1195
1203
1187
1226
1250
1271
1289
1291
1311
1283
1257
1235
1211
1189
1201
1221
1250
1271
1320
1310
1281
1277
1248
1247
1207
1216
1230
1267
1295
1309
1316
1306
1286
1265
1247
1230
1226
1223
1225
1233
1240
1239
1257
1284
1255
1244
1240
1227
1213
1214
1231
1231
1242
1258
1276
1276
1283
1289
1281
1264
1256
1279
1261
1263
1272
1276
1266
1312
1298
1298
1286
1281
1252
1243
1225
1221
1223
1235
1255
1262
1300
1304
1288
1277
1288
1216
1216
1216
1232
1258
1278
1265
1303
1302
1277
1268
1233
1226
1216
1219
1227
1235
1243
1257
1259
1256
1230
1245
1228
1206
1221
1227
1246
1243
1264
1295
1282
1282
1265
1255
1241
1246
1279
1270
1283
1291
1300
1286
1270
1259
1238
1241
1250
1271
1277
1279
1282
1268
1268
1261
1246
1239
1241
1242
1243
1254
1255
1261
1258
1250
1250
1236
1230
1245
1219
1238
1231
1242
1255
1251
1295
1264
1265
1249
1261
1253
1266
1278
1288
1298
1294
1294
1283
1274
1272
1271
1304
1296
1293
1295
1290
1286
1271
1248
1249
1242
1258
1278
1261
1265
1249
1241
1221
1200
1215
1165
1222
1229
1235
1237
1230
1232
1211
1216
1260
1232
1240
1246
1259
1255
1271
1278
1273
1267
1262
1256
1267
1254
1266
1245
1288
1290
1296
1285
1254
1239
1219
1212
1188
1241
1257
1274
1290
1285
1281
1252
1242
1235
1218
1226
1236
1248
1261
1241
1261
1260
1257
1250
1242
1245
1240
1230
1256
1267
1270
1281
1288
1265
1283
1276
1264
1249
1245
1243
1240
1251
1261
1254
1259
1247
1249
1244
1243
1244
1253
1264
1296
1268
1271
1263
1252
1256
1263
1271
1278
1309
1278
1272
1255
1242
1220
1230
1240
1254
1267
1274
1263
1254
1217
1227
1199
1222
1224
1231
1237
1241
1244
1240
1277
1256
1255
1263
1259
1259
1257
1255
1259
1228
1291
1293
1301
1306
1279
1281
1252
1247
1247
1254
1289
1277
1271
1268
1225
1231
1225
1222
1229
1238
1256
1259
1261
1287
1246
1234
1231
1234
1217
1267
1266
1254
1250
1252
1247
1242
1245
1241
1211
1227
1219
1222
1221
1229
1248
1260
1272
1296
1282
1271
1260
1253
1252
1265
1277
1296
1333
1308
1301
1283
1274
1258
1257
1259
1257
1257
1282
1246
1234
1226
1226
1208
1242
1253
1256
1254
1248
1232
1217
1224
1222
1230
1246
1247
1260
1260
1248
1254
1242
1243
1243
1241
1248
1231
1221
1260
1259
1266
1277
1287
1282
1277
1268
1260
1247
1251
1256
1283
1284
1292
1285
1269
1305
1236
1219
1218
1223
1214
1264
1262
1243
1232
1230
1215
1208
1221
1228
1208
1241
1246
1248
1250
1246
1257
1262
1277
1262
1280
1283
1268
1253
1249
1260
1257
1275
1292
1277
1276
1263
1256
1231
1243
1254
1256
1262
1262
1260
1253
1242
1245
1222
1268
1273
1276
1272
1259
1254
1252
1254
1252
1257
1262
1255
1230
1231
1196
1205
1201
1210
1220
1228
1242
1242
1255
1265
1232
1229
1235
1251
1251
1262
1273
1270
1258
1273
1279
1271
1282
1284
1271
1266
1264
1264
1265
1275
1277
1267
1274
1229
1235
1218
1227
1204
1209
1232
1239
1227
1253
1243
1226
1214
1216
1224
1237
1258
1271
1280
1287
1269
1263
1253
1258
1258
1274
1312
1285
1286
1276
1273
1289
1264
1257
1255
1255
1251
1243
1239
1228
1236
1274
1246
1244
1225
1235
1214
1215
1229
1221
1225
1242
1252
1251
1253
1244
1237
1229
1212
1246
1244
1246
1255
1245
1223
1262
1254
1261
1267
1274
1271
1272
1260
1253
1243
1252
1260
1269
1284
1291
1292
1275
1270
1246
1240
1239
1252
1270
1271
1253
1279
1271
1261
1250
1237
1247
1244
1249
1274
1258
1255
1247
1253
1256
1241
1277
1252
1249
1261
1234
1252
1235
1247
1285
1262
1261
1240
1230
1218
1219
1219
1241
1249
1271
1263
1253
1242
1236
1216
1235
1245
1263
1274
1284
1278
1253
1246
1235
1232
1236
1217
1246
1245
1256
1251
1253
1244
1250
1263
1248
1251
1256
1246
1259
1257
1263
1276
1278
1284
1291
1272
1249
1254
1246
1252
1244
1258
1271
1270
1272
1261
1266
1252
1237
1255
1271
1246
1275
1285
1267
1266
1262
1265
1263
1275
1294
1244
1267
1251
1229
1209
1204
1206
1202
1224
1222
1226
1233
1224
1213
1204
1214
1247
1222
1250
1233
1234
1233
1249
1262
1267
1272
1284
1283
1296
1277
1278
1261
1294
1309
1318
1319
1315
1303
1293
1293
1257
1293
1304
1296
1296
1278
1258
1235
1220
1211
1206
1227
1223
1232
1230
1224
1202
1216
1212
1210
1219
1239
1243
1248
1270
1265
1264
1264
1259
1258
1256
1243
1258
1259
1257
1270
1265
1273
1273
1233
1260
1252
1248
1246
1257
1268
1272
1286
1318
1301
1294
1280
1263
1265
1263
1269
1280
1284
1297
1292
1281
1263
1260
1247
1249
1253
1261
1267
1261
1260
1247
1250
1199
1246
1244
1241
1238
1236
1234
1225
1239
1238
1265
1262
1256
1256
1261
1249
1255
1212
1266
1271
1263
1267
1261
1267
1262
1264
1266
1274
1285
1289
1293
1294
1256
1280
1279
1282
1289
1288
1297
1296
1283
1336
1262
1248
1239
1240
1217
1248
1260
1250
1247
1244
1241
1232
1234
1233
1222
1238
1244
1242
1244
1248
1243
1244
1246
1254
1255
1273
1253
1255
1255
1259
1252
1266
1262
1262
1259
1255
1260
1261
1265
1283
1289
1299
1297
1292
1287
1276
1279
1269
1308
1303
1325
1312
1302
1290
1283
1280
1268
1266
1288
1263
1264
1266
1249
1229
1244
1238
1239
1229
1236
1234
1240
1261
1240
1257
1241
1238
1235
1250
1261
1267
1268
1274
1278
1270
1280
1266
1252
1254
1257
1260
1241
1264
1272
1270
1283
1281
1277
1270
1256
1259
1260
1260
1264
1273
1274
1268
1262
1250
1251
1246
1247
1253
1221
1262
1272
1250
1242
1236
1235
1225
1249
1255
1259
1268
1283
1266
1262
1269
1270
1287
1286
1293
1299
1295
1299
1289
1289
1288
1289
1283
1288
1277
1283
1282
1264
1248
1238
1239
1220
1216
1218
1203
1235
1227
1231
1231
1227
1230
1220
1215
1250
1227
1238
1253
1268
1284
1272
1286
1268
1254
1259
1236
1236
1250
1255
1258
1268
1270
1264
1248
1239
1229
1203
1213
1204
1207
1235
1235
1252
1238
1238
1231
1242
1253
1253
1258
1267
1273
1258
1285
1293
1294
1297
1327
1311
1316
1318
1333
1317
1334
1317
1301
1278
1262
1257
1256
1261
1268
1275
1276
1259
1246
1236
1215
1212
1246
1223
1233
1241
1256
1244
1241
1249
1225
1226
1219
1232
1238
1266
1275
1273
1274
1279
1269
1255
1266
1266
1270
1283
1334
1310
1318
1314
1306
1290
1281
1269
1275
1278
1290
1302
1304
1311
1299
1280
1271
1250
1256
1248
1256
1270
1273
1308
1261
1282
1272
1249
1241
1229
1239
1244
1260
1282
1262
1262
1258
1250
1250
1224
1232
1253
1256
1266
1267
1281
1272
1279
1294
1278
1278
1263
1273
1275
1286
1298
1294
1294
1287
1279
1262
1230
1253
1241
1254
1259
1300
1269
1270
1269
1247
1226
1256
1248
1248
1259
1270
1274
1280
1283
1272
1266
1266
1269
1287
1272
1276
1274
1280
1301
1277
1270
1266
1263
1269
1254
1239
1255
1261
1262
1259
1252
1258
1243
1238
1231
1257
1240
1251
1254
1262
1249
1260
1241
1248
1244
1245
1259
1257
1270
1281
1270
1267
1258
1247
1261
1271
1284
1245
1303
1306
1296
1285
1267
1286
1259
1270
1320
1288
1290
1272
1277
1259
1249
1241
1246
1227
1230
1217
1242
1246
1262
1234
1242
1238
1232
1211
1199
1212
1215
1235
1229
1276
1280
1276
1266
1244
1232
1227
1234
1244
1260
1278
1282
1262
1260
1222
1220
1217
1224
1234
1249
1260
1280
1297
1285
1300
1285
1278
1279
1280
1315
1307
1315
1322
1318
1286
1298
1278
1266
1248
1249
1251
1262
1279
1282
1286
1275
1268
1236
1241
1220
1215
1221
1233
1252
1266
1273
1264
1239
1227
1211
1216
1221
1229
1249
1266
1276
1276
1262
1252
1229
1193
1216
1245
1268
1273
1284
1278
1278
1259
1260
1236
1250
1261
1263
1275
1284
1272
1268
1215
1260
1250
1244
1262
1227
1252
1252
1268
1270
1265
1255
1241
1233
1230
1198
1233
1265
1278
1285
1286
1284
1274
1273
1276
1253
1261
1272
1285
1303
1314
1311
1297
1274
1257
1253
1257
1262
1287
1285
1291
1268
1273
1250
1225
1223
1216
1209
1229
1237
1242
1247
1254
1263
1250
1241
1237
1228
1236
1248
1252
1270
1288
1290
1298
1292
1279
1264
1261
1269
1270
1282
1282
1311
1303
1299
1282
1261
1246
1244
1244
1250
1258
1293
1272
1271
1259
1239
1243
1230
1241
1251
1253
1267
1257
1262
1264
1223
1253
1257
1257
1258
1272
1278
1273
1266
1267
1231
1269
1273
1276
1281
1279
1314
1284
1280
1277
1286
1279
1293
1302
1301
1305
1287
1301
1301
1298
1286
1279
1262
1235
1254
1260
1266
1273
1269
1259
1234
1236
1224
1209
1216
1219
1234
1238
1259
1254
1237
1235
1222
1212
1218
1208
1252
1279
1291
1300
1290
1314
1269
1267
1263
1284
1278
1320
1332
1328
1345
1327
1311
1294
1289
1285
1266
1278
1289
1271
1288
1284
1271
1257
1235
1228
1224
1226
1272
1264
1285
1297
1279
1275
1263
1247
1232
1243
1241
1265
1290
1306
1314
1308
1270
1243
1215
1199
1202
1217
1231
1255
1256
1269
1255
1222
1220
1207
1216
1219
1272
1279
1295
1313
1311
1327
1294
1268
1257
1254
1263
1272
1280
1297
1280
1299
1280
1268
1244
1235
1233
1237
1259
1281
1301
1306
1301
1289
1225
1242
1230
1226
1248
1308
1304
1315
1333
1297
1255
1239
1235
1215
1238
1265
1291
1311
1349
1314
1287
1271
1258
1256
1262
1275
1305
1321
1342
1364
1336
1312
1279
1256
1239
1241
1247
1276
1296
1307
1302
1282
1270
1225
1176
1175
1151
1194
1220
1249
1276
1278
1272
1214
1235
1217
1206
1225
1253
1293
1319
1343
1335
1317
1298
1255
1238
1236
1231
1256
1283
1299
1314
1302
1311
1262
1248
1252
1240
1239
1262
1276
1287
1310
1314
1302
1283
1278
1263
1249
1256
1265
1290
1285
1291
1294
1280
1296
1252
1230
1238
1260
1254
1294
1289
1297
1283
1276
1260
1239
1251
1257
1265
1274
1281
1278
1262
1256
1246
1249
1279
1260
1276
1279
1293
1296
1291
1261
1270
1265
1263
1268
1265
1279
1267
1265
1265
1267
1233
1231
1219
1214
1199
1221
1237
1238
1249
1246
1253
1251
1244
1233
1251
1263
1260
1284
1299
1255
1281
1292
1279
1265
1253
1269
1264
1281
1343
1308
1284
1291
1272
1242
1242
1251
1254
1267
1281
1285
1283
1277
1263
1222
1244
1239
1243
1236
1261
1271
1271
1280
1264
1259
1270
1254
1248
1245
1247
1252
1269
1285
1291
1296
1279
1273
1258
1231
1242
1262
1261
1273
1278
1282
1278
1266
1237
1236
1235
1233
1245
1260
1278
1283
1287
1277
1287
1261
1251
1260
1271
1276
1284
1289
1288
1284
1271
1264
1250
1255
1274
1254
1253
1246
1255
1246
1246
1254
1252
1221
1239
1239
1235
1235
1250
1261
1269
1278
1284
1289
1278
1269
1255
1272
1274
1286
1300
1304
1294
1283
1280
1269
1272
1274
1279
1288
1289
1284
1282
1256
1243
1197
1254
1258
1254
1239
1253
1245
1230
1238
1237
1236
1239
1265
1260
1260
1240
1264
1253
1262
1259
1259
1265
1266
1274
1280
1273
1278
1255
1283
1269
1268
1276
1263
1260
1260
1272
1273
1290
1301
1283
1297
1270
1258
1253
1242
1274
1257
1272
1307
1290
1286
1269
1258
1246
1239
1247
1255
1262
1289
1288
1285
1287
1282
1258
1276
1274
1280
1276
1274
1273
1272
1281
1272
1292
1293
1296
1274
1251
1248
1243
1258
1274
1282
1287
1279
1273
1241
1246
1233
1226
1233
1242
1244
1259
1254
1263
1273
1255
1246
1253
1247
1247
1260
1271
1278
1274
1276
1285
1281
1273
1278
1265
1265
1289
1269
1266
1271
1286
1272
1275
1285
1259
1243
1261
1247
1253
1263
1307
1284
1284
1283
1276
1243
1258
1260
1248
1261
1263
1270
1274
1266
1253
1237
1238
1236
1231
1245
1253
1249
1249
1258
1256
1248
1259
1257
1263
1251
1268
1260
1257
1269
1248
1290
1275
1282
1277
1270
1268
1271
1275
1276
1266
1284
1312
1270
1258
1238
1245
1241
1256
1267
1276
1283
1273
1277
1290
1273
1258
1260
1268
1269
1279
1298
1292
1288
1284
1282
1264
1274
1270
1258
1261
1262
1270
1267
1261
1268
1260
1253
1285
1240
1236
1231
1229
1214
1248
1249
1256
1252
1254
1245
1232
1248
1266
1262
1287
1294
1295
1307
1294
1293
1282
1323
1279
1299
1301
1294
1263
1292
1274
1269
1276
1273
1266
1266
1265
1256
1231
1246
1250
1237
1259
1266
1256
1254
1243
1246
1249
1246
1245
1238
1275
1256
1249
1258
1193
1252
1257
1263
1270
1265
1282
1275
1278
1316
1283
1279
1278
1267
1275
1266
1277
1263
1260
1252
1251
1247
1245
1262
1212
1246
1250
1255
1259
1269
1274
1274
1275
1278
1277
1275
1270
1280
1260
1292
1280
1286
1281
1272
1261
1253
1249
1248
1240
1258
1258
1254
1258
1250
1247
1238
1249
1258
1264
1277
1275
1262
1278
1264
1273
1264
1264
1263
1261
1264
1269
1253
1263
1265
1258
1258
1246
1232
1233
1237
1238
1267
1264
1269
1262
1268
1254
1246
1240
1240
1242
1266
1272
1284
1290
1294
1279
1247
1249
1247
1245
1255
1271
1272
1287
1276
1285
1276
1266
1264
1257
1255
1258
1275
1270
1282
1284
1244
1274
1268
1263
1246
1200
1260
1267
1284
1283
1281
1293
1280
1294
1274
1269
1271
1268
1305
1288
1273
1299
1295
1285
1283
1264
1268
1262
1269
1296
1274
1279
1265
1253
1237
1243
1241
1250
1254
1251
1276
1253
1239
1239
1243
1235
1240
1251
1259
1273
1275
1275
1284
1295
1282
1286
1285
1274
1288
1277
1302
1309
1299
1303
1294
1275
1256
1249
1231
1220
1226
1237
1224
1251
1270
1244
1240
1216
1229
1234
1241
1262
1264
1296
1297
1300
1285
1281
1254
1258
1271
1279
1279
1289
1292
1297
1298
1285
1279
1262
1287
1271
1257
1255
1254
1248
1263
1267
1272
1266
1280
1257
1243
1244
1249
1228
1264
1269
1302
1273
1259
1251
1226
1232
1246
1261
1267
1272
1271
1281
1270
1263
1266
1262
1267
1273
1282
1279
1257
1271
1259
1245
1223
1250
1258
1250
1253
1240
1249
1240
1241
1239
1241
1253
1248
1255
1257
1244
1258
1264
1272
1272
1265
1269
1265
1261
1269
1276
1282
1285
1291
1281
1286
1289
1282
1272
1276
1277
1276
1292
1289
1244
1274
1265
1251
1245
1240
1244
1236
1253
1295
1266
1260
1252
1238
1227
1236
1246
1246
1248
1257
1260
1260
1253
1249
1254
1266
1269
1269
1275
1274
1276
1275
1290
1288
1287
1284
1279
1264
1283
1260
1258
1270
1270
1250
1287
1281
1274
1272
1234
1249
1248
1259
1264
1264
1268
1258
1262
1252
1255
1254
1249
1264
1273
1261
1255
1255
1258
1252
1257
1259
1260
1265
1257
1260
1311
1275
1283
1294
1304
1285
1303
1317
1299
1290
1292
1289
1281
1287
1289
1283
1275
1262
1280
1255
1252
1250
1244
1255
1258
1261
1249
1237
1247
1232
1250
1249
1242
1267
1271
1271
1271
1274
1264
1259
1275
1281
1284
1297
1279
1282
1278
1281
1248
1291
1290
1284
1286
1278
1294
1275
1280
1277
1278
1282
1276
1278
1276
1252
1274
1272
1261
1283
1279
1281
1266
1254
1295
1269
1273
1274
1274
1262
1268
1274
1263
1261
1260
1270
1273
1280
1285
1270
1277
1275
1270
1268
1271
1279
1276
1293
1300
1298
1295
1293
1296
1296
1300
1297
1314
1303
1298
1295
1294
1292
1293
1285
1304
1283
1278
1277
1259
1230
1264
1274
1264
1280
1280
1279
1264
1258
1265
1263
1274
1273
1274
1284
1283
1279
1279
1272
1275
1273
1278
1281
1266
1285
1279
1308
1306
1313
1308
1303
1306
1297
1277
1293
1233
1289
1301
1304
1306
1298
1297
1283
1272
1309
1266
1257
1258
1261
1233
1247
1261
1243
1228
1225
1223
1234
1224
1226
1201
1236
1248
1259
1265
1272
1272
1268
1279
1251
1296
1301
1313
1316
1318
1356
1319
1324
1313
1301
1298
1290
1292
1304
1279
1296
1289
1281
1274
1235
1246
1238
1240
1235
1254
1260
1262
1259
1268
1259
1254
1258
1248
1225
1251
1248
1269
1258
1253
1257
1254
1255
1248
1237
1239
1234
1246
1273
1270
1279
1287
1297
1286
1270
1277
1270
1274
1282
1292
1294
1299
1308
1293
1301
1281
1282
1274
1273
1280
1253
1284
1279
1287
1284
1283
1275
1263
1262
1246
1276
1245
1245
1247
1255
1259
1260
1262
1255
1192
1234
1239
1238
1246
1246
1255
1257
1255
1294
1250
1248
1246
1247
1245
1206
1254
1260
1261
1264
1262
1270
1272
1258
1300
1282
1281
1264
1275
1267
1274
1285
1303
1274
1275
1280
1265
1248
1271
1257
1256
1255
1257
1255
1249
1253
1249
1248
1269
1245
1256
1248
1245
1235
1237
1246
1252
1256
1264
1283
1269
1273
1267
1261
1259
1260
1271
1278
1299
1299
1292
1297
1273
1267
1291
1289
1286
1287
1302
1287
1287
1272
1261
1271
1248
1242
1235
1236
1235
1233
1241
1250
1245
1251
1250
1251
1252
1245
1245
1240
1244
1249
1265
1276
1278
1269
1283
1254
1244
1247
1253
1260
1266
1329
1286
1278
1275
1277
1262
1261
1281
1273
1271
1275
1276
1281
1285
1289
1290
1298
1268
1280
1272
1260
1263
1255
1261
1252
1279
1282
1277
1271
1252
1246
1240
1249
1253
1276
1278
1267
1292
1292
1264
1289
1288
1290
1287
1289
1291
1288
1294
1278
1288
1302
1291
1282
1268
1266
1256
1251
1247
1249
1256
1252
1285
1269
1246
1258
1247
1251
1239
1245
1258
1261
1274
1310
1279
1277
1246
1264
1256
1267
1278
1277
1281
1263
1286
1297
1285
1279
1286
1268
1263
1264
1258
1260
1268
1259
1292
1275
1284
1281
1275
1270
1249
1270
1273
1286
1287
1298
1301
1293
1285
1305
1258
1257
1260
1258
1257
1259
1260
1256
1258
1243
1258
1256
1261
1256
1243
1255
1256
1263
1269
1278
1289
1291
1317
1295
1276
1283
1292
1273
1281
