1073
1487
1488
1471
1278
1236
1250
1235
1228
1236
1247
1201
1221
1243
1232
1235
1220
1258
1221
1215
1221
1232
1276
1237
1246
1221
1351
1260
1251
1227
1282
1232
1240
1256
1263
1232
1241
1241
1212
1307
1239
1247
1226
1236
1252
1245
1253
1259
1244
1263
1171
1249
1253
1245
1235
1254
1257
1260
1234
1235
1238
1106
1186
1267
1231
1240
1227
1208
1197
1237
1237
1260
1234
1277
1230
1236
1227
1215
1224
1226
1239
1236
1220
1195
1203
1178
1262
1224
1219
1222
1211
1223
1227
1210
1214
1219
1235
1234
1319
1212
1231
1227
1300
1246
1232
1263
1234
1236
1252
1271
1254
1225
1254
1253
1248
1253
1243
1165
1252
1228
1245
1196
1278
1233
1207
1232
1182
1220
1243
1211
1193
1203
1220
1214
1150
1240
1218
1225
1242
1223
1231
1229
1236
1222
1244
1225
1235
1266
1245
1241
1277
1249
1291
1236
1239
1217
1230
1244
1293
1219
1242
1222
1201
1222
1229
1200
1232
1251
1261
1274
1309
1283
1243
1286
1287
1286
1279
1289
1282
1257
1219
1280
1195
1208
1224
1220
1239
1240
1263
1261
1320
1378
1393
1403
1402
1390
1342
1335
1324
1293
1301
1277
1246
1269
1204
1076
951
908
865
887
864
844
906
893
912
930
946
991
1080
1186
1277
1395
1449
1538
1550
1578
1565
1522
1523
1442
1469
1429
1337
1308
1256
1159
1147
1086
1069
1103
957
987
949
921
920
960
1032
1054
1189
1268
1332
1400
1404
1474
1516
1548
1563
1513
1460
1416
1366
1316
1221
1384
1310
1302
1287
1274
1263
1247
1201
1219
1252
1268
1270
1244
1217
1183
1117
1126
1098
1134
1110
1072
1036
868
1012
937
946
971
1027
1085
1139
1153
1209
1231
1181
1294
1282
1341
1341
1373
1382
1388
1442
1431
1400
1376
1319
1307
1185
1106
1089
1039
1044
1080
1143
1151
1223
1226
1275
1191
1243
1283
1270
1289
1229
1312
1306
1292
1250
1253
1145
1154
1116
1125
1067
1035
1017
1011
1041
1064
1115
1159
1315
1359
1345
1388
1422
1438
1439
1515
1552
1541
1534
1531
1424
1351
1270
1241
1200
1178
1186
1170
1155
1100
1114
1124
1105
1179
1236
1249
1244
1207
1169
1145
1103
1075
1087
1088
1050
1096
1079
1061
1043
1014
1036
1120
1157
1180
1083
1137
1213
1235
1256
1302
1335
1403
1454
1444
1453
1438
1369
1356
1343
1356
1366
1387
1313
1347
1357
1313
1439
1344
1300
1294
1294
1283
1144
1203
1214
1178
1204
1171
1184
1148
1099
1079
1090
1087
1088
1084
1117
1176
1191
1211
1209
1260
1196
1213
1243
1254
1258
1268
1258
1222
1186
1167
1177
1177
1163
1205
1147
1116
1072
1020
1045
1097
1159
1241
1350
1345
1355
1368
1332
1328
1338
1345
1326
1352
1332
1257
1135
1126
1111
1086
1159
1196
1224
1253
1267
1284
1278
1285
1340
1430
1439
1471
1460
1420
1367
1276
1290
1272
1278
1281
1288
1251
1232
1249
1206
1203
1212
1213
1278
1281
1251
1225
1268
1144
1185
1227
1233
1238
1212
1205
1162
1142
1091
1064
1167
1127
1135
1123
1145
1149
1170
1167
1228
1253
1298
1249
1315
1342
1348
1368
1302
1316
1296
1324
1304
1247
1193
1141
1025
1043
1059
1063
1063
1116
1096
1102
1094
1100
1123
1173
1281
1367
1392
1377
1338
1305
1234
1247
1256
1272
1198
1335
1274
1272
1203
1185
1152
1198
1267
1292
1329
1281
1355
1230
1208
1239
1273
1323
1334
1353
1271
1255
1187
1155
1109
1235
1243
1291
1294
1283
1235
1227
1262
1239
1248
1228
1299
1252
1236
1176
1109
1094
1094
1134
1141
1170
1154
1030
1099
1051
1067
1098
1140
1179
1225
1222
1198
1216
1231
1227
1268
1337
1380
1413
1413
1353
1305
1263
1252
1278
1331
1302
1327
1310
1272
1233
1190
1204
1186
1221
1315
1211
1289
1185
1131
1094
1112
1173
1186
1251
1276
1280
1249
1133
1170
1174
1214
1255
1297
1343
1317
1284
1222
1218
1179
1239
1269
1303
1254
1221
1179
1143
1132
1147
1183
1221
1170
1208
1166
1121
1119
1138
1153
1233
1277
1298
1190
1231
1239
1210
1226
1227
1265
1289
1304
1267
1222
1189
1173
1161
1203
1236
1274
1262
1211
1210
1210
1193
1217
1369
1263
1369
1363
1363
1309
1263
1236
1258
1267
1324
1332
1353
1311
1296
1222
1204
1205
1170
1296
1339
1330
1309
1254
1188
1198
1175
1269
1242
1306
1311
1285
1241
1190
1183
1181
1192
1276
1284
1272
1221
1166
1097
1145
1166
1221
1327
1265
1360
1265
1244
1162
1163
1167
1167
1243
1263
1234
1253
1098
1093
1112
1160
1211
1247
1286
1237
1205
1148
1132
1103
1228
1263
1321
1287
1271
1218
1216
1227
1224
1270
1333
1331
1375
1351
1332
1272
1247
1272
1323
1359
1422
1317
1304
1282
1220
1180
1200
1221
1268
1272
1317
1260
1218
1201
1203
1241
1261
1326
1340
1333
1220
1195
1129
1120
1120
1195
1263
1320
1353
1278
1230
1174
1178
1207
1253
1366
1320
1285
1238
1175
1132
1151
1191
1191
1306
1308
1290
1272
1185
1159
1184
1238
1278
1375
1376
1318
1277
1111
1166
1203
1260
1326
1377
1367
1316
1275
1176
1162
1177
1271
1270
1335
1315
1281
1189
1157
1140
1140
1221
1271
1321
1275
1337
1256
1205
1221
1266
1330
1386
1389
1357
1283
1301
1233
1175
1231
1310
1372
1375
1375
1303
1238
1147
1165
1213
1180
1270
1304
1243
1237
1160
1123
1160
1229
1269
1310
1248
1249
1216
1163
1122
1155
1186
1287
1364
1366
1323
1257
1190
1162
1170
1227
1295
1353
1347
1296
1248
1157
1150
1153
1264
1334
1380
1390
1322
1253
1184
1179
1236
1283
1409
1390
1362
1316
1243
1178
1126
1198
1261
1378
1428
1434
1279
1205
1155
1170
1215
1287
1336
1391
1340
1291
1251
1128
1143
1176
1301
1332
1358
1329
1223
1161
1141
1159
1245
1267
1349
1350
1326
1250
1115
1175
1114
1198
1273
1334
1321
1222
1227
1141
1080
1131
1189
1225
1259
1308
1280
1192
1143
1067
1144
1180
1329
1352
1357
1320
1223
1159
1149
1191
1283
1347
1413
1353
1306
1241
1137
1157
1230
1320
1353
1432
1407
1341
1226
1158
1153
1206
1285
1363
1404
1371
1276
1198
1244
1146
1227
1335
1375
1405
1373
1277
1157
1119
1144
1215
1251
1404
1406
1308
1241
1148
1080
1134
1202
1306
1387
1410
1335
1250
1133
1108
1166
1283
1362
1358
1351
1304
1195
1060
1120
1152
1151
1293
1376
1389
1274
1237
1114
1118
1243
1234
1353
1386
1408
1286
1181
1108
1098
1154
1184
1333
1373
1371
1264
1145
1102
1090
1164
1187
1353
1396
1369
1290
1218
1072
1105
1196
1316
1370
1400
1369
1287
1175
1123
1120
1170
1342
1364
1382
1319
1237
1138
1108
1146
1265
1278
1477
1451
1341
1242
1111
1071
1137
1225
1343
1372
1404
1291
1206
1094
1059
1098
1226
1371
1431
1403
1293
1194
1024
1100
1110
1241
1459
1345
1320
1268
1202
1077
1190
1147
1293
1237
1465
1411
1300
1241
1147
1136
1250
1316
1533
1427
1416
1287
1232
1138
1118
1249
1305
1563
1445
1401
1302
1234
1196
1110
1243
1290
1524
1426
1346
1236
1160
1125
1068
1279
1262
1544
1389
1322
1208
1115
1139
1072
1215
1278
1401
1435
1314
1210
1080
1149
1139
1265
1251
1422
1440
1294
1224
1066
1154
1176
1303
1264
1456
1411
1291
1206
1084
1048
1169
1327
1255
1413
1402
1253
1151
1051
1046
1134
1294
1213
1476
1372
1247
1178
1067
1075
1255
1337
1297
1570
1413
1276
1249
1155
1148
1298
1344
1300
1509
1354
1225
1178
1110
1071
1302
1358
1294
1465
1360
1232
1120
1154
1123
1318
1359
1264
1526
1347
1224
1115
1170
1194
1339
1348
1262
1497
1342
1216
1068
1167
1181
1323
1299
1227
1494
1305
1195
1049
1174
1182
1270
1333
1278
1431
1251
1147
1017
1152
1188
1311
1288
1357
1421
1263
1174
1068
1175
1278
1363
1353
1557
1438
1270
1176
1083
1208
1280
1309
1318
1500
1368
1197
1142
1065
1164
1301
1367
1321
1539
1371
1205
1144
1085
1187
1283
1371
1308
1498
1357
1206
1129
1113
1180
1342
1382
1307
1527
1337
1178
1115
1122
1176
1299
1402
1235
1510
1333
1194
1119
1163
1199
1361
1387
1207
1452
1267
1118
997
1120
1161
1286
1312
1198
1431
1232
1119
1036
1171
1212
1388
1400
1252
1471
1267
1164
1059
1218
1242
1413
1345
1177
1449
1253
1133
1067
1247
1247
1374
1350
1158
1412
1214
1141
1066
1274
1281
1438
1325
1175
1373
1191
1126
1046
1258
1310
1372
1335
1091
1354
1179
1123
1066
1289
1337
1403
1294
1082
1314
1154
1117
1086
1331
1397
1420
1272
1230
1287
1129
1127
1106
1346
1373
1419
1245
1305
1271
1131
1126
1117
1303
1358
1342
1225
1378
1237
1102
1119
1140
1235
1341
1395
1188
1380
1221
1104
1102
1184
1247
1377
1420
1136
1423
1251
1142
1113
1239
1311
1452
1431
1207
1446
1252
1147
1067
1257
1293
1417
1359
1200
1371
1176
1085
1028
1219
1289
1401
1332
1115
1320
1135
1083
1039
1276
1311
1450
1331
1122
1335
1150
1108
1069
1313
1374
1448
1323
1073
1326
1153
1106
1096
1342
1403
1455
1277
1077
1280
1094
1100
1098
1365
1380
1388
1269
1149
1218
1046
1082
1108
1308
1400
1386
1273
1385
1240
1125
1099
1143
1278
1398
1412
1234
1393
1228
1078
1101
1153
1210
1392
1342
1215
1376
1182
1075
1091
1186
1275
1384
1376
1226
1407
1199
1092
1075
1233
1287
1461
1420
1205
1378
1164
1067
749
1431
1305
1386
1351
1141
1316
1107
1034
747
1376
1292
1440
1309
1046
1339
1125
1063
1141
1402
1305
1476
1306
1220
1309
1110
758
1120
1400
1352
1411
1341
1569
1297
1111
819
1165
1188
1413
1411
1332
1527
1275
1080
706
1171
1374
1342
1422
1255
1493
1238
1074
647
1295
1200
1345
1397
1267
1464
1213
1046
684
1328
1249
1399
1437
1308
1468
1218
1069
699
1380
1270
1431
1395
1651
1440
1184
1063
693
1407
1222
1392
1375
1556
1393
1174
727
757
1448
1307
1433
1352
1628
1353
1094
723
741
1442
1262
1400
1362
1581
1314
1109
636
780
1455
1274
1437
1325
1575
1331
1094
650
813
1524
1376
1421
1373
1581
1297
1096
647
794
1553
1358
1403
1517
1543
1278
1063
674
1139
1339
1415
1427
1340
1549
1266
1084
660
1173
1536
1442
1473
1720
1500
1217
1069
611
1291
1193
1350
1391
1598
1456
1218
706
698
1340
1272
1442
1449
1686
1453
1177
747
732
1378
1308
1474
1464
1727
1455
1187
612
729
1435
1304
1462
1453
1694
1378
1104
561
655
1415
1302
1436
1367
1648
1374
1122
599
722
1469
1364
1485
1540
1659
1350
1029
629
780
1493
1312
1407
1727
1555
1255
1015
560
744
1465
1311
1435
1728
1538
1255
626
589
1171
1597
1419
1520
1820
1624
1311
742
662
1169
1441
1404
1461
1713
1474
1178
544
601
1170
1509
1294
1376
1548
1421
1159
606
622
1317
1239
1448
1482
1689
1475
1171
582
713
1364
1272
1419
1501
1650
1401
1145
622
685
1422
1277
1416
1476
1611
1341
1067
597
751
1482
1332
1432
1809
1632
1352
1105
571
754
1481
1266
1430
1755
1555
1259
1055
547
824
1562
1380
1445
1781
1579
1293
698
647
847
1599
1320
1421
1516
1499
1198
678
571
1106
1353
1312
1372
1628
1435
1157
630
629
1271
1568
1368
1407
1644
1452
1145
567
681
1218
1393
1316
1368
1562
1362
1102
510
641
1294
1170
1298
1517
1552
1340
1104
608
696
1426
1330
1466
1737
1660
1430
1175
695
804
1495
1268
1409
1802
1633
1359
1121
652
754
1473
1277
1337
1708
1557
1290
663
648
753
1512
1279
1427
1510
1611
1367
748
669
874
1527
1268
1352
1425
1483
1237
626
686
1129
1550
1306
1364
1526
1530
1294
716
707
1301
1445
1283
1323
1447
1429
1221
669
705
1367
1404
1308
1468
1598
1475
1237
724
702
1369
1361
1310
1701
1545
1433
1214
717
793
1412
1155
1243
1641
1557
1364
1167
663
817
1484
1258
1392
1739
1629
1456
912
773
1129
1526
1203
1340
1682
1549
1347
809
717
862
1479
1188
1223
1360
1524
1334
780
780
917
1508
1212
1320
1477
1530
1321
752
776
1267
1514
1224
1280
1339
1501
1323
788
1009
1270
1465
1158
1236
1327
1404
1271
744
824
1417
1238
1298
1306
1568
1523
1301
846
989
1407
1133
1171
1591
1493
1429
1253
801
1036
1535
1208
1324
1620
1625
1532
1379
834
882
1464
1146
1162
1536
1445
1306
835
724
871
1459
1175
1257
1399
1584
1509
1053
904
1002
1622
1271
1335
1598
1616
1470
935
863
967
1511
1137
1090
1305
1423
1303
821
782
1341
1403
1185
1193
1335
1537
1432
903
1286
1363
1458
1164
1221
1292
1420
1304
807
898
1403
1133
1123
1185
1427
1428
1308
869
938
1437
1119
1129
1534
1418
1455
1376
931
962
1484
1156
1223
1588
1444
1460
982
923
993
1505
1114
1145
1553
1508
1454
1025
1000
1081
1605
1198
1245
1596
1534
1440
923
1285
904
1426
964
993
1192
1369
1315
871
1058
997
1579
1175
1233
1385
1571
1528
1004
1391
1075
1564
1093
1197
1259
1420
1339
867
1158
1364
1385
1134
1107
1243
1474
1430
976
1228
1403
1387
1086
1407
1291
1462
1418
955
1081
1472
1083
1067
1280
1304
1362
1334
932
1030
1497
1167
1103
1494
1431
1486
1063
1154
1043
1554
1131
1130
1446
1402
1401
1047
920
1077
1568
1143
1084
1318
1438
1454
990
1435
1119
1593
1117
1119
1272
1428
1401
936
1381
1075
1534
1103
976
1118
1322
1283
847
1223
967
1481
1026
1039
1219
1403
1433
1014
1273
1540
1510
1228
1164
1283
1482
1395
1038
1125
1389
1284
1051
1300
1213
1328
1322
943
1060
1540
1147
1144
1343
1350
1465
1083
1339
1153
1585
1216
1105
1474
1359
1383
1032
1325
1043
1567
1144
1116
1274
1356
1392
1099
1172
1117
1620
1171
1133
1478
1441
1464
1014
1458
1106
1591
1092
1086
1132
1382
1374
994
1409
1089
1604
1169
1079
1233
1424
1401
987
1361
1125
1586
1103
1025
1199
1340
1309
957
1153
1378
1369
1099
1042
1184
1362
1330
971
1060
1427
1357
1180
1292
1172
1443
1442
1030
1176
1332
1365
1136
1469
1242
1380
969
1388
1069
1540
1187
1117
1429
1335
1407
1024
1417
1154
1594
1201
1110
1366
1342
1365
960
1432
1055
1568
1102
1101
1338
1347
1345
930
1437
1076
1653
1239
1144
1172
1406
1384
935
1467
1161
1626
1172
1133
1181
1377
1341
934
1302
1103
1627
1166
1119
1210
1363
1329
909
1180
1181
1654
1221
1434
1238
1409
1395
1056
1115
1462
1418
1229
1139
1208
1360
1333
958
1052
1237
1258
1150
1450
1165
1344
943
1398
1088
1624
1285
1213
1462
1292
1311
911
1321
1011
1541
1222
1149
1369
1306
1326
914
1427
1108
1657
1259
1205
1481
1401
1361
951
1429
1079
1650
1233
1158
1261
1361
1306
859
1418
1103
1671
1255
1188
1319
1438
1383
946
1340
1127
1634
1203
1135
1248
1360
1273
993
1202
1163
1663
1274
1540
1252
1394
1343
1236
1080
1346
1318
1120
1243
1142
1338
1324
1158
1098
1356
1343
1262
1591
1253
1395
940
1398
1102
1641
1290
1231
1499
1338
1378
973
1387
1112
1630
1278
1267
1488
1375
1368
893
1432
1101
1665
1268
1245
1506
1394
1345
852
1385
1068
1608
1200
1174
1247
1365
1315
897
1412
1087
1666
1263
1246
1292
1356
1292
878
1239
1029
1567
1155
1097
1250
1370
1249
1157
1200
1085
1627
1261
1538
1254
1395
1320
1233
1094
1329
1364
1257
1344
1257
1387
943
1335
1064
1141
1288
1262
1561
1254
1375
929
1327
1056
1537
1228
1203
1475
1320
1348
989
1360
1042
1590
1291
1229
1345
1319
1357
834
1390
1000
1486
1174
1086
1180
1314
1307
895
1391
1083
1666
1264
1205
1326
1451
1306
920
1396
1044
1617
1210
1190
1320
1394
1322
830
1223
1085
1621
1216
1184
1274
1402
1322
1209
1159
1099
1600
1233
1444
1276
1384
1284
1188
979
1231
1223
1187
1243
1204
1338
891
1307
1030
1288
1288
1222
1578
1263
1394
893
1316
983
1486
1163
1150
1390
1241
1289
951
1293
1013
1539
1268
1200
1364
1398
1368
866
1370
1003
1517
1174
1205
1228
1349
1324
854
1303
1027
1577
1201
1153
1254
1386
1310
836
1314
1006
1552
1202
1178
1312
1401
1336
904
1237
1046
1596
1284
1241
1336
1405
1263
1165
1052
1029
1485
1192
1395
1259
1401
1323
1247
969
1238
1248
1254
1243
1296
1412
958
1330
970
1169
1236
1215
1541
1237
1389
961
1331
1009
1099
1226
1178
1500
1301
1360
874
1332
1000
1496
1204
1170
1446
1360
1325
852
1314
984
1474
1155
1194
1284
1378
1372
868
1370
1054
1613
1254
1219
1307
1413
1320
804
1294
990
1528
1172
1147
1220
1344
1274
832
1162
989
1500
1161
1101
1236
1386
1277
1183
1097
1039
1487
1192
1413
1277
1449
1379
1344
982
1357
1212
1221
1142
1296
1386
888
1297
964
1056
1202
1239
1552
1264
1409
953
1322
999
1129
1183
1172
1356
1314
1378
820
1315
961
1462
1171
1183
1533
1389
1361
879
1355
977
1478
1235
1221
1298
1421
1380
899
1315
978
1535
1122
1191
1324
1434
1341
879
1327
953
1545
1212
1219
1335
1448
1367
932
1152
1050
1564
1210
1248
1361
1489
1350
1277
1161
1020
1495
1221
1303
1267
1381
1264
1177
883
1156
1137
1155
1137
1190
1315
869
1245
929
1056
1178
1214
1562
1250
1420
997
1355
1004
1153
1276
1226
1370
1323
1389
875
1299
935
1419
1140
1125
1478
1284
1316
811
1252
889
1402
1145
1141
1294
1399
1373
838
1317
911
1529
1221
1219
1344
1450
1346
818
1264
891
1503
1117
1174
1353
1469
1383
1017
1191
983
1477
1247
1191
1358
1456
1350
1222
1058
970
1385
1156
1286
1437
1416
1324
1260
917
1034
1416
1222
1584
1311
1427
892
1304
982
1083
1184
1215
1543
1214
1398
940
1213
894
1002
1118
1149
1512
1270
1325
823
1259
862
1442
1174
1182
1452
1421
1398
870
1321
952
1474
1213
1209
1324
1418
1355
840
1284
919
1524
1179
1216
1314
1451
1353
820
1286
907
1506
1186
1198
1326
1423
1327
803
1154
928
1426
1174
1152
1213
1423
1310
1194
1113
927
1389
1184
1180
1238
1395
1289
1207
861
1005
1360
1227
1566
1322
1444
917
1293
951
1070
1150
1172
1506
1227
1357
887
1223
858
999
1174
1215
1589
1331
1411
836
1302
881
1457
1141
1234
1535
1412
1352
843
1263
932
1432
1132
1203
1308
1426
1383
859
1315
975
1528
1173
1211
1347
1505
1407
915
1345
1024
1569
1213
1254
1291
1461
1342
865
1252
1345
1259
1144
1134
1050
949
1300
1250
1252
1191
1301
1385
1225
1059
936
832
1203
1288
1378
1489
1406
1397
1263
954
874
820
842
1460
1559
1578
1412
1265
1128
831
831
851
1010
1566
1669
1624
1459
1132
1046
997
906
1003
1153
1218
1644
1512
1356
1105
1071
1160
1141
1209
1239
1223
1499
1378
1270
1245
1142
1274
1373
1257
1178
1036
926
1325
1326
1381
1352
1467
1459
1193
1048
867
777
1251
1380
1480
1551
1397
1359
1144
931
825
899
956
1584
1658
1625
1349
1166
1051
806
875
947
1067
1620
1641
1519
1343
1051
1016
1013
1005
1126
1169
1129
1503
1332
1233
1060
1101
1237
1216
1226
1230
1104
1364
1321
1294
1328
1278
1407
1479
1210
1120
942
840
1340
1408
1513
1487
1488
1409
1049
951
836
776
1314
1472
1549
1551
1303
1172
1059
832
866
906
1113
1706
1711
1592
1295
1103
1032
882
969
1078
1225
1631
1591
1417
1264
1025
1082
1188
1155
1235
1196
1120
1373
1211
1124
1083
1099
1275
1193
1214
1084
866
1169
1199
1220
1313
1284
1373
1356
1070
893
684
663
1192
1324
1461
1494
1334
1211
887
730
682
797
1212
1608
1737
1749
1499
1345
1207
974
943
1134
1297
1880
1966
1858
1728
1390
1250
1043
960
975
1081
1161
1564
1522
1459
1226
1170
1154
983
937
915
908
1379
1483
1536
1582
1439
1439
1320
1053
1008
965
1050
1654
1755
1786
1597
1451
1231
849
756
781
860
1451
1649
1685
1563
1185
969
805
541
625
797
976
1614
1620
1473
1187
915
798
626
621
798
1003
1492
1619
1550
1432
1174
1101
1147
956
1122
1156
1225
1736
1718
1655
1555
1352
1317
1189
1080
1103
1172
1199
1745
1722
1669
1380
1220
1081
822
867
943
1120
1767
1875
1826
1639
1222
1007
886
688
873
1143
1328
1924
1875
1654
1231
958
850
693
827
1029
1291
1752
1808
1646
1440
1093
1023
1070
1016
1163
1367
1381
1850
1764
1627
1409
1218
1178
1035
1003
1025
991
1060
1505
1437
1404
1173
1098
1019
759
806
848
960
1536
1664
1631
1514
1184
1029
900
718
792
997
1197
1805
1837
1693
1359
1089
965
768
889
1109
1382
1865
2008
1872
1674
1316
1146
1115
1033
1228
1362
1456
1947
1843
1643
1415
1107
1048
1041
965
1110
1162
1218
1639
1531
1372
1102
972
929
744
840
951
996
1480
1539
1453
1300
979
870
828
743
852
1082
1201
1785
1757
1579
1320
1012
945
933
970
1120
1395
1497
1904
1713
1467
1112
948
962
919
1111
1332
1442
1783
1678
1472
1235
993
1006
1189
1244
1383
1436
1424
1750
1579
1401
1243
1111
1171
1197
1172
1283
1242
1229
1598
1525
1421
1205
1178
1205
1079
1155
1232
1269
1647
1634
1515
1381
1101
1044
1072
917
1064
1094
1217
1624
1510
1345
1161
918
909
981
953
1057
1198
1144
1527
1342
1192
911
862
943
883
1039
1117
1195
1542
1489
1307
1192
960
1018
1127
1067
1154
1326
1290
1679
1590
1457
1309
1126
1156
1255
1176
1280
1255
1241
1599
1464
1309
1041
992
1068
1054
1164
1258
1294
1446
1550
1399
1252
1044
1086
1210
1168
1307
1371
1304
1601
1463
1257
1176
1015
1125
1290
1212
1279
1313
1176
1535
1385
1261
1126
1129
1255
1304
1300
1263
1244
1053
1442
1279
1195
1018
1064
1152
1178
1181
1192
1125
1425
1376
1298
1226
1061
1133
1214
1122
1122
1131
1037
1425
1323
1239
1171
1057
1138
1264
1188
1267
1205
1172
1508
1404
1313
1155
1166
1300
1326
1341
1346
1298
1313
1503
1384
1290
1183
1265
1354
1250
1244
1240
1136
1402
1349
1268
1238
1112
1207
1286
1143
1124
1055
988
1340
1278
1230
1218
1124
1198
1257
1093
1117
1049
1015
1438
1379
1345
1232
1207
1263
1264
1197
1148
1181
1191
1483
1378
1288
1136
1132
1205
1097
1182
1205
1186
1470
1423
1298
1226
1056
1137
1267
1225
1276
1296
1226
1548
1437
1341
1268
1171
1267
1403
1272
1336
1289
1177
1538
1399
1334
1281
1219
1331
1441
1340
1296
1280
1182
1496
1392
1323
1193
1219
1301
1313
1267
1214
1184
1243
1362
1249
1191
1067
1165
1327
1176
1222
1173
1053
1272
1219
1152
1160
1081
1212
1341
1223
1239
1146
984
1292
1206
1203
1249
1191
1327
1419
1207
1189
1026
938
1280
1232
1279
1307
1278
1368
1457
1187
1092
1046
869
1297
1291
1323
1305
1298
1346
1346
1148
1138
1014
978
1360
1346
1372
1293
1366
1427
1314
1261
1183
1130
1336
1370
1344
1361
1283
1383
1469
1340
1267
1198
1075
1387
1279
1338
1384
1329
1442
1503
1283
1230
1102
948
1260
1226
1265
1338
1274
1359
1409
1184
1119
1059
960
1323
1290
1328
1363
1266
1355
1359
1156
1123
1001
941
1320
1259
1302
1336
1268
1350
1400
1190
1139
1072
930
1283
1259
1296
1321
1342
1429
1415
1260
1139
1029
1040
1238
1288
1373
1389
1451
1512
1348
1180
1032
921
1171
1224
1338
1444
1384
1466
1469
1267
1136
1001
891
1258
1281
1365
1456
1336
1395
1403
1203
1109
984
877
1289
1292
1367
1424
1339
1414
1441
1192
1132
996
863
1262
1221
1309
1415
1365
1457
1482
1189
1059
914
814
1180
1214
1332
1471
1420
1478
1474
1169
1062
880
845
1277
1324
1472
1577
1508
1500
1439
1108
1035
900
909
1312
1426
1549
1596
1471
1471
1428
1121
1041
1018
933
1310
1434
1496
1550
1440
1467
1414
1141
1025
900
886
1220
1373
1463
1550
1421
1441
1345
1039
940
800
805
1189
1406
1514
1576
1425
1382
1235
987
822
847
1149
1284
1445
1531
1564
1385
1320
1201
971
888
848
1211
1288
1420
1500
1524
1349
1305
1141
933
861
806
1202
1249
1411
1496
1543
1383
1341
1171
919
894
816
1244
1333
1505
1603
1647
1458
1371
1135
971
842
890
1322
1421
1535
1653
1612
1432
1333
1097
978
934
952
1409
1474
1623
1655
1620
1389
1294
1072
979
934
947
1356
1383
1529
1540
1523
1327
1271
1027
906
927
879
1128
1343
1491
1532
1524
1313
1241
1055
920
875
908
1305
1393
1540
1565
1520
1307
1211
1004
861
922
908
1114
1379
1496
1546
1516
1304
1235
1138
954
977
959
1219
1367
1493
1490
1483
1293
1245
1160
1015
965
975
1120
1359
1469
1507
1513
1333
1276
1170
982
932
984
1130
1330
1473
1529
1515
1358
1264
1185
930
941
938
1069
1327
1467
1521
1510
1340
1236
1177
982
971
925
1192
1369
1510
1574
1542
1420
1241
1158
902
915
888
1094
1289
1368
1581
1577
1492
1245
1163
940
910
885
1093
1328
1500
1605
1590
1505
1234
1135
918
900
924
1119
1323
1527
1653
1610
1525
1204
1127
907
876
916
1154
1339
1532
1629
1644
1511
1247
1136
907
883
943
1204
1364
1530
1650
1618
1485
1204
1083
956
906
965
1238
1344
1520
1610
1521
1454
1200
1097
991
915
962
1116
1262
1438
1508
1475
1343
1153
1014
995
875
955
1059
1270
1401
1517
1491
1367
1180
1050
1060
901
1021
1063
1290
1421
1497
1488
1308
1229
1042
1049
951
1044
1149
1284
1423
1484
1489
1355
1245
1069
1082
982
1087
1140
1325
1414
1469
1480
1340
1242
1103
1121
996
1119
1208
1323
1422
1417
1399
1309
1237
1179
1099
1191
1102
1254
1361
1441
1442
1406
1332
1220
1165
1097
1188
1224
1288
1378
1388
1354
1193
1196
1198
1167
1149
1230
1181
1261
1269
1333
1280
1207
1166
1160
1174
1181
1220
1191
1271
1277
1240
1185
1140
1130
1136
1181
1234
1243
1334
1363
1268
1205
1145
1120
1091
1159
1222
1273
1330
1430
1359
1326
1217
1093
1069
1090
1184
1232
1394
1425
1497
1444
1328
1168
1028
1013
1037
1150
1231
1406
1458
1492
1323
1273
1070
944
912
1002
1150
1329
1455
1518
1518
1425
1238
1089
898
892
972
1170
1333
1514
1594
1527
1455
1230
1062
858
858
966
1117
1346
1550
1600
1600
1448
1221
988
833
844
929
1157
1378
1639
1685
1635
1470
1207
997
884
841
1100
1158
1405
1580
1680
1648
1498
1275
990
856
776
870
1096
1420
1626
1692
1648
1498
1245
1002
864
855
962
1164
1375
1560
1670
1585
1472
1260
991
898
881
967
1071
1387
1500
1567
1563
1453
1250
1048
885
863
921
1066
1258
1501
1518
1526
1466
1277
1094
956
908
911
1056
1234
1442
1509
1525
1504
1324
1186
1038
965
994
1076
1205
1377
1557
1553
1506
1419
1237
1095
1011
1009
1065
1160
1300
1476
1483
1481
1385
1216
1092
992
965
1032
1139
1246
1311
1470
1480
1435
1318
1167
1082
1005
1033
1142
1259
1375
1493
1505
1464
1361
1256
1171
1107
1119
1177
1244
1282
1451
1475
1459
1368
1272
1165
1203
1110
1180
1235
1326
1367
1401
1410
1354
1284
1160
1109
1079
1114
1173
1239
1350
1355
1350
1340
1273
1194
1138
1162
1115
1161
1228
1250
1318
1271
1283
1259
1203
1218
1167
1145
1131
1189
1318
1244
1287
1336
1307
1298
1243
1240
1188
1199
1213
1243
1265
1272
1344
1302
1303
1268
1244
1214
1205
1201
1248
1248
1261
1282
1304
1342
1254
1270
1247
1231
1161
1183
1134
1171
1244
1283
1308
1314
1300
1303
1240
1199
1159
1174
1220
1257
1314
1307
1325
1296
1299
1223
1146
1113
1148
1172
1306
1304
1332
1317
1288
1257
1190
1191
1142
1173
1236
1281
1326
1335
1339
1290
1275
1253
1233
1168
1180
1252
1258
1361
1366
1369
1282
1243
1185
1152
1116
1164
1204
1303
1343
1405
1350
1273
1224
1099
1113
1158
1166
1261
1343
1372
1566
1338
1271
1097
1104
1081
1110
1163
1270
1342
1385
1313
1301
1219
1118
1068
1074
1027
1149
1265
1367
1465
1439
1384
1251
1138
1049
1029
1036
1129
1244
1279
1518
1477
1427
1286
1118
978
952
984
1092
1226
1416
1522
1514
1453
1310
1121
985
936
964
1074
1236
1407
1579
1612
1495
1351
1157
1007
924
967
1050
1179
1365
1512
1587
1537
1472
1282
1097
970
918
998
1125
1273
1471
1636
1624
1513
1320
1120
969
890
937
1054
1223
1452
1544
1583
1537
1372
1155
1016
871
918
1035
1167
1361
1508
1501
1495
1413
1263
1106
987
953
996
1073
1212
1382
1463
1546
1492
1371
1233
1103
984
922
1016
1009
1254
1395
1422
1505
1386
1269
1136
992
936
939
941
1110
1182
1367
1451
1424
1367
1283
1150
1040
986
978
993
1111
1248
1383
1461
1502
1510
1355
1203
1048
945
897
1007
1156
1326
1475
1538
1577
1481
1289
1098
935
999
885
1100
1243
1426
1568
1664
1578
1468
1242
1036
847
857
875
1054
1252
1461
1632
1712
1593
1405
1136
906
741
690
851
1083
1363
1601
1730
1698
1522
1228
947
730
670
803
1018
1328
1578
1745
1827
1619
1373
1098
838
631
690
917
1197
1471
1703
1763
1726
1551
1248
957
659
716
782
1058
1349
1593
1760
1766
1610
1374
1054
821
597
782
939
1236
1504
1611
1746
1611
1426
1113
896
667
816
932
1186
1380
1547
1621
1604
1448
1243
1034
913
852
942
1044
1212
1380
1517
1544
1498
1340
1160
1038
849
893
970
1116
1271
1421
1537
1489
1373
1237
1111
1048
997
1028
1183
1251
1367
1428
1458
1384
1312
1294
1247
1098
1098
1149
1151
1238
1290
1341
1401
1388
1366
1252
1234
1189
1124
1146
1167
1179
1325
1369
1400
1460
1367
1237
1189
1143
1117
1162
1164
1249
1345
1519
1483
1360
1336
1251
1184
1162
1142
1157
1204
1255
1340
1349
1348
1351
1281
1236
1153
1077
1051
1110
1146
1273
1331
1459
1391
1351
1229
1126
1086
1075
1101
1168
1273
1412
1486
1410
1350
1202
1128
1095
1118
1157
1221
1275
1330
1414
1361
1287
1253
1162
1150
1142
1147
1182
1223
1192
1362
1355
1340
1294
1227
1142
1124
1098
1134
1186
1251
1401
1312
1386
1328
1256
1229
1201
1146
1207
1230
1260
1219
1325
1295
1283
1292
1252
1226
1235
1186
1191
1241
1205
1212
1204
1269
1326
1344
1338
1319
1265
1192
1143
1097
1099
1158
1223
1314
1380
1361
1351
1322
1230
1158
1259
1032
1110
1156
1269
1359
1455
1442
1385
1347
1339
1161
1095
1027
1099
1156
1297
1405
1515
1497
1454
1322
1188
1062
1030
943
1029
1142
1307
1491
1524
1512
1381
1263
1148
1012
1000
1016
1099
1241
1401
1473
1470
1479
1315
1170
1067
996
946
965
1063
1213
1349
1481
1503
1452
1303
1196
1057
961
937
998
1119
1297
1436
1522
1400
1403
1308
1151
1036
963
974
1047
1179
1323
1518
1522
1498
1403
1294
1169
1085
1042
1025
1119
1216
1346
1399
1434
1408
1347
1315
1173
1129
1050
1085
1142
1224
1299
1359
1392
1361
1296
1192
1212
1162
1142
1194
1216
1232
1302
1316
1307
1287
1296
1290
1281
1289
1259
1221
1213
1142
1174
1198
1231
1272
1317
1342
1339
1309
1275
1337
1182
1152
1183
1213
1241
1272
1348
1371
1390
1358
1285
1361
1169
1105
1114
1147
1207
1242
1377
1381
1362
1325
1154
1106
1100
1103
1120
1170
1250
1295
1330
1355
1332
1266
1173
1170
1172
1144
1178
1266
1299
1319
1332
1295
1264
1221
1214
1187
1204
1225
1234
1266
1288
1247
1259
1153
1257
1216
1234
1245
1250
1283
1307
1271
1279
1276
1157
1196
1162
1255
1238
1297
1334
1331
1284
1280
1216
1159
1137
1128
1143
1255
1331
1351
1328
1326
1262
1200
1156
1057
1126
1172
1247
1308
1312
1342
1308
1279
1246
1181
1193
1114
1207
1237
1275
1314
1266
1305
1292
1241
1243
1237
1178
1241
1248
1303
1301
1308
1266
1231
1234
1067
1238
1232
1288
1275
1319
1333
1285
1218
1142
1151
1137
1159
1213
1276
1316
1343
1362
1347
1268
1202
1132
1117
1060
1112
1271
1308
1386
1406
1369
1325
1235
1153
1151
1126
1152
1192
1294
1288
1360
1382
1352
1295
1237
1199
1133
1109
1136
1147
1208
1271
1308
1318
1336
1272
1230
1134
1143
1169
1162
1182
1197
1236
1287
1317
1350
1414
1378
1295
1209
1205
1128
1095
1091
1135
1227
1336
1364
1414
1410
1341
1276
1194
1110
1060
1049
1153
1268
1384
1448
1506
1473
1406
1325
1146
1073
1026
1089
1129
1292
1415
1482
1427
1460
1359
1207
1117
1024
1045
1044
1133
1284
1414
1478
1492
1429
1364
1204
1072
1006
997
1016
1187
1332
1463
1541
1504
1401
1291
1143
1061
1012
1018
1098
1224
1324
1514
1502
1459
1432
1252
1087
1034
974
981
1081
1179
1364
1467
1529
1467
1373
1240
1127
976
981
1000
1175
1308
1390
1505
1501
1458
1344
1211
1102
1005
979
1090
1155
1267
1380
1482
1471
1372
1323
1200
1097
1021
1024
1049
1178
1291
1379
1465
1461
1404
1378
1240
1145
1053
1027
1113
1178
1303
1407
1446
1489
1429
1321
1218
1168
1058
1082
1133
1212
1283
1372
1411
1355
1344
1257
1226
1149
1152
1144
1182
1268
1325
1366
1378
1375
1351
1253
1168
1121
1116
1124
1224
1287
1389
1397
1401
1349
1328
1184
1120
1088
1091
1153
1251
1322
1401
1423
1413
1320
1259
1154
1103
1063
1061
1148
1261
1343
1421
1441
1430
1292
1290
1115
991
973
996
1101
1225
1367
1495
1541
1507
1391
1289
1144
994
952
963
1089
1242
1398
1518
1588
1542
1445
1292
1143
989
957
966
1035
1154
1321
1555
1479
1545
1476
1369
1192
1035
951
891
984
1122
1259
1406
1560
1519
1511
1382
1219
1081
972
919
967
1082
1257
1378
1428
1508
1481
1425
1266
1172
1060
996
892
1010
1138
1331
1469
1513
1525
1487
1402
1213
1140
1080
1030
1156
1103
1260
1340
1428
1457
1392
1307
1199
1108
1097
987
1089
1141
1239
1326
1382
1395
1355
1301
1222
1199
1150
1142
1188
1225
1304
1328
1351
1328
1310
1248
1209
1111
1224
1188
1231
1264
1286
1291
1300
1251
1199
1140
1192
1157
1227
1240
1298
1317
1329
1272
1247
1193
1131
1113
1185
1194
1227
1279
1350
1429
1440
1374
1267
1207
1099
1122
1061
1090
1197
1281
1380
1460
1439
1408
1322
1206
960
1067
1000
1044
1146
1270
1412
1480
1525
1486
1396
1365
1063
1009
938
1012
1090
1246
1388
1523
1544
1542
1380
1251
1100
943
946
919
1026
1148
1358
1491
1575
1694
1496
1296
1140
1011
942
958
1038
1178
1360
1485
1615
1607
1464
1376
1185
1072
990
1021
1073
1172
1304
1370
1483
1444
1407
1318
1218
1127
1044
1045
1094
1133
1238
1394
1416
1372
1281
1254
1163
1156
1153
1142
1206
1252
1341
1334
1331
1351
1234
1197
1162
1153
1153
1210
1252
1116
1277
1350
1311
1270
1204
1161
1082
1132
1169
1223
1360
1401
1399
1410
1365
1304
1172
1104
1059
1050
1043
1155
1287
1397
1448
1461
1428
1292
1149
1051
976
995
1036
1134
1294
1396
1477
1505
1420
1288
1168
1050
1003
958
1010
1144
1295
1428
1568
1557
1496
1386
1233
1114
1010
1010
1028
1126
1295
1427
1486
1477
1413
1327
1255
1111
1034
1089
1119
1172
1260
1293
1349
1350
1313
1284
1326
1166
1150
1151
1172
1226
1244
1268
1280
1313
1224
1252
1257
1262
1258
1206
1205
1196
1219
1206
1241
1253
1282
1250
1262
1249
1241
1231
1228
1225
1202
1177
1223
1160
1263
1258
1231
1264
1204
1222
1224
1201
1231
1143
1342
1281
1283
1285
1238
1208
1199
1171
1208
1209
1263
1307
1290
1345
1263
1235
1190
1136
1145
1199
1220
1262
1223
1295
1326
1294
1273
1239
1233
1213
1227
1220
1258
1324
1307
1299
1277
1275
1240
1222
1212
1222
1248
1262
1383
1236
1313
1250
1235
1207
1185
1155
1190
1232
1288
1348
1372
1254
1244
1238
1185
1171
1163
1178
1177
1243
1273
1242
1349
1330
1261
1235
1204
1189
1196
1201
1218
1251
1278
1231
1305
1284
1329
1273
1247
1203
1202
1174
1188
1217
1409
1232
1307
1338
1333
1313
1277
1231
1169
1159
1179
1303
1309
1288
1346
1331
1353
1332
1305
1263
1167
1183
1162
1163
1289
1258
1319
1416
1369
1389
1251
1205
1135
1103
1043
1106
1215
1264
1334
1376
1387
1341
1261
1203
1148
1104
1110
1175
1225
1265
1356
1374
1423
1372
1295
1227
1115
988
1127
1129
1232
1293
1355
1404
1416
1383
1310
1214
1140
1135
1167
1150
1235
1275
1366
1440
1387
1356
1275
1260
1190
1154
1164
1193
1249
1266
1319
1360
1333
1296
1254
1208
1134
1153
1159
1169
1225
1252
1296
1304
1315
1245
1274
1215
1220
1199
1201
1219
1211
1320
1315
1316
1293
1352
1278
1221
1201
1199
1204
1185
1215
1216
1246
1297
1321
1357
1299
1296
1240
1182
1154
1093
1160
1216
1253
1299
1302
1320
1317
1305
1238
1172
1142
1121
1130
1180
1270
1329
1344
1379
1355
1295
1231
1159
1109
1090
1125
1153
1263
1327
1350
1357
1311
1297
1201
1145
1124
1115
1162
1217
1275
1328
1338
1344
1307
1280
1225
1193
1179
1168
1203
1261
1276
1297
1286
1288
1274
1240
1228
1219
1209
1231
1243
1248
1261
1267
1292
1246
1200
1259
1266
1251
1284
1275
1305
1291
1270
1256
1224
1213
1199
1225
1249
1241
1284
1294
1273
1247
1210
1207
1169
1185
1241
1234
1277
1267
1275
1253
1262
1270
1247
1244
1247
1241
1231
1236
1218
1202
1213
1222
1244
1247
1267
1260
1230
1243
1204
1208
1201
1192
1200
1212
1246
1252
1280
1278
1273
1262
1243
1221
1196
1182
1201
1225
1242
1279
1279
1286
1268
1251
1251
1220
1206
1208
1226
1263
1262
1291
1254
1254
1229
1202
1190
1188
1214
1221
1276
1298
1304
1289
1210
1211
1154
1163
1177
1211
1250
1297
1318
1325
1305
1281
1225
1181
1157
1155
1170
1197
1249
1259
1303
1316
1296
1248
1222
1174
1141
1156
1175
1171
1265
1298
1321
1321
1302
1264
1196
1177
1197
1168
1203
1220
1266
1282
1310
1324
1310
1273
1219
1183
1165
1164
1175
1207
1272
1308
1321
1350
1311
1262
1189
1137
1085
1110
1162
1189
1263
1311
1346
1360
1308
1270
1205
1160
1125
1116
1147
1190
1225
1326
1353
1355
1321
1281
1218
1159
1135
1107
1127
1164
1229
1277
1353
1373
1339
1309
1251
1169
1122
1104
1115
1140
1171
1239
1312
1339
1318
1291
1223
1199
1157
1142
1142
1171
1211
1255
1289
1303
1283
1286
1263
1220
1206
1183
1180
1177
1232
1281
1290
1304
1280
1256
1230
1215
1203
1216
1229
1256
1270
1288
1265
1250
1221
1211
1187
1212
1245
1242
1264
1258
1265
1245
1251
1236
1217
1216
1221
1224
1224
1199
1220
1233
1226
1240
1239
1256
1228
1230
1253
1220
1212
1205
1206
1193
1226
1260
1271
1254
1257
1254
1244
1213
1218
1187
1190
1178
1208
1245
1259
1299
1286
1312
1296
1253
1213
1178
1145
1146
1192
1247
1290
1318
1331
1304
1247
1207
1160
1127
1145
1155
1227
1277
1301
1307
1274
1263
1229
1208
1209
1200
1213
1230
1243
1252
1249
1244
1232
1224
1241
1246
1237
1228
1248
1273
1259
1254
1228
1219
1207
1208
1223
1239
1251
1255
1289
1299
1280
1259
1234
1202
1193
1206
1224
1240
1275
1269
1288
1270
1253
1241
1216
1213
1212
1240
1263
1269
1274
1268
1258
1209
1218
1221
1213
1229
1319
1284
1295
1272
1255
1198
1210
1216
1211
1237
1257
1277
1290
1293
1270
1243
1221
1201
1181
1190
1200
1218
1229
1267
1252
1275
1277
1236
1218
1186
1190
1206
1230
1252
1266
1267
1264
1231
1216
1211
1220
1221
1249
1274
1275
1254
1237
1230
1229
1212
1217
1224
1252
1271
1293
1298
1238
1240
1220
1199
1200
1192
1226
1234
1267
1276
1290
1280
1244
1224
1182
1192
1198
1244
1260
1305
1318
1312
1293
1263
1201
1188
1175
1178
1210
1251
1291
1297
1321
1325
1269
1242
1205
1180
1181
1226
1283
1290
1308
1312
1290
1263
1248
1226
1218
1244
1289
1284
1298
1275
1257
1217
1217
1213
1232
1269
1281
1305
1312
1286
1244
1181
1172
1151
1152
1230
1241
1288
1309
1330
1293
1266
1211
1150
1122
1115
1158
1226
1300
1360
1379
1375
1319
1244
1184
1131
1121
1146
1230
1302
1354
1388
1357
1313
1272
1194
1155
1120
1175
1219
1277
1322
1333
1311
1279
1226
1177
1162
1172
1179
1218
1221
1289
1298
1270
1253
1192
1192
1198
1213
1236
1267
1291
1293
1298
1271
1233
1221
1213
1226
1258
1286
1308
1300
1306
1307
1235
1210
1199
1172
1186
1257
1303
1346
1361
1335
1286
1223
1169
1111
1126
1167
1229
1267
1358
1347
1328
1246
1202
1128
1118
1131
1160
1229
1291
1332
1352
1336
1271
1216
1167
1154
1158
1210
1248
1303
1367
1352
1317
1261
1219
1158
1165
1210
1222
1287
1303
1347
1322
1284
1232
1154
1145
1156
1206
1247
1299
1343
1318
1312
1248
1183
1144
1112
1120
1150
1233
1298
1335
1322
1325
1260
1198
1146
1125
1127
1175
1233
1294
1335
1346
1324
1257
1217
1174
1153
1164
1212
1238
1299
1341
1352
1299
1288
1222
1174
1156
1150
1183
1226
1291
1371
1338
1332
1263
1196
1134
1125
1148
1199
1258
1315
1349
1338
1289
1230
1163
1118
1114
1153
1214
1280
1342
1354
1374
1291
1248
1191
1131
1130
1140
1210
1283
1339
1369
1365
1330
1258
1201
1154
1114
1124
1222
1248
1301
1327
1340
1288
1253
1223
1157
1135
1134
1176
1226
1281
1309
1296
1277
1236
1189
1161
1152
1200
1194
1239
1241
1278
1261
1243
1215
1170
1184
1185
1221
1255
1297
1304
1302
1292
1251
1198
1198
1202
1192
1250
1277
1306
1292
1304
1295
1239
1212
1162
1158
1176
1237
1283
1320
1335
1322
1266
1224
1166
1143
1129
1166
1207
1298
1349
1350
1345
1271
1223
1156
1146
1138
1157
1219
1281
1319
1341
1305
1288
1224
1174
1144
1129
1159
1179
1234
1291
1306
1293
1266
1225
1170
1164
1183
1186
1220
1268
1298
1300
1290
1261
1205
1182
1174
1186
1218
1256
1326
1307
1331
1302
1265
1185
1187
1151
1167
1216
1266
1329
1366
1370
1343
1293
1227
1181
1124
1139
1153
1236
1306
1322
1354
1316
1294
1236
1170
1141
1115
1128
1192
1285
1309
1345
1338
1305
1272
1221
1181
1147
1141
1179
1247
1274
1314
1310
1295
1247
1223
1196
1178
1180
1193
1226
1253
1271
1284
1278
1256
1226
1242
1233
1221
1235
1213
1245
1245
1265
1267
1249
1252
1233
1240
1248
1244
1247
1252
1241
1243
1225
1232
1215
1197
1304
1263
1290
1284
1283
1258
1260
1252
1224
1224
1226
1233
1241
1264
1265
1267
1256
1245
1252
1239
1215
1218
1212
1229
1212
1247
1258
1232
1239
1236
1252
1237
1253
1265
1251
1235
1248
1230
1236
1222
1231
1244
1262
1270
1263
1269
1235
1239
1247
1229
1217
1212
1232
1250
1262
1279
1216
1264
1253
1243
1230
1211
1222
1220
1229
1237
1263
1270
1246
1245
1218
1231
1219
1227
1226
1243
1246
1237
1238
1235
1203
1219
1230
1241
1246
1252
1289
1227
1232
1225
1207
1202
1209
1217
1238
1282
1302
1316
1302
1288
1250
1230
1219
1219
1228
1262
1325
1320
1332
1307
1273
1216
1200
1178
1170
1199
1227
1265
1296
1311
1317
1248
1245
1196
1176
1173
1177
1180
1231
1266
1257
1293
1283
1247
1224
1187
1195
1190
1225
1250
1275
1294
1299
1296
1289
1246
1231
1241
1239
1244
1249
1279
1260
1269
1291
1270
1259
1241
1252
1245
1274
1275
1271
1259
1247
1224
1222
1223
1232
1232
1263
1230
1263
1268
1229
1211
1167
1202
1210
1239
1265
1289
1269
1254
1248
1219
1180
1193
1218
1238
1266
1274
1278
1256
1245
1246
1202
1211
1192
1211
1228
1276
1306
1311
1306
1273
1226
1199
1166
1166
1178
1229
1277
1322
1347
1319
1292
1212
1182
1136
1155
1183
1216
1277
1317
1344
1325
1307
1244
1199
1161
1161
1172
1229
1259
1301
1330
1331
1302
1257
1217
1159
1163
1193
1247
1258
1305
1332
1330
1314
1269
1207
1199
1191
1202
1231
1261
1296
1293
1301
1285
1247
1215
1185
1174
1197
1241
1270
1300
1311
1294
1244
1214
1185
1165
1168
1205
1243
1274
1276
1290
1264
1206
1192
1177
1184
1220
1239
1280
1309
1315
1297
1259
1225
1182
1174
1177
1193
1236
1278
1315
1375
1309
1282
1215
1169
1127
1142
1184
1236
1297
1335
1353
1321
1285
1235
1160
1128
1123
1169
1213
1268
1319
1319
1308
1255
1228
1186
1142
1141
1152
1211
1258
1299
1311
1310
1304
1246
1206
1168
1137
1155
1218
1225
1282
1291
1305
1262
1259
1245
1186
1203
1182
1205
1236
1288
1309
1286
1301
1266
1233
1214
1187
1177
1209
1258
1257
1312
1331
1291
1278
1220
1218
1188
1201
1220
1233
1248
1282
1284
1281
1262
1252
1236
1216
1199
1187
1203
1195
1235
1268
1285
1283
1253
1237
1199
1202
1186
1185
1197
1230
1255
1270
1279
1270
1238
1219
1215
1220
1193
1196
1218
1207
1236
1262
1273
1272
1267
1243
1229
1209
1208
1185
1215
1243
1262
1286
1294
1289
1254
1264
1208
1204
1206
1203
1216
1225
1276
1292
1282
1273
1242
1217
1201
1173
1193
1200
1226
1247
1276
1290
1283
1270
1239
1240
1218
1195
1195
1181
1205
1237
1274
1309
1319
1316
1260
1223
1176
1140
1146
1139
1206
1216
1305
1323
1308
1274
1200
1172
1148
1148
1173
1205
1251
1283
1321
1321
1316
1252
1213
1180
1155
1156
1180
1200
1257
1341
1354
1351
1308
1267
1194
1149
1155
1163
1203
1257
1308
1344
1356
1322
1260
1214
1175
1156
1173
1190
1232
1245
1296
1289
1295
1277
1236
1206
1156
1193
1184
1201
1236
1265
1282
1304
1293
1282
1249
1229
1226
1192
1204
1201
1238
1254
1322
1326
1312
1294
1256
1205
1205
1215
1217
1203
1250
1277
1290
1294
1263
1256
1211
1208
1194
1210
1212
1219
1225
1228
1255
1263
1280
1256
1241
1216
1187
1176
1181
1195
1225
1270
1304
1304
1280
1276
1185
1171
1178
1181
1219
1264
1311
1324
1326
1315
1227
1233
1213
1200
1212
1228
1258
1265
1299
1346
1307
1297
1254
1220
1179
1186
1187
1209
1253
1266
1306
1322
1308
1267
1211
1186
1160
1163
1195
1231
1273
1288
1309
1265
1252
1215
1167
1164
1173
1204
1243
1295
1316
1276
1268
1250
1218
1183
1200
1205
1265
1241
1255
1256
1270
1244
1259
1276
1234
1228
1196
1211
1214
1235
1259
1252
1266
1265
1257
1221
1202
1202
1189
1212
1205
1261
1284
1263
1280
1214
1213
1198
1207
1202
1232
1239
1243
1256
1247
1223
1242
1261
1249
1251
1243
1231
1200
1220
1247
1236
1276
1306
1304
1272
1275
1249
1228
1216
1191
1223
1254
1268
1282
1281
1275
1244
1240
1244
1210
1208
1200
1230
1224
1253
1268
1275
1260
1250
1245
1220
1191
1172
1178
1183
1213
1212
1258
1253
1264
1253
1241
1208
1167
1171
1162
1200
1251
1277
1290
1291
1279
1247
1222
1207
1183
1195
1215
1238
1261
1270
1289
1254
1265
1259
1238
1223
1210
1216
1207
1237
1279
1288
1289
1316
1288
1260
1225
1193
1164
1185
1185
1254
1292
1300
1270
1261
1255
1226
1205
1212
1215
1226
1249
1264
1265
1261
1261
1248
1240
1241
1221
1222
1202
1245
1246
1239
1277
1253
1260
1259
1254
1248
1233
1220
1211
1228
1229
1247
1258
1255
1257
1255
1247
1243
1231
1232
1221
1223
1221
1234
1239
1232
1251
1244
1259
1266
1251
1233
1226
1223
1201
1233
1264
1274
1299
1343
1297
1279
1237
1219
1179
1208
1245
1252
1271
1300
1287
1271
1264
1231
1204
1204
1235
1224
1242
1258
1271
1257
1277
1253
1262
1257
1247
1216
1202
1230
1237
1240
1282
1288
1281
1272
1230
1200
1186
1190
1203
1239
1275
1281
1281
1253
1242
1224
1197
1190
1198
1223
1245
1285
1268
1241
1281
1277
1251
1237
1220
1232
1231
1252
1283
1306
1318
1305
1302
1258
1253
1222
1209
1198
1205
1231
1259
1277
1313
1284
1277
1259
1257
1203
1192
1206
1201
1235
1274
1295
1296
1280
1258
1230
1235
1233
1201
1222
1236
1241
1250
1258
1266
1254
1276
1314
1268
1266
1247
1232
1214
1238
1253
1262
1291
1294
1286
1277
1273
1256
1221
1244
1237
1233
1244
1236
1242
1233
1281
1231
1283
1285
1258
1248
1210
1202
1194
1202
1224
1239
1277
1297
1301
1288
1262
1217
1205
1197
1198
1205
1236
1240
1277
1322
1300
1309
1270
1264
1228
1220
1227
1220
1230
1247
1272
1287
1295
1310
1283
1258
1214
1220
1215
1205
1232
1223
1267
1286
1295
1300
1269
1244
1215
1216
1216
1168
1216
1235
1238
1256
1263
1266
1246
1253
1271
1229
1230
1212
1204
1195
1232
1270
1277
1282
1297
1293
1272
1242
1213
1208
1221
1228
1252
1297
1289
1298
1273
1275
1246
1243
1243
1224
1231
1238
1253
1266
1287
1286
1294
1261
1270
1232
1223
1202
1197
1218
1252
1264
1279
1302
1266
1256
1242
1220
1219
1190
1240
1265
1291
1299
1267
1257
1244
1218
1219
1224
1246
1239
1282
1314
1293
1291
1258
1237
1192
1205
1208
1221
1242
1263
1284
1304
1295
1280
1245
1222
1203
1198
1204
1217
1245
1258
1310
1306
1309
1294
1277
1205
1186
1198
1213
1231
1288
1324
1331
1330
1296
1259
1216
1199
1236
1187
1228
1235
1266
1276
1300
1312
1297
1289
1220
1222
1203
1192
1188
1211
1247
1275
1304
1329
1316
1289
1237
1213
1166
1200
1214
1250
1274
1282
1311
1315
1299
1272
1246
1237
1210
1223
1228
1230
1257
1284
1305
1312
1288
1282
1232
1225
1237
1212
1229
1239
1268
1278
1320
1304
1258
1260
1239
1212
1211
1213
1230
1241
1263
1278
1284
1284
1226
1232
1199
1230
1231
1264
1282
1290
1295
1307
1285
1257
1233
1232
1225
1228
1258
1266
1289
1280
1325
1307
1275
1259
1221
1214
1181
1230
1255
1288
1314
1313
1310
1292
1229
1214
1198
1187
1227
1233
1269
1279
1305
1286
1291
1235
1252
1224
1201
1200
1201
1222
1240
1258
1293
1312
1313
1305
1279
1247
1188
1180
1171
1216
1237
1265
1307
1303
1324
1324
1288
1242
1215
1193
1183
1204
1231
1260
1299
1325
1328
1320
1288
1250
1177
1180
1185
1177
1215
1250
1291
1307
1341
1328
1289
1253
1208
1148
1170
1189
1227
1264
1318
1287
1341
1320
1263
1220
1170
1183
1176
1232
1276
1297
1322
1319
1292
1265
1230
1212
1207
1216
1243
1264
1280
1286
1280
1301
1248
1228
1192
1195
1197
1236
1268
1303
1315
1313
1302
1255
1217
1190
1166
1177
1225
1275
1322
1345
1356
1300
1264
1211
1186
1176
1172
1220
1245
1311
1345
1351
1315
1305
1250
1200
1168
1150
1152
1190
1255
1295
1301
1343
1327
1260
1231
1195
1150
1149
1170
1208
1264
1321
1344
1345
1330
1291
1246
1222
1193
1186
1212
1248
1269
1322
1354
1331
1313
1272
1257
1222
1212
1210
1218
1239
1267
1277
1288
1284
1268
1251
1233
1224
1191
1206
1195
1227
1260
1277
1261
1272
1271
1265
1252
1248
1182
1242
1252
1244
1245
1235
1240
1218
1238
1265
1265
1267
1259
1254
1214
1220
1222
1216
1223
1241
1264
1277
1288
1289
1252
1246
1225
1228
1213
1212
1232
1225
1266
1263
1275
1248
1258
1231
1211
1219
1224
1226
1243
1258
1257
1263
1266
1246
1207
1210
1261
1215
1231
1242
1261
1258
1273
1266
1232
1235
1205
1197
1226
1245
1261
1268
1291
1266
1253
1232
1202
1195
1186
1208
1199
1261
1306
1290
1272
1241
1230
1221
1207
1207
1216
1239
1254
1268
1281
1268
1250
1237
1230
1215
1210
1242
1216
1248
1304
1294
1296
1265
1249
1217
1216
1214
1221
1244
1268
1254
1270
1265
1243
1208
1190
1161
1209
1232
1244
1266
1240
1258
1235
1215
1202
1185
1189
1203
1232
1246
1241
1296
1270
1247
1236
1209
1193
1183
1205
1247
1259
1290
1276
1257
1248
1246
1224
1205
1197
1211
1240
1269
1283
1291
1276
1254
1238
1218
1209
1182
1206
1205
1246
1247
1285
1291
1255
1237
1218
1207
1202
1219
1215
1251
1261
1268
1261
1266
1239
1224
1234
1227
1215
1205
1236
1220
1256
1277
1272
1259
1249
1238
1221
1207
1220
1191
1228
1248
1253
1258
1239
1246
1200
1212
1205
1217
1239
1232
1227
1220
1239
1239
1238
1239
1237
1253
1239
1243
1236
1216
1228
1228
1242
1249
1241
1249
1233
1245
1249
1212
1254
1236
1238
1242
1238
1242
1178
1235
1225
1231
1238
1230
1227
1218
1217
1242
1217
1226
1216
1227
1219
1235
1238
1243
1232
1227
1231
1233
1230
1235
1246
1231
1223
1239
1235
1234
1237
1222
1231
1221
1230
1229
1207
1215
1202
1227
1255
1254
1267
1265
1260
1237
1231
1222
1196
1207
1267
1230
1245
1246
1242
1215
1231
1234
1220
1227
1211
1213
1217
1245
1222
1217
1240
1273
1244
1251
1240
1233
1214
1216
1172
1218
1234
1224
1230
1225
1234
1241
1244
1244
1235
1228
1225
1216
1214
1200
1215
1230
1249
1266
1256
1261
1229
1216
1223
1195
1198
1192
1214
1234
1261
1266
1269
1244
1227
1202
1196
1187
1207
1245
1236
1226
1264
1256
1203
1227
1184
1196
1192
1218
1254
1254
1277
1267
1261
1256
1178
1198
1196
1188
1206
1226
1258
1251
1251
1277
1246
1205
1191
1173
1162
1203
1236
1254
1279
1283
1257
1231
1196
1176
1138
1174
1200
1239
1290
1289
1284
1248
1232
1181
1128
1175
1168
1193
1235
1266
1282
1293
1273
1230
1197
1178
1157
1149
1167
1209
1243
1277
1283
1265
1247
1190
1180
1178
1199
1195
1228
1254
1264
1271
1267
1224
1208
1191
1191
1200
1187
1244
1233
1255
1273
1239
1214
1197
1193
1187
1223
1247
1261
1280
1272
1249
1219
1209
1231
1190
1209
1244
1262
1293
1293
1283
1235
1228
1214
1199
1204
1203
1230
1244
1288
1283
1273
1253
1211
1184
1178
1167
1185
1208
1245
1297
1269
1279
1232
1208
1161
1197
1181
1199
1231
1258
1286
1283
1274
1252
1222
1199
1215
1212
1228
1239
1267
1261
1263
1229
1241
1228
1196
1202
1210
1232
1251
1269
1270
1253
1244
1224
1204
1195
1201
1202
1248
1256
1271
1269
1270
1208
1209
1208
1177
1177
1201
1235
1256
1281
1285
1253
1240
1210
1184
1182
1186
1232
1232
1272
1258
1290
1299
1257
1228
1194
1207
1203
1227
1255
1278
1276
1282
1304
1263
1225
1231
1223
1234
1217
1246
1252
1233
1249
1261
1203
1239
1196
1215
1227
1246
1266
1267
1268
1249
1234
1220
1203
1209
1215
1234
1268
1289
1300
1276
1259
1212
1200
1194
1215
1232
1254
1286
1295
1298
1291
1255
1237
1213
1209
1206
1204
1237
1240
1268
1274
1275
1266
1232
1221
1183
1199
1222
1215
1243
1264
1266
1257
1264
1251
1229
1222
1231
1239
1243
1266
1271
1249
1256
1249
1233
1243
1226
1248
1259
1295
1293
1296
1290
1257
1233
1226
1213
1217
1229
1263
1245
1293
1305
1262
1244
1205
1207
1200
1209
1221
1232
1255
1267
1290
1256
1248
1223
1212
1203
1202
1207
1234
1236
1258
1295
1278
1274
1228
1234
1209
1233
1247
1269
1279
1290
1284
1270
1252
1242
1213
1230
1254
1272
1288
1283
1284
1236
1229
1216
1241
1230
1239
1254
1265
1285
1286
1267
1250
1238
1214
1207
1206
1222
1222
1254
1301
1270
1283
1258
1238
1176
1202
1209
1210
1232
1255
1285
1299
1307
1299
1240
1246
1212
1213
1223
1222
1253
1266
1290
1276
1283
1273
1229
1213
1199
1208
1227
1245
1259
1268
1274
1282
1250
1235
1220
1218
1207
1245
1255
1266
1285
1262
1272
1282
1262
1251
1235
1242
1241
1253
1268
1219
1279
1282
1273
1255
1236
1225
1209
1230
1257
1256
1279
1259
1254
1220
1233
1228
1223
1238
1247
1252
1255
1273
1258
1248
1241
1247
1241
1244
1248
1253
1241
1256
1253
1255
1273
1249
1253
1241
1257
1257
1251
1261
1254
1257
1267
1259
1247
1235
1223
1268
1238
1253
1242
1259
1236
1258
1252
1246
1258
1231
1248
1246
1259
1247
1256
1259
1257
1246
1242
1230
1243
1243
1249
1225
1256
1266
1238
1239
1202
1222
1218
1238
1229
1246
1265
1254
1250
1277
1261
1253
1254
1235
1227
1221
1231
1217
1252
1303
1280
1298
1284
1260
1228
1223
1222
1205
1211
1232
1250
1271
1287
1293
1276
1264
1212
1231
1227
1207
1199
1189
1236
1243
1279
1298
1286
1276
1251
1227
1199
1151
1189
1197
1197
1261
1274
1294
1272
1271
1268
1240
1220
1205
1210
1217
1248
1276
1284
1288
1278
1273
1266
1251
1248
1231
1243
1250
1257
1267
1265
1273
1245
1255
1246
1256
1250
1246
1249
1234
1252
1260
1271
1245
1245
1254
1244
1245
1256
1244
1255
1251
1255
1255
1239
1239
1217
1238
1283
1266
1279
1278
1269
1256
1265
1266
1224
1241
1250
1258
1258
1263
1256
1241
1254
1274
1246
1292
1259
1261
1237
1252
1241
1248
1259
1252
1255
1260
1263
1250
1252
1249
1247
1252
1253
1232
1229
1214
1232
1235
1251
1272
1270
1278
1262
1254
1238
1232
1217
1225
1251
1276
1276
1293
1285
1281
1310
1256
1248
1217
1230
1209
1252
1286
1295
1300
1311
1298
1277
1267
1249
1220
1221
1237
1249
1265
1283
1322
1282
1297
1261
1269
1255
1234
1264
1228
1256
1270
1287
1294
1305
1284
1275
1255
1234
1207
1226
1234
1239
1257
1287
1271
1240
1264
1270
1240
1236
1218
1212
1222
1242
1266
1234
1282
1273
1267
1265
1215
1232
1215
1226
1225
1277
1303
1294
1297
1270
1273
1240
1240
1234
1241
1255
1286
1297
1310
1288
1287
1268
1255
1241
1230
1239
1232
1253
1270
1298
1310
1303
1288
1260
1248
1243
1231
1228
1243
1265
1283
1291
1296
1272
1267
1266
1245
1224
1222
1246
1230
1250
1293
1290
1292
1269
1246
1221
1212
1228
1215
1255
1273
1283
1281
1283
1272
1246
1247
1220
1240
1256
1246
1263
1247
1281
1278
1279
1267
1255
1248
1252
1262
1261
1285
1281
1281
1279
1277
1246
1249
1228
1246
1274
1268
1284
1271
1289
1255
1253
1245
1248
1243
1257
1271
1286
1271
1270
1252
1236
1194
1219
1243
1244
1256
1264
1269
1254
1265
1255
1230
1237
1229
1234
1242
1231
1243
1266
1275
1271
1258
1263
1225
