1067
1498
1494
1461
1246
1236
1281
1186
1255
1228
1245
1231
1241
1256
1247
1222
1250
1190
1223
1252
1218
1304
1201
1237
1230
1267
1230
1248
1249
1236
1245
1244
1220
1232
1242
1222
1275
1241
1252
1211
1200
1279
1250
1294
1289
1267
1247
1247
1269
1249
1259
1244
1241
1284
1245
1244
1224
1235
1262
1207
1246
1240
1234
1264
1268
1231
1249
1249
1238
1208
1247
1232
1231
1219
1258
1236
1233
1230
1226
1233
1234
1222
1253
1237
1225
1217
1137
1247
1224
1255
1263
1225
1223
1238
1204
1191
1231
1227
1227
1220
1253
1233
1244
1242
1188
1190
1255
1251
1263
1242
1304
1249
1266
1264
1241
1247
1245
1213
1235
1252
1234
1235
1161
1266
1241
1246
1264
1243
1201
1234
1250
1251
1342
1222
1226
1256
1264
1234
1191
1222
1246
1259
1253
1224
1238
1155
1165
1270
1228
1284
1231
1244
1227
1209
1235
1222
1214
1192
1239
1211
1207
1193
1193
1248
1192
1236
1232
1227
1291
1284
1254
1232
1276
1295
1293
1300
1290
1273
1275
1262
1219
1181
1181
1200
1187
1210
1196
1205
1273
1243
1321
1338
1426
1364
1408
1387
1349
1315
1296
1273
1271
1272
1237
1183
1102
1050
984
908
866
891
873
894
889
926
893
960
978
1035
1099
1194
1263
1429
1492
1577
1673
1559
1582
1511
1525
1507
1492
1447
1352
1291
1200
1150
1192
1081
1070
1019
993
952
910
903
892
922
995
1073
1214
1249
1337
1413
1438
1509
1549
1542
1559
1511
1431
1399
1367
1373
1332
1321
1338
1272
1271
1282
1259
1250
1322
1297
1269
1268
1297
1258
1210
1181
1110
1103
1038
1096
1047
1020
1021
970
931
928
925
974
1023
1076
1109
1153
1235
1219
1255
1252
1250
1262
1349
1374
1397
1467
1440
1418
1380
1352
1291
1199
1164
1078
1051
1122
1104
1091
1162
1225
1222
1296
1327
1320
1302
1292
1307
1312
1214
1262
1304
1278
1256
1219
1204
1131
1115
1087
1057
988
1004
996
1008
1085
1171
1236
1306
1372
1406
1464
1451
1481
1489
1510
1545
1545
1538
1465
1395
1317
1251
1259
1180
1175
1146
1148
1070
1156
1107
1131
1152
1107
1179
1254
1272
1232
1142
1098
1092
1054
1076
1091
1102
1113
1089
1109
1069
1076
1094
1146
1142
1201
1241
1299
1272
1267
1279
1312
1368
1457
1435
1452
1438
1424
1403
1378
1348
1372
1381
1363
1379
1365
1324
1335
1325
1347
1343
1323
1294
1303
1286
1254
1272
1188
1179
1184
1180
1208
1175
1109
1059
1054
1094
1144
1161
1203
1218
1231
1226
1221
1230
1243
1253
1277
1296
1284
1241
1236
1194
1183
1218
1194
1205
1175
1154
1091
1079
1047
1044
1121
1199
1317
1318
1365
1415
1354
1345
1354
1376
1380
1376
1379
1297
1261
1173
1143
1115
1112
1180
1153
1237
1257
1269
1288
1342
1305
1392
1406
1466
1504
1471
1491
1370
1441
1331
1309
1308
1299
1314
1301
1294
1265
1254
1252
1256
1270
1327
1319
1297
1274
1253
1215
1227
1216
1258
1241
1209
1282
1178
1143
1081
1080
1102
1106
1101
1144
1125
1223
1173
1186
1216
1274
1377
1381
1386
1377
1369
1327
1351
1374
1360
1329
1292
1263
1220
1157
1121
1079
1073
1130
1092
1121
1113
1109
1062
1086
1143
1220
1304
1366
1347
1382
1379
1328
1290
1277
1273
1304
1311
1330
1295
1273
1246
1198
1224
1281
1292
1340
1322
1339
1323
1289
1272
1241
1302
1359
1396
1367
1329
1287
1191
1186
1192
1210
1100
1307
1289
1277
1271
1235
1203
1187
1246
1297
1297
1290
1209
1177
1146
1082
1089
1119
1117
1166
1175
1146
1113
1089
1043
1114
1157
1235
1268
1258
1225
1252
1244
1283
1351
1438
1441
1420
1437
1392
1344
1310
1286
1278
1331
1397
1353
1334
1296
1225
1211
1225
1225
1223
1274
1274
1225
1211
1105
1130
1142
1173
1235
1235
1277
1275
1223
1194
1218
1186
1250
1310
1309
1288
1326
1292
1253
1235
1190
1226
1221
1255
1257
1204
1187
1164
1160
1160
1193
1227
1125
1188
1201
1171
1164
1141
1186
1215
1261
1313
1293
1298
1236
1201
1202
1222
1274
1297
1317
1286
1236
1197
1160
1141
1193
1246
1288
1316
1302
1216
1227
1213
1236
1314
1313
1377
1371
1357
1312
1264
1247
1252
1284
1381
1359
1391
1369
1239
1230
1201
1224
1255
1282
1338
1329
1303
1268
1248
1165
1190
1258
1277
1316
1304
1313
1190
1195
1160
1205
1301
1254
1276
1257
1230
1171
1127
1149
1176
1228
1293
1319
1307
1255
1240
1234
1187
1205
1246
1298
1272
1260
1242
1105
1137
1127
1152
1210
1251
1266
1248
1160
1153
1134
1140
1256
1243
1267
1277
1235
1231
1160
1201
1217
1253
1334
1379
1421
1365
1337
1289
1244
1282
1320
1330
1402
1390
1374
1300
1207
1202
1168
1228
1298
1286
1318
1266
1219
1188
1154
1250
1260
1323
1339
1308
1258
1204
1146
1130
1149
1186
1284
1328
1345
1296
1202
1194
1177
1224
1280
1300
1318
1283
1225
1156
1144
1127
1162
1253
1277
1270
1263
1235
1194
1166
1191
1240
1299
1360
1344
1327
1300
1229
1205
1224
1325
1350
1375
1384
1297
1267
1205
1184
1229
1244
1297
1312
1404
1310
1237
1182
1172
1178
1192
1290
1314
1311
1286
1280
1165
1228
1295
1325
1351
1387
1308
1300
1204
1156
1156
1168
1256
1331
1372
1350
1276
1248
1124
1068
1124
1172
1224
1273
1221
1213
1197
1128
1146
1207
1297
1313
1337
1311
1300
1139
1108
1162
1220
1298
1329
1342
1325
1273
1222
1243
1180
1221
1274
1368
1355
1315
1252
1166
1152
1202
1255
1293
1369
1377
1332
1249
1202
1200
1174
1285
1354
1410
1379
1320
1246
1196
1177
1219
1285
1360
1366
1369
1341
1241
1175
1172
1190
1223
1338
1364
1329
1288
1192
1131
1148
1191
1210
1296
1326
1328
1247
1200
1132
1170
1179
1277
1347
1371
1364
1241
1172
1115
1131
1179
1269
1293
1286
1256
1202
1102
1077
1120
1154
1249
1315
1325
1249
1186
1110
1096
1135
1206
1327
1351
1362
1297
1247
1198
1158
1212
1305
1402
1352
1359
1309
1180
1128
1150
1219
1304
1360
1442
1360
1315
1245
1214
1151
1204
1283
1340
1367
1382
1294
1295
1092
1169
1210
1294
1362
1399
1385
1317
1216
1147
1155
1225
1167
1344
1378
1264
1254
1144
1098
1117
1178
1262
1320
1263
1314
1256
1159
1118
1137
1185
1304
1359
1362
1300
1242
1233
1078
1141
1134
1282
1352
1360
1274
1224
1146
1149
1136
1227
1476
1416
1390
1314
1247
1134
1113
1185
1247
1403
1389
1379
1294
1174
1101
1087
1149
1156
1354
1376
1379
1268
1139
1083
1110
1138
1204
1347
1397
1360
1297
1183
1072
1165
1187
1265
1361
1383
1328
1243
1146
1133
1168
1196
1345
1343
1400
1352
1282
1150
1087
1125
1153
1294
1356
1334
1263
1201
1073
1069
1079
1220
1330
1368
1400
1282
1247
1131
1081
1129
1195
1188
1352
1364
1259
1211
1110
1095
1169
1247
1503
1422
1406
1311
1245
1150
1129
1221
1277
1522
1404
1367
1269
1225
1122
1113
1189
1258
1565
1399
1384
1292
1263
1201
1146
1249
1324
1448
1430
1359
1252
1168
1150
1100
1244
1243
1322
1407
1312
1238
1146
1169
1140
1226
1288
1412
1423
1300
1210
1089
1154
1146
1253
1190
1322
1336
1261
1179
1057
1109
1173
1199
1235
1518
1378
1246
1195
1086
1129
1175
1252
1270
1534
1366
1251
1145
1071
1055
1148
1261
1174
1422
1338
1252
1170
1112
1106
1205
1264
1256
1430
1407
1291
1241
1158
1122
1236
1295
1187
1470
1346
1224
1178
1117
1112
1277
1297
1193
1517
1344
1230
1163
1150
1074
1288
1290
1224
1484
1310
1211
1101
1163
1151
1298
1296
1190
1493
1317
1223
1075
1171
1176
1272
1290
1207
1400
1301
1196
1062
1201
1192
1284
1286
1158
1410
1219
1152
1017
1171
1206
1285
1245
1168
1367
1226
1170
1078
1238
1210
1332
1325
1486
1418
1266
1207
1093
1212
1247
1329
1227
1469
1348
1210
1148
1091
1132
1254
1368
1252
1515
1354
1229
1162
1098
1127
1240
1353
1209
1428
1337
1205
1166
1168
1155
1309
1304
1263
1474
1330
1182
1140
1114
1163
1284
1324
1198
1469
1269
1183
1130
1170
1219
1296
1327
1142
1428
1254
1130
1043
1123
1164
1291
1259
1122
1415
1237
1147
1072
1217
1179
1370
1363
1196
1436
1256
1169
1070
1218
1250
1346
1289
1132
1396
1231
1150
1066
1255
1279
1350
1352
1160
1416
1247
1168
1121
1316
1350
1406
1322
1091
1373
1192
1142
1077
1275
1293
1356
1276
1077
1322
1164
1126
1068
1296
1242
1316
1248
1099
1302
1157
1152
1114
1317
1325
1347
1222
1101
1268
1141
1145
1119
1309
1340
1365
1180
1302
1268
1141
1150
1144
1282
1313
1343
1193
1370
1245
1135
1153
1162
1285
1331
1319
1153
1357
1253
1123
1133
1193
1198
1352
1346
1134
1388
1227
1138
1095
1227
1269
1390
1335
1194
1403
1231
1162
1105
1254
1293
1377
1290
1065
1347
1193
1106
1076
1285
1288
1415
1300
1084
1344
1194
1163
1125
1336
1345
1426
1325
1095
1351
1187
1139
1104
1316
1329
1379
1285
1059
1301
1153
1151
1135
1340
1302
1369
1235
1045
1268
1133
1130
1125
1401
1343
1340
1200
1134
1223
1108
1118
1137
1338
1316
1393
1190
1354
1248
1138
1166
1172
1281
1392
1374
1186
1357
1224
1107
1144
1179
1251
1349
1380
1151
1375
1206
1112
1118
1208
1272
1373
1336
1169
1386
1211
1132
1097
1256
1303
1372
1350
1156
1379
1193
1109
789
1457
1302
1367
1312
1112
1336
1150
1102
798
1395
1281
1386
1282
1090
1337
1134
1108
1192
1450
1316
1344
1296
1204
1288
1125
756
1158
1415
1345
1356
1294
1508
1292
1122
844
1140
1211
1326
1398
1205
1493
1270
1118
696
1181
1298
1357
1326
1257
1492
1262
1116
717
1318
1259
1384
1382
1210
1451
1228
1104
684
1368
1240
1386
1407
1346
1477
1252
1117
764
1397
1266
1392
1336
1602
1419
1193
1091
727
1407
1196
1350
1311
1523
1377
1179
692
797
1474
1312
1390
1363
1577
1359
1148
750
792
1455
1277
1323
1301
1541
1324
1104
610
749
1490
1295
1335
1315
1537
1294
1111
681
823
1538
1296
1420
1282
1562
1310
1122
658
853
1544
1328
1387
1385
1505
1247
1079
649
1122
1317
1323
1420
1296
1521
1272
1114
725
1201
1558
1383
1402
1686
1483
1229
1064
695
1309
1165
1371
1392
1591
1478
1235
697
695
1383
1284
1428
1439
1690
1458
1207
825
761
1413
1288
1432
1421
1669
1423
1191
616
729
1426
1269
1383
1365
1624
1358
1121
630
735
1453
1253
1417
1377
1620
1378
1131
669
806
1510
1313
1452
1449
1641
1345
1076
654
819
1502
1319
1395
1662
1561
1277
1060
614
769
1493
1249
1389
1663
1489
1260
699
687
1192
1610
1391
1463
1747
1592
1336
795
730
1194
1501
1353
1365
1674
1509
1185
613
605
1175
1471
1258
1275
1557
1368
1143
575
631
1338
1254
1408
1436
1624
1454
1201
620
765
1429
1367
1395
1606
1655
1421
1190
681
769
1471
1267
1422
1413
1584
1325
1096
635
792
1498
1301
1381
1744
1601
1347
1138
625
822
1511
1279
1383
1684
1521
1267
1088
652
833
1593
1391
1454
1769
1598
1350
828
749
891
1623
1379
1410
1542
1481
1217
708
644
1154
1410
1292
1332
1492
1443
1224
710
708
1322
1586
1387
1374
1512
1458
1228
701
718
1314
1415
1371
1343
1522
1362
1126
611
642
1326
1211
1291
1346
1529
1336
1133
670
736
1451
1327
1437
1684
1633
1423
1219
677
807
1516
1290
1341
1728
1589
1346
1152
672
836
1501
1238
1335
1650
1523
1299
699
707
828
1544
1318
1412
1538
1585
1358
886
783
898
1567
1282
1324
1489
1483
1247
723
749
1219
1584
1266
1338
1462
1521
1310
734
809
1336
1405
1251
1262
1413
1411
1231
735
817
1415
1344
1335
1336
1572
1473
1283
733
859
1419
1371
1269
1614
1506
1402
1198
742
800
1456
1194
1253
1577
1511
1361
1246
764
885
1510
1273
1310
1708
1597
1455
956
820
1294
1570
1198
1283
1637
1521
1334
846
738
859
1488
1162
1264
1464
1491
1352
787
821
1115
1580
1216
1276
1410
1492
1336
816
836
1314
1536
1198
1196
1247
1456
1302
797
949
1336
1475
1116
1230
1247
1364
1256
799
889
1465
1230
1251
1252
1507
1510
1344
883
1030
1462
1184
1182
1534
1428
1400
1285
883
1128
1569
1260
1317
1529
1613
1563
1422
916
952
1508
1111
1091
1488
1397
1307
810
835
956
1489
1174
1220
1335
1555
1469
1083
977
1143
1634
1253
1254
1539
1559
1449
935
948
1033
1525
1115
1047
1216
1379
1294
787
859
1372
1470
1124
1167
1281
1498
1426
932
1267
1428
1528
1145
1093
1241
1397
1323
836
986
1466
1112
1126
1078
1309
1408
1335
872
966
1462
1097
1072
1438
1383
1405
1376
989
1095
1528
1210
1154
1479
1424
1425
995
963
1014
1521
1056
1111
1492
1443
1428
985
1073
1120
1652
1241
1224
1359
1518
1447
978
1360
1004
1462
1018
987
1155
1327
1304
867
1209
1051
1590
1118
1184
1270
1569
1493
1012
1370
1129
1571
1110
1000
1212
1368
1344
904
1267
1405
1422
1107
1076
1205
1408
1407
995
1308
1411
1433
1094
1364
1242
1462
1423
1065
1113
1608
1186
1083
1263
1255
1339
1354
944
1047
1544
1149
1043
1434
1367
1422
1030
1236
1132
1590
1096
1009
1397
1349
1383
1052
1043
1146
1614
1150
1104
1268
1379
1426
1028
1520
1141
1621
1151
1064
1183
1355
1357
925
1427
1108
1564
1078
951
1086
1280
1270
865
1302
1006
1507
975
998
1164
1362
1405
1069
1424
1584
1540
1165
1119
1195
1443
1389
1053
1117
1378
1361
1042
1217
994
1291
1333
972
1084
1590
1204
1128
1224
1323
1413
1044
1398
1155
1607
1247
1122
1441
1236
1374
1023
1402
1119
1594
1171
1024
1212
1304
1344
1076
1200
1119
1645
1150
1077
1387
1370
1376
988
1487
1134
1633
1140
1060
1171
1340
1365
993
1492
1180
1667
1196
1064
1155
1404
1391
967
1377
1121
1614
1075
992
1123
1287
1295
982
1183
1437
1358
1104
985
1121
1309
1284
986
1126
1482
1386
1160
1257
1163
1373
1399
1034
1193
1320
1314
1138
1436
1202
1339
969
1404
1105
1579
1203
1099
1420
1297
1381
1055
1441
1184
1617
1211
1083
1207
1273
1315
930
1460
1078
1608
1159
1033
1327
1294
1304
944
1487
1179
1683
1244
1140
1157
1358
1342
890
1472
1170
1670
1182
1072
1097
1316
1305
923
1358
1104
1657
1135
1059
1133
1313
1341
921
1175
1149
1686
1162
1470
1194
1375
1372
1106
1184
1529
1364
1205
1322
1163
1311
1300
917
1025
1324
1249
1142
1449
1153
1320
929
1423
1158
1662
1278
1147
1461
1249
1257
895
1306
1055
1548
1204
1130
1276
1258
1274
858
1431
1139
1679
1235
1183
1463
1353
1319
913
1410
1115
1644
1193
1125
1208
1261
1249
850
1386
1116
1647
1212
1198
1270
1382
1339
887
1294
1167
1666
1229
1136
1184
1338
1256
1137
1143
1165
1678
1247
1487
1210
1347
1231
1153
1037
1394
1311
1159
1172
1064
1274
1263
1035
1049
1353
1337
1205
1527
1182
1348
913
1372
1093
1628
1288
1189
1468
1301
1330
977
1361
1078
1613
1254
1186
1406
1376
1320
885
1410
1062
1670
1241
1223
1480
1351
1308
875
1371
1080
1629
1197
1190
1246
1356
1299
856
1413
1146
1683
1238
1194
1257
1335
1250
847
1212
1067
1594
1180
1125
1193
1294
1185
1095
1126
1113
1589
1203
1393
1180
1289
1242
1193
1056
1285
1362
1288
1232
1243
1361
918
1357
1063
1300
1310
1286
1588
1218
1365
915
1314
986
1549
1233
1193
1451
1289
1303
942
1311
1067
1572
1294
1274
1524
1359
1324
852
1347
1012
1509
1145
1147
1231
1292
1267
811
1369
1080
1659
1296
1216
1277
1428
1342
895
1393
1111
1640
1260
1201
1293
1373
1297
888
1151
1098
1647
1234
1164
1278
1377
1231
1147
1163
1118
1620
1271
1387
1207
1354
1257
1193
952
1314
1259
1171
1261
1197
1307
872
1300
1038
1233
1319
1223
1571
1181
1353
879
1296
986
1520
1221
1201
1450
1243
1286
915
1301
979
1578
1230
1262
1562
1371
1344
882
1372
1062
1561
1236
1237
1247
1343
1292
813
1324
1023
1609
1253
1184
1242
1370
1277
788
1325
979
1581
1219
1192
1291
1391
1305
838
1217
1077
1620
1271
1206
1308
1390
1244
1162
1100
993
1476
1100
1440
1227
1366
1257
1235
1003
1334
1284
1292
1304
1308
1374
928
1342
991
1169
1235
1251
1577
1227
1361
940
1320
954
1146
1242
1189
1405
1295
1352
796
1346
966
1544
1232
1251
1519
1334
1318
838
1322
950
1490
1205
1185
1249
1353
1327
872
1334
1012
1621
1237
1229
1276
1377
1267
767
1283
976
1546
1163
1112
1222
1325
1280
805
1176
1038
1537
1237
1167
1234
1400
1283
1195
1106
1095
1483
1267
1482
1315
1424
1351
1292
1020
1336
1291
1275
1136
1262
1360
874
1226
921
1146
1234
1228
1529
1233
1348
867
1299
937
1138
1213
1226
1453
1305
1348
850
1313
972
1528
1224
1240
1554
1369
1345
838
1333
958
1532
1257
1249
1307
1376
1313
807
1285
986
1559
1171
1164
1297
1424
1329
865
1354
1032
1614
1248
1233
1349
1415
1323
841
1199
1045
1571
1231
1248
1338
1441
1313
1237
1181
1102
1475
1240
1355
1253
1377
1301
1240
996
1239
1235
1188
1179
1251
1348
883
1257
944
1063
1186
1207
1556
1221
1390
941
1327
999
1114
1229
1252
1565
1308
1381
861
1317
925
1480
1182
1154
1483
1329
1300
761
1265
911
1443
1173
1184
1246
1358
1316
816
1303
974
1564
1211
1268
1397
1450
1344
817
1287
960
1575
1251
1240
1318
1454
1362
909
1207
1085
1574
1233
1221
1300
1423
1316
1184
1139
1023
1429
1191
1272
1276
1409
1306
1249
996
1017
1438
1247
1597
1268
1411
922
1317
1007
1200
1270
1268
1611
1294
1395
892
1280
924
1102
1187
1155
1511
1108
1321
767
1264
918
1455
1144
1236
1563
1407
1387
824
1331
989
1515
1224
1262
1302
1411
1346
794
1303
922
1537
1178
1222
1296
1433
1341
815
1317
1011
1562
1232
1235
1332
1404
1309
951
1124
985
1449
1180
1188
1244
1405
1274
1188
1109
1003
1497
1224
1252
1303
1405
1294
1225
942
1041
1441
1260
1610
1320
1424
894
1317
977
1068
1230
1239
1541
1242
1344
835
1235
926
1072
1217
1199
1421
1301
1382
868
1308
969
1481
1163
1232
1540
1377
1336
823
1275
946
1475
1174
1230
1322
1431
1388
899
1358
1019
1613
1234
1273
1477
1514
1394
875
1345
1003
1586
1269
1269
1333
1444
1319
908
1271
1375
1258
1158
1121
1073
884
1285
1248
1265
1242
1331
1421
1223
1060
906
839
1239
1355
1469
1568
1465
1453
1322
1028
874
901
955
1532
1631
1641
1423
1245
1118
829
811
841
989
1578
1673
1584
1427
1102
999
999
958
1046
1192
1222
1642
1474
1345
1111
1101
1195
1149
1288
1283
1183
1450
1349
1228
1252
1154
1295
1373
1202
1172
971
863
1319
1355
1435
1398
1493
1502
1222
1026
911
857
1329
1444
1555
1611
1361
1315
1120
892
810
902
1028
1621
1679
1630
1343
1158
1026
830
829
1006
1146
1664
1662
1516
1334
1042
1014
1025
1039
1127
1225
1155
1503
1348
1233
1055
1124
1274
1253
1257
1252
1102
1364
1311
1304
1374
1305
1404
1486
1238
1041
946
845
1329
1415
1577
1541
1494
1408
1087
898
800
837
1333
1502
1596
1558
1294
1148
1008
819
891
961
1148
1728
1726
1580
1283
1097
1045
913
1018
1164
1196
1632
1581
1410
1251
1026
1090
1216
1114
1195
1217
1032
1349
1204
1137
1058
1129
1293
1242
1189
1030
909
1162
1228
1272
1373
1329
1388
1360
1051
811
728
619
1203
1338
1466
1496
1315
1197
870
747
726
757
1293
1632
1753
1733
1475
1328
1201
952
985
1159
1326
1946
1954
1861
1682
1364
1252
1054
1017
993
1070
1087
1555
1531
1471
1237
1200
1202
986
941
953
936
1387
1498
1572
1617
1467
1429
1306
1078
955
1016
1107
1698
1792
1817
1596
1413
1194
840
704
728
879
1482
1693
1705
1574
1187
961
819
579
680
844
992
1629
1615
1451
1168
899
801
580
687
845
1024
1469
1618
1545
1431
1161
1109
1106
989
1073
1135
1181
1696
1687
1631
1545
1344
1263
1144
1091
1056
1174
1357
1793
1785
1697
1398
1231
1076
829
858
1027
1230
1841
1949
1862
1641
1199
970
871
753
886
1218
1441
2022
1920
1682
1235
954
859
713
911
1150
1336
1798
1841
1655
1433
1080
1000
1039
984
1156
1342
1355
1816
1728
1598
1397
1190
1144
1032
923
1007
1003
1018
1541
1499
1420
1178
1090
1019
801
762
899
1061
1638
1687
1648
1494
1150
952
878
698
846
996
1224
1855
1871
1705
1370
1087
972
823
932
1171
1355
1786
2030
1879
1642
1272
1129
1091
973
1160
1374
1446
1888
1825
1597
1393
1070
956
1008
919
1105
1148
1213
1664
1556
1406
1088
980
925
751
803
928
1087
1552
1630
1522
1350
999
872
832
730
892
1072
1294
1799
1733
1537
1268
931
871
901
905
1144
1346
1435
1872
1674
1420
1045
919
942
904
1110
1320
1453
1794
1702
1480
1293
1023
1059
1200
1214
1356
1461
1405
1786
1619
1441
1242
1109
1164
1191
1193
1230
1318
1242
1655
1537
1415
1185
1155
1180
1132
1212
1281
1264
1692
1670
1537
1376
1086
1046
1074
983
1093
1146
1199
1647
1527
1320
1125
892
877
943
894
1077
1140
1126
1510
1360
1192
901
868
948
982
1029
1150
1210
1554
1494
1340
1194
962
1014
1117
1039
1156
1304
1298
1669
1572
1416
1268
1071
1115
1233
1118
1300
1329
1263
1628
1467
1302
1015
962
1053
1074
1191
1273
1336
1589
1557
1393
1269
1057
1118
1259
1215
1368
1411
1310
1634
1458
1306
1197
1044
1159
1311
1229
1328
1308
1205
1513
1355
1225
1103
1103
1241
1298
1284
1271
1226
1074
1399
1255
1159
984
1049
1175
1146
1154
1170
1152
1441
1399
1298
1217
1066
1129
1232
1105
1164
1182
1103
1433
1319
1205
1140
1032
1135
1267
1213
1271
1197
1137
1500
1384
1299
1113
1167
1294
1333
1300
1360
1250
1183
1484
1383
1295
1136
1221
1343
1283
1310
1284
1157
1475
1357
1269
1226
1101
1193
1287
1200
1207
1105
1012
1351
1270
1201
1178
1075
1187
1279
1097
1101
1106
1032
1427
1335
1281
1168
1167
1258
1273
1218
1157
1172
1083
1471
1334
1252
1086
1127
1224
1208
1242
1254
1154
1499
1406
1313
1222
1089
1181
1316
1251
1275
1273
1171
1496
1378
1298
1272
1175
1300
1450
1325
1378
1260
1187
1486
1352
1281
1249
1216
1369
1469
1390
1315
1286
1140
1422
1335
1285
1189
1253
1370
1386
1313
1233
1171
1270
1325
1225
1189
1082
1196
1327
1241
1274
1185
1026
1295
1201
1127
1150
1080
1219
1362
1252
1202
1136
976
1250
1151
1132
1196
1170
1324
1443
1242
1169
990
882
1202
1150
1206
1290
1291
1425
1482
1220
1117
1025
874
1261
1240
1308
1310
1360
1445
1462
1197
1162
979
952
1292
1292
1327
1284
1381
1452
1378
1267
1138
1076
1275
1331
1329
1384
1314
1431
1515
1379
1274
1164
1072
1354
1324
1343
1414
1376
1491
1554
1311
1254
1078
914
1263
1217
1267
1361
1277
1382
1397
1140
1034
971
844
1240
1253
1332
1408
1327
1371
1372
1140
1085
924
897
1301
1287
1345
1393
1326
1380
1350
1155
1020
969
890
1266
1289
1307
1348
1343
1439
1398
1238
1064
975
970
1252
1290
1387
1400
1462
1530
1388
1177
1009
883
1120
1243
1341
1494
1452
1486
1494
1269
1085
948
810
1232
1281
1426
1523
1405
1427
1399
1176
980
879
865
1260
1281
1393
1491
1388
1413
1420
1157
1084
976
892
1275
1269
1364
1459
1385
1459
1441
1171
1052
854
730
1161
1213
1331
1460
1405
1446
1422
1111
945
862
803
1228
1338
1483
1591
1486
1482
1416
1108
956
922
888
1395
1488
1566
1638
1468
1446
1378
1125
1020
993
927
1367
1480
1541
1549
1437
1428
1365
1076
980
855
836
1253
1387
1482
1550
1460
1413
1334
975
874
842
945
1228
1432
1543
1597
1425
1360
1216
916
811
793
999
1259
1447
1525
1559
1345
1270
1125
886
777
819
1135
1296
1446
1516
1521
1322
1267
1102
897
887
810
1239
1294
1449
1520
1532
1361
1306
1131
930
873
831
1254
1330
1505
1555
1605
1399
1313
1084
931
855
883
1345
1427
1604
1672
1640
1390
1278
1029
919
910
940
1411
1452
1597
1625
1554
1323
1242
1055
909
969
934
1330
1382
1536
1550
1515
1303
1251
1045
926
957
902
1246
1344
1461
1500
1486
1280
1229
1025
895
921
897
1147
1367
1504
1542
1502
1297
1232
1086
938
869
940
1143
1373
1475
1480
1505
1266
1214
1081
909
958
943
1133
1366
1453
1494
1481
1296
1259
1196
966
1007
991
1131
1327
1459
1519
1509
1351
1286
1217
954
951
920
1027
1299
1469
1514
1556
1379
1303
1169
933
889
846
1117
1326
1487
1551
1543
1363
1204
1124
922
915
955
1101
1377
1521
1595
1566
1442
1222
1131
862
914
903
1144
1294
1475
1599
1579
1490
1230
1144
913
898
907
1159
1318
1476
1591
1575
1498
1233
1125
880
835
929
1150
1353
1585
1609
1658
1504
1227
1112
893
909
967
1140
1397
1572
1665
1605
1469
1180
1081
882
890
1008
1158
1379
1556
1649
1543
1445
1176
1101
927
919
986
1161
1343
1513
1654
1577
1449
1199
1085
992
872
983
1138
1315
1525
1576
1524
1373
1153
957
964
842
981
1053
1311
1480
1517
1477
1308
1168
975
1013
898
1052
1177
1356
1458
1496
1379
1304
1182
989
1036
954
1073
1172
1337
1440
1472
1409
1233
1225
1064
1070
989
1149
1236
1307
1439
1491
1428
1303
1248
1084
1106
1082
1218
1240
1395
1489
1504
1395
1318
1218
1111
1096
1224
1247
1322
1415
1463
1434
1351
1209
1170
1170
1099
1236
1180
1283
1280
1337
1326
1171
1193
1179
1162
1150
1241
1200
1267
1291
1241
1242
1204
1166
1114
1188
1192
1251
1199
1262
1274
1201
1209
1150
1106
1091
1152
1264
1303
1390
1387
1360
1236
1111
1067
1056
1140
1213
1315
1381
1484
1381
1300
1115
1051
1008
1043
1126
1285
1409
1470
1537
1462
1297
1148
997
966
1006
1129
1239
1389
1508
1470
1295
1162
1045
963
917
987
1121
1236
1457
1528
1531
1469
1261
1107
903
880
914
1126
1305
1520
1640
1576
1508
1258
950
807
758
879
1114
1312
1576
1675
1645
1501
1244
932
799
709
889
1133
1292
1592
1686
1646
1464
1184
972
816
794
897
1207
1391
1607
1703
1678
1509
1278
1018
835
781
912
1169
1417
1620
1736
1723
1541
1299
1012
800
783
877
1098
1451
1642
1729
1684
1516
1269
1029
840
794
937
1107
1302
1593
1653
1652
1481
1231
973
827
765
844
1059
1255
1455
1549
1525
1422
1220
1008
836
829
855
1019
1189
1403
1550
1581
1493
1328
1125
957
867
885
1025
1203
1459
1567
1606
1559
1365
1154
1028
880
934
1022
1198
1352
1501
1509
1481
1391
1210
1063
986
1005
1075
1165
1320
1429
1538
1495
1415
1307
1161
1074
1027
1086
1157
1312
1429
1454
1527
1409
1314
1196
1087
1039
1067
1155
1294
1393
1470
1448
1430
1275
1149
1077
1041
1045
1152
1241
1542
1358
1436
1338
1254
1156
1121
1123
1101
1173
1279
1335
1321
1322
1312
1244
1209
1168
1145
1130
1147
1196
1225
1307
1338
1351
1293
1249
1183
1173
1154
1160
1201
1255
1287
1261
1301
1273
1255
1188
1201
1208
1203
1229
1268
1201
1170
1212
1241
1210
1238
1240
1233
1232
1250
1244
1203
1210
1251
1262
1311
1310
1319
1295
1290
1252
1180
1162
1154
1142
1203
1298
1297
1284
1268
1283
1206
1203
1177
1191
1229
1218
1249
1250
1273
1266
1290
1274
1216
1191
1160
1146
1125
1263
1280
1294
1307
1291
1282
1240
1199
1158
1280
1241
1246
1294
1295
1307
1303
1259
1203
1152
1158
1214
1219
1246
1381
1339
1303
1264
1260
1170
1189
1233
1230
1283
1401
1359
1297
1273
1241
1222
1167
1179
1205
1232
1342
1310
1299
1290
1225
1210
1179
1159
1136
1166
1204
1362
1357
1407
1376
1270
1207
1134
1074
1046
1122
1255
1329
1427
1416
1365
1256
1110
1014
1009
1035
1104
1313
1320
1444
1441
1373
1260
1064
991
972
1007
1110
1222
1360
1464
1470
1415
1306
1150
1006
948
983
988
1206
1378
1471
1557
1528
1410
1181
1040
933
918
984
1161
1307
1501
1612
1583
1488
1291
1101
974
911
990
1211
1318
1497
1606
1623
1514
1349
1099
980
937
960
1077
1228
1344
1520
1564
1533
1433
1244
1064
947
928
975
1128
1276
1446
1549
1605
1462
1294
1112
957
891
930
1013
1263
1368
1523
1565
1481
1337
1176
1040
974
943
1019
1065
1300
1406
1486
1522
1409
1296
1179
1079
986
993
1020
1306
1206
1399
1468
1477
1423
1319
1237
1049
966
948
953
1196
1338
1463
1528
1545
1467
1331
1142
1020
938
919
1040
1179
1372
1475
1514
1513
1382
1265
1110
973
916
949
1057
1198
1392
1530
1639
1588
1471
1238
1024
883
829
873
1083
1383
1527
1685
1697
1562
1327
1114
905
796
784
998
1196
1443
1624
1692
1667
1479
1229
1008
807
767
875
1029
1305
1529
1705
1775
1611
1431
1153
928
779
871
936
1167
1451
1716
1803
1743
1534
1256
991
818
721
843
1043
1305
1570
1735
1746
1608
1359
1099
911
796
839
1039
1224
1481
1636
1692
1579
1462
1206
1000
934
794
901
1056
1280
1474
1560
1637
1490
1326
1162
913
844
845
1025
1174
1368
1506
1602
1532
1383
1204
1123
958
918
987
1116
1271
1369
1496
1517
1458
1318
1119
1134
1009
1039
1069
1162
1251
1400
1490
1480
1424
1301
1141
1063
1047
1044
1110
1211
1340
1452
1468
1431
1352
1263
1142
1075
1112
1157
1188
1286
1325
1385
1404
1449
1390
1263
1182
1159
1125
1145
1173
1284
1327
1409
1442
1417
1326
1237
1169
1139
1116
1125
1208
1299
1370
1414
1379
1401
1257
1134
1096
1064
1066
1150
1216
1317
1331
1427
1351
1283
1206
1087
1087
1097
1116
1175
1258
1343
1377
1384
1339
1184
1135
1088
1038
1103
1142
1231
1313
1404
1423
1393
1320
1181
1117
1052
1085
1104
1201
1328
1390
1417
1365
1319
1222
1133
1104
1140
1132
1196
1256
1326
1292
1326
1332
1306
1231
1135
1098
1091
1099
1202
1276
1331
1387
1418
1384
1276
1184
1107
1108
1107
1133
1210
1284
1308
1377
1378
1355
1264
1196
1131
1121
1111
1143
1233
1206
1312
1368
1378
1344
1287
1232
1147
1104
1075
1181
1178
1216
1312
1371
1404
1365
1362
1237
1157
1112
1093
1124
1174
1254
1343
1391
1406
1375
1314
1236
1145
1114
1111
1248
1192
1234
1351
1409
1453
1452
1441
1289
1173
1075
1140
1012
1113
1211
1344
1384
1438
1431
1356
1215
1097
1052
1013
1032
1120
1236
1322
1398
1430
1401
1306
1217
1132
1026
987
1021
1092
1182
1310
1419
1466
1448
1343
1238
1063
1018
1011
1034
1119
1249
1358
1441
1454
1396
1300
1193
1059
1056
1042
1099
1178
1281
1380
1405
1394
1387
1219
1220
1149
1114
1088
1092
1196
1263
1343
1371
1393
1327
1362
1260
1205
1166
1156
1178
1224
1261
1318
1373
1343
1353
1345
1293
1268
1241
1210
1155
1205
1227
1292
1328
1279
1336
1337
1339
1313
1251
1226
1141
1127
1139
1128
1189
1274
1333
1378
1331
1339
1267
1203
1179
1173
1082
1168
1260
1290
1363
1355
1386
1322
1278
1206
1146
1129
1126
1153
1208
1267
1335
1354
1377
1339
1256
1148
1109
1111
1178
1201
1236
1336
1373
1333
1325
1185
1213
1178
1186
1186
1204
1245
1289
1277
1288
1381
1211
1258
1194
1240
1212
1249
1245
1258
1291
1274
1274
1283
1278
1263
1266
1273
1276
1300
1289
1298
1285
1260
1253
1257
1212
1234
1257
1291
1255
1311
1321
1264
1181
1267
1189
1219
1224
1277
1320
1321
1295
1277
1282
1244
1227
1157
1275
1256
1305
1315
1285
1245
1233
1242
1239
1318
1216
1274
1268
1320
1299
1277
1251
1212
1226
1235
1261
1268
1292
1277
1320
1346
1305
1277
1176
1165
1138
1164
1218
1299
1364
1417
1419
1407
1235
1199
1095
1066
1151
1098
1249
1343
1448
1441
1427
1338
1222
1126
1070
1020
1087
1159
1298
1361
1423
1446
1417
1312
1219
1124
933
1028
1105
1170
1276
1355
1454
1397
1399
1309
1224
1064
1078
1084
1111
1193
1284
1340
1397
1416
1383
1325
1230
1173
1109
1123
1139
1189
1232
1280
1356
1365
1369
1354
1318
1283
1214
1178
1158
1132
1172
1230
1314
1371
1426
1481
1347
1275
1228
1153
1123
1129
1179
1250
1333
1399
1564
1416
1372
1286
1216
1145
1092
1039
1143
1197
1304
1387
1455
1433
1370
1303
1150
1132
1074
1087
1135
1284
1415
1441
1454
1434
1332
1233
1084
1049
1047
989
1211
1229
1338
1425
1424
1395
1318
1253
1145
1091
1068
1074
1151
1286
1347
1421
1429
1403
1299
1222
1163
1065
1082
1080
1151
1251
1363
1435
1443
1398
1318
1199
1033
1091
1045
1122
1202
1264
1348
1421
1419
1372
1294
1228
996
1121
1118
1103
1174
1242
1347
1385
1421
1383
1336
1238
1241
1104
1093
1087
1147
1268
1344
1414
1414
1435
1257
1239
1209
1128
1126
1140
1220
1291
1355
1373
1343
1284
1220
1224
1192
1151
1139
1164
1178
1278
1306
1356
1316
1363
1248
1237
1166
1147
1201
1199
1234
1325
1374
1432
1321
1271
1229
1163
1138
1138
1187
1198
1306
1355
1384
1395
1290
1246
1171
1117
1089
1070
1146
1206
1297
1411
1363
1429
1360
1280
1189
1060
1015
1013
1061
1157
1347
1438
1499
1493
1428
1270
1140
1059
956
950
1024
1173
1312
1467
1515
1542
1451
1303
1127
1053
944
901
1031
1069
1243
1402
1541
1607
1590
1411
1245
1045
874
850
902
1086
1217
1407
1509
1582
1528
1425
1316
1031
954
886
936
1043
1202
1384
1466
1602
1569
1543
1332
1160
1050
954
961
1002
1196
1358
1467
1536
1487
1457
1301
1165
1043
992
980
1028
1180
1304
1377
1387
1425
1377
1290
1197
1071
1066
1082
1149
1179
1252
1368
1371
1331
1392
1318
1267
1198
1165
1133
1177
1138
1252
1298
1328
1297
1317
1263
1206
1173
1122
1174
1203
1287
1299
1281
1259
1245
1227
1193
1147
1162
1200
1228
1299
1286
1293
1260
1249
1256
1224
1186
1140
1149
1144
1218
1255
1350
1360
1358
1309
1230
1144
1084
1064
1091
1255
1225
1371
1410
1461
1365
1285
1198
1114
1073
1041
1022
1153
1285
1404
1478
1478
1465
1356
1283
1147
1031
974
1007
1079
1190
1327
1457
1559
1519
1460
1324
1150
1059
903
932
1033
1178
1319
1451
1534
1521
1481
1344
1200
1090
1006
1000
1004
1144
1271
1351
1461
1512
1498
1396
1289
1153
1033
979
991
1081
1219
1305
1420
1489
1420
1465
1277
1156
1069
1011
1030
1108
1197
1298
1376
1434
1420
1395
1289
1214
1161
1129
1105
1181
1219
1259
1298
1356
1347
1311
1257
1194
1132
1185
1172
1200
1262
1226
1291
1284
1253
1193
1130
1094
1144
1181
1259
1332
1372
1396
1321
1227
1189
1134
1088
1078
1133
1218
1298
1368
1374
1421
1367
1308
1200
1096
1033
1069
1137
1193
1361
1390
1433
1446
1389
1341
1215
1113
1054
1052
1046
1165
1282
1301
1440
1422
1397
1332
1216
1151
1024
1004
1051
1120
1230
1292
1370
1403
1429
1370
1331
1217
1178
1160
1096
1130
1175
1250
1361
1405
1397
1358
1306
1159
1099
1140
1150
1167
1192
1237
1293
1325
1351
1360
1323
1274
1237
1214
1195
1162
1180
1165
1218
1240
1301
1405
1234
1290
1212
1201
1197
1252
1240
1247
1263
1277
1221
1216
1218
1209
1225
1226
1190
1243
1265
1226
1249
1285
1233
1209
1254
1216
1213
1250
1230
1245
1254
1257
1270
1220
1276
1251
1245
1257
1236
1265
1249
1236
1249
1312
1290
1257
1281
1271
1241
1236
1243
1238
1251
1252
1195
1232
1187
1291
1230
1253
1259
1250
1285
1281
1256
1233
1306
1196
1216
1252
1256
1303
1306
1306
1281
1260
1243
1252
1212
1214
1249
1245
1265
1263
1221
1255
1281
1272
1277
1330
1277
1221
1223
1242
1241
1255
1259
1256
1266
1253
1290
1224
1224
1270
1240
1270
1243
1208
1191
1192
1183
1024
1234
1249
1275
1290
1311
1282
1221
1203
1194
1187
1109
1173
1261
1294
1296
1323
1273
1255
1173
1173
1150
1182
1243
1201
1253
1277
1280
1276
1272
1256
1196
1169
1160
1263
1262
1235
1263
1306
1331
1315
1309
1228
1189
1160
1113
1270
1181
1236
1303
1357
1369
1376
1309
1247
1179
1134
1162
1121
1152
1206
1250
1299
1301
1369
1328
1283
1226
1153
1102
1115
1145
1149
1269
1337
1367
1368
1328
1262
1178
1209
1069
1121
1176
1217
1292
1317
1354
1326
1332
1340
1149
1161
1109
1149
1169
1154
1247
1285
1339
1347
1297
1257
1204
1154
1154
1125
1164
1221
1269
1335
1390
1399
1435
1269
1212
1142
1139
1133
1179
1237
1279
1298
1361
1290
1307
1225
1198
1141
1109
1122
1137
1194
1243
1298
1341
1314
1310
1291
1235
1155
1109
1095
1128
1145
1241
1330
1355
1375
1340
1295
1216
1182
1163
1146
1166
1206
1243
1280
1327
1329
1318
1306
1274
1240
1207
1173
1152
1134
1178
1236
1275
1335
1360
1329
1298
1239
1205
1166
1171
1182
1210
1249
1282
1295
1297
1294
1284
1279
1281
1242
1237
1208
1238
1233
1230
1248
1262
1288
1312
1320
1316
1305
1266
1259
1236
1232
1225
1240
1231
1246
1275
1279
1295
1283
1294
1271
1268
1243
1215
1171
1147
1164
1185
1222
1275
1303
1315
1314
1281
1240
1190
1178
1123
1183
1203
1249
1284
1307
1317
1307
1307
1290
1242
1225
1198
1175
1178
1187
1232
1234
1277
1349
1311
1267
1258
1220
1168
1186
1202
1205
1260
1274
1289
1291
1283
1267
1234
1244
1236
1245
1252
1250
1243
1224
1247
1220
1265
1268
1251
1243
1218
1220
1207
1202
1230
1245
1260
1301
1298
1284
1251
1224
1241
1204
1232
1255
1301
1314
1343
1360
1305
1265
1210
1199
1195
1191
1228
1253
1307
1315
1342
1324
1286
1238
1167
1134
1108
1138
1213
1271
1340
1367
1382
1355
1295
1211
1143
1106
1111
1167
1238
1296
1355
1390
1355
1298
1217
1150
1087
1116
1197
1238
1322
1349
1385
1363
1335
1285
1223
1177
1161
1132
1175
1227
1281
1322
1356
1364
1345
1314
1235
1185
1125
1133
1137
1164
1253
1288
1333
1346
1344
1309
1265
1233
1192
1156
1143
1139
1175
1195
1258
1321
1367
1416
1349
1313
1227
1158
1070
1087
1102
1187
1249
1355
1412
1427
1384
1302
1219
1140
1098
1084
1142
1188
1295
1360
1404
1413
1363
1301
1202
1154
1116
1123
1146
1233
1286
1338
1362
1359
1301
1229
1182
1169
1159
1176
1225
1252
1322
1336
1328
1302
1253
1203
1196
1202
1228
1256
1309
1330
1322
1306
1265
1229
1192
1208
1235
1239
1271
1282
1277
1262
1272
1270
1244
1273
1260
1260
1241
1234
1225
1215
1217
1218
1244
1272
1269
1275
1272
1264
1240
1237
1237
1197
1187
1194
1218
1237
1287
1315
1327
1322
1274
1226
1184
1127
1126
1202
1240
1309
1355
1382
1347
1296
1237
1157
1115
1113
1158
1213
1291
1350
1380
1346
1305
1243
1187
1153
1150
1162
1209
1243
1287
1307
1292
1282
1214
1233
1221
1219
1225
1244
1260
1268
1277
1284
1255
1247
1275
1228
1244
1240
1259
1259
1303
1324
1290
1277
1233
1207
1203
1224
1244
1254
1294
1300
1286
1272
1230
1209
1176
1193
1194
1261
1295
1278
1274
1234
1223
1187
1193
1210
1229
1244
1295
1302
1295
1260
1251
1222
1206
1208
1201
1234
1238
1280
1331
1319
1310
1276
1244
1202
1183
1185
1198
1222
1277
1308
1332
1324
1307
1283
1203
1160
1177
1194
1180
1263
1269
1309
1301
1298
1278
1243
1225
1222
1235
1240
1208
1244
1252
1240
1239
1239
1248
1209
1255
1283
1260
1246
1243
1225
1200
1221
1234
1228
1244
1261
1264
1268
1277
1261
1245
1234
1216
1214
1226
1254
1247
1253
1296
1286
1298
1278
1230
1198
1177
1193
1219
1266
1289
1326
1327
1315
1267
1223
1179
1167
1175
1215
1255
1283
1314
1296
1287
1274
1226
1208
1188
1200
1238
1228
1269
1244
1266
1266
1272
1265
1250
1239
1215
1219
1234
1238
1254
1247
1264
1232
1252
1248
1249
1255
1266
1275
1263
1258
1254
1231
1205
1205
1200
1222
1239
1279
1271
1296
1289
1254
1223
1178
1160
1163
1213
1268
1274
1321
1329
1299
1277
1227
1191
1155
1173
1237
1226
1272
1281
1297
1246
1282
1250
1221
1196
1191
1175
1195
1217
1247
1267
1295
1294
1271
1258
1215
1201
1160
1177
1178
1232
1270
1272
1278
1266
1263
1244
1231
1267
1217
1218
1226
1224
1238
1240
1252
1305
1282
1307
1269
1263
1214
1217
1195
1216
1227
1237
1255
1265
1279
1274
1247
1236
1223
1211
1197
1184
1198
1185
1212
1199
1253
1262
1263
1265
1229
1238
1223
1209
1203
1215
1225
1246
1281
1285
1270
1260
1263
1246
1228
1219
1222
1212
1239
1276
1249
1254
1227
1218
1217
1230
1248
1254
1267
1297
1252
1239
1217
1197
1181
1194
1185
1234
1262
1262
1270
1243
1240
1209
1210
1192
1165
1166
1184
1213
1236
1246
1294
1272
1259
1236
1174
1179
1155
1170
1227
1246
1320
1289
1288
1251
1236
1210
1195
1181
1192
1221
1245
1267
1276
1265
1247
1235
1247
1226
1207
1221
1205
1231
1226
1237
1242
1220
1231
1217
1229
1237
1249
1246
1259
1246
1242
1230
1218
1189
1174
1202
1210
1242
1263
1317
1277
1292
1276
1227
1176
1169
1168
1191
1238
1282
1293
1327
1317
1273
1238
1190
1162
1138
1182
1221
1263
1306
1304
1279
1237
1222
1184
1176
1177
1189
1212
1242
1255
1288
1259
1242
1223
1212
1215
1169
1207
1204
1244
1264
1275
1266
1224
1203
1188
1187
1206
1194
1249
1273
1282
1291
1220
1203
1155
1156
1191
1222
1262
1277
1291
1259
1240
1206
1174
1155
1169
1199
1245
1283
1315
1307
1293
1257
1222
1183
1166
1178
1178
1216
1250
1293
1317
1296
1309
1225
1204
1187
1163
1157
1204
1239
1278
1306
1312
1275
1242
1244
1183
1171
1180
1209
1239
1287
1319
1297
1279
1249
1185
1173
1194
1216
1242
1291
1300
1290
1264
1210
1177
1124
1163
1158
1231
1283
1289
1303
1264
1240
1211
1192
1183
1172
1199
1226
1262
1285
1302
1290
1272
1248
1249
1180
1173
1158
1185
1242
1258
1290
1288
1289
1245
1224
1202
1190
1188
1216
1235
1256
1265
1266
1224
1212
1168
1218
1225
1232
1265
1240
1228
1239
1225
1215
1205
1207
1219
1251
1272
1228
1257
1248
1211
1211
1183
1185
1181
1222
1299
1274
1298
1288
1276
1213
1224
1198
1163
1163
1182
1234
1263
1311
1321
1317
1303
1231
1203
1173
1129
1145
1157
1234
1269
1310
1350
1322
1270
1237
1195
1174
1179
1186
1220
1254
1280
1290
1297
1274
1246
1234
1215
1195
1187
1197
1187
1219
1260
1250
1284
1268
1259
1234
1213
1207
1203
1208
1225
1244
1284
1247
1256
1215
1209
1209
1222
1240
1250
1255
1253
1235
1246
1223
1211
1207
1215
1232
1253
1269
1265
1256
1242
1228
1213
1185
1193
1183
1208
1258
1244
1278
1262
1256
1232
1243
1223
1137
1207
1212
1220
1240
1263
1271
1247
1250
1257
1208
1197
1180
1195
1196
1238
1266
1278
1299
1244
1228
1202
1200
1203
1219
1251
1263
1280
1280
1249
1229
1220
1222
1226
1258
1260
1268
1271
1254
1258
1247
1236
1217
1216
1215
1228
1227
1245
1241
1247
1299
1257
1243
1209
1201
1160
1176
1209
1229
1260
1276
1295
1277
1254
1221
1173
1178
1179
1222
1226
1253
1283
1270
1249
1225
1233
1213
1184
1180
1179
1202
1228
1253
1269
1286
1259
1244
1233
1213
1186
1191
1195
1214
1248
1256
1283
1241
1266
1259
1225
1226
1193
1197
1218
1243
1259
1264
1262
1243
1218
1205
1191
1199
1200
1226
1209
1265
1267
1235
1190
1168
1172
1169
1188
1216
1222
1242
1254
1255
1247
1227
1210
1186
1184
1180
1174
1193
1199
1225
1249
1267
1250
1226
1209
1172
1178
1196
1197
1222
1248
1272
1266
1262
1236
1178
1179
1185
1196
1211
1231
1256
1237
1253
1232
1228
1219
1198
1220
1203
1211
1230
1237
1245
1242
1230
1216
1205
1184
1178
1197
1232
1220
1246
1245
1239
1206
1213
1209
1183
1198
1227
1227
1250
1272
1271
1240
1240
1216
1192
1201
1193
1211
1219
1253
1257
1263
1272
1223
1200
1180
1191
1195
1218
1243
1257
1270
1264
1249
1221
1204
1183
1186
1190
1243
1219
1247
1234
1236
1253
1241
1220
1205
1202
1190
1206
1220
1167
1235
1238
1244
1239
1222
1222
1192
1207
1230
1230
1243
1226
1251
1199
1221
1222
1232
1241
1258
1261
1253
1246
1230
1199
1199
1204
1216
1248
1256
1274
1246
1256
1233
1214
1163
1188
1195
1206
1244
1267
1264
1261
1258
1225
1192
1205
1209
1189
1211
1260
1248
1269
1255
1252
1217
1227
1210
1212
1225
1227
1243
1265
1276
1271
1227
1245
1222
1216
1215
1207
1220
1220
1252
1240
1268
1263
1236
1210
1195
1209
1228
1238
1254
1261
1273
1270
1262
1232
1246
1228
1229
1242
1241
1232
1251
1237
1262
1260
1249
1256
1243
1240
1232
1253
1250
1267
1247
1258
1245
1240
1240
1243
1232
1245
1204
1259
1257
1240
1242
1211
1227
1239
1242
1256
1264
1267
1255
1256
1239
1222
1229
1207
1233
1248
1260
1261
1247
1255
1279
1233
1244
1234
1231
1219
1251
1254
1256
1263
1264
1256
1255
1259
1239
1220
1220
1222
1231
1256
1247
1262
1253
1275
1247
1254
1251
1220
1221
1216
1230
1244
1265
1268
1271
1276
1274
1251
1243
1222
1219
1264
1237
1246
1248
1277
1269
1285
1288
1267
1238
1209
1208
1204
1214
1253
1289
1292
1306
1307
1287
1213
1223
1182
1199
1202
1247
1273
1285
1293
1277
1277
1254
1244
1205
1212
1208
1223
1241
1260
1255
1268
1265
1254
1244
1233
1217
1182
1210
1238
1250
1276
1285
1277
1269
1249
1224
1142
1206
1210
1230
1265
1286
1288
1273
1262
1231
1231
1232
1215
1226
1235
1273
1271
1279
1275
1263
1225
1249
1239
1246
1242
1259
1258
1275
1275
1270
1269
1254
1246
1255
1250
1251
1238
1247
1258
1267
1279
1273
1261
1250
1245
1241
1241
1255
1249
1255
1287
1260
1252
1244
1243
1225
1254
1276
1300
1281
1281
1256
1225
1230
1229
1219
1255
1276
1281
1276
1258
1235
1209
1217
1201
1233
1268
1260
1270
1248
1256
1250
1224
1225
1231
1230
1247
1286
1270
1270
1272
1272
1259
1256
1240
1236
1212
1239
1258
1275
1299
1283
1287
1267
1258
1219
1218
1213
1223
1243
1301
1299
1301
1276
1255
1175
1205
1193
1180
1185
1213
1286
1289
1303
1294
1261
1238
1189
1194
1196
1211
1224
1241
1280
1292
1272
1283
1264
1240
1250
1217
1212
1167
1234
1240
1282
1301
1302
1287
1272
1240
1218
1212
1223
1220
1246
1278
1290
1288
1267
1262
1204
1215
1201
1220
1234
1241
1250
1256
1266
1268
1266
1260
1256
1244
1225
1233
1219
1211
1237
1295
1268
1283
1276
1265
1214
1231
1231
1204
1225
1235
1256
1276
1306
1285
1263
1261
1239
1197
1224
1213
1218
1214
1231
1233
1282
1306
1293
1291
1270
1247
1213
1205
1194
1203
1236
1302
1298
1326
1311
1286
1216
1212
1176
1159
1173
1181
1246
1318
1332
1336
1317
1286
1228
1201
1181
1133
1183
1220
1272
1303
1305
1332
1301
1262
1222
1188
1175
1160
1195
1210
1281
1326
1345
1348
1314
1255
1193
1165
1149
1154
1204
1273
1322
1358
1351
1324
1259
1219
1190
1158
1185
1205
1246
1284
1342
1352
1335
1309
1260
1212
1182
1176
1166
1189
1232
1315
1320
1360
1324
1301
1229
1196
1156
1157
1180
1222
1245
1325
1352
1351
1299
1255
1203
1172
1174
1180
1226
1260
1332
1322
1339
1316
1264
1228
1203
1180
1194
1215
1243
1291
1326
1339
1334
1318
1265
1196
1187
1170
1179
1214
1274
1294
1355
1367
1337
1297
1229
1198
1148
1166
1202
1254
1289
1349
1355
1335
1286
1230
1165
1154
1110
1181
1228
1269
1300
1300
1331
1314
1278
1239
1195
1165
1163
1192
1232
1281
1327
1350
1352
1345
1290
1220
1159
1144
1188
1182
1271
1304
1342
1342
1333
1288
1229
1183
1168
1130
1203
1245
1295
1319
1331
1324
1299
1277
1222
1200
1180
1194
1222
1262
1296
1312
1326
1306
1290
1259
1221
1195
1174
1193
1239
1267
1300
1308
1305
1331
1263
1231
1193
1209
1179
1233
1284
1294
1313
1306
1321
1255
1238
1215
1197
1183
1232
1224
1267
1286
1286
1268
1270
1239
1238
1239
1212
1214
1207
1246
1253
1282
1293
1291
1270
1252
1232
1239
1212
1232
1254
1290
1295
1285
1284
1239
1248
1249
1221
1225
1243
1247
1253
1254
1253
1204
1237
1239
1242
1263
1236
1244
1230
1221
1206
1235
1283
1250
1262
1253
1268
1247
1249
1224
1231
1236
1249
1258
1279
1271
1285
1284
1282
1268
1245
1258
1223
1252
1262
1250
1272
1283
1291
1302
1287
1285
1253
1230
1216
1196
1219
1242
1278
1278
1292
1305
1260
1213
1199
1187
1162
1208
1237
1276
1313
1300
1286
1253
1228
1189
1164
1192
1211
1249
1288
1301
1310
1287
1267
1228
1221
1210
1189
1208
1228
1266
1316
1332
1332
1307
1275
1241
1209
1194
1196
1234
1273
1312
1340
1329
1310
1254
1217
1199
1185
1199
1211
1260
1295
1307
1310
1298
1259
1225
1219
1201
1218
1229
1241
1254
1249
1288
1281
1265
1258
1216
1232
1240
1232
1240
1250
1266
1270
1283
1289
1272
1251
1252
1234
1233
1234
1264
1227
1246
1284
1262
1242
1255
1248
1228
1244
1235
1237
1241
1240
1240
1256
1242
1266
1255
1269
1263
1243
1233
1235
1204
1187
1244
1252
1278
1317
1304
1292
1247
1220
1200
1195
1207
1234
1270
1317
1310
1310
1287
1258
1271
1218
1239
1189
1217
1221
1277
1279
1316
1307
1290
1260
1221
1202
1194
1169
1203
1245
1280
1302
1309
1312
1268
1239
1189
1201
1191
1197
1226
1241
1278
1293
1296
1279
1266
1238
1220
1211
1215
1190
1203
1238
1247
1273
1282
1284
1255
1267
1271
1220
1179
1198
1182
1198
1237
1268
1282
1311
1315
1291
1258
1211
1181
1153
1162
1153
1230
1296
1341
1331
1322
1313
1266
1222
1196
1156
1154
1172
1225
1278
1315
1359
1360
1342
1287
1214
1168
1129
1125
1194
1240
1312
1345
1372
1347
1315
1256
1195
1150
1135
1159
1214
1253
1298
1332
1337
1319
1294
1255
1204
1186
1150
1173
1200
1245
1281
1262
1323
1303
1289
1254
1192
1185
1200
1195
1211
1237
1272
1269
1279
1294
1265
1263
1224
1218
1198
1221
1238
1236
1232
1253
1258
1263
1273
1266
1242
1237
1227
1212
1213
1209
1232
1218
1270
1277
1288
1290
1283
1232
1204
1210
1206
1195
1250
1264
1278
1286
1273
1260
1234
1231
1225
1226
1233
1234
1256
1246
1272
1279
1271
1282
1245
1229
1227
1227
1233
1230
1257
1270
1277
1276
1243
1233
1194
1201
1223
1235
1253
1272
1283
1266
1265
1245
1223
1211
1208
1218
1237
1259
1278
1268
1268
1261
1249
1226
1210
1205
1189
1216
1235
1251
1284
1279
1272
1254
1246
1235
1192
1203
1204
1214
1235
1279
1278
1271
1277
1301
1251
1212
1208
1196
1195
1236
1263
1276
1292
1279
1261
1243
1229
1218
1204
1223
1228
1243
1279
1261
1260
1242
1267
1225
1235
1237
1211
1197
1213
1235
1244
1258
1263
1262
1259
1240
1220
1211
1199
1198
1256
1238
1257
1253
1259
1229
1240
1248
1218
1215
1217
1228
1221
1239
1248
1245
1251
1263
1251
1239
1218
1214
1185
1202
1173
1231
1265
1269
1285
1254
1259
1236
1209
1193
1193
1197
1230
1267
1281
1284
1292
1283
1241
1218
1181
1178
1158
1200
1254
1260
1294
1289
1284
1256
1262
1213
1183
1182
1183
1198
1236
1258
1284
1292
1296
1240
1243
1223
1153
1172
1159
1204
1223
1272
1296
1297
1283
1253
1231
1193
1154
1168
1184
1211
1239
1248
1278
1265
1262
1280
1256
1231
1199
1207
1182
1199
1236
1246
1267
1283
1289
1279
1246
1233
1184
1182
1185
1214
1228
1257
1279
1263
1270
1264
1253
1233
1205
1183
1172
1193
1212
1240
1265
1286
1293
1282
1258
1225
1185
1168
1187
1172
1201
1232
1265
1265
1299
1286
1247
1222
1176
1156
1166
1215
1226
1226
1278
1288
1287
1266
1233
1207
1166
1172
1187
1214
1245
1255
1281
1276
1257
1252
1236
1222
1192
1202
1214
1230
1241
1269
1273
1267
1256
1242
1210
1207
1184
1214
1246
1255
1269
1266
1263
1232
1227
1221
1146
1209
1231
1249
1256
1265
1259
1238
1219
1231
1213
1224
1217
1236
1228
1262
1273
1253
1242
1233
1217
1206
1214
1215
1213
1244
1259
1259
1262
1247
1235
1192
1195
1195
1208
1232
1239
1262
1233
1277
1260
1267
1225
1207
1198
1206
1213
1236
1248
1267
1297
1255
1256
1221
1218
1191
1247
1230
1221
1254
1260
1266
1265
1259
1246
1210
1215
1207
1226
1223
1218
1245
1241
1253
1237
1263
1250
1231
1219
1196
1212
1227
1229
1254
1264
1269
1269
1256
1258
1231
1230
1232
1239
1233
1235
1249
1228
1257
1282
1261
1262
1248
1277
1222
1229
1237
1241
1242
1252
1262
1259
1250
1244
1216
1220
1171
1216
1248
1256
1256
1234
1250
1231
1227
1222
1225
1225
1237
1252
1257
1260
1261
1243
1243
1239
1222
1222
1208
1221
1268
1253
1279
1249
1281
1259
1256
1245
1230
1225
1219
1229
1250
1266
1252
1276
1269
1266
1254
1239
1211
1208
1193
1214
1223
1254
1269
1267
1273
1257
1256
1248
1243
1221
1223
1228
1233
1235
1262
1263
1264
1322
1307
1268
1240
1238
1203
1233
1247
1248
1268
1281
1291
1271
1274
1259
1233
1223
1236
1227
1239
1242
1259
1246
1269
1259
1266
1268
1248
1238
1218
1233
1219
1244
1256
1267
1266
1276
1270
1257
1236
1234
1228
1232
1247
1242
1248
1226
1252
1262
1246
1261
1250
1258
1269
1260
1255
1198
1242
1238
1243
1250
1241
1260
1254
1258
1239
1264
1267
1245
1248
1222
1230
1228
1247
1241
1250
1263
1261
1267
1265
1238
1239
1230
1221
1216
1206
1239
1242
1256
1290
1277
1272
1256
1243
1218
1226
1240
1228
1237
1245
1250
1228
1252
1275
1248
1253
1257
1247
1241
1227
1216
1194
1227
1228
1246
1268
1276
1264
1257
1253
1226
1212
1211
1203
1215
1238
1258
1247
1264
1278
1272
1256
1247
1208
1201
1175
1208
1241
1261
1289
1297
1273
1292
1269
1240
1205
1190
1188
1208
1245
1259
1286
1277
1287
1276
1257
1239
1210
1213
1212
1229
1249
1282
1279
1282
1275
1256
1234
1223
1208
1200
1213
1238
1257
1256
1269
1233
1248
1247
1225
1224
1221
1223
1234
1252
1255
1244
1260
1252
1236
1229
1219
1249
1208
1238
1270
1265
1279
1259
1251
1223
1234
1221
1222
1230
1249
1251
1270
1275
1266
1253
1246
1227
1208
1217
1226
1211
1208
1250
1255
1282
1287
1258
1243
1219
1202
1191
1175
1203
1233
1228
1290
1286
1287
1257
1241
1266
1212
1208
1192
1219
1218
1256
1279
1295
1290
1266
1256
1245
1214
1205
1188
1216
1210
1263
1281
1288
1296
1289
1252
1214
1219
1209
1203
1225
1225
1260
1282
1291
1251
1263
1249
1236
1214
1222
1205
1228
1271
1244
1257
1255
1256
1227
1245
1254
1220
1222
1214
1210
1215
1234
1260
1232
1250
1248
1251
1237
1236
1227
1205
1214
1187
1233
1251
1246
1256
1248
1260
1252
1248
1253
1242
1231
1236
1245
1238
1236
1250
1247
1259
1258
1245
1241
1217
1242
1262
1240
1259
1242
1244
1237
1235
1230
1232
1237
1236
1246
1257
1251
1208
1238
1234
1182
1224
1229
1218
1240
1237
1260
1263
1269
1261
1258
1238
1221
1224
1229
1228
1224
1265
1270
1272
1267
1270
1230
1217
1249
1217
1225
1220
1250
1242
1269
1283
1285
1248
1245
1222
1218
1222
1258
1230
1233
1252
1252
1264
1249
1245
1208
1244
1226
1242
1253
1245
1246
1239
1258
1247
1253
1250
1253
1253
1250
1277
1252
1241
1244
1261
1252
1260
1237
1244
1232
1251
1262
1261
1267
1248
1238
1244
1249
1233
1229
1247
1260
1266
1280
1249
1247
1223
1225
1215
1231
1251
1247
1259
1242
1252
1249
1245
1225
1227
1242
1239
1245
1252
1240
1249
1244
1253
1249
1246
1252
1229
1247
1265
1247
1255
1248
1272
1238
1249
1258
1186
1234
1255
1252
1255
1246
1260
1240
1236
1249
1230
1217
1234
1236
1232
1267
1268
1272
1274
1252
1237
1228
1227
1219
1210
1248
1268
1288
1293
1289
1281
1251
1247
1239
1229
1242
1226
1247
1256
1286
1300
1304
1297
1272
1255
1233
1217
1211
1212
1225
1295
1293
1317
1297
1294
1236
1231
1179
1207
1213
1216
1243
1259
1286
1288
1257
1271
1260
1244
1228
1207
1212
1194
1218
1219
1274
1290
1304
1287
1250
1233
1236
1213
1205
1210
1222
1241
1264
1287
1285
1284
1278
1250
1253
1205
1220
1191
1226
1262
1257
1286
1287
1281
1271
1267
1237
1228
1218
1239
1218
1243
1261
1280
1273
1285
1216
1259
1251
1192
1208
1195
1230
1237
1271
1287
1281
1273
1266
1252
1239
1212
1236
1235
1242
1264
1262
1269
1263
1262
1287
1254
1264
1224
1227
1215
1231
1245
1278
1277
1275
1277
1260
1239
1231
1211
1217
1235
1260
1274
1279
1276
1261
1246
1220
1224
1229
1225
1241
1244
1250
1277
1257
1250
1249
1240
1231
1230
1236
1198
1229
1288
1259
1266
1267
1259
1233
1236
1251
1228
1224
1224
1232
1241
1279
1280
1261
1265
1243
1224
1218
1210
1208
1206
1239
1242
1273
1292
1273
1264
1234
1247
1220
1215
1214
1218
1221
1254
1262
1275
1273
1266
1255
1261
1233
1199
1200
1191
1230
1256
1276
1291
1281
1275
1249
1235
1221
1130
1204
1231
1237
1259
1266
1278
1263
1246
1243
1239
1231
1194
1216
1202
1226
1237
1259
1267
1270
1278
1248
1249
1235
1212
1232
1217
1243
1260
1265
1266
1233
1254
1256
1226
1211
1247
1254
1248
1264
1266
1258
1245
1249
1239
1243
1242
1248
1229
1252
1244
1248
1261
1239
1245
1223
1244
1232
1244
1252
1240
1235
1258
1266
1277
1231
1261
1245
1239
1239
1221
1225
1219
1237
1238
1273
1303
1262
1254
1225
1232
1214
1223
1216
1216
1241
1262
1268
1287
1277
