1318
1353
1344
1328
1288
1272
1284
1297
1271
1237
1265
1267
1264
1255
1268
1253
1268
1256
1264
1265
1261
1273
1275
1273
1271
1287
1294
1293
1291
1293
1303
1306
1289
1313
1310
1310
1315
1324
1313
1323
1324
1323
1327
1325
1321
1327
1324
1320
1310
1319
1335
1319
1320
1310
1306
1310
1315
1310
1303
1307
1317
1303
1298
1278
1299
1297
1299
1289
1298
1294
1297
1299
1272
1302
1307
1304
1303
1298
1303
1282
1309
1299
1300
1295
1286
1291
1291
1285
1283
1292
1288
1293
1287
1294
1286
1286
1271
1296
1299
1290
1296
1310
1294
1278
1293
1293
1288
1291
1292
1271
1284
1280
1290
1290
1287
1295
1295
1305
1298
1318
1297
1325
1330
1329
1338
1334
1345
1348
1318
1346
1350
1355
1354
1333
1344
1347
1340
1321
1337
1335
1325
1324
1314
1319
1301
1321
1308
1306
1301
1298
1301
1288
1213
1270
1254
1261
1242
1238
1242
1224
1226
1234
1235
1231
1227
1250
1255
1271
1290
1293
1289
1307
1300
1299
1300
1306
1306
1305
1310
1328
1345
1365
1405
1429
1470
1541
1544
1522
1513
1485
1451
1420
1397
1353
1319
1296
1275
1192
1138
1088
1034
1008
991
1001
1007
1037
1067
1096
1135
1169
1195
1240
1293
1349
1419
1464
1512
1488
1471
1427
1381
1333
1302
1279
1269
1270
1309
1292
1315
1301
1304
1325
1328
1361
1374
1417
1448
1483
1507
1506
1499
1486
1464
1449
1439
1441
1442
1430
1390
1367
1344
1273
1228
1182
1165
1139
1136
1147
1173
1182
1192
1219
1236
1250
1245
1259
1257
1250
1245
1253
1220
1210
1202
1209
1154
1225
1257
1274
1305
1317
1354
1363
1378
1395
1412
1407
1399
1406
1389
1359
1355
1354
1337
1326
1309
1299
1266
1249
1210
1214
1206
1188
1193
1200
1186
1236
1278
1300
1326
1340
1367
1352
1345
1337
1331
1325
1303
1323
1319
1312
1303
1309
1282
1305
1307
1324
1345
1340
1340
1328
1320
1325
1305
1302
1298
1297
1310
1299
1327
1293
1365
1390
1406
1441
1445
1462
1444
1445
1414
1376
1318
1306
1279
1265
1195
1254
1249
1236
1221
1198
1187
1150
1141
1125
1134
1146
1160
1189
1209
1237
1275
1288
1299
1329
1328
1339
1353
1360
1352
1347
1326
1330
1312
1300
1324
1303
1310
1342
1346
1361
1368
1361
1354
1356
1363
1358
1372
1393
1420
1441
1459
1486
1475
1480
1467
1447
1411
1384
1334
1312
1287
1282
1241
1226
1218
1216
1215
1213
1224
1226
1239
1245
1266
1279
1270
1262
1253
1250
1275
1220
1214
1212
1205
1199
1215
1237
1225
1243
1278
1254
1262
1279
1291
1302
1306
1316
1332
1332
1395
1387
1398
1422
1479
1446
1464
1444
1446
1424
1418
1400
1374
1345
1311
1285
1276
1259
1266
1304
1335
1331
1346
1357
1357
1345
1343
1359
1347
1333
1328
1304
1292
1250
1251
1248
1253
1255
1262
1262
1253
1227
1239
1239
1263
1293
1324
1350
1360
1374
1367
1365
1334
1344
1335
1318
1314
1294
1290
1267
1257
1258
1264
1270
1268
1275
1284
1272
1265
1275
1274
1287
1293
1304
1293
1308
1287
1309
1276
1329
1346
1365
1382
1380
1373
1352
1335
1314
1292
1278
1280
1276
1272
1214
1274
1258
1265
1255
1258
1278
1279
1315
1323
1327
1331
1330
1313
1322
1267
1342
1337
1339
1337
1331
1329
1322
1349
1300
1341
1314
1301
1279
1250
1233
1232
1237
1246
1284
1280
1288
1295
1313
1296
1310
1354
1368
1371
1367
1342
1343
1327
1318
1322
1333
1330
1318
1313
1310
1295
1279
1273
1266
1271
1271
1272
1285
1270
1275
1276
1295
1292
1314
1333
1328
1329
1354
1291
1272
1257
1261
1256
1268
1284
1312
1294
1296
1316
1326
1343
1365
1376
1377
1414
1342
1331
1295
1273
1261
1259
1277
1272
1297
1287
1279
1284
1306
1326
1360
1357
1367
1368
1352
1350
1328
1321
1318
1381
1340
1326
1304
1316
1300
1290
1299
1304
1302
1299
1286
1266
1240
1215
1183
1206
1217
1228
1242
1250
1255
1237
1239
1275
1284
1299
1322
1357
1339
1342
1341
1328
1322
1341
1360
1379
1393
1396
1389
1350
1326
1311
1305
1293
1311
1312
1312
1306
1316
1312
1323
1334
1345
1340
1374
1368
1337
1311
1282
1274
1285
1299
1309
1337
1342
1346
1339
1339
1339
1343
1371
1351
1351
1326
1303
1258
1235
1231
1250
1279
1278
1315
1317
1304
1292
1301
1275
1309
1289
1333
1334
1312
1282
1263
1254
1260
1270
1322
1338
1341
1330
1304
1281
1279
1279
1292
1307
1310
1318
1283
1254
1225
1178
1240
1254
1284
1314
1313
1298
1285
1285
1280
1287
1305
1318
1318
1306
1286
1269
1261
1269
1294
1325
1349
1419
1396
1364
1371
1360
1341
1376
1384
1406
1411
1403
1372
1345
1321
1309
1334
1349
1348
1360
1345
1320
1274
1266
1261
1260
1269
1312
1338
1320
1290
1268
1251
1246
1239
1262
1260
1248
1224
1205
1177
1162
1182
1216
1257
1284
1310
1302
1294
1266
1271
1289
1312
1336
1335
1345
1312
1285
1264
1224
1265
1304
1341
1373
1381
1375
1365
1348
1376
1368
1391
1409
1439
1405
1379
1368
1270
1298
1309
1328
1346
1351
1340
1307
1279
1256
1273
1309
1290
1315
1313
1305
1257
1240
1210
1209
1229
1245
1288
1325
1275
1269
1259
1243
1247
1280
1329
1310
1361
1329
1346
1292
1271
1274
1292
1314
1357
1348
1329
1292
1253
1230
1263
1296
1323
1355
1338
1330
1305
1278
1264
1249
1306
1334
1346
1355
1345
1306
1278
1268
1289
1302
1363
1363
1359
1319
1281
1254
1239
1254
1271
1319
1352
1352
1322
1294
1280
1239
1311
1346
1368
1386
1370
1342
1295
1275
1279
1298
1325
1368
1398
1383
1346
1317
1283
1301
1293
1331
1359
1354
1323
1271
1249
1210
1208
1225
1256
1275
1290
1271
1243
1207
1188
1207
1252
1301
1378
1390
1354
1325
1310
1262
1276
1319
1359
1397
1387
1359
1336
1301
1271
1298
1338
1371
1400
1398
1356
1309
1262
1233
1227
1266
1316
1341
1333
1295
1262
1226
1218
1280
1282
1327
1343
1347
1276
1292
1248
1243
1269
1312
1346
1369
1364
1325
1266
1246
1247
1267
1304
1338
1362
1337
1281
1282
1259
1249
1295
1344
1388
1410
1384
1369
1318
1285
1285
1306
1341
1383
1385
1360
1303
1273
1259
1216
1296
1323
1362
1364
1340
1283
1234
1206
1209
1234
1281
1334
1317
1261
1231
1185
1167
1176
1215
1276
1306
1337
1303
1270
1230
1170
1224
1282
1338
1381
1381
1360
1310
1274
1270
1293
1340
1393
1424
1411
1368
1307
1258
1203
1247
1308
1341
1377
1369
1322
1291
1237
1258
1305
1338
1400
1414
1402
1353
1236
1224
1255
1261
1322
1382
1387
1371
1303
1270
1213
1218
1269
1301
1345
1359
1324
1267
1214
1180
1168
1228
1275
1327
1333
1311
1297
1167
1179
1227
1299
1332
1382
1401
1360
1301
1287
1251
1224
1295
1357
1395
1395
1370
1322
1267
1226
1261
1322
1374
1447
1411
1369
1315
1260
1245
1275
1322
1419
1411
1395
1351
1303
1218
1210
1249
1310
1364
1390
1384
1329
1291
1198
1256
1259
1332
1391
1407
1384
1316
1260
1217
1217
1240
1292
1347
1395
1351
1284
1261
1155
1169
1197
1286
1351
1374
1347
1283
1240
1224
1172
1197
1325
1352
1373
1345
1295
1201
1244
1186
1216
1343
1404
1374
1413
1323
1300
1263
1237
1268
1383
1431
1443
1395
1323
1286
1286
1248
1262
1389
1433
1418
1378
1326
1252
1258
1251
1267
1388
1400
1422
1359
1296
1272
1177
1204
1245
1340
1358
1338
1254
1215
1144
1131
1150
1208
1336
1365
1333
1275
1227
1133
1113
1155
1275
1346
1363
1349
1287
1250
1240
1202
1199
1362
1424
1440
1412
1342
1307
1221
1276
1298
1384
1436
1433
1413
1350
1312
1258
1294
1286
1405
1445
1438
1396
1308
1269
1231
1244
1267
1356
1394
1398
1348
1279
1232
1177
1196
1253
1351
1375
1374
1324
1254
1163
1133
1179
1252
1361
1402
1434
1340
1288
1203
1226
1203
1239
1396
1439
1409
1350
1297
1285
1254
1257
1301
1437
1461
1445
1372
1315
1173
1270
1233
1266
1358
1416
1376
1301
1245
1109
1163
1244
1269
1359
1393
1344
1259
1214
1131
1166
1182
1214
1371
1380
1353
1278
1242
1222
1170
1213
1309
1413
1437
1387
1317
1287
1193
1256
1303
1333
1449
1457
1431
1350
1335
1236
1262
1293
1392
1483
1465
1417
1334
1285
1221
1205
1268
1283
1413
1425
1389
1295
1251
1223
1180
1246
1353
1391
1368
1315
1230
1195
1124
1136
1182
1322
1368
1365
1306
1242
1238
1142
1165
1231
1371
1403
1389
1336
1269
1225
1225
1262
1325
1422
1454
1423
1360
1304
1228
1239
1216
1300
1434
1449
1417
1337
1281
1215
1226
1227
1227
1423
1429
1397
1312
1254
1159
1185
1191
1237
1351
1396
1340
1277
1213
1125
1147
1234
1306
1398
1417
1368
1283
1232
1140
1220
1249
1285
1404
1412
1372
1290
1254
1183
1191
1234
1336
1453
1442
1407
1292
1283
1205
1224
1289
1344
1476
1474
1414
1329
1268
1217
1253
1271
1425
1437
1412
1350
1259
1191
1176
1168
1257
1348
1398
1371
1329
1241
1214
1176
1213
1280
1373
1398
1380
1317
1238
1153
1162
1231
1283
1385
1414
1383
1318
1263
1237
1178
1239
1282
1413
1425
1413
1350
1293
1188
1265
1263
1313
1456
1477
1414
1344
1305
1255
1210
1271
1334
1423
1439
1406
1372
1274
1243
1176
1212
1252
1415
1417
1379
1293
1204
1152
1174
1215
1312
1429
1442
1411
1324
1280
1256
1188
1226
1274
1431
1410
1370
1323
1212
1202
1195
1233
1376
1437
1440
1390
1340
1253
1170
1245
1267
1396
1439
1428
1263
1313
1226
1217
1171
1231
1390
1432
1417
1291
1343
1241
1163
1205
1273
1396
1427
1406
1326
1311
1167
1202
1194
1251
1396
1433
1416
1296
1328
1217
1224
1241
1388
1430
1433
1375
1245
1275
1152
1141
1238
1335
1395
1411
1332
1282
1292
1155
1154
1213
1334
1410
1418
1309
1256
1289
1147
1178
1190
1369
1419
1441
1350
1249
1275
1222
1212
1214
1392
1449
1452
1314
1322
1298
1205
1225
1288
1397
1441
1441
1322
1251
1235
1232
1218
1237
1395
1440
1430
1298
1319
1248
1193
1198
1215
1400
1429
1407
1288
1308
1224
1151
1153
1311
1389
1414
1336
1261
1286
1164
1151
1191
1290
1367
1398
1375
1229
1283
1133
1116
1171
1299
1411
1427
1326
1327
1321
1204
1168
1256
1398
1394
1498
1338
1365
1359
1231
1237
1289
1407
1470
1482
1382
1287
1313
1172
1177
1199
1382
1422
1441
1293
1253
1281
1155
1168
1214
1361
1413
1423
1321
1267
1266
1119
1126
1256
1358
1409
1370
1330
1269
1288
1196
1145
1314
1394
1425
1398
1322
1320
1277
1205
1233
1340
1416
1462
1309
1346
1343
1210
1164
1171
1318
1400
1449
1406
1294
1346
1275
1204
1262
1361
1429
1467
1347
1297
1340
1232
1156
1190
1310
1373
1392
1274
1221
1242
1107
1081
1118
1309
1375
1402
1362
1303
1363
1184
1224
1306
1372
1422
1434
1285
1224
1280
1155
1134
1287
1355
1409
1323
1361
1309
1319
1203
1211
1333
1406
1445
1380
1313
1334
1277
1208
1170
1314
1385
1431
1387
1308
1342
1279
1169
1152
1277
1377
1408
1333
1332
1250
1260
1184
1212
1326
1412
1463
1393
1318
1338
1199
1187
1159
1305
1367
1398
1307
1271
1308
1235
1185
1252
1388
1441
1462
1385
1330
1355
1222
1203
1218
1353
1407
1421
1285
1218
1264
1184
1123
1191
1276
1328
1345
1253
1216
1237
1120
1153
1278
1367
1424
1426
1330
1249
1298
1164
1178
1258
1342
1384
1393
1278
1232
1259
1143
1109
1280
1393
1449
1408
1388
1376
1353
1217
1241
1345
1424
1458
1351
1328
1293
1302
1237
1190
1314
1408
1442
1373
1341
1313
1246
1160
1217
1267
1332
1352
1252
1205
1249
1142
1087
1196
1241
1294
1325
1224
1221
1247
1153
1092
1195
1256
1319
1356
1291
1284
1331
1283
1251
1336
1398
1445
1444
1369
1283
1345
1220
1268
1346
1402
1459
1453
1363
1323
1388
1302
1310
1360
1474
1455
1418
1396
1370
1352
1255
1263
1297
1380
1408
1308
1278
1259
1278
1112
1165
1166
1239
1265
1161
1146
1246
1180
1177
1141
1255
1349
1389
1293
1270
1334
1258
1206
1244
1277
1341
1365
1248
1302
1240
1262
1230
1318
1377
1454
1490
1451
1427
1446
1359
1313
1338
1433
1392
1374
1334
1248
1291
1163
1209
1271
1311
1366
1351
1306
1261
1302
1224
1206
1297
1339
1372
1328
1326
1245
1301
1170
1158
1301
1354
1383
1335
1284
1314
1284
1215
1220
1236
1345
1381
1299
1262
1273
1352
1263
1267
1345
1421
1446
1370
1350
1405
1390
1274
1292
1354
1419
1423
1300
1273
1328
1237
1204
1221
1250
1311
1335
1259
1281
1307
1262
1225
1290
1316
1370
1361
1275
1260
1269
1165
1130
1158
1201
1251
1255
1260
1244
1303
1255
1224
1344
1403
1433
1438
1392
1328
1360
1230
1246
1267
1282
1345
1286
1268
1273
1344
1262
1268
1351
1431
1468
1442
1417
1379
1418
1328
1270
1350
1402
1410
1333
1391
1327
1306
1196
1233
1250
1306
1324
1213
1277
1215
1250
1093
1164
1246
1320
1333
1289
1284
1309
1217
1175
1225
1286
1325
1326
1269
1245
1279
1218
1219
1272
1305
1363
1345
1311
1279
1370
1292
1339
1374
1396
1436
1390
1321
1352
1381
1244
1297
1340
1366
1362
1355
1284
1238
1298
1236
1223
1303
1372
1401
1316
1398
1295
1372
1238
1213
1267
1308
1299
1179
1205
1144
1225
1125
1183
1226
1283
1343
1283
1310
1240
1329
1222
1289
1314
1375
1381
1290
1337
1296
1327
1268
1279
1328
1384
1401
1286
1325
1252
1323
1287
1332
1336
1397
1405
1299
1278
1356
1290
1290
1366
1317
1390
1316
1361
1318
1331
1193
1257
1313
1316
1342
1277
1249
1204
1273
1217
1160
1272
1287
1319
1210
1293
1247
1268
1211
1219
1250
1315
1348
1320
1331
1251
1326
1218
1301
1346
1374
1386
1320
1353
1250
1343
1281
1245
1350
1407
1422
1348
1381
1296
1351
1225
1254
1335
1399
1377
1354
1322
1300
1337
1295
1309
1346
1415
1434
1338
1354
1264
1327
1228
1312
1293
1339
1322
1194
1239
1244
1191
1162
1059
1218
1264
1252
1246
1208
1241
1224
1170
1281
1275
1330
1273
1293
1269
1317
1271
1242
1340
1383
1420
1370
1427
1353
1394
1311
1347
1390
1408
1434
1334
1412
1305
1372
1300
1277
1335
1380
1449
1353
1378
1270
1343
1229
1240
1305
1334
1330
1257
1277
1162
1241
1177
1178
1214
1274
1308
1231
1224
1275
1315
1245
1238
1321
1356
1367
1255
1228
1225
1199
1135
1193
1236
1313
1250
1343
1318
1370
1312
1348
1415
1475
1541
1476
1514
1397
1405
1301
1244
1334
1329
1371
1314
1341
1317
1331
1286
1271
1326
1356
1372
1304
1324
1190
1236
1147
1136
1152
1199
1224
1188
1232
1166
1244
1151
1238
1253
1331
1356
1266
1327
1280
1317
1274
1265
1312
1376
1408
1305
1394
1334
1389
1348
1360
1381
1439
1441
1336
1349
1362
1320
1251
1327
1355
1420
1436
1376
1326
1293
1301
1240
1320
1284
1336
1269
1314
1246
1181
1221
1121
1240
1228
1286
1229
1283
1191
1195
1138
1117
1197
1188
1270
1246
1328
1309
1319
1316
1321
1359
1390
1447
1355
1412
1299
1352
1234
1284
1365
1403
1442
1413
1441
1345
1421
1324
1382
1395
1439
1442
1315
1374
1207
1274
1172
1163
1248
1316
1342
1272
1330
1230
1322
1219
1239
1286
1343
1344
1237
1240
1217
1258
1198
1142
1236
1300
1310
1270
1278
1243
1226
1201
1205
1262
1327
1297
1320
1204
1213
1235
1183
1299
1295
1360
1350
1360
1262
1323
1301
1301
1372
1388
1444
1352
1439
1327
1367
1307
1282
1327
1342
1415
1332
1371
1245
1322
1253
1230
1347
1379
1403
1333
1376
1295
1312
1241
1195
1243
1297
1305
1190
1268
1148
1234
1125
1155
1238
1319
1346
1313
1315
1177
1305
1226
1186
1289
1356
1376
1332
1313
1282
1352
1257
1338
1380
1436
1452
1417
1342
1305
1334
1314
1355
1358
1407
1346
1391
1318
1274
1247
1257
1329
1315
1365
1315
1338
1237
1269
1159
1178
1282
1280
1326
1275
1314
1185
1221
1155
1200
1248
1260
1319
1233
1332
1264
1302
1258
1211
1330
1339
1371
1291
1336
1256
1293
1197
1270
1304
1379
1360
1312
1418
1337
1388
1307
1313
1387
1435
1443
1380
1361
1302
1325
1265
1230
1296
1352
1353
1309
1269
1198
1285
1212
1324
1300
1359
1342
1356
1271
1180
1203
1180
1204
1244
1305
1257
1304
1242
1224
1178
1244
1314
1280
1391
1271
1396
1258
1320
1252
1291
1341
1356
1408
1309
1396
1313
1330
1286
1303
1332
1402
1442
1392
1417
1293
1357
1235
1282
1360
1367
1377
1272
1342
1244
1259
1175
1179
1264
1338
1362
1302
1357
1274
1318
1279
1294
1313
1361
1357
1312
1284
1186
1223
1165
1223
1261
1342
1341
1358
1274
1242
1285
1221
1245
1305
1371
1369
1348
1206
1215
1210
1213
1254
1320
1392
1368
1398
1285
1275
1285
1244
1360
1367
1457
1426
1424
1324
1354
1262
1310
1377
1390
1430
1345
1379
1276
1282
1223
1137
1272
1288
1331
1265
1303
1179
1228
1187
1139
1278
1290
1325
1213
1301
1216
1242
1202
1259
1292
1368
1387
1337
1352
1235
1298
1207
1244
1316
1379
1391
1342
1361
1221
1318
1281
1267
1371
1440
1474
1427
1358
1324
1324
1298
1339
1344
1393
1398
1380
1256
1225
1246
1217
1298
1340
1412
1383
1371
1293
1236
1153
1152
1239
1241
1312
1252
1296
1189
1261
1180
1234
1331
1346
1394
1299
1378
1229
1261
1200
1195
1269
1298
1369
1302
1360
1223
1299
1263
1263
1388
1413
1453
1397
1427
1271
1345
1294
1324
1363
1433
1446
1347
1374
1308
1291
1212
1205
1285
1344
1363
1317
1323
1249
1302
1216
1275
1321
1406
1387
1388
1317
1233
1279
1211
1202
1263
1316
1312
1312
1247
1190
1183
1178
1229
1317
1391
1384
1383
1318
1278
1213
1236
1322
1337
1413
1412
1407
1341
1341
1274
1318
1366
1395
1462
1390
1405
1315
1317
1215
1257
1325
1327
1405
1363
1385
1272
1290
1249
1253
1292
1355
1375
1278
1310
1208
1204
1119
1161
1209
1295
1340
1261
1318
1241
1258
1155
1187
1262
1333
1347
1310
1311
1236
1259
1172
1248
1331
1415
1444
1417
1387
1306
1340
1253
1285
1350
1421
1400
1420
1327
1244
1251
1233
1294
1343
1407
1384
1398
1284
1283
1207
1236
1282
1297
1350
1313
1350
1213
1266
1160
1166
1240
1266
1319
1181
1279
1163
1211
1160
1160
1278
1301
1373
1288
1357
1215
1283
1222
1257
1288
1356
1383
1350
1353
1237
1287
1245
1286
1330
1431
1475
1428
1483
1390
1405
1333
1354
1393
1427
1475
1438
1413
1258
1317
1226
1264
1286
1358
1381
1358
1291
1180
1284
1162
1230
1235
1300
1259
1308
1239
1196
1171
1153
1210
1261
1322
1319
1342
1243
1203
1168
1191
1285
1302
1378
1378
1399
1375
1327
1291
1267
1286
1347
1426
1444
1450
1358
1288
1272
1292
1269
1356
1360
1322
1418
1374
1331
1285
1272
1304
1319
1296
1306
1273
1252
1219
1203
1222
1226
1258
1280
1284
1244
1227
1199
1243
1260
1282
1341
1319
1331
1314
1216
1240
1250
1307
1360
1309
1399
1382
1337
1292
1225
1210
1221
1275
1404
1421
1403
1356
1321
1293
1283
1253
1321
1336
1385
1368
1325
1284
1243
1277
1274
1287
1276
1287
1319
1362
1318
1303
1280
1290
1320
1287
1322
1246
1197
1263
1259
1280
1280
1307
1334
1339
1269
1241
1184
1165
1275
1299
1332
1323
1314
1300
1310
1186
1209
1225
1327
1385
1405
1403
1318
1331
1299
1305
1266
1325
1385
1428
1458
1426
1379
1335
1334
1273
1286
1305
1306
1363
1336
1276
1242
1197
1220
1259
1198
1290
1241
1258
1316
1300
1298
1296
1301
1310
1285
1295
1199
1169
1241
1258
1281
1305
1296
1304
1264
1188
1158
1167
1191
1284
1310
1352
1343
1324
1302
1218
1258
1219
1260
1351
1424
1431
1401
1336
1301
1283
1227
1213
1211
1278
1297
1277
1237
1205
1172
1227
1177
1235
1194
1194
1254
1207
1164
1160
1173
1235
1303
1325
1407
1412
1343
1402
1384
1391
1420
1455
1518
1544
1519
1496
1439
1290
1329
1298
1318
1351
1445
1515
1548
1462
1396
1320
1285
1208
1207
1253
1311
1416
1479
1515
1424
1331
1184
1106
1054
1060
1124
1232
1344
1404
1348
1180
1023
930
903
908
1016
1170
1354
1493
1456
1418
1226
1012
967
962
1052
1192
1368
1529
1551
1499
1433
1260
1139
1133
1174
1292
1434
1597
1682
1622
1509
1373
1162
1149
1135
1226
1362
1524
1638
1662
1601
1474
1263
1074
1063
1079
1178
1311
1474
1583
1521
1462
1306
1161
1139
1146
1212
1367
1504
1621
1640
1489
1379
1152
981
1019
1065
1205
1363
1515
1573
1545
1445
1186
1014
998
1012
1107
1257
1418
1500
1525
1427
1272
1119
1071
1106
1176
1290
1439
1542
1589
1543
1440
1257
1139
1008
1114
1195
1319
1429
1527
1555
1514
1394
1225
1066
1104
1112
1196
1322
1421
1521
1535
1471
1307
1201
1139
1178
1249
1340
1434
1532
1554
1515
1379
1242
1130
1111
1126
1211
1338
1430
1518
1549
1477
1397
1274
1117
1176
1204
1273
1405
1422
1476
1496
1436
1339
1223
1148
1198
1233
1322
1389
1456
1472
1399
1336
1154
963
1066
1110
1182
1287
1359
1455
1450
1361
1266
1164
1016
1100
1150
1231
1320
1375
1420
1337
1260
1179
1109
1045
1186
1258
1376
1408
1507
1511
1399
1354
1202
1117
1184
1250
1333
1451
1523
1586
1587
1504
1348
1235
1215
1229
1289
1394
1450
1503
1529
1468
1334
1250
1160
1077
1214
1303
1417
1507
1566
1546
1395
1281
1174
1084
1106
1179
1277
1395
1454
1488
1442
1241
1132
1023
965
1087
1154
1258
1329
1392
1396
1348
1245
1138
1056
1004
1185
1301
1335
1422
1440
1399
1288
1108
1051
1023
1085
1184
1301
1418
1479
1499
1477
1333
1222
1131
1172
1259
1350
1435
1474
1539
1482
1452
1290
1165
1125
1105
1285
1389
1445
1556
1531
1467
1326
1136
1059
1004
1108
1229
1341
1429
1458
1441
1369
1175
1124
1072
1072
1192
1300
1398
1461
1462
1426
1326
1123
1096
1043
1049
1241
1364
1463
1483
1468
1416
1252
1130
1090
1034
1134
1300
1445
1533
1546
1521
1450
1324
1174
1091
1103
1296
1373
1456
1527
1499
1439
1318
1124
1062
1050
1093
1266
1368
1466
1468
1468
1378
1263
1142
1063
1052
1123
1272
1379
1454
1465
1437
1354
1210
1138
986
1060
1182
1335
1424
1484
1485
1421
1336
1185
1116
1075
1129
1321
1427
1528
1579
1552
1485
1361
1226
1159
1137
1115
1303
1418
1494
1530
1507
1423
1302
1195
1135
1121
1159
1319
1428
1489
1481
1429
1323
1201
1094
1028
1039
1177
1306
1406
1466
1450
1356
1274
1166
1061
999
992
1208
1318
1435
1505
1486
1414
1309
1192
1128
1115
1119
1334
1476
1592
1644
1603
1491
1345
1161
1108
1093
1171
1419
1549
1647
1643
1558
1408
1216
1048
1021
1080
1184
1401
1584
1640
1590
1462
1299
1134
1001
1021
1077
1248
1395
1509
1543
1466
1340
1178
1014
957
973
1093
1294
1451
1542
1537
1439
1284
1141
942
907
940
1106
1309
1470
1565
1553
1431
1289
1134
987
1014
1116
1226
1472
1646
1689
1607
1450
1272
1117
1046
1047
1152
1361
1595
1697
1717
1565
1400
1230
1062
1048
1031
1159
1450
1568
1625
1607
1429
1263
1120
975
994
1023
1215
1453
1573
1610
1561
1377
1232
1090
949
948
1042
1240
1470
1605
1633
1467
1387
1223
1096
965
1000
1138
1359
1586
1694
1664
1526
1333
1167
1039
978
1094
1229
1362
1620
1675
1605
1436
1263
1102
1032
1068
1113
1282
1435
1619
1625
1533
1353
1182
1048
995
922
1079
1230
1474
1572
1579
1494
1314
1158
1044
955
972
1124
1325
1526
1614
1594
1464
1245
1096
996
995
1068
1196
1392
1648
1698
1640
1492
1289
1130
1042
1063
1122
1261
1437
1650
1646
1561
1407
1234
1081
1021
1035
1156
1340
1488
1630
1614
1521
1367
1178
1049
988
950
1143
1299
1418
1617
1595
1492
1320
1140
1016
975
1004
1162
1355
1487
1637
1581
1430
1249
1048
993
943
979
1170
1386
1561
1640
1568
1416
1239
1118
1002
1044
1135
1353
1540
1608
1657
1580
1431
1257
1110
1060
1087
1219
1382
1544
1640
1644
1585
1430
1238
1092
1029
1078
1120
1347
1516
1659
1631
1513
1328
1122
981
946
1010
1222
1398
1541
1650
1607
1454
1261
1049
945
945
1040
1220
1351
1455
1559
1458
1332
1157
994
933
978
1082
1250
1424
1507
1584
1501
1402
1199
1042
990
1022
1114
1268
1531
1650
1717
1630
1476
1272
1079
1005
1040
1144
1391
1543
1631
1700
1557
1355
1140
983
905
1046
1225
1385
1592
1638
1611
1432
1231
1046
918
914
1031
1166
1345
1530
1568
1505
1408
1214
1078
964
971
1087
1187
1386
1576
1607
1610
1449
1269
1095
986
995
1124
1342
1577
1664
1687
1655
1480
1243
1078
948
1021
1184
1427
1643
1686
1652
1574
1344
1132
968
928
988
1163
1379
1508
1537
1482
1401
1201
1047
934
912
988
1122
1310
1491
1503
1462
1403
1243
1077
965
948
986
1169
1326
1578
1660
1610
1515
1322
1137
995
982
1059
1268
1460
1652
1751
1668
1482
1287
1099
1007
1047
1171
1404
1598
1701
1764
1629
1418
1181
1060
988
1033
1162
1359
1562
1651
1660
1569
1370
1190
1052
1000
987
1086
1274
1447
1583
1576
1461
1288
1100
957
854
903
1047
1290
1511
1648
1658
1520
1317
1102
963
919
1003
1193
1458
1665
1770
1664
1490
1297
1120
1037
1037
1162
1374
1577
1732
1804
1665
1489
1339
1164
1089
1080
1169
1314
1491
1644
1633
1567
1403
1238
1069
954
923
999
1164
1367
1577
1599
1545
1392
1185
974
853
852
987
1214
1437
1623
1593
1496
1317
1104
932
860
925
1111
1348
1551
1688
1703
1567
1311
1139
1012
967
1042
1199
1407
1573
1702
1646
1624
1419
1224
1103
1030
1048
1153
1374
1544
1685
1710
1557
1413
1200
1020
961
1001
1148
1379
1579
1710
1717
1545
1313
1053
896
848
926
1122
1377
1573
1666
1672
1447
1188
1044
923
950
1023
1220
1416
1576
1615
1583
1372
1219
1088
983
978
1070
1232
1418
1586
1667
1664
1500
1393
1194
1067
1014
1088
1249
1475
1662
1779
1746
1587
1351
1120
958
934
1032
1223
1442
1620
1669
1599
1426
1190
982
853
904
1026
1216
1423
1542
1577
1480
1352
1152
1007
965
964
1075
1223
1376
1534
1587
1547
1456
1334
1151
1050
1034
1104
1232
1421
1571
1646
1608
1498
1325
1096
1000
1002
1090
1252
1454
1612
1671
1618
1466
1280
1088
960
1007
1112
1277
1455
1573
1597
1534
1378
1240
1084
1017
1035
1115
1237
1334
1422
1456
1419
1313
1204
1143
1025
988
1042
1164
1269
1405
1502
1499
1444
1316
1196
1083
1037
1097
1212
1361
1506
1596
1582
1515
1375
1238
1108
1169
1210
1314
1442
1551
1607
1576
1483
1361
1236
1171
1165
1201
1280
1364
1416
1460
1432
1387
1270
1234
1175
1131
1129
1146
1234
1289
1363
1398
1380
1326
1235
1150
1076
1044
1104
1173
1269
1366
1401
1396
1311
1218
1126
1072
1074
1151
1247
1328
1412
1445
1405
1355
1278
1240
1217
1224
1296
1343
1383
1399
1432
1430
1390
1384
1345
1308
1290
1239
1257
1275
1327
1394
1428
1435
1393
1332
1264
1180
1167
1174
1231
1306
1365
1390
1385
1330
1256
1202
1175
1145
1160
1189
1293
1315
1335
1344
1307
1278
1244
1246
1231
1238
1252
1264
1287
1325
1355
1393
1396
1383
1338
1280
1283
1190
1250
1289
1361
1424
1449
1482
1435
1371
1293
1236
1227
1264
1305
1365
1428
1423
1393
1343
1282
1236
1192
1196
1212
1240
1264
1294
1326
1322
1309
1303
1261
1226
1187
1165
1156
1192
1248
1310
1370
1400
1381
1330
1244
1192
1154
1162
1192
1307
1402
1440
1458
1415
1341
1275
1226
1216
1229
1292
1352
1400
1431
1439
1395
1365
1326
1285
1266
1256
1223
1319
1337
1399
1437
1429
1448
1404
1343
1281
1207
1162
1207
1264
1341
1410
1448
1409
1354
1265
1172
1116
1104
1140
1211
1307
1385
1407
1399
1339
1261
1199
1161
1154
1183
1252
1301
1377
1399
1436
1395
1345
1276
1254
1157
1154
1188
1266
1335
1441
1511
1505
1441
1342
1241
1167
1149
1182
1278
1385
1486
1547
1530
1442
1322
1220
1199
1141
1173
1271
1375
1479
1508
1491
1409
1270
1206
1106
1080
1103
1193
1280
1307
1440
1465
1404
1315
1217
1132
1088
1104
1144
1284
1394
1479
1513
1448
1360
1256
1165
1128
1140
1211
1318
1441
1509
1535
1470
1363
1241
1167
1130
1124
1173
1283
1358
1439
1446
1412
1333
1229
1176
1143
1145
1175
1261
1333
1395
1365
1450
1357
1298
1211
1185
1174
1182
1236
1305
1378
1437
1418
1378
1299
1231
1164
1163
1188
1239
1302
1354
1411
1398
1367
1321
1250
1242
1241
1243
1272
1312
1350
1372
1397
1403
1379
1358
1333
1283
1267
1260
1265
1280
1306
1328
1360
1359
1339
1310
1256
1211
1229
1210
1222
1253
1297
1328
1352
1348
1309
1271
1227
1214
1191
1202
1230
1222
1308
1356
1374
1373
1362
1310
1257
1207
1213
1198
1219
1280
1351
1394
1406
1402
1339
1264
1202
1176
1185
1222
1308
1380
1445
1447
1435
1368
1303
1236
1190
1190
1223
1274
1344
1393
1442
1411
1410
1333
1272
1197
1191
1195
1227
1286
1351
1397
1415
1405
1359
1286
1219
1168
1147
1160
1227
1314
1386
1423
1431
1375
1323
1248
1203
1163
1177
1218
1282
1339
1387
1373
1378
1318
1310
1251
1196
1190
1192
1242
1295
1362
1407
1444
1428
1372
1308
1231
1178
1158
1179
1232
1312
1381
1440
1449
1418
1319
1246
1187
1138
1151
1182
1252
1335
1415
1445
1439
1382
1306
1224
1162
1124
1145
1205
1295
1408
1476
1523
1516
1446
1344
1240
1166
1153
1181
1261
1378
1480
1550
1532
1465
1346
1223
1109
1070
1079
1164
1294
1418
1469
1489
1441
1337
1226
1131
1053
1045
1087
1175
1297
1413
1467
1490
1431
1334
1220
1125
1080
1088
1154
1282
1467
1520
1573
1549
1455
1309
1202
1148
1112
1166
1276
1412
1529
1589
1600
1458
1414
1288
1204
1157
1166
1212
1320
1418
1511
1525
1508
1424
1323
1213
1131
1095
1085
1162
1249
1342
1416
1460
1435
1323
1221
1130
1042
1032
1068
1176
1294
1410
1474
1505
1450
1333
1255
1147
1108
1139
1202
1306
1387
1499
1533
1515
1444
1350
1265
1180
1156
1179
1247
1348
1456
1547
1574
1543
1472
1362
1220
1125
1101
1126
1215
1325
1438
1491
1477
1411
1325
1181
1077
1013
1056
1112
1212
1325
1391
1422
1383
1327
1234
1141
1087
1088
1127
1202
1318
1414
1489
1500
1485
1407
1310
1210
1157
1106
1188
1278
1382
1451
1514
1546
1477
1396
1287
1212
1184
1214
1259
1348
1456
1484
1502
1475
1404
1309
1231
1166
1145
1133
1216
1290
1355
1409
1394
1400
1334
1258
1174
1109
1077
1098
1169
1259
1339
1391
1395
1364
1278
1194
1122
1064
1087
1156
1259
1357
1430
1466
1442
1400
1333
1262
1211
1207
1216
1276
1342
1425
1455
1493
1472
1424
1353
1290
1220
1182
1205
1256
1321
1392
1444
1454
1424
1385
1274
1187
1125
1106
1138
1204
1304
1360
1403
1407
1404
1315
1228
1162
1124
1127
1160
1239
1312
1391
1440
1453
1420
1327
1262
1133
1126
1120
1179
1258
1356
1454
1520
1504
1449
1342
1243
1157
1124
1153
1229
1351
1452
1540
1551
1498
1392
1283
1178
1103
1093
1165
1267
1374
1468
1516
1491
1422
1346
1215
1128
1087
1114
1175
1283
1396
1478
1505
1445
1384
1272
1177
1115
1103
1158
1261
1329
1418
1420
1443
1372
1299
1232
1144
1155
1194
1259
1330
1403
1445
1455
1418
1370
1301
1248
1224
1219
1231
1264
1338
1377
1393
1396
1380
1327
1289
1244
1214
1202
1209
1227
1265
1300
1316
1316
1316
1296
1261
1252
1242
1242
1250
1269
1271
1307
1317
1323
1339
1336
1341
1324
1302
1253
1229
1219
1226
1265
1310
1344
1394
1394
1366
1306
1226
1191
1171
1203
1231
1338
1382
1437
1436
1398
1330
1260
1213
1185
1197
1244
1312
1359
1394
1396
1376
1323
1256
1196
1169
1157
1184
1241
1294
1376
1388
1414
1372
1303
1245
1200
1197
1217
1277
1370
1436
1474
1466
1406
1332
1206
1247
1193
1217
1266
1365
1391
1423
1406
1364
1302
1255
1205
1196
1214
1193
1267
1339
1354
1326
1322
1300
1261
1233
1217
1228
1224
1285
1318
1343
1352
1348
1323
1278
1233
1208
1206
1234
1263
1286
1324
1319
1320
1318
1282
1267
1267
1285
1313
1316
1329
1313
1307
1285
1299
1319
1326
1340
1354
1359
1343
1323
1313
1287
1297
1312
1332
1344
1338
1303
1310
1298
1309
1274
1311
1291
1311
1314
1315
1264
1298
1283
1278
1272
1274
1275
1290
1277
1285
1301
1304
1314
1304
1297
1270
1249
1257
1229
1241
1264
1292
1310
1326
1319
1304
1281
1251
1244
1265
1293
1337
1352
1376
1385
1338
1312
1281
1289
1286
1315
1353
1374
1380
1368
1339
1318
1302
1287
1246
1282
1299
1316
1332
1341
1348
1341
1345
1338
1330
1308
1292
1282
1287
1299
1306
1325
1323
1318
1289
1261
1236
1227
1229
1246
1275
1308
1314
1296
1286
1253
1233
1203
1248
1277
1289
1306
1310
1296
1274
1258
1245
1248
1268
1295
1317
1365
1333
1326
1306
1291
1266
1270
1277
1284
1298
1297
1329
1338
1341
1335
1321
1299
1279
1268
1260
1271
1296
1315
1348
1351
1353
1341
1273
1290
1275
1273
1290
1304
1330
1340
1375
1343
1324
1311
1294
1283
1301
1228
1311
1305
1297
1286
1290
1283
1279
1271
1283
1271
1254
1234
1233
1222
1244
1270
1292
1309
1329
1319
1298
1276
1251
1254
1248
1263
1289
1315
1332
1359
1357
1360
1375
1333
1332
1315
1312
1296
1307
1329
1349
1372
1388
1386
1367
1343
1303
1254
1236
1241
1272
1297
1325
1355
1352
1335
1321
1260
1225
1189
1207
1221
1252
1285
1333
1337
1312
1288
1258
1227
1208
1195
1205
1237
1252
1293
1319
1335
1320
1321
1309
1282
1265
1271
1289
1319
1345
1371
1391
1373
1378
1356
1331
1314
1316
1302
1306
1306
1290
1280
1257
1267
1274
1298
1307
1319
1325
1313
1285
1260
1218
1258
1250
1303
1331
1344
1352
1344
1318
1276
1219
1225
1270
1276
1299
1332
1342
1347
1344
1335
1311
1274
1248
1242
1206
1241
1253
1295
1291
1305
1297
1276
1245
1226
1218
1199
1254
1278
1305
1324
1330
1321
1298
1277
1257
1251
1281
1290
1328
1351
1359
1352
1330
1297
1274
1263
1267
1283
1316
1346
1394
1401
1390
1363
1315
1279
1255
1249
1262
1282
1329
1360
1379
1345
1345
1300
1244
1215
1206
1213
1251
1284
1330
1356
1351
1319
1278
1231
1184
1186
1200
1181
1285
1330
1354
1349
1340
1292
1248
1224
1257
1249
1283
1317
1350
1355
1361
1350
1321
1297
1280
1289
1305
1309
1349
1365
1371
1359
1339
1327
1302
1297
1292
1314
1360
1355
1376
1381
1360
1323
1308
1263
1248
1251
1279
1322
1361
1378
1388
1350
1314
1271
1250
1244
1252
1295
1305
1352
1390
1368
1334
1298
1255
1233
1231
1244
1270
1320
1323
1336
1331
1303
1288
1242
1241
1243
1257
1284
1305
1336
1330
1342
1337
1297
1264
1257
1260
1280
1312
1360
1408
1397
1402
1365
1319
1273
1260
1256
1272
1319
1353
1376
1380
1336
1318
1274
1242
1207
1232
1239
1286
1321
1348
1352
1351
1313
1286
1275
1252
1242
1247
1248
1265
1240
1277
1277
1288
1266
1253
1247
1243
1246
1240
1238
1245
1253
1269
1294
1260
1279
1288
1304
1302
1314
1309
1305
1280
1295
1294
1314
1326
1360
1381
1401
1394
1384
1369
1326
1300
1277
1290
1306
1339
1357
1373
1356
1342
1346
1285
1259
1256
1264
1279
1329
1336
1338
1313
1289
1257
1250
1240
1247
1233
1290
1298
1322
1293
1270
1241
1239
1241
1241
1240
1264
1297
1320
1320
1310
1296
1271
1232
1224
1224
1189
1256
1288
1350
1374
1377
1369
1319
1275
1276
1247
1269
1300
1364
1396
1428
1406
1366
1322
1284
1256
1266
1310
1346
1398
1414
1409
1372
1337
1289
1258
1236
1264
1321
1326
1356
1369
1361
1326
1295
1267
1230
1207
1217
1242
1265
1294
1329
1331
1331
1302
1275
1244
1214
1219
1241
1293
1361
1366
1412
1386
1335
1286
1261
1232
1225
1257
1303
1350
1360
1400
1363
1321
1288
1258
1252
1271
1301
1337
1351
1373
1370
1354
1321
1302
1281
1310
1289
1300
1314
1314
1307
1307
1295
1278
1267
1248
1239
1222
1247
1261
1268
1297
1270
1284
1271
1258
1253
1240
1251
1262
1286
1300
1306
1319
1322
1317
1307
1308
1313
1320
1328
1286
1321
1303
1286
1278
1283
1297
1334
1363
1367
1343
1315
1267
1236
1223
1207
1241
1282
1328
1350
1348
1327
1289
1250
1181
1203
1191
1204
1246
1251
1319
1324
1342
1333
1306
1269
1224
1201
1196
1160
1254
1315
1363
1405
1402
1401
1352
1309
1274
1271
1291
1326
1380
1420
1439
1431
1407
1355
1317
1292
1293
1306
1357
1360
1364
1368
1342
1308
1278
1251
1231
1243
1275
1282
1299
1315
1325
1330
1287
1252
1158
1172
1165
1175
1205
1249
1313
1334
1360
1383
1304
1248
1168
1190
1196
1249
1316
1369
1411
1418
1405
1366
1323
1294
1282
1300
1331
1364
1413
1426
1418
1398
1389
1400
1358
1338
1342
1341
1344
1339
1384
1338
1324
1307
1306
1303
1268
1267
1250
1245
1261
1274
1272
1264
1252
1230
1216
1216
1208
1211
1226
1247
1261
1263
1251
1241
1218
1209
1215
1224
1257
1264
1262
1271
1276
1277
1284
1299
1326
1334
1350
1363
1359
1349
1340
1331
1342
1352
1378
1412
1404
1396
1390
1357
1342
1330
1328
1327
1314
1351
1368
1367
1360
1353
1346
1315
1293
1269
1225
1226
1217
1245
1264
1269
1299
1317
1277
1235
1206
1188
1180
1200
1197
1279
1311
1306
1291
1255
1225
1190
1190
1208
1232
1285
1322
1350
1355
1339
1334
1312
1287
1280
1289
1300
1327
1365
1375
1410
1421
1410
1359
1341
1318
1288
1297
1305
1337
1365
1376
1376
1356
1290
1280
1256
1221
1254
1264
1299
1308
1315
1290
1275
1251
1222
1244
1239
1273
1299
1318
1311
1296
1266
1240
1222
1214
1218
1247
1289
1307
1336
1331
1328
1307
1303
1284
1292
1286
1296
1316
1352
1348
1363
1333
1353
1346
1319
1303
1287
1298
1311
1334
1386
1358
1353
1345
1323
1297
1313
1334
1345
1354
1362
1350
1329
1291
1270
1221
1247
1255
1278
1297
1304
1306
1283
1242
1272
1230
1234
1239
1257
1273
1286
1302
1297
1289
1282
1276
1270
1269
1278
1246
1272
1280
1293
1299
1305
1308
1299
1301
1316
1292
1280
1277
1277
1284
1288
1287
1290
1290
1292
1305
1312
1349
1347
1346
1344
1326
1315
1296
1297
1304
1307
1320
1337
1323
1321
1300
1294
1281
1280
1297
1305
1312
1308
1307
1283
1266
1255
1255
1263
1267
1285
1293
1291
1285
1266
1265
1253
1258
1267
1274
1282
1286
1300
1303
1281
1302
1299
1287
1280
1270
1262
1258
1277
1277
1341
1347
1338
1327
1289
1261
1232
1239
1254
1284
1331
1354
1364
1343
1318
1274
1253
1230
1252
1259
1329
1326
1355
1328
1334
1307
1271
1241
1227
1241
1290
1301
1337
1371
1389
1381
1364
1328
1291
1262
1286
1269
1302
1338
1370
1415
1418
1362
1339
1282
1233
1212
1226
1263
1306
1319
1388
1391
1364
1320
1272
1239
1219
1235
1247
1263
1331
1341
1349
1320
1300
1268
1247
1241
1230
1241
1255
1274
1304
1296
1299
1280
1262
1231
1203
1204
1210
1235
1272
1319
1338
1342
1324
1296
1267
1245
1233
1250
1292
1325
1393
1405
1410
1377
1358
1324
1297
1275
1279
1307
1328
1362
1412
1404
1393
1377
1358
1326
1309
1305
1291
1292
1299
1330
1325
1325
1317
1291
1271
1238
1216
1211
1203
1206
1225
1237
1268
1235
1230
1214
1180
1196
1209
1232
1240
1259
1267
1272
1253
1265
1279
1280
1297
1360
1348
1366
1376
1378
1372
1364
1375
1368
1378
1380
1396
1403
1418
1409
1398
1392
1379
1378
1365
1363
1359
1363
1365
1389
1354
1339
1311
1278
1257
1249
1265
1261
1272
1285
1285
1263
1229
1158
1142
1138
1136
1148
1178
1199
1232
1236
1233
1215
1197
1181
1173
1191
1212
1254
1286
1324
1339
1348
1341
1328
1321
1320
1298
1344
1373
1401
1412
1422
1416
1395
1377
1338
1349
1342
1345
1364
1377
1396
1384
1384
1361
1338
1310
1289
1305
1298
1304
1325
1330
1323
1302
1273
1251
1224
1212
1193
1234
1243
1248
1246
1246
1226
1207
1202
1192
1195
1209
1231
1271
1265
1270
1276
1221
1283
1289
1295
1302
1312
1338
1331
1345
1337
1337
1336
1324
1318
1320
1304
1360
1336
1352
1347
1338
1331
1328
1310
1279
1304
1323
1299
1297
1289
1278
1269
1256
1276
1257
1264
1269
1273
1277
1254
1252
1223
1229
1227
1247
1275
1300
1321
1351
1340
1328
1308
1293
1276
1275
1304
1383
1349
1363
1380
1365
1337
1317
1290
1275
1273
1292
1323
1343
1360
1369
1327
1364
1294
1287
1267
1265
1271
1305
1335
1343
1339
1320
1292
1245
1224
1215
1217
1244
1318
1305
1317
1299
1270
1222
1189
1190
1184
1221
1263
1315
1351
1367
1350
1251
1255
1220
1193
1206
1241
1298
1354
1401
1473
1387
1371
1314
1271
1234
1228
1290
1331
1382
1429
1451
1422
1387
1332
1279
1239
1237
1273
1322
1358
1399
1399
1378
1345
1275
1218
1188
1192
1222
1269
1318
1354
1363
1338
1296
1247
1199
1180
1175
1214
1258
1305
1343
1322
1340
1290
1257
1215
1197
1199
1232
1276
1322
1378
1382
1380
1348
1318
1287
1258
1255
1274
1291
1315
1326
1339
1321
1299
1279
1259
1252
1241
1266
1283
1300
1301
1306
1300
1285
1277
1269
1268
1278
1286
1296
1313
1298
1326
1242
1288
1278
1268
1273
1262
1283
1287
1289
1309
1301
1303
1296
1264
1287
1284
1316
1323
1338
1338
1333
1327
1316
1315
1286
1333
1342
1352
1352
1343
1341
1328
1314
1299
1291
1297
1298
1303
1307
1296
1301
1286
1268
1247
1238
1233
1269
1257
1274
1312
1323
1308
1303
1275
1257
1227
1221
1227
1244
1283
1306
1328
1335
1315
1296
1270
1245
1238
1236
1261
1289
1314
1355
1351
1350
1318
1287
1257
1245
1242
1261
1288
1326
1356
1371
1396
1355
1317
1282
1283
1243
1250
1259
1292
1317
1343
1348
1355
1313
1277
1247
1216
1214
1230
1192
1303
1335
1358
1369
1348
1323
1287
1262
1295
1237
1265
1256
1300
1314
1332
1342
1314
1285
1262
1206
1223
1247
1250
1266
1303
1341
1360
1344
1321
1298
1255
1232
1254
1247
1272
1312
1349
1358
1357
1339
1304
1266
1240
1239
1265
1298
1336
1388
1387
1374
1360
1326
1282
1277
1254
1272
1301
1313
1331
1377
1360
1348
1327
1305
1269
1234
1226
1234
1249
1272
1304
1315
1315
1272
1283
1248
1229
1209
1215
1233
1251
1266
1283
1278
1265
1257
1239
1223
1220
1224
1230
1235
1237
1250
1255
1267
1275
1260
1305
1281
1322
1309
1295
1296
1300
1324
1331
1329
1349
1355
1347
1340
1334
1334
1328
1335
1341
1333
1334
1327
1325
1284
1326
1325
1325
1310
1304
1296
1274
1271
1273
1280
1295
1298
1311
1307
1281
1262
1252
1249
1254
1267
1292
1324
1330
1284
1340
1320
1293
1276
1263
1266
1262
1285
1303
1314
1321
1305
1310
1289
1270
1257
1251
1244
1267
1282
1309
1314
1346
1331
1325
1303
1277
1263
1256
1279
1314
1344
1364
1381
1373
1350
1315
1288
1265
1260
1278
1301
1342
1349
1360
1345
1332
1345
1279
1258
1236
1229
1235
1263
1280
1282
1298
1291
1271
1251
1217
1210
1169
1227
1292
1298
1323
1335
1314
1304
1289
1269
1250
1249
1273
1309
1336
1351
1365
1323
1322
1293
1277
1274
1280
1309
1329
1347
1385
1348
1338
1295
1266
1247
1247
1274
1282
1304
1322
1331
1332
1314
1298
1262
1249
1247
1259
1274
1308
1334
1375
1339
1346
1293
1257
1246
1234
1264
1288
1338
1365
1373
1361
1335
1291
1227
1240
1233
1267
1317
1355
1384
1398
1390
1351
1319
1292
1259
1268
1280
1314
1346
1382
1419
1399
1394
1363
1330
1269
1284
1280
1286
1307
1347
1354
1362
1353
1329
1286
1256
1237
1228
1235
1252
1280
1295
1348
1322
1286
1286
1276
1276
1280
1278
1286
1284
1284
1257
1297
1281
1279
1270
1285
1301
1264
1285
1277
1268
1262
1250
1267
1276
1282
1292
1313
1312
1305
1299
1294
1277
1272
1268
1287
1298
1311
1335
1345
1348
1333
1341
1299
1306
1295
1298
1307
1335
1351
1365
1367
1353
1342
1313
1294
1274
1281
1279
1319
1326
1326
1346
1297
1269
1245
1241
1226
1251
1266
1273
1272
1272
1250
1237
1186
1217
1230
1222
1244
1268
1300
1311
1339
1346
1327
1309
1288
1279
1273
1273
1314
1349
1356
1402
1408
1391
1336
1327
1297
1297
1296
1323
1354
1376
1398
1396
1371
1332
1293
1268
1255
1253
1277
1293
1341
1325
1330
1315
1289
1270
1239
1228
1241
1236
1270
1265
1277
1290
1287
1273
1257
1238
1228
1225
1221
1243
1269
1273
1296
1271
1305
1285
1275
1278
1277
1289
1334
1324
1339
1339
1336
1331
1322
1341
1340
1348
1352
1360
1339
1327
1311
1301
1302
1349
1328
1341
1346
1354
1327
1312
1304
1264
1244
1248
1259
1269
1290
1308
1281
1311
1297
1291
1240
1267
1264
1266
1282
1340
1329
1351
1350
1348
1324
1310
1305
1293
1301
1317
1374
1377
1391
1385
1356
1334
1305
1280
1276
1280
1306
1338
1361
1376
1321
1341
1308
1262
1246
1248
1259
1286
1313
1331
1340
1319
1310
1270
1232
1211
1204
1212
1232
1251
1286
1294
1305
1227
1256
1216
1184
1171
1173
1200
1226
1276
1303
1287
1310
1282
1264
1245
1235
1255
1293
1332
1369
1384
1381
1348
1330
1281
1277
1272
1296
1310
1340
1366
1376
1383
1359
1343
1312
1292
1280
1330
1303
1326
1287
1366
1366
1345
1316
1284
1290
1271
1260
1276
1300
1322
1349
1342
1325
1274
1265
1238
1237
1245
1266
1294
1297
1316
1297
1318
1290
1262
1243
1230
1240
1258
1276
1325
1332
1348
1338
1326
1316
1285
1277
1273
1288
1294
1304
1318
1324
1312
1305
1301
1284
1268
1259
1269
1286
1294
1315
1326
1326
1308
1292
1279
1275
1270
1284
1307
1313
1340
1322
1312
1289
1277
1295
1269
1288
1281
1304
1303
1306
1300
1288
1252
1267
1275
1275
1280
1283
1287
1289
1327
1290
1304
1303
1308
1307
1320
1338
1314
1317
1328
1314
1301
1302
1301
1230
1302
1320
1324
1348
1347
1343
1323
1297
1337
1278
1270
1292
1332
1347
1365
1376
1355
1329
1283
1269
1259
1274
1292
1333
1350
1365
1343
1345
1317
1292
1258
1256
1286
1272
1294
1314
1302
1322
1324
1315
1286
1254
1245
1233
1234
1238
1265
1280
1294
1306
1305
1285
1254
1250
1230
1234
1250
1264
1287
1301
1307
1306
1306
1291
1291
1287
1293
1301
1311
1328
1328
1296
1324
1330
1360
1331
1336
1335
1322
1326
1302
1306
1302
1309
1351
1326
1331
1329
1330
1303
1300
1288
1278
1284
1288
1272
1277
1252
1290
1273
1284
1276
1268
1270
1258
1266
1270
1275
1281
1289
1299
1303
1300
1304
1296
1293
1294
1290
1301
1314
1328
1295
1343
1330
1317
1310
1297
1325
1307
1325
1329
1322
1329
1299
1295
1282
1266
1295
1299
1320
1327
1301
1317
1302
1284
1250
1260
1266
1259
1268
1276
1286
1277
1291
1292
1281
1268
1243
1239
1229
1226
1252
1260
1303
1332
1341
1345
1300
1300
1279
1272
1276
1289
1320
1339
1345
1365
1363
1339
1316
1301
1289
1297
1305
1322
1346
1356
1359
1366
1350
1341
1311
1312
1307
1296
1306
1296
1300
1297
1311
1321
1299
1293
1284
1265
1246
1237
1247
1245
1247
1300
1268
1270
1254
1258
1232
1247
1255
1261
1260
1264
1271
1275
1282
1290
1286
1289
1304
1305
1310
1301
1302
1297
1320
1364
1355
1391
1377
1367
1349
1337
1328
1301
1295
1313
1330
1339
1341
1349
1324
1313
1294
1286
1270
1272
1281
1282
1293
1320
1308
1306
1307
1289
1291
1274
1271
1257
1254
1265
1270
1285
1297
1304
1316
1288
1306
1258
1249
1242
1272
1281
1312
1354
1343
1336
1329
1312
1294
1281
1293
1252
1294
1293
1312
1315
1315
1321
1328
1316
1330
1295
1287
1275
1269
1275
1292
1313
1316
1329
1303
1306
1293
1276
1265
1246
1267
1287
1300
1307
1315
1314
1303
1287
1290
1282
1279
1282
1289
1293
1297
1307
1333
1323
1321
1329
1320
1311
1294
1281
1281
1283
1293
1308
1324
1326
1326
1351
1312
1301
1302
1295
1305
1301
1314
1314
1321
1337
1305
1304
1289
1298
1302
1297
1282
1275
1265
1263
1241
1251
1251
1271
1273
1300
1309
1301
1295
1286
1289
1280
1297
1289
1297
1306
1315
1334
1339
1359
1345
1280
1324
1308
1277
1312
1282
1310
1318
1356
1359
1354
1339
1312
1260
1269
1241
1270
1290
1312
1326
1323
1322
1295
1282
1223
1249
1255
1256
1267
1276
1292
1288
1292
1288
1278
1266
1263
1264
1266
1255
1278
1309
1302
1304
1303
1296
1275
1281
1271
1284
1296
1337
1320
1329
1327
1319
1309
1293
1279
1285
1292
1304
1325
1329
1326
1310
1285
1289
1278
1284
1284
1305
1336
1321
1316
1298
1276
1286
1275
1289
1293
1302
1309
1310
1301
1294
1251
1277
1282
1315
1298
1307
1317
1325
1318
1327
1346
1327
1329
1327
1323
1314
1312
1330
1266
1332
1331
1331
1340
1308
1285
1274
1269
1328
1296
1299
1296
1286
1266
1250
1242
1238
1255
1260
1292
1274
1278
1268
1219
1225
1226
1229
1239
1270
1302
1289
1278
1309
1258
1251
1241
1254
1270
1303
1342
1350
1359
1347
1344
1318
1321
1318
1321
1338
1357
1375
1387
1388
1391
1339
1346
1338
1302
1297
1296
1310
1324
1350
1359
1348
1307
1277
1244
1211
1207
1228
1249
1280
1310
1321
1299
1258
1228
1178
1166
1169
1205
1250
1288
1323
1331
1319
1287
1261
1231
1220
1230
1254
1285
1320
1343
1362
1357
1349
1331
1307
1289
1273
1285
1297
1332
1351
1388
1392
1380
1359
1334
1291
1291
1292
1302
1331
1330
1365
1355
1335
1279
1309
1280
1274
1279
1293
1298
1301
1310
1301
1284
1282
1271
1279
1282
1279
1296
1290
1278
1259
1256
1260
1250
1270
1257
1288
1254
1308
1285
1278
1270
1265
1279
1271
1282
1298
1294
1323
1339
1348
1355
1344
1343
1331
1311
1302
1297
1319
1315
1340
1367
1337
1311
1293
1279
1263
1240
1270
1277
1289
1277
1274
1267
1249
1239
1219
1262
1251
1275
1283
1271
1266
1258
1259
1262
1265
1292
1311
1319
1318
1304
1306
1291
1284
1290
1293
1307
1320
1333
1352
1350
1360
1354
1353
1342
1337
1344
1331
1330
1337
1353
1348
1358
1351
1350
1307
1287
1272
1261
1234
1278
1309
1302
1333
1296
1279
1250
1223
1225
1236
1254
1267
1279
1284
1278
1240
1247
1235
1225
1231
1241
1248
1253
1265
1275
1262
1275
1305
1285
1292
1289
1292
1280
1299
1305
1327
1311
1358
1328
1336
1334
1335
1337
1336
1386
1353
1356
1389
1360
1342
1336
1349
1331
1336
1334
1331
1319
1313
1292
1261
1267
1272
1259
1295
1295
1296
1251
1255
1264
1219
1214
1224
1248
1266
1292
1328
1301
1281
1267
1250
1244
1248
1271
1289
1312
1331
1339
1334
1320
1316
1332
1290
1290
1299
1308
1325
1337
1346
1352
1348
1335
1318
1306
1290
1291
1317
1321
1324
1354
1354
1377
1316
1304
1281
1267
1275
1281
1312
1331
1340
1334
1317
1270
1278
1272
1231
1272
1286
1288
1288
1281
1267
1255
1241
1251
1259
1263
1271
1281
1308
1274
1285
1285
1276
1274
1275
1287
1293
1316
1330
1341
1349
1340
1333
1317
1302
1280
1230
1308
1324
1343
1362
1360
1363
1322
1304
1292
1259
1264
1278
1299
1318
1306
1332
1323
1311
1293
1278
1265
1272
1266
1262
1299
1303
1289
1281
1260
1267
1261
1287
1283
1294
1297
1287
1291
1285
1268
1267
1277
1282
1309
1304
1319
1322
1329
1319
1303
1302
1275
1273
1277
1296
1317
1348
1372
1379
1382
1344
1316
1284
1262
1257
1278
1293
1328
1341
1351
1311
1312
1262
1232
1223
1216
1232
1249
1272
1311
1293
1280
1276
1251
1220
1211
1216
1217
1228
1259
1265
1284
1281
1307
1262
1269
1263
1258
1272
1277
1298
1323
1340
1353
1290
1334
1325
1306
1326
1342
1362
1368
1379
1420
1377
1355
1336
1334
1334
1343
1371
1370
1367
1349
1320
1314
1283
1278
1253
1279
1292
1310
1318
1291
1288
1279
1266
1276
1242
1244
1250
1265
1273
1300
1314
1298
1288
1274
1263
1239
1241
1251
1255
1282
1302
1313
1307
1298
1288
1266
1255
1284
1278
1301
1321
1336
1340
1338
1333
1316
1306
1300
1309
1315
1332
1337
1338
1336
1325
1305
1290
1284
1305
1279
1296
1310
1303
1303
1296
1288
1269
1248
1265
1265
1272
1273
1282
1248
1283
1281
1273
1265
1276
1261
1259
1260
1267
1260
1275
1278
1277
1273
1266
1287
1277
1288
1293
1269
1303
1295
1293
1285
1273
1276
1287
1309
1311
1346
1354
1340
1326
1297
1287
1264
1278
1297
1310
1333
1337
1341
1328
1291
1267
1260
1241
1236
1246
1274
1284
1303
1289
1316
1299
1274
1255
1242
1235
1230
1256
1282
1307
1326
1339
1315
1335
1302
1291
1273
1275
1287
1299
1315
1311
1332
1304
1310
1293
1290
1287
1292
1303
1310
1328
1312
1312
1301
1291
1282
1289
1290
1297
1244
1317
1310
1297
1286
1277
1280
1274
1284
1289
1294
1295
1293
1300
1284
1242
1267
1268
1263
1265
1272
1283
1281
1294
1273
1295
1282
1272
1263
1255
1260
1273
1255
1322
1325
1334
1323
1307
1289
1273
1271
1269
1291
1309
1314
1325
1323
1315
1304
1295
1290
1298
1288
1296
1307
1312
1315
1300
1303
1299
1283
1289
1293
1285
1291
1290
1299
1297
1289
1296
1285
1279
1298
1286
1289
1286
1291
1289
1290
1291
1290
1280
1273
1283
1287
1293
1298
1303
1306
1328
1286
1283
1270
1267
1260
1268
1307
1293
1303
1277
1292
1284
1282
1281
1243
1281
1296
1300
1304
1304
1305
1294
1285
1340
1291
1292
1295
1307
1308
1316
1333
1324
1323
1317
1315
1315
1310
1305
1299
1302
1332
1303
1308
1302
1305
1289
1289
1320
1290
1295
1296
1307
1298
1305
1310
1296
1291
1288
1292
1288
1305
1295
1288
1287
1285
1285
1281
1278
1284
1276
1278
1291
1280
1272
1272
1274
1281
1268
1293
1298
1292
1294
1286
1286
1290
1293
1287
1318
1305
1324
1320
1323
1332
1311
1322
1319
1312
1303
1302
1310
1310
1318
1324
1334
1325
1312
1301
1284
1267
1259
1256
1270
1271
1297
1300
1300
1295
1274
1247
1252
1246
1252
1264
1306
1296
1309
1313
1280
1305
1301
1289
1284
1273
1270
1273
1284
1262
1303
1307
1308
1298
1278
1299
1264
1264
1267
1279
1298
1304
1314
1317
1311
1307
1292
1294
1289
1296
1295
1299
1303
1281
1298
1305
1292
1291
1310
1299
1286
1288
1292
1292
1285
1280
1279
1275
1270
1271
1276
1276
1283
1288
1293
1275
1289
1279
1296
1281
1271
1278
1270
1279
1282
1313
1303
1308
1304
1291
1283
1266
1266
1273
1245
1299
1322
1329
1334
1314
1317
1298
1291
1287
1289
1295
1296
1324
1334
1315
1330
1332
1319
1308
1285
1285
1276
1284
1281
1317
1321
1320
1358
1309
1300
1280
1279
1266
1287
1297
1312
1315
1322
1305
1305
1289
1274
1254
1277
1281
1283
1295
1295
1287
1278
1271
1266
1253
1265
1278
1287
1266
1271
1278
1261
1248
1249
1244
1246
1255
1264
1287
1284
1293
1285
1281
1284
1270
1274
1274
1281
1301
1321
1321
1329
1322
1311
1292
1280
1275
1287
1295
1322
1408
1366
1367
1357
1344
1318
1297
1321
1317
1331
1352
1368
1367
1354
1342
1241
1285
1261
1254
1263
1277
1290
1297
1304
1347
1292
1264
1243
1227
1220
1238
1262
1268
1292
1297
1310
1279
1266
1253
1230
1249
1248
1271
1297
1324
1351
1334
1317
1328
1282
1261
1279
1292
1317
1346
1379
1384
1350
1347
1328
1268
1291
1282
1284
1300
1318
1327
1329
1322
1311
1264
1289
1295
1275
1296
1286
1302
1305
1317
1322
1306
1312
1302
1299
1279
1282
1291
1294
1298
1304
1284
1298
1284
1275
1261
1267
1275
1282
1284
1289
1293
1285
1285
1276
1281
1282
1296
1299
1318
1312
1315
1308
1301
1283
1301
1311
1314
1322
1316
1321
1310
1311
1296
1284
1305
1293
1301
1303
1297
1309
1307
1299
1288
1269
1270
1252
1257
1216
1273
1258
1261
1258
1252
1245
1237
1245
1236
1238
1282
1268
1284
1298
1302
1284
1304
1295
1290
1287
1294
1297
1325
1311
1350
1309
1345
1331
1318
1309
1303
1316
1325
1339
1349
1323
1351
1338
1327
1316
1303
1301
1295
1297
1300
1299
1305
1312
1315
1305
1284
1270
1264
1256
1253
1267
1277
1287
1302
1294
1287
1252
1246
1245
1215
1247
1255
1274
1291
1287
1284
1286
1276
1270
1262
1273
1279
1287
1301
1298
1305
1316
1317
1309
1308
1304
1311
1285
1306
1319
1331
1332
1335
1337
1342
1338
1317
1322
1308
1304
1301
1312
1318
1302
1308
1306
1304
1288
1286
1285
1277
1285
1305
1286
1281
1270
1310
1271
1279
1284
1286
1286
1283
1283
1282
1283
1283
1288
1300
1305
1307
1331
1310
1304
1293
1301
1328
1297
1322
1319
1320
1268
1320
1316
1310
1294
1301
1300
1295
1293
1299
1277
1287
1327
1294
1294
1283
1285
1268
1270
1280
1267
1269
1275
1283
1287
1282
1274
1235
1258
1252
1254
1266
1270
1270
1276
1283
1329
1276
1308
1271
1280
1276
1293
1310
1306
1301
1306
1305
1303
1297
1308
1288
1302
1313
1317
1320
1323
1337
1334
1337
1343
1335
1316
1288
1299
1295
1316
1322
1329
1328
1324
1303
1291
1279
1274
1243
1273
1283
1300
1298
1306
1303
1287
1287
1280
1275
1268
1269
1268
1268
1276
1320
1290
1293
1284
1280
1279
1258
1254
1256
1262
1288
1289
1302
1308
1308
1305
1292
1276
1281
1290
1304
1319
1333
1340
1346
1348
1322
1312
1310
1309
1316
1323
1328
1328
1289
1344
1319
1312
1311
1298
1306
1284
1302
1301
1299
1298
1305
1306
1303
1290
1288
1276
1273
1272
1249
1269
1280
1281
1249
1282
1278
1265
1265
1255
1278
1271
1285
1292
1294
1289
1273
1281
1278
1273
1287
1305
1310
1317
1313
1314
1313
1313
1304
1331
1338
1339
1339
1325
1329
1317
1320
1318
1319
1324
1314
1313
1307
1303
1298
1296
1296
1301
1295
1293
1265
1283
1263
1274
1277
1275
1275
1264
1250
1258
1264
1250
1260
1265
1277
1279
1285
1278
1268
1268
1269
1275
1271
1292
1294
1311
1305
1313
1311
1287
1282
1289
1296
1303
1313
1319
1318
1313
1322
1338
1315
1310
1320
1333
1316
1322
1318
1315
1307
1326
1322
1316
1306
1309
1308
1284
1291
1303
1286
