1055
1478
1453
1441
1212
1223
1309
1229
1223
1221
1241
1214
1230
1257
1239
1232
1305
1296
1241
1238
1257
1172
1192
1252
1240
1240
1349
1303
1232
1234
1285
1191
1233
1253
1242
1222
1364
1325
1231
1225
1267
1231
1212
1231
1223
1236
1204
1291
1226
1258
1229
1208
1227
1239
1217
1233
1256
1260
1218
1249
1255
1222
1238
1236
1246
1230
1242
1227
1381
1232
1264
1254
1248
1261
1241
1249
1229
1230
1245
1175
1278
1234
1217
1240
1195
1215
1236
1227
1225
1213
1290
1225
1198
1222
1211
1232
1242
1221
1237
1149
1214
1228
1264
1244
1227
1231
1258
1229
1240
1217
1179
1230
1265
1229
1225
1242
1246
1247
1237
1209
1216
1315
1290
1216
1176
1246
1240
1233
1241
1238
1244
1256
1267
1184
1190
1232
1231
1211
1225
1232
1238
1222
1138
1208
1230
1223
1239
1231
1219
1263
1248
1240
1361
1276
1222
1231
1240
1199
1164
1202
1162
1184
1203
1193
1213
1271
1216
1227
1262
1260
1228
1248
1295
1271
1405
1275
1356
1283
1280
1235
1239
1217
1233
1211
1205
1220
1299
1251
1295
1310
1302
1367
1385
1371
1344
1379
1364
1307
1309
1323
1290
1282
1217
1143
1017
865
909
802
821
766
782
783
808
779
870
960
1044
1151
1336
1446
1506
1597
1656
1638
1671
1722
1723
1656
1690
1613
1496
1439
1347
1202
1124
1038
949
960
881
896
830
811
794
812
846
949
1042
1309
1218
1430
1479
1557
1597
1640
1568
1601
1567
1504
1365
1345
1332
1350
1340
1298
1291
1283
1239
1227
1346
1264
1278
1226
1250
1261
1269
1270
1198
1151
1147
1141
1014
1143
1133
1051
966
936
944
923
927
938
973
951
1104
1066
1103
1103
1113
1188
1258
1303
1377
1427
1519
1489
1480
1492
1463
1414
1370
1284
1213
1051
1143
1104
1110
1193
1151
1219
1257
1261
1267
1257
1257
1240
1286
1369
1324
1390
1372
1314
1297
1232
1154
970
984
1110
1056
1019
994
971
973
1018
1055
1125
1326
1297
1371
1465
1475
1505
1542
1555
1559
1582
1553
1516
1508
1347
1313
1232
1178
1161
1084
1096
1108
1065
1049
942
1154
1126
1172
1229
1233
1211
1165
1085
1063
982
1109
1071
1101
1112
1094
1088
1061
1088
1098
1137
1150
1336
1217
1293
1238
1261
1291
1286
1317
1369
1367
1327
1343
1304
1314
1301
1319
1315
1394
1451
1428
1444
1374
1371
1407
1360
1360
1290
1279
1298
1225
1192
1272
1147
1116
1151
1140
1042
1093
1038
1006
1033
1065
1155
1220
1137
1254
1193
1249
1187
1178
1185
1188
1299
1267
1307
1283
1238
1220
1194
1177
1149
1181
1200
1339
1096
1159
1140
1145
1132
1108
1161
1262
1274
1427
1333
1271
1244
1291
1271
1199
1226
1283
1216
1170
1237
1170
1115
1175
1199
1227
1245
1315
1339
1349
1365
1355
1420
1446
1470
1484
1453
1418
1299
1296
1239
1171
1285
1237
1178
1165
1156
1151
1126
1140
1157
1077
1175
1162
1212
1224
1243
1247
1205
1229
1214
1169
1158
1062
1120
1045
1077
1086
1073
1120
1123
1164
1302
1127
1160
1208
1258
1267
1287
1331
1350
1309
1340
1413
1270
1327
1337
1306
1261
1215
1169
1112
1063
1084
1082
1142
1185
1168
1211
1177
1194
1199
1147
1226
1231
1264
1245
1294
1259
1221
1228
1221
1158
1265
1240
1246
1270
1217
1191
1207
1221
1241
1331
1334
1335
1326
1271
1257
1289
1283
1348
1349
1363
1357
1303
1237
1311
1147
1168
1141
1202
1201
1211
1208
1156
1166
1180
1209
1236
1247
1234
1181
1140
1102
1053
1025
1052
1077
1022
1153
1145
1150
1127
1153
1187
1194
1294
1308
1349
1300
1355
1309
1357
1373
1281
1398
1412
1382
1341
1244
1213
1177
1206
1257
1261
1311
1321
1321
1256
1280
1239
1113
1195
1290
1233
1221
1219
1164
1114
1162
1152
1286
1161
1228
1224
1182
1176
1170
1154
1222
1241
1288
1346
1362
1309
1288
1247
1230
1209
1214
1179
1191
1070
1158
1114
1104
1130
1138
1156
1232
1217
1248
1262
1273
1213
1213
1261
1249
1283
1324
1292
1280
1274
1160
1281
1165
1285
1217
1229
1205
1147
1131
1160
1179
1221
1356
1292
1406
1358
1333
1251
1273
1269
1279
1297
1334
1345
1350
1332
1288
1282
1267
1267
1304
1307
1180
1300
1196
1189
1173
1198
1298
1289
1267
1272
1352
1273
1147
1135
1203
1174
1163
1282
1232
1224
1228
1258
1142
1250
1249
1218
1254
1247
1246
1183
1201
1191
1104
1239
1251
1271
1255
1244
1193
1184
1153
1128
1168
1069
1206
1270
1187
1216
1173
1183
1203
1205
1205
1108
1186
1192
1182
1196
1185
1157
1255
1257
1252
1257
1219
1278
1232
1275
1271
1331
1345
1343
1359
1334
1195
1407
1338
1304
1293
1327
1323
1294
1272
1262
1199
1378
1291
1247
1266
1270
1256
1171
1206
1226
1227
1247
1354
1252
1282
1254
1189
1169
1157
1159
1170
1224
1109
1291
1205
1156
1225
1158
1159
1178
1197
1158
1219
1203
1199
1220
1212
1198
1240
1278
1307
1245
1259
1210
1218
1147
1283
1268
1300
1324
1311
1319
1262
1221
1230
1382
1389
1364
1332
1301
1286
1324
1239
1219
1236
1310
1315
1220
1273
1202
1175
1176
1168
1159
1237
1272
1293
1343
1275
1235
1237
1238
1258
1297
1305
1315
1317
1177
1254
1186
1177
1174
1244
1270
1213
1213
1134
1081
1186
1150
1149
1185
1224
1225
1245
1249
1220
1141
1175
1256
1251
1255
1259
1184
1219
1226
1193
1168
1263
1234
1231
1267
1272
1229
1164
1271
1245
1297
1327
1309
1298
1274
1233
1237
1209
1253
1276
1297
1349
1329
1295
1285
1284
1272
1237
1306
1310
1309
1405
1308
1252
1225
1232
1257
1250
1295
1307
1297
1204
1123
1165
1214
1197
1210
1234
1197
1209
1194
1192
1164
1119
1136
1216
1283
1281
1259
1244
1240
1179
1211
1230
1235
1285
1270
1249
1189
1179
1154
1147
1165
1136
1231
1216
1195
1214
1188
1123
1128
1224
1215
1202
1308
1204
1205
1168
1197
1298
1298
1301
1294
1298
1288
1272
1293
1281
1300
1332
1345
1343
1344
1314
1339
1223
1234
1240
1267
1285
1290
1299
1233
1237
1318
1159
1216
1234
1271
1274
1252
1230
1214
1194
1130
1231
1354
1332
1327
1308
1251
1230
1191
1163
1196
1241
1262
1280
1264
1221
1159
1147
1201
1195
1271
1257
1252
1171
1280
1253
1277
1269
1246
1287
1304
1306
1387
1286
1249
1149
1210
1247
1226
1247
1300
1252
1253
1358
1186
1336
1260
1276
1300
1292
1223
1228
1213
1274
1167
1227
1270
1268
1252
1266
1225
1230
1198
1252
1230
1296
1295
1291
1248
1248
1235
1190
1240
1272
1265
1291
1345
1243
1253
1216
1088
1191
1190
1225
1257
1164
1238
1247
1248
1161
1249
1247
1248
1285
1241
1237
1249
1202
1088
1319
1219
1249
1275
1266
1250
1265
1248
1101
1257
1226
1284
1293
1244
1231
1206
1197
1263
1196
1215
1186
1262
1252
1229
1227
1183
1085
1273
1275
1297
1333
1322
1257
1322
1239
1266
1244
1282
1290
1345
1292
1282
1321
1254
1253
1306
1348
1306
1364
1352
1259
1294
1181
1252
1208
1257
1269
1307
1323
1253
1245
1158
1220
1223
1208
1243
1258
1304
1200
1194
1145
1252
1206
1219
1243
1216
1329
1230
1214
1137
1320
1241
1233
1272
1277
1342
1266
1258
1158
1357
1284
1243
1286
1258
1336
1243
1262
1138
1336
1260
1228
1273
1219
1247
1239
1234
1114
1400
1267
1254
1321
1300
1227
1310
1274
1124
1395
1289
1281
1341
1319
1282
1247
1227
1097
1342
1242
1264
1329
1324
1273
1255
1203
1057
1324
1252
1264
1312
1354
1291
1326
1206
1047
1289
1223
1253
1279
1364
1302
1314
1227
1072
1304
1215
1242
1205
1331
1238
1254
1141
982
1279
1234
1276
1261
1400
1322
1272
1162
984
1284
1224
1269
1235
1382
1322
1299
1160
995
1283
1233
1288
1268
1419
1327
1293
1151
1178
1291
1254
1312
1298
1437
1339
1264
1122
1128
1238
1208
1286
1278
1391
1330
1307
1144
1251
1294
1275
1353
1336
1387
1355
1251
1151
1328
1268
1259
1322
1331
1326
1295
1220
1014
1244
1207
1210
1283
1311
1304
1342
1234
1060
1293
1269
1276
1361
1399
1332
1385
1253
1085
1318
1264
1297
1294
1364
1292
1256
1127
922
1228
1173
1222
1241
1381
1344
1332
1163
983
1286
1230
1276
1284
1424
1318
1336
1127
1005
1286
1249
1297
1297
1446
1372
1339
1162
994
1293
1260
1346
1343
1515
1407
1372
1163
971
1270
1223
1300
1297
1414
1353
1241
1093
852
1196
1177
1250
1271
1426
1322
1229
1038
883
1202
1209
1317
1349
1509
1390
1291
1098
948
1212
1186
1309
1352
1471
1322
1240
1034
1124
1204
1215
1329
1357
1479
1332
1192
1045
1148
1212
1237
1358
1372
1452
1358
1215
1022
1242
1211
1241
1328
1376
1322
1317
1189
969
1209
1162
1224
1294
1396
1363
1314
1190
1007
1224
1235
1298
1347
1472
1426
1376
1192
975
1239
1174
1236
1241
1422
1337
1292
1139
938
1213
1173
1278
1281
1413
1365
1323
1131
921
1229
1232
1282
1315
1489
1394
1338
1135
920
1193
1155
1247
1282
1453
1317
1255
1107
855
1185
1152
1285
1312
1492
1392
1289
1109
1035
1174
1176
1296
1320
1453
1382
1235
1036
1172
1169
1170
1300
1345
1410
1406
1301
1036
1258
1206
1212
1327
1371
1392
1401
1284
1038
1257
1196
1201
1302
1382
1326
1338
1200
1020
1221
1134
1178
1216
1347
1287
1343
1178
983
1214
1130
1176
933
1581
1343
1350
1240
1020
1255
1158
1199
1003
1546
1329
1349
1155
965
1206
1126
1163
1315
1523
1321
1330
1135
980
1192
1119
905
1303
1496
1382
1307
1159
1367
1201
1144
954
1348
1344
1357
1316
1137
1369
1218
1169
878
1370
1457
1393
1302
1121
1337
1172
1134
854
1473
1363
1408
1345
1118
1353
1184
1158
875
1524
1336
1359
1257
1080
1289
1118
1089
816
1466
1341
1339
1281
1442
1294
1134
1124
900
1539
1311
1359
1301
1444
1287
1144
808
887
1525
1274
1330
1233
1439
1240
1103
837
900
1536
1319
1324
1208
1442
1245
1118
723
963
1602
1345
1343
1232
1477
1265
1136
743
962
1586
1372
1345
1222
1462
1237
1135
742
996
1655
1341
1362
1310
1384
1196
1134
772
1302
1363
1333
1321
1149
1366
1173
1078
756
1274
1539
1353
1326
1546
1371
1175
1115
821
1432
1303
1338
1364
1385
1394
1197
762
805
1442
1310
1384
1280
1549
1334
1153
819
830
1465
1279
1341
1327
1541
1321
1154
714
841
1525
1320
1359
1274
1523
1295
1102
677
838
1504
1259
1342
1264
1482
1275
1119
711
888
1563
1300
1395
1455
1530
1320
1132
783
919
1577
1315
1361
1582
1478
1254
1099
723
931
1585
1334
1376
1614
1498
1271
784
818
1308
1614
1368
1406
1656
1495
1279
783
767
1283
1458
1303
1276
1448
1382
1167
676
701
1233
1466
1194
1228
1426
1375
1193
698
808
1381
1208
1332
1336
1547
1412
1234
780
838
1438
1259
1326
1425
1577
1406
1237
723
889
1468
1232
1306
1247
1520
1369
1165
772
879
1492
1211
1299
1617
1520
1338
1166
736
846
1477
1182
1247
1611
1530
1370
1231
870
971
1573
1247
1311
1650
1551
1346
850
848
930
1557
1231
1316
1591
1522
1339
936
825
1240
1352
1190
1191
1496
1455
1291
782
778
1276
1362
1132
1170
1426
1391
1238
770
754
1223
1182
1158
1178
1436
1415
1277
785
837
1376
1161
1282
1429
1581
1478
1345
835
935
1431
1172
1182
1555
1548
1434
1308
820
860
1433
1126
1168
1563
1542
1373
1245
797
831
1396
1063
1095
1465
1423
1318
882
787
872
1479
1131
1239
1357
1555
1415
966
887
962
1468
1131
1149
1342
1507
1407
968
909
1123
1574
1217
1258
1424
1517
1365
864
832
1242
1230
981
1034
1278
1403
1299
851
882
1377
1187
1136
1310
1454
1463
1365
901
914
1365
1263
1090
1407
1431
1426
1317
881
902
1381
1011
1039
1423
1447
1416
1349
934
956
1495
1159
1186
1570
1599
1545
1102
1038
1332
1509
1145
1128
1471
1453
1405
947
845
883
1371
996
1028
1256
1476
1443
969
989
1014
1487
1053
1070
1336
1504
1411
948
972
1324
1428
1003
1020
1210
1465
1426
974
949
1339
1359
996
1051
1284
1485
1455
1010
1063
1512
1165
1138
1077
1439
1527
1452
985
1067
1386
1033
960
1275
1334
1405
1382
937
1141
1508
1113
1153
1250
1527
1543
1496
1056
1049
1476
1063
991
1411
1402
1406
1029
938
1012
1499
1098
1063
1480
1507
1500
1168
1084
1186
1602
1202
1189
1437
1597
1550
1061
1031
1072
1429
935
915
1082
1332
1325
927
917
1370
1424
1055
1063
1248
1511
1478
1046
1376
1302
1421
1013
1160
1191
1413
1410
943
990
1441
1081
1049
1030
1200
1489
1466
1051
1126
1493
1123
1051
1213
1345
1452
1435
1034
1111
1469
1090
1056
1433
1407
1469
1051
1043
1062
1484
1033
1002
1407
1445
1506
1166
1114
1163
1572
1162
1099
1330
1541
1523
1100
1403
1013
1422
952
899
1218
1343
1353
926
1173
1021
1511
1080
1101
1277
1574
1576
1124
1441
1110
1485
1004
974
1106
1398
1413
973
1264
1344
1359
978
986
1157
1473
1497
1060
1348
1434
1347
1082
1325
1287
1550
1534
1109
1132
1479
1042
968
1176
1260
1393
1408
1017
1078
1456
1051
1012
1438
1442
1536
1186
1240
1130
1527
1036
1019
1374
1395
1437
1099
1059
1035
1479
1033
1008
1237
1475
1510
1075
1509
1151
1554
1081
1047
1280
1421
1422
1024
1350
984
1399
953
935
1122
1414
1422
1057
1269
1112
1529
1070
1032
1202
1474
1507
1056
1333
1437
1418
1061
1099
1315
1513
1496
1077
1211
1199
1182
987
1185
1101
1349
1359
959
1082
1481
1028
1045
1145
1325
1517
1142
1474
1164
1568
1170
1088
1437
1362
1477
1137
1404
1101
1470
1077
998
1352
1361
1448
1189
1271
1164
1575
1092
1059
1399
1430
1454
1054
1468
1071
1518
1018
984
1176
1393
1392
1061
1502
1130
1591
1135
1090
1266
1489
1502
1072
1399
1149
1525
1036
934
1142
1369
1351
949
1113
1387
1236
1003
929
1164
1406
1429
1063
1149
1447
1335
1075
1190
1199
1463
1474
1066
1098
1254
1220
1013
1380
1250
1450
1107
1517
1154
1612
1162
1087
1394
1351
1454
1126
1427
1129
1488
1066
1043
1263
1307
1384
992
1446
1060
1485
1054
979
1174
1414
1456
1073
1526
1153
1602
1124
1069
1187
1453
1461
1095
1493
1131
1522
1021
1009
1168
1386
1423
1000
1369
1109
1542
1089
996
1183
1422
1438
1062
1153
1140
1568
1119
1373
1214
1445
1455
1171
1148
1363
1227
1082
1312
1190
1430
1436
1041
1131
1308
1148
1026
1390
1129
1401
1069
1471
1137
1540
1141
1071
1355
1131
1378
1025
1418
1101
1499
1098
1037
1270
1324
1395
1022
1555
1150
1589
1087
1000
1369
1347
1379
990
1479
1147
1569
1120
1066
1090
1390
1401
992
1499
1199
1628
1168
1200
1262
1439
1437
1057
1339
1152
1559
1111
988
1162
1355
1341
1178
1215
1103
1547
1086
1328
1173
1363
1366
1268
1091
1329
1229
1058
1079
1095
1382
1397
1222
1148
1370
1235
1137
1443
1196
1397
1045
1454
1106
1576
1187
1064
1378
1291
1391
1075
1450
1113
1572
1201
1122
1408
1319
1377
990
1470
1108
1610
1192
1136
1447
1395
1420
1046
1503
1160
1619
1185
1057
1307
1397
1416
973
1456
1093
1569
1087
1078
1172
1344
1310
933
1151
1075
1492
1059
1053
1179
1386
1392
1354
1299
1245
1605
1233
1440
1252
1449
1419
1323
1137
1375
1224
1061
994
1123
1328
940
1389
1079
1258
1219
1150
1430
1241
1399
1016
1411
1048
1497
1081
1064
1276
1224
1413
1103
1478
1148
1576
1150
1175
1484
1404
1457
1043
1513
1096
1504
1095
988
1196
1278
1324
913
1416
1075
1570
1153
1117
1267
1427
1431
1045
1523
1186
1616
1186
1150
1277
1373
1405
1010
1288
1140
1556
1158
1087
1133
1387
1357
1276
1208
1145
1529
1191
1361
1277
1426
1392
1360
1115
1339
1203
1080
1208
1162
1362
976
1398
1085
1259
1222
1170
1476
1164
1416
1062
1435
1083
1512
1115
1106
1250
1254
1335
1002
1383
1076
1512
1131
1125
1425
1348
1379
970
1476
1127
1541
1192
1165
1281
1421
1450
1010
1478
1149
1607
1147
1123
1251
1373
1354
921
1412
1085
1558
1149
1107
1251
1428
1410
1029
1296
1139
1556
1172
1097
1285
1387
1341
1265
1154
1059
1473
1114
1133
1297
1397
1382
1365
1126
1397
1267
1178
1148
1423
1444
1000
1434
1123
1236
1203
1122
1476
1201
1385
1024
1408
1042
1148
1172
1113
1315
1309
1379
964
1436
1093
1546
1193
1181
1412
1385
1408
991
1459
1119
1538
1187
1129
1250
1371
1390
951
1432
1134
1592
1177
1103
1150
1391
1343
934
1369
1029
1494
1103
1103
1224
1369
1357
1043
1253
1160
1596
1222
1143
1276
1426
1353
1280
1204
1089
1409
1175
1284
1376
1438
1414
1364
1149
1276
1173
1225
1122
1245
1388
962
1356
1092
1222
1206
1153
1454
1208
1397
1037
1430
1116
1204
1256
1203
1481
1335
1445
992
1454
1119
1552
1198
1116
1398
1295
1343
896
1408
1085
1513
1197
1160
1285
1378
1387
973
1431
1129
1604
1189
1171
1315
1412
1391
967
1429
1091
1592
1190
1148
1278
1417
1368
979
1276
1141
1556
1259
1207
1275
1482
1422
1367
1265
1131
1513
1215
1275
1288
1400
1341
1298
1046
1244
1168
1161
1099
1163
1368
945
1347
1060
1158
1182
1185
1489
1187
1425
1017
1427
1074
1213
1270
1212
1416
1322
1459
970
1451
1089
1556
1210
1192
1455
1344
1368
933
1407
1076
1529
1223
1168
1267
1349
1352
886
1408
1074
1597
1185
1190
1391
1416
1367
913
1395
1089
1578
1186
1118
1327
1363
1337
972
1249
1137
1512
1244
1201
1299
1441
1380
1311
1279
1148
1474
1214
1328
1278
1433
1379
1379
1066
1181
1426
1167
1530
1267
1409
985
1398
1086
1159
1229
1158
1478
1258
1368
959
1370
1076
1127
1220
1188
1393
1228
1348
868
1375
1045
1517
1161
1172
1506
1366
1393
949
1446
1139
1612
1256
1243
1318
1409
1434
969
1439
1099
1591
1202
1183
1278
1404
1335
922
1387
1074
1586
1175
1182
1273
1393
1336
935
1212
1052
1477
1138
1076
1204
1387
1298
1294
1160
1071
1397
1176
1148
1227
1368
1320
1301
1134
1176
1440
1256
1569
1286
1461
1022
1425
1116
1220
1239
1141
1451
1147
1354
977
1366
1062
1165
1265
1209
1426
1245
1342
865
1360
1014
1502
1171
1144
1452
1292
1318
919
1405
1068
1572
1241
1246
1301
1367
1390
957
1448
1112
1649
1257
1196
1328
1458
1397
974
1431
1157
1629
1230
1199
1160
1407
1329
905
1361
1447
1298
1136
1083
971
860
1289
1285
1313
1288
1309
1329
1135
1065
909
901
1328
1460
1534
1586
1406
1316
1255
959
911
972
1033
1564
1625
1566
1374
1219
1156
943
971
1093
1164
1642
1647
1536
1388
1110
1089
1153
1060
1124
1129
1173
1537
1417
1311
1149
1153
1251
1161
1211
1130
1082
1376
1320
1296
1323
1226
1312
1282
1147
1035
967
872
1353
1410
1474
1393
1404
1376
1162
989
944
936
1431
1541
1576
1565
1346
1259
1139
924
935
1031
1080
1596
1574
1482
1217
1087
1039
894
943
1066
1085
1521
1495
1372
1250
1030
1057
1064
1068
1089
1092
1050
1419
1337
1294
1190
1260
1360
1213
1245
1144
1072
1390
1390
1417
1462
1381
1412
1391
1161
1035
952
941
1433
1509
1564
1384
1356
1239
980
864
862
858
1367
1472
1504
1428
1200
1126
1071
851
982
998
1137
1596
1532
1422
1208
1075
1111
1063
1123
1139
1198
1510
1474
1354
1281
1127
1198
1267
1116
1118
1013
909
1282
1210
1217
1212
1222
1288
1146
1043
924
837
1166
1275
1333
1373
1244
1232
1160
898
791
723
756
1318
1396
1411
1296
1105
1025
805
781
875
1013
1449
1735
1761
1685
1401
1285
1253
1118
1300
1422
1549
1996
1908
1708
1475
1168
1107
1027
1019
1112
1163
1149
1475
1314
1140
892
888
951
906
987
1046
1065
1434
1402
1359
1310
1195
1280
1380
1269
1335
1338
1263
1661
1574
1458
1222
1163
1169
1029
1039
1122
1099
1465
1459
1320
1170
897
850
886
807
973
1055
1093
1447
1296
1094
858
739
825
785
987
1151
1201
1459
1457
1248
1087
884
975
1156
1180
1378
1445
1355
1614
1419
1270
1190
1117
1265
1376
1474
1500
1440
1322
1507
1348
1223
1069
1110
1303
1240
1331
1367
1295
1561
1439
1272
1164
985
1041
1162
1114
1256
1278
1266
1573
1410
1256
982
908
990
979
1102
1241
1274
1581
1497
1300
1158
927
1023
1197
1255
1437
1476
1441
1740
1525
1314
1141
1016
1117
1175
1281
1346
1276
1138
1400
1174
994
786
863
1070
1062
1200
1238
1206
1490
1327
1154
1063
916
1027
1182
1175
1281
1303
1191
1530
1400
1282
1096
1069
1185
1185
1322
1418
1367
1615
1649
1492
1347
1125
1175
1296
1266
1367
1401
1348
1673
1503
1314
1163
996
1054
1215
1263
1316
1295
1178
1434
1216
1005
778
822
984
1028
1165
1219
1164
1375
1198
1034
944
793
940
1135
1156
1273
1340
1263
1514
1335
1180
1049
969
1133
1280
1384
1380
1381
1239
1543
1335
1149
937
982
1176
1174
1337
1465
1405
1644
1463
1204
1013
825
941
1184
1291
1529
1563
1433
1630
1329
1060
889
868
1127
1405
1518
1667
1600
1348
1434
1124
933
835
1043
1356
1500
1651
1589
1388
1437
1186
952
917
874
1115
1374
1372
1348
1226
982
1168
935
840
831
910
1140
1354
1258
1284
1149
927
1154
982
920
855
998
1221
1228
1294
1282
1141
1337
1206
1054
1015
951
1165
1412
1378
1447
1329
1147
1375
1164
1044
1066
1102
1352
1563
1474
1480
1261
1031
1194
995
971
929
1110
1357
1416
1407
1324
1160
1226
1166
1042
1053
1051
1268
1480
1458
1477
1360
1160
1350
1143
1065
1095
1091
1304
1507
1468
1448
1287
1070
1242
1067
999
986
1110
1374
1510
1463
1419
1195
939
1089
922
939
943
1182
1418
1406
1364
1200
976
1050
941
918
1022
1088
1346
1551
1442
1355
1091
853
1067
960
982
1137
1237
1502
1625
1446
1354
1140
945
1186
1132
1195
1235
1398
1574
1626
1489
1374
1147
846
1162
1091
1151
1149
1371
1569
1459
1369
1184
938
1088
998
1016
1170
1227
1460
1610
1443
1247
1013
719
970
943
1031
1260
1365
1545
1596
1346
1108
849
617
994
1043
1212
1341
1508
1639
1580
1337
1095
825
732
1045
1113
1271
1323
1514
1637
1480
1315
1057
825
1011
1028
1115
1326
1398
1636
1742
1498
1225
1010
756
1033
1071
1243
1512
1633
1829
1855
1541
1203
866
618
1021
1126
1365
1593
1729
1849
1769
1355
1056
791
607
1079
1242
1426
1603
1731
1751
1540
1195
896
694
716
1075
1217
1409
1458
1603
1601
1341
979
768
541
874
994
1164
1443
1552
1720
1683
1292
988
704
495
912
1077
1344
1639
1696
1771
1622
1124
776
488
373
951
1202
1531
1797
1827
1790
1547
1023
705
548
535
1133
1385
1672
1798
1775
1655
1389
954
672
590
649
1274
1516
1765
1780
1784
1643
1288
926
700
650
996
1340
1604
1827
1838
1824
1620
1169
891
692
596
1112
1372
1659
1889
1821
1721
1478
988
661
486
555
1116
1410
1687
1858
1725
1551
1254
800
584
477
619
1282
1539
1773
1845
1641
1427
1150
747
531
550
718
1374
1621
1839
1878
1659
1450
1172
717
614
599
776
1452
1708
1912
1893
1663
1409
1059
700
554
577
848
1541
1837
1997
1842
1613
1301
960
570
555
686
983
1646
1872
1959
1714
1441
1137
746
604
616
787
1418
1662
1871
1894
1591
1340
1077
697
643
678
846
1474
1710
1853
1879
1589
1342
1085
738
611
691
850
1530
1724
1954
1931
1576
1272
969
574
555
603
898
1626
1839
2001
1866
1439
1098
824
515
561
724
1080
1846
2039
2050
1826
1345
1026
818
566
714
965
1238
1844
2048
1986
1745
1284
1017
867
689
784
1067
1312
1854
1953
1855
1616
1164
962
845
677
826
1057
1315
1826
1898
1798
1538
1102
867
772
629
799
1054
1263
1850
1868
1711
1428
979
809
750
672
909
1149
1448
1842
1850
1642
1337
927
780
769
745
947
1229
1569
1763
1745
1526
1244
892
788
814
820
1007
1274
1682
1797
1763
1560
1303
959
850
789
842
1084
1356
1845
1853
1789
1563
1311
945
856
896
932
1190
1448
1890
1872
1783
1514
1230
915
866
922
1014
1227
1457
1899
1803
1647
1383
1143
819
792
881
925
1192
1372
1784
1690
1566
1314
1075
827
844
931
1061
1292
1423
1861
1700
1553
1299
1080
832
888
988
1105
1301
1469
1778
1610
1470
1243
1065
850
949
1098
1189
1409
1460
1771
1564
1385
1178
1011
876
987
1156
1230
1349
1438
1646
1438
1283
1120
994
865
1010
1199
1287
1426
1527
1691
1498
1380
1198
1099
968
1111
1312
1359
1429
1489
1523
1403
1246
1103
996
914
1075
1304
1330
1422
1390
1562
1308
1179
1027
1041
1011
1164
1379
1382
1470
1364
1516
1251
1161
1060
1039
1063
1151
1346
1347
1395
1341
1413
1186
1182
1120
1100
1191
1237
1424
1404
1406
1378
1299
1217
1127
1104
1136
1239
1276
1476
1401
1428
1342
1323
1065
1061
1059
1117
1258
1295
1465
1430
1460
1316
1300
1076
1089
1101
1201
1335
1409
1548
1481
1435
1293
1229
1090
1056
1107
1217
1363
1382
1520
1491
1344
1227
1190
1000
1034
1144
1248
1392
1422
1499
1520
1306
1133
1068
892
967
1074
1197
1380
1469
1445
1458
1217
1068
856
875
938
1172
1317
1459
1577
1518
1512
1231
1037
910
885
1003
1185
1385
1528
1633
1531
1487
1204
1052
921
969
927
1160
1421
1560
1627
1500
1431
1139
1005
838
1003
959
1239
1444
1569
1651
1542
1411
1152
1074
902
891
1081
1317
1451
1586
1624
1523
1375
1270
1092
901
926
1118
1300
1449
1552
1569
1494
1290
1214
937
925
1018
1099
1254
1393
1495
1514
1487
1277
1162
908
913
926
1040
1206
1385
1489
1478
1453
1281
1162
1128
901
966
1158
1242
1322
1440
1474
1439
1333
1191
1152
1079
1007
1105
1166
1329
1414
1447
1402
1387
1234
1178
1113
1083
1134
1212
1321
1394
1428
1465
1358
1223
1185
1032
1083
1156
1235
1257
1332
1378
1357
1319
1252
1148
1037
1103
1179
1152
1217
1203
1322
1274
1343
1293
1217
1252
1185
1200
1157
1285
1162
1250
1331
1289
1313
1257
1270
1192
1133
1094
1022
1127
1165
1292
1346
1367
1353
1327
1258
1303
1056
1014
1081
1205
1266
1372
1402
1400
1368
1294
1205
1081
1102
1123
1182
1305
1423
1499
1518
1503
1432
1475
1095
1075
1052
1129
1278
1405
1432
1472
1437
1354
1203
1062
1016
994
1095
1175
1306
1434
1485
1482
1366
1232
1071
990
970
1008
1155
1314
1405
1416
1508
1362
1235
1051
965
917
984
1125
1279
1427
1465
1548
1444
1257
1090
980
932
991
1097
1285
1272
1463
1532
1444
1282
1086
1007
1024
998
1114
1253
1331
1540
1538
1497
1299
1178
1083
1028
1045
1096
1249
1356
1463
1506
1493
1369
1252
1086
1023
1030
1034
1246
1356
1469
1516
1514
1443
1300
1173
1089
1051
1079
1183
1348
1430
1515
1486
1401
1267
1190
1054
995
1092
1136
1244
1319
1442
1391
1359
1306
1204
1111
1123
1025
1051
1190
1285
1353
1400
1385
1322
1259
1038
1025
1014
1055
1167
1235
1409
1472
1442
1407
1302
1249
1114
1091
1137
1195
1292
1387
1420
1366
1348
1288
1146
1070
1070
1112
1141
1230
1302
1346
1371
1354
1245
1282
1163
1110
1105
1111
1219
1283
1362
1402
1330
1304
1325
1224
1147
1133
1136
1226
1282
1262
1203
1327
1338
1290
1187
1091
1041
1159
1248
1278
1357
1330
1389
1308
1287
1195
1171
1102
1182
1205
1245
1237
1204
1276
1315
1247
1222
1208
1162
1136
1148
1224
1256
1234
1271
1388
1267
1221
1192
1162
1146
1224
1255
1342
1352
1387
1320
1299
1247
1207
1127
1191
1241
1293
1374
1374
1414
1288
1251
1167
1127
1122
1172
1237
1289
1402
1497
1421
1339
1246
1239
1136
1122
1147
1246
1298
1399
1391
1421
1346
1214
1147
1076
1026
1067
1128
1244
1381
1424
1459
1392
1282
1163
1027
947
1010
1103
1167
1416
1482
1476
1409
1299
1155
1002
951
956
1079
1172
1385
1463
1521
1449
1353
1139
1040
925
893
971
1101
1298
1484
1569
1586
1414
1282
1113
936
889
971
955
1253
1492
1638
1690
1586
1392
1155
918
698
838
983
1221
1532
1792
1803
1705
1507
1211
1078
766
744
872
1135
1423
1625
1766
1711
1494
1408
893
721
634
773
1008
1314
1563
1739
1729
1568
1299
966
732
609
723
975
1226
1572
1778
1839
1734
1390
1089
809
678
712
961
1228
1521
1718
1799
1711
1473
1128
888
715
705
866
1117
1389
1603
1722
1627
1518
1216
975
809
760
828
1032
1267
1400
1569
1582
1471
1294
1067
904
769
891
980
1178
1478
1440
1522
1493
1410
1237
1057
964
992
1051
1199
1336
1439
1452
1457
1408
1304
1188
1129
1050
1060
1058
1082
1218
1241
1318
1322
1317
1313
1225
1158
1135
1073
1008
1136
1154
1254
1308
1374
1382
1357
1270
1168
1076
1029
999
1055
1126
1225
1309
1336
1405
1346
1278
1124
1058
1028
1024
1066
1147
1235
1414
1455
1456
1434
1288
1113
996
967
962
1086
1262
1386
1482
1569
1440
1383
1152
1032
950
948
1021
1188
1337
1325
1486
1463
1390
1215
1074
1046
943
997
1111
1270
1326
1478
1441
1414
1299
1160
1067
944
970
1058
1184
1344
1411
1425
1405
1303
1186
1079
973
957
1011
1137
1174
1282
1382
1392
1373
1269
1185
1088
1039
1019
1120
1172
1250
1365
1436
1406
1367
1311
1203
1097
1000
1107
1100
1223
1363
1399
1452
1398
1380
1239
1117
1098
992
1072
1165
1253
1346
1580
1300
1335
1236
1185
1043
1015
1022
1087
1180
1297
1441
1390
1406
1322
1186
1080
1026
967
1078
1157
1245
1355
1532
1411
1338
1200
1111
1074
959
1035
1119
1260
1497
1426
1517
1463
1345
1179
1064
1006
986
1059
1181
1345
1406
1413
1513
1320
1161
1017
867
864
973
1096
1253
1392
1412
1497
1400
1275
1085
955
925
940
1039
1063
1275
1491
1458
1479
1318
1175
1032
919
914
992
1168
1368
1473
1506
1520
1449
1302
1132
970
931
929
978
1166
1345
1424
1494
1449
1399
1225
1076
957
869
936
1130
1242
1380
1511
1519
1451
1379
1178
1032
1048
940
961
1126
1248
1386
1479
1547
1440
1332
1196
1036
1133
832
1045
1114
1281
1432
1537
1551
1492
1337
1127
1030
903
899
1020
1166
1355
1467
1555
1517
1397
1181
1095
915
891
963
1045
1213
1437
1519
1555
1535
1380
1188
1051
951
930
1053
1152
1303
1413
1543
1438
1433
1235
1096
983
953
981
1072
1228
1509
1480
1477
1437
1286
1064
1086
1012
975
1079
1213
1288
1380
1365
1359
1238
1195
1125
1044
1052
1224
1316
1264
1357
1345
1296
1304
1244
1139
1114
1097
1141
1163
1280
1382
1333
1366
1315
1302
1135
1173
1151
1267
1329
1319
1317
1356
1353
1321
1278
1222
1145
1121
1201
1158
1214
1226
1295
1291
1352
1293
1219
1176
1111
1113
1216
1137
1192
1247
1315
1386
1361
1388
1294
1182
1100
1076
1079
1085
1178
1298
1348
1441
1439
1314
1262
1152
1048
1007
1047
1114
1141
1356
1445
1452
1454
1351
1224
1126
1031
987
1034
1037
1237
1336
1453
1491
1443
1345
1225
1078
948
966
995
1121
1281
1553
1573
1530
1427
1303
1113
1053
936
974
1061
1124
1384
1423
1464
1409
1321
1237
1118
1034
1021
1002
1159
1165
1343
1379
1398
1387
1340
1260
1186
1143
1095
1285
1223
1191
1265
1308
1334
1338
1302
1273
1216
1018
1224
1218
1171
1169
1220
1196
1284
1339
1339
1350
1285
1224
1220
1181
1141
1137
1218
1199
1270
1324
1486
1372
1318
1205
1157
1094
1075
1077
1125
1198
1303
1386
1348
1398
1281
1216
1181
1165
1140
1195
1240
1258
1332
1386
1359
1314
1280
1248
1157
1170
1196
1259
1381
1276
1382
1321
1290
1251
1235
1177
1203
1177
1375
1331
1316
1316
1290
1244
1117
1151
1144
1157
1217
1339
1278
1334
1348
1324
1215
1168
1103
1090
1117
1197
1236
1324
1319
1379
1330
1266
1199
1131
1067
1122
1169
1399
1354
1379
1400
1386
1337
1280
1143
1120
1055
1295
1207
1281
1341
1385
1406
1325
1285
1214
1138
963
1164
1175
1227
1308
1352
1366
1356
1306
1246
1196
1040
1191
1150
1171
1234
1284
1285
1355
1324
1308
1360
1148
1229
1154
1218
1235
1367
1327
1321
1299
1358
1243
1225
1227
1231
1213
1255
1295
1309
1309
1407
1248
1235
1217
1230
1215
1274
1267
1274
1294
1179
1346
1250
1239
1216
1175
1195
1202
1249
1300
1335
1317
1309
1291
1285
1210
1165
1194
1216
1272
1314
1347
1354
1259
1337
1222
1176
1150
1129
1138
1252
1249
1354
1320
1371
1302
1225
1174
1116
1080
1166
1275
1438
1389
1419
1390
1323
1258
1108
1110
1094
1104
1163
1189
1294
1380
1430
1372
1349
1237
1135
1079
1084
1063
1254
1322
1392
1447
1418
1414
1292
1194
1130
1089
1075
1176
1276
1326
1408
1443
1403
1325
1259
1316
1148
1144
1206
1198
1283
1324
1365
1359
1313
1304
1139
1212
1275
1233
1214
1253
1282
1290
1268
1281
1279
1188
1208
1310
1264
1285
1291
1208
1236
1268
1216
1207
1232
1307
1274
1297
1335
1350
1318
1311
1262
1223
1091
1194
1163
1182
1265
1314
1352
1404
1390
1343
1394
1300
1150
1144
1117
1141
1163
1302
1352
1400
1411
1429
1309
1206
1183
1112
1088
1125
1172
1252
1338
1416
1494
1451
1388
1320
1224
1170
1060
1090
1108
1193
1287
1437
1471
1440
1431
1337
1268
1130
1096
1097
1069
1110
1300
1322
1399
1424
1379
1375
1321
1231
1325
1050
1080
1131
1193
1256
1323
1470
1464
1438
1368
1315
1270
1128
1093
1112
1230
1252
1328
1377
1411
1530
1403
1290
1233
1169
1111
1103
1180
1174
1274
1348
1384
1251
1322
1360
1235
1202
1145
1117
1141
1212
1262
1262
1382
1381
1331
1263
1222
1255
1220
1199
1217
1231
1266
1349
1328
1272
1261
1243
1171
1226
1237
1271
1176
1251
1315
1365
1310
1216
1198
1172
1143
1181
1231
1319
1190
1441
1392
1266
1239
1184
1078
1102
1123
1193
1285
1341
1449
1442
1387
1297
1167
1113
1070
1057
1131
1147
1340
1426
1528
1501
1419
1298
1240
1123
1060
1072
1140
1287
1293
1387
1459
1467
1443
1344
1225
1115
939
1006
1055
1149
1241
1373
1449
1463
1440
1398
1266
1160
1121
1081
1062
1151
1249
1330
1422
1443
1452
1421
1430
1286
1199
1153
1104
1186
1205
1246
1295
1366
1385
1512
1396
1379
1263
1120
1069
1144
1131
1284
1317
1320
1359
1392
1386
1425
1233
1255
1188
1150
1169
1166
1129
1174
1236
1336
1309
1369
1353
1346
1267
1290
1203
1174
1135
1154
1190
1242
1263
1342
1403
1405
1327
1288
1285
1223
1165
1097
1090
1096
1171
1247
1344
1459
1516
1431
1363
1264
1210
1068
1005
1000
1070
1096
1268
1418
1451
1472
1418
1303
1180
1030
995
1054
1002
1161
1327
1433
1482
1543
1499
1337
1261
1184
1117
1031
1048
1159
1262
1387
1479
1498
1458
1387
1255
1258
1041
1042
1070
1142
1257
1351
1425
1448
1426
1359
1228
1225
1097
1071
1090
1129
1197
1302
1368
1381
1398
1372
1294
1202
1136
1084
1099
1164
1231
1326
1356
1473
1419
1386
1288
1129
1107
1129
1127
1303
1233
1413
1415
1441
1432
1354
1204
1157
1096
1086
1114
1124
1247
1342
1446
1408
1394
1285
1182
1089
1142
1139
1060
1136
1266
1406
1480
1473
1403
1300
1194
1121
1036
1025
1083
1205
1343
1428
1466
1441
1402
1288
1182
1120
1062
1072
1126
1210
1270
1377
1451
1423
1225
1246
1200
1144
1101
1103
1155
1174
1290
1350
1322
1424
1330
1301
1248
1205
1102
1165
1177
1211
1230
1406
1325
1379
1351
1316
1224
1181
1147
1122
1109
1101
1249
1314
1391
1418
1398
1323
1244
1088
907
1022
1137
1145
1253
1366
1424
1476
1423
1329
1229
1052
1095
1050
1100
1178
1218
1343
1440
1434
1416
1307
1303
1151
1124
1115
1114
1222
1292
1358
1401
1332
1465
1360
1306
1212
1139
1118
1149
1162
1181
1280
1355
1313
1364
1328
1278
1249
1242
1209
1186
1179
1201
1182
1144
1169
1243
1286
1326
1356
1332
1318
1174
1186
1168
1182
1152
1186
1254
1309
1355
1358
1431
1322
1351
1256
1193
1163
1175
1161
1197
1268
1327
1329
1408
1431
1295
1272
1211
1190
1098
1155
1137
1182
1274
1229
1294
1334
1308
1324
1268
1254
1211
1180
1091
1170
1179
1240
1248
1348
1277
1348
1318
1283
1381
1234
1144
1119
1179
1205
1225
1301
1330
1343
1239
1347
1247
1189
1200
1219
1215
1246
1213
1240
1157
1315
1307
1318
1265
1270
1251
1253
1179
1213
1166
1167
1172
1230
1207
1187
1231
1253
1310
1283
1283
1246
1122
1112
1106
1158
1182
1225
1271
1302
1381
1377
1359
1341
1312
1163
1114
1112
1077
1178
1252
1304
1350
1299
1383
1310
1235
1191
1112
1145
1146
1166
1202
1262
1334
1304
1323
1310
1253
1246
1220
1195
1185
1195
1220
1184
1241
1277
1270
1290
1314
1303
1284
1276
1248
1218
1192
1186
1176
1200
1251
1279
1302
1344
1330
1292
1267
1211
1150
1124
1151
1156
1201
1257
1279
1292
1299
1291
1243
1195
1202
1174
1181
1205
1204
1225
1233
1255
1219
1276
1280
1247
1249
1232
1222
1197
1210
1222
1186
1205
1241
1266
1302
1312
1344
1330
1306
1277
1179
1151
1123
1137
1167
1277
1339
1379
1410
1369
1302
1225
1146
1083
1049
1159
1207
1290
1375
1407
1376
1317
1242
1142
1075
1068
1055
1126
1227
1283
1357
1389
1361
1283
1221
1158
1097
1083
1140
1197
1269
1345
1385
1340
1323
1261
1186
1129
1123
1136
1160
1267
1319
1348
1369
1344
1274
1198
1169
1122
1073
1166
1221
1259
1337
1355
1338
1317
1284
1230
1174
1176
1150
1161
1195
1246
1288
1309
1334
1314
1285
1252
1200
1165
1173
1146
1159
1202
1255
1292
1303
1321
1306
1315
1271
1257
1190
1183
1182
1194
1228
1278
1294
1310
1339
1345
1283
1255
1204
1181
1172
1201
1220
1224
1272
1258
1261
1267
1252
1227
1225
1230
1226
1237
1244
1241
1203
1200
1196
1170
1187
1232
1255
1273
1311
1334
1310
1280
1256
1191
1170
1180
1187
1222
1285
1329
1349
1371
1364
1290
1219
1166
1105
1079
1093
1152
1196
1278
1353
1368
1356
1316
1251
1158
1154
1144
1152
1206
1275
1321
1364
1391
1365
1298
1302
1264
1215
1209
1210
1205
1203
1256
1224
1267
1273
1290
1226
1209
1219
1193
1182
1216
1207
1206
1221
1209
1205
1199
1221
1217
1201
1262
1224
1240
1232
1208
1171
1190
1206
1205
1238
1272
1283
1293
1308
1284
1270
1276
1264
1260
1272
1291
1283
1294
1310
1300
1274
1282
1251
1248
1251
1254
1238
1218
1247
1233
1237
1255
1273
1230
1235
1236
1202
1188
1211
1188
1198
1235
1240
1236
1247
1247
1209
1227
1241
1225
1225
1227
1214
1200
1235
1243
1217
1272
1299
1286
1270
1260
1231
1231
1216
1247
1236
1292
1319
1332
1328
1329
1294
1239
1199
1175
1150
1172
1204
1229
1253
1285
1277
1268
1264
1209
1187
1153
1154
1180
1200
1223
1232
1263
1280
1281
1261
1242
1215
1180
1188
1211
1222
1262
1277
1304
1314
1316
1299
1259
1258
1222
1231
1254
1266
1254
1247
1260
1245
1237
1248
1258
1234
1255
1278
1252
1237
1256
1223
1204
1204
1211
1197
1202
1225
1211
1221
1249
1223
1215
1227
1206
1184
1198
1219
1216
1223
1274
1282
1277
1276
1259
1222
1204
1191
1178
1196
1216
1228
1235
1281
1272
1256
1257
1244
1196
1182
1188
1170
1165
1227
1241
1262
1295
1297
1277
1242
1239
1183
1194
1210
1208
1235
1276
1332
1295
1303
1283
1244
1204
1214
1198
1203
1219
1256
1247
1283
1295
1263
1241
1252
1228
1201
1225
1259
1203
1216
1229
1230
1230
1267
1257
1258
1263
1266
1208
1206
1206
1176
1204
1227
1236
1238
1273
1258
1256
1257
1246
1191
1162
1175
1149
1171
1207
1237
1254
1290
1301
1276
1248
1229
1160
1162
1173
1197
1220
1255
1290
1276
1295
1290
1250
1215
1212
1198
1194
1227
1258
1211
1272
1285
1268
1276
1252
1236
1216
1231
1263
1235
1255
1253
1245
1230
1248
1254
1237
1254
1259
1256
1248
1254
1222
1206
1188
1169
1179
1212
1237
1250
1295
1304
1310
1261
1243
1189
1156
1160
1186
1215
1254
1291
1300
1319
1295
1246
1203
1161
1158
1155
1191
1224
1241
1271
1278
1278
1261
1249
1222
1187
1190
1195
1207
1224
1261
1245
1249
1247
1226
1207
1201
1223
1216
1243
1274
1258
1246
1253
1201
1203
1218
1223
1233
1260
1299
1296
1293
1285
1248
1197
1186
1180
1179
1203
1260
1274
1288
1310
1285
1251
1222
1191
1136
1161
1180
1213
1237
1295
1291
1280
1276
1241
1172
1183
1206
1184
1213
1247
1256
1244
1263
1207
1219
1211
1196
1177
1180
1225
1207
1230
1251
1233
1206
1205
1202
1186
1173
1223
1233
1253
1274
1255
1243
1229
1221
1184
1205
1230
1220
1238
1263
1277
1268
1272
1232
1217
1173
1200
1181
1186
1217
1219
1228
1258
1273
1239
1231
1213
1202
1209
1216
1216
1219
1230
1237
1231
1231
1245
1203
1221
1242
1238
1229
1245
1231
1218
1235
1229
1214
1213
1243
1220
1244
1264
1246
1226
1213
1205
1171
1166
1202
1139
1223
1255
1274
1260
1250
1239
1176
1157
1178
1140
1163
1202
1277
1258
1300
1317
1262
1210
1188
1138
1129
1158
1215
1242
1286
1315
1313
1298
1257
1198
1145
1140
1164
1148
1216
1260
1284
1293
1304
1248
1218
1183
1153
1140
1168
1208
1240
1261
1294
1269
1268
1221
1161
1141
1154
1190
1220
1263
1292
1268
1257
1213
1172
1137
1160
1180
1211
1270
1321
1311
1286
1258
1209
1157
1152
1152
1160
1221
1265
1298
1278
1316
1255
1219
1164
1148
1109
1138
1203
1213
1249
1285
1265
1221
1192
1151
1110
1096
1154
1184
1216
1267
1248
1236
1216
1185
1144
1149
1177
1191
1212
1284
1247
1271
1257
1223
1180
1167
1188
1192
1239
1270
1305
1311
1287
1238
1170
1161
1128
1152
1194
1254
1278
1288
1299
1257
1177
1168
1133
1120
1148
1209
1242
1265
1313
1286
1257
1222
1157
1111
1105
1144
1176
1231
1292
1301
1279
1254
1201
1141
1123
1124
1150
1204
1285
1306
1315
1297
1263
1206
1155
1151
1142
1183
1245
1296
1319
1328
1289
1230
1183
1149
1108
1126
1182
1218
1304
1316
1340
1262
1229
1170
1130
1124
1154
1175
1234
1291
1313
1307
1280
1207
1163
1135
1143
1147
1192
1269
1278
1295
1330
1271
1212
1163
1147
1124
1172
1243
1281
1303
1323
1302
1234
1191
1155
1125
1145
1192
1240
1289
1315
1325
1267
1219
1190
1123
1127
1144
1175
1217
1287
1353
1300
1275
1245
1185
1137
1155
1160
1189
1249
1299
1295
1291
1258
1206
1176
1158
1150
1160
1230
1260
1264
1269
1266
1205
1163
1151
1130
1152
1208
1248
1279
1289
1306
1249
1182
1186
1132
1142
1176
1258
1278
1346
1369
1335
1290
1235
1163
1126
1144
1161
1219
1290
1348
1348
1340
1302
1216
1119
1135
1127
1138
1208
1263
1306
1333
1333
1270
1207
1164
1114
1105
1147
1180
1236
1296
1331
1298
1247
1212
1134
1102
1115
1149
1199
1253
1305
1293
1292
1267
1214
1157
1145
1148
1158
1215
1259
1259
1301
1308
1269
1227
1202
1178
1149
1200
1242
1271
1315
1327
1308
1258
1240
1199
1170
1164
1197
1216
1249
1309
1296
1284
1269
1254
1190
1175
1171
1181
1183
1256
1284
1279
1296
1254
1237
1227
1214
1191
1196
1209
1218
1231
1256
1251
1252
1245
1247
1265
1232
1249
1218
1220
1207
1220
1238
1261
1262
1260
1276
1272
1248
1232
1212
1202
1191
1212
1227
1220
1250
1251
1243
1251
1247
1228
1209
1216
1225
1201
1226
1240
1228
1232
1240
1218
1212
1225
1210
1218
1229
1255
1251
1259
1263
1231
1216
1230
1224
1223
1237
1267
1270
1302
1313
1270
1233
1234
1198
1176
1205
1239
1256
1276
1317
1301
1268
1245
1227
1145
1166
1206
1202
1242
1284
1294
1293
1300
1265
1226
1200
1190
1162
1177
1212
1223
1235
1289
1286
1262
1255
1240
1181
1152
1180
1164
1204
1253
1263
1265
1267
1256
1218
1216
1205
1189
1188
1232
1220
1229
1256
1255
1206
1250
1261
1234
1246
1234
1262
1255
1275
1278
1258
1260
1267
1248
1250
1276
1257
1253
1246
1271
1239
1248
1234
1230
1217
1248
1242
1227
1251
1230
1247
1244
1254
1235
1227
1238
1225
1213
1240
1232
1239
1244
1262
1250
1246
1249
1213
1222
1221
1233
1222
1224
1237
1224
1244
1262
1256
1239
1247
1237
1209
1211
1225
1245
1237
1265
1273
1270
1275
1271
1233
1229
1250
1222
1237
1261
1262
1259
1291
1284
1241
1243
1235
1211
1207
1224
1222
1219
1251
1323
1279
1265
1260
1229
1191
1222
1222
1221
1249
1262
1272
1281
1286
1247
1232
1229
1213
1219
1254
1263
1273
1277
1285
1301
1257
1254
1222
1223
1230
1245
1253
1271
1272
1261
1281
1269
1246
1248
1240
1242
1216
1249
1263
1244
1261
1261
1242
1253
1230
1233
1223
1237
1235
1239
1250
1263
1240
1233
1241
1227
1217
1235
1220
1231
1235
1247
1231
1224
1243
1220
1232
1257
1273
1264
1259
1273
1240
1245
1242
1241
1235
1265
1278
1275
1284
1287
1244
1249
1246
1239
1231
1236
1251
1236
1268
1268
1263
1268
1273
1246
1221
1234
1233
1228
1238
1259
1261
1263
1271
1251
1223
1218
1203
1202
1232
1246
1235
1275
1296
1271
1253
1248
1229
1212
1215
1234
1235
1253
1273
1259
1256
1258
1228
1220
1210
1224
1210
1246
1291
1251
1246
1246
1244
1226
1232
1228
1216
1224
1241
1234
1250
1255
1272
1267
1279
1246
1233
1233
1228
1230
1234
1279
1286
1270
1284
1288
1245
1241
1249
1226
1220
1260
1257
1251
1268
1266
1241
1249
1258
1245
1234
1245
1211
1223
1264
1258
1259
1273
1283
1258
1252
1247
1222
1214
1225
1234
1245
1272
1290
1282
1275
1296
1236
1221
1221
1205
1196
1241
1278
1266
1281
1294
1264
1238
1245
1219
1144
1208
1223
1232
1262
1278
1297
1263
1256
1247
1196
1194
1217
1198
1236
1288
1305
1294
1295
1259
1217
1207
1227
1184
1231
1267
1284
1303
1326
1290
1267
1233
1226
1247
1235
1273
1269
1292
1308
1285
1277
1262
1232
1215
1222
1237
1233
1251
1255
1266
1255
1265
1247
1209
1206
1190
1197
1221
1244
1258
1255
1265
1248
1225
1211
1217
1197
1217
1247
1257
1266
1285
1270
1243
1235
1240
1220
1233
1272
1264
1281
1293
1291
1265
1250
1241
1227
1231
1261
1267
1260
1276
1277
1245
1258
1250
1229
1221
1226
1246
1257
1262
1269
1247
1267
1272
1246
1228
1246
1227
1237
1265
1263
1231
1275
1272
1254
1270
1253
1237
1226
1261
1240
1268
1287
1281
1242
1226
1248
1223
1236
1247
1257
1258
1258
1244
1213
1190
1221
1212
1230
1272
1260
1269
1264
1250
1212
1230
1231
1220
1224
1276
1267
1271
1290
1282
1266
1250
1256
1234
1243
1261
1250
1260
1291
1273
1274
1285
1265
1242
1269
1245
1242
1239
1268
1278
1277
1294
1290
1254
1247
1252
1234
1236
1262
1256
1265
1317
1292
1264
1224
1266
1234
1252
1284
1262
1247
1252
1241
1215
1207
1261
1206
1276
1302
1304
1277
1262
1247
1192
1205
1254
1237
1272
1305
1314
1299
1308
1298
1233
1215
1201
1189
1208
1234
1256
1269
1305
1310
1287
1264
1228
1184
1168
1185
1223
1243
1330
1355
1352
1332
1311
1259
1208
1189
1180
1203
1253
1317
1331
1348
1356
1311
1286
1261
1212
1205
1211
1260
1292
1331
1357
1336
1315
1292
1252
1209
1212
1204
1212
1251
1289
1288
1304
1285
1256
1222
1213
1198
1178
1213
1234
1268
1287
1322
1305
1293
1265
1227
1208
1224
1255
1256
1289
1313
1306
1289
1283
1256
1225
1205
1244
1250
1260
1283
1261
1258
1277
1266
1254
1258
1259
1242
1254
1272
1214
1282
1283
1274
1269
1267
1278
1229
1246
1231
1242
1247
1268
1259
1250
1251
1262
1260
1263
1264
1251
1239
1272
1250
1223
1263
1261
1255
1270
1267
1253
1239
1264
1232
1246
1266
1249
1252
1265
1266
1259
1234
1248
1227
1222
1247
1243
1260
1279
1275
1261
1265
1266
1227
1229
1241
1253
1285
1296
1308
1287
1291
1270
1245
1220
1258
1248
1268
1288
1292
1286
1301
1278
1252
1275
1245
1223
1217
1239
1224
1251
1288
1285
1268
1254
1241
1197
1191
1194
1161
1208
1251
1278
1280
1275
1281
1217
1204
1236
1193
1214
1252
1291
1283
1315
1335
1303
1266
1275
1253
1241
1263
1296
1279
1299
1314
1298
1289
1290
1269
1245
1242
1256
1243
1274
1279
1273
1273
1284
1258
1231
1223
1215
1208
1231
1253
1268
1271
1281
1254
1238
1229
1202
1203
1211
1250
1259
1289
1314
1276
1275
1268
1247
1226
1240
1244
1250
1282
1304
1296
1285
1284
1279
1256
1251
1240
1218
1240
1246
1258
1278
1314
1293
1279
1276
1251
1225
1216
1237
1216
1237
1276
1286
1286
1295
1278
1246
1200
1228
1225
1232
1252
1247
1261
1284
1277
1257
1267
1258
1231
1242
1249
1208
1231
1259
1272
1262
1263
1267
1237
1253
1237
1237
1246
1245
1232
1219
1260
1249
1251
1258
1264
1242
1251
1266
1248
1216
1257
1248
1240
1252
1235
1241
1227
1255
1239
1266
1278
1253
1244
1249
1244
1229
1243
1237
1234
1255
1266
1253
1252
1265
1257
1247
1263
1266
1247
1253
1255
1246
1270
1270
1264
1252
1257
1256
1235
1265
1252
1231
1242
1258
1252
1218
1253
1233
1229
1271
1259
1248
1256
1245
1235
1240
1265
1246
1232
1249
1260
1252
1255
1275
1249
1231
1231
1216
1202
1202
1222
1186
1238
1295
1265
1258
1242
1253
1201
1203
1220
1195
1208
1253
1257
1269
1283
1287
1248
1229
1211
1191
1194
1199
1221
1233
1274
1307
1285
1294
1267
1231
1179
1223
1221
1225
1260
1274
1277
1281
1277
1246
1195
1214
1199
1207
1223
1227
1236
1235
1254
1222
1233
1242
1208
1203
1206
1208
1206
1242
1245
1240
1248
1248
1221
1202
1195
1195
1192
1225
1249
1241
1261
1269
1247
1212
1224
1206
1188
1207
1219
1220
1239
1266
1240
1237
1256
1237
1214
1224
1237
1204
1185
1248
1249
1239
1272
1248
1245
1244
1253
1200
1203
1211
1193
1208
1247
1243
1257
1266
1248
1221
1209
1203
1174
1153
1209
1237
1250
1269
1273
1245
1262
1253
1228
1222
1225
1212
1218
1244
1252
1225
1257
1251
1252
1226
1222
1199
1174
1212
1208
1219
1241
1245
1229
1232
1241
1228
1219
1229
1225
1212
1230
1237
1226
1225
1231
1239
1234
1244
1237
1235
1240
1253
1242
1220
1233
1201
1223
1225
1231
1238
1255
1254
1225
1246
1241
1216
1213
1220
1208
1240
1231
1243
1237
1255
1251
1251
1256
1245
1228
1211
1221
1221
1219
1238
1253
1238
1240
1253
1238
1219
1238
1209
1212
1261
1255
1255
1241
1263
1235
1243
1259
1254
1235
1246
1240
1228
1239
1249
1233
1219
1236
1254
1234
1234
1246
1217
1201
1226
1209
1206
1201
1209
1202
1235
1246
1241
1234
1254
1230
1218
1218
1204
1198
1226
1224
1232
1254
1275
1264
1241
1247
1223
1210
1223
1231
1229
1225
1282
1275
1281
1282
1259
1234
1226
1218
1201
1219
1254
1256
1273
1300
1278
1251
1222
1217
1173
1204
1226
1230
1252
1262
1276
1264
1261
1239
1197
1187
1199
1187
1207
1242
1247
1214
1269
1253
1214
1205
1202
1187
1194
1254
1249
1258
1277
1278
1259
1230
1214
1198
1192
1213
1223
1231
1261
1238
1250
1258
1254
1229
1213
1224
1214
1226
1260
1260
1254
1255
1254
1221
1214
1226
1186
1217
1243
1259
1255
1259
1256
1203
1206
1235
1216
1226
1245
1275
1257
1275
1281
1230
1223
1235
1219
1216
1245
1261
1252
1277
1292
1266
1236
1240
1216
1204
1223
1287
1248
1288
1295
1276
1259
1260
1224
1200
1193
1208
1204
1239
1267
1273
1261
1277
1264
1205
1203
1186
1173
1196
1236
1261
1263
1283
1268
1242
1230
1225
1206
1215
1223
1234
1255
1288
1268
1273
1252
1250
1235
1224
1231
1211
1242
1246
1259
1265
1279
1270
1237
1234
1221
1211
1222
1200
1243
1250
1246
1267
1237
1238
1217
1207
1209
1253
1246
1243
1260
1248
1235
1231
1232
1219
1233
1263
1259
1264
1283
1272
1247
1233
1232
1211
1212
1244
1235
1248
1269
1277
1249
1248
1229
1199
1209
1217
1217
1234
1268
1271
1282
1271
1256
1216
1211
1211
1193
1214
1240
1257
1249
1282
1282
1256
1221
1220
1191
1188
1222
1230
1253
1287
1298
1274
1260
1241
1208
1170
1204
1195
1232
1276
1313
1278
1284
1268
1228
1221
1216
1205
1189
1237
1275
1269
1266
1292
1266
1240
1225
1196
1189
1203
1217
1254
1279
1314
1295
1278
1272
1229
1220
1199
1185
1201
1239
1270
1281
1302
1287
1258
1228
1226
1205
1187
1223
1221
1247
1302
1295
1280
1239
1255
1212
1211
1222
1216
1205
1230
1254
1247
1257
1267
1217
1219
1222
1205
1190
1203
1214
1200
1234
1270
1254
1250
1263
1244
1224
1241
1256
1235
1237
1245
1234
1220
1249
1245
1248
1288
1265
1256
1260
1238
1219
1206
1225
1234
1242
1271
1277
1265
1268
1257
1226
1215
1215
1201
1223
1243
1255
1266
1264
1276
1250
1238
1231
1198
1189
1208
1219
1233
1267
1294
1264
1268
1235
1229
1208
1188
1197
1202
1237
1270
1261
1283
1267
1248
1206
1221
1207
1187
1214
1222
1232
1251
1273
1248
1256
1238
1210
1201
1213
1229
1203
1240
1277
1266
1257
1269
1240
1230
1226
1236
1239
1242
1258
1243
1264
1265
1250
1232
1244
1247
1213
1224
1241
1240
1254
1272
1265
1257
1249
1269
1195
1216
1231
1230
1253
1271
1268
1260
1265
1280
1234
1226
1230
1217
1223
1243
1237
1218
1251
1264
1240
1247
1243
1227
1199
1239
1233
1228
1251
1253
1251
1243
1262
1240
1184
1239
1226
1237
1257
1223
1255
1261
1256
1261
1241
1254
1234
1247
1259
1263
1269
1259
1250
1232
1231
1235
1226
1241
1263
1259
1257
1272
1268
1233
1236
1225
1222
1256
1265
1265
1261
1281
1267
1263
1271
1251
1224
1199
1235
1199
1242
1265
1245
1264
1271
1273
1246
1231
1233
1198
1212
1251
1248
1257
1268
1275
1253
1218
1254
1238
1227
1243
1243
1246
1270
1280
1254
1253
1256
1237
1243
1241
1234
1213
1235
1239
1231
1246
1257
1246
1245
1260
1249
1239
1242
1249
1240
1254
1266
1263
1251
1262
1255
1246
1263
1256
1239
1241
1269
1251
1259
1262
1250
1241
1249
1246
1240
1222
1262
1249
1241
1248
1232
1233
1227
1257
1211
1282
1281
1244
1239
1231
1228
1222
1247
1252
1244
1256
1266
1244
1245
1237
1229
1225
1246
1246
1237
1254
1261
1244
1240
1270
1252
1242
1244
1228
1222
1234
1248
1237
1247
1269
1243
1230
1236
1214
1199
1211
1232
1238
1249
1276
1246
1249
1257
1240
1219
1228
1229
1225
1255
1274
1266
1260
1270
1258
1243
1242
1244
1209
1239
1258
1263
1268
1282
1269
1246
1259
1251
1234
1241
1254
1243
1230
1274
1257
1200
1254
1267
1227
1233
1250
1220
1221
1238
1266
1244
1258
1239
1228
1222
1230
1227
1228
1239
1238
1239
1253
1249
1238
1251
1245
1244
1226
1264
1247
1243
1239
1239
1264
1250
1259
1248
1259
1259
1263
1258
1253
1230
1224
1230
1228
1224
1238
1231
1237
1245
1258
1252
1235
1245
1225
1224
1241
1247
1245
1242
1261
1255
1255
1256
1244
1241
1224
1235
1218
1225
1258
1238
1241
1247
1254
1230
1221
1235
1214
1224
1259
1262
1261
1272
1262
1238
1238
1249
1261
1241
1259
1263
1261
1269
1265
1233
1236
1236
1222
1225
1235
1240
1232
1270
1315
1246
1261
1265
1228
1211
1216
1205
1183
1239
1262
1267
1274
1268
1246
1199
1216
1157
1189
1220
1224
1235
1250
1287
1258
1253
1249
1224
1209
1215
1214
1217
1221
1254
1255
1251
1281
1251
1242
1245
1234
1209
1234
1254
1237
1242
1283
1277
1271
1286
1271
1233
1248
1243
1227
1244
1264
1249
1254
1241
1251
1235
1235
1217
1218
1237
1251
1233
1228
1232
1208
1207
1211
1229
1215
1223
1247
1229
1220
1230
1194
1205
1229
1232
1240
1223
1257
1231
1244
1265
1241
1229
1242
1237
1241
1239
1255
1202
1250
1274
1268
1254
1254
1251
1202
1209
1251
1221
1236
1261
1265
1253
1265
1262
1234
1202
1209
1204
1220
1249
1253
1273
1267
1281
1232
1234
1227
1224
1208
1245
1268
1236
1263
1251
1238
1240
1248
1248
1239
1238
1226
1236
1244
1229
1227
1224
1258
1234
1238
1254
1224
1226
1229
1239
1248
1259
1276
1240
1237
1238
1227
1212
1254
1240
1247
1258
1229
1222
1226
1225
1215
1223
1256
1251
1234
1251
1228
1211
1216
1227
1223
1209
1264
1251
1251
1250
1236
1203
1212
1219
1216
1229
1260
1243
1256
1267
1264
1254
1246
1245
1199
1233
1238
1230
1223
1264
1263
1264
1273
1252
1217
1219
1218
1203
1210
1236
1239
1231
1260
1237
1232
1231
1212
1197
1197
1231
1230
1249
1260
1250
1224
1223
1219
1207
1196
1235
1236
1246
1263
1244
1235
1226
1224
1195
1242
1244
1226
1238
1251
1257
1230
1255
1243
1228
1222
1226
1203
1217
1214
1230
1247
1275
1292
1248
1251
1223
1210
1215
1229
1238
1250
1269
1267
1251
1246
1236
1203
1213
1226
1224
1227
1251
1228
1226
1240
1233
1218
1198
1232
1203
1226
1253
1240
1231
1240
1245
1227
1239
1256
1188
1235
1250
1261
1239
1246
1257
1239
1254
1295
1250
1249
1255
1248
1222
1244
1254
1224
1228
1235
1213
1228
1230
1223
1256
1243
1235
1216
1224
1220
1207
1207
1245
1278
1256
1288
1266
1247
1229
1217
1213
1216
1241
1247
1265
1286
1272
1256
1232
1234
1212
1220
1227
1216
1227
1232
1246
1256
1267
1278
1237
1243
1229
1219
1197
1240
1237
1257
1278
1279
1262
1254
1236
1202
1198
1213
1224
1234
1274
1265
1272
1275
1254
1221
1210
1220
1210
1227
1260
1272
1262
1270
1264
1221
1222
1238
1215
1213
1221
1243
1256
1260
1303
1248
1269
1255
1231
1231
1223
1208
1211
1240
1258
1220
1274
1297
1248
1220
