1050
1475
1490
1447
1233
1246
1210
1301
1265
1254
1274
1233
1227
1235
1240
1236
1200
1238
1228
1232
1292
1290
1224
1234
1230
1227
1264
1250
1238
1242
1176
1175
1235
1223
1241
1221
1227
1242
1230
1232
1263
1164
1326
1169
1295
1230
1243
1228
1183
1253
1241
1214
1224
1337
1151
1218
1251
1207
1235
1173
1231
1217
1231
1230
1235
1206
1171
1208
1224
1236
1232
1221
1207
1232
1228
1242
1225
1241
1233
1244
1233
1213
1187
1232
1218
1231
1177
1171
1237
1204
1243
1211
1288
1255
1226
1230
1223
1286
1234
1218
1222
1221
1231
1258
1239
1256
1230
1143
1247
1275
1239
1219
1241
1217
1194
1187
1232
1217
1387
1170
1227
1209
1199
1208
1182
1224
1249
1217
1217
1239
1284
1215
1224
1223
1237
1194
1230
1199
1225
1341
1210
1241
1233
1222
1245
1288
1245
1216
1234
1172
1209
1244
1215
1217
1202
1217
1229
1211
1213
1215
1227
1192
1230
1235
1205
1221
1246
1257
1226
1255
1258
1425
1211
1297
1287
1306
1284
1208
1251
1259
1253
1222
1176
1259
1221
1247
1259
1257
1260
1327
1332
1376
1479
1406
1362
1332
1338
1357
1323
1339
1258
1272
1172
1132
1048
871
832
817
794
818
810
844
787
833
869
967
1011
1143
1322
1441
1502
1640
1661
1698
1698
1698
1670
1652
1706
1592
1517
1399
1324
1191
1095
1072
959
952
1007
809
825
825
813
783
863
979
1053
1186
1296
1390
1493
1514
1633
1611
1609
1605
1510
1474
1458
1394
1373
1464
1347
1303
1310
1250
1250
1253
1254
1257
1246
1391
1277
1259
1244
1258
1222
1165
1168
1135
1156
1139
1105
1059
992
931
871
891
915
977
945
1016
1052
1071
1169
1121
1149
1172
1217
1320
1349
1428
1496
1482
1524
1581
1609
1436
1414
1301
1213
1179
1214
1144
1146
1167
1160
1319
1301
1243
1235
1272
1245
1233
1256
1275
1336
1352
1331
1411
1294
1298
1149
1123
1083
1096
1039
1047
1001
964
1061
966
1061
1118
1199
1283
1397
1422
1456
1472
1645
1490
1569
1560
1573
1517
1438
1396
1282
1260
1231
1166
1160
1173
1155
1073
1066
1081
1098
1151
1223
1244
1258
1306
1230
1124
1128
1111
1076
1104
1141
1121
1120
1126
1123
1082
1077
1138
1163
1179
1248
1197
1248
1271
1270
1292
1404
1325
1384
1383
1369
1361
1321
1324
1307
1353
1424
1508
1460
1493
1526
1429
1421
1411
1304
1342
1354
1280
1240
1265
1146
1151
1132
1187
1117
1081
1063
1048
1025
1068
1063
1121
1204
1231
1212
1240
1228
1214
1153
1192
1230
1227
1175
1244
1283
1275
1222
1213
1154
1203
1191
1245
1269
1234
1186
1180
1234
1159
1210
1262
1248
1284
1310
1283
1263
1274
1328
1256
1284
1262
1272
1224
1204
1164
1140
1144
1084
1198
1315
1265
1321
1348
1387
1350
1373
1465
1474
1499
1534
1440
1431
1351
1342
1295
1326
1247
1242
1222
1126
1130
1112
1161
1195
1142
1173
1148
1194
1246
1243
1257
1064
1193
1193
1232
1214
1212
1124
1096
1109
1076
1079
1048
1114
1180
1220
1216
1202
1217
1225
1207
1327
1365
1363
1308
1359
1317
1323
1360
1351
1332
1363
1255
1197
1140
1049
1114
1053
1107
1167
1196
1189
1215
1204
1194
1173
1168
1233
1299
1316
1338
1311
1311
1266
1257
1353
1274
1246
1236
1252
1212
1204
1185
1205
1224
1258
1308
1334
1410
1355
1340
1321
1325
1331
1360
1383
1397
1228
1361
1241
1206
1198
1175
1195
1242
1258
1227
1215
1147
1158
1175
1188
1239
1296
1235
1213
1149
1103
1147
987
1038
1052
1162
1126
1173
1156
1148
1152
1193
1239
1296
1291
1312
1350
1382
1363
1362
1386
1400
1383
1417
1383
1315
1292
1257
1249
1202
1229
1267
1265
1370
1358
1299
1287
1276
1165
1228
1227
1231
1277
1226
1211
1168
1159
1339
1250
1220
1282
1244
1234
1218
1204
1182
1199
1282
1349
1324
1371
1361
1267
1229
1207
1208
1216
1211
1193
1283
1058
1116
1099
1110
1159
1115
1178
1235
1243
1238
1348
1314
1295
1209
1287
1296
1328
1350
1336
1275
1292
1266
1236
1304
1275
1254
1251
1186
1192
1146
1191
1175
1286
1357
1356
1330
1306
1290
1255
1263
1311
1355
1383
1438
1428
1324
1291
1269
1239
1262
1296
1251
1271
1240
1224
1162
1200
1249
1242
1294
1308
1209
1259
1227
1162
1152
1118
1266
1215
1254
1289
1259
1283
1214
1173
1165
1298
1257
1295
1267
1258
1227
1230
1223
1235
1283
1305
1284
1211
1212
1237
1175
1134
1189
1132
1227
1252
1241
1211
1147
1197
1180
1194
1213
1220
1232
1232
1200
1186
1182
1092
1185
1264
1317
1317
1321
1284
1234
1249
1272
1310
1339
1409
1387
1351
1291
1306
1276
1315
1296
1322
1323
1327
1328
1261
1204
1216
1224
1231
1279
1250
1226
1255
1230
1230
1255
1180
1239
1267
1278
1284
1237
1223
1167
1156
1025
1131
1229
1247
1247
1227
1269
1159
1160
1162
1280
1223
1202
1193
1224
1202
1199
1142
1197
1265
1308
1255
1216
1215
1210
1164
1194
1230
1220
1299
1319
1306
1277
1254
1277
1154
1304
1370
1343
1389
1439
1320
1286
1286
1168
1234
1224
1263
1246
1240
1185
1130
1101
1138
1179
1234
1191
1269
1312
1215
1247
1223
1251
1277
1302
1349
1346
1346
1276
1210
1205
1186
1221
1265
1250
1230
1186
1163
1297
1033
1084
1154
1211
1239
1222
1195
1222
1196
1222
1186
1307
1281
1291
1291
1242
1187
1232
1178
1177
1106
1263
1322
1259
1289
1248
1246
1260
1266
1315
1343
1334
1419
1227
1239
1242
1240
1249
1262
1253
1297
1309
1265
1160
1194
1199
1263
1279
1305
1334
1309
1259
1247
1217
1148
1206
1259
1320
1347
1299
1258
1199
1185
1220
1213
1334
1278
1243
1217
1161
1161
1156
1176
1239
1282
1315
1340
1337
1259
1247
1205
1179
1229
1305
1296
1276
1208
1179
1236
1142
1219
1183
1234
1254
1259
1228
1201
1154
1205
1326
1189
1251
1290
1270
1258
1162
1184
1174
1175
1329
1262
1265
1311
1280
1255
1250
1215
1468
1330
1359
1402
1409
1297
1270
1285
1196
1269
1296
1293
1312
1285
1434
1248
1170
1214
1214
1259
1272
1225
1241
1208
1185
1144
1138
1225
1310
1302
1300
1275
1227
1229
1150
1167
1200
1335
1303
1266
1241
1232
1167
1206
1230
1237
1259
1272
1331
1237
1229
1206
1172
1218
1207
1296
1313
1290
1297
1136
1195
1096
1218
1210
1260
1277
1308
1251
1249
1217
1211
1427
1348
1349
1332
1293
1216
1233
1246
1204
1236
1275
1304
1306
1286
1255
1190
1226
1131
1226
1265
1161
1321
1330
1233
1224
1217
1153
1260
1274
1300
1302
1277
1223
1180
1232
1098
1223
1266
1284
1276
1260
1203
1176
1157
1119
1217
1282
1307
1313
1246
1222
1156
1155
1155
1180
1236
1270
1306
1263
1253
1207
1218
1248
1269
1327
1294
1296
1234
1175
1186
1128
1254
1220
1260
1291
1316
1249
1152
1202
1153
1251
1243
1276
1299
1343
1294
1283
1227
1224
1112
1307
1317
1315
1354
1295
1244
1235
1228
1280
1374
1360
1381
1400
1341
1250
1236
1157
1318
1278
1284
1262
1290
1267
1226
1167
1120
1284
1200
1238
1256
1213
1265
1137
1169
1075
1272
1270
1278
1306
1247
1321
1227
1188
1153
1360
1314
1309
1330
1258
1325
1195
1206
1117
1374
1302
1279
1298
1240
1171
1203
1194
1089
1239
1230
1275
1309
1246
1197
1217
1208
1099
1359
1317
1299
1351
1296
1198
1273
1240
1137
1289
1346
1318
1363
1308
1253
1264
1203
1090
1312
1273
1278
1298
1275
1189
1244
1163
1066
1275
1282
1309
1320
1329
1271
1286
1169
1074
1357
1299
1297
1266
1329
1222
1245
1133
1047
1320
1223
1247
1186
1271
1168
1187
1114
944
1299
1268
1300
1244
1361
1225
1250
1165
993
1323
1262
1305
1256
1364
1272
1228
1149
1236
1318
1280
1331
1270
1391
1288
1251
1154
1156
1334
1313
1341
1289
1397
1253
1236
1114
1282
1297
1267
1326
1252
1371
1267
1212
1099
1275
1295
1274
1333
1268
1328
1279
1205
1061
1342
1341
1317
1359
1319
1281
1275
1181
1031
1310
1272
1267
1312
1331
1227
1190
1128
983
1274
1262
1225
1293
1355
1287
1270
1181
1030
1368
1301
1310
1277
1357
1285
1261
1160
1018
1323
1293
1301
1267
1363
1286
1245
1148
950
1304
1259
1294
1260
1349
1287
1291
1144
1038
1366
1325
1355
1316
1428
1287
1258
1155
990
1330
1300
1347
1308
1434
1302
1278
1128
976
1304
1267
1337
1279
1412
1305
1263
1090
957
1295
1267
1343
1307
1423
1292
1228
1064
890
1241
1229
1344
1263
1378
1219
1173
992
958
1225
1235
1333
1322
1447
1321
1205
1070
1197
1319
1287
1406
1374
1474
1298
1243
1041
1230
1242
1251
1336
1331
1295
1218
1122
984
1245
1237
1268
1327
1369
1324
1306
1182
1009
1306
1261
1314
1328
1398
1341
1293
1219
1003
1324
1279
1305
1288
1410
1326
1324
1155
1014
1306
1269
1317
1302
1430
1326
1310
1170
974
1300
1247
1289
1260
1392
1288
1246
1096
905
1228
1177
1270
1250
1402
1253
1250
1123
921
1261
1245
1329
1304
1450
1307
1241
1080
910
1264
1250
1332
1315
1438
1322
1234
1048
1123
1238
1180
1312
1310
1375
1306
1217
1070
1244
1247
1245
1344
1337
1369
1314
1226
1085
1324
1246
1233
1289
1319
1279
1293
1169
1002
1271
1226
1241
1336
1357
1299
1293
1253
1051
1323
1253
1265
1296
1381
1328
1290
1214
979
1271
1205
1232
955
1568
1290
1315
1189
976
1276
1196
1233
995
1514
1276
1310
1173
987
1268
1178
1226
1324
1485
1276
1302
1150
1008
1262
1197
938
1319
1478
1344
1289
1136
1400
1261
1212
1009
1354
1343
1330
1317
1165
1404
1276
1225
919
1372
1387
1330
1257
1162
1393
1248
1208
886
1453
1313
1312
1262
1071
1365
1231
1203
849
1474
1227
1326
1216
1036
1343
1211
1152
881
1481
1316
1326
1263
1490
1354
1223
1193
911
1520
1276
1320
1202
1378
1302
1170
814
865
1515
1235
1263
1218
1473
1309
1196
928
954
1561
1269
1313
1242
1483
1317
1194
798
939
1575
1282
1293
1188
1445
1280
1186
747
960
1598
1326
1314
1201
1486
1292
1201
817
1008
1629
1306
1249
1358
1412
1238
1160
819
1252
1307
1306
1262
1164
1401
1244
1184
825
1327
1591
1325
1294
1611
1485
1331
1262
893
1498
1294
1329
1297
1257
1376
1189
744
814
1376
1253
1243
1186
1493
1354
1206
876
893
1461
1239
1313
1313
1591
1402
1259
789
941
1520
1271
1318
1268
1545
1343
1196
737
911
1517
1254
1314
1201
1508
1316
1170
737
931
1552
1262
1328
1255
1492
1339
1158
754
953
1559
1251
1255
1564
1493
1296
1173
805
936
1580
1268
1357
1610
1536
1369
914
893
1377
1649
1314
1348
1652
1506
1346
892
863
1277
1420
1228
1230
1533
1390
1221
707
775
1249
1408
1181
1184
1446
1393
1264
770
864
1406
1231
1258
1226
1547
1436
1287
781
894
1422
1233
1238
1325
1564
1434
1303
863
922
1489
1137
1240
1284
1524
1396
1257
841
921
1501
1224
1264
1579
1556
1422
1309
868
908
1510
1214
1260
1573
1543
1432
1334
851
1037
1583
1208
1232
1583
1526
1368
928
887
944
1522
1159
1235
1312
1524
1399
971
864
1277
1379
1137
1177
1531
1477
1374
881
865
1343
1398
1143
1171
1491
1458
1350
872
883
1264
1219
1070
1083
1382
1377
1264
818
827
1387
1137
1101
1403
1505
1452
1352
895
947
1405
1120
1130
1377
1536
1482
1418
985
1013
1547
1164
1195
1586
1572
1463
1368
891
954
1457
1063
1093
1500
1508
1456
1016
1003
1065
1583
1211
1217
1403
1563
1475
1082
948
966
1454
1024
1061
1283
1445
1373
887
917
1248
1487
1104
1076
1223
1461
1408
914
903
1323
1335
998
979
1323
1428
1430
968
1035
1483
1333
1148
1234
1470
1533
1456
973
1004
1429
1201
1032
1420
1454
1462
1386
972
969
1387
978
931
1285
1356
1381
1365
933
1069
1539
1179
1181
1596
1634
1629
1248
1183
1279
1590
1125
1113
1462
1472
1455
1085
983
994
1458
1028
976
1196
1471
1480
1055
1046
1221
1496
1052
1029
1251
1466
1453
986
997
1362
1408
936
909
1151
1416
1407
977
1154
1363
1320
902
860
1160
1389
1429
1047
1080
1529
1204
1037
1100
1360
1472
1468
1042
1097
1483
1068
988
1317
1360
1491
1520
1182
1304
1685
1253
1172
1221
1563
1619
1594
1142
1157
1514
1021
904
1242
1228
1249
921
912
995
1425
992
945
1337
1456
1505
1288
1152
1207
1660
1209
1141
1275
1567
1547
1111
1093
1090
1473
941
863
1139
1357
1395
1003
1075
1499
1496
1037
1011
1253
1525
1492
1101
1415
1468
1385
929
884
1086
1362
1354
894
1101
1406
968
901
871
1175
1383
1403
1070
1171
1532
1120
976
1279
1327
1451
1478
1164
1235
1602
1216
1124
1454
1436
1515
1192
1185
1160
1572
1082
1013
1361
1417
1482
1175
1108
1141
1564
1086
984
1227
1391
1427
1040
1438
1073
1410
875
849
968
1299
1357
982
1350
1107
1549
1032
1065
1284
1546
1564
1150
1555
1162
1496
934
1120
1193
1355
1415
1012
1357
1389
1386
1007
941
1100
1442
1506
1137
1211
1427
1414
983
1317
1204
1442
1413
1038
1125
1447
990
899
1122
1149
1303
1378
1003
1122
1524
1155
1064
1431
1432
1575
1236
1451
1241
1632
1132
1046
1345
1353
1405
1070
1071
1092
1509
1042
992
1178
1409
1474
1093
1566
1187
1597
1073
938
1067
1319
1349
961
1317
987
1366
881
837
1026
1262
1311
937
1376
1072
1493
936
976
1165
1416
1476
1129
1374
1588
1477
1185
1082
1236
1507
1502
1138
1143
1372
1214
931
1171
1023
1266
1329
972
1070
1493
1116
986
1314
1221
1483
1170
1481
1243
1627
1194
1081
1400
1310
1399
1084
1377
1072
1479
1036
933
1095
1252
1366
1118
1198
1142
1608
1076
1051
1353
1427
1468
1112
1543
1181
1568
1008
959
1061
1374
1429
1047
1485
1157
1593
1122
1049
1195
1392
1411
1008
1314
1059
1476
969
880
1059
1279
1309
959
1078
1370
1254
905
950
1110
1371
1437
1054
1195
1436
1358
1064
1351
1185
1417
1457
1068
1157
1276
1284
1087
1380
1278
1432
1101
1483
1142
1557
1149
1044
1343
1293
1383
1074
1415
1112
1506
1102
992
1303
1276
1358
984
1459
1072
1549
1100
1058
1280
1403
1434
1070
1539
1200
1630
1126
1061
1174
1390
1411
988
1471
1115
1533
1041
960
1113
1333
1352
972
1356
1093
1541
1099
979
1178
1377
1407
1016
1146
1166
1579
1100
1404
1218
1406
1403
1091
1100
1394
1251
1014
1156
1155
1367
1370
1017
1106
1286
1250
1130
1460
1228
1436
1085
1459
1162
1585
1206
1085
1397
1315
1370
1055
1355
1028
1479
1090
1036
1114
1268
1350
903
1422
1037
1524
1049
1013
1290
1296
1323
932
1407
1087
1566
1100
1044
1238
1432
1378
976
1459
1096
1591
1156
1173
1284
1455
1442
1036
1319
1133
1576
1104
1078
1221
1407
1369
1189
1215
1076
1536
1131
1381
1181
1358
1311
1201
1022
1276
1192
1041
1134
1174
1406
1401
1054
1099
1290
1228
1094
1418
1216
1419
1024
1401
1083
1507
1155
1089
1402
1312
1406
1054
1423
1111
1564
1218
1165
1372
1394
1422
993
1488
1105
1591
1156
1119
1466
1437
1434
970
1439
1052
1555
1129
1069
1204
1368
1339
911
1357
1033
1502
1053
1017
1145
1387
1303
877
1240
1026
1492
1087
1062
1201
1418
1380
1303
1205
1152
1585
1193
1411
1273
1464
1407
1293
1034
1307
1149
1103
1108
1214
1400
1012
1399
1093
1195
1251
1195
1519
1238
1449
998
1374
1005
1430
1093
988
1346
1294
1396
1035
1406
1070
1563
1219
1226
1470
1483
1491
1042
1456
1066
1458
1112
1062
1169
1353
1359
955
1378
986
1483
1131
1064
1257
1406
1406
1057
1415
1057
1545
1147
1140
1300
1451
1425
988
1246
1044
1512
1101
1082
1264
1421
1388
1281
1151
1044
1486
1180
1470
1294
1511
1449
1354
1083
1321
1125
1120
1346
1202
1411
975
1348
986
1162
1164
1146
1470
1341
1468
1025
1418
1044
1477
1093
1125
1434
1324
1415
1037
1356
997
1422
1095
1077
1392
1357
1397
940
1374
1001
1411
1065
1094
1253
1415
1443
969
1404
1044
1532
1134
1153
1269
1489
1453
1014
1421
1037
1551
1147
1176
1339
1509
1476
1007
1267
1008
1451
1083
1045
1246
1401
1319
1187
1087
937
1347
1043
1360
1203
1453
1408
1350
1063
1310
1184
1128
1133
1270
1481
1047
1389
1046
1172
1115
1102
1462
1332
1434
1102
1428
1049
1010
1133
1145
1328
1377
1468
999
1417
1042
1434
1060
1072
1459
1393
1425
978
1387
974
1422
1064
1078
1340
1417
1430
989
1398
1006
1467
1091
1051
1197
1441
1409
943
1343
963
1408
1013
1089
1238
1446
1422
979
1329
1049
1441
1125
1141
1240
1484
1399
1316
1104
996
1369
1064
1372
1286
1490
1459
1383
1044
1297
1167
1139
1183
1239
1479
1015
1369
1027
1056
1061
1067
1436
1179
1449
1025
1412
1016
1097
1151
1098
1359
1367
1435
1010
1451
1043
1440
1081
1078
1235
1351
1403
912
1359
910
1354
1024
1033
1219
1351
1384
928
1342
968
1437
1031
1025
1328
1452
1444
965
1402
1048
1493
1130
1146
1347
1530
1513
1050
1362
1125
1542
1183
1206
1398
1594
1517
1446
1341
1099
1372
1157
1122
1216
1433
1381
1274
931
1177
983
969
979
1116
1313
895
1248
901
925
1000
999
1364
1219
1445
1072
1432
1037
1096
1194
1192
1420
1339
1544
1079
1482
1021
1449
1102
1089
1434
1371
1404
983
1400
966
1404
1078
1101
1252
1420
1457
996
1439
1043
1483
1046
1089
1238
1433
1410
979
1349
958
1404
1001
1022
1184
1422
1402
1029
1211
1045
1391
1096
1127
1309
1493
1424
1350
1136
977
1338
1056
1325
1268
1479
1445
1395
1091
1031
1351
1132
1518
1368
1525
1098
1461
1037
1132
1121
1096
1405
1304
1414
1013
1359
977
991
1032
1032
1361
1200
1387
924
1365
993
1447
1068
1086
1475
1381
1458
1020
1441
1061
1446
1109
1072
1249
1415
1376
981
1408
981
1460
1049
1073
1297
1433
1409
937
1373
1013
1468
1071
1115
1263
1461
1426
1087
1232
951
1366
1048
1061
1282
1451
1411
1333
1196
1022
1337
1131
1256
1273
1473
1438
1380
1112
1081
1365
1153
1491
1282
1475
1054
1402
1039
1028
1062
1013
1345
1162
1367
956
1345
936
1056
1069
1047
1281
1202
1412
932
1377
960
1384
1019
1067
1402
1392
1415
919
1428
1048
1455
1145
1141
1340
1434
1495
1074
1488
1096
1576
1207
1201
1402
1564
1453
1078
1457
1046
1510
1081
1144
1247
1432
1391
989
1323
1335
1158
986
986
953
927
1346
1297
1277
1128
1165
1199
1022
986
990
947
1376
1440
1463
1466
1320
1322
1303
1087
1023
1038
1048
1507
1526
1515
1333
1274
1228
989
999
1032
1013
1484
1509
1472
1389
1165
1148
1145
1025
1051
1076
1140
1534
1477
1397
1218
1206
1190
1098
1141
1096
1086
1435
1416
1371
1331
1144
1203
1200
1107
1069
1009
1009
1450
1439
1460
1307
1323
1327
1159
1095
1034
1025
1458
1496
1482
1459
1281
1247
1151
1013
1016
1025
996
1480
1471
1439
1235
1175
1143
954
975
993
1055
1489
1501
1455
1392
1195
1189
1181
1054
1058
1083
1039
1473
1423
1392
1222
1240
1257
1129
1082
1083
1050
1447
1472
1447
1435
1284
1304
1305
1142
1056
1017
1013
1460
1456
1440
1289
1259
1219
1034
978
906
953
1335
1397
1383
1380
1198
1167
1128
944
1001
1027
1014
1490
1492
1449
1298
1211
1226
1104
1077
1133
1115
1529
1552
1493
1425
1260
1262
1262
1091
1044
992
964
1351
1327
1279
1192
1119
1152
1023
1001
906
842
1220
1321
1330
1322
1180
1199
1179
977
920
898
909
1376
1394
1380
1285
1124
1065
863
857
916
974
1382
1639
1657
1636
1408
1321
1305
1149
1237
1330
1437
1923
1886
1750
1532
1268
1157
972
992
1067
1175
1219
1568
1424
1256
958
872
899
850
935
1077
1121
1587
1564
1463
1358
1170
1236
1342
1320
1413
1432
1373
1694
1501
1333
1091
1069
1134
1031
1126
1144
1079
1404
1338
1211
1119
919
947
1038
984
1008
1057
1054
1401
1296
1169
982
887
926
840
933
1013
1109
1375
1429
1281
1157
944
996
1130
1170
1344
1425
1425
1771
1607
1425
1282
1159
1301
1403
1537
1609
1590
1420
1605
1339
1147
962
1072
1266
1287
1407
1400
1304
1539
1334
1160
1081
965
1109
1279
1265
1323
1246
1168
1472
1357
1244
1058
1064
1148
1152
1182
1195
1224
1520
1495
1364
1259
1065
1063
1224
1218
1377
1455
1453
1845
1645
1430
1200
1062
1120
1196
1291
1396
1383
1246
1461
1189
975
736
809
1009
1022
1181
1274
1223
1449
1249
1076
1007
926
1108
1339
1290
1392
1334
1148
1478
1364
1295
1176
1216
1340
1279
1340
1318
1290
1522
1593
1526
1448
1271
1287
1321
1156
1267
1292
1318
1691
1601
1444
1290
1065
1107
1222
1250
1413
1380
1312
1573
1318
1071
764
805
966
1056
1183
1317
1189
1391
1151
928
822
721
942
1197
1232
1406
1357
1205
1433
1225
1104
1055
1075
1279
1389
1394
1371
1291
1115
1434
1282
1195
1066
1139
1265
1264
1329
1413
1363
1704
1545
1370
1222
985
1060
1233
1318
1496
1544
1459
1705
1418
1139
924
897
1122
1373
1516
1659
1601
1364
1437
1116
951
860
1095
1420
1560
1706
1563
1325
1357
1099
950
929
941
1213
1473
1381
1311
1125
853
1073
971
917
1008
1076
1279
1364
1266
1175
1050
926
1236
1152
1138
1052
1139
1277
1214
1238
1169
1123
1362
1281
1105
1088
977
1170
1386
1342
1464
1381
1214
1420
1204
1090
1097
1160
1423
1654
1614
1527
1313
1038
1202
1041
1014
997
1203
1429
1350
1422
1282
1068
1151
1159
1121
1197
1199
1384
1483
1409
1368
1271
1121
1375
1268
1228
1239
1180
1318
1462
1354
1353
1276
1120
1344
1170
1091
985
1076
1296
1463
1468
1429
1269
1048
1169
997
950
985
1227
1477
1486
1466
1253
994
1103
999
984
1116
1240
1431
1594
1447
1252
1052
767
1054
1023
1090
1263
1323
1496
1567
1376
1237
1077
876
1269
1259
1327
1322
1402
1528
1489
1411
1313
1179
1194
1300
1226
1245
1194
1352
1518
1454
1360
1248
993
1204
1107
1103
1235
1299
1500
1651
1426
1290
989
705
954
938
1072
1202
1371
1562
1596
1293
1042
806
615
1048
1161
1351
1447
1574
1642
1505
1211
1014
873
814
1212
1309
1412
1369
1478
1550
1330
1134
1027
816
1160
1182
1220
1345
1350
1548
1642
1437
1291
1099
889
1200
1202
1304
1496
1586
1777
1826
1535
1227
940
672
1108
1170
1348
1542
1654
1782
1716
1330
1022
797
661
1128
1293
1516
1594
1690
1695
1481
1123
890
708
764
1135
1255
1403
1401
1510
1540
1294
1048
883
667
1020
1063
1196
1391
1460
1625
1622
1329
1044
827
595
979
1077
1285
1577
1666
1781
1682
1206
954
617
513
1015
1209
1522
1790
1815
1780
1534
998
668
498
509
1141
1413
1696
1814
1798
1706
1443
1030
788
653
747
1314
1538
1740
1731
1737
1612
1309
933
732
679
995
1300
1564
1791
1802
1802
1644
1212
881
685
587
1112
1365
1688
1934
1896
1820
1563
1012
673
534
521
1141
1423
1712
1912
1784
1570
1257
741
537
486
622
1331
1607
1837
1908
1663
1431
1134
681
509
571
742
1383
1613
1801
1831
1586
1390
1150
756
659
659
772
1438
1713
1911
1897
1711
1489
1205
789
682
692
827
1564
1844
2010
1879
1661
1356
964
645
583
693
1227
1556
1858
1940
1700
1432
1155
722
607
646
795
1431
1693
1836
1844
1529
1282
1016
687
617
619
862
1488
1703
1868
1867
1556
1335
1091
771
648
653
872
1531
1770
1929
1909
1547
1262
980
643
573
649
928
1646
1869
1977
1865
1420
1088
825
506
612
820
1135
1870
2039
2049
1817
1338
1052
844
617
751
1036
1322
1852
2017
1932
1697
1256
1021
900
707
846
1085
1319
1806
1935
1860
1608
1197
971
863
669
781
1034
1258
1790
1921
1801
1544
1091
859
745
636
757
1060
1401
1839
1923
1732
1395
942
727
686
644
861
1137
1538
1860
1803
1563
1261
872
756
798
801
1068
1301
1649
1858
1776
1535
1270
922
829
830
850
1056
1258
1791
1774
1778
1537
1283
921
826
843
826
1087
1359
1843
1804
1754
1466
1177
817
756
802
909
1225
1513
1972
1954
1734
1417
1151
860
895
1009
1184
1447
1585
2000
1798
1618
1333
1120
881
962
1076
1129
1306
1400
1722
1560
1364
1160
995
794
857
927
1044
1247
1347
1699
1555
1458
1263
1103
875
941
1047
1149
1353
1468
1673
1608
1422
1195
1041
865
976
1147
1222
1405
1478
1643
1472
1287
1151
1062
962
1125
1313
1286
1438
1433
1609
1363
1258
1140
1096
988
1130
1275
1257
1317
1345
1427
1398
1332
1231
1172
1039
1141
1288
1249
1367
1367
1426
1385
1323
1171
1091
983
1119
1327
1315
1428
1387
1552
1280
1154
1080
1052
1039
1188
1378
1369
1423
1310
1320
1234
1134
1114
1139
1179
1246
1398
1290
1335
1232
1273
1254
1173
1165
1201
1250
1241
1372
1293
1372
1274
1227
1220
1144
1172
1169
1253
1268
1445
1422
1451
1359
1286
1189
1109
1078
1148
1302
1345
1537
1445
1451
1284
1344
1102
1043
1115
1246
1425
1445
1594
1459
1320
1142
1118
1021
1077
1211
1337
1464
1465
1522
1415
1236
1125
957
1045
1096
1221
1311
1400
1375
1424
1439
1172
1050
951
866
1034
1151
1294
1428
1476
1508
1481
1194
1035
888
833
958
1165
1363
1496
1592
1483
1400
1091
925
708
875
1066
1273
1463
1579
1575
1397
1314
1043
1002
893
1059
1200
1326
1566
1583
1586
1411
1343
1144
1053
1024
1079
1146
1310
1421
1516
1532
1435
1372
1202
1117
988
985
1088
1231
1412
1511
1562
1498
1342
1237
1016
923
988
1107
1313
1465
1589
1600
1433
1232
1128
1061
947
1001
1176
1357
1410
1449
1442
1348
1201
1162
1070
1065
1064
1170
1269
1269
1345
1374
1368
1329
1248
1163
1085
1063
1040
1169
1254
1327
1408
1400
1381
1248
1150
1021
948
1015
1189
1259
1440
1464
1444
1371
1278
1217
1120
1124
1193
1237
1281
1361
1380
1339
1150
1258
1264
1173
1253
1197
1170
1186
1250
1215
1313
1346
1335
1328
1251
1159
1093
1153
1069
1180
1306
1395
1458
1426
1326
1280
1135
1054
1023
1082
1211
1248
1427
1408
1390
1296
1275
1094
1104
1099
1124
1145
1213
1281
1363
1388
1404
1374
1175
1141
1098
1024
1028
1145
1303
1468
1606
1586
1488
1363
1124
973
910
1008
1128
1408
1583
1613
1519
1324
1188
906
897
921
1073
1298
1430
1545
1523
1447
1403
1199
1154
1036
1104
1137
1253
1407
1397
1473
1469
1426
1319
1155
1046
991
1003
1129
1270
1421
1526
1566
1505
1377
1176
1002
973
970
1097
1283
1404
1495
1323
1382
1244
1013
935
963
1036
1129
1243
1371
1370
1302
1275
1125
1128
1107
1163
1165
1236
1196
1236
1251
1203
1367
1329
1353
1292
1238
1129
1072
1169
1161
1293
1425
1505
1446
1398
1332
1238
1151
1144
1187
1281
1337
1386
1376
1371
1391
1253
1246
1204
1221
1229
1201
1187
1196
1280
1296
1375
1381
1362
1295
1178
1096
1034
1025
1071
1295
1416
1534
1536
1435
1273
1096
959
903
1025
1192
1374
1517
1564
1500
1386
1214
1040
993
1021
1114
1154
1416
1449
1490
1468
1375
1291
1151
1048
1009
1050
1065
1201
1301
1411
1440
1439
1363
1216
1050
956
1153
958
1159
1380
1589
1617
1546
1366
1151
924
903
958
1079
1444
1559
1643
1609
1441
1193
1061
968
948
1069
1206
1371
1496
1497
1469
1316
1255
1100
1086
1074
1104
1186
1209
1364
1454
1455
1404
1295
1178
1018
1020
997
1113
1211
1408
1489
1509
1460
1248
1085
964
914
999
1178
1366
1590
1607
1538
1323
1168
1014
940
1056
1202
1337
1673
1534
1523
1373
1222
1117
1067
1046
1134
1253
1455
1330
1446
1382
1338
1217
1142
1127
1092
1133
1169
1344
1294
1452
1517
1507
1393
1257
1129
1048
1008
993
1216
1520
1514
1610
1503
1315
1119
970
890
970
1135
1387
1413
1649
1548
1413
1233
1008
973
968
1033
1209
1188
1307
1391
1403
1345
1261
1154
1104
1014
906
913
1039
1144
1298
1453
1538
1516
1425
1252
1025
975
846
973
1185
1413
1607
1697
1640
1441
1225
977
857
835
965
1181
1396
1619
1719
1608
1484
1256
1126
960
910
963
1050
1277
1488
1612
1702
1637
1472
1174
987
814
693
783
1049
1303
1625
1776
1775
1579
1231
924
664
622
779
1166
1465
1785
1946
1872
1673
1224
924
687
642
732
1026
1403
1643
1769
1781
1579
1304
1066
824
704
720
885
1099
1369
1576
1703
1632
1424
1233
908
699
652
778
963
1344
1618
1766
1784
1582
1245
956
697
708
784
1070
1373
1615
1842
1733
1551
1274
1077
888
843
948
1103
1313
1464
1590
1537
1525
1359
1225
1102
1038
1008
1071
1164
1257
1245
1363
1525
1452
1351
1195
1026
971
1005
1081
1203
1301
1341
1412
1391
1278
1154
1101
1049
1067
1150
1160
1250
1261
1288
1254
1259
1316
1314
1326
1292
1256
1118
1106
1052
1058
1171
1333
1430
1458
1467
1387
1159
1218
1041
994
1040
1177
1327
1390
1465
1423
1332
1218
1019
1011
1033
1048
1155
1226
1340
1480
1487
1496
1440
1403
1321
1122
1048
1007
1119
1290
1459
1598
1689
1620
1441
1199
983
864
866
996
1171
1386
1574
1618
1523
1437
1153
960
903
909
1004
1174
1311
1381
1437
1411
1322
1102
962
979
947
981
1063
1151
1259
1411
1503
1508
1371
1251
1072
962
916
947
1115
1331
1497
1614
1695
1473
1300
1091
959
918
993
1171
1302
1461
1627
1457
1402
1228
1147
1077
1046
1071
1128
1257
1369
1387
1462
1430
1390
1269
1185
1076
985
1001
1089
1244
1399
1549
1594
1566
1436
1226
1081
948
965
1080
1246
1387
1598
1666
1626
1414
1211
1071
1011
992
1071
1212
1311
1318
1491
1410
1305
1227
1116
985
931
940
983
1108
1199
1354
1450
1504
1438
1278
1099
936
838
861
984
1231
1452
1646
1757
1586
1368
1082
847
754
855
1030
1283
1541
1741
1724
1684
1439
1188
1017
919
891
1023
1214
1358
1621
1604
1571
1516
1326
1121
902
708
799
895
1134
1327
1626
1731
1648
1475
1129
950
779
750
886
1172
1472
1687
1787
1686
1495
1248
1006
865
851
1067
1083
1285
1412
1489
1447
1388
1273
1122
1046
1025
1012
957
1101
1208
1303
1406
1466
1459
1350
1257
1117
1007
906
1019
1124
1284
1373
1489
1493
1418
1304
1160
1047
1051
1064
1134
1178
1228
1291
1332
1365
1322
1399
1355
1304
1254
1126
1070
1060
1095
1217
1397
1474
1537
1499
1261
1149
1042
961
944
993
1175
1359
1456
1508
1439
1223
1226
1044
965
924
1008
1168
1316
1376
1481
1443
1367
1362
1182
1060
1009
1019
1153
1199
1344
1434
1496
1578
1365
1208
1039
927
938
1080
1189
1346
1456
1645
1583
1277
1144
934
889
975
1089
1262
1407
1475
1481
1419
1246
1075
984
958
1024
1117
1241
1354
1436
1348
1441
1376
1278
1250
1200
1144
1122
1177
1254
1344
1487
1466
1484
1422
1325
1111
1004
948
1021
1067
1339
1447
1490
1421
1462
1229
1097
998
918
987
1093
1219
1342
1479
1454
1395
1305
1223
1130
1010
1008
963
1029
1137
1281
1375
1413
1526
1432
1320
1166
992
893
896
933
1136
1383
1459
1542
1539
1396
1225
1087
965
914
984
1246
1341
1388
1473
1510
1438
1384
1245
1100
987
947
946
1031
1260
1391
1485
1540
1546
1452
1296
1100
929
879
848
1027
1276
1420
1553
1548
1425
1291
1137
1054
992
1027
1121
1243
1434
1400
1415
1360
1347
1247
1212
1148
1103
1150
1158
1147
1204
1253
1316
1296
1349
1290
1178
1113
1005
1016
1039
1154
1256
1346
1372
1355
1313
1248
1148
1151
1163
1131
1183
1257
1316
1293
1267
1284
1270
1275
1206
1299
1239
1249
1279
1253
1223
1286
1333
1304
1305
1265
1199
1121
1127
1172
1254
1319
1376
1332
1300
1195
1294
1074
1008
1110
1192
1329
1398
1427
1373
1250
1159
1150
1024
1100
1190
1294
1341
1393
1392
1283
1254
1180
1140
1078
1073
1184
1162
1238
1296
1389
1372
1386
1328
1056
1241
1063
1027
1091
1193
1296
1372
1452
1399
1294
1036
1077
960
962
1064
1180
1291
1416
1378
1333
1138
1212
1126
1155
1169
1191
1282
1345
1353
1354
1333
1311
1215
1156
1246
1203
1243
1222
1185
1289
1326
1352
1325
1257
1332
1235
1176
1144
1124
1218
1262
1287
1302
1316
1344
1222
1141
1163
1118
1132
1208
1262
1292
1330
1290
1263
1125
1202
1190
1192
1185
1253
1137
1218
1238
1267
1214
1354
1281
1230
1192
1102
1129
1089
1136
1201
1408
1307
1368
1342
1259
1148
1089
1062
1109
1179
1169
1250
1333
1312
1277
1222
1220
1162
1152
1142
1181
1177
1232
1295
1299
1304
1305
1284
1231
1161
1134
1140
1161
1207
1305
1361
1384
1390
1260
1281
1168
1065
1068
1222
1223
1253
1315
1407
1339
1261
1186
1117
1050
1085
1144
974
1310
1293
1306
1298
1284
1183
1149
1196
1185
1155
1166
1161
1201
1224
1296
1327
1397
1355
1279
1227
1239
1105
1162
1203
1237
1272
1307
1326
1288
1262
1224
1183
1233
1246
1234
1209
1201
1180
1162
1193
1239
1295
1337
1425
1344
1263
1197
1110
1069
976
1084
1151
1236
1437
1315
1360
1299
1241
1173
1167
1105
1093
1105
1252
1138
1302
1367
1411
1365
1389
1279
1177
1101
1042
985
1095
1178
1336
1339
1397
1387
1289
1215
1165
1086
1044
1040
1122
1184
1219
1270
1274
1297
1284
1258
1251
1249
1205
1161
1156
1153
1103
1160
1220
1288
1325
1363
1364
1295
1240
1195
1065
1075
1087
1137
1191
1296
1322
1310
1300
1381
1283
1274
1214
1135
1114
1147
1165
1238
1322
1287
1378
1383
1313
1226
1143
1105
1077
1142
1212
1290
1332
1378
1400
1313
1280
1249
1195
1191
1244
1238
1256
1207
1158
1195
1205
1206
1216
1232
1291
1266
1246
1270
1157
1151
1120
1145
1158
1244
1219
1232
1260
1396
1308
1251
1242
1183
1156
1162
1106
1100
1180
1220
1246
1329
1397
1456
1308
1242
1163
1095
1065
1146
1223
1309
1415
1462
1413
1391
1294
1232
1152
1136
1159
1144
1217
1139
1241
1252
1295
1314
1358
1308
1232
1191
1012
1097
1058
1090
1131
1194
1330
1361
1353
1348
1259
1280
1171
1105
1092
1065
1043
1187
1243
1338
1372
1373
1429
1373
1301
1186
1080
1063
1022
1089
1252
1324
1460
1542
1562
1422
1290
1176
1060
955
1045
1062
1211
1424
1460
1424
1383
1370
1260
1205
1104
1022
1023
1165
1115
1141
1239
1309
1334
1306
1339
1282
1240
1163
1148
1043
1129
1125
1181
1240
1317
1366
1373
1376
1331
1275
1209
1142
1118
1095
1095
1081
1198
1313
1390
1454
1368
1382
1316
1226
1097
1013
991
1108
1195
1296
1314
1399
1396
1371
1264
1116
1073
1044
1015
1045
1086
1060
1230
1348
1334
1325
1320
1283
1245
1116
1122
1108
1120
1090
1201
1296
1317
1384
1381
1297
1299
1245
1191
1278
1190
1171
1195
1191
1226
1267
1316
1327
1313
1329
1194
1217
1181
1117
1091
1129
1221
1251
1378
1439
1403
1337
1211
1239
1132
1095
1129
1145
1282
1336
1359
1376
1261
1221
1212
1181
1162
1113
1164
1205
1272
1276
1347
1313
1338
1221
1222
1106
1081
1099
1140
1165
1283
1350
1318
1321
1237
1111
1040
1053
1143
1185
1311
1349
1366
1360
1321
1225
1139
1080
1037
1144
1261
1346
1418
1338
1415
1357
1275
1173
1100
1062
1122
1199
1290
1352
1416
1380
1362
1329
1185
1132
1098
1098
1115
1229
1276
1116
1312
1263
1225
1183
1137
1092
1098
1165
1202
1251
1269
1260
1256
1176
1168
1113
1151
1230
1221
1272
1353
1338
1301
1176
1236
1188
1242
1282
1388
1388
1373
1389
1350
1308
1285
1193
1201
1206
1228
1257
1320
1344
1345
1313
1203
1263
1173
1097
1112
1120
1220
1276
1396
1409
1363
1307
1214
1079
1014
965
1051
1127
1271
1391
1449
1431
1403
1260
1151
1094
1092
1038
1120
1227
1368
1430
1460
1423
1324
1216
1129
1123
1123
1153
1251
1238
1304
1326
1322
1404
1213
1220
1182
1194
1202
1241
1269
1268
1255
1227
1125
1153
1146
1224
1230
1335
1377
1394
1381
1322
1212
1220
992
1096
1073
1231
1350
1440
1503
1524
1402
1247
1035
995
952
1007
1132
1212
1445
1527
1520
1461
1291
1180
1077
996
968
1000
1092
1251
1376
1484
1538
1405
1356
1182
1146
1037
1032
1118
1241
1342
1454
1417
1455
1331
1277
1184
1160
1181
1211
1254
1325
1347
1417
1312
1175
1135
1162
1200
1258
1326
1378
1363
1315
1289
1109
1058
1052
1050
1079
1274
1385
1478
1346
1453
1369
1202
1086
966
871
970
1157
1330
1516
1552
1652
1558
1361
1175
984
908
923
1023
1219
1450
1651
1687
1654
1476
1245
1086
952
895
955
1108
1244
1450
1428
1489
1383
1275
1150
1087
1018
1022
1119
985
1274
1396
1365
1319
1258
1160
1060
1093
1109
1192
1289
1368
1400
1388
1315
1209
1133
1094
1099
1171
1312
1412
1492
1503
1446
1326
1210
1119
1074
1110
1230
1347
1460
1473
1518
1410
1322
1198
1093
1060
1085
1128
1204
1312
1395
1410
1404
1337
1265
1210
1152
1129
1156
1219
1260
1314
1345
1322
1268
1222
1187
1143
1122
1215
1254
1321
1359
1353
1304
1218
1167
1116
1145
1220
1302
1390
1461
1452
1368
1288
1169
1055
1049
1094
1183
1314
1424
1485
1459
1427
1313
1170
1063
986
986
1049
1198
1321
1439
1499
1530
1404
1283
1140
1016
966
1001
1090
1244
1409
1508
1522
1456
1355
1189
1066
1001
1008
1094
1208
1357
1432
1426
1426
1322
1201
1165
1105
1134
1206
1276
1347
1394
1395
1342
1298
1241
1190
1176
1195
1212
1260
1307
1330
1312
1303
1237
1197
1175
1164
1161
1189
1248
1306
1310
1319
1284
1222
1173
1160
1165
1204
1280
1330
1337
1338
1302
1224
1168
1152
1141
1190
1308
1337
1373
1371
1321
1200
1149
1126
1091
1114
1214
1286
1360
1410
1404
1285
1269
1184
1106
1066
1093
1133
1205
1296
1382
1389
1387
1347
1254
1165
1136
1116
1140
1207
1278
1338
1381
1375
1328
1238
1226
1183
1184
1231
1253
1284
1294
1290
1216
1189
1172
1148
1190
1247
1297
1317
1329
1278
1209
1147
1095
1072
1099
1164
1238
1320
1382
1391
1332
1286
1191
1122
1078
1090
1118
1186
1284
1350
1398
1405
1379
1278
1199
1136
1093
1093
1183
1250
1314
1342
1415
1337
1261
1189
1106
1117
1162
1222
1290
1361
1366
1325
1280
1207
1113
1141
1192
1226
1297
1352
1362
1330
1284
1232
1172
1165
1168
1190
1240
1311
1325
1343
1343
1306
1246
1198
1167
1152
1149
1228
1271
1327
1362
1342
1299
1215
1159
1107
1107
1155
1208
1290
1373
1404
1373
1318
1201
1106
1015
1051
1080
1172
1277
1344
1374
1374
1337
1234
1171
1124
1104
1151
1200
1259
1315
1367
1370
1349
1309
1245
1167
1130
1133
1145
1182
1271
1320
1355
1394
1341
1273
1194
1151
1113
1127
1197
1269
1296
1344
1346
1289
1250
1216
1152
1175
1209
1249
1298
1327
1333
1274
1238
1245
1190
1164
1182
1204
1229
1284
1320
1313
1315
1304
1269
1223
1193
1157
1146
1170
1240
1266
1343
1380
1384
1342
1296
1230
1134
1108
1102
1136
1219
1315
1377
1404
1406
1343
1259
1183
1118
1083
1088
1138
1176
1282
1361
1372
1390
1354
1280
1197
1138
1126
1081
1138
1197
1273
1347
1372
1398
1349
1292
1213
1136
1123
1117
1168
1182
1286
1329
1333
1323
1273
1244
1217
1225
1209
1225
1247
1228
1229
1236
1240
1226
1241
1260
1264
1264
1272
1231
1263
1247
1248
1243
1240
1238
1216
1228
1236
1228
1251
1279
1272
1260
1243
1246
1170
1159
1162
1179
1210
1255
1284
1282
1296
1302
1238
1221
1215
1200
1182
1238
1250
1261
1291
1306
1312
1321
1319
1291
1195
1233
1196
1167
1182
1204
1239
1308
1340
1344
1284
1277
1203
1155
1137
1146
1177
1252
1293
1329
1356
1360
1299
1254
1197
1167
1187
1177
1206
1222
1295
1303
1315
1337
1297
1245
1191
1163
1140
1128
1171
1221
1263
1303
1345
1313
1262
1203
1166
1142
1187
1212
1250
1298
1331
1309
1282
1266
1208
1179
1191
1216
1219
1253
1284
1251
1262
1264
1216
1198
1191
1221
1178
1222
1251
1255
1272
1295
1278
1266
1257
1242
1188
1199
1217
1238
1258
1320
1331
1306
1290
1255
1198
1183
1178
1187
1224
1277
1300
1314
1309
1270
1231
1207
1192
1179
1170
1218
1222
1256
1284
1278
1284
1293
1302
1248
1242
1215
1168
1143
1173
1193
1235
1299
1345
1325
1323
1271
1200
1141
1108
1114
1139
1207
1259
1298
1326
1322
1297
1243
1225
1165
1141
1144
1155
1195
1259
1322
1344
1361
1352
1300
1207
1175
1119
1105
1130
1231
1269
1337
1381
1357
1328
1272
1184
1130
1125
1141
1182
1257
1315
1302
1341
1328
1279
1230
1184
1165
1148
1191
1240
1279
1320
1339
1324
1287
1272
1224
1182
1164
1208
1205
1246
1300
1327
1303
1323
1259
1196
1167
1125
1126
1153
1221
1287
1334
1375
1331
1284
1234
1178
1140
1125
1161
1208
1279
1333
1350
1376
1349
1277
1252
1173
1160
1107
1155
1213
1282
1385
1422
1391
1338
1272
1175
1101
1072
1041
1148
1255
1346
1394
1407
1396
1313
1215
1182
1105
1102
1142
1228
1282
1349
1412
1386
1338
1287
1233
1152
1131
1151
1133
1227
1298
1351
1370
1368
1343
1244
1192
1158
1108
1142
1190
1250
1318
1390
1424
1345
1280
1221
1125
1066
1103
1138
1210
1299
1349
1358
1365
1303
1244
1157
1125
1102
1112
1170
1221
1284
1340
1373
1351
1320
1233
1173
1125
1099
1094
1147
1234
1343
1343
1418
1411
1324
1256
1170
1104
1084
1135
1196
1272
1360
1410
1405
1373
1279
1222
1152
1116
1112
1121
1198
1268
1333
1356
1415
1378
1302
1235
1144
1126
1106
1155
1225
1326
1415
1438
1433
1379
1289
1164
1103
1088
1092
1143
1273
1338
1405
1425
1380
1303
1217
1148
1063
1074
1107
1171
1226
1341
1374
1386
1366
1292
1195
1134
1090
1061
1101
1170
1260
1308
1415
1425
1393
1329
1235
1145
1094
1089
1122
1199
1276
1341
1392
1398
1351
1289
1209
1163
1136
1125
1168
1186
1232
1306
1351
1367
1362
1333
1257
1204
1164
1121
1112
1204
1244
1310
1381
1401
1367
1332
1254
1180
1175
1156
1149
1181
1256
1290
1335
1353
1339
1286
1244
1204
1147
1130
1152
1138
1198
1260
1310
1330
1332
1314
1257
1193
1210
1157
1164
1205
1248
1284
1334
1339
1308
1275
1246
1200
1188
1225
1220
1225
1266
1307
1269
1276
1256
1238
1235
1251
1248
1244
1256
1246
1231
1234
1248
1247
1225
1286
1282
1289
1269
1238
1240
1213
1201
1216
1233
1267
1266
1278
1281
1282
1262
1261
1243
1211
1211
1212
1192
1216
1258
1298
1329
1350
1336
1292
1248
1190
1157
1148
1204
1246
1285
1338
1338
1326
1293
1239
1174
1146
1147
1141
1178
1229
1243
1285
1309
1307
1275
1235
1207
1137
1140
1128
1151
1186
1259
1305
1299
1317
1298
1258
1178
1175
1146
1148
1186
1239
1274
1311
1302
1310
1298
1269
1236
1207
1221
1224
1229
1247
1267
1275
1283
1304
1286
1231
1265
1223
1197
1198
1216
1205
1234
1283
1293
1334
1313
1281
1230
1192
1161
1154
1167
1197
1228
1272
1312
1309
1298
1267
1256
1225
1216
1204
1178
1200
1222
1248
1286
1316
1307
1297
1278
1236
1184
1164
1164
1164
1189
1256
1276
1299
1308
1299
1232
1242
1185
1160
1143
1204
1212
1235
1288
1271
1261
1267
1241
1218
1209
1225
1154
1212
1233
1242
1234
1261
1280
1256
1248
1271
1219
1223
1214
1215
1209
1237
1254
1223
1218
1228
1206
1236
1248
1251
1233
1263
1247
1209
1194
1177
1167
1156
1238
1271
1299
1317
1290
1244
1205
1175
1158
1150
1189
1227
1267
1324
1340
1331
1323
1277
1213
1162
1163
1133
1129
1184
1264
1311
1359
1370
1330
1280
1203
1128
1077
1093
1111
1173
1261
1327
1345
1347
1310
1221
1123
1127
1123
1100
1146
1200
1252
1293
1325
1309
1305
1279
1231
1205
1191
1150
1174
1204
1237
1259
1289
1321
1285
1299
1249
1254
1218
1190
1192
1181
1213
1239
1267
1306
1325
1316
1311
1291
1255
1227
1190
1177
1160
1153
1213
1242
1264
1304
1304
1284
1262
1211
1162
1126
1144
1144
1185
1229
1253
1264
1270
1253
1213
1194
1184
1174
1182
1229
1230
1246
1252
1263
1256
1265
1267
1247
1248
1251
1246
1235
1236
1263
1231
1242
1249
1229
1254
1229
1215
1256
1245
1251
1236
1244
1224
1210
1196
1210
1187
1204
1238
1256
1268
1266
1296
1239
1221
1209
1195
1187
1220
1196
1223
1286
1262
1258
1263
1259
1224
1229
1235
1206
1196
1209
1240
1224
1255
1286
1271
1271
1263
1226
1205
1190
1224
1189
1226
1280
1267
1241
1277
1244
1214
1215
1207
1197
1210
1231
1234
1212
1239
1225
1188
1215
1218
1196
1209
1198
1180
1198
1206
1215
1233
1257
1256
1254
1253
1246
1224
1211
1232
1222
1252
1273
1266
1268
1257
1285
1230
1209
1238
1214
1216
1222
1227
1228
1246
1244
1236
1244
1242
1222
1202
1185
1180
1179
1209
1250
1232
1266
1275
1281
1244
1243
1207
1177
1186
1197
1211
1238
1270
1263
1253
1276
1241
1229
1220
1175
1175
1184
1201
1202
1216
1246
1232
1261
1252
1239
1203
1171
1153
1140
1164
1193
1240
1264
1302
1289
1260
1228
1202
1162
1166
1178
1218
1251
1282
1287
1254
1263
1236
1228
1221
1226
1228
1225
1277
1266
1239
1275
1259
1235
1252
1219
1220
1231
1267
1264
1309
1327
1287
1242
1204
1155
1122
1125
1154
1199
1256
1300
1307
1282
1223
1168
1087
1082
1070
1086
1141
1219
1279
1313
1304
1262
1213
1176
1158
1151
1184
1229
1248
1278
1296
1287
1262
1260
1254
1216
1250
1245
1240
1261
1286
1256
1255
1272
1227
1201
1203
1223
1228
1246
1290
1246
1253
1228
1169
1115
1091
1102
1114
1192
1305
1329
1354
1331
1267
1173
1115
1114
1065
1125
1216
1292
1345
1399
1373
1293
1258
1168
1104
1098
1123
1172
1193
1327
1381
1387
1382
1305
1225
1157
1105
1095
1134
1195
1261
1334
1366
1353
1312
1251
1192
1099
1099
1138
1172
1226
1306
1333
1331
1295
1225
1161
1136
1127
1150
1201
1263
1274
1295
1315
1275
1234
1220
1206
1174
1170
1217
1230
1221
1274
1260
1266
1258
1251
1220
1224
1194
1201
1218
1246
1206
1244
1249
1227
1209
1195
1211
1169
1214
1218
1250
1259
1263
1234
1204
1219
1209
1224
1255
1279
1267
1252
1273
1236
1218
1219
1216
1229
1253
1245
1247
1232
1243
1212
1225
1237
1226
1234
1249
1270
1238
1235
1240
1207
1201
1216
1208
1215
1226
1245
1238
1250
1256
1236
1239
1218
1197
1183
1201
1207
1227
1267
1287
1290
1290
1272
1221
1184
1198
1183
1202
1257
1286
1315
1342
1326
1275
1218
1210
1169
1187
1226
1251
1274
1310
1308
1273
1253
1233
1200
1168
1194
1201
1214
1237
1291
1258
1255
1281
1222
1207
1169
1166
1159
1200
1223
1241
1265
1272
1252
1229
1211
1182
1160
1211
1240
1270
1314
1313
1300
1257
1239
1242
1204
1223
1239
1272
1306
1320
1303
1282
1236
1190
1181
1167
1162
1189
1209
1240
1255
1260
1258
1219
1204
1182
1164
1155
1184
1193
1236
1262
1291
1289
1290
1255
1228
1214
1202
1192
1193
1238
1253
1265
1306
1297
1282
1258
1270
1237
1241
1262
1257
1247
1250
1254
1237
1238
1260
1238
1264
1263
1258
1226
1224
1199
1166
1153
1190
1216
1228
1251
1247
1228
1232
1220
1193
1180
1170
1175
1183
1213
1223
1233
1274
1287
1278
1279
1251
1202
1152
1188
1161
1204
1259
1284
1308
1320
1313
1257
1237
1204
1180
1189
1215
1262
1291
1314
1306
1252
1255
1241
1178
1184
1194
1206
1226
1259
1264
1248
1246
1229
1192
1160
1138
1167
1183
1228
1270
1261
1288
1276
1238
1206
1201
1185
1182
1235
1270
1314
1352
1353
1304
1267
1223
1168
1151
1184
1202
1249
1297
1320
1305
1276
1237
1147
1138
1149
1155
1187
1226
1270
1275
1294
1286
1243
1213
1199
1171
1170
1191
1228
1250
1271
1330
1304
1297
1284
1258
1207
1227
1282
1244
1274
1303
1300
1288
1291
1259
1166
1222
1224
1226
1248
1265
1256
1263
1243
1258
1208
1221
1219
1223
1231
1242
1237
1202
1188
1165
1161
1187
1208
1215
1242
1286
1272
1265
1252
1203
1202
1189
1211
1243
1279
1313
1307
1314
1302
1267
1253
1230
1203
1202
1226
1276
1277
1313
1335
1307
1253
1244
1189
1147
1152
1174
1195
1229
1287
1284
1269
1241
1170
1143
1141
1181
1176
1236
1300
1310
1281
1296
1233
1191
1152
1177
1208
1251
1314
1345
1371
1374
1330
1285
1250
1202
1177
1201
1259
1228
1314
1369
1356
1349
1305
1244
1153
1142
1107
1156
1218
1267
1308
1336
1337
1267
1223
1166
1134
1119
1152
1205
1250
1304
1334
1313
1279
1258
1200
1178
1162
1191
1211
1256
1301
1310
1319
1307
1287
1269
1243
1216
1216
1239
1262
1265
1293
1299
1293
1271
1283
1249
1213
1224
1230
1239
1232
1296
1281
1276
1266
1270
1225
1228
1242
1233
1230
1284
1259
1235
1244
1196
1191
1218
1230
1236
1222
1271
1231
1234
1238
1214
1200
1220
1262
1246
1267
1284
1287
1282
1272
1259
1244
1239
1240
1223
1243
1288
1260
1269
1276
1251
1236
1248
1250
1225
1224
1241
1239
1243
1268
1266
1237
1261
1246
1236
1243
1244
1270
1236
1291
1305
1280
1290
1251
1238
1242
1263
1269
1285
1300
1292
1267
1273
1249
1236
1214
1235
1272
1269
1293
1278
1285
1257
1254
1237
1225
1220
1206
1220
1240
1243
1235
1236
1281
1249
1251
1230
1200
1216
1230
1231
1273
1293
1304
1293
1290
1251
1242
1239
1231
1219
1242
1270
1273
1287
1289
1246
1239
1236
1239
1227
1227
1260
1244
1266
1273
1274
1267
1258
1239
1228
1237
1242
1230
1238
1256
1247
1244
1259
1264
1241
1256
1257
1256
1251
1255
1259
1242
1288
1272
1278
1286
1276
1265
1270
1283
1267
1292
1283
1274
1267
1277
1273
1261
1267
1264
1204
1239
1243
1221
1210
1205
1233
1239
1263
1281
1264
1259
1244
1214
1193
1174
1221
1231
1268
1300
1288
1272
1276
1247
1194
1211
1224
1216
1251
1266
1283
1297
1309
1282
1264
1244
1211
1191
1202
1197
1227
1267
1297
1292
1281
1285
1223
1213
1209
1195
1206
1238
1270
1283
1308
1312
1283
1238
1226
1197
1178
1206
1230
1250
1273
1309
1291
1291
1279
1254
1219
1237
1259
1237
1262
1276
1291
1281
1297
1280
1243
1263
1242
1232
1248
1247
1247
1223
1257
1277
1240
1253
1234
1226
1231
1268
1251
1244
1251
1229
1233
1227
1214
1218
1217
1255
1251
1264
1278
1246
1247
1217
1215
1247
1253
1279
1263
1279
1274
1265
1240
1251
1248
1237
1256
1286
1274
1299
1306
1276
1255
1262
1239
1216
1237
1255
1251
1295
1302
1293
1266
1278
1228
1211
1196
1203
1197
1226
1259
1277
1292
1304
1244
1220
1181
1162
1186
1196
1251
1267
1314
1343
1298
1284
1253
1205
1178
1195
1240
1233
1289
1345
1342
1313
1307
1250
1188
1186
1161
1205
1266
1308
1326
1333
1340
1277
1236
1200
1163
1154
1188
1229
1278
1322
1353
1331
1286
1253
1180
1141
1135
1207
1205
1289
1351
1355
1358
1314
1256
1191
1176
1188
1176
1230
1279
1310
1336
1318
1295
1251
1231
1212
1187
1222
1235
1261
1288
1319
1294
1283
1267
1233
1207
1218
1235
1240
1270
1297
1282
1280
1278
1215
1213
1232
1243
1248
1273
1306
1290
1297
1287
1248
1220
1220
1219
1235
1281
1315
1329
1325
1331
1267
1233
1202
1195
1193
1237
1306
1296
1318
1309
1267
1217
1222
1206
1197
1220
1235
1271
1298
1306
1286
1227
1245
1215
1214
1227
1236
1261
1282
1314
1323
1296
1284
1246
1215
1218
1219
1249
1277
1289
1305
1311
1297
1240
1220
1186
1184
1230
1247
1294
1305
1329
1303
1266
1228
1201
1173
1173
1209
1241
1297
1316
1288
1297
1274
1250
1188
1171
1190
1206
1221
1282
1305
1307
1285
1284
1231
1207
1215
1207
1212
1255
1296
1326
1337
1332
1272
1265
1244
1219
1211
1235
1293
1278
1336
1330
1308
1289
1252
1211
1170
1211
1226
1248
1280
1309
1294
1275
1241
1216
1201
1198
1203
1219
1264
1275
1275
1262
1278
1233
1227
1234
1221
1214
1238
1275
1256
1286
1283
1268
1255
1257
1231
1234
1246
1247
1224
1292
1306
1286
1263
1254
1236
1221
1242
1247
1266
1293
1307
1284
1273
1224
1220
1207
1216
1224
1234
1273
1277
1296
1253
1274
1235
1189
1203
1189
1207
1247
1272
1275
1299
1289
1273
1245
1247
1203
1214
1223
1235
1251
1280
1293
1273
1294
1265
1244
1181
1223
1210
1224
1261
1279
1288
1297
1306
1258
1244
1240
1225
1236
1246
1263
1277
1294
1283
1268
1232
1239
1222
1225
1259
1260
1278
1285
1288
1261
1232
1234
1210
1226
1238
1231
1253
1258
1259
1290
1267
1257
1227
1220
1225
1224
1257
1286
1286
1308
1321
1305
1273
1245
1213
1196
1205
1240
1265
1280
1318
1307
1279
1288
1241
1217
1201
1224
1248
1274
1305
1317
1301
1299
1277
1234
1221
1227
1224
1223
1266
1279
1290
1294
1299
1246
1249
1255
1215
1220
1232
1236
1237
1273
1283
1268
1252
1240
1215
1208
1220
1222
1223
1266
1257
1270
1278
1259
1226
1221
1238
1235
1255
1284
1295
1286
1281
1288
1229
1218
1228
1228
1242
1281
1274
1287
1262
1256
1214
1233
1226
1215
1230
1248
1257
1270
1294
1276
1258
1247
1237
1206
1207
1229
1223
1251
1282
1279
1268
1269
1234
1204
1184
1201
1202
1229
1266
1273
1297
1305
1280
1238
1226
1210
1201
1228
1245
1266
1301
1316
1300
1278
1251
1242
1207
1219
1251
1251
1282
1294
1286
1273
1268
1252
1218
1206
1209
1207
1218
1245
1225
1238
1269
1269
1234
1236
1218
1204
1202
1237
1245
1267
1282
1270
1248
1246
1239
1221
1216
1242
1241
1248
1278
1247
1236
1212
1218
1227
1214
1243
1243
1223
1264
1256
1254
1241
1231
1215
1237
1244
1253
1274
1274
1275
1263
1263
1271
1218
1224
1222
1226
1262
1269
1268
1271
1270
1249
1229
1224
1212
1186
1203
1232
1238
1258
1274
1246
1236
1255
1217
1184
1187
1212
1214
1240
1295
1289
1272
1256
1227
1195
1189
1204
1194
1193
1268
1281
1281
1275
1250
1219
1204
1210
1194
1213
1231
1243
1245
1283
1281
1261
1253
1253
1219
1199
1210
1208
1205
1270
1271
1281
1281
1245
1206
1184
1169
1156
1192
1244
1251
1263
1277
1265
1228
1213
1199
1173
1188
1208
1217
1236
1242
1262
1254
1255
1240
1205
1201
1189
1190
1196
1234
1239
1266
1274
1306
1258
1224
1217
1171
1162
1189
1207
1234
1278
1298
1290
1269
1264
1222
1162
1187
1160
1196
1234
1247
1270
1288
1281
1247
1226
1205
1132
1167
1182
1198
1226
1253
1282
1277
1274
1243
1221
1198
1186
1175
1179
1242
1264
1279
1294
1298
1267
1237
1216
1186
1155
1193
1224
1240
1280
1286
1273
1246
1224
1210
1182
1205
1204
1213
1246
1288
1257
1270
1264
1238
1218
1228
1209
1211
1228
1244
1267
1246
1265
1236
1227
1212
1201
1210
1203
1194
1201
1220
1229
1232
1228
1194
1199
1195
1202
1203
1188
1226
1222
1226
1261
1251
1252
1230
1248
1235
1239
1265
1253
1221
1233
1236
1213
1234
1257
1214
1249
1263
1259
1221
1203
1198
1163
1199
1244
1257
1273
1282
1267
1244
1239
1216
1193
1188
1209
1213
1258
1279
1285
1285
1284
1261
1206
1209
1179
1174
1170
1222
1250
1276
1280
1282
1253
1225
1200
1156
1169
1185
1210
1255
1288
1287
1280
1259
1253
1158
1181
1199
1187
1229
1257
1273
1273
1282
1255
1225
1212
1202
1198
1211
1221
1239
1260
1278
1267
1238
1235
1185
1187
1161
1208
1197
1226
1255
1248
1256
1246
1240
1207
1200
1202
1193
1199
1233
1241
1228
1241
1260
1216
1213
1221
1198
1199
1242
1237
1241
1242
1230
1196
1235
1238
1243
1253
1276
1253
1239
1240
1219
1201
1213
1215
1237
1262
1268
1266
1230
1249
1229
1200
1203
1222
1206
1223
1245
1249
1241
1259
1231
1213
1203
1179
1171
1169
1202
1240
1256
1287
1242
1230
1214
1190
1178
1185
1208
1226
1264
1300
1292
1287
1278
1216
1176
1175
1191
1196
1236
1265
1289
1317
1298
1263
1213
1193
1168
1164
1198
1225
1249
1278
1305
1293
1278
1256
1218
1189
1186
1201
1205
1230
1271
1269
1308
1313
1259
1233
1207
1202
1174
1212
1246
1248
1249
1275
1252
1224
1214
1196
1160
1178
1209
1214
1200
1239
1224
1229
1224
1209
1202
1220
1230
1230
1240
1251
1239
1229
1264
1240
1240
1246
1239
1241
1217
1250
1236
1249
1270
1248
1244
1239
1271
1225
1236
1246
1233
1246
1235
1238
1230
1215
1226
1215
1228
1242
1218
1235
1235
1220
1211
1221
1218
1222
1239
1251
1249
1261
1255
1223
1195
1211
1194
1195
1225
1223
1242
1261
1279
1244
1182
1223
1195
1209
1196
1257
1240
1267
1280
1270
1262
1273
1238
1220
1235
1225
1222
1243
1262
1264
1278
1283
1266
1242
1233
1213
1182
1210
1224
1239
1262
1274
1264
1242
1240
1208
1159
1211
1195
1221
1248
1247
1245
1241
1241
1235
1225
1239
1240
1226
1230
1240
1233
1235
1236
1226
1226
1237
1237
1235
1219
1249
1209
1221
1234
1212
1233
1238
1246
1263
1260
1261
1245
1247
1252
1235
1229
1244
1226
1235
1255
1283
1286
1284
1258
1238
1227
1225
1193
1192
1224
1220
1250
1288
1279
1247
1215
1215
1184
1176
1214
1182
1254
1287
1334
1287
1266
1257
1215
1211
1235
1218
1244
1270
1296
1277
1290
1291
1256
1216
1220
1192
1192
1228
1248
1232
1298
1303
1293
1272
1240
1201
1167
1190
1200
1237
1290
1313
1304
1295
1273
1220
1193
1177
1180
1199
1225
1315
1299
1298
1289
1252
1213
1214
1184
1193
1204
1253
1260
1294
1305
1276
1258
1251
1220
1205
1224
1227
1243
1272
1291
1282
1290
1281
1237
1180
1229
1231
1229
1264
1276
1283
1295
1291
1252
1235
