1084
1283
1549
1304
1539
1306
1526
1298
1401
1273
1300
1276
1373
1279
1343
1283
1350
1305
1360
1290
1374
1287
1358
1233
1340
1284
1325
1287
1171
1286
1247
1287
1311
1270
1272
1274
1290
1260
1296
1261
1338
1284
1280
1262
1223
1264
1254
1253
1250
1251
1338
1200
1276
1237
1227
1255
1206
1241
1215
1242
1210
1239
1269
1238
1158
1242
1180
1249
1188
1256
1190
1234
1131
1266
1174
1266
1174
1279
1158
1288
1197
1288
1244
1282
1216
1278
1214
1283
1210
1300
1127
1311
1189
1275
1221
1271
1231
1264
1238
1254
1215
1253
1238
1242
1244
1236
1243
1242
1246
1245
1381
1207
1318
1245
1230
1241
1239
1247
1294
1238
1285
1242
1284
1248
1323
1247
1293
1251
1314
1250
1241
1277
1301
1254
1351
1260
1345
1242
1366
1275
1286
1283
1329
1288
1353
1284
1308
1287
1301
1301
1393
1272
1337
1302
1281
1296
1246
1302
1273
1303
1169
1299
1238
1291
1231
1298
1203
1285
1181
1291
1066
1310
1225
1301
1134
1282
1167
1279
1173
1275
1209
1261
1097
1255
1138
1266
1140
1258
1131
1252
1269
1244
1289
1241
1154
1242
1179
1236
1181
1240
1170
1239
1208
1212
1211
1226
1227
1235
1210
1236
1251
1238
1190
1271
1266
1233
1273
1243
1313
1285
1294
1250
1309
1261
1339
1250
1356
1256
1353
1249
1336
1253
1329
1277
1356
1257
1341
1248
1386
1251
1323
1255
1280
1277
1306
1254
1283
1253
1280
1273
1243
1251
1253
1243
1227
1247
1235
1239
1176
1240
1197
1245
1212
1213
1199
1244
1123
1266
1156
1250
1212
1261
1183
1258
1187
1262
1100
1291
1161
1278
1180
1276
1216
1262
1205
1283
1191
1283
1181
1283
1148
1286
1182
1287
1188
1282
1126
1265
1160
1269
1164
1274
1175
1272
1153
1262
1132
1252
1148
1238
1126
1244
1107
1240
1088
1202
1040
1252
1130
1234
1087
1231
1120
1233
1108
1235
1122
1246
1144
1247
1168
1266
1188
1272
1214
1281
1218
1284
1324
1285
1283
1290
1284
1288
1351
1285
1355
1285
1370
1260
1426
1274
1398
1262
1390
1257
1400
1259
1364
1288
1217
1267
1290
1291
1332
1310
1280
1327
1298
1318
1304
1365
1294
1363
1297
1372
1328
1361
1306
1345
1332
1307
1314
1282
1394
1246
1346
1221
1317
1212
1302
1165
1269
1124
1252
1081
1269
1037
1283
1017
1207
981
1223
947
1107
972
1057
980
992
993
913
1071
804
1087
756
1132
773
1156
751
1197
764
1230
752
1279
786
1337
827
1397
906
1443
959
1505
1010
1532
1150
1512
1322
1483
1421
1444
1546
1372
1669
1338
1617
1293
1682
1279
1665
1250
1678
1235
1664
1236
1628
1221
1637
1239
1572
1242
1495
1257
1282
1296
1221
1289
1170
1300
1057
1349
1002
1380
974
1414
930
1454
905
1465
822
1474
812
1450
668
1456
820
1400
807
1377
820
1342
958
1330
1041
1261
1166
1299
1259
1262
1414
1221
1514
1186
1577
1135
1650
1127
1529
1092
1665
1088
1678
1079
1609
1080
1581
1054
1479
1081
1424
1095
1401
1103
1401
1106
1395
1133
1213
1130
1290
1167
1281
1163
1291
1177
1269
1141
1277
1185
1254
1201
1273
1210
1248
1222
1210
1240
1246
1238
1149
1282
1144
1277
1147
1300
1122
1325
1117
1333
1094
1351
1138
1358
1101
1380
1034
1386
1015
1390
979
1401
935
1385
913
1390
888
1379
947
1360
936
1346
1006
1309
1046
1300
1094
1276
1140
1274
1166
1286
1195
1263
1197
1235
1293
1210
1307
1212
1381
1202
1449
1209
1520
1210
1544
1204
1576
1208
1593
1210
1608
1218
1507
1212
1449
1242
1483
1251
1363
1236
1290
1253
1227
1253
1161
1251
1140
1258
1128
1257
1162
1271
1162
1252
1094
1294
1244
1284
1211
1312
1233
1313
1213
1310
1177
1307
1144
1314
1188
1302
1210
1290
1256
1290
1386
1244
1353
1286
1281
1243
1217
1221
1181
1210
1179
1207
1117
1194
1105
1220
1069
1226
1075
1240
1056
1258
1006
1294
1012
1314
992
1327
1093
1365
1111
1374
1199
1418
1305
1416
1376
1406
1427
1395
1498
1374
1539
1340
1558
1312
1621
1264
1621
1238
1587
1212
1584
1220
1577
1180
1492
1173
1452
1158
1379
1142
1278
1129
1223
1135
1139
1133
1174
1133
1103
1139
1098
1138
1075
1162
994
1196
1019
1233
1044
1253
1049
1285
1076
1292
1197
1321
1158
1329
1157
1333
1160
1331
1113
1329
1038
1298
980
1277
1030
1257
1020
1230
1050
1206
1165
1142
1144
1187
1160
1157
1112
1184
1120
1157
1106
1169
1104
1165
1135
1209
1158
1237
1220
1272
1249
1297
1327
1319
1259
1315
1239
1339
1338
1350
1281
1355
1357
1406
1395
1417
1378
1429
1426
1452
1408
1460
1409
1463
1497
1454
1353
1428
1376
1411
1378
1369
1433
1317
1469
1292
1480
1271
1474
1228
1468
1206
1434
1199
1300
1130
1445
1162
1374
1180
1337
1198
1305
1185
1270
1222
1187
1234
1135
1249
1124
1256
1091
1257
1233
1266
1075
1271
1063
1251
1006
1242
980
1188
967
1201
967
1182
961
1147
1039
1141
1067
1113
1133
1120
1078
1139
1254
1137
1245
1113
1264
1104
1247
1107
1253
1110
1234
1132
1299
1133
1342
1159
1400
1183
1406
1207
1382
1231
1368
1264
1305
1284
1341
1313
1274
1343
1281
1350
1295
1401
1284
1421
1289
1435
1282
1437
1257
1450
1013
1444
1161
1417
1100
1425
1132
1400
1175
1391
1200
1364
1184
1356
1196
1343
1189
1331
1161
1335
1027
1330
1179
1337
1117
1338
1164
1367
1156
1345
1207
1339
1160
1331
1122
1354
1117
1299
1089
1255
1110
1249
1096
1265
1166
1212
1281
1202
1362
1191
1398
1165
1397
1153
1392
1130
1459
1136
1449
1145
1465
1159
1380
1195
1533
1201
1499
1187
1454
1192
1407
1192
1330
1198
1291
1207
1279
1246
1241
1263
1184
1294
1206
1294
1177
1317
1125
1313
1061
1323
1146
1313
1069
1300
1059
1299
1082
1302
1063
1313
1123
1311
1148
1289
1163
1282
1117
1253
1209
1248
1105
1252
1149
1213
1186
1259
1157
1266
1148
1267
1105
1259
1129
1255
1130
1250
1084
1246
1055
1241
1043
1225
1122
1231
1158
1217
1163
1209
1199
1189
1225
1180
1230
1191
1233
1205
1247
1226
1282
1247
1308
1291
1301
1281
1284
1281
1330
1282
1302
1276
1307
1210
1306
1241
1248
1229
1314
1222
1287
1216
1331
1186
1333
1183
1270
1162
1182
1159
1117
1188
1081
1206
1072
1186
1116
1186
1205
1228
1243
1242
1250
1254
1406
1285
1291
1291
1291
1313
1236
1332
1224
1338
1243
1370
1231
1395
1263
1402
1323
1380
1289
1392
1285
1383
1201
1400
1194
1359
1208
1348
1212
1334
1222
1310
1213
1276
1238
1234
1176
1219
1157
1177
1130
1153
1110
1158
1167
1159
1200
1178
1273
1191
1298
1217
1316
1228
1301
1232
1289
1256
1250
1264
1287
1284
1362
1306
1345
1329
1363
1319
1412
1318
1409
1286
1351
1279
1313
1257
1303
1252
1223
1246
1209
1243
1278
1218
1286
1224
1316
1207
1332
1185
1291
1183
1250
1162
1239
1165
1215
1172
1233
1192
1202
1215
1221
1244
1187
1264
1133
1301
1194
1282
1089
1321
971
1315
955
1330
960
1333
978
1357
999
1347
1046
1322
1042
1299
1049
1259
992
1252
1027
1230
1076
1236
1136
1245
1193
1252
1224
1256
1278
1247
1307
1262
1305
1256
1315
1268
1345
1266
1336
1313
1415
1308
1430
1328
1474
1335
1422
1336
1434
1325
1401
1306
1314
1363
1318
1301
1390
1300
1362
1320
1210
1333
1517
1284
1414
1270
1431
1264
1392
1236
1385
1218
1402
1194
1348
1223
1282
1241
1293
1262
1281
1253
1153
1278
1288
1280
1170
1279
1134
1284
1101
1291
1097
1296
1105
1298
1137
1302
1155
1312
1146
1283
1130
1256
1044
1240
1144
1230
1107
1229
1156
1232
1184
1236
1254
1205
1292
1219
1317
1203
1320
1192
1303
1179
1249
1179
1257
1201
1335
1212
1251
1245
1281
1234
1296
1253
1310
1251
1257
1246
1224
1233
1272
1251
1245
1266
1267
1280
1372
1266
1253
1311
1275
1317
1273
1289
1243
1276
1195
1260
1204
1250
1148
1267
1129
1281
1131
1296
1162
1297
1167
1304
1156
1280
1183
1267
1145
1265
1098
1261
1088
1275
1099
1289
1098
1302
1124
1305
1138
1301
1158
1295
1110
1277
1119
1273
1154
1286
1186
1310
1253
1307
1341
1344
1397
1336
1428
1315
1442
1305
1429
1292
1378
1274
1437
1260
1433
1295
1402
1305
1452
1312
1446
1313
1460
1303
1472
1291
1443
1258
1397
1284
1387
1217
1308
1277
1393
1259
1396
1253
1409
1242
1398
1235
1340
1237
1268
1219
1256
1224
1219
1239
1201
1272
1342
1263
1284
1301
1333
1319
1225
1311
1196
1274
1167
1251
1138
1221
1100
1220
1087
1235
1079
1253
1139
1255
1180
1261
1162
1263
1181
1232
1208
1220
1179
1219
1188
1217
1192
1266
1213
1293
1216
1304
1255
1302
1229
1293
1057
1264
1218
1233
1154
1250
1177
1266
1213
1273
1240
1319
1258
1310
1251
1306
1250
1292
1219
1267
1171
1232
1121
1294
1149
1261
1135
1273
1139
1255
1190
1284
1181
1267
1236
1238
1225
1237
1200
1226
1207
1228
1299
1223
1188
1264
1250
1278
1279
1284
1255
1246
1291
1229
1238
1221
1162
1216
1150
1203
1134
1246
1094
1301
1272
1299
1306
1313
1245
1312
1264
1300
1224
1285
1228
1302
1203
1268
1243
1283
1250
1291
1317
1282
1325
1305
1314
1260
1302
1248
1330
1223
1270
1218
1270
1204
1269
1251
1272
1274
1342
1285
1338
1283
1335
1268
1418
1230
1354
1225
1248
1233
1240
1248
1234
1269
1265
1296
1264
1298
1271
1309
1315
1298
1279
1296
1246
1241
1156
1262
1217
1261
1212
1281
1253
1284
1253
1296
1267
1294
1250
1272
1199
1247
1156
1230
1121
1233
1078
1281
1067
1285
1124
1316
1207
1324
1216
1326
1224
1302
1212
1282
1201
1283
1181
1269
1203
1273
1186
1291
1215
1297
1245
1302
1218
1287
1249
1243
1206
1203
1204
1157
1186
1168
1182
1179
1209
1197
1258
1223
1275
1228
1316
1214
1270
1231
1302
1198
1208
1200
1233
1224
1205
1253
1253
1293
1258
1286
1310
1346
1316
1334
1325
1337
1394
1287
1288
1268
1247
1254
1281
1276
1326
1302
1309
1312
1383
1298
1362
1274
1347
1238
1300
1222
1232
1238
1203
1220
1259
1255
1215
1288
1252
1315
1163
1331
1199
1318
1207
1295
1150
1268
1133
1261
1165
1261
1060
1306
1103
1331
1169
1348
1199
1368
1202
1313
1206
1293
1190
1263
1173
1241
1184
1238
1323
1233
1168
1314
1212
1276
1273
1276
1311
1241
1295
1202
1267
1158
1260
1159
1322
1135
1259
1198
1277
1226
1274
1253
1317
1260
1195
1254
1217
1228
1201
1212
1202
1214
1167
1245
1185
1281
1258
1303
1256
1323
1295
1314
1260
1275
1156
1277
1208
1245
1174
1227
1207
1235
1219
1276
1239
1310
1249
1258
1282
1306
1254
1280
1204
1264
1218
1238
1133
1254
1106
1280
1146
1299
1165
1319
1192
1308
1222
1310
1279
1271
1196
1240
1199
1218
1231
1241
1212
1262
1261
1283
1259
1335
1374
1328
1365
1321
1333
1267
1275
1267
1260
1257
1249
1261
1265
1253
1302
1299
1335
1328
1333
1315
1344
1284
1383
1247
1311
1226
1301
1206
1299
1226
1274
1277
1301
1313
1311
1339
1322
1343
1241
1338
1257
1293
1233
1262
1201
1258
1166
1264
1171
1285
1211
1311
1242
1350
1231
1329
1274
1300
1214
1257
1234
1234
1151
1188
1176
1229
1174
1248
1170
1262
1224
1254
1246
1249
1218
1213
1218
1166
1213
1133
1192
1093
1219
1144
1208
1180
1244
1216
1302
1241
1302
1236
1334
1239
1323
1221
1323
1195
1295
1211
1271
1243
1425
1281
1382
1327
1321
1372
1328
1350
1337
1325
1274
1262
1203
1272
1181
1254
1199
1278
1201
1324
1222
1346
1138
1395
1259
1366
1214
1327
1187
1292
1187
1266
1177
1265
1204
1277
1219
1328
1254
1341
1274
1353
1176
1327
1253
1288
1302
1229
1177
1217
1161
1219
1204
1252
1217
1312
1266
1315
1266
1346
1300
1320
1264
1281
1299
1237
1239
1241
1236
1202
1263
1270
1243
1322
1299
1312
1296
1353
1297
1328
1310
1293
1281
1251
1252
1243
1259
1222
1212
1299
1254
1321
1328
1348
1365
1349
1342
1315
1327
1266
1322
1238
1324
1208
1287
1213
1305
1252
1370
1268
1347
1277
1367
1266
1339
1235
1272
1185
1233
1159
1203
1156
1190
1178
1193
1203
1219
1247
1165
1279
1255
1270
1301
1242
1270
1197
1209
1168
1184
1163
1196
1195
1170
1238
1229
1276
1252
1301
1247
1320
1275
1288
1246
1271
1186
1252
1200
1266
1163
1305
1236
1317
1261
1380
1307
1383
1316
1388
1293
1346
1241
1317
1128
1270
1278
1260
1174
1255
1193
1326
1295
1362
1287
1377
1312
1341
1283
1310
1235
1244
1186
1228
1154
1226
1115
1175
1306
1256
1217
1277
1258
1282
1277
1266
1234
1229
1227
1178
1267
1154
1259
1133
1276
1189
1429
1208
1383
1288
1250
1290
1304
1268
1320
1223
1248
1195
1221
1174
1188
1221
1125
1238
1224
1268
1249
1355
1255
1380
1228
1340
1225
1337
1142
1285
1129
1284
1138
1224
1095
1338
1225
1376
1216
1403
1229
1392
1215
1353
1210
1284
1282
1214
1225
1215
1210
1194
1180
1246
1204
1282
1301
1304
1322
1299
1331
1248
1292
1199
1286
1149
1257
1112
1297
1179
1188
1146
1247
1237
1275
1267
1291
1270
1296
1230
1277
1191
1207
1170
1217
1167
1242
1207
1211
1269
1086
1302
1267
1340
1284
1330
1266
1308
1216
1264
1169
1232
1148
1218
1164
1273
1160
1320
1176
1366
1209
1372
1229
1373
1232
1345
1242
1269
1201
1242
1196
1215
1231
1264
1177
1256
1308
1340
1327
1334
1311
1325
1321
1293
1290
1251
1239
1201
1256
1209
1274
1256
1179
1301
1316
1317
1315
1351
1312
1334
1326
1292
1270
1240
1242
1218
1263
1229
1205
1220
1170
1336
1327
1338
1351
1350
1332
1340
1367
1274
1326
1232
1304
1203
1284
1212
1249
1183
1428
1259
1317
1308
1338
1294
1303
1260
1348
1205
1268
1172
1163
1122
1247
1174
1168
1186
1421
1269
1315
1302
1249
1306
1289
1281
1322
1222
1271
1188
1207
1148
1236
1180
1180
1197
1428
1279
1273
1330
1276
1322
1272
1300
1301
1252
1302
1229
1211
1227
1271
1218
1225
1286
1435
1333
1307
1365
1300
1343
1295
1317
1255
1258
1324
1232
1246
1186
1259
1243
1162
1271
1421
1360
1306
1373
1266
1361
1285
1293
1217
1263
1299
1190
1227
1197
1204
1213
1168
1271
1404
1326
1265
1335
1256
1301
1257
1269
1195
1216
1274
1150
1199
1164
1165
1193
1124
1257
1312
1319
1236
1323
1225
1323
1238
1263
1170
1215
1220
1187
1208
1205
1172
1200
1136
1262
1379
1325
1286
1339
1249
1315
1277
1279
1223
1217
1214
1199
1266
1199
1224
1217
1159
1267
1399
1380
1339
1356
1323
1326
1346
1268
1326
1229
1315
1191
1364
1192
1337
1254
1173
1266
1478
1345
1383
1352
1350
1350
1389
1262
1334
1238
1278
1184
1306
1248
1268
1240
1179
1277
1438
1372
1311
1365
1269
1327
1320
1253
1267
1231
1215
1180
1230
1222
1157
1207
1078
1333
1333
1318
1200
1328
1246
1294
1277
1228
1312
1209
1229
1185
1244
1167
1212
1250
1067
1315
1338
1352
1245
1347
1231
1295
1220
1243
1289
1214
1240
1202
1262
1230
1241
1247
1109
1360
1353
1374
1242
1363
1262
1319
1189
1258
1288
1232
1214
1217
1239
1222
1139
1255
996
1351
1309
1326
1238
1314
1267
1287
1202
1205
1336
1174
1241
1185
1305
1221
1165
1220
1057
1345
1342
1351
1257
1322
1272
1290
1219
1249
1343
1212
1273
1186
1279
1226
1229
1289
1033
1378
1375
1377
1304
1348
1327
1305
1260
1253
1389
1231
1320
1249
1313
1273
1158
1288
1217
1407
1342
1425
1276
1368
1292
1316
1236
1265
1356
1229
1250
1243
1237
1279
1084
1256
1214
1378
1232
1349
1178
1302
1208
1237
1175
1168
1271
1124
1207
1169
1239
1224
1088
1210
1333
1316
1297
1310
1258
1278
1305
1194
1262
1158
1344
1134
1286
1124
1265
1181
1093
1207
1339
1311
1288
1295
1245
1232
1293
1206
1259
1179
1275
1158
1278
1174
1190
1255
1012
1304
1259
1395
1190
1385
1161
1358
1219
1272
1213
1275
1222
1249
1285
1241
1213
1328
1035
1363
1324
1429
1265
1399
1248
1340
1292
1272
1338
1213
1324
1217
1378
1201
1317
1273
1121
1284
1413
1339
1342
1312
1331
1260
1311
1238
1372
1192
1350
1147
1303
1217
1221
1240
1073
1263
1329
1346
1240
1333
1247
1295
1224
1220
1319
1220
1267
1184
1305
1218
1221
1286
1014
1277
1336
1367
1259
1339
1273
1289
1245
1226
1378
1219
1287
1206
1361
1231
1237
1269
1087
1291
1394
1374
1325
1327
1341
1285
1303
1212
1450
1209
1362
1209
1310
1225
1221
1268
1043
1300
1339
1337
1246
1311
1272
1264
1248
1202
1375
1180
1280
1181
1266
1247
1149
1241
967
1342
1242
1361
1170
1323
1196
1281
1157
1222
1287
1175
1197
1218
1155
1198
1034
1279
836
1348
1142
1334
1097
1295
1142
1248
1129
1187
1283
1142
1210
1178
1180
1227
1061
1275
909
1343
1207
1326
1164
1290
1236
1228
1234
1193
1409
1136
1301
1172
1295
1233
1168
1259
1053
1313
1302
1324
1259
1291
1276
1230
1305
1200
1443
1166
1363
1238
1298
1264
1152
1285
1182
1374
1303
1340
1260
1308
1336
1250
1330
1217
1441
1223
1364
1251
1266
1279
1123
1300
1276
1385
1251
1366
1237
1311
1323
1252
1333
1218
1390
1166
1335
1242
1273
1260
1111
1265
1287
1358
1232
1324
1229
1284
1278
1183
1314
1199
1304
1171
1294
1208
1213
1249
1008
1244
1256
1352
1171
1322
1161
1285
1191
1209
1271
1201
1243
1175
1267
1214
1170
1266
993
1265
1243
1357
1184
1327
1187
1289
1195
1240
1328
1218
1283
1202
1283
1250
1210
1265
1039
1276
1298
1345
1217
1318
1237
1265
1245
1199
1402
1190
1371
1192
1357
1221
1250
1228
1075
1273
1323
1334
1243
1305
1263
1265
1205
1222
1412
1208
1333
1205
1317
1210
1218
1270
997
1337
1257
1337
1179
1299
1215
1257
1207
1190
1341
1148
1288
1173
1308
1226
1150
1235
936
1330
1211
1345
1124
1315
1154
1271
1136
1226
1298
1216
1254
1240
1214
1248
1025
1267
819
1370
1123
1355
1068
1321
1134
1264
1124
1223
1328
1165
1296
1239
1268
1276
1130
1276
1152
1373
1237
1357
1185
1337
1265
1268
1303
1230
1434
1202
1416
1237
1382
1260
1227
1245
1328
1362
1307
1339
1256
1294
1340
1227
1350
1200
1474
1181
1461
1206
1359
1191
1225
1279
1401
1357
1295
1337
1246
1301
1278
1249
1328
1221
1341
1183
1408
1215
1327
1285
1092
1281
1300
1387
1188
1362
1133
1319
1187
1257
1274
1228
1244
1202
1314
1247
1228
1244
1068
1245
1262
1385
1138
1327
1119
1290
1134
1210
1255
1188
1234
1164
1292
1157
1244
1226
971
1200
1259
1311
1130
1279
1121
1242
856
1216
1497
1145
1313
1165
1337
1155
1297
1240
1054
1334
1295
1346
1193
1328
1174
1271
923
1276
1495
1229
1352
1231
1406
1275
1273
1252
1066
1400
1310
1407
1159
1377
1209
1275
1242
1309
1512
1205
1388
1258
1376
1223
1260
1278
1041
1330
1253
1371
1106
1329
798
1183
1217
1257
1367
1185
1282
1169
1270
1198
1122
1219
1352
1332
1180
1324
1071
1294
856
1210
1219
1257
1254
1168
1325
1155
1348
1225
1247
1233
1458
1364
1268
1316
1187
1294
808
1195
1328
1221
1466
1171
1421
1213
1390
1269
1232
1322
1476
1390
1274
1419
1171
1331
797
1245
1420
1316
1326
1230
1394
1260
1361
1291
1223
1405
1438
1398
1234
1382
1141
1313
829
1219
1406
1286
1250
1214
1352
1183
1386
1198
1176
1334
1393
1334
1180
1298
1102
1201
784
1162
1414
1227
1246
1128
1354
1194
1321
1197
1522
1312
1357
1324
1154
1315
1080
1196
797
1225
1409
1234
1200
1177
1340
1206
1293
1213
1417
1346
1316
1344
1130
1321
718
1224
771
1223
1425
1243
1228
1144
1366
1217
1297
1201
1538
1361
1330
1341
1152
1328
822
1210
829
1197
1481
1206
1268
1183
1344
1239
1266
1240
1515
1371
1285
1374
1113
1351
688
1225
851
1273
1496
1191
1304
1202
1365
1239
1298
1250
1587
1359
1364
1351
1181
1316
795
1219
924
1245
1608
1153
1386
1143
1477
1178
1378
1224
1624
1307
1380
1294
1215
1255
800
1151
982
1217
1620
1168
1338
1135
1399
1218
1398
1317
1490
1359
1244
1363
1084
1331
691
1228
1132
1314
1244
1232
1265
1264
1293
1286
1150
1394
1388
1424
1153
1423
1011
1308
665
1297
1138
1326
1407
1244
1282
1209
1324
1259
1604
1358
1473
1363
1245
1347
1120
1249
790
1189
1369
1260
1261
1145
1402
1191
1401
1200
1498
1306
1487
1321
1266
1309
806
1181
783
1170
1392
1232
1270
1125
1384
1173
1343
1197
1635
1295
1412
1342
1182
1326
806
1248
779
1239
1362
1278
1203
1177
1336
1226
1355
1226
1616
1361
1394
1370
1193
1354
663
1264
769
1248
1431
1268
1255
1193
1373
1181
1373
1246
1624
1382
1403
1373
1191
1289
690
1251
837
1263
1481
1329
1284
1220
1419
1278
1343
1378
1646
1422
1408
1423
1197
1360
738
1264
863
1270
1515
1262
1349
1196
1421
1172
1446
1273
1633
1286
1401
1290
1160
1194
706
1138
836
1185
1470
1115
1247
1100
1345
1105
1599
1218
1513
1256
1263
1272
1069
1215
658
1212
736
1261
1456
1226
1246
1208
1366
1231
1695
1357
1587
1396
1365
1401
852
1322
818
1302
1289
1351
1615
1236
1431
1256
1553
1267
1869
1351
1725
1366
1467
1354
933
1260
821
1186
1266
1266
1477
1172
1379
1197
1390
1239
1718
1353
1554
1387
1286
1398
709
1329
692
1270
1155
1364
1416
1260
1216
1260
1242
1374
1523
1393
1422
1390
1198
1368
669
1264
685
1208
1272
1260
1131
1171
1269
1151
1319
1236
1615
1276
1471
1278
1236
1225
659
1162
728
1132
1265
1232
1142
1165
1186
1172
1468
1239
1585
1297
1426
1301
1209
1217
702
1185
748
1242
1348
1241
1142
1187
1233
1205
1389
1290
1613
1335
1458
1353
1227
1286
767
1232
831
1270
1435
1304
1232
1227
1338
1247
1677
1325
1665
1380
1470
1396
1265
1275
767
1269
847
1294
1429
1340
1193
1254
1296
1252
1703
1351
1656
1385
1460
1376
1280
1256
810
1244
871
1299
1450
1217
1151
1166
1263
1166
1658
1265
1560
1283
1376
1290
864
1180
721
1149
808
1248
1405
1194
1136
1157
1277
1147
1472
1295
1603
1331
1401
1336
892
1259
748
1234
1168
1309
1285
1190
1194
1220
1292
1224
1697
1286
1632
1289
1440
1278
906
1204
819
1123
1286
1247
1420
1173
1168
1169
1295
1241
1625
1274
1547
1280
1343
1311
791
1241
714
1236
1090
1317
1088
1210
1096
1220
1140
1319
1522
1339
1443
1341
1255
1290
709
1262
664
1254
1184
1325
969
1214
1060
1259
1333
1290
1526
1342
1470
1347
1317
1313
812
1257
757
1246
1298
1336
1086
1232
1203
1220
1656
1260
1658
1326
1556
1308
1353
1261
823
1227
836
1311
1373
1300
1074
1194
1208
1188
1655
1250
1642
1290
1522
1291
1341
1223
797
1179
807
1199
1330
1239
987
1136
1091
1178
1567
1215
1575
1316
1469
1379
971
1303
868
1301
892
1381
1464
1378
1189
1323
1284
1293
1504
1331
1724
1349
1567
1339
1081
1218
858
1213
874
1274
1358
1224
1033
1158
1153
1139
1341
1223
1530
1234
1360
1241
797
1119
795
1176
1081
1262
1350
1216
1019
1181
1188
1224
1331
1255
1599
1272
1472
1286
950
1215
834
1221
1270
1330
1255
1269
1079
1243
1200
1313
1549
1302
1642
1301
1523
1257
979
1209
960
1204
1384
1308
1278
1244
1052
1238
1245
1290
1553
1292
1566
1301
1412
1255
892
1253
773
1263
1218
1347
1072
1289
963
1253
1386
1338
1402
1360
1413
1364
1293
1292
793
1299
738
1379
1189
1404
816
1282
923
1292
1355
1289
1454
1315
1446
1302
1364
1235
826
1189
898
1171
1397
1287
1118
1202
1217
1143
1673
1190
1740
1232
1712
1227
1247
1157
1113
1145
1276
1284
1505
1270
1102
1189
1197
1197
1634
1183
1654
1238
1587
1247
1121
1167
947
1213
918
1308
1358
1315
964
1239
1084
1291
1346
1286
1624
1313
1588
1303
1075
1229
1004
1262
1134
1332
1405
1278
1030
1272
1090
1315
1206
1292
1539
1328
1498
1331
985
1272
833
1282
1179
1390
1225
1290
829
1300
928
1322
1175
1287
1435
1257
1395
1197
872
1153
1032
1197
1119
1286
1190
1210
807
1225
934
1252
1274
1245
1546
1240
1508
1183
1044
1183
979
1216
1451
1357
1157
1305
1105
1299
1217
1344
1682
1331
1754
1308
1637
1197
1200
1253
1193
1194
1488
1351
1135
1288
1050
1235
1478
1273
1553
1295
1674
1283
1613
1220
1141
1205
1220
1307
1533
1329
1123
1247
1099
1242
1424
1300
1629
1300
1658
1305
1587
1263
1034
1253
993
1362
1357
1407
901
1284
913
1288
1375
1275
1479
1308
1484
1292
1047
1197
1011
1252
992
1351
1385
1373
944
1232
1010
1254
1237
1225
1545
1235
1583
1208
1232
1175
1077
1170
999
1306
1467
1292
1064
1226
1114
1193
1298
1267
1642
1274
1626
1282
1133
1205
1126
1263
1019
1368
1339
1333
943
1287
942
1307
1172
1292
1478
1277
1441
1250
1005
1166
987
1177
1338
1298
1364
1240
958
1229
1044
1249
1203
1218
1567
1227
1546
1187
1031
1181
1320
1264
1283
1369
1259
1300
832
1285
890
1319
1179
1311
1440
1288
1436
1220
1002
1232
1200
1226
1371
1356
1028
1284
965
1267
1039
1295
1409
1262
1587
1267
1558
1179
1124
1223
1141
1274
1507
1402
1066
1310
1048
1351
1219
1389
1469
1367
1567
1352
1528
1302
1068
1278
1023
1314
1380
1436
949
1328
917
1304
1247
1291
1390
1283
1499
1249
1091
1136
1048
1232
977
1264
1365
1287
920
1201
932
1182
1350
1159
1441
1201
1522
1196
1177
1160
1069
1236
1121
1308
1479
1376
1042
1306
1054
1273
1436
1302
1548
1324
1602
1298
1154
1222
1441
1266
1053
1351
1392
1329
932
1263
907
1248
1247
1248
1469
1232
1511
1209
1100
1152
1238
1203
1057
1288
1474
1247
1011
1229
1053
1289
1246
1229
1601
1232
1601
1171
1153
1166
1373
1222
960
1350
1326
1305
858
1289
966
1329
1092
1299
1374
1273
1433
1212
960
1162
1254
1204
1264
1326
1210
1251
902
1256
904
1293
1166
1253
1494
1237
1524
1198
1107
1169
1351
1231
1365
1353
1303
1295
953
1280
1376
1307
1304
1315
1563
1291
1564
1219
1080
1302
1077
1256
1382
1386
925
1307
887
1281
1148
1281
1220
1254
1388
1219
1433
1113
1049
1161
1048
1187
1431
1309
1032
1226
1007
1213
1430
1224
1475
1254
1608
1231
1230
1191
1360
1322
1138
1333
1542
1433
1072
1367
1046
1320
1424
1321
1487
1310
1554
1276
1225
1175
1135
1246
1099
1237
1486
1298
1009
1214
1044
1211
1392
1208
1506
1221
1562
1210
1176
1163
1534
1159
1128
1243
1505
1312
1067
1211
1006
1261
1150
1215
1442
1237
1438
1227
1018
1177
1320
1193
918
1323
1286
1319
759
1306
744
1350
941
1314
1282
1316
1320
1267
947
1224
1345
1273
932
1367
1367
1324
898
1301
918
1357
1148
1299
1410
1307
1443
1249
1064
1255
1216
1234
1429
1388
1284
1306
1064
1288
1003
1341
1282
1297
1550
1261
1543
1149
1150
1227
1142
1157
1391
1282
1168
1187
952
1211
1269
1211
1133
1232
1393
1227
1408
1159
1069
1247
1085
1224
1479
1348
1069
1275
1015
1299
1184
1332
1260
1311
1518
1296
1194
1202
1551
1304
1215
1271
1588
1370
1153
1295
1084
1293
1469
1272
1443
1304
1543
1280
1204
1192
1385
1256
1174
1216
1525
1334
1030
1240
1040
1239
1228
1265
1373
1253
1450
1264
1186
1215
1270
1268
1118
1274
1501
1367
1043
1300
987
1279
1307
1318
1318
1334
1342
1318
939
1251
1348
1261
980
1324
1379
1407
899
1313
839
1357
974
1297
1292
1284
1336
1269
953
1150
1360
1192
1034
1285
1506
1240
1046
1168
1052
1217
1286
1185
1494
1198
1519
1099
1123
1159
1501
1157
1131
1282
1600
1265
1088
1253
1068
1296
1337
1220
1453
1240
1474
1163
1083
1174
1210
1152
1442
1287
1365
1246
1085
1222
1052
1283
1241
1269
1435
1261
1430
1169
1087
1268
1162
1206
1395
1346
1306
1302
1024
1281
1238
1306
1157
1321
1356
1307
1391
1239
990
1330
1059
1308
1119
1427
1126
1366
938
1350
1304
1344
1180
1372
1354
1341
1017
1250
1411
1323
1116
1282
1524
1371
1097
1272
1007
1241
1396
1260
1355
1250
1449
1257
1109
1154
1411
1284
1132
1251
1543
1391
1157
1291
1070
1337
1308
1328
1400
1346
1441
1316
1049
1227
1496
1269
1131
1331
1562
1338
1085
1274
1084
1285
1435
1257
1441
1277
1457
1239
1064
1108
1541
1147
1177
1199
1615
1263
1133
1190
1082
1210
1201
1247
1395
1253
1420
1199
969
1252
1458
1240
1065
1346
1503
1305
989
1314
970
1334
1064
1341
1277
1347
1279
1259
852
1284
1199
1228
1009
1302
1427
1276
948
1262
926
1289
1071
1249
1297
1246
1289
1170
926
1203
1169
1214
1092
1304
1540
1267
1102
1285
1415
1305
1246
1297
1446
1301
1453
1224
1149
1290
1219
1265
1479
1356
1394
1318
1178
1292
1320
1348
1332
1307
1524
1258
1498
1139
1154
1250
1201
1213
1274
1298
1269
1227
1125
1210
1476
1253
1259
1268
1430
1252
1073
1157
1438
1268
1126
1239
1558
1351
1157
1289
1090
1344
1375
1303
1290
1317
1346
1283
1000
1196
1326
1240
1000
1232
1450
1313
1094
1219
984
1235
1154
1248
1274
1271
1327
1207
924
1148
1406
1206
1075
1217
1537
1306
1088
1237
1002
1261
1315
1279
1301
1308
1298
1281
888
1188
1369
1210
1047
1248
1499
1299
1051
1280
997
1295
1124
1263
1316
1281
1293
1204
900
1230
1384
1206
1058
1175
1561
1246
1170
1259
1106
1306
1274
1251
1459
1282
1438
1199
996
1284
1450
1237
1166
1341
1618
1305
1153
1322
1119
1351
1264
1338
1410
1338
1359
1251
1145
1314
1197
1260
1118
1326
1572
1301
1126
1260
1400
1312
1222
1275
1397
1277
1365
1148
1158
1230
1083
1177
1323
1281
1233
1211
1108
1265
1138
1311
1139
1315
1333
1295
1317
1213
1061
1268
1034
1192
1171
1324
1181
1248
1094
1268
1420
1276
1103
1301
1347
1266
944
1175
1323
1246
1027
1192
1481
1315
1145
1258
1102
1275
1402
1304
1303
1335
1381
1330
1049
1205
1474
1295
1201
1283
1674
1379
1346
1306
1285
1304
1604
1327
1481
1331
1485
1321
1004
1258
1489
1239
1151
1260
1664
1284
1185
1269
1169
1271
1446
1300
1366
1321
1309
1293
857
1195
1324
1192
982
1196
1473
1272
1017
1238
994
1287
1092
1218
1277
1255
1265
1172
789
1225
1320
1156
1045
1165
1543
1247
1152
1231
1141
1302
1268
1253
1408
1275
1377
1218
946
1237
1226
1148
1101
1278
1565
1260
1186
1268
1185
1329
1314
1292
1492
1308
1439
1211
1271
1265
1254
1176
1202
1267
1605
1248
1175
1281
1462
1318
1278
1311
1413
1312
1347
1208
1241
1297
989
1206
1176
1340
1151
1315
1057
1297
981
1392
1113
1376
1277
1356
896
1265
1261
1328
938
1233
1108
1311
1115
1277
1079
1254
1434
1293
1190
1312
1352
1264
943
1178
1308
1251
992
1211
1424
1303
1062
1256
1047
1231
1327
1298
1306
1305
1396
1276
1068
1182
1412
1248
1082
1173
1554
1299
1213
1207
1245
1224
1563
1257
1474
1278
1507
1251
1059
1117
1490
1184
1112
1190
1532
1319
1158
1251
1094
1334
1159
1302
1357
1316
1363
1294
921
1190
1383
1212
1046
1210
1541
1266
1161
1283
1137
1319
1261
1327
1426
1347
1394
1240
951
1282
1425
1180
1112
1213
1575
1247
1125
1254
1136
1317
1233
1261
1410
1284
1367
1200
936
1254
1241
1183
1060
1271
1497
1223
1127
1252
1092
1342
1218
1323
1381
1355
1307
1252
1189
1295
1161
1228
1055
1292
1493
1245
1152
1291
1286
1338
1274
1314
1459
1327
1401
1238
1326
1294
1067
1233
1285
1326
1181
1226
1141
1267
1058
1336
1248
1306
1364
1287
910
1145
1313
1218
1012
1148
1181
1243
1162
1166
1092
1178
1416
1258
1290
1278
1372
1272
966
1169
1319
1263
964
1190
1438
1320
1114
1263
1066
1244
1423
1318
1322
1316
1406
1292
1080
1202
1397
1225
1091
1217
1551
1306
1205
1251
1204
1257
1531
1308
1416
1347
1441
1322
957
1250
1418
1259
1018
1228
1473
1369
1150
1279
1136
1350
1204
1332
1408
1354
1381
1328
888
1303
1334
1195
1000
1233
1471
1282
1049
1241
1049
1318
1210
1322
1342
1348
1310
1273
874
1312
1337
1224
987
1248
1501
1266
1130
1281
1145
1340
1240
1288
1477
1298
1447
1218
1028
1198
1313
1165
1127
1232
1558
1172
1210
1174
1148
1310
1184
1239
1479
1288
1405
1164
1324
1268
1211
1174
1090
1272
1456
1194
1132
1251
1306
1304
1251
1302
1445
1323
1389
1212
1309
1336
1060
1256
1313
1342
1204
1312
1115
1320
1096
1392
1273
1380
1413
1363
984
1263
1336
1311
1019
1235
1154
1295
1147
1235
1124
1225
1402
1254
1171
1286
1341
1260
962
1180
1317
1243
969
1181
1051
1286
1103
1207
1114
1250
1369
1299
1321
1324
1422
1298
938
1207
1390
1269
1042
1210
1480
1290
1127
1231
1152
1232
1381
1269
1401
1307
1403
1292
956
1251
1407
1221
1065
1190
1493
1280
1157
1227
1158
1230
1293
1263
1471
1298
1483
1329
1042
1252
1456
1211
1071
1178
1566
1256
1171
1194
1159
1279
1314
1305
1409
1357
1340
1269
864
1320
1288
1235
915
1240
1421
1272
1041
1260
1056
1323
1236
1272
1357
1286
1330
1246
899
1265
1232
1196
1014
1269
1476
1215
1105
1280
1102
1263
1264
1297
1419
1319
1343
1209
1275
1290
1153
1196
1031
1275
1426
1233
1163
1215
1175
1322
1174
1297
1485
1316
1434
1225
1392
1303
1043
1183
1314
1323
1207
1254
1196
1285
1148
1364
1144
1360
1440
1351
976
1243
1321
1305
942
1186
1043
1259
1073
1194
1067
1219
1430
1271
1215
1308
1382
1295
1009
1194
1310
1263
998
1170
1049
1282
1175
1229
1124
1233
1422
1273
1370
1298
1465
1291
981
1217
1431
1264
1088
1187
1529
1276
1172
1201
1155
1222
1481
1281
1391
1329
1394
1323
925
1288
1323
1260
959
1232
1394
1347
1082
1309
1089
1368
1236
1324
1356
1360
1336
1349
896
1303
1298
1251
952
1233
1446
1288
1047
1275
1079
1288
1368
1307
1398
1335
1359
1253
904
1262
1354
1133
1054
1186
1552
1206
1172
1196
1234
1257
1372
1224
1546
1270
1491
1228
1042
1265
1357
1203
1145
1281
1610
1268
1268
1265
1289
1335
1468
1340
1629
1348
1538
1279
1436
1325
1356
1237
1196
1280
1492
1236
1263
1220
1228
1316
1356
1261
1497
1318
1414
1244
1275
1296
1043
1233
1270
1303
1165
1243
1097
1261
1074
1319
1212
1309
1344
1310
820
1189
1208
1275
850
1186
1016
1265
1013
1194
1014
1190
1384
1287
1232
1332
1336
1332
891
1218
1276
1307
957
1248
1069
1296
1154
1242
1136
1222
1503
1239
1411
1300
1409
1291
931
1228
1340
1246
977
1192
1423
1258
1130
1184
1088
1207
1448
1250
1344
1309
1341
1293
887
1271
1320
1249
998
1213
1468
1296
1168
1191
1209
1203
1376
1269
1451
1295
1413
1264
992
1290
1404
1239
1049
1217
1549
1277
1176
1231
1210
1264
1412
1310
1475
1366
1400
1305
926
1327
1316
1262
978
1245
1480
1251
1127
1232
1095
1322
1250
1290
1414
1332
1340
1289
920
1293
1201
1231
997
1275
1421
1214
1169
1240
1191
1270
1347
1242
1483
1303
1378
1190
1287
1285
1165
1196
1042
1267
1414
1217
1167
1242
1245
1327
1287
1325
1512
1352
1434
1273
1379
1330
1071
1236
1120
1314
1442
1250
1263
1274
1613
1281
1369
1328
1511
1328
1022
1215
1372
1300
1021
1210
1089
1277
1165
1212
1141
1220
1428
1278
1231
1321
1381
1321
952
1221
1267
1333
825
1188
1029
1287
1131
1237
1112
1206
1449
1265
1251
1310
1358
1310
856
1281
1294
1288
914
1210
1423
1297
1145
1241
1168
1229
1561
1320
1463
1376
1484
1352
987
1304
1434
1299
1089
1262
1529
1302
1200
1234
1237
1277
1397
1275
1461
1321
1372
1242
902
1290
1299
1234
909
1100
1396
1211
1035
1180
1048
1222
1114
1235
1301
1279
1235
1202
766
1264
1146
1168
829
1201
1333
1187
999
1193
1020
1266
1105
1255
1365
1313
1290
1277
898
1310
1107
1242
926
1295
1406
1239
1166
1219
1145
1271
1319
1289
1569
1314
1487
1171
1379
1294
1270
1221
1122
1272
1440
1202
1274
1244
1366
1331
1436
1295
1573
1325
1493
1240
1384
1300
1058
1200
1093
1264
1392
1232
1239
1237
1576
1282
1343
1268
1490
1326
1002
1223
1337
1301
972
1212
1017
1281
1093
1226
1082
1217
1451
1267
1253
1327
1402
1349
947
1216
1303
1307
969
1210
1095
1286
1178
1193
1153
1212
1444
1282
1309
1313
1397
1323
860
1271
1293
1300
892
1194
1372
1309
1038
1201
1092
1285
1459
1298
1355
1338
1391
1337
858
1298
1288
1231
953
1213
1416
1266
1122
1171
1179
1246
1315
1255
1422
1297
1403
1249
962
1287
1332
1230
965
1211
1468
1241
1121
1219
1205
1238
1328
1273
1501
1329
1433
1288
936
1318
1342
1233
1005
1225
1492
1234
1134
1224
1164
1279
1306
1263
1444
1309
1341
1279
927
1289
1242
1291
1284
1276
1164
1190
997
1215
1090
1262
1037
1220
1013
1312
1357
1307
1298
1292
1284
1275
1201
1210
1245
1259
1319
1242
1164
1202
1133
1212
1078
1239
974
1217
1364
1285
1440
1261
1495
1258
1548
1231
1428
1252
1443
1249
1387
1212
1163
1209
1017
1208
996
1249
996
1286
1488
1303
1530
1315
1544
1310
1391
1289
1273
1298
1170
1302
874
1236
879
1231
888
1243
887
1239
1408
1321
1456
1332
1416
1308
1303
1325
1029
1307
961
1315
922
1278
833
1278
876
1241
984
1263
1003
1325
1443
1333
1431
1320
1331
1299
1139
1243
1123
1224
1192
1212
1126
1143
1200
1141
1222
1170
1176
1194
1559
1275
1498
1283
1414
1275
1387
1243
1261
1235
1335
1232
1396
1235
1277
1229
1223
1197
1165
1225
997
1291
1449
1303
1428
1272
1444
1262
1318
1238
1353
1246
1369
1270
1184
1227
1100
1230
979
1239
885
1238
1304
1316
1359
1305
1378
1298
1389
1280
1233
1281
1195
1287
1116
1232
869
1234
899
1240
892
1192
1000
1288
1493
1302
1530
1313
1513
1319
1329
1272
1231
1292
1160
1293
929
1239
1000
1249
1029
1200
1146
1230
1596
1326
1604
1330
1583
1333
1489
1298
1236
1303
1209
1286
1219
1226
1082
1229
1166
1241
1155
1253
1188
1335
1568
1347
1468
1340
1376
1336
1207
1278
1213
1260
1283
1245
1203
1215
1197
1218
1199
1257
1079
1243
1425
1326
1384
1336
1343
1349
1342
1296
1204
1287
1292
1304
1358
1305
1158
1301
1103
1299
998
1246
953
1335
1358
1326
1388
1304
1427
1290
1341
1249
1330
1259
1302
1292
1054
1202
1005
1210
951
1227
879
1219
1373
1278
1460
1275
1500
1287
1502
1272
1327
1251
1264
1248
1193
1219
915
1189
954
1194
931
1133
1043
1238
1516
1287
1517
1320
1463
1317
1244
1284
1109
1285
1074
1257
913
1195
953
1204
1049
1227
1077
1215
1498
1310
1522
1311
1437
1303
1354
1285
1148
1250
1167
1245
1227
1224
1078
1208
1102
1212
1144
1261
1081
1307
1442
1334
1357
1324
1308
1286
1250
1243
1210
1240
1278
1224
1132
1205
1167
1172
1082
1166
990
1151
1235
1235
1288
1219
1271
1212
1282
1201
1163
1170
1203
1183
1178
1176
917
1151
839
1171
796
1177
768
1149
1249
1209
1315
1212
1326
1226
1314
1239
1184
1288
1091
1343
870
1320
813
1371
849
1413
937
1381
1266
1452
1657
1470
1727
1432
1708
1453
1459
1451
1348
1492
1281
1495
1118
1491
1221
1417
1306
1369
1482
1270
2020
1308
1969
1212
1803
1271
1566
1306
1217
1378
1105
1417
973
1443
975
1434
1069
1308
1241
1211
1299
1203
1639
1150
1456
1133
1243
1176
958
1243
920
1331
983
1415
954
1349
1105
1315
1192
1158
1242
1073
1585
1056
1463
1017
1378
1055
1292
1108
1172
1196
1272
1295
1407
1306
1368
1247
1401
1136
1372
1004
1263
994
1540
958
1415
979
1292
1108
1109
1207
1091
1337
1164
1423
1023
1395
1058
1309
1083
1228
1032
1112
1411
1114
1383
1115
1308
1169
1234
1279
1028
1393
1005
1507
1017
1497
931
1473
1032
1398
1076
1266
1121
1248
1499
1214
1400
1213
1244
1299
1046
1384
855
1516
868
1604
788
1545
964
1418
1143
1320
1184
1183
1529
1155
1539
1139
1341
1198
1184
1321
922
1435
997
1505
1197
1560
1259
1443
1469
1351
1595
1190
1545
1066
1796
1089
1558
1111
1347
1214
1228
1314
1140
1423
1346
1480
1501
1397
1612
1336
1647
1180
1594
1096
1336
1115
1541
1130
1320
1216
1194
1322
1053
1410
1187
1486
1377
1500
1374
1421
1404
1284
1383
1207
1242
1074
1509
1177
1372
1217
1222
1312
1155
1421
1008
1499
1097
1553
1196
1517
1084
1406
1189
1302
1157
1170
1137
1171
1477
1166
1370
1212
1257
1297
1049
1361
978
1451
1002
1468
990
1366
1061
1321
1207
1182
1292
1072
1588
1126
1610
1145
1422
1215
1261
1320
1012
1420
1059
1454
1228
1427
1264
1316
1432
1172
1609
1087
1602
926
1885
1059
1631
1117
1378
1246
1179
1358
1029
1458
1172
1490
1226
1404
1378
1255
1485
1160
1390
1080
1214
1101
1399
1100
1101
1209
933
1334
739
1396
828
1452
1051
1451
1077
1340
1247
1273
1210
1144
1123
1125
1363
1191
1212
1241
1061
1322
1018
1394
972
1438
1090
1455
1255
1370
1169
1286
1233
1183
1232
1127
1157
1137
1458
1137
1384
1198
1315
1291
1211
1350
1140
1443
1220
1452
1192
1421
1252
1346
1332
1204
1377
1110
1580
1141
1651
1170
1509
1238
1359
1339
1113
1424
1125
1465
1227
1467
1211
1367
1289
1299
1425
1171
1430
1104
1740
1160
1585
1210
1384
1305
1257
1385
1050
1443
1165
1452
1340
1368
1378
1252
1487
1082
1508
1017
1318
1063
1563
1115
1307
1205
1101
1306
879
1360
919
1389
1106
1363
1143
1244
1270
1115
1294
1070
1135
1004
1329
1098
1165
1171
972
1264
879
1329
772
1352
933
1376
1115
1279
1108
1198
1150
1161
1188
1118
1087
1107
1361
1243
1239
1303
1125
1384
1070
1438
967
1489
1111
1493
1217
1437
1232
1386
1267
1275
1311
1232
1258
1266
1559
1297
1420
1355
1311
1450
1053
1493
1086
1550
1223
1518
1246
1428
1413
1317
1508
1151
1584
1076
1827
1164
1680
1213
1400
1318
1178
1430
942
1491
1036
1466
1259
1399
1378
1251
1561
1098
1663
1049
1520
1007
1660
1152
1317
1250
1022
1359
857
1404
782
1407
1075
1330
1333
1212
1507
1003
1606
1002
1467
965
1221
1081
1345
1174
1058
1273
916
1359
845
1349
1096
1334
1419
1264
1513
1161
1621
1107
1574
1050
1351
1037
1406
1195
1191
1283
1020
1349
1003
1409
1000
1422
1189
1412
1387
1358
1289
1275
1313
1214
1129
1132
899
1176
1162
1272
1005
1298
921
1384
906
1418
949
1419
1147
1384
1297
1273
1240
1161
1221
1086
1126
1079
954
1150
1244
1228
1124
1340
1033
1426
969
1437
1102
1443
1305
1380
1329
1247
1423
1135
1402
1038
1310
1041
1470
1204
1325
1304
1170
1388
1121
1447
1063
1430
1291
1353
1530
1267
1555
1154
1599
1079
1452
1049
1204
1111
1423
1298
1219
1387
1105
1432
1138
1401
1169
1351
1415
1275
1616
1162
1526
1147
1422
1100
1260
1135
942
1261
1155
1355
989
1417
986
1436
954
1402
1151
1363
1352
1321
1336
1237
1386
1178
1291
1146
1121
1136
1182
1269
1184
1339
1072
1382
1072
1432
1046
1430
1217
1410
1388
1391
1347
1233
1381
1181
1276
1109
1125
1137
1358
1251
1184
1327
1088
1396
1120
1409
1096
1387
1282
1326
1486
1193
1450
1081
1431
1002
1323
1033
1120
1118
1301
1286
1143
1388
1105
1474
1093
1452
1204
1426
1447
1303
1579
1153
1474
1048
1425
1044
1177
1044
930
1227
1109
1334
1017
1413
1013
1422
1020
1390
1241
1294
1439
1210
1374
1065
1282
1075
1141
1077
914
1120
1045
1307
978
1362
1051
1420
1184
1382
1259
1312
1481
1265
1627
1198
1485
1150
1369
1125
1150
1148
922
1187
1205
1354
1184
1407
1228
1447
1324
1426
1374
1411
1527
1374
1629
1258
1414
1176
1300
1116
1159
1162
977
1243
1263
1340
1205
1416
1238
1471
1244
1458
1334
1434
1493
1361
1514
1252
1379
1167
1281
1111
1078
1118
972
1289
1128
1381
1058
1447
1114
1462
1111
1399
1311
1312
1488
1207
1359
1089
1312
976
1101
1026
824
1113
1010
1250
964
1329
1008
1365
1163
1330
1244
1248
1466
1173
1584
1116
1374
1021
1203
983
1004
1046
759
1087
1047
1252
1055
1312
1191
1339
1393
1320
1451
1293
1592
1258
1618
1205
1344
1139
1103
1117
877
1168
746
1251
1125
1331
1183
1377
1331
1415
1390
1390
1492
1364
1581
1308
1534
1216
1248
1115
1079
1134
866
1150
772
1295
1160
1408
1208
1492
1312
1545
1336
1489
1475
1448
1594
1349
1461
1191
1334
1098
1155
1091
964
1140
1187
1321
1224
1445
1280
1511
1421
1531
1454
1445
1665
1361
1765
1226
1530
1089
1395
1083
1104
1077
905
1211
1191
1382
1218
1470
1344
1500
1520
1451
1600
1374
1709
1269
1735
1147
1406
1111
1121
1088
844
1157
654
1293
1039
1427
1163
1481
1347
1499
1550
1417
1625
1362
1720
1273
1656
1143
1299
1098
1061
1125
828
1115
767
1254
1217
1325
1333
1391
1516
1454
1573
1386
1674
1319
1686
1236
1514
1125
1179
1093
1010
1055
834
1080
915
1263
1201
1384
1294
1465
1430
1471
1442
1401
1530
1298
1576
1193
1324
1034
1096
1029
872
1045
702
1124
968
1341
1069
1441
1189
1489
1383
1457
1434
1352
1579
1217
1580
1099
1264
986
991
974
746
1095
503
1167
916
1399
1076
1482
1270
1503
1535
1415
1603
1326
1692
1209
1604
1098
1183
1020
884
1094
656
1147
551
1236
1055
1446
1267
1507
1549
1510
1802
1417
1814
1317
1804
1230
1600
1102
1124
1118
835
1138
626
1181
564
1368
1169
1472
1397
1510
1661
1513
1808
1413
1823
1299
1732
1202
1488
1097
1081
1048
761
1048
720
1175
703
1379
1276
1469
1495
1521
1730
1497
1741
1378
1768
1242
1652
1120
1363
991
946
1034
734
1086
635
1207
817
1439
1253
1533
1485
1550
1727
1482
1706
1321
1702
1210
1544
1087
1102
1026
798
1077
610
1147
608
1293
1067
1481
1345
1524
1628
1505
1864
1395
1806
1245
1725
1138
1509
1058
1035
1014
778
1069
591
1131
592
1275
1203
1435
1442
1471
1733
1415
1891
1335
1747
1214
1594
1109
1328
1045
869
986
663
1031
575
1116
658
1214
1311
1427
1563
1472
1775
1442
1882
1335
1657
1228
1460
1128
1192
1037
794
1035
590
1110
618
1277
730
1477
1349
1586
1560
1611
1768
1561
1839
1400
1619
1233
1442
1136
1179
1065
812
1084
662
1178
604
1257
738
1493
1392
1565
1634
1548
1810
1435
1796
1259
1601
1115
1385
1018
1119
955
747
991
624
1096
648
1318
848
1492
1468
1531
1743
1497
1896
1399
1758
1241
1557
1134
1318
1072
959
999
671
1110
554
1174
704
1346
1121
1488
1580
1488
1834
1428
1920
1302
1729
1140
1501
1018
1235
976
822
916
692
1022
694
1142
827
1268
1406
1472
1676
1501
1847
1459
1865
1345
1599
1216
1359
1086
1076
1032
734
1041
600
1130
635
1272
781
1408
1398
1591
1642
1585
1779
1500
1794
1391
1523
1198
1299
1089
1072
1057
733
1079
645
1191
692
1374
835
1476
1542
1604
1753
1560
1914
1474
1907
1289
1583
1121
1317
1034
1046
1028
679
1079
602
1227
657
1341
913
1490
1603
1574
1798
1519
1930
1410
1866
1242
1496
1085
1212
1016
988
1021
678
1030
674
1205
803
1327
1076
1432
1761
1543
1924
1478
2000
1366
1845
1213
1440
1083
1148
1022
928
1054
648
1106
686
1286
820
1403
1059
1559
1673
1574
1897
1512
1889
1372
1723
1209
1315
1052
1073
1028
900
1030
646
1183
781
1347
941
1459
1199
1620
1848
1580
1979
1481
1947
1319
1772
1155
1360
1013
1128
961
980
1006
759
1158
867
1314
1062
1424
1268
1563
1765
1500
1956
1380
1870
1222
1636
1077
1193
975
920
981
807
1040
608
1158
729
1299
983
1439
1211
1529
1704
1439
1827
1285
1707
1169
1454
1018
983
953
806
961
701
1063
541
1190
712
1335
986
1465
1207
1540
1674
1454
1766
1344
1606
1168
1326
1048
918
978
732
1015
675
1092
578
1277
796
1435
1048
1486
1348
1581
1735
1486
1764
1364
1601
1214
1334
1086
936
1041
795
1095
780
1211
753
1385
972
1482
1229
1522
1634
1587
1861
1458
1866
1316
1655
1166
1385
1017
999
994
861
1061
859
1167
830
1342
1087
1492
1290
1521
1764
1536
1865
1452
1814
1300
1617
1153
1378
1041
995
1029
889
1117
905
1244
921
1383
1117
1490
1359
1568
1824
1546
1863
1418
1822
1274
1591
1135
1328
1020
976
1018
894
1094
870
1217
905
1378
1177
1492
1389
1473
1886
1428
1797
1333
1783
1179
1524
1044
1243
956
900
972
816
1086
878
1220
876
1361
1140
1495
1339
1458
1775
1437
1763
1345
1658
1170
1384
1038
1079
967
776
1015
744
1112
838
1255
870
1423
1158
1505
1326
1461
1761
1441
1694
1299
1568
1139
1299
1026
1076
985
803
1015
837
1150
1000
1262
1061
1420
1319
1516
1504
1520
1895
1427
1743
1261
1616
1161
1354
1064
1139
1039
885
1083
948
1234
1015
1391
1185
1515
1439
1581
1536
1513
1674
1433
1672
1290
1525
1120
1287
1027
1098
1006
864
1059
913
1234
1035
1353
1126
1536
1367
1569
1463
1488
1582
1411
1573
1275
1413
1121
1148
1043
944
1061
725
1131
812
1294
967
1406
1122
1526
1385
1578
1481
1496
1658
1375
1556
1215
1381
1080
1138
988
958
989
790
1057
907
1210
1155
1354
1236
1437
1480
1422
1586
1393
1762
1282
1507
1118
1337
982
1092
924
943
940
848
1038
976
1231
1239
1448
1317
1508
1510
1523
1551
1462
1601
1329
1456
1164
1267
1057
1105
1005
1004
1060
965
1180
1099
1365
1346
1537
1404
1591
1531
1559
1550
1489
1511
1315
1378
1156
1220
1049
1059
1018
992
1075
972
1187
1054
1372
1285
1510
1308
1570
1451
1507
1394
1379
1452
1253
1226
1096
1090
1005
913
977
926
1045
1017
1151
1082
1342
1352
1461
1417
1534
1541
1483
1454
1355
1529
1235
1211
1091
1130
990
1014
987
1035
1057
1187
1193
1287
1392
1547
1564
1613
1578
1630
1517
1520
1435
1424
1263
1168
1118
1078
1024
1084
1030
1141
1118
1290
1262
1362
1439
1566
1585
1515
1560
1481
1488
1367
1333
1333
1211
1018
1032
1012
976
1043
999
1148
1111
1310
1262
1365
1438
1560
1558
1508
1506
1455
1432
1316
1267
1187
1108
1036
990
1013
962
1027
979
1118
1092
1278
1271
1338
1412
1492
1521
1503
1498
1412
1413
1260
1297
1002
1154
974
1068
950
1012
1036
1043
1194
1169
1386
1334
1491
1444
1637
1575
1646
1548
1474
1445
1236
1282
1015
1167
958
1044
966
963
1073
1035
1253
1158
1452
1354
1571
1501
1608
1594
1621
1551
1296
1445
1114
1295
960
1102
884
984
919
947
1033
1024
1224
1172
1441
1355
1570
1507
1557
1584
1507
1499
1195
1411
1045
1241
829
1108
862
997
911
987
1100
1081
1310
1221
1483
1392
1628
1531
1555
1563
1552
1526
1222
1371
1105
1227
937
1123
886
1032
937
1035
1158
1119
1394
1256
1567
1421
1680
1561
1631
1595
1547
1576
1223
1492
1166
1296
873
1120
888
1078
1003
1037
1185
1119
1412
1236
1630
1402
1731
1557
1631
1612
1502
1580
1243
1451
1030
1251
876
1063
997
979
1056
966
1270
1044
1424
1204
1659
1371
1676
1500
1558
1522
1383
1465
1246
1311
954
1123
906
984
845
907
1041
941
1306
1059
1418
1235
1514
1413
1565
1503
1523
1504
1312
1430
1186
1314
965
1151
897
1023
894
990
959
1021
1196
1127
1461
1269
1535
1421
1587
1515
1579
1549
1411
1508
1299
1403
1028
1248
1010
1096
971
1057
1041
1084
1262
1128
1434
1256
1523
1387
1573
1510
1535
1555
1353
1506
1222
1412
983
1255
938
1112
950
1021
978
1055
1144
1128
1351
1256
1402
1396
1405
1489
1427
1519
1329
1447
1162
1321
1137
1103
971
1039
1018
925
1065
994
1211
1098
1353
1253
1445
1377
1497
1495
1469
1545
1382
1472
1270
1356
1236
1187
1227
1127
1087
1075
1165
1116
1208
1214
1307
1312
1404
1414
1434
1477
1475
1489
1444
1431
1321
1342
1265
1218
1194
1149
1073
1103
1150
1094
1147
1132
1266
1205
1362
1296
1460
1379
1490
1413
1449
1392
1330
1313
1214
1226
1039
1091
1059
1050
1035
1048
1058
1102
1096
1211
1275
1328
1317
1426
1343
1485
1303
1462
1315
1389
1148
1252
1150
1130
1111
1056
1092
1087
1038
1102
1129
1231
1233
1339
1283
1403
1409
1452
1401
1417
1384
1330
1315
1232
1290
1128
1220
1145
1122
1131
1212
1169
1151
1243
1206
1307
1183
1377
1399
1366
1443
1387
1428
1347
1407
1289
1348
1248
1200
1207
1155
1184
1116
1202
1141
1200
1210
1297
1342
1386
1381
1425
1478
1451
1526
1403
1489
1362
1424
1270
1296
1202
1228
1155
1133
1130
1086
1129
1097
1247
1292
1333
1353
1406
1423
1439
1453
1403
1429
1328
1404
1219
1284
1164
1124
1134
1044
1130
967
1190
988
1285
1098
1311
1236
1363
1337
1385
1430
1352
1446
1304
1422
1259
1341
1222
1215
1194
1128
1208
1059
1198
997
1279
1072
1297
1280
1307
1399
1319
1513
1275
1536
1297
1466
1270
1358
1237
1237
1186
1066
1151
990
1129
906
1089
1231
1158
1226
1210
1364
1242
1473
1312
1438
1307
1506
1296
1345
1243
1177
1180
1035
1145
918
1113
899
1133
1016
1193
1159
1267
1304
1335
1423
1356
1425
1376
1342
1323
1279
1271
1117
1204
915
1222
879
1185
870
1207
933
1239
1069
1292
1258
1328
1340
1363
1455
1347
1471
1335
1412
1361
1329
1302
1152
1284
1065
1263
1055
1254
1113
1227
1206
1255
1348
1277
1491
1310
1550
1341
1549
1368
1378
1365
1297
1312
1147
1254
1011
1193
975
1130
977
1129
1069
1145
1193
1201
1271
1279
1367
1370
1433
1379
1318
1391
1221
1337
1108
1258
1013
1209
940
1192
1047
1165
1187
1223
1223
1273
1327
1352
1512
1358
1467
1435
1399
1391
1386
1337
1291
1289
1165
1238
1180
1187
1203
1186
1258
1161
1328
1215
1416
1247
1493
1319
1503
1321
1560
1309
1472
1322
1369
1292
1292
1272
1226
1201
1193
1145
1188
1128
1238
1132
1293
1187
1371
1259
1401
1341
1412
1394
1368
1409
1241
1361
1143
1285
1050
1192
977
1095
969
1066
1005
1101
1078
1122
1245
1249
1296
1402
1270
1438
1260
1431
1233
1359
1210
1269
1154
1173
1115
1116
1090
1113
1104
1142
1112
1233
1223
1305
1304
1349
1382
1402
1372
1398
1372
1355
1323
1288
1254
1227
1176
1173
1100
1118
1069
1121
1043
1185
1278
1231
1288
1279
1359
1362
1363
1414
1374
1407
1293
1386
1253
1301
1211
1221
1100
1118
1068
1080
1179
1105
1099
1212
1253
1281
1341
1391
1385
1517
1398
1484
1311
1427
1255
1301
1204
1179
1090
1084
1021
1044
1182
1074
1206
1167
1296
1289
1407
1398
1452
1465
1452
1462
1437
1385
1405
1286
1320
1175
1280
1085
1196
1063
1281
1085
1294
1169
1332
1248
1386
1352
1468
1414
1450
1425
1445
1391
1353
1303
1348
1238
1238
1144
1143
1126
1034
1096
1077
1149
1116
1227
1168
1326
1177
1435
1275
1495
1256
1486
1190
1396
1156
1346
974
1189
947
1094
913
1066
915
1097
1086
1156
1067
1290
1216
1458
1254
1518
1248
1530
1242
1389
1114
1289
1097
1141
1039
1056
1106
1045
1158
1041
1291
1195
1407
1330
1446
1453
1446
1510
1455
1475
1446
1426
1415
1284
1300
1190
1277
1113
1307
1118
1411
1150
1455
1230
1514
1320
1560
1414
1533
1476
1499
1484
1406
1422
1290
1337
1245
1240
1154
1166
1192
1092
1226
1100
1286
1134
1335
1172
1425
1299
1382
1387
1310
1436
1179
1417
1132
1320
1023
1213
983
1107
1050
1025
1081
1005
1162
1052
1310
1148
1350
1278
1374
1411
1206
1465
1136
1439
1003
1346
946
1195
905
1114
940
1062
1086
1060
1249
1111
1312
1234
1412
1330
1385
1428
1325
1452
1184
1458
1071
1348
980
1253
1004
1162
1007
1135
1193
1118
1331
1155
1462
1257
1593
1293
1527
1362
1457
1383
1320
1375
1141
1332
998
1274
964
1207
1019
1157
1076
1127
1246
1128
1259
1186
1502
1250
1503
1320
1455
1393
1307
1433
1111
1414
950
1390
904
1285
923
1192
1053
1128
1219
1115
1428
1162
1571
1217
1587
1296
1526
1372
1345
1398
1118
1383
931
1312
838
1228
852
1157
994
1120
1229
1142
1364
1168
1527
1255
1619
1312
1523
1368
1349
1373
1117
1364
934
1316
808
1270
831
1225
949
1198
1218
1208
1378
1226
1590
1256
1677
1270
1651
1292
1494
1334
1284
1355
1064
1342
892
1350
697
1326
842
1248
1072
1195
1282
1159
1531
1152
1675
1170
1678
1196
1549
1254
1344
1316
1100
1354
846
1350
638
1312
778
1221
954
1181
1182
1122
1466
1132
1668
1150
1706
1214
1700
1253
1472
1311
1183
1345
843
1297
738
1254
740
1216
875
1174
1170
1147
1409
1162
1622
1187
1743
1206
1698
1255
1481
1300
1209
1341
922
1379
786
1346
657
1322
810
1287
1016
1252
1251
1206
1478
1188
1587
1179
1627
1183
1519
1267
1263
1312
1091
1378
859
1414
767
1405
758
1352
983
1272
1190
1190
1470
1133
1675
1120
1713
1140
1674
1225
1510
1324
1258
1393
1027
1424
849
1392
865
1307
944
1257
1215
1169
1452
1129
1793
1128
1814
1163
1739
1237
1579
1305
1355
1365
1113
1389
911
1382
880
1347
919
1292
1085
1254
1316
1204
1521
1177
1553
1148
1607
1184
1475
1242
1319
1290
1123
1356
895
1425
854
1399
843
1351
943
1287
1121
1178
1249
1111
1407
1092
1358
1141
1348
1206
1246
1316
1133
1457
981
1490
892
1481
853
1427
1038
1328
1068
1213
1135
1118
1242
1086
1328
1116
1375
1189
1417
1284
1313
1359
1205
1381
1129
1365
1051
1326
1056
1214
1107
1146
1160
1070
1248
1078
1315
1091
1393
1141
1428
1212
1391
1253
1330
1276
1255
1294
1187
1324
1091
1263
1138
1242
1062
1221
1086
1198
1147
1168
1201
1185
1247
1211
1303
1251
1345
1299
1352
1347
1281
1381
1137
1405
1155
1336
1061
1307
997
1234
1072
1173
1225
1134
1280
1151
1408
1192
1467
1250
1478
1341
1409
1373
1271
1390
1137
1371
1013
1336
1011
1284
1016
1235
1106
1152
1248
1206
1364
1216
1462
1202
1569
1284
1423
1311
1360
1346
1234
1361
1131
1390
1052
1358
1066
1322
1104
1259
1189
1192
1300
1155
1451
1119
1511
1169
1497
1236
1462
1330
1331
1411
1194
1446
1035
1435
994
1337
968
1198
1033
1105
1087
1043
1316
1042
1370
1078
1464
1202
1433
1346
1339
1460
1184
1512
1086
1468
959
1370
917
1257
1118
1116
1219
1045
1253
1057
1346
1108
1441
1202
1430
1314
1370
1402
1263
1441
1109
1435
1029
1359
927
1280
990
1165
1042
1092
1178
1070
1296
1057
1381
1126
1417
1184
1408
1311
1313
1381
1227
1419
1181
1401
1065
1328
1079
1234
1082
1125
1147
1073
1228
1050
1328
1093
1404
1188
1411
1308
1387
1421
1321
1478
1271
1494
1143
1411
1008
1298
1071
1178
1047
1095
1104
1075
1232
1126
1271
1213
1350
1334
1348
1388
1286
1476
1319
1471
1153
1436
1116
1362
1055
1283
1081
1206
1125
1205
1183
1207
1301
1227
1378
1254
1422
1283
1431
1303
1349
1333
1339
1335
1237
1337
1175
1302
1115
1267
1144
1217
1129
1149
1232
1109
1281
1112
1339
1109
1355
1200
1428
1280
1311
1338
1182
1384
1098
1383
998
1344
1011
1255
1030
1183
1091
1143
1182
1123
1387
1162
1364
1256
1349
1337
1254
1431
1168
1484
1063
1499
1010
1415
970
1377
996
1292
1081
1210
1074
1177
1212
1124
1370
1144
1391
1193
1351
1275
1251
1373
1165
1417
1138
1428
1095
1404
1134
1316
1068
1222
1307
1101
1413
1036
1493
1022
1548
1070
1504
1173
1422
1309
1318
1411
1239
1455
1184
1424
1060
1327
1167
1180
1289
1059
1394
985
1457
986
1499
1070
1502
1200
1438
1326
1280
1443
1150
1479
981
1466
973
1340
1015
1217
1072
1116
1200
1062
1277
1074
1407
1139
1394
1258
1347
1368
1226
1442
1267
1468
1134
1487
966
1402
1027
1319
1068
1241
1167
1187
1282
1181
1389
1198
1436
1243
1437
1310
1386
1380
1248
1422
1143
1439
1102
1409
1061
1368
1040
1296
1124
1223
1233
1193
1349
1181
1437
1208
1483
1257
1468
1328
1238
1361
1237
1371
1107
1351
961
1301
929
1234
978
1191
1060
1149
1248
1143
1357
1185
1446
1221
1511
1236
1393
1268
1287
1278
1123
1263
1018
1248
951
1255
974
1239
1059
1248
1203
1245
1325
1247
1533
1233
1439
1238
1518
1223
1410
1224
1292
1210
1166
1264
1092
1304
1041
1321
1089
1345
1153
1334
1284
1271
1307
1259
1457
1228
1554
1180
1485
1185
1436
1219
1295
1279
1135
1338
1071
1384
1009
1397
1031
1375
1225
1295
1252
1274
1316
1199
1380
1160
1456
1166
1401
1198
1349
1255
1172
1311
1002
1368
924
1388
876
1387
911
1343
1070
1280
1172
1203
1323
1151
1378
1103
1419
1141
1340
1212
1276
1287
1174
1372
1222
1386
1067
1457
1013
1382
1099
1313
1170
1213
1268
1123
1418
1060
1433
1083
1465
1148
1434
1250
1293
1354
1297
1430
1127
1440
1080
1393
1033
1304
1086
1195
1230
1106
1319
1054
1422
1077
1489
1136
1467
1266
1481
1350
1351
1407
1224
1425
1157
1383
1077
1319
1105
1230
1137
1172
1226
1142
1347
1142
1444
1186
1401
1265
1421
1326
1341
1391
1264
1384
1100
1376
1031
1331
1005
1252
973
1183
1014
1140
1099
1124
1122
1144
1229
1202
1249
1292
1256
1346
1182
1379
1150
1388
1052
1333
949
1272
912
1210
987
1170
968
1152
1114
1170
1221
1217
1321
1273
1346
1316
1342
1317
1237
1327
1174
1295
1099
1283
1139
1244
1030
1205
1069
1205
1169
1223
1271
1252
1293
1274
1361
1295
1365
1300
1300
1284
1207
1262
1192
1258
1079
1244
1111
1263
1130
1277
1198
1289
1350
1260
1351
1259
1378
1250
1386
1234
1358
1233
1257
1231
1252
1230
1267
1235
1224
1251
1213
1262
1236
1279
1371
1265
1367
1251
1398
1232
1402
1206
1470
1192
1357
1211
1228
1235
1152
1265
1154
1297
1125
1324
1156
1334
1251
1355
1297
1325
1357
1287
1505
1211
1312
1215
1301
1195
1179
1200
1112
1236
1074
1283
1045
1309
1088
1357
1132
1339
1260
1345
1292
1281
1399
1203
1405
1181
1304
1163
1214
1192
1076
1229
1008
1286
977
1349
1003
1375
1048
1376
1153
1329
1324
1285
1351
1222
1428
1178
1367
1177
1262
1199
1155
1244
1020
1273
985
1303
994
1324
1072
1300
1199
1280
1294
1241
1390
1195
1526
1157
1517
1140
1448
1146
1363
1185
1206
1235
1147
1268
1093
1292
1096
1294
1157
1280
1266
1248
1339
1215
1461
1192
1495
1165
1474
1187
1384
1226
1245
1265
1153
1307
999
1334
969
1330
1019
1314
1013
1285
1148
1273
1240
1278
1359
1269
1347
1287
1358
1312
1284
1346
1206
1361
1100
1374
1092
1346
969
1324
1018
1284
1088
1272
1209
1267
1288
1271
1361
1279
1418
1302
1421
1309
1358
1315
1268
1293
1245
1274
1099
1249
1060
1228
1098
1223
1086
1225
1218
1241
1297
1239
1347
1253
1358
1284
1475
1239
1382
1236
1285
1228
1218
1220
1142
1223
1078
1214
1031
1216
1084
1229
1128
1242
1178
1247
1269
1244
1264
1224
1323
1216
1342
1203
1309
1149
1207
1229
1162
1211
1096
1239
1034
1271
1047
1285
1110
1311
1196
1274
1214
1284
1261
1271
1364
1239
1377
1239
1358
1238
1292
1290
1166
1338
1085
1377
1116
1397
1117
1400
1056
1382
1128
1301
1385
1258
1407
1231
1491
1216
1513
1243
1450
1309
1361
1322
1289
1356
1199
1357
1157
1362
982
1311
1198
1234
1269
1188
1352
1160
1435
1162
1459
1191
1428
1263
1336
1300
1259
1346
1119
1352
972
1352
1101
1321
1045
1276
1112
1230
1176
1194
1223
1170
1300
1174
1267
1219
1220
1274
1137
1355
1156
1342
931
1361
1000
1331
1054
1250
1080
1200
1166
1145
1245
1111
1286
1110
1266
1150
1258
1210
1316
1260
1212
1314
1165
1335
1170
1306
1184
1245
1267
1201
1276
1140
1408
1141
1420
1156
1413
1189
1310
1274
1274
1296
1259
1327
1239
1329
1233
1317
1222
1290
1282
1235
1338
1220
1357
1207
1345
1222
1308
1241
1207
1269
1110
1287
1009
1302
984
1303
955
1289
1003
1271
1099
1256
1140
1235
1156
1246
1278
1233
1188
1282
1126
1260
1038
1293
1028
1307
978
1299
1012
1329
1081
1285
1141
1282
1225
1280
1317
1269
1352
1288
1380
1281
1333
1303
1393
1296
1314
1290
1272
1243
1323
1243
1309
1227
1344
1208
1425
1229
1476
1258
1482
1305
1601
1303
1490
1338
1420
1334
1329
1299
1325
1241
1250
1199
1246
1151
1232
1194
1178
1240
1194
1294
1195
1335
1171
1352
1250
1353
1043
1299
1082
1252
1052
1200
1056
1181
1028
1166
1055
1191
1020
1258
1027
1314
1038
1349
1042
1373
1131
1352
1054
1298
1127
1289
1190
1195
1207
1164
1266
1160
1186
1188
1281
1239
1268
1301
1272
1355
1298
1363
1370
1347
1336
1317
1393
1264
1438
1188
1485
1159
1539
1156
1513
1164
1478
1230
1428
1299
1301
1395
1303
1414
1332
1411
1341
1372
1352
1305
1409
1232
1372
1165
1411
1163
1373
1192
1331
1231
1278
1334
1265
1397
1193
1432
1184
1406
1183
1372
1180
1261
1278
1177
1242
1130
1234
1119
1209
1157
1103
1228
1094
1277
1121
1332
1114
1342
1121
1323
1147
1268
1203
1206
1233
1151
1247
1127
1275
1138
1211
1175
1187
1238
1207
1297
1228
1322
1226
1339
1306
1315
1309
1309
1305
1271
1312
1250
1313
1236
1358
1239
1232
1281
1244
1288
1215
1324
1231
1323
1219
1329
1253
1314
1254
1311
1253
1284
1257
1255
1243
1240
1267
1266
1194
1250
1225
1282
1177
1324
1152
1320
1149
1321
1219
1287
1249
1254
1285
1229
1293
1222
1217
1236
1244
1270
1155
1318
1174
1349
1141
1370
1131
1327
1182
1318
1184
1276
1307
1219
1384
1209
1388
1246
1540
1259
1375
1316
1299
1359
1205
1380
1171
1334
1162
1320
1165
1271
1246
1203
1326
1167
1368
1164
1561
1210
1311
1276
1280
1336
1229
1408
1141
1387
1093
1376
1005
1332
1012
1262
1094
1199
1161
1159
1241
1181
1278
1193
1226
1246
1257
1307
1228
1361
1143
1383
1108
1360
1108
1304
1069
1239
1071
1167
1108
1124
1160
1095
1197
1115
1263
1165
1289
1242
1270
1309
1264
1357
1292
1349
1256
1256
1222
1242
1203
1160
1292
1098
1167
1081
1236
1116
1305
1191
1275
1287
1302
1400
1371
1403
1361
1437
1377
1391
1354
1315
1408
1232
1305
1191
1246
1152
1234
1162
1183
1223
1127
1286
1114
1327
1145
1370
1202
1356
1268
1311
1324
1256
1305
1217
1295
1162
1232
1164
1171
1184
1054
1211
994
1251
975
1284
976
1302
1056
1305
1185
1322
1294
1290
1192
1264
1458
1233
1405
1228
1332
1229
1253
1216
1134
1263
1007
1282
983
1291
1070
1299
1131
1292
1253
1285
1478
1212
1400
1228
1485
1216
1485
1226
1400
1253
1294
1287
1225
1306
1122
1308
1057
1300
1097
1262
1158
1235
1207
1256
1311
1234
1308
1248
1391
1282
1295
1325
1247
1349
1188
1350
1088
1321
1049
1272
1007
1221
973
1223
1046
1184
1091
1224
1138
1247
1158
1292
1157
1304
1156
1335
1146
1319
1159
1274
1161
1232
1180
1195
1203
1166
1149
1172
1244
1202
1182
1227
1196
1245
1167
1283
1237
1300
1239
1296
1305
1260
1342
1243
1169
1207
1424
1201
1415
1200
1345
1217
1302
1231
1226
1275
1172
1298
1159
1306
1172
1316
1223
1269
1440
1200
1251
1229
1311
1197
1397
1195
1394
1200
1335
1269
1284
1313
1163
1359
1124
1379
1060
1370
1092
1336
1128
1250
1159
1217
1265
1192
1337
1198
1340
1237
1330
1287
1211
1335
1186
1376
1075
1367
1040
1336
1102
1267
1114
1212
1127
1169
1188
1185
1281
1175
1328
1212
1297
1267
1293
1306
1242
1318
1196
1296
1202
1296
1216
1250
1160
1210
1192
1185
1248
1186
1262
1194
1321
1231
1330
1270
1308
1276
1296
1317
1377
1280
1319
1315
1184
1286
1189
1253
1218
1226
1202
1197
1287
1200
1291
1220
1276
1228
1242
1265
1229
1293
1269
1325
1219
1300
1226
1285
1268
1274
1251
1224
1323
1198
1340
1194
1350
1208
1289
1246
1347
1268
1291
1330
1189
1310
1120
1312
1146
1276
1147
1246
1170
1198
1249
1214
1330
1223
1343
1245
1337
1284
1318
1298
1258
1320
1154
1308
1137
1280
1103
1253
1118
1216
1137
1226
1213
1234
1253
1265
1368
1277
1407
1308
1372
1310
1436
1300
1339
1294
1279
1291
1171
1256
1101
1295
1109
1295
1053
1308
1160
1310
1257
1304
1377
1314
1460
1302
1444
1306
1451
1298
1380
1279
1284
1281
1149
1270
1044
1251
990
1240
994
1233
1084
1238
1227
1261
1342
1285
1446
1285
1515
1283
1523
1260
1414
1237
1351
1210
1189
1186
1051
1188
957
1238
969
1244
991
1272
1159
1306
1295
1317
1467
1294
1524
1250
1542
1244
1499
1219
1369
1218
1212
1237
954
1299
880
1310
928
1342
974
1358
1093
1358
1242
1325
1424
1304
1534
1272
1559
1254
1539
1250
1433
1254
1243
1255
1137
1266
1038
1313
987
1295
981
1301
1078
1281
1218
1295
1352
1250
1477
1225
1552
1212
1577
1194
1462
1193
1391
1205
1238
1240
1152
1276
1063
1291
1051
1339
1097
1340
1165
1314
1283
1295
1413
1271
1481
1231
1479
1213
1454
1226
1387
1252
1331
1278
1214
1283
1149
1326
1084
1326
1101
1295
1138
1266
1359
1240
1278
1233
1366
1217
1375
1238
1371
1248
1352
1273
1349
1276
1242
1281
1184
1286
1142
1303
1124
1283
1169
1291
1120
1286
1169
1278
1176
1267
1241
1248
1267
1236
1250
1218
1319
1234
1280
1239
1269
1279
1167
1300
1236
1303
1178
1299
1188
1278
1153
1273
1155
1253
1116
1254
1177
1242
1202
1257
1235
1250
1295
1269
1330
1269
1322
1282
1331
1259
1297
1265
1222
1269
1228
1282
1103
1287
1079
1289
1079
1283
1225
1237
1237
1256
1255
1251
1309
1228
1391
1235
1395
1248
1380
1288
1310
1304
1213
1320
1143
1323
1082
1297
1102
1287
1137
1250
1235
1233
1301
1232
1398
1242
1448
1249
1506
1274
1455
1291
1353
1293
1278
1293
1158
1282
1098
1261
1039
1274
1175
1257
1163
1254
1278
1223
1373
1254
1467
1248
1430
1247
1463
1250
1309
1255
1235
1276
1086
1278
1030
1280
991
1281
1015
1271
1101
1261
1169
1261
1277
1266
1417
1269
1413
1276
1389
1311
1458
1248
1197
1290
1139
1274
1054
1256
1044
1245
1026
1236
1126
1245
1208
1267
1286
1293
1362
1304
1519
1253
1513
1274
1279
1239
1250
1219
1166
1207
1109
1160
1107
1231
1106
1257
1156
1283
1219
1304
1323
1311
1391
1312
1398
1259
1379
1241
1316
1228
1238
1239
1192
1240
1129
1248
1120
1269
1135
1276
1209
1291
1274
1292
1500
1299
1473
1292
1425
1283
1388
1283
1322
1260
1284
1252
1198
1234
1185
1211
1172
1226
1189
1242
1235
1263
1365
1288
1307
1310
1373
1319
1378
1298
1347
1271
1301
1260
1169
1215
1180
1199
1108
1204
1089
1229
1124
1258
1082
1307
1190
1318
1231
1309
1247
1293
1254
1272
1200
1260
1189
1222
1120
1213
1072
1215
1146
1200
975
1243
1039
1252
1086
1273
1140
1289
1188
1284
1239
1299
1310
1301
1324
1291
1337
1273
1295
1249
1265
1243
1232
1235
1205
1238
1185
1262
1178
1306
1189
1329
1267
1350
1249
1338
1371
1310
1413
1266
1361
1224
1397
1212
1388
1216
1316
1241
1239
1279
1178
1316
1177
1361
1140
1342
1197
1318
1366
1253
1336
1236
1352
1219
1344
1190
1380
1219
1287
1241
1235
1268
1163
1274
1117
1282
1084
1265
1222
1226
1278
1261
1207
1248
1268
1240
1330
1236
1344
1232
1352
1243
1311
1240
1233
1247
1190
1261
1128
1251
1077
1274
1070
1275
1208
1266
1313
1255
1360
1231
1424
1232
1448
1239
1420
1252
1342
1281
1279
1310
1272
1361
1152
1345
1188
1331
1213
1318
1270
1288
1382
1242
1426
1256
1446
1264
1419
1277
1379
1293
1173
1346
1273
1305
1111
1287
1052
1293
1036
1232
1084
1237
1177
1219
1249
1217
1323
1221
1377
1235
1415
1257
1274
1218
1108
1234
1118
1212
1022
1198
995
1209
1021
1210
1091
1231
1168
1231
1302
1276
1367
1308
1406
1305
1437
1307
1368
1312
1253
1303
1181
1266
1119
1289
1018
1289
1041
1280
1098
1281
1194
1291
1269
1306
1339
1313
1405
1335
1461
1337
1451
1325
1368
1291
1264
1262
1162
1227
1116
1199
1090
1195
1096
1195
1048
1244
1223
1274
1291
1307
1348
1308
1408
1312
1403
1257
1399
1219
1306
1190
1210
1201
1123
1195
1000
1261
1081
1289
1086
1326
1156
1345
1246
1339
1342
1332
1413
1294
1456
1279
1425
1246
1362
1261
1427
1225
1272
1294
1140
1299
1113
1311
1149
1308
1214
1315
1260
1297
1376
1291
1411
1273
1458
1242
1463
1224
1374
1216
1319
1198
1256
1214
1167
1231
1142
1256
1148
1293
1211
1297
1266
1291
1271
1274
1368
1243
1395
1205
1378
1180
1288
1191
1272
1223
1179
1265
1166
1297
1119
1360
1159
1375
1174
1362
1217
1365
1232
1297
1284
1271
1192
1253
1248
1248
1199
1260
1190
1269
1195
1338
1179
1349
1213
1371
1227
1352
1301
1354
1187
1307
1283
1284
1298
1262
1251
1218
1223
1218
1238
1201
1226
1210
1231
1229
1292
1249
1323
1294
1345
1295
1355
1304
1395
1303
1318
1281
1331
1257
1244
1218
1180
1207
1145
1211
1154
1241
1210
1240
1180
1325
1298
1327
1270
1331
1274
1321
1228
1272
1223
1289
1190
1282
1073
1245
1034
1317
1011
1339
1027
1360
989
1364
1107
1312
1218
1281
1250
1221
1306
1216
1301
1176
1350
1203
1328
1215
1268
1225
1261
1251
1320
1234
1304
1239
1266
1209
1311
1188
1361
1170
1368
1158
1436
1168
1434
1156
1460
1174
1452
1195
1503
1192
1313
1260
1288
1268
1252
1289
1185
1290
1166
1274
1167
1247
1199
1238
1219
1231
1257
1269
1295
1286
1295
1356
1287
1372
1262
1403
1244
1405
1149
1381
1117
1309
1096
1287
1070
1247
1107
1241
1147
1249
1196
1293
1243
1329
1297
1366
1332
1379
1303
1364
1267
1312
1237
1277
1176
1233
1135
1200
1130
1208
1136
1203
1179
1232
1206
1274
1232
1290
1240
1294
1271
1262
1271
1257
1266
1228
1254
1206
1256
1194
1229
1192
1221
1195
1232
1213
1212
1221
1209
1258
1215
1287
1236
1303
1227
1303
1235
1314
1261
1284
1268
1270
1242
1254
1272
1241
1258
1242
1222
1260
1205
1294
1182
1298
1160
1324
1164
1310
1194
1286
1208
1245
1243
1211
1290
1194
1316
1185
1329
1210
1346
1233
1311
1261
1292
1278
1246
1264
1246
1270
1243
1258
1208
1233
1244
1231
1247
1232
1274
1260
1306
1275
1355
1295
1338
1307
1315
1279
1266
1297
1211
1282
1137
1275
1092
1257
1060
1278
1060
1235
1065
1243
1171
1244
1180
1249
1221
1183
1245
1270
1206
1281
1192
1293
1148
1301
1116
1319
1063
1292
1103
1254
1126
1230
1133
1255
1198
1216
1240
1235
1281
1260
1309
1293
1361
1316
1356
1344
1346
1343
1336
1309
1303
1277
1287
1254
1258
1226
1235
1216
1255
1218
1292
1234
1361
1227
1405
1267
1434
1257
1473
1264
1458
1263
1412
1255
1354
1272
1315
1224
1253
1204
1202
1207
1210
1189
1205
1204
1221
1225
1291
1261
1323
1302
1329
1333
1326
1359
1296
1345
1224
1317
1146
1278
1089
1249
1030
1256
1003
1244
1042
1269
1108
1312
1158
1360
1223
1354
1278
1384
1261
1353
1243
1301
1216
1255
1126
1233
1085
1188
1072
1172
1104
1221
1142
1261
1238
1302
1330
1332
1368
1320
1375
1330
1367
1294
1301
1282
1224
1229
1172
1202
1154
1200
1134
1210
1169
1219
1258
1290
1288
1325
1356
1356
1366
1366
1346
1370
1281
1309
1235
1247
1184
1200
1106
1167
1090
1164
1111
1196
1153
1250
1215
1305
1303
1349
1339
1359
1347
1332
1326
1287
1275
1219
1184
1159
1126
1148
1087
1136
1071
1175
1097
1230
1182
1298
1247
1361
1319
1360
1367
1345
1387
1348
1306
1270
1234
1234
1181
1198
1101
1198
1064
1206
1092
1245
1118
1299
1179
1339
1254
1339
1340
1337
1350
1323
1325
1278
1356
1262
1331
1221
1319
1187
1303
1203
1280
1221
1292
1258
1302
1301
1359
1338
1365
1365
1398
1334
1425
1336
1395
1316
1402
1246
1352
1209
1333
1197
1304
1212
1301
1239
1289
1290
1271
1348
1270
1327
1264
1333
1238
1310
1233
1277
1187
1237
1186
1220
1175
1219
1197
1216
1223
1280
1225
1314
1261
1323
1253
1361
1273
1348
1256
1327
1243
1293
1197
1267
1160
1191
1156
1226
1141
1230
1145
1238
1174
1246
1204
1287
1203
1315
1197
1319
1244
1333
1224
1306
1205
1293
1196
1229
1152
1184
1125
1161
1115
1173
1114
1175
1126
1229
1158
1289
1221
1342
1247
1373
1303
1365
1349
1340
1351
1291
1330
1233
1307
1188
1264
1197
1205
1212
1191
1249
1196
1290
1215
1332
1254
1362
1326
1362
1367
1345
1397
1316
1404
1276
1381
1248
1329
1221
1274
1226
1233
1231
1194
1244
1186
1271
1207
1299
1245
1318
1282
1328
1344
1325
1357
1295
1398
1258
1369
1226
1331
1235
1275
1221
1233
1227
1229
1264
1207
1317
1224
1337
1244
1358
1290
1356
1295
1328
1304
1274
1297
1241
1256
1224
1235
1219
1195
1237
1127
1300
1143
1306
1189
1329
1199
1358
1208
1320
1223
1272
1238
1245
1231
1213
1235
1184
1217
1186
1194
1209
1204
1233
1206
1262
1219
1304
1220
1325
1224
1329
1242
1331
1224
1314
1225
1292
1236
1236
1211
1206
1219
1190
1213
1163
1212
1201
1243
1245
1232
1291
1246
1334
1229
1341
1201
1352
1251
1326
1264
1264
1281
1209
1294
1166
1302
1149
1318
1150
1331
1184
1330
1265
1324
1318
1292
1360
1313
1369
1302
1354
1292
1306
1302
1235
1314
1217
1285
1193
1330
1188
1301
1211
1290
1254
1291
1303
1262
1325
1229
1352
1177
1331
1180
1334
1175
1314
1164
1272
1180
1272
1194
1229
1179
1237
1183
1257
1150
1295
1138
1333
1125
1368
1142
1372
1129
1360
1157
1332
1191
1257
1212
1226
1210
1213
1187
1215
1207
1229
1154
1271
1159
1321
1183
1346
1239
1360
1248
1355
1290
1315
1327
1261
1310
1206
1326
1164
1303
1148
1252
1141
1224
1193
1228
1254
1246
1295
1270
1317
1304
1322
1368
1305
1364
1267
1379
1232
1381
1200
1331
1171
1286
1180
1229
1201
1180
1242
1149
1283
1180
1323
1207
1362
1239
1363
1281
1356
1303
1346
1287
1296
1252
1257
1220
1236
1157
1220
1113
1228
1100
1257
1122
1296
1146
1331
1188
1349
1262
1342
1302
1322
1295
1253
1307
1230
1277
1199
1244
1183
1242
1195
1230
1213
1244
1254
1265
1294
1312
1314
1326
1322
1311
1317
1305
1305
1257
1275
1218
1273
1199
1261
1206
1263
1209
1268
1177
1274
1271
1296
1260
1310
1259
1350
1240
1323
1182
1310
1135
1292
1109
1258
1096
1235
1139
1213
1141
1206
1205
1197
1225
1174
1242
1240
1232
1267
1201
1287
1165
1291
1115
1272
1074
1252
1056
1216
1073
1175
1130
1173
1182
1172
1238
1192
1266
1215
1301
1244
1276
1278
1252
1280
1208
1293
1142
1278
1112
1276
1151
1239
1186
1217
1233
1211
1333
1211
1392
1225
1398
1270
1397
1277
1352
1307
1294
1321
1241
1343
1230
1324
1212
1310
1250
1298
1302
1267
1338
1258
1362
1254
1375
1270
1360
1295
1292
1327
1248
1355
1227
1381
1201
1368
1207
1348
1258
1315
1291
1287
1306
1248
1317
1237
1334
1238
1310
1233
1282
1308
1272
1299
1241
1314
1254
1312
1269
1293
1278
1277
1275
1249
1293
1231
1278
1223
1233
1227
1214
1257
1192
1269
1137
1287
1147
1302
1164
1319
1179
1323
1206
1295
1223
1279
1239
1271
1193
1256
1191
1234
1176
1264
1140
1265
1102
1277
1127
1284
1154
1311
1198
1301
1275
1285
1340
1270
1331
1247
1310
1238
1274
1226
1206
1237
1144
1253
1128
1270
1121
1290
1135
1295
1213
1299
1298
1294
1306
1271
1332
1260
1324
1254
1270
1254
1209
1267
1193
1274
1203
1291
1182
1292
1223
1307
1261
1290
1295
1291
1331
1278
1352
1264
1327
1254
1317
1241
1305
1251
1278
1255
1297
1267
1295
1245
1294
1270
1304
1257
1294
1246
1316
1240
1268
1238
1256
1220
1238
1246
1190
1253
1189
1264
1186
1265
1206
1257
1221
1269
1229
1253
1249
1266
1233
1273
1204
1262
1163
1271
1102
1279
1057
1287
1032
1290
1074
1306
1101
1300
1183
1234
1236
1290
1264
1288
1275
1289
1227
1286
1169
1279
1075
1283
1065
1283
1050
1300
1062
1321
1130
1277
1200
1247
1290
1250
1352
1249
1395
1227
1369
1221
1319
1226
1289
1217
1234
1225
1208
1232
1218
1241
1234
1254
1293
1263
1346
1266
1407
1250
1424
1274
1434
1278
1414
1274
1360
1296
1320
1283
1294
1289
1269
1291
1248
1301
1246
1308
1264
1298
1264
1317
1284
1316
1290
1311
1263
1303
1236
1297
1212
1279
1194
1274
1151
1262
1154
1244
1159
1258
1171
1255
1139
1263
1170
1274
1156
1281
1143
1260
1133
1259
1135
1244
1131
1237
1168
1225
1229
1224
1232
1226
1259
1252
1269
1246
1248
1286
1219
1297
1213
1296
1208
1267
1212
1263
1241
1248
1293
1230
1338
1233
1355
1233
1399
1253
1384
1286
1353
1297
1322
1313
1275
1319
1250
1307
1248
1290
1257
1272
1277
1248
1311
1246
1347
1231
1367
1254
1358
1277
1358
1320
1330
1372
1289
1377
1268
1389
1238
1356
1223
1319
1234
1267
1242
1248
1259
1233
1285
1230
1296
1249
1295
1305
1293
1311
1273
1324
1269
1325
1187
1319
1188
1253
1182
1238
1155
1237
1157
1178
1167
1164
1169
1176
1174
1196
1174
1213
1186
1251
1151
1288
1167
1295
1180
1281
1185
1270
1204
1257
1223
1238
1239
1228
1234
1240
1242
1254
1242
1275
1231
1303
1245
1324
1250
1351
1280
1356
1287
1351
1344
1324
1347
1304
1328
1295
1320
1263
1255
1250
1252
1248
1248
1235
1234
1265
1214
1286
1204
1298
1238
1289
1235
1273
1231
1255
1237
1250
1197
1224
1202
1220
1192
1228
1182
1228
1157
1265
1132
1289
1155
1300
1129
1303
1159
1293
1214
1281
1211
1277
1211
1260
1222
1199
1202
1254
1166
1256
1140
1275
1177
1274
1160
1310
1160
1335
1183
1337
1188
1347
1185
1341
1200
1286
1205
1285
1167
1259
1208
1241
1236
1248
1243
1238
1258
1273
1278
1298
1280
1311
1261
1314
1285
1300
1295
1293
1289
1234
1311
1203
1334
1177
1342
1177
1350
1190
1367
1205
1339
1239
1318
1251
1301
1270
1286
1277
1255
1269
1248
1241
1257
1234
1251
1229
1240
1220
1263
1223
1249
1235
1237
1250
1238
1274
1218
1295
1190
1314
1162
1313
1170
1309
1139
1299
1165
1275
1196
1262
1206
1308
1221
1251
1263
1257
1282
1270
1248
1282
1258
1286
1249
1286
1236
1282
1220
1264
1259
1248
1259
1270
1281
1236
1307
1237
1314
1247
1261
1260
1305
1267
1300
1258
1260
1269
1248
1259
1249
1251
1254
1249
1264
1261
1278
1264
1305
1287
1264
1303
1249
1316
1235
1316
1201
1316
1183
1316
1173
1294
1159
1286
1163
1279
1175
1287
1155
1281
1151
1286
1159
1255
1151
1273
1139
1266
1157
1265
1158
1249
1157
1242
1161
1208
1179
1250
1175
1236
1203
1232
1229
1232
1247
1230
1251
1239
1265
1228
1295
1241
1301
1238
1305
1246
1320
1247
1329
1248
1294
1253
1295
1264
1298
1230
1298
1276
1312
1280
1339
1301
1330
1301
1351
1302
1390
1309
1355
1306
1339
1314
1312
1301
1290
1310
1232
1322
1226
1315
1231
1299
1228
1284
1225
1280
1288
1278
1311
1278
1319
1281
1327
1289
1304
1297
1230
1291
1195
1280
1162
1271
1133
1230
1142
1235
1177
1221
1217
1237
1241
1241
1300
1250
1334
1268
1287
1270
1258
1268
1214
1311
1157
1275
1132
1261
1153
1252
1154
1254
1188
1243
1214
1257
1300
1284
1282
1294
1283
1301
1266
1310
1223
1313
1186
1294
1180
1273
1162
1260
1174
1238
1211
1237
1224
1245
1254
1269
1264
1286
1291
1319
1269
1341
1269
1346
1269
1338
1236
1332
1229
1291
1266
1264
1270
1233
1284
1238
1321
1232
1335
1271
1330
1282
1269
1292
1288
1301
1248
1297
1224
1276
1205
1246
1218
1232
1234
1221
1246
1215
1237
1232
1224
1250
1206
1269
1184
1277
1177
1278
1163
1277
1170
1255
1177
1246
1178
1213
1199
1226
1208
1224
1194
1220
1191
1238
1147
1241
1181
1254
1180
1256
1200
1259
1222
1250
1218
1239
1243
1224
1252
1224
1248
1218
1271
1225
1240
1235
1220
1252
1195
1237
1205
1255
1214
1278
1206
1274
1224
1244
1246
1263
1242
1270
1243
1274
1253
1293
1227
1313
1208
1324
1202
1328
1188
1322
1185
1314
1219
1292
1260
1251
1291
1284
1303
1281
1347
1307
1318
1336
1301
1325
1256
1337
1267
1335
1237
1330
1231
1308
1246
1294
1257
1273
1280
1268
1307
1263
1304
1266
1276
1282
1260
1302
1248
1302
1182
1295
1166
1258
1176
1268
1170
1246
1189
1229
1221
1224
1224
1225
1233
1222
1236
1233
1231
1248
1210
1261
1212
1256
1202
1265
1214
1255
1226
1253
1228
1243
1227
1223
1216
1222
1240
1229
1233
1247
1222
1266
1221
1293
1228
1310
1219
1313
1226
1311
1234
1306
1238
1296
1239
1284
1249
1281
1236
1293
1230
1289
1228
1295
1224
1305
1219
1306
1221
1270
1256
1304
1290
1268
1292
1242
1321
1236
1304
1217
1293
1240
1277
1244
1256
1250
1250
1256
1265
1232
1287
1247
1308
1230
1343
1226
1379
1223
1362
1229
1336
1242
1306
1254
1268
1253
1269
1289
1229
1289
1233
1303
1243
1300
1259
1300
1298
1291
1323
1289
1347
1290
1332
1286
1307
1335
1279
1317
1287
1325
1272
1328
1268
1319
1277
1306
1296
1269
1286
1257
1293
1238
1298
1237
1287
1246
1274
1257
1278
1277
1258
1290
1252
1292
1259
1300
1266
1264
1259
1242
1256
1258
1258
1217
1226
1228
1234
1230
1227
1253
1249
1278
1206
1301
1219
1293
1242
1306
1235
1288
1260
1271
1258
1255
1201
1250
1199
1257
1187
1275
1149
1243
1120
1328
1120
1324
1171
1329
1152
1319
1180
1294
1216
1283
1244
1249
1241
1257
1216
1297
1181
1281
1139
1293
1151
1308
1160
1319
1182
1303
1183
1274
1281
1280
1301
1262
1324
1233
1337
1229
1302
1239
1268
1243
1281
1262
1278
1286
1263
1259
1258
1300
1302
1282
1320
1268
1308
1244
1340
1221
1346
1218
1317
1222
1313
1231
1283
1247
1258
1301
1244
1318
1269
1316
1281
1301
1291
1275
1305
1252
1312
1219
1297
1209
1291
1198
1265
1261
1244
1289
1169
1310
1236
1317
1237
1312
1254
1277
1297
1261
1302
1234
1303
1225
1293
1215
1295
1227
1269
1255
1241
1279
1258
1301
1260
1298
1274
1316
1303
1299
1319
1274
1314
1259
1311
1244
1286
1248
1278
1264
1245
1289
1246
1308
1229
1333
1252
1340
1271
1331
1274
1316
1284
1292
1299
1255
1291
1247
1252
1241
1220
1252
1222
1277
1199
1298
1156
1314
1214
1310
1224
1310
1230
1305
1254
1217
1266
1234
1261
1219
1246
1231
1251
1236
1229
1266
1185
1299
1183
1310
1206
1308
1167
1281
1190
1243
1212
1236
1196
1225
1151
1230
1220
1240
1212
1268
1215
1312
1210
1311
1203
1329
1218
1319
1248
1295
1272
1257
1269
1229
1258
1222
1294
1207
1280
1228
1287
1252
1308
1282
1309
1305
1332
1316
1359
1313
1378
1297
1365
1263
1344
1239
1352
1221
1315
1218
1307
1231
1354
1259
1346
1291
1372
1323
1407
1304
1420
1367
1391
1340
1365
1310
1359
1292
1289
1247
1248
1244
1236
1244
1214
1278
1206
1300
1231
1328
1241
1350
1262
1338
1241
1323
1246
1279
1216
1242
1187
1219
1160
1221
1141
1219
1115
1232
1133
1251
1179
1282
1188
1288
1191
1294
1249
1277
1277
1271
1272
1263
1284
1246
1262
1251
1236
1250
1228
1271
1228
1292
1243
1294
1271
1296
1318
1278
1332
1272
1341
1247
1349
1236
1330
1239
1300
1225
1285
1247
1275
1269
1268
1289
1263
1302
1299
1312
1288
1291
1312
1267
1308
1258
1278
1281
1251
1248
1230
1247
1234
1271
1222
1294
1235
1317
1246
1329
1245
1335
1248
1315
1256
1285
1230
1263
1209
1249
1188
1240
1179
1255
1172
1278
1150
1293
1213
1319
1211
1327
1227
1326
1228
1310
1260
1282
1249
1252
1249
1200
1242
1232
1223
1251
1176
1271
1235
1294
1250
1308
1265
1314
1306
1303
1329
1293
1322
1262
1348
1232
1317
1231
1279
1233
1266
1256
1239
1245
1238
1285
1278
1308
1281
1312
1290
1319
1271
1308
1267
1279
1234
1273
1205
1255
1172
1252
1168
1261
1149
1274
1148
1274
1163
1303
1172
1307
1177
1296
1190
1271
1134
1233
1170
1204
1166
1182
1178
1176
1167
1186
1167
1207
1218
1236
1202
1255
1226
1272
1275
1270
1261
1257
1266
1236
1268
1196
1277
1213
1261
1222
1280
1241
1302
1276
1317
1299
1323
1336
1344
1351
1362
1347
1342
1333
1340
1308
1326
1284
1253
1261
1273
1259
1268
1265
1254
1250
1248
1288
1264
1296
1272
1302
1241
1285
1240
1273
1190
1237
1183
1212
1167
1196
1131
1233
1116
1211
1115
1227
1156
1245
1207
1274
1216
1267
1249
1247
1273
1287
1258
1255
1244
1239
1220
1228
1213
1256
1183
1249
1221
1275
1275
1310
1282
1328
1326
1348
1356
1343
1348
1326
1365
1299
1369
1272
1344
1283
1340
1257
1341
1273
1344
1307
1329
1333
1344
1363
1370
1356
1356
1345
1369
1320
1370
1295
1338
1286
1304
1260
1269
1257
1250
1283
1211
1307
1197
1326
1205
1319
1201
1339
1215
1323
1234
1302
1214
1276
1191
1255
1178
1235
1165
1231
1173
1236
1167
1245
1192
1266
1206
1254
1222
1286
1251
1277
1262
1277
1263
1236
1266
1214
1259
1206
1241
1199
1262
1205
1281
1238
1288
1269
1318
1310
1344
1300
1336
1298
1329
1283
1327
1263
1336
1249
1277
1242
1269
1238
1275
1273
1285
1295
1292
1328
1331
1328
1329
1347
1323
1331
1317
1293
1285
1259
1260
1230
1232
1232
1222
1213
1187
1227
1184
1256
1213
1270
1220
1279
1240
1287
1272
1281
1268
1266
1246
1248
1212
1204
1215
1224
1181
1231
1158
1257
1185
1268
1184
1296
1236
1312
1299
1327
1343
1320
1335
1319
1351
1308
1341
1283
1307
1271
1272
1269
1275
1262
1226
1271
1267
1291
1295
1307
1363
1302
1330
1308
1340
1274
1346
1288
1301
1273
1278
1264
1275
1265
1242
1288
1240
1289
1232
1324
1254
1332
1227
1339
1261
1309
1291
1321
1271
1302
1272
1293
1283
1281
1247
1283
1221
1290
1223
1292
1209
1305
1177
1303
1232
1296
1261
1289
1276
1245
1291
1247
1288
1240
1260
1231
1205
1228
1200
1232
1199
1235
1162
1238
1184
1248
1188
1217
1220
1250
1222
1253
1253
1238
1250
1241
1235
1231
1236
1237
1220
1247
1215
1261
1223
1270
1247
1282
1265
1289
1278
1278
1334
1281
1346
1274
1344
1252
1360
1254
1339
1269
1323
1258
1298
1262
1305
1278
1285
1286
1297
1279
1311
1289
1304
1293
1315
1282
1331
1279
1326
1282
1300
1284
1299
1289
1287
1301
1249
1303
1249
1315
1261
1292
1261
1272
1283
1278
1306
1247
1313
1244
1309
1247
1307
1240
1292
1253
1250
1265
1257
1240
1243
1265
1261
1251
1249
1245
1315
1228
1322
1228
1321
1251
1293
1239
1285
1249
1259
1267
1235
1278
1242
1288
1217
1292
1196
1301
1260
1292
1258
1287
1254
1304
1277
1299
1261
1304
1237
1318
1210
1338
1232
1354
1216
1361
1209
1361
1229
1363
1220
1347
1238
1335
1264
1323
1268
1297
1261
1302
1247
1294
1254
1299
1221
1292
1212
1295
1212
1279
1153
1262
1188
1246
1215
1230
1215
1230
1218
1224
1211
1227
1219
1240
1199
1241
1204
1248
1256
1246
1238
1244
1265
1235
1289
1194
1295
1242
1282
1239
1289
1251
1299
1266
1259
1274
1260
1281
1275
1283
1289
1284
1314
1276
1341
1268
1340
1258
1346
1273
1323
1272
1295
1281
1265
1269
1243
1301
1231
1314
1217
1320
1201
1313
1235
1304
1259
1310
1243
1275
1258
1268
1248
1255
1235
1269
1204
1260
1204
1278
1201
1283
1194
1250
1203
1257
1208
1273
1213
1234
1229
1219
1243
1217
1234
1219
1242
1211
1249
1232
1240
1250
1244
1247
1265
1259
1268
1252
1278
1254
1285
1253
1305
1251
1292
1260
1298
1257
1299
1283
1269
1333
1262
1313
1273
1311
1294
1319
1314
1295
1347
1276
1353
1264
1349
1271
1335
1241
1310
1274
1266
1284
1244
1294
1225
1291
1231
1292
1247
1277
1286
1259
1303
1257
1291
1247
1297
1225
1239
1254
1231
1257
1226
1272
1180
1269
1162
1283
1161
1288
1178
1282
1179
1267
1192
1254
1208
1237
1225
1246
1193
1250
1186
1251
1190
1276
1173
1286
1169
1291
1180
1290
1167
1292
1184
1278
1240
1266
1237
1251
1244
1251
1256
1262
1276
1271
1238
1279
1266
1280
1301
1286
1286
1271
1287
1269
1307
1243
1311
1257
1306
1250
1306
1254
1303
1271
1255
1283
1268
1302
1282
1313
1300
1325
1286
1322
1298
1310
1309
1302
1269
1294
1271
1288
1266
1278
1236
1273
1187
1269
1178
1268
1186
1298
1185
1291
1232
1282
1247
1276
1248
1255
1239
1249
1229
1230
1190
1224
1167
1214
1158
1218
1147
1224
1094
1231
1182
1240
1209
1252
1223
1208
1224
1242
1249
1250
1237
1254
1211
1256
1221
1258
1185
1298
1216
1284
1243
1281
1253
1338
1268
1311
1252
1309
1323
1305
1313
1297
1326
1286
1326
1278
1321
1290
1296
1292
1299
1283
1307
1292
1298
1302
1299
1298
1326
1300
1334
1299
1348
1277
1352
1276
1323
1266
1299
1253
1283
1247
1276
1249
1241
1259
1260
1256
1286
1270
1276
1293
1283
1284
1284
1279
1274
1285
1252
1264
1245
1251
1229
1252
1220
1239
1230
1254
1237
1258
1232
1268
1237
1278
1242
1282
1218
1291
1203
1283
1206
1276
1201
1266
1175
1256
1187
1272
1183
1240
1178
1247
1208
1257
1192
1263
1184
1283
1165
1264
1172
1285
1179
1288
1169
1275
1180
1301
1175
1264
1162
1263
1156
1256
1164
1267
1149
1264
1143
1270
1155
1277
1154
1270
1145
1271
1180
1257
1177
1251
1175
1253
1185
1254
1212
1255
1203
1265
1234
1260
1267
1267
1269
1263
1271
1265
1284
1271
1314
1258
1319
1248
1341
1240
1379
1237
1389
1257
1394
1252
1418
1261
1409
1279
1390
1310
1383
1321
1383
1306
1357
1305
1351
1298
1352
1292
1350
1308
1335
1284
1314
1323
1319
1294
1246
1303
1246
1281
1231
1310
1215
1292
1200
1290
1200
1295
1177
1293
1157
1241
1163
1258
1177
1264
1109
1270
1139
1305
1146
1285
1128
1275
1144
1271
1135
1262
1126
1274
1106
1258
1145
1231
1148
1232
1170
1221
1201
1208
1208
1253
1207
1234
1185
1235
1224
1235
1208
1237
1203
1230
1213
1233
1227
1231
1234
1229
1246
1230
1260
1234
1262
1240
1218
1235
1255
1262
1233
1280
1225
1260
1240
1287
1231
1294
1240
1294
1240
1285
1264
1281
1277
1290
1271
1287
1286
1301
1261
1278
1256
1313
1250
1309
1246
1298
1236
1290
1238
1285
1231
1273
1249
1259
1244
1265
1264
1270
1256
1278
1280
1269
1264
1273
1272
1275
1261
1267
1272
1245
1260
1257
1245
1253
1256
1251
1261
1225
1274
1242
1290
1249
1302
1249
1297
1265
1263
1264
1277
1275
1255
1274
1252
1268
1253
1257
1262
1248
1249
1247
1253
1250
1260
1258
1248
1266
1237
1282
1234
1293
1217
1290
1211
1287
1212
1284
1225
1262
1207
1253
1208
1254
1215
1265
1194
1275
1203
1283
1204
1275
1227
1289
1222
1282
1217
1289
1224
1260
1210
1250
1215
1243
1223
1243
1229
1237
1230
1262
1252
1286
1255
1298
1250
1304
1237
1292
1229
1314
1193
1308
1179
1302
1170
1305
1191
1316
1207
1290
1228
1288
1243
1296
1226
1301
1265
1282
1253
1315
1234
1311
1229
1307
1244
1291
1245
1281
1237
1252
1264
1239
1276
1242
1245
1237
1277
1231
1288
1264
1280
1281
1270
1271
1284
1260
1283
1251
1270
1229
1272
1194
1300
1214
1258
1227
1270
1242
1267
1218
1256
1271
1247
1268
1265
1264
1260
1259
1239
1242
1239
1243
1229
1232
1200
1248
1226
1257
1244
1269
1234
1270
1264
1281
1256
1284
1248
1284
1247
1266
1254
1280
1236
1285
1235
1284
1232
1282
1233
1279
1249
1286
1242
1283
1261
1296
1238
1303
1245
1320
1243
1323
1249
1319
1255
1320
1256
1293
1276
1288
1231
1283
1221
1272
1220
1284
1198
1278
1194
1287
1212
1274
1215
1266
1217
1253
1233
1212
1231
1214
1201
1213
1196
1224
1184
1236
1178
1244
1173
1257
1202
1245
1210
1244
1213
1270
1233
1235
1227
1232
1251
1239
1256
1240
1267
1265
1250
1296
1240
1298
1270
1285
1262
1287
1266
1278
1283
1276
1275
1272
1288
1284
1312
1281
1340
1285
1333
1301
1328
1298
1334
1299
1292
1296
1292
1286
1285
1288
1272
1283
1252
1280
1242
1288
1242
1282
1216
1275
1217
1272
1219
1269
1197
1283
1182
1268
1185
1257
1191
1252
1157
1258
1156
1242
1162
1224
1113
1217
1122
1229
1170
1244
1137
1267
1156
1265
1182
1267
1200
1270
1185
1260
1215
1218
1235
1247
1209
1243
1176
1266
1223
1275
1233
1325
1250
1335
1291
1338
1336
1337
1280
1315
1333
1299
1328
1291
1309
1307
1300
1305
1294
1314
1283
1347
1264
1328
1294
1320
1349
1305
1298
1273
1302
1233
1290
1231
1259
1233
1237
1248
1228
1231
1219
1241
1187
1233
1181
1241
1172
1251
1160
1228
1156
1242
1166
1244
1146
1242
1104
1226
1150
1233
1134
1231
1132
1180
1151
1218
1147
1245
1157
1267
1174
1257
1206
1278
1170
1277
1193
1260
1246
1241
1212
1274
1207
1229
1204
1241
1213
1260
1214
1280
1249
1268
1275
1305
1276
1308
1234
1284
1297
1265
1274
1258
1253
1254
1229
1256
1228
1276
1226
1288
1245
1274
1269
1300
1264
1297
1263
1274
1280
1268
1255
1253
1236
1250
1235
1245
1214
1256
1187
1247
1193
1261
1200
1260
1196
1254
1169
1260
1223
1251
1220
1262
1222
1258
1229
1268
1231
1270
1217
1267
1231
1268
1233
1272
1211
1282
1198
1297
1232
1306
1241
1319
1242
1349
1282
1332
1283
1321
1298
1316
1327
1306
1313
1294
1302
1301
1294
1291
1310
1318
1273
1319
1268
1319
1280
1305
1267
1305
1261
1279
1278
1266
1286
1274
1272
1265
1273
1254
1272
1267
1243
1252
1200
1243
1197
1230
1163
1227
1141
1214
1141
1213
1153
1228
1151
1242
1187
1247
1216
1251
1203
1234
1169
1233
1178
1246
1134
1234
1105
1244
1101
1257
1102
1273
1129
1272
1166
1277
1208
1276
1233
1259
1255
1240
1262
1239
1242
1244
1223
1240
1212
1254
1170
1266
1201
1282
1238
1271
1284
1305
1280
1273
1295
1277
1330
1278
1317
1274
1313
1278
1287
1282
1255
1306
1218
1279
1195
1268
1193
1264
1183
1262
1190
1255
1222
1270
1218
1267
1214
1261
1213
1253
1178
1244
1153
1233
1122
1225
1107
1231
1115
1235
1137
1230
1184
1274
1200
1261
1247
1256
1263
1252
1272
1257
1274
1257
1274
1256
1266
1281
1263
1296
1283
1309
1313
1318
1344
1318
1372
1287
1374
1285
1399
1294
1390
1278
1395
1276
1377
1294
1346
1301
1346
1299
1326
1305
1316
1298
1351
1290
1327
1266
1319
1263
1285
1232
1294
1269
1285
1282
1259
1275
1259
1287
1248
1267
1218
1270
1205
1261
1214
1263
1191
1299
1199
1276
1186
1273
1151
1278
1165
1280
1170
1253
1171
1269
1152
1278
1153
1285
1166
1291
1130
1299
1140
1294
1147
1291
1148
1270
1139
1258
1143
1249
1156
1262
1149
1259
1138
1265
1207
1267
1230
1267
1233
1265
1250
1268
1238
1265
1216
1252
1205
1231
1201
1259
1188
1267
1225
1262
1286
1269
1315
1254
1342
1250
1336
1237
1319
1231
1263
1230
1270
1242
1214
1245
1214
1257
1207
1280
1242
1292
1248
1271
1235
1261
1267
1254
1244
1259
1218
1255
1196
1248
1176
1285
1158
1293
1163
1284
1172
1287
1206
1276
1215
1262
1275
1251
1286
1253
1307
1256
1322
1264
1302
1271
1282
1281
1268
1286
1279
1278
1275
1279
1294
1270
1316
1273
1334
1271
1344
1270
1360
1268
1345
1276
1311
1271
1222
1273
1252
1275
1216
1286
1216
1305
1227
1309
1222
1316
1236
1316
1240
1304
1224
1294
1225
1288
1164
1279
1155
1287
1110
1252
1102
1310
1123
1316
1118
1324
1135
1302
1148
1284
1142
1263
1129
1252
1121
1227
1116
1255
1103
1261
1123
1267
1139
1269
1184
1289
1201
1260
1243
1247
1295
1253
1263
1248
1285
1222
1290
1259
1275
1278
1286
1266
1307
1254
1319
1250
1326
1261
1352
1248
1358
1251
1351
1253
1373
1260
1372
1261
1334
1268
1317
1285
1307
1272
1263
1273
1242
1275
1256
1285
1260
1299
1253
1309
1255
1322
1248
1321
1212
1319
1181
1291
1165
1310
1122
1306
1111
1298
1118
1299
1140
1310
1154
1282
1175
1300
1190
1266
1176
1256
1188
1267
1187
1252
1180
1252
1177
1259
1206
1259
1218
1248
1234
1237
1271
1226
1326
1220
1293
1206
1290
1187
1293
1226
1283
1232
1307
1246
1300
1238
1310
1267
1301
1242
1339
1231
1374
1225
1330
1212
1344
1225
1338
1227
1314
1254
1305
1266
1316
1275
1291
1280
1271
1275
1245
1270
1247
1260
1224
1269
1216
1271
1202
1276
1183
1281
1153
1278
1154
1303
1159
1291
1145
1287
1137
1298
1114
1311
1122
1320
1121
1307
1151
1308
1156
1307
1148
1294
1155
1296
1139
1288
1133
1304
1158
1306
1175
1324
1189
1311
1222
1299
1249
1291
1233
1285
1224
1261
1243
1266
1225
1263
1232
1260
1248
1262
1284
1263
1319
1268
1348
1255
1352
1258
1345
1274
1347
1252
1317
1273
1309
1276
1290
1285
1320
1284
1306
1295
1306
1299
1316
1289
1305
1276
1276
1274
1257
1279
1212
1279
1205
1286
1187
1295
1190
1236
1178
1302
1169
1274
1190
1260
1170
1257
1193
1258
1181
1281
1228
1279
1224
1268
1214
1310
1223
1279
1209
1272
1234
1270
1256
1267
1309
1271
1303
1278
1344
1265
1360
1295
1343
1294
1328
1295
1345
1302
1265
1300
1267
1302
1278
1309
1320
1278
1298
1310
1292
1280
1300
1304
1253
1303
1229
1291
1204
1286
1144
1287
1120
1293
1106
1269
1094
1293
1114
1289
1157
1273
1189
1262
1167
1247
1159
1244
1154
1243
1127
1256
1103
1258
1115
1285
1123
1269
1123
1250
1171
1236
1199
1225
1224
1200
1251
1194
1258
1202
1249
1210
1251
1214
1258
1216
1267
1236
1254
1219
1275
1220
1297
1204
1304
1232
1332
1214
1360
1244
1365
1259
1381
1274
1368
1295
1349
1309
1329
1316
1315
1323
1323
1325
1276
1330
1278
1328
1282
1322
1263
1321
1253
1312
1259
1302
1216
1307
1204
1303
1167
1302
1159
1292
1120
1293
1126
1279
1116
1269
1111
1277
1106
1248
1109
1243
1105
1242
1096
1252
1121
1259
1122
1263
1135
1270
1159
1254
1177
1250
1179
1242
1203
1237
1217
1235
1236
1241
1206
1244
1287
1256
1351
1268
1313
1297
1338
1258
1331
1264
1323
1259
1296
1255
1319
1246
1296
1255
1291
1262
1295
1261
1284
1266
1273
1269
1272
1254
1246
1269
1214
1268
1176
1267
1195
1269
1171
1262
1150
1260
1171
1256
1152
1254
1130
1247
1167
1251
1162
1247
1167
1248
1176
1240
1194
1261
1175
1260
1195
1256
1216
1252
1192
1258
1187
1249
1212
1239
1224
1261
1229
1265
1257
1267
1285
1274
1270
1273
1279
1270
1273
1272
1262
1263
1239
1278
1248
1284
1266
1301
1252
1306
1292
1305
1350
1311
1321
1286
1320
1303
1320
1281
1303
1309
1282
1307
1299
1303
1310
1306
1299
1291
1312
1284
1332
1275
1323
1263
1323
1252
1327
1245
1315
1247
1285
1252
1289
1256
1278
1267
1269
1262
1260
1271
1256
1265
1244
1270
1226
1267
1253
1274
1247
1287
1238
1280
1255
1286
1250
1311
1230
1281
1227
1275
1242
1270
1231
1269
1255
1263
1270
1269
1276
1283
1277
1268
1281
1265
1273
1258
1242
1260
1213
1259
1224
1261
1205
1267
1222
1260
1236
1268
1223
1287
1219
1294
1189
1271
1214
1269
1158
1273
1150
1252
1155
1287
1140
1295
1140
1300
1163
1298
1170
1314
1169
1293
1187
1278
1171
1278
1176
1271
1185
1230
1196
1264
1192
1261
1204
1264
1208
1255
1214
1255
1229
1257
1230
1250
1237
1260
1214
1282
1230
1239
1226
1258
1245
1251
1246
1243
1262
1236
1250
1244
1230
1229
1239
1258
1226
1265
1217
1265
1222
1275
1177
1253
1214
1247
1197
1231
1222
1229
1207
1226
1201
1209
1218
1230
1188
1237
1191
1240
1218
1247
1194
1241
1187
1237
1187
1200
1210
1212
1200
1223
1227
1227
1254
1239
1257
1246
1250
1273
1256
1278
1250
1291
1237
1295
1238
1301
1262
1300
1233
1292
1289
1296
1336
1293
1347
1259
1349
1293
1344
1307
1329
1310
1286
1320
1286
1334
1254
1332
1280
1321
1295
1306
1306
1324
1306
1268
1295
1264
1306
1258
1284
1264
1252
1266
1234
1269
1228
1282
1197
1267
1189
1245
1212
1222
1199
1187
1194
1184
1212
1183
1225
1191
1233
1198
1231
1209
1226
1229
1215
1247
1202
1252
1200
1252
1178
1264
1204
1246
1239
1251
1239
1273
1261
1277
1283
1279
1301
1302
1282
1317
1272
1326
1263
1335
1254
1342
1237
1331
1251
1327
1272
1309
1272
1299
1299
1289
1309
1285
1302
1290
1307
1291
1305
1299
1285
1299
1283
1304
1274
1296
1280
1285
1291
1274
1278
1260
1285
1260
1265
1241
1258
1266
1265
1279
1248
1304
1251
1294
1243
1287
1218
1292
1195
1281
1186
1275
1181
1275
1159
1276
1170
1275
1195
1272
1187
1286
1216
1273
1229
1262
1246
1256
1223
1248
1230
1241
1213
1255
1216
1230
1216
1228
1234
1217
1234
1249
1242
1223
1263
1221
1278
1224
1281
1230
1298
1244
1308
1247
1286
1259
1292
1262
1295
1264
1268
1260
1258
1256
1269
1259
1254
1248
1257
1260
1255
1260
1290
1262
1285
1275
1265
1309
1265
1272
1229
1263
1227
1262
1218
1259
1224
1273
1212
1269
1231
1286
1253
1284
1238
1289
1249
1294
1241
1301
1189
1300
1199
1306
1202
1302
1203
1300
1204
1289
1213
1282
1240
1291
1203
1291
1246
1289
1256
1305
1236
1323
1229
1304
1224
1318
1221
1308
1208
1294
1245
1250
1278
1265
1271
1233
1272
1231
1294
1217
1284
1235
1280
1229
1288
1230
1304
1232
1255
1224
1301
1242
1331
1202
1340
1204
1357
1207
1386
1214
1362
1236
1330
1245
1339
1259
1372
1258
1299
1272
1299
1297
1298
1262
1292
1298
1296
1300
1322
1298
1314
1319
1293
1275
1278
1297
1252
1300
1209
1306
1198
1331
1186
1311
1187
1310
1160
1296
1226
1297
1234
1292
1239
1275
1239
1279
1211
1272
1189
1279
1167
1269
1183
1291
1173
1299
1199
1292
1235
1279
1245
1291
1255
1275
1260
1265
1260
1256
1226
1248
1224
1225
1213
1251
1196
1254
1190
1255
1227
1254
1229
1254
1238
1263
1236
1258
1235
1257
1220
1260
1220
1254
1214
1262
1186
1263
1186
1270
1179
1268
1178
1273
1164
1288
1198
1286
1189
1290
1180
1317
1183
1300
1184
1295
1160
1283
1161
1279
1182
1274
1182
1272
1190
1274
1228
1260
1229
1289
1228
1279
1241
1275
1227
1263
1218
1254
1216
1235
1254
1223
1263
1217
1276
1209
1309
1208
1304
1230
1316
1209
1321
1212
1309
1209
1277
1212
1266
1193
1268
1213
1256
1205
1291
1200
1301
1196
1277
1203
1307
1212
1311
1220
1321
1255
1257
1244
1240
1273
1231
1303
1214
1311
1216
1316
1280
1326
1259
1335
1277
1337
1287
1297
1299
1366
1253
1385
1256
1374
1259
1394
1213
1390
1204
1386
1236
1374
1243
1367
1249
1350
1285
1338
1292
1324
1290
1310
1279
1300
1256
1281
1248
1254
1200
1237
1217
1221
1212
1211
1220
1191
1249
1179
1256
1173
1269
1164
1284
1148
1277
1167
1250
1164
1208
1171
1233
1171
1214
1187
1231
1192
1253
1207
1282
1227
1301
1226
1334
1214
1349
1236
1338
1241
1297
1255
1324
1259
1313
1266
1301
1256
1319
1265
1312
1260
1320
1264
1316
1265
1327
1265
1296
1267
1298
1266
1293
1271
1259
1310
1256
1290
1247
1277
1248
1296
1229
1308
1230
1307
1220
1313
1172
1321
1178
1312
1177
1314
1162
1304
1171
1307
1177
1297
1185
1304
1190
1299
1195
1286
1214
1287
1194
1274
1197
1268
1186
1237
1195
1221
1221
1213
1239
1196
1249
1203
1258
1203
1279
1218
1283
1230
1277
1237
1271
1245
1266
1233
1231
1235
1233
1227
1239
1244
1242
1264
1249
1269
1278
1292
1287
1292
1271
1324
1302
1333
1258
1328
1229
1331
1182
1322
1201
1316
1179
1337
1207
1306
1263
1307
1265
1309
1284
1327
1306
1300
1315
1337
1290
1336
1295
1321
1302
1302
1287
1278
1307
1263
1336
1247
1374
1251
1380
1248
1397
1272
1412
1274
1368
1277
1368
1277
1372
1274
1338
1253
1326
1237
1322
1220
1368
1223
1330
1225
1350
1200
1342
1248
1313
1260
1302
1282
1270
1296
1228
1327
1196
1283
1190
1271
1197
1264
1116
1263
1162
1268
1160
1288
1148
1248
1127
1316
1135
1324
1116
1343
1091
1321
1105
1301
1075
1304
1125
1277
1176
1271
1176
1314
1189
1274
1205
1288
1240
1274
1233
1281
1253
1272
1271
1273
1282
1266
1293
1253
1318
1220
1338
1238
1343
1221
1345
1233
1383
1247
1373
1254
1371
1230
1353
1254
1338
1258
1327
1254
1315
1238
1322
1232
1310
1230
1316
1229
1332
1233
1306
1230
1291
1249
1287
1256
1271
1255
1252
1254
1248
1234
1245
1252
1248
1247
1255
1259
1272
1276
1267
1270
1270
1271
1272
1276
1262
1284
1250
1287
1262
1286
1266
1303
1253
1311
1269
1321
1274
1331
1258
1336
1278
1338
1277
1324
1266
1317
1247
1288
1252
1300
1255
1295
1246
1288
1252
1289
1258
1286
1236
1265
1234
1267
1243
1259
1234
1244
1226
1228
1236
1216
1229
1206
1216
1204
1216
1219
1226
1214
1206
1237
1197
1234
1204
1242
1167
1256
1170
1242
1177
1242
1177
1227
1176
1238
1198
1251
1211
1251
1203
1269
1205
1280
1226
1297
1244
1311
1217
1297
1231
1311
1251
1305
1257
1291
1283
1292
1309
1284
1327
1285
1334
1298
1333
1313
1376
1322
1385
1322
1383
1358
1408
1316
1371
1291
1396
1256
1409
1257
1394
1239
1393
1250
1416
1261
1388
1255
1359
1281
1343
1260
1333
1252
1273
1236
1258
1219
1247
1208
1244
1183
1245
1182
1250
1190
1242
1207
1225
1225
1222
1236
1215
1253
1177
1245
1179
1222
1159
1226
1146
1234
1136
1229
1163
1235
1150
1254
1161
1265
1168
1299
1164
1311
1164
1328
1169
1337
1180
1337
1165
1331
1174
1327
1188
1319
1183
1322
1195
1316
1226
1333
1228
1352
1248
1354
1251
1348
1285
1329
1301
1319
1269
1274
1285
1255
1264
1213
1277
1236
1274
1244
1285
1264
1298
1249
1302
1247
1293
1247
1278
1231
1277
1216
1262
1206
1238
1203
1228
1206
1205
1203
1220
1244
1210
1229
1217
1222
1219
1251
1196
1253
1208
1233
1190
1254
1200
1249
1190
1250
1217
1246
1225
1265
1225
1296
1244
1286
1273
1296
1260
1297
1269
1279
1294
1290
1270
1288
1273
1293
1283
1276
1262
1282
1252
1285
1260
1293
1233
1292
1244
1300
1259
1290
1267
1294
1279
1289
1238
1284
1241
1277
1195
1268
1204
1268
1182
1272
1225
1258
1204
1273
1221
1287
1227
1271
1235
1256
1252
1239
1257
1231
1255
1223
1240
1228
1255
1235
1249
1255
1246
1254
1268
1262
1284
1261
1267
1250
1296
1258
1305
1240
1301
1223
1305
1228
1307
1235
1297
1275
1280
1254
1299
1258
1345
1265
1305
1253
1323
1242
1350
1234
1343
1256
1345
1249
1346
1264
1321
1296
1242
1294
1288
1309
1277
1313
1250
1331
1265
1329
1271
1313
1269
1305
1245
1321
1268
1297
1282
1297
1235
1289
1210
1295
1174
1262
1144
1300
1136
1274
1151
1294
1153
1284
1153
1267
1190
1258
1193
1246
1193
1248
1200
1226
1199
1249
1185
1260
1159
1233
1216
1259
1218
1256
1255
1238
1287
1249
1289
1280
1302
1257
1334
1264
1316
1263
1292
1288
1323
1296
1330
1295
1317
1317
1295
1294
1321
1290
1318
1283
1314
1284
1322
1286
1305
1304
1290
1319
1280
1284
1243
1302
1239
1292
1229
1282
1260
1262
1239
1259
1243
1258
1254
1264
1247
1265
1217
1272
1216
1297
1200
1282
1176
1271
1140
1270
1186
1257
1182
1256
1187
1285
1202
1261
1197
1267
1207
1268
1215
1251
1218
1281
1198
1288
1180
1286
1219
1280
1209
1269
1216
1257
1235
1235
1236
1245
1227
1249
1235
1257
1246
1258
1242
1262
1234
1257
1254
1261
1229
1248
1240
1233
1284
1228
1251
1218
1242
1227
1238
1217
1238
1255
1211
1266
1217
1272
1231
1281
1211
1260
1194
1258
1220
1246
1205
1252
1194
1254
1198
1272
1189
1289
1168
1299
1171
1299
1219
1305
1178
1287
1197
1280
1209
1265
1224
1257
1209
1259
1240
1262
1280
1267
1239
1265
1236
1288
1243
1279
1237
1285
1244
1279
1266
1262
1279
1249
1301
1239
1322
1238
1331
1259
1321
1253
1339
1255
1318
1273
1288
1283
1268
1283
1293
1260
1292
1255
1302
1231
1330
1219
1334
1245
1333
1223
1316
1225
1336
1248
1307
1273
1297
1281
1291
1295
1275
1303
1252
1286
1261
1277
1271
1264
1250
1261
1208
1268
1243
1312
1221
1317
1217
1265
1207
1331
1184
1331
1174
1318
1156
1302
1183
1286
1156
1278
1188
1273
1213
1276
1180
1322
1190
1307
1184
1292
1193
1299
1189
1290
1206
1273
1221
1266
1219
1262
1237
1248
1288
1261
1269
1259
1276
1277
1269
1286
1290
1297
1288
1299
1305
1262
1315
1290
1301
1273
1325
1267
1316
1263
1325
1255
1350
1262
1343
1263
1310
1292
1308
1256
1312
1291
1294
1290
1283
1282
1290
1275
1288
1257
1267
1254
1277
1242
1275
1258
1255
1296
1242
1288
1232
1287
1224
1286
1181
1279
1176
1256
1178
1238
1154
1239
1162
1239
1161
1249
1128
1257
1134
1268
1148
1281
1129
1278
1143
1280
1123
1234
1124
1267
1110
1267
1103
1261
1154
1257
1150
1261
1166
1266
1186
1267
1195
1266
1191
1262
1197
1222
1209
1239
1202
1223
1171
1216
1224
1213
1229
1209
1237
1207
1246
1215
1254
1231
1240
1237
1258
1238
1242
1246
1241
1247
1227
1248
1240
1265
1217
1257
1213
1259
1220
1267
1207
1283
1218
1291
1220
1304
1230
1317
1216
1308
1213
1289
1220
1282
1209
1273
1206
1266
1200
1267
1170
1287
1189
1292
1230
1295
1236
1326
1255
1301
1263
1288
1293
1275
1291
1260
1299
1238
1298
1240
1299
1246
1298
1247
1304
1249
1317
1255
1329
1247
1324
1235
1360
1236
1359
1221
1380
1228
1382
1205
1358
1216
1351
1220
1340
1230
1330
1245
1327
1261
1311
1252
1331
1272
1312
1262
1327
1287
1320
1283
1316
1289
1311
1287
1285
1286
1282
1302
1222
1307
1206
1346
1201
1332
1184
1339
1184
1343
1177
1327
1183
1324
1182
1316
1185
1282
1169
1311
1133
1309
1133
1299
1098
1320
1094
1310
1130
1307
1131
1286
1135
1278
1132
1240
1162
1251
1144
1252
1155
1251
1174
1251
1168
1249
1151
1257
1169
1246
1173
1239
1187
1230
1217
1222
1252
1215
1237
1221
1277
1226
1305
1241
1324
1233
1307
1253
1316
1259
1330
1261
1297
1254
1314
1255
1337
1265
1343
1264
1345
1277
1354
1314
1353
1302
1333
1308
1333
1283
1316
1323
1282
1302
1275
1301
1246
1303
1214
1323
1192
1292
1198
1265
1189
1280
1163
1278
1180
1263
1182
1280
1158
1266
1154
1268
1171
1264
1164
1279
1141
1249
1171
1243
1169
1249
1180
1242
1207
1243
1219
1280
1221
1271
1225
1267
1252
1265
1236
1269
1238
1260
1240
1269
1248
1275
1233
1292
1272
1278
1265
1291
1273
1311
1240
1307
1300
1294
1304
1283
1292
1260
1301
1256
1276
1258
1259
1268
1244
1252
1249
1282
1251
1288
1252
1278
1266
1272
1266
1242
1265
1238
1259
1242
1243
1237
1219
1247
1142
1224
1178
1273
1158
1275
1167
1290
1172
1276
1162
1270
1181
1260
1191
1248
1183
1240
1222
1237
1193
1247
1185
1234
1156
1212
1148
1256
1158
1269
1168
1265
1191
1258
1222
1241
1261
1235
1253
1220
1262
1201
1269
1217
1244
1227
1232
1245
1199
1268
1231
1295
