1137
1275
1521
1277
1536
1264
1503
1232
1320
1215
1310
1213
1309
1214
1318
1209
1325
1206
1272
1212
1294
1217
1290
1223
1268
1232
1392
1218
1278
1236
1256
1244
1281
1243
1297
1250
1231
1255
1245
1279
1267
1263
1260
1253
1229
1263
1259
1221
1253
1260
1243
1267
1275
1259
1320
1268
1259
1269
1255
1271
1252
1268
1265
1286
1283
1293
1261
1294
1244
1303
1256
1306
1334
1284
1268
1319
1239
1310
1214
1317
1248
1316
1236
1319
1195
1284
1216
1307
1174
1312
1227
1291
1214
1295
1201
1297
1205
1294
1171
1293
1200
1284
1208
1288
1218
1276
1221
1272
1221
1277
1226
1272
1213
1271
1201
1270
1197
1273
1237
1266
1228
1262
1351
1275
1228
1263
1229
1275
1237
1272
1270
1270
1234
1263
1207
1268
1273
1257
1296
1260
1293
1265
1320
1284
1441
1231
1396
1253
1355
1267
1353
1273
1383
1271
1391
1282
1404
1291
1414
1298
1392
1288
1391
1298
1407
1294
1405
1301
1402
1293
1399
1306
1440
1294
1408
1307
1397
1286
1372
1308
1367
1323
1418
1302
1392
1312
1354
1309
1342
1308
1334
1300
1352
1302
1263
1297
1299
1290
1291
1279
1263
1273
1283
1260
1268
1252
1249
1239
1254
1219
1269
1232
1277
1235
1249
1231
1329
1213
1302
1228
1251
1218
1288
1221
1288
1212
1243
1237
1213
1261
1245
1245
1225
1234
1246
1240
1228
1247
1219
1259
1215
1261
1227
1253
1227
1266
1205
1267
1208
1258
1203
1262
1188
1277
1183
1258
1217
1260
1157
1263
1184
1261
1155
1258
1171
1256
1152
1254
1193
1238
1169
1253
1162
1270
1158
1253
1188
1257
1198
1264
1203
1261
1209
1261
1222
1278
1238
1285
1214
1281
1210
1287
1232
1293
1192
1294
1260
1296
1244
1294
1253
1294
1253
1283
1255
1284
1235
1286
1263
1267
1219
1260
1262
1249
1173
1271
1239
1223
1288
1236
1292
1232
1317
1226
1326
1231
1329
1244
1346
1239
1341
1244
1328
1236
1346
1250
1351
1238
1335
1231
1307
1260
1332
1268
1340
1272
1354
1268
1392
1254
1360
1263
1393
1266
1357
1236
1327
1280
1294
1287
1300
1292
1290
1310
1264
1318
1304
1337
1253
1354
1266
1372
1267
1372
1272
1369
1350
1356
1310
1326
1332
1306
1341
1289
1350
1265
1339
1257
1311
1251
1229
1228
1281
1201
1232
1167
1249
1130
1247
1080
1229
1065
1196
1062
1149
1050
1089
1049
971
1062
913
1080
869
1087
818
1106
806
1120
785
1129
853
1151
829
1186
848
1234
887
1291
928
1358
988
1407
1142
1443
1279
1447
1430
1464
1583
1399
1686
1368
1777
1343
1786
1324
1876
1285
1834
1324
1839
1307
1824
1308
1766
1310
1754
1325
1709
1308
1557
1301
1478
1310
1447
1293
1300
1305
1101
1367
1038
1401
1002
1441
950
1475
890
1469
890
1489
818
1482
821
1466
784
1411
819
1424
843
1407
1030
1379
1114
1373
1218
1355
1328
1324
1474
1273
1542
1231
1616
1175
1652
1135
1699
1104
1656
1076
1650
1083
1595
1056
1545
1062
1414
1070
1440
1050
1376
1073
1349
1089
1356
1103
1347
1130
1285
1141
1307
1165
1285
1179
1259
1197
1227
1202
1257
1214
1123
1231
1304
1210
1291
1227
1329
1245
1322
1249
1337
1268
1249
1293
1251
1312
1209
1321
1194
1342
1182
1364
1314
1343
1165
1362
1094
1400
1025
1375
978
1379
940
1366
906
1350
950
1316
945
1310
958
1301
1018
1280
1018
1277
1048
1275
1019
1272
1028
1261
1099
1272
1130
1266
1200
1252
1266
1264
1302
1257
1351
1262
1370
1263
1365
1268
1399
1261
1388
1270
1378
1269
1338
1282
1363
1286
1246
1287
1265
1274
1198
1265
1186
1247
1178
1222
1209
1222
1225
1226
1232
1228
1274
1223
1317
1224
1317
1221
1430
1202
1359
1229
1294
1213
1259
1232
1295
1232
1284
1254
1318
1256
1343
1271
1376
1276
1306
1274
1269
1293
1203
1258
1323
1279
1126
1281
1097
1290
1079
1291
1042
1294
1039
1302
1049
1315
1093
1341
1114
1343
1126
1377
1224
1389
1241
1395
1297
1418
1410
1402
1468
1385
1527
1350
1588
1353
1587
1296
1613
1291
1597
1269
1602
1257
1614
1228
1585
1220
1536
1232
1458
1181
1390
1163
1328
1134
1275
1121
1221
1115
1184
1113
1158
1108
1130
1121
1118
1139
1049
1160
1044
1194
949
1235
1039
1253
1104
1280
1197
1304
1173
1328
1163
1334
1160
1344
1112
1343
1148
1331
1114
1316
1124
1297
1158
1282
1053
1280
1155
1251
1182
1222
1198
1203
1176
1188
1177
1192
1180
1201
1200
1213
1200
1216
1273
1262
1290
1292
1297
1325
1299
1354
1290
1363
1318
1383
1302
1398
1316
1409
1344
1411
1386
1436
1431
1456
1391
1455
1382
1453
1343
1434
1284
1417
1372
1378
1370
1363
1397
1321
1481
1295
1506
1269
1509
1219
1530
1214
1511
1189
1445
1161
1454
1161
1410
1164
1393
1184
1369
1186
1355
1189
1310
1205
1263
1207
1222
1224
1179
1243
1150
1257
1132
1257
1117
1270
1094
1273
1083
1262
1124
1278
1089
1267
1095
1258
1161
1240
1141
1250
1192
1224
1195
1245
1260
1252
1234
1248
1299
1248
1281
1251
1273
1272
1326
1230
1298
1233
1326
1235
1384
1234
1382
1233
1380
1247
1346
1252
1308
1256
1252
1268
1209
1285
1184
1305
1192
1312
1205
1356
1326
1345
1259
1334
1239
1354
1217
1351
1204
1345
1161
1339
1180
1330
1244
1345
1267
1348
1286
1360
1312
1335
1305
1356
1307
1342
1326
1330
1294
1339
1256
1346
1261
1354
1288
1346
1291
1344
1284
1325
1261
1295
1255
1271
1188
1241
1267
1196
1235
1233
1198
1212
1282
1211
1306
1205
1349
1217
1363
1197
1381
1224
1408
1230
1422
1238
1428
1248
1446
1271
1464
1277
1544
1281
1525
1283
1476
1284
1363
1280
1400
1292
1345
1312
1323
1320
1284
1344
1243
1372
1237
1376
1245
1366
1229
1354
1167
1347
1114
1342
1160
1302
1170
1335
1200
1298
1196
1299
1264
1285
1312
1283
1333
1270
1375
1264
1335
1261
1359
1260
1322
1266
1375
1285
1351
1288
1341
1287
1329
1296
1293
1287
1271
1274
1230
1272
1183
1282
1214
1266
1214
1264
1239
1255
1278
1245
1300
1228
1356
1242
1229
1233
1215
1260
1207
1270
1225
1296
1267
1290
1294
1286
1316
1286
1354
1274
1345
1274
1329
1258
1313
1244
1317
1239
1317
1237
1303
1229
1338
1227
1263
1223
1248
1201
1169
1203
1140
1206
1066
1218
1101
1213
1126
1242
1151
1252
1149
1281
1180
1294
1191
1298
1182
1298
1142
1308
1110
1320
1112
1315
1147
1363
1217
1367
1225
1381
1257
1372
1296
1370
1290
1353
1276
1346
1298
1337
1240
1337
1292
1321
1333
1310
1326
1326
1348
1272
1321
1247
1298
1227
1278
1224
1256
1224
1331
1267
1315
1274
1329
1288
1394
1302
1367
1308
1349
1284
1280
1310
1313
1309
1292
1313
1314
1268
1303
1307
1334
1290
1261
1309
1306
1273
1317
1263
1270
1246
1265
1231
1241
1240
1234
1233
1250
1252
1274
1259
1312
1259
1323
1245
1308
1247
1287
1237
1279
1230
1284
1242
1268
1252
1256
1264
1266
1280
1254
1248
1229
1264
1226
1268
1146
1267
1105
1282
1042
1315
1101
1310
1127
1323
1149
1324
1231
1314
1198
1295
1190
1279
1179
1277
1166
1282
1139
1296
1209
1303
1261
1316
1280
1339
1337
1334
1362
1330
1332
1326
1354
1321
1337
1326
1414
1323
1347
1336
1389
1354
1391
1345
1415
1328
1433
1297
1324
1332
1324
1266
1310
1253
1309
1259
1306
1264
1354
1252
1365
1249
1351
1252
1310
1213
1345
1181
1304
1157
1259
1144
1335
1131
1298
1130
1243
1129
1254
1098
1233
1108
1170
1103
1122
1095
1068
1099
1057
1113
1037
1135
1077
1150
1108
1173
1094
1164
1150
1171
1056
1175
1043
1157
1019
1152
1022
1149
1021
1162
1057
1165
1088
1176
1092
1178
1096
1176
1076
1178
1030
1176
1161
1178
1033
1230
1052
1248
1013
1286
1031
1296
1067
1313
1092
1297
1057
1286
1026
1297
991
1306
1029
1332
1029
1321
1062
1362
1109
1379
1155
1376
1194
1371
1179
1359
1156
1351
1191
1350
1190
1357
1282
1371
1327
1375
1384
1371
1414
1354
1514
1293
1392
1294
1421
1269
1421
1254
1426
1285
1394
1275
1382
1282
1405
1294
1398
1299
1377
1291
1370
1290
1327
1309
1312
1316
1276
1340
1307
1374
1327
1377
1344
1387
1370
1358
1364
1333
1364
1295
1376
1276
1337
1268
1355
1266
1349
1266
1354
1274
1414
1259
1435
1237
1433
1219
1374
1203
1342
1206
1306
1216
1300
1245
1307
1264
1296
1276
1279
1288
1269
1290
1226
1282
1170
1280
1135
1275
1104
1294
1142
1301
1166
1322
1233
1302
1244
1313
1281
1292
1206
1254
1252
1248
1193
1247
1195
1252
1279
1235
1147
1262
1230
1272
1257
1256
1239
1242
1250
1225
1251
1206
1191
1196
1148
1208
1131
1222
1186
1237
1231
1294
1215
1249
1282
1235
1273
1234
1217
1230
1202
1256
1180
1249
1203
1277
1254
1274
1230
1299
1234
1271
1168
1275
1182
1239
1125
1234
1132
1240
1117
1279
1142
1330
1206
1351
1213
1375
1239
1368
1252
1393
1227
1383
1209
1410
1283
1367
1286
1339
1284
1406
1355
1395
1390
1396
1365
1402
1410
1374
1393
1367
1395
1358
1414
1373
1339
1403
1433
1441
1434
1477
1556
1467
1591
1460
1601
1407
1604
1405
1571
1389
1588
1389
1608
1388
1630
1402
1666
1397
1783
1412
1743
1403
1777
1405
1684
1405
1668
1398
1675
1407
1670
1427
1665
1440
1692
1437
1675
1424
1676
1392
1639
1364
1585
1308
1515
1333
1467
1345
1460
1359
1488
1373
1472
1383
1471
1382
1482
1343
1467
1337
1450
1314
1418
1303
1377
1304
1337
1312
1355
1333
1373
1341
1364
1332
1375
1308
1340
1309
1333
1271
1246
1273
1308
1282
1321
1299
1351
1312
1408
1326
1423
1327
1385
1294
1420
1273
1363
1261
1391
1251
1375
1283
1401
1290
1458
1314
1432
1278
1469
1312
1481
1290
1428
1259
1371
1270
1290
1278
1351
1280
1316
1293
1315
1317
1338
1331
1350
1332
1327
1296
1346
1305
1342
1306
1315
1317
1315
1357
1331
1393
1344
1415
1364
1432
1385
1410
1363
1393
1318
1359
1298
1344
1309
1340
1316
1347
1342
1370
1329
1379
1360
1369
1329
1354
1338
1294
1344
1261
1300
1241
1346
1228
1316
1241
1324
1258
1373
1283
1364
1285
1398
1235
1373
1225
1341
1211
1308
1206
1252
1248
1232
1243
1262
1269
1261
1284
1288
1261
1266
1241
1293
1193
1256
1171
1224
1173
1188
1185
1241
1188
1229
1207
1282
1219
1285
1226
1318
1192
1295
1183
1241
1173
1250
1160
1213
1180
1226
1224
1243
1242
1183
1274
1281
1285
1271
1261
1255
1254
1108
1218
1174
1232
1180
1253
1168
1278
1196
1300
1212
1312
1250
1296
1244
1282
1226
1268
1198
1226
1164
1219
1145
1238
1185
1283
1179
1282
1232
1288
1221
1313
1244
1270
1238
1225
1191
1240
1180
1242
1134
1267
1168
1290
1190
1322
1217
1321
1094
1321
1279
1305
1195
1262
1185
1244
1198
1239
1207
1249
1195
1282
1247
1308
1236
1309
1237
1308
1186
1283
1211
1250
1149
1241
1111
1246
1132
1275
1121
1308
1159
1328
1181
1320
1184
1304
1200
1266
1188
1246
1174
1230
1206
1251
1201
1268
1197
1316
1245
1310
1310
1338
1306
1334
1345
1303
1335
1283
1357
1269
1348
1277
1421
1332
1419
1362
1429
1387
1478
1382
1475
1359
1488
1338
1413
1293
1422
1273
1378
1289
1394
1317
1411
1336
1467
1345
1487
1326
1486
1311
1461
1258
1424
1220
1409
1218
1391
1245
1362
1207
1383
1313
1424
1329
1480
1328
1447
1304
1410
1306
1369
1281
1332
1287
1278
1313
1279
1353
1273
1390
1275
1400
1299
1397
1272
1363
1255
1291
1254
1284
1188
1285
1179
1311
1148
1371
1210
1377
1219
1421
1286
1378
1310
1338
1291
1320
1277
1272
1231
1287
1270
1350
1316
1369
1378
1388
1415
1401
1446
1395
1486
1376
1451
1325
1476
1302
1449
1312
1438
1340
1446
1380
1498
1402
1469
1413
1556
1397
1545
1331
1487
1310
1503
1278
1407
1302
1380
1305
1452
1348
1518
1375
1496
1379
1520
1354
1487
1318
1476
1279
1561
1256
1393
1258
1394
1300
1389
1327
1439
1345
1415
1350
1430
1312
1413
1277
1406
1241
1379
1227
1395
1253
1327
1282
1317
1328
1383
1316
1358
1344
1379
1323
1365
1276
1342
1242
1336
1219
1295
1201
1290
1253
1329
1284
1308
1302
1342
1271
1323
1232
1264
1168
1281
1136
1202
1134
1196
1158
1216
1186
1208
1231
1221
1264
1248
1258
1218
1250
1199
1220
1204
1199
1185
1224
1138
1215
1082
1297
1170
1342
1193
1376
1191
1365
1250
1323
1209
1292
1201
1266
1173
1261
1153
1327
1187
1337
1207
1369
1233
1376
1260
1359
1246
1313
1251
1258
1246
1248
1243
1261
1251
1257
1214
1313
1239
1336
1265
1351
1289
1316
1325
1269
1219
1268
1245
1216
1223
1239
1153
1265
1270
1303
1270
1339
1287
1327
1302
1332
1281
1292
1252
1246
1240
1228
1230
1238
1172
1244
1209
1301
1247
1317
1290
1328
1304
1288
1381
1258
1308
1223
1296
1202
1308
1212
1397
1254
1323
1305
1327
1344
1363
1339
1378
1318
1347
1267
1346
1221
1326
1208
1335
1201
1240
1243
1333
1291
1319
1319
1319
1314
1330
1282
1303
1232
1285
1205
1290
1211
1288
1215
1255
1237
1158
1305
1259
1325
1323
1308
1321
1270
1351
1204
1292
1174
1301
1141
1234
1156
1256
1237
1271
1289
1280
1322
1300
1318
1325
1279
1310
1249
1265
1225
1272
1224
1249
1269
1228
1288
1221
1344
1231
1362
1232
1352
1253
1321
1239
1258
1205
1216
1181
1227
1132
1252
1173
1299
1212
1342
1171
1365
1191
1373
1240
1319
1219
1274
1202
1263
1203
1231
1164
1263
1336
1350
1240
1381
1241
1389
1265
1371
1286
1317
1291
1260
1260
1238
1240
1241
1236
1250
1328
1348
1335
1377
1356
1382
1358
1335
1417
1289
1396
1228
1386
1170
1390
1223
1343
1230
1499
1263
1385
1285
1401
1259
1399
1260
1460
1212
1401
1164
1375
1127
1348
1134
1308
1173
1264
1279
1350
1303
1317
1303
1291
1284
1305
1226
1278
1183
1206
1212
1213
1206
1140
1264
1028
1325
1180
1342
1170
1340
1170
1319
1186
1268
1204
1214
1168
1242
1130
1265
1096
1269
1145
1335
1187
1325
1200
1333
1230
1293
1231
1228
1306
1179
1269
1143
1282
1211
1204
1235
1272
1287
1272
1318
1266
1331
1297
1278
1258
1225
1350
1203
1279
1186
1253
1242
1168
1277
1325
1324
1223
1381
1218
1344
1268
1309
1225
1242
1262
1189
1240
1193
1255
1236
1129
1290
1224
1387
1237
1388
1199
1368
1253
1336
1210
1277
1217
1244
1198
1230
1197
1267
1054
1312
1053
1368
1188
1365
1168
1336
1236
1291
1197
1247
1196
1203
1219
1248
1221
1277
1123
1302
1283
1368
1305
1370
1294
1336
1369
1268
1366
1224
1350
1201
1374
1199
1343
1221
1205
1282
1319
1301
1324
1300
1365
1262
1431
1205
1442
1172
1375
1143
1416
1165
1292
1225
1162
1290
1301
1349
1330
1342
1330
1320
1360
1249
1349
1235
1275
1224
1297
1237
1220
1283
1050
1343
1326
1370
1241
1379
1242
1337
1266
1275
1313
1254
1205
1238
1235
1269
1132
1297
952
1351
1146
1376
1137
1355
1156
1314
1152
1240
1240
1219
1160
1148
1126
1180
1062
1247
899
1340
1139
1327
1136
1316
1165
1296
1141
1203
1264
1155
1203
1136
1175
1159
1097
1210
938
1301
1194
1316
1168
1281
1212
1248
1177
1190
1336
1154
1290
1162
1233
1206
1153
1267
1002
1361
1255
1375
1212
1357
1254
1323
1235
1271
1370
1237
1267
1266
1238
1250
1108
1305
1279
1409
1249
1408
1211
1374
1277
1316
1279
1265
1425
1228
1354
1192
1336
1247
1145
1261
1250
1412
1303
1372
1281
1340
1300
1283
1329
1228
1454
1174
1385
1198
1331
1247
1182
1280
1347
1362
1286
1346
1276
1310
1360
1249
1355
1216
1391
1204
1391
1201
1361
1259
1184
1298
1384
1373
1295
1366
1272
1315
1329
1241
1294
1216
1268
1193
1306
1169
1189
1208
998
1245
1257
1364
1174
1350
1165
1311
1216
1225
1262
1229
1239
1183
1256
1179
1164
1216
964
1266
1255
1371
1194
1365
1212
1304
1235
1229
1338
1209
1312
1172
1343
1236
1218
1287
1045
1283
1289
1399
1232
1375
1245
1338
1277
1268
1380
1263
1360
1248
1322
1234
1228
1273
1020
1347
1314
1414
1255
1394
1284
1345
1291
1273
1424
1258
1361
1190
1381
1288
1280
1291
1098
1327
1363
1424
1304
1425
1358
1362
1374
1287
1526
1309
1414
1271
1450
1289
1338
1340
1081
1390
1357
1434
1282
1396
1330
1354
1282
1280
1460
1252
1384
1217
1324
1237
1161
1273
988
1387
1269
1392
1210
1347
1280
1296
1288
1227
1458
1203
1384
1222
1362
1259
1212
1245
1021
1345
1310
1354
1285
1317
1348
1257
1393
1200
1553
1191
1478
1184
1431
1245
1252
1251
1025
1363
1312
1338
1292
1294
1350
1233
1342
1173
1485
1160
1320
1124
1276
1223
1122
1267
840
1343
1189
1364
1161
1304
1250
1252
1246
1210
1396
1193
1223
1199
1199
1245
971
1264
782
1384
1118
1384
1135
1346
1257
1280
1284
1253
1437
1205
1284
1264
1205
1261
1000
1304
1076
1408
1170
1382
1185
1335
1284
1257
1357
1228
1443
1220
1303
1210
1182
1235
951
1262
1088
1386
1112
1352
1131
1315
1251
1243
1291
1212
1405
1208
1275
1238
1134
1259
985
1286
1177
1383
1145
1330
1192
1297
1308
1230
1407
1204
1397
1196
1400
1179
1261
1208
1014
1224
1262
1331
1218
1311
1255
1254
1317
1187
1452
1173
1401
1135
1420
1165
1270
1211
1028
1192
1317
1351
1247
1307
1303
1280
1328
1211
1495
1196
1472
1207
1391
1217
1270
1259
1044
1298
1269
1361
1199
1321
1266
1276
1282
1211
1437
1199
1305
1223
1297
1220
1098
1296
848
1286
1137
1377
1085
1321
1165
1291
1182
1232
1349
1233
1290
1224
1237
1259
1058
1342
832
1385
1145
1397
1114
1376
1217
1325
1257
1247
1437
1259
1315
1225
1293
1253
1087
1305
898
1397
1212
1397
1196
1346
1309
1285
1344
1226
1530
1179
1398
1181
1347
1259
1167
1296
865
1349
1215
1332
1189
1294
1288
1235
1336
1176
1522
1167
1370
1169
1321
1189
1059
1206
876
1330
1154
1312
1149
1275
1275
1221
1329
1187
1522
1190
1413
1159
1321
1251
1085
1265
1077
1371
1184
1353
1198
1254
1332
1244
1380
1210
1509
1226
1377
1241
1289
1270
1081
1298
1137
1366
1150
1334
1167
1285
1314
1210
1372
1176
1420
1171
1395
1172
1297
1198
1062
1245
1214
1332
1154
1287
1167
1258
1318
1184
1389
1164
1398
1107
1409
1139
1270
1185
998
1219
1234
1315
1148
1280
1186
1255
1214
1176
1396
1167
1385
1148
1355
1198
1231
1225
985
1291
1169
1369
1075
1345
1128
1306
1180
1234
1343
1244
1268
1241
1329
1249
1134
1306
861
1276
1100
1386
1012
1342
1073
1264
893
1275
1509
1181
1301
1186
1266
1271
1118
1306
876
1377
1112
1365
1055
1334
1135
1276
995
1255
1553
1196
1373
1180
1369
1202
1160
1239
948
1369
1202
1373
1142
1347
1231
1250
1436
1283
1627
1233
1482
1198
1421
1251
1190
1282
1113
1409
1206
1394
1140
1355
908
1204
1393
1279
1548
1215
1440
1194
1345
1218
1189
1294
1341
1368
1170
1363
1113
1326
927
1202
1383
1268
1397
1205
1436
1173
1337
1215
1171
1286
1347
1374
1186
1351
1146
1300
880
1155
1417
1242
1523
1180
1423
1194
1381
1205
1165
1325
1347
1356
1150
1346
1113
1253
822
1171
1531
1268
1413
1214
1460
1213
1373
1236
1157
1369
1296
1386
1181
1359
1154
1291
906
1174
1610
1268
1483
1196
1506
1238
1431
1240
1302
1350
1394
1387
1226
1338
1212
1241
1006
1202
1649
1279
1501
1198
1520
1253
1341
1268
1513
1401
1309
1389
1160
1371
1152
1273
926
1222
1625
1231
1438
1229
1490
1233
1361
1264
1420
1403
1280
1392
1139
1365
832
1226
992
1195
1664
1258
1453
1213
1485
1235
1348
1252
1494
1358
1230
1344
1108
1320
799
1187
994
1204
1644
1221
1406
1165
1386
1205
1228
1241
1394
1380
1174
1378
1047
1333
686
1183
887
1253
1596
1192
1325
1188
1340
1212
1120
1308
1337
1333
1085
1327
983
1292
630
1164
918
1232
1565
1141
1345
1149
1282
1216
1170
1355
1347
1399
1120
1380
1036
1313
762
1268
1029
1297
1708
1265
1453
1249
1433
1248
1429
1383
1412
1404
1198
1360
1125
1275
811
1206
1409
1288
1480
1158
1468
1180
1428
1248
1241
1355
1448
1382
1224
1348
1149
1252
902
1236
1429
1274
1733
1181
1529
1197
1449
1265
1616
1387
1395
1405
1183
1390
1121
1297
887
1258
1534
1290
1373
1188
1471
1247
1384
1290
1500
1389
1373
1410
1174
1379
790
1281
925
1234
1587
1272
1498
1227
1547
1212
1447
1271
1628
1384
1389
1395
1190
1369
909
1270
928
1193
1628
1271
1464
1162
1482
1201
1368
1245
1550
1360
1293
1367
1101
1357
690
1225
860
1267
1560
1263
1356
1138
1378
1184
1310
1347
1480
1391
1206
1393
1052
1331
632
1233
873
1299
1611
1290
1441
1189
1471
1215
1420
1340
1506
1373
1266
1361
1111
1264
703
1176
929
1201
1666
1194
1415
1164
1437
1162
1326
1291
1446
1314
1170
1325
994
1191
665
1154
892
1234
1557
1170
1301
1136
1303
1205
1495
1332
1311
1382
1071
1385
966
1321
601
1249
866
1329
1620
1266
1414
1280
1404
1312
1647
1424
1506
1441
1291
1426
856
1337
938
1275
1514
1310
1843
1208
1605
1231
1587
1261
1817
1349
1556
1353
1290
1352
831
1200
877
1167
1392
1244
1573
1181
1452
1190
1404
1241
1609
1344
1363
1368
1161
1360
680
1270
810
1240
1359
1297
1585
1172
1347
1214
1351
1349
1507
1382
1382
1410
1195
1366
785
1265
912
1227
1562
1266
1399
1187
1503
1182
1465
1323
1625
1367
1454
1366
1263
1251
833
1219
957
1209
1624
1264
1488
1190
1514
1219
1513
1352
1654
1375
1429
1378
1248
1264
795
1258
959
1227
1553
1286
1306
1205
1357
1237
1244
1361
1499
1403
1289
1407
1076
1279
753
1237
929
1287
1566
1303
1308
1172
1370
1275
1631
1345
1503
1406
1282
1391
1088
1286
751
1253
921
1282
1557
1280
1290
1161
1348
1242
1652
1305
1504
1368
1330
1353
1216
1251
810
1177
1005
1225
1647
1134
1327
1113
1386
1166
1622
1238
1493
1285
1286
1267
822
1176
803
1159
950
1211
1556
1125
1228
1153
1234
1255
1307
1329
1408
1365
1215
1360
791
1207
740
1192
1247
1290
1382
1225
1228
1224
1268
1249
1535
1353
1438
1356
1301
1333
842
1245
927
1219
1429
1271
1598
1183
1352
1228
1335
1310
1455
1386
1483
1384
1327
1358
852
1275
897
1241
1340
1302
1318
1237
1238
1224
1200
1370
1480
1409
1401
1413
1252
1357
775
1278
898
1231
1503
1317
1264
1271
1313
1297
1422
1389
1636
1421
1503
1402
1381
1319
949
1262
1052
1222
1518
1273
1307
1208
1321
1213
1587
1300
1597
1370
1417
1379
1339
1291
887
1275
970
1305
1582
1317
1269
1244
1331
1231
1662
1331
1585
1406
1436
1373
1295
1258
889
1222
993
1258
1549
1214
1183
1171
1252
1216
1549
1289
1477
1343
1340
1347
906
1252
863
1214
970
1279
1584
1269
1269
1216
1274
1176
1442
1305
1508
1340
1356
1327
897
1227
839
1171
961
1262
1475
1165
1116
1183
1133
1238
1286
1324
1470
1353
1336
1329
880
1252
929
1244
1260
1297
1613
1190
1230
1219
1251
1313
1434
1343
1529
1357
1396
1348
858
1205
871
1216
1375
1340
1318
1289
1140
1278
1174
1381
1386
1397
1455
1387
1396
1291
913
1228
978
1225
1463
1288
1373
1223
1198
1198
1224
1326
1496
1359
1491
1362
1381
1301
873
1232
939
1206
1440
1318
1296
1205
1148
1224
1424
1323
1423
1364
1370
1374
1242
1256
797
1218
902
1283
1382
1298
1074
1198
1064
1238
1416
1274
1434
1335
1404
1326
1360
1243
962
1213
1034
1199
1563
1288
1290
1213
1328
1231
1675
1248
1683
1332
1617
1324
1159
1198
1096
1183
1453
1310
1663
1263
1211
1187
1229
1222
1536
1312
1532
1350
1453
1340
1035
1250
965
1219
985
1299
1519
1263
1084
1207
1113
1340
1296
1327
1518
1353
1469
1353
1015
1254
1037
1260
1194
1303
1566
1251
1154
1223
1159
1316
1249
1328
1505
1364
1475
1355
947
1242
951
1247
1395
1339
1453
1270
1026
1273
1041
1341
1229
1355
1420
1358
1362
1284
909
1219
919
1251
1326
1325
1351
1212
945
1277
974
1325
1216
1355
1394
1361
1381
1301
952
1257
996
1248
1496
1346
1275
1252
1155
1276
1191
1345
1468
1390
1567
1364
1497
1239
1084
1209
1284
1189
1586
1299
1260
1184
1169
1201
1464
1249
1452
1309
1571
1302
1522
1131
1115
1174
1278
1254
1672
1268
1283
1204
1234
1214
1372
1291
1541
1337
1536
1347
1481
1265
1010
1311
1017
1313
1501
1359
1073
1244
1013
1262
1360
1332
1368
1365
1366
1357
931
1227
944
1235
1051
1325
1508
1316
1063
1188
1042
1241
1283
1297
1472
1314
1473
1311
1159
1241
1096
1243
1178
1306
1638
1237
1174
1197
1149
1242
1285
1330
1542
1344
1500
1337
1038
1260
1039
1267
1033
1308
1482
1247
1009
1256
979
1313
1197
1295
1396
1324
1400
1307
976
1185
1004
1261
1497
1312
1527
1210
1147
1203
1148
1276
1280
1380
1499
1359
1494
1265
986
1257
1388
1298
1429
1389
1387
1292
981
1317
986
1367
1144
1379
1371
1376
1315
1321
961
1285
993
1243
1478
1338
1100
1258
1040
1201
989
1295
1257
1306
1396
1315
1359
1230
1013
1215
1062
1208
1516
1333
1154
1226
1076
1222
1354
1292
1360
1353
1459
1352
1459
1279
1080
1308
1162
1314
1616
1400
1219
1316
1224
1323
1575
1341
1513
1397
1581
1388
1210
1293
1221
1367
1248
1336
1725
1361
1305
1262
1188
1235
1416
1292
1549
1336
1567
1329
1165
1219
1160
1293
1227
1254
1668
1351
1229
1289
1156
1321
1255
1301
1445
1343
1432
1326
963
1231
1387
1244
1078
1296
1473
1207
1007
1198
972
1166
1279
1209
1331
1260
1355
1254
943
1190
1270
1181
1095
1297
1585
1244
1132
1247
1071
1316
1240
1302
1467
1336
1460
1233
1009
1209
1293
1226
1084
1336
1496
1251
998
1282
1182
1305
1127
1317
1333
1339
1347
1244
933
1234
1219
1269
1414
1322
1339
1248
1028
1241
1006
1331
1204
1298
1438
1317
1482
1241
1093
1204
1363
1212
1579
1347
1470
1256
1207
1265
1489
1329
1312
1385
1574
1405
1534
1268
1152
1361
1258
1315
1677
1388
1276
1244
1177
1216
1146
1306
1358
1303
1452
1292
1458
1231
1103
1212
1143
1194
1585
1320
1177
1223
1157
1262
1453
1287
1396
1335
1478
1339
1092
1286
1252
1357
1175
1365
1587
1383
1137
1311
1068
1254
1369
1292
1390
1339
1429
1323
1087
1228
1082
1287
1139
1254
1591
1325
1164
1211
1098
1220
1355
1236
1460
1288
1475
1276
1102
1199
1530
1198
1200
1240
1649
1288
1159
1220
1097
1283
1219
1265
1405
1326
1399
1354
999
1273
1375
1312
1025
1370
1497
1333
1052
1305
965
1349
1244
1316
1375
1369
1390
1292
1019
1258
1345
1279
1180
1361
1642
1280
1155
1248
1133
1330
1277
1311
1501
1339
1512
1284
1136
1272
1347
1247
1593
1363
1497
1270
1190
1258
1131
1342
1217
1333
1488
1332
1411
1253
1068
1319
1161
1239
1483
1322
1390
1240
1104
1192
1346
1240
1146
1279
1362
1288
1371
1165
1023
1277
1132
1212
1556
1308
1229
1220
1142
1200
1327
1306
1285
1306
1444
1306
1000
1237
1442
1314
1164
1237
1614
1284
1229
1227
1068
1229
1347
1283
1274
1329
1320
1322
950
1205
1174
1337
982
1235
1488
1333
1110
1265
1014
1239
1243
1282
1281
1317
1356
1299
1088
1214
1142
1299
1178
1252
1712
1353
1297
1284
1250
1271
1385
1302
1507
1350
1496
1352
1097
1216
1530
1318
1217
1293
1642
1358
1192
1277
1099
1308
1181
1303
1386
1311
1386
1300
1007
1240
1444
1258
1155
1298
1639
1202
1159
1162
1116
1265
1199
1220
1402
1249
1381
1172
935
1170
1343
1193
1141
1273
1573
1223
1109
1200
987
1231
1122
1257
1297
1301
1287
1237
866
1294
1147
1224
1365
1342
1356
1238
1054
1281
973
1315
1109
1326
1372
1323
1333
1247
1030
1309
1175
1237
1520
1317
1370
1248
1165
1247
1186
1320
1318
1325
1417
1340
1402
1270
1019
1347
1115
1264
1307
1395
1292
1301
1161
1339
1407
1342
1303
1377
1422
1368
1089
1278
1459
1354
1177
1255
1678
1374
1281
1253
1230
1262
1488
1286
1389
1322
1442
1323
991
1244
1405
1288
1155
1279
1597
1313
1195
1263
1092
1259
1240
1296
1316
1344
1366
1334
968
1273
1453
1293
1141
1327
1624
1381
1231
1306
1151
1305
1483
1329
1449
1374
1453
1349
1046
1283
1526
1293
1228
1255
1719
1305
1252
1260
1214
1323
1312
1301
1448
1340
1422
1235
964
1290
1463
1223
1128
1324
1608
1270
1171
1263
1105
1323
1142
1284
1406
1323
1370
1261
978
1303
1303
1264
1194
1324
1684
1223
1230
1250
1202
1288
1309
1268
1463
1289
1434
1282
1054
1241
1203
1180
1264
1277
1678
1192
1232
1208
1485
1239
1167
1278
1344
1298
1346
1192
1014
1304
1038
1239
1374
1334
1324
1271
1116
1226
1303
1277
1141
1329
1324
1330
1298
1210
995
1316
1061
1271
1293
1335
1232
1268
1100
1201
1445
1257
1115
1272
1356
1261
963
1183
1394
1202
1064
1151
1554
1255
1172
1183
1088
1149
1390
1204
1289
1269
1330
1254
1014
1141
1347
1245
1062
1183
1581
1290
1216
1221
1154
1169
1274
1240
1337
1287
1365
1283
957
1188
1488
1231
1141
1237
1668
1290
1241
1263
1146
1287
1436
1326
1357
1381
1353
1375
938
1239
1406
1305
1094
1262
1533
1293
1078
1223
1020
1278
1103
1263
1228
1295
1203
1185
752
1268
1273
1227
1004
1231
1494
1293
1095
1185
1108
1320
1193
1295
1347
1337
1331
1253
920
1295
1331
1227
1176
1325
1664
1230
1210
1266
1183
1315
1345
1309
1482
1333
1398
1255
1141
1336
1277
1247
1236
1349
1699
1277
1264
1286
1510
1305
1323
1321
1468
1328
1392
1224
1223
1286
1134
1235
1464
1327
1238
1265
1144
1251
1182
1316
1190
1336
1378
1332
1377
1249
1207
1307
1127
1204
1384
1320
1316
1256
1206
1177
1481
1240
1167
1287
1335
1266
957
1179
1383
1234
1038
1164
1516
1249
1147
1149
1128
1161
1391
1161
1243
1280
1330
1284
990
1218
1377
1265
1071
1208
1568
1324
1223
1229
1125
1261
1267
1292
1324
1338
1345
1317
944
1215
1415
1275
1108
1260
1580
1318
1153
1220
1068
1226
1267
1323
1310
1334
1317
1315
903
1259
1393
1220
1083
1238
1638
1260
1212
1249
1138
1225
1201
1248
1407
1291
1389
1192
970
1263
1460
1177
1148
1207
1656
1223
1230
1235
1261
1290
1258
1287
1385
1339
1350
1271
954
1343
1234
1234
1085
1341
1574
1258
1116
1264
1036
1380
1200
1340
1376
1347
1293
1245
1247
1315
1252
1232
1216
1322
1641
1272
1231
1284
1413
1308
1187
1333
1396
1345
1372
1225
1282
1320
1115
1212
1333
1319
1271
1220
1172
1201
1132
1316
1179
1332
1366
1331
950
1249
1383
1320
1141
1243
1366
1343
1290
1275
1171
1226
1499
1283
1218
1342
1393
1335
1018
1206
1394
1288
1110
1231
1535
1296
1087
1195
1122
1197
1368
1262
1257
1321
1346
1313
1032
1212
1398
1269
1101
1252
1569
1326
1226
1223
1143
1247
1317
1255
1352
1318
1375
1301
958
1190
1431
1209
1088
1180
1553
1298
1159
1180
1123
1312
1214
1276
1332
1331
1320
1325
924
1233
1370
1226
1022
1237
1544
1257
1099
1230
1066
1356
1177
1337
1328
1383
1321
1321
963
1344
1427
1202
1095
1240
1611
1296
1204
1244
1104
1329
1210
1294
1378
1326
1376
1272
968
1281
1286
1227
1176
1278
1617
1236
1226
1206
1144
1287
1256
1308
1405
1353
1312
1248
1306
1358
1180
1285
1198
1381
1633
1312
1304
1285
1467
1357
1348
1372
1512
1392
1488
1288
1437
1349
1204
1285
1502
1353
1355
1274
1274
1213
1271
1325
1297
1321
1487
1314
1106
1186
1510
1290
1252
1196
1407
1288
1375
1167
1301
1215
1544
1221
1268
1271
1456
1259
1046
1135
1412
1233
1060
1141
1527
1264
1184
1166
1106
1201
1368
1219
1213
1269
1290
1279
927
1205
1315
1250
975
1200
1480
1300
1102
1221
1077
1217
1364
1312
1297
1361
1337
1350
898
1307
1430
1277
1087
1291
1531
1356
1152
1253
1162
1329
1250
1324
1328
1364
1368
1346
929
1279
1412
1234
1087
1222
1614
1291
1209
1264
1133
1276
1179
1296
1380
1363
1362
1303
986
1324
1461
1220
1128
1212
1639
1271
1248
1198
1179
1299
1359
1267
1444
1325
1425
1237
1022
1289
1344
1235
1189
1287
1608
1203
1178
1223
1090
1311
1239
1306
1388
1333
1357
1234
1272
1308
1111
1170
1066
1277
1467
1186
1127
1176
1266
1269
1138
1285
1311
1323
1276
1207
1222
1332
1014
1277
1246
1335
1195
1287
1118
1256
1238
1323
1154
1350
1372
1361
947
1266
1412
1331
1151
1249
1324
1317
1297
1236
1238
1180
1561
1250
1309
1318
1484
1310
1120
1236
1499
1307
1171
1214
1225
1332
1286
1227
1203
1266
1334
1326
1351
1357
1448
1347
978
1313
1483
1326
1112
1217
1587
1328
1226
1268
1198
1272
1336
1303
1366
1345
1409
1338
991
1314
1450
1296
1079
1210
1560
1300
1219
1209
1190
1302
1270
1242
1392
1318
1414
1312
983
1282
1445
1182
1078
1212
1590
1253
1170
1239
1094
1282
1123
1306
1331
1349
1303
1268
870
1333
1325
1270
1057
1214
1534
1222
1087
1239
1100
1301
1144
1286
1365
1334
1332
1302
942
1324
1342
1279
1129
1319
1517
1286
1209
1256
1187
1309
1302
1356
1468
1391
1445
1281
1395
1353
1240
1277
1207
1321
1528
1259
1252
1234
1355
1309
1283
1263
1430
1323
1405
1250
1356
1318
1068
1240
1371
1330
1225
1222
1138
1291
1164
1341
1198
1343
1385
1341
959
1197
1373
1303
1038
1205
1274
1257
1226
1184
1157
1253
1453
1283
1213
1348
1418
1353
1059
1228
1444
1341
1133
1291
1219
1355
1271
1280
1194
1288
1453
1315
1313
1362
1430
1349
951
1270
1453
1324
1095
1206
1557
1324
1160
1220
1132
1243
1378
1328
1355
1388
1395
1376
1002
1331
1443
1297
1148
1258
1588
1346
1272
1271
1237
1331
1327
1301
1474
1347
1509
1342
1088
1311
1546
1268
1229
1265
1735
1271
1291
1263
1216
1289
1307
1359
1501
1412
1472
1357
1016
1382
1490
1305
1143
1259
1639
1302
1228
1225
1170
1324
1332
1292
1446
1348
1423
1284
1092
1337
1317
1230
1172
1348
1659
1259
1263
1266
1228
1329
1376
1314
1534
1317
1465
1216
1431
1273
1299
1222
1190
1250
1516
1202
1217
1196
1391
1196
1221
1279
1430
1314
1399
1197
1371
1303
1088
1206
1252
1317
1205
1251
1126
1236
1104
1345
1178
1350
1343
1352
896
1234
1324
1321
1033
1224
1235
1319
1181
1243
1109
1277
1428
1322
1200
1370
1426
1367
1022
1268
1481
1357
1139
1225
1286
1319
1312
1238
1260
1203
1529
1269
1340
1305
1480
1299
1027
1265
1469
1264
1127
1214
1527
1297
1166
1255
1140
1263
1378
1284
1377
1364
1397
1365
990
1304
1445
1300
1105
1241
1553
1342
1225
1270
1187
1319
1231
1284
1405
1331
1421
1266
988
1310
1452
1249
1126
1209
1577
1232
1139
1223
1056
1234
1160
1294
1370
1340
1323
1300
847
1322
1326
1245
969
1225
1450
1239
1062
1186
996
1257
1124
1225
1301
1272
1284
1166
937
1236
1220
1186
1074
1239
1384
1196
1136
1184
1079
1247
1196
1255
1398
1298
1332
1224
1327
1298
1116
1202
1084
1292
1382
1227
1139
1277
1282
1363
1282
1374
1471
1427
1444
1375
1444
1450
1186
1404
1306
1490
1543
1439
1289
1480
1609
1550
1404
1600
1555
1630
1118
1551
1529
1647
1226
1549
1309
1636
1352
1570
1311
1600
1638
1626
1466
1669
1704
1647
1407
1499
1828
1550
1562
1401
1684
1464
1759
1363
1733
1334
1926
1335
1843
1349
1993
1325
1504
1245
2013
1273
1670
1212
2102
1260
1748
1206
1718
1207
1916
1239
1860
1280
1887
1259
1387
1200
1861
1160
1417
1118
1850
1192
1445
1113
1307
1140
1325
1135
1401
1192
1304
1138
868
1183
1288
1132
897
1128
1313
1175
882
1175
800
1155
833
1245
995
1318
945
1274
477
1324
941
1224
595
1240
1134
1295
751
1234
744
1336
904
1330
1081
1391
1069
1313
701
1378
1007
1315
834
1380
1251
1332
942
1343
851
1360
1041
1371
1235
1391
1152
1280
1143
1339
969
1209
957
1250
1231
1155
1030
1160
1089
1180
1221
1187
1452
1211
1465
1116
1500
1163
1271
1071
1348
1105
1614
1069
1375
1029
1728
1060
1450
1111
1630
1111
1178
973
1533
1079
1165
1022
1171
1086
1136
1047
1007
1051
1290
1110
1150
1179
1142
1195
700
1080
1051
1177
661
1071
735
1166
705
1045
611
1096
751
1158
695
1228
823
1252
345
1239
834
1289
517
1262
1001
1367
697
1327
778
1400
1143
1455
1145
1525
1278
1547
893
1499
1459
1502
1174
1464
1704
1603
1415
1557
1386
1594
1571
1647
1687
1695
1748
1631
1409
1699
1874
1636
1590
1575
2098
1572
1746
1486
1725
1405
1804
1435
1977
1419
1933
1272
1475
1264
1888
1128
1543
1062
1989
1038
1540
997
1495
1082
1576
1053
1732
1105
1676
1021
1239
1104
1662
1121
1693
1128
1534
1106
1317
1085
1262
1112
1133
1150
1033
1229
1377
1263
1301
1268
1258
1274
1085
1258
1050
1285
1005
1317
770
1307
644
1347
563
1319
514
1283
920
1414
997
1406
1022
1389
1050
1357
917
1347
909
1347
858
1287
691
1312
726
1304
811
1285
894
1333
1468
1353
1556
1352
1595
1360
1428
1342
1399
1353
1406
1351
1244
1322
1353
1320
1462
1266
1539
1253
1992
1360
1991
1362
1880
1366
1743
1327
1477
1314
1432
1300
1377
1269
1223
1259
1256
1254
1237
1234
1120
1278
1437
1272
1286
1241
1144
1172
927
1101
918
1069
949
1023
856
946
807
941
772
971
706
998
1079
1103
1064
1100
1056
1118
1079
1094
1000
1120
1096
1129
1127
1128
975
1170
907
1193
893
1211
816
1301
1315
1319
1350
1321
1411
1340
1322
1326
1365
1343
1340
1332
1119
1343
1058
1354
1045
1339
1024
1333
1484
1396
1582
1385
1614
1384
1603
1360
1401
1369
1338
1374
1241
1316
1110
1289
1124
1278
1127
1273
1241
1371
1727
1383
1710
1382
1632
1372
1386
1332
1245
1333
1238
1290
1100
1192
1063
1151
1098
1186
1148
1170
1567
1241
1529
1251
1410
1235
1295
1218
1079
1170
1068
1170
1034
1132
963
1134
960
1125
886
1170
879
1298
1190
1325
1173
1315
1125
1309
1024
1273
1113
1276
1226
1269
1127
1256
1152
1265
1131
1240
1086
1249
1450
1333
1484
1352
1511
1362
1547
1324
1452
1326
1507
1340
1513
1343
1321
1292
1243
1304
1144
1306
1152
1359
1653
1380
1703
1358
1735
1345
1536
1295
1511
1293
1408
1288
1167
1228
1086
1244
1058
1153
1076
1127
1542
1211
1590
1201
1594
1185
1531
1141
1292
1121
1201
1097
1130
1053
897
1068
916
1044
987
1064
999
1133
1430
1196
1348
1229
1226
1261
992
1247
921
1255
923
1261
805
1246
901
1271
985
1277
995
1253
1358
1375
1332
1379
1252
1377
1199
1340
1031
1305
1060
1303
1131
1244
960
1279
962
1256
856
1278
784
1371
1142
1396
1085
1401
1060
1352
975
1317
1021
1294
1101
1284
987
1228
946
1212
881
1231
855
1167
1231
1236
1355
1224
1443
1202
1528
1191
1449
1205
1485
1204
1459
1209
1242
1194
1157
1234
1159
1240
1155
1208
1686
1296
1759
1300
1769
1307
1639
1321
1466
1356
1325
1392
1149
1354
1107
1377
1119
1389
1251
1321
1720
1408
1963
1392
1954
1384
1878
1414
1579
1444
1459
1494
1411
1494
1270
1526
1375
1480
1479
1402
1629
1342
2077
1378
1975
1351
1776
1385
1525
1425
1227
1495
1147
1555
993
1513
1043
1488
1181
1374
1246
1298
1294
1246
1605
1154
1420
1177
1229
1212
942
1304
917
1401
965
1464
915
1364
1029
1255
1137
1167
1196
996
1612
1022
1576
985
1503
1027
1483
1109
1332
1223
1422
1311
1496
1299
1427
1242
1526
1111
1511
970
1409
931
1724
914
1579
962
1412
1099
1159
1233
1089
1381
1092
1476
980
1421
1009
1344
1050
1179
1050
1044
1419
1099
1382
1145
1257
1242
1134
1374
870
1534
851
1643
916
1668
827
1586
1013
1482
1175
1345
1225
1298
1593
1265
1435
1313
1233
1426
942
1524
826
1647
862
1679
808
1599
1010
1443
1177
1311
1259
1194
1626
1195
1564
1206
1337
1286
1171
1404
954
1533
1066
1622
1308
1610
1411
1501
1683
1331
1765
1145
1737
1044
2011
1133
1801
1194
1598
1300
1470
1432
1421
1560
1634
1598
1768
1489
1825
1430
1906
1285
1856
1122
1678
1150
1783
1165
1558
1282
1416
1412
1266
1490
1377
1557
1540
1546
1497
1383
1579
1249
1531
1151
1437
1022
1660
1134
1491
1205
1321
1326
1233
1443
1068
1542
1158
1556
1297
1489
1254
1337
1325
1174
1281
1057
1214
1099
1587
1156
1447
1225
1312
1363
1100
1456
1108
1533
1216
1551
1167
1377
1385
1301
1417
1154
1507
1017
1781
1106
1696
1157
1511
1262
1359
1382
1148
1456
1227
1484
1385
1385
1429
1297
1511
1112
1571
1016
1492
902
1736
1056
1479
1143
1290
1287
1087
1399
1017
1477
1138
1478
1150
1359
1257
1221
1222
1080
1184
941
1118
1024
1248
1068
1052
1188
963
1331
793
1395
903
1481
1061
1453
1059
1320
1108
1166
1149
1090
1069
1001
1416
1120
1340
1210
1243
1341
1225
1422
1104
1502
1218
1513
1312
1417
1187
1286
1261
1128
1241
1038
1217
1089
1606
1151
1514
1271
1389
1392
1134
1472
1095
1536
1141
1518
1106
1366
1188
1231
1256
1130
1289
1044
1610
1130
1605
1186
1397
1313
1211
1425
952
1513
961
1541
1069
1499
1027
1348
1205
1172
1299
1091
1263
1055
1604
1181
1443
1267
1208
1338
1038
1448
894
1506
1020
1468
1167
1289
1273
1143
1380
1017
1306
940
1225
1046
1403
1118
1168
1272
995
1394
835
1429
938
1441
1123
1368
1125
1187
1280
1100
1290
958
1166
919
1359
1084
1224
1163
1042
1270
982
1342
916
1382
1060
1321
1237
1256
1236
1169
1247
1026
1204
996
1156
1067
1415
1184
1276
1303
1136
1420
1012
1476
992
1500
1130
1459
1248
1322
1263
1237
1333
1135
1348
1083
1256
1205
1501
1310
1300
1465
1135
1568
926
1616
991
1613
1188
1552
1264
1398
1401
1215
1510
1144
1414
1168
1691
1262
1460
1373
1210
1505
1044
1584
906
1625
1094
1579
1406
1441
1539
1295
1670
1193
1690
1154
1493
1220
1608
1318
1316
1451
1131
1566
1040
1556
1142
1574
1439
1463
1655
1274
1746
1150
1817
1027
1673
988
1432
1095
1510
1223
1309
1335
1244
1449
1186
1453
1423
1421
1690
1317
1710
1162
1728
1003
1590
976
1333
994
1489
1112
1299
1262
1172
1391
1132
1456
1127
1460
1325
1415
1479
1264
1383
1139
1297
1089
1178
1048
916
1108
1138
1265
973
1401
890
1481
861
1523
910
1504
1079
1411
1277
1205
1233
1079
1158
988
1042
967
876
1155
1103
1301
973
1437
945
1531
907
1518
1114
1457
1335
1329
1332
1129
1440
1078
1341
1030
1134
1037
1266
1283
1138
1397
1052
1498
1104
1535
1134
1484
1393
1383
1623
1253
1564
1155
1518
1056
1319
1076
1140
1158
1339
1406
1195
1509
1227
1564
1294
1537
1410
1474
1643
1385
1780
1231
1645
1108
1502
1084
1219
1109
988
1272
1278
1385
1216
1455
1260
1515
1266
1505
1462
1432
1658
1334
1622
1219
1569
1143
1395
1111
1185
1106
1248
1307
1212
1418
1195
1495
1246
1513
1216
1468
1421
1380
1599
1268
1515
1090
1436
1005
1266
999
1101
1045
1294
1246
1183
1366
1154
1449
1229
1411
1268
1353
1454
1244
1619
1116
1444
968
1384
939
1142
969
859
1147
1116
1315
989
1435
995
1505
998
1436
1196
1351
1384
1225
1436
1106
1305
1004
1165
996
901
1077
778
1261
964
1399
928
1471
1014
1445
1039
1350
1238
1250
1419
1129
1329
1030
1152
930
961
966
712
1057
956
1225
899
1323
878
1384
1028
1370
1057
1312
1258
1222
1376
1129
1182
1034
1039
975
821
1027
669
1104
940
1339
904
1462
981
1513
1112
1479
1198
1432
1390
1331
1534
1213
1334
1110
1164
1087
1002
1130
808
1268
1129
1421
1119
1489
1236
1514
1323
1445
1462
1343
1652
1184
1618
1096
1445
986
1224
991
948
1087
1005
1297
1118
1420
1133
1484
1242
1479
1276
1384
1456
1276
1558
1164
1351
1044
1174
1000
968
1024
753
1159
1010
1365
1012
1474
1106
1551
1295
1493
1349
1407
1528
1306
1591
1191
1341
1127
1154
1087
901
1122
740
1259
1084
1442
1111
1536
1241
1546
1389
1475
1444
1393
1565
1275
1564
1149
1255
1071
1041
1028
872
1081
742
1266
1148
1405
1248
1496
1364
1514
1472
1436
1619
1338
1721
1229
1618
1075
1396
1041
1139
1060
970
1150
1019
1397
1270
1540
1353
1620
1505
1613
1527
1489
1675
1365
1715
1243
1493
1076
1306
1096
1064
1158
885
1231
1168
1469
1239
1612
1379
1637
1567
1561
1615
1421
1723
1266
1761
1140
1481
1040
1298
1056
1047
1125
900
1260
1253
1520
1326
1604
1458
1603
1673
1498
1677
1388
1740
1241
1684
1132
1320
1101
1014
1103
843
1220
735
1416
1162
1538
1273
1586
1466
1566
1589
1444
1639
1311
1673
1176
1576
1065
1219
1015
980
1047
794
1156
735
1391
1265
1510
1428
1563
1633
1503
1672
1344
1747
1214
1712
1109
1495
950
1137
992
967
1099
818
1201
1023
1405
1251
1492
1404
1503
1538
1427
1554
1266
1592
1130
1521
1028
1152
959
859
951
684
1072
561
1273
988
1476
1163
1557
1362
1532
1557
1437
1549
1266
1577
1140
1472
1055
1117
1014
917
1098
755
1191
687
1337
1164
1543
1338
1573
1561
1512
1715
1373
1651
1242
1608
1112
1453
1045
1040
1045
764
1116
631
1271
640
1446
1141
1588
1308
1594
1512
1522
1640
1367
1553
1217
1460
1100
1249
1019
841
1061
598
1124
552
1274
587
1471
1167
1607
1389
1554
1612
1466
1680
1301
1596
1162
1478
1051
1275
1027
866
1067
695
1189
705
1329
867
1530
1425
1588
1657
1558
1847
1421
1756
1229
1668
1087
1473
1001
1148
971
895
1041
740
1203
801
1307
1245
1518
1564
1517
1757
1459
1837
1293
1691
1115
1573
1001
1333
977
966
975
723
1051
680
1200
704
1382
1277
1505
1476
1490
1639
1405
1693
1263
1487
1100
1341
1037
1122
1020
731
1059
607
1161
561
1303
602
1410
1193
1525
1393
1494
1538
1403
1606
1291
1397
1135
1230
1056
1055
1035
714
1078
600
1134
593
1248
798
1386
1388
1503
1634
1457
1788
1357
1794
1203
1521
1071
1322
1013
1096
1008
757
1051
705
1174
735
1284
884
1486
1509
1499
1664
1448
1718
1330
1635
1164
1338
1056
1140
1017
958
994
706
1108
710
1313
824
1450
1025
1589
1611
1586
1742
1522
1808
1387
1640
1213
1403
1120
1227
1092
1081
1134
843
1254
923
1397
1101
1502
1317
1610
1764
1558
1862
1481
1801
1355
1598
1208
1386
1146
1210
1139
967
1192
854
1251
841
1380
925
1476
1468
1573
1664
1516
1765
1411
1737
1242
1486
1127
1317
1053
1158
1055
915
1062
854
1200
854
1348
995
1415
1567
1535
1738
1495
1782
1368
1736
1257
1455
1125
1241
1060
1107
1089
849
1162
793
1261
905
1384
1068
1500
1652
1560
1741
1491
1822
1362
1707
1225
1392
1087
1209
1054
1082
1094
819
1191
870
1283
966
1427
1096
1475
1670
1472
1738
1401
1720
1267
1618
1142
1305
1039
1161
1038
1060
1105
853
1176
905
1303
998
1395
1168
1479
1644
1506
1673
1408
1681
1284
1571
1165
1280
1079
1150
1046
1084
1110
861
1192
896
1298
1018
1409
1201
1516
1594
1474
1687
1401
1668
1282
1574
1178
1275
1100
1154
1092
1085
1167
912
1288
920
1356
985
1449
1112
1551
1512
1490
1631
1383
1588
1237
1469
1111
1181
1035
1076
1056
1033
1138
852
1207
964
1405
1053
1463
1135
1535
1543
1436
1564
1320
1537
1184
1437
1077
1138
1030
1096
1086
1097
1150
913
1305
1016
1362
1090
1416
1304
1502
1577
1405
1618
1275
1590
1172
1483
1077
1206
1069
1133
1118
1083
1218
921
1302
955
1356
1042
1361
1448
1362
1504
1322
1581
1220
1515
1133
1412
1048
1161
1050
1086
1099
977
1166
880
1254
944
1359
987
1399
1417
1423
1483
1345
1581
1261
1519
1143
1419
1049
1168
1033
1079
1085
976
1185
813
1323
912
1424
1029
1455
1444
1429
1519
1355
1567
1261
1550
1179
1397
1094
1159
1099
1065
1189
918
1300
809
1443
919
1547
1061
1511
1502
1478
1613
1378
1692
1265
1639
1175
1511
1118
1216
1143
1107
1243
982
1316
930
1462
986
1516
1154
1466
1664
1435
1693
1347
1757
1237
1671
1152
1509
1090
1231
1112
1115
1203
1030
1303
990
1364
1090
1434
1189
1422
1654
1398
1678
1312
1706
1220
1622
1143
1465
1089
1167
1111
1081
1205
971
1299
951
1365
1066
1415
1166
1428
1654
1410
1666
1331
1686
1226
1580
1150
1477
1105
1180
1157
1109
1246
962
1350
988
1475
1122
1515
1247
1490
1479
1400
1678
1320
1695
1193
1555
1087
1399
1065
1098
1102
1018
1210
926
1271
863
1412
1039
1431
1189
1365
1630
1310
1561
1208
1597
1129
1526
1068
1357
1052
1054
1093
982
1213
928
1287
910
1396
1097
1422
1282
1377
1606
1314
1666
1258
1654
1165
1558
1113
1359
1112
1081
1158
1027
1284
990
1368
967
1473
1158
1492
1293
1434
1535
1368
1616
1265
1591
1169
1437
1098
1273
1081
988
1140
974
1290
944
1397
933
1483
1118
1506
1272
1439
1478
1374
1575
1250
1557
1152
1438
1094
1272
1106
1018
1185
997
1300
1041
1408
1000
1494
1185
1485
1349
1417
1694
1334
1646
1228
1606
1171
1462
1109
1298
1146
1061
1218
1011
1354
1059
1434
1114
1460
1282
1457
1383
1403
1578
1289
1595
1178
1553
1098
1374
1073
1230
1119
1024
1204
1043
1378
1178
1454
1157
1548
1353
1491
1423
1446
1587
1390
1567
1268
1485
1184
1314
1153
1201
1188
1022
1266
1046
1406
1206
1521
1199
1550
1303
1509
1359
1468
1488
1334
1435
1214
1362
1141
1246
1106
1171
1161
1113
1260
1121
1401
1287
1521
1325
1550
1414
1465
1466
1350
1529
1266
1526
1140
1451
1081
1351
1072
1267
1148
1247
1275
1214
1419
1366
1540
1384
1519
1474
1474
1482
1338
1387
1293
1440
1148
1341
1090
1253
1097
1177
1167
1178
1278
1147
1411
1327
1512
1351
1514
1431
1451
1398
1388
1470
1245
1359
1143
1271
1085
1221
1097
1211
1152
1260
1285
1277
1415
1449
1499
1429
1529
1472
1401
1398
1264
1457
1161
1273
1042
1211
993
1204
1010
1230
1125
1310
1282
1305
1434
1448
1547
1418
1561
1405
1500
1366
1366
1344
1200
1226
1103
1235
1071
1279
1100
1321
1210
1384
1359
1403
1479
1515
1560
1491
1528
1476
1426
1329
1299
1219
1165
1239
1064
1205
1027
1227
1077
1283
1201
1352
1338
1336
1435
1406
1517
1412
1458
1281
1393
1255
1257
1046
1114
1048
1024
1019
1007
1096
1062
1196
1166
1301
1317
1335
1414
1363
1501
1405
1453
1220
1352
1160
1270
957
1128
989
1040
1140
1028
1134
1101
1259
1212
1395
1368
1446
1481
1383
1549
1385
1510
1163
1414
1109
1317
1000
1192
1075
1108
1188
1100
1280
1171
1458
1304
1540
1449
1548
1563
1469
1616
1466
1582
1268
1465
1197
1282
1188
1172
1283
1087
1257
1072
1386
1155
1467
1271
1505
1419
1530
1533
1442
1558
1420
1528
1249
1401
1114
1280
1027
1172
967
1115
1129
1103
1319
1176
1392
1305
1473
1425
1536
1521
1473
1552
1412
1525
1235
1417
1103
1321
994
1154
1092
1072
1153
1078
1314
1139
1476
1234
1551
1367
1558
1475
1528
1495
1340
1467
1257
1375
1162
1202
969
1102
1069
1033
1198
1023
1364
1055
1475
1189
1516
1325
1513
1423
1388
1442
1220
1398
1150
1318
987
1153
947
1034
982
1009
1108
991
1216
1067
1340
1194
1373
1345
1322
1451
1324
1495
1215
1475
1194
1404
1051
1275
1047
1138
1126
1111
1162
1109
1280
1169
1393
1273
1448
1397
1461
1509
1506
1517
1395
1489
1334
1423
1162
1295
1155
1153
1165
1147
1186
1131
1265
1188
1417
1285
1481
1416
1539
1509
1489
1553
1405
1535
1290
1469
1220
1324
1122
1221
1150
1132
1209
1091
1305
1135
1351
1230
1433
1348
1489
1438
1423
1494
1345
1485
1219
1366
1231
1257
1184
1150
1217
1042
1245
1043
1312
1092
1344
1176
1349
1317
1344
1427
1339
1491
1277
1463
1218
1390
1224
1268
1151
1176
1168
1092
1211
1115
1204
1148
1179
1242
1198
1350
1221
1447
1242
1497
1248
1484
1200
1420
1173
1315
1133
1195
1048
1130
1110
1081
1132
1113
1163
1189
1247
1245
1331
1368
1382
1453
1410
1461
1373
1408
1327
1314
1340
1152
1229
1111
1252
1073
1228
1100
1212
1162
1260
1263
1242
1406
1274
1472
1261
1499
1269
1457
1248
1371
1302
1251
1281
1175
1267
1124
1200
1167
1183
1220
1157
1315
1192
1378
1260
1468
1370
1503
1447
1445
1524
1342
1518
1241
1476
1158
1422
1115
1270
1143
1189
1196
1163
1294
1296
1380
1395
1464
1501
1511
1617
1474
1634
1404
1614
1307
1506
1231
1378
1179
1263
1159
1163
1238
1141
1308
1251
1417
1396
1471
1497
1516
1562
1496
1645
1444
1597
1352
1499
1288
1378
1227
1277
1193
1163
1214
1121
1257
1241
1328
1357
1396
1423
1423
1528
1420
1572
1345
1580
1276
1486
1176
1387
1135
1284
1073
1134
1112
1117
1176
1082
1259
1173
1336
1312
1379
1436
1379
1566
1337
1576
1274
1497
1207
1352
1154
1133
1065
984
1134
858
1173
941
1225
1043
1291
1206
1341
1363
1371
1508
1343
1548
1302
1413
1266
1253
1219
1043
1180
944
1157
891
1166
938
1201
1033
1269
1222
1327
1329
1381
1448
1419
1443
1376
1406
1331
1265
1272
1078
1219
969
1174
900
1180
934
1237
1002
1317
1161
1376
1293
1437
1425
1471
1529
1446
1547
1392
1526
1332
1294
1260
1165
1193
1044
1183
1033
1200
1088
1259
1192
1334
1382
1389
1576
1435
1717
1453
1731
1417
1596
1358
1437
1300
1154
1244
1027
1208
969
1229
1020
1274
1154
1345
1423
1422
1626
1457
1741
1489
1661
1473
1544
1407
1330
1328
1151
1253
1005
1199
993
1181
1041
1182
1199
1260
1395
1359
1561
1431
1613
1471
1583
1479
1510
1384
1309
1308
1143
1200
1043
1132
1014
1076
1051
1131
1193
1209
1325
1291
1515
1377
1630
1424
1694
1430
1594
1374
1493
1298
1324
1179
1183
1095
1087
1078
1075
1099
1143
1168
1231
1262
1498
1351
1634
1403
1673
1424
1636
1393
1514
1340
1296
1211
1039
1161
911
1102
910
1150
1023
1205
1230
1289
1430
1354
1594
1459
1614
1506
1516
1476
1367
1409
1136
1338
1015
1212
949
1152
1001
1127
1131
1179
1298
1238
1445
1343
1525
1432
1520
1475
1491
1468
1327
1380
1209
1279
1150
1146
1055
1075
1098
1041
1190
1108
1303
1174
1425
1283
1502
1372
1545
1444
1531
1444
1461
1370
1358
1287
1255
1191
1139
1120
1087
1097
1147
1133
1168
1206
1344
1303
1435
1404
1508
1455
1510
1485
1398
1423
1264
1341
1135
1252
1057
1168
1038
1167
1090
1149
1269
1215
1374
1302
1430
1400
1462
1483
1468
1508
1351
1480
1234
1394
1133
1300
1121
1211
1175
1149
1210
1141
1372
1181
1492
1284
1445
1382
1459
1477
1373
1517
1295
1491
1236
1390
1173
1297
1165
1211
1221
1146
1277
1140
1331
1183
1313
1291
1366
1375
1355
1458
1324
1503
1309
1492
1286
1411
1282
1295
1298
1210
1315
1144
1299
1125
1356
1148
1425
1202
1458
1277
1472
1339
1428
1387
1385
1388
1351
1341
1285
1259
1239
1186
1249
1101
1274
1100
1287
1117
1405
1163
1456
1234
1384
1318
1321
1392
1195
1416
1145
1406
1091
1343
1099
1254
1179
1211
1228
1165
1368
1169
1440
1207
1433
1221
1351
1363
1242
1434
1119
1487
1036
1480
1033
1396
1101
1312
1167
1232
1292
1183
1325
1177
1355
1179
1270
1244
1232
1292
1054
1368
1031
1377
1033
1373
1067
1334
1122
1265
1167
1176
1262
1158
1324
1142
1359
1147
1384
1177
1343
1227
1475
1265
1226
1362
1195
1389
1163
1364
1143
1326
1218
1268
1294
1223
1431
1177
1543
1164
1572
1190
1554
1224
1438
1286
1327
1348
1160
1335
1144
1364
1083
1325
1187
1262
1322
1186
1427
1139
1556
1109
1571
1119
1497
1157
1342
1224
1220
1293
1185
1298
1086
1369
1035
1326
1087
1271
1219
1215
1315
1176
1380
1142
1363
1180
1310
1221
1198
1270
1107
1344
1020
1410
1000
1425
979
1421
982
1414
1016
1349
1098
1304
1140
1256
1165
1273
1213
1304
1209
1290
1128
1347
1074
1388
1038
1414
970
1422
928
1376
918
1340
1039
1288
1148
1236
1285
1202
1371
1197
1414
1210
1384
1249
1280
1305
1228
1359
1133
1389
1130
1376
1169
1338
1313
1287
1389
1235
1484
1206
1547
1203
1570
1228
1526
1251
1450
1304
1411
1333
1335
1349
1311
1335
1320
1294
1335
1230
1281
1218
1371
1128
1389
1101
1452
1068
1464
1072
1467
1072
1420
1128
1343
1166
1302
1186
1204
1202
1155
1194
1123
1161
1043
1150
1193
1105
1273
1094
1382
1102
1413
1121
1372
1210
1291
1241
1137
1316
1033
1362
980
1386
940
1354
1007
1326
925
1290
1171
1251
1241
1253
1271
1255
1224
1324
1172
1389
1158
1449
1073
1501
989
1507
969
1468
980
1418
1064
1345
1070
1302
1153
1264
1213
1254
1268
1268
1313
1302
1308
1323
1282
1393
1262
1390
1128
1410
1100
1343
1077
1267
1116
1208
1174
1155
1365
1121
1471
1121
1563
1166
1617
1226
1542
1297
1508
1338
1333
1355
1162
1308
1126
1263
1125
1175
1252
1118
1363
1057
1478
1044
1589
1087
1611
1160
1574
1248
1401
1315
1247
1359
1120
1332
987
1277
1027
1196
1052
1121
1147
1082
1300
1102
1396
1114
1456
1195
1522
1281
1438
1378
1307
1442
1161
1439
1005
1408
893
1316
857
1242
915
1197
1036
1136
1291
1133
1421
1196
1546
1284
1560
1361
1479
1442
1234
1502
997
1501
802
1417
745
1321
794
1233
930
1166
1164
1132
1409
1161
1502
1209
1586
1356
1466
1461
1235
1524
962
1524
802
1468
744
1370
785
1252
916
1188
1157
1131
1501
1118
1585
1224
1650
1304
1597
1414
1477
1445
1250
1478
1084
1436
980
1328
926
1206
1018
1097
1192
1026
1401
1008
1639
1046
1763
1139
1835
1211
1757
1315
1585
1368
1349
1377
1072
1335
1008
1244
991
1153
1106
1087
1333
1052
1586
1057
1816
1174
1858
1276
1761
1379
1557
1476
1271
1534
989
1509
825
1448
802
1353
884
1256
1135
1181
1365
1164
1528
1200
1577
1296
1539
1405
1356
1493
1139
1541
944
1536
836
1461
757
1347
885
1224
1040
1122
1203
1073
1363
1084
1478
1147
1469
1255
1425
1334
1279
1404
1166
1441
1020
1422
966
1353
960
1258
1014
1171
1199
1090
1331
1070
1497
1101
1602
1175
1676
1284
1537
1389
1380
1457
1315
1483
1160
1476
1117
1391
1192
1259
1245
1147
1434
1074
1576
1047
1637
1094
1649
1188
1544
1279
1443
1377
1274
1421
1168
1409
1104
1333
1154
1239
1202
1098
1288
1013
1361
984
1349
1030
1383
1104
1343
1214
1306
1333
1257
1420
1205
1439
1157
1431
1100
1331
1057
1269
1027
1179
1073
1119
1122
1104
1205
1142
1261
1230
1340
1333
1348
1455
1334
1522
1154
1554
1081
1512
997
1425
965
1315
1065
1216
1178
1144
1290
1152
1400
1200
1482
1304
1442
1423
1398
1516
1304
1573
1174
1568
1084
1507
1101
1388
1111
1279
1189
1185
1302
1134
1390
1161
1439
1230
1459
1328
1421
1434
1352
1431
1308
1500
1220
1461
1158
1360
1154
1229
1159
1128
1250
1058
1364
1030
1481
1059
1548
1169
1585
1244
1437
1360
1432
1401
1316
1420
1194
1374
1117
1303
1143
1206
1218
1103
1379
1056
1494
1061
1636
1111
1634
1206
1594
1333
1269
1426
1208
1474
1110
1481
1046
1416
1097
1333
1221
1236
1390
1149
1504
1115
1580
1126
1593
1199
1478
1293
1257
1409
1122
1481
1045
1489
980
1464
1040
1379
1119
1283
1262
1199
1374
1121
1458
1096
1462
1125
1397
1192
1239
1246
1144
1361
1102
1415
981
1449
953
1403
983
1322
1073
1245
1141
1166
1300
1112
1406
1098
1427
1131
1364
1220
1344
1306
1134
1426
933
1482
889
1482
913
1442
987
1350
1186
1243
1368
1151
1485
1052
1508
1111
1509
1167
1372
1262
1197
1356
1024
1452
957
1484
1022
1468
1168
1397
1297
1334
1464
1210
1591
1129
1629
1102
1570
1127
1497
1189
1389
1292
1258
1386
1327
1429
1130
1471
1128
1447
1216
1370
1298
1266
1427
1177
1503
1125
1571
1089
1547
1152
1452
1240
1307
1349
1167
1440
1007
1493
933
1490
918
1421
1068
1325
1202
1202
1368
1123
1513
1079
1572
1094
1477
1170
1396
1268
1196
1372
991
1445
1060
1460
1004
1419
996
1339
1141
1228
1374
1120
1489
1056
1603
1020
1564
1074
1513
1152
1274
1240
1154
1340
988
1396
969
1412
866
1362
1083
1257
1233
1188
1388
1120
1522
1095
1615
1121
1622
1189
1545
1278
1368
1396
1212
1466
1092
1491
966
1428
939
1428
1177
1319
1373
1230
1527
1176
1668
1163
1744
1200
1669
1283
1517
1380
1286
1482
1079
1504
936
1484
1023
1416
1077
1374
1241
1277
1445
1212
1597
1181
1660
1187
1605
1259
1455
1317
1245
1383
1026
1432
913
1444
878
1422
857
1335
1119
1278
1299
1205
1360
1164
1437
1138
1443
1142
1378
1189
1245
1241
1091
1290
963
1327
896
1326
875
1291
979
1235
1311
1197
1292
1138
1400
1110
1462
1111
1468
1139
1404
1189
1283
1258
1148
1316
1051
1340
1045
1337
1115
1317
1237
1264
1403
1219
1513
1146
1565
1163
1532
1176
1476
1216
1349
1274
1205
1329
1131
1380
1103
1394
1155
1387
1264
1363
1384
1322
1459
1268
1409
1265
1435
1229
1347
1227
1257
1217
1160
1293
1137
1320
1146
1361
1132
1371
1234
1352
1284
1330
1329
1297
1366
1255
1248
1278
1325
1218
1238
1224
1208
1246
1172
1288
1142
1328
1138
1340
1158
1359
1174
1345
1263
1337
1288
1275
1308
1250
1280
1228
1309
1226
1300
1252
1196
1282
1152
1313
1116
1341
1102
1355
1150
1348
1258
1330
1315
1282
1369
1256
1384
1238
1369
1208
1519
1197
1212
1225
1208
1236
1203
1270
1214
1278
1235
1302
1261
1308
1323
1312
1313
1280
1363
1257
1375
1237
1381
1225
1430
1223
1371
1242
1333
1269
1274
1309
1208
1302
1170
1344
1181
1379
1225
1362
1284
1342
1346
1316
1380
1311
1410
1298
1351
1312
1316
1326
1229
1343
1131
1352
1038
1358
1063
1358
1122
1357
1234
1285
1326
1294
1435
1270
1486
1254
1466
1240
1402
1224
1325
1223
1214
1233
1132
1240
1085
1267
1103
1259
1158
1265
1298
1234
1396
1253
1491
1242
1538
1212
1532
1215
1456
1217
1362
1208
1255
1240
1125
1264
1038
1275
1049
1283
1140
1285
1257
1281
1381
1280
1480
1255
1542
1245
1471
1244
1380
1242
1223
1260
1063
1250
928
1274
874
1291
913
1285
994
1281
1138
1270
1262
1285
1369
1249
1359
1244
1303
1247
1206
1255
1063
1253
973
1260
921
1270
912
1269
1001
1267
1110
1270
1232
1230
1389
1238
1453
1200
1491
1243
1489
1239
1445
1263
1365
1273
1194
1313
1176
1320
1101
1326
1105
1325
1184
1307
1269
1290
1365
1267
1470
1266
1560
1284
1602
1308
1579
1293
1395
1362
1284
1373
1210
1363
1114
1344
1117
1313
1192
1267
1319
1251
1452
1250
1534
1254
1631
1269
1615
1297
1574
1316
1459
1323
1325
1323
1193
1304
1102
1272
1088
1243
1131
1224
1229
1221
1342
1213
1452
1223
1518
1253
1529
1277
1455
1302
1348
1306
1147
1302
1088
1288
939
1260
949
1203
1014
1210
1124
1195
1319
1201
1467
1263
1530
1258
1545
1302
1460
1296
1256
1290
1104
1280
972
1234
935
1208
967
1182
1059
1155
1199
1169
1310
1197
1402
1213
1403
1245
1385
1280
1253
1282
1154
1273
1003
1243
928
1269
911
1264
991
1262
1118
1270
1203
1278
1305
1310
1365
1300
1355
1319
1289
1331
1244
1338
1113
1364
989
1374
1077
1378
1101
1373
1198
1341
1302
1349
1421
1355
1521
1336
1557
1333
1522
1335
1467
1343
1445
1335
1362
1333
1308
1335
1293
1330
1385
1303
1471
1268
1534
1236
1541
1214
1488
1196
1462
1180
1340
1173
1226
1173
1157
1183
1085
1196
1139
1201
1123
1203
1173
1199
1225
1185
1286
1164
1174
1146
1212
1133
1112
1143
1079
1164
1089
1197
1053
1233
1053
1291
1094
1343
1192
1342
1262
1343
1315
1328
1348
1310
1334
1302
1279
1315
1250
1346
1207
1400
1179
1430
1216
1469
1298
1491
1339
1490
1417
1466
1508
1436
1549
1390
1599
1343
1544
1303
1515
1291
1450
1288
1340
1285
1400
1277
1411
1245
1441
1238
1522
1201
1516
1207
1548
1185
1530
1164
1505
1155
1449
1135
1419
1176
1410
1199
1325
1183
1234
1261
1274
1280
1256
1293
1235
1286
1219
1269
1192
1250
1110
1225
1137
1213
1078
1195
1040
1258
948
1253
904
1278
913
1292
910
1290
935
1282
900
1263
925
1229
966
1218
940
1216
1026
1224
1063
1241
1059
1256
1188
1288
1072
1300
1062
1310
1077
1313
1106
1314
1072
1316
1051
1326
1099
1339
1186
1345
1226
1366
1300
1402
1321
1397
1379
1404
1408
1410
1434
1396
1412
1402
1379
1366
1360
1329
1358
1303
1356
1277
1378
1254
1443
1234
1497
1222
1526
1224
1463
1249
1571
1231
1551
1235
1503
1232
1478
1216
1489
1182
1411
1164
1419
1170
1416
1139
1446
1164
1502
1172
1518
1215
1531
1223
1496
1237
1470
1251
1325
1259
1269
1258
1199
1247
1156
1201
1067
1240
1105
1234
1122
1237
1139
1236
1075
1280
1119
1287
1123
1296
1115
1306
1006
1275
955
1300
853
1269
893
1252
906
1239
978
1229
1065
1237
1159
1259
1186
1298
1238
1325
1206
1348
1193
1358
1131
1347
1125
1336
1099
1315
1154
1295
1164
1303
1235
1336
1371
1356
1448
1393
1496
1417
1546
1445
1548
1435
1460
1428
1394
1409
1315
1320
1234
1312
1190
1270
1210
1260
1304
1235
1406
1236
1460
1245
1523
1245
1544
1258
1439
1227
1336
1228
1225
1208
1130
1191
1052
1170
1090
1162
1167
1167
1245
1218
1358
1213
1503
1244
1371
1253
1507
1259
1473
1248
1315
1242
1189
1225
1070
1200
1009
1183
929
1203
995
1193
1016
1209
1122
1234
1088
1279
1231
1218
1172
1280
1104
1279
1019
1284
898
1284
809
1299
801
1296
792
1311
924
1327
1028
1310
1193
1366
1300
1403
1398
1395
1462
1414
1453
1435
1387
1453
1339
1456
1311
1463
1305
1459
1345
1451
1444
1433
1524
1414
1690
1407
1823
1414
1818
1377
1795
1382
1696
1379
1564
1372
1453
1356
1361
1333
1281
1310
1251
1277
1296
1247
1326
1223
1357
1202
1346
1200
1382
1203
1320
1214
1291
1226
1212
1236
1158
1256
1162
1258
1158
1245
1120
1231
1190
1210
1222
1194
1259
1182
1298
1190
1390
1202
1350
1230
1281
1294
1250
1280
1208
1295
1228
1297
1286
1283
1335
1245
1378
1222
1397
1214
1393
1186
1324
1197
1255
1206
1152
1233
1036
1261
1040
1280
1037
1283
1067
1272
1172
1294
1232
1290
1273
1292
1288
1295
1271
1307
1252
1324
1123
1358
1096
1384
1041
1397
1049
1440
1074
1448
1127
1453
1305
1448
1415
1426
1502
1409
1591
1368
1466
1372
1426
1342
1329
1323
1206
1320
1063
1313
1065
1286
1107
1290
1226
1263
1341
1267
1488
1248
1568
1241
1577
1218
1544
1202
1427
1203
1237
1184
1102
1184
1014
1178
1012
1193
1095
1195
1216
1197
1366
1210
1503
1213
1517
1225
1580
1213
1532
1227
1444
1200
1265
1199
1144
1208
1038
1243
1042
1241
1043
1257
1179
1273
1311
1271
1414
1320
1313
1283
1450
1265
1418
1262
1257
1278
1114
1262
979
1315
950
1361
871
1382
914
1405
1009
1413
1156
1410
1397
1382
1337
1397
1362
1373
1317
1352
1269
1346
1113
1352
1041
1328
1002
1352
1000
1352
1094
1345
1181
1322
1284
1303
1335
1279
1394
1275
1359
1252
1319
1261
1255
1270
1203
1284
1174
1320
1180
1313
1211
1320
1252
1306
1300
1279
1352
1240
1410
1223
1402
1170
1436
1155
1400
1133
1324
1174
1304
1202
1281
1221
1324
1233
1309
1233
1391
1218
1392
1196
1410
1171
1401
1134
1310
1159
1288
1152
1231
1166
1203
1193
1165
1221
1181
1247
1227
1263
1288
1280
1354
1282
1332
1280
1318
1278
1216
1269
1254
1237
1059
1303
997
1298
919
1323
1007
1346
1032
1365
1131
1372
1203
1360
1278
1343
1286
1311
1277
1285
1209
1282
1128
1260
946
1277
958
1276
950
1286
1019
1300
1078
1312
1188
1329
1298
1321
1425
1297
1429
1290
1477
1274
1357
1261
1240
1265
957
1256
1016
1265
986
1280
991
1299
1096
1304
1296
1322
1434
1328
1557
1337
1588
1316
1547
1314
1422
1296
1232
1272
1044
1262
941
1250
918
1251
1002
1258
1086
1278
1294
1288
1473
1274
1604
1290
1580
1278
1573
1274
1424
1252
1267
1236
1230
1197
1006
1254
947
1243
959
1237
1126
1273
1248
1287
1418
1288
1549
1276
1548
1250
1491
1224
1414
1194
1198
1197
998
1187
802
1208
870
1205
825
1224
954
1240
1147
1253
1298
1253
1406
1235
1450
1240
1394
1235
1236
1230
1113
1217
974
1215
925
1235
919
1249
926
1304
1068
1320
1183
1332
1315
1330
1376
1328
1389
1315
1386
1286
1320
1276
1262
1264
1202
1267
1223
1287
1186
1300
1141
1315
1278
1316
1270
1312
1355
1246
1391
1252
1406
1262
1409
1205
1394
1187
1374
1187
1336
1178
1241
1213
1344
1244
1316
1261
1321
1257
1313
1258
1300
1257
1276
1245
1253
1235
1225
1236
1226
1228
1245
1228
1277
1267
1300
1256
1387
1265
1359
1277
1285
1270
1213
1248
1092
1241
1018
1226
872
1208
881
1216
928
1209
979
1215
1131
1217
1152
1225
1184
1246
1161
1243
1109
1246
1019
1235
901
1200
872
1209
854
1223
850
1222
965
1232
987
1248
1100
1257
1165
1267
1283
1267
1286
1281
1286
1269
1269
1271
1194
1275
1141
1279
1122
1284
1115
1290
1161
1270
1238
1280
1333
1263
1381
1261
1510
1250
1517
1247
1508
1250
1402
1250
1331
1251
1214
1269
1124
1276
1127
1281
1128
1309
1058
1316
1313
1294
1427
1333
1406
1295
1371
1285
1389
1266
1314
1261
1304
1245
1210
1259
1180
1280
1174
1284
1145
1291
1129
1306
1190
1285
1258
1278
1253
1264
1284
1247
1302
1226
1312
1204
1274
1195
1158
1200
1122
1206
1102
1229
1100
1255
1071
1251
1145
1267
1214
1257
1253
1257
1291
1250
1255
1235
1202
1243
1135
1220
1072
1226
1047
1231
1073
1249
1091
1258
1230
1284
1174
1294
1228
1304
1245
1304
1273
1272
1217
1283
1238
1262
1156
1257
1176
1271
1171
1291
1232
1303
1369
1304
1296
1341
1328
1334
1340
1315
1349
1305
1317
1271
1273
1219
1250
1206
1166
1188
1200
1181
1172
1181
1199
1203
1218
1202
1352
1208
1312
1226
1324
1234
1290
1215
1237
1219
1131
1212
1059
1209
1003
1242
989
1219
1000
1225
1147
1224
1224
1224
1312
1245
1311
1272
1313
1286
1250
1279
1153
1274
1065
1271
1014
1275
1033
1254
1056
1268
1123
1279
1226
1288
1293
1294
1263
1310
1210
1303
1252
1297
1159
1289
1097
1287
1056
1268
1030
1292
1028
1275
1110
1270
1122
1266
1218
1263
1276
1263
1279
1255
1353
1268
1318
1249
1227
1247
1201
1245
1113
1266
1069
1232
1093
1225
1098
1214
1297
1198
1352
1186
1450
1181
1459
1181
1571
1139
1318
1226
1278
1227
1211
1241
1122
1245
1113
1262
1175
1275
1260
1273
1359
1278
1450
1281
1509
1280
1485
1290
1436
1286
1271
1287
1222
1268
1097
1262
1077
1249
1052
1244
1065
1234
1137
1219
1193
1227
1253
1225
1311
1222
1331
1242
1291
1272
1282
1236
1205
1241
1105
1254
1026
1259
960
1271
980
1285
1023
1291
1104
1280
1216
1275
1312
1275
1317
1268
1280
1275
1334
1256
1227
1235
1141
1236
1081
1236
1014
1242
1010
1233
1073
1262
1150
1273
1210
1273
1291
1272
1330
1276
1343
1261
1322
1246
1340
1237
1261
1248
1202
1256
1136
1289
1099
1306
1042
1312
1081
1320
1111
1312
1180
1296
1229
1271
1278
1272
1340
1265
1367
1264
1334
1288
1235
1317
1211
1344
1177
1364
1189
1375
1203
1382
1299
1352
1350
1343
1379
1301
1386
1308
1392
1321
1374
1287
1354
1288
1329
1290
1308
1293
1314
1261
1314
1258
1266
1230
1304
1206
1277
1172
1263
1155
1241
1150
1293
1152
1241
1187
1247
1207
1238
1243
1250
1269
1201
1291
1221
1259
1219
1269
1206
1247
1168
1240
1232
1252
1222
1248
1238
1269
1247
1294
1219
1327
1182
1355
1253
1371
1299
1372
1330
1341
1351
1346
1386
1342
1411
1337
1371
1335
1345
1322
1261
1330
1264
1326
1239
1331
1229
1350
1262
1329
1261
1324
1301
1307
1299
1289
1293
1279
1252
1276
1227
1249
1197
1235
1058
1253
1233
1232
1171
1230
1142
1232
1146
1245
1174
1253
1196
1229
1198
1252
1253
1269
1286
1260
1317
1265
1344
1270
1370
1286
1277
1298
1314
1290
1294
1303
1266
1325
1256
1330
1280
1329
1323
1294
1388
1324
1413
1324
1452
1304
1497
1298
1496
1297
1463
1279
1461
1273
1370
1268
1367
1277
1381
1278
1343
1284
1404
1276
1370
1272
1365
1270
1369
1263
1380
1263
1466
1241
1398
1286
1299
1298
1241
1316
1181
1328
1116
1331
1095
1287
1099
1305
1066
1284
1128
1264
1190
1268
1222
1219
1221
1241
1098
1280
1182
1281
1133
1285
1105
1293
1083
1298
1122
1288
1184
1259
1232
1297
1285
1264
1307
1269
1336
1278
1303
1282
1354
1313
1345
1348
1331
1379
1345
1393
1344
1391
1331
1389
1353
1374
1339
1363
1330
1335
1333
1333
1349
1315
1395
1323
1335
1335
1364
1351
1379
1342
1371
1325
1343
1300
1325
1260
1321
1230
1290
1202
1300
1187
1288
1186
1309
1187
1294
1201
1308
1214
1269
1227
1271
1234
1259
1241
1310
1235
1284
1217
1251
1235
1255
1244
1240
1259
1238
1270
1212
1281
1127
1282
1108
1271
1108
1298
1151
1299
1127
1296
1158
1266
1170
1277
1172
1291
1153
1287
1160
1295
1156
1287
1141
1293
1101
1294
1126
1287
1141
1278
1158
1264
1185
1259
1212
1251
1234
1244
1282
1252
1302
1263
1336
1274
1338
1281
1323
1284
1314
1284
1290
1299
1286
1285
1278
1286
1323
1273
1365
1302
1429
1318
1491
1336
1509
1349
1516
1350
1502
1346
1473
1334
1443
1318
1400
1307
1407
1302
1419
1304
1435
1297
1448
1309
1442
1308
1447
1301
1399
1279
1370
1261
1334
1246
1298
1220
1264
1206
1241
1210
1190
1210
1159
1201
1151
1233
1129
1240
1128
1260
1125
1263
1122
1269
1094
1283
1093
1290
1077
1301
1061
1319
1030
1334
1041
1361
1081
1384
1107
1404
1162
1408
1205
1388
1247
1412
1269
1399
1289
1373
1302
1368
1287
1348
1295
1349
1301
1336
1325
1324
1377
1328
1412
1311
1443
1292
1460
1269
1504
1255
1480
1239
1466
1204
1441
1222
1407
1242
1384
1253
1357
1264
1332
1270
1319
1270
1324
1264
1332
1257
1337
1267
1333
1253
1355
1262
1357
1269
1335
1272
1323
1284
1236
1300
1193
1302
1174
1295
1167
1284
1185
1295
1229
1264
1243
1255
1291
1263
1296
1279
1285
1288
1251
1315
1204
1329
1173
1341
1153
1347
1180
1317
1207
1347
1258
1338
1266
1339
1341
1359
1351
1358
1332
1372
1324
1364
1301
1365
1285
1361
1269
1338
1275
1312
1292
1287
1319
1264
1366
1243
1410
1242
1436
1236
1465
1251
1472
1265
1444
1253
1401
1240
1369
1193
1297
1220
1250
1190
1263
1196
1294
1209
1302
1222
1352
1254
1374
1277
1369
1318
1343
1333
1317
1343
1247
1345
1179
1308
1176
1324
1182
1322
1196
1304
1228
1336
1242
1360
1252
1379
1246
1396
1237
1397
1208
1401
1196
1377
1187
1361
1169
1346
1157
1317
1169
1321
1190
1306
1197
1314
1225
1313
1235
1324
1256
1319
1286
1309
1325
1293
1334
1288
1350
1278
1346
1282
1372
1297
1360
1314
1420
1321
1431
1334
1446
1337
1464
1332
1451
1324
1445
1304
1413
1290
1404
1270
1384
1281
1358
1295
1375
1290
1373
1296
1381
1292
1369
1282
1335
1270
1299
1248
1252
1226
1232
1223
1188
1227
1172
1196
1200
1213
1197
1220
1228
1226
1302
1224
1318
1228
1343
1222
1349
1183
1349
1217
1332
1230
1344
1237
1353
1261
1336
1268
1326
1311
1332
1320
1333
1348
1328
1363
1372
1371
1386
1396
1373
1382
1407
1378
1387
1381
1339
1386
1290
1397
1243
1389
1194
1391
1168
1380
1180
1364
1205
1346
1236
1337
1278
1324
1290
1317
1290
1319
1273
1316
1257
1312
1241
1312
1208
1265
1193
1287
1181
1282
1184
1266
1219
1261
1217
1268
1272
1284
1276
1296
1320
1314
1331
1327
1334
1309
1328
1308
1280
1298
1250
1273
1223
1273
1208
1274
1197
1279
1242
1277
1278
1318
1311
1326
1334
1331
1350
1312
1356
1300
1309
1265
1283
1269
1249
1257
1234
1215
1255
1224
1263
1220
1288
1218
1320
1225
1317
1232
1335
1252
1359
1259
1351
1257
1350
1266
1329
1217
1328
1273
1300
1277
1306
1285
1303
1296
1288
1308
1289
1327
1307
1323
1322
1334
1330
1323
1341
1309
1339
1305
1306
1296
1319
1295
1306
1290
1306
1289
1321
1310
1333
1320
1367
1319
1378
1309
1404
1290
1433
1283
1400
1279
1387
1251
1359
1282
1335
1315
1274
1332
1313
1333
1316
1345
1315
1337
1320
1333
1326
1327
1319
1323
1306
1312
1291
1313
1259
1308
1226
1301
1218
1307
1199
1312
1192
1300
1203
1286
1197
1290
1219
1280
1236
1271
1262
1256
1250
1259
1265
1252
1271
1261
1229
1282
1208
1283
1201
1293
1197
1298
1214
1310
1218
1306
1246
1302
1268
1315
1272
1311
1271
1313
1262
1324
1260
1338
1244
1347
1250
1350
1295
1354
1295
1350
1315
1351
1329
1311
1355
1338
1376
1369
1405
1355
1431
1347
1437
1345
1428
1344
1433
1320
1423
1307
1409
1292
1393
1279
1390
1275
1404
1279
1403
1289
1421
1281
1442
1281
1444
1306
1421
1297
1415
1289
1358
1276
1322
1263
1311
1248
1283
1249
1290
1269
1308
1248
1344
1273
1355
1287
1386
1292
1393
1304
1372
1304
1335
1303
1324
1305
1291
1308
1269
1297
1263
1294
1264
1301
1254
1311
1283
1320
1296
1328
1304
1312
1308
1295
1293
1284
1279
1272
1251
1261
1229
1252
1183
1265
1166
1270
1164
1296
1198
1342
1179
1332
1200
1327
1230
1323
1254
1305
1261
1278
1260
1274
1246
1279
1234
1288
1232
1305
1237
1332
1254
1341
1264
1336
1309
1326
1338
1312
1348
1293
1371
1259
1354
1229
1368
1251
1341
1261
1339
1278
1336
1301
1310
1314
1294
1326
1269
1321
1266
1308
1270
1291
1268
1270
1278
1251
1280
1230
1289
1236
1283
1242
1269
1243
1254
1273
1232
1289
1234
1296
1236
1316
1267
1285
1342
1259
1365
1244
1404
1231
1424
1224
1430
1234
1407
1285
1404
1282
1391
1296
1371
1293
1365
1294
1379
1272
1403
1266
1418
1234
1408
1256
1448
1262
1426
1280
1436
1299
1402
1311
1398
1310
1362
1312
1314
1291
1277
1275
1236
1260
1216
1235
1195
1252
1216
1259
1236
1282
1231
1313
1224
1308
1191
1312
1166
1309
1117
1300
1072
1298
1048
1293
1055
1306
1061
1317
1102
1338
1145
1350
1188
1354
1201
1377
1236
1382
1249
1396
1235
1377
1233
1356
1225
1331
1234
1331
1247
1314
1302
1311
1344
1319
1375
1311
1413
1313
1419
1299
1413
1289
1387
1262
1353
1236
1307
1214
1282
1201
1246
1203
1227
1218
1239
1217
1279
1252
1328
1258
1356
1256
1361
1245
1371
1235
1373
1220
1332
1212
1295
1217
1272
1214
1268
1268
1283
1288
1323
1305
1369
1300
1400
1283
1409
1271
1406
1249
1384
1239
1344
1246
1311
1249
1294
1271
1298
1287
1299
1302
1313
1346
1325
1302
1346
1305
1296
1294
1286
1285
1254
1280
1227
1272
1206
1294
1217
1320
1219
1349
1219
1393
1232
1387
1230
1391
1240
1365
1251
1349
1267
1339
1263
1333
1270
1323
1277
1331
1268
1345
1264
1373
1276
1378
1256
1386
1298
1371
1334
1351
1369
1306
1405
1272
1425
1256
1436
1238
1427
1244
1408
1265
1388
1309
1363
1305
1340
1317
1372
1307
1342
1279
1357
1267
1381
1213
1378
1194
1375
1189
1350
1203
1316
1227
1294
1234
1267
1274
1235
1280
1223
1280
1199
1261
1228
1243
1274
1237
1276
1240
1326
1264
1337
1244
1357
1312
1343
1343
1334
1366
1310
1384
1283
1370
1292
1362
1272
1336
1291
1296
1321
1295
1356
1292
1353
1297
1385
1306
1362
1306
1325
1331
1286
1319
1254
1304
1212
1282
1203
1247
1206
1211
1233
1194
1245
1200
1288
1198
1293
1232
1299
1279
1291
1289
1251
1306
1271
1304
1272
1285
1287
1257
1283
1240
1299
1235
1311
1242
1322
1269
1315
1298
1324
1357
1299
1356
1325
1354
1305
1346
1317
1309
1320
1287
1317
1283
1327
1259
1322
1277
1341
1290
1349
1319
1345
1343
1334
1344
1334
1357
1310
1352
1296
1327
1299
1296
1292
1277
1338
1273
1352
1286
1397
1304
1397
1314
1401
1384
1380
1375
1366
1373
1308
1353
1322
1317
1352
1287
1334
1251
1363
1230
1375
1203
1388
1257
1391
1280
1392
1305
1362
1329
1320
1326
1292
1309
1266
1283
1244
1261
1246
1233
1248
1241
1253
1246
1274
1262
1292
1289
1298
1314
1310
1328
1323
1311
1311
1287
1299
1269
1288
1249
1289
1249
1273
1255
1277
1272
1282
1306
1286
1347
1307
1356
1324
1363
1346
1361
1358
1349
1371
1329
1348
1322
1316
1326
1300
1321
1271
1352
1244
1357
1243
1370
1228
1371
1252
1366
1276
1330
1334
1315
1364
1300
1395
1303
1390
1281
1362
1285
1341
1289
1281
1299
1273
1310
1255
1310
1252
1300
1273
1282
1296
1265
1338
1237
1384
1220
1396
1215
1368
1247
1345
1241
1300
1252
1255
1296
1215
1306
1229
1314
1194
1305
1238
1258
1300
1267
1309
1249
1309
1246
1323
1243
1304
1279
1271
1300
1267
1307
1261
1317
1254
1296
1265
1260
1293
1246
1303
1231
1311
1211
1312
1212
1294
1222
1279
1237
1247
1248
1228
1266
1209
1262
1213
1271
1213
1266
1218
1265
1214
1258
1235
1257
1215
1271
1202
1275
1205
1289
1175
1313
1159
1313
1148
1314
1174
1310
1176
1304
1213
1297
1244
1299
1262
1304
1274
1299
1274
1309
1246
1341
1217
1335
1184
1327
1178
1330
1164
1327
1211
1291
1260
1276
1263
1291
1303
1275
1323
1263
1333
1268
1307
1285
1331
1299
1321
1313
1332
1323
1350
1313
1364
1302
1377
1282
1392
1278
1410
1275
1389
1288
1386
1302
1385
1319
1376
1346
1370
1354
1374
1348
1338
1351
1339
1334
1349
1293
1292
1269
1266
1261
1230
1208
1209
1259
1187
1263
1169
1266
1202
1268
1215
1266
1210
1274
1214
1267
1206
1274
1187
1272
1171
1283
1166
1290
1160
1296
1156
1301
1170
1314
1185
1313
1222
1327
1235
1305
1253
1324
1243
1321
1255
1314
1256
1312
1206
1309
1210
1329
1213
1322
1215
1309
1221
1310
1269
1289
1290
1285
1314
1273
1309
1262
1296
1264
1288
1266
1276
1263
1259
1275
1268
1288
1275
1298
1317
1296
1322
1301
1377
1295
1395
1280
1376
1305
1354
1284
1331
1291
1326
1296
1285
1316
1282
1295
1290
1303
1301
1291
1298
1265
1312
1243
1305
1230
1283
1226
1245
1216
1233
1222
1214
1220
1211
1214
1217
1215
1215
1209
1238
1200
1229
1188
1254
1185
1287
1185
1247
1182
1235
1196
1206
1171
1207
1210
1187
1218
1195
1224
1215
1233
1234
1234
1243
1241
1252
1235
1246
1238
1225
1251
1202
1254
1179
1259
1194
1276
1158
1298
1175
1290
1194
1314
1241
1317
1245
1304
1283
1296
1262
1292
1255
1296
1235
1302
1199
1317
1172
1342
1159
1370
1171
1366
1186
1358
1220
1335
1244
1309
1258
1286
1226
1281
1221
1278
1184
1308
1152
1293
1113
1302
1108
1308
1111
1300
1127
1282
1126
1266
1191
1240
1221
1234
1202
1261
1208
1244
1174
1262
1153
1264
1117
1291
1111
1279
1118
1284
1170
1283
1151
1267
1199
1266
1235
1230
1240
1224
1184
1232
1211
1237
1178
1254
1148
1267
1142
1287
1134
1316
1161
1307
1175
1291
1225
1274
1282
1261
1288
1246
1309
1240
1273
1222
1300
1263
1281
1279
1280
1290
1276
1301
1288
1280
1303
1272
1317
1235
1331
1209
1335
1210
1343
1219
1288
1243
1317
1260
1275
1284
1252
1301
1229
1299
1225
1291
1213
1268
1223
1246
1220
1235
1250
1237
1270
1254
1275
1257
1273
1279
1260
1297
1256
1308
1239
1310
1245
1303
1257
1288
1269
1275
1265
1265
1280
1261
1287
1259
1275
1258
1286
1266
1267
1259
1245
1278
1238
1281
1196
1278
1231
1262
1218
1253
1210
1264
1201
1230
1185
1231
1191
1218
1177
1256
1172
1275
1158
1295
1147
1308
1158
1301
1152
1282
1165
1254
1178
1244
1154
1237
1205
1226
1226
1248
1228
1257
1232
1294
1224
1294
1216
1299
1189
1289
1203
1266
1227
1259
1223
1249
1244
1253
1286
1243
1268
1282
1266
1282
1273
1312
1265
1320
1243
1316
1248
1308
1255
1296
1271
1303
1284
1290
1303
1291
1321
1290
1324
1300
1320
1287
1315
1276
1318
1279
1327
1268
1312
1262
1316
1260
1284
1250
1300
1271
1315
1243
1292
1233
1298
1235
1277
1244
1268
1259
1268
1259
1262
1258
1229
1260
1217
1236
1191
1240
1169
1239
1150
1241
1137
1245
1127
1267
1128
1284
1148
1293
1146
1299
1122
1296
1162
1292
1163
1271
1168
1293
1157
1257
1149
1288
1172
1271
1178
1276
1215
1283
1238
1291
1259
1282
1281
1267
1286
1256
1294
1251
1318
1249
1266
1238
1302
1263
1305
1275
1311
1283
1323
1291
1322
1285
1337
1287
1333
1287
1328
1282
1340
1290
1309
1273
1286
1279
1259
1262
1239
1283
1221
1294
1230
1289
1239
1299
1237
1298
1227
1286
1218
1277
1190
1298
1156
1268
1151
1253
1123
1244
1114
1244
1133
1261
1166
1248
1209
1277
1247
1273
1254
1268
1267
1258
1233
1235
1240
1212
1239
1209
1223
1182
1234
1215
1241
1226
1263
1245
1294
1244
1311
1243
1319
1244
1315
1241
1298
1229
1277
1246
1260
1258
1228
1267
1202
1308
1196
1308
1212
1310
1242
1314
1233
1316
1306
1315
1345
1322
1338
1369
1312
1349
1299
1352
1276
1359
1248
1356
1237
1344
1230
1336
1252
1340
1282
1326
1324
1322
1343
1321
1340
1317
1294
1305
1282
1299
1233
1298
1198
1244
1172
1274
1150
1277
1179
1274
1166
1265
1178
1259
1194
1250
1192
1232
1176
1224
1152
1209
1141
1215
1118
1222
1121
1221
1132
1228
1139
1224
1143
1226
1163
1205
1182
1197
1185
1191
1199
1193
1196
1194
1210
1197
1231
1205
1215
1200
1215
1208
1216
1205
1209
1195
1218
1191
1193
1197
1221
1212
1247
1221
1224
1231
1229
1245
1226
1249
1215
1272
1208
1275
1208
1272
1205
1278
1206
1283
1212
1292
1217
1300
1223
1315
1224
1326
1239
1317
1251
1320
1274
1320
1290
1314
1266
1317
1299
1323
1300
1312
1287
1335
1239
1314
1199
1303
1206
1309
1206
1310
1220
1310
1248
1336
1262
1339
1272
1328
1275
1324
1259
1319
1227
1318
1182
1311
1197
1317
1205
1323
1231
1300
1274
1328
1305
1329
1342
1322
1361
1316
1363
1309
1356
1299
1358
1282
1367
1265
1356
1284
1371
1284
1374
1285
1416
1283
1437
1283
1454
1266
1454
1264
1455
1253
1434
1259
1413
1268
1379
1271
1363
1276
1332
1281
1307
1286
1299
1288
1299
1282
1292
1286
1276
1290
1253
1295
1205
1301
1189
1306
1184
1308
1139
1298
1116
1308
1126
1287
1156
1297
1170
1293
1189
1294
1205
1285
1208
1278
1194
1282
1182
1275
1164
1290
1160
1264
1168
1269
1201
1275
1221
1282
1240
1284
1246
1312
1277
1294
1276
1289
1251
1290
1238
1290
1211
1288
1239
1294
1254
1307
1286
1304
1312
1310
1344
1319
1350
1315
1357
1280
1353
1299
1322
1298
1275
1291
1295
1300
1284
1292
1286
1267
1295
1300
1300
1297
1308
1294
1311
1276
1304
1264
1271
1261
1281
1260
1259
1250
1223
1262
1207
1251
1189
1250
1203
1252
1222
1252
1239
1248
1258
1250
1263
1255
1263
1273
1248
1262
1237
1269
1239
1276
1225
1278
1258
1289
1280
1297
1321
1290
1353
1299
1346
1302
1346
1297
1322
1299
1297
1296
1294
1296
1259
1293
1250
1317
1238
1307
1250
1327
1260
1345
1270
1325
1275
1322
1288
1319
1244
1311
1234
1298
1234
1299
1214
1294
1203
1301
1226
1288
1251
1281
1254
1274
1279
1265
1318
1265
1342
1243
1344
1248
1344
1251
1311
1246
1302
1219
1281
1236
1256
1227
1231
1227
1257
1231
1271
1222
1292
1225
1305
1227
1305
1235
1265
1238
1269
1246
1249
1249
1209
1200
1186
1263
1166
1256
1162
1261
1159
1264
1170
1262
1159
1265
1187
1259
1199
1254
1183
1273
1167
1251
1148
1243
1154
1230
1143
1238
1145
1229
1141
1242
1144
1247
1151
1260
1162
1261
1168
1281
1180
1259
1180
1252
1183
1249
1180
1254
1172
1214
1170
1252
1146
1262
1162
1276
1147
1292
1164
1295
1204
1308
1200
1297
1206
1313
1202
1300
1205
1311
1187
1313
1211
1310
1214
1308
1235
1306
1245
1316
1268
1316
1295
1311
1311
1312
1315
1292
1328
1276
1327
1257
1323
1245
1328
1251
1332
1234
1338
1238
1313
1247
1337
1260
1311
1269
1324
1271
1329
1276
1326
1265
1317
1283
1316
1273
1309
1262
1285
1262
1264
1254
1235
1276
1173
1283
1173
1290
1177
1295
1178
1239
1183
1295
1184
1291
1190
1293
1199
1293
1180
1280
1129
1297
1163
1301
1172
1294
1175
1323
1176
1304
1199
1295
1237
1288
1254
1287
1260
1275
1272
1270
1292
1275
1270
1277
1247
1251
1260
1277
1262
1282
1223
1276
1261
1275
1265
1281
1286
1268
1298
1281
1292
1289
1304
1322
1288
1306
1300
1320
1301
1322
1275
1316
1274
1319
1264
1302
1272
1320
1287
1317
1307
1327
1321
1320
1337
1317
1347
1296
1337
1307
1320
1328
1305
1296
1285
1282
1276
1266
1265
1248
1281
1247
1308
1239
1319
1239
1334
1228
1317
1232
1317
1237
1281
1236
1272
1232
1266
1246
1244
1228
1240
1239
1243
1252
1254
1246
1262
1252
1268
1252
1258
1262
1211
1260
1221
1264
1200
1268
1192
1256
1176
1278
1176
1281
1180
1289
1194
1302
1218
1308
1189
1316
1235
1326
1238
1327
1222
1362
1225
1336
1213
1342
1231
1330
1246
1334
1263
1322
1276
1326
1323
1312
1344
1308
1364
1290
1374
1278
1384
1273
1360
1265
1386
1259
1417
1259
1405
1239
1412
1261
1408
1256
1405
1252
1393
1253
1380
1244
1385
1252
1365
1247
1366
1253
1387
1243
1360
1273
1344
1269
1345
1281
1313
1283
1320
1277
1281
1278
1257
1262
1239
1279
1234
1265
1243
1268
1238
1273
1224
1275
1239
1283
1247
1284
1210
1277
1197
1283
1158
1286
1153
1291
1133
1293
1156
1302
1194
1317
1225
1305
1266
1342
1275
1364
1284
1351
1284
1371
1229
1368
1198
1352
1211
1347
1207
1334
1241
1332
1287
1300
1336
1327
1372
1341
1408
1340
1419
1337
1403
1320
1341
1280
1357
1276
1338
1254
1301
1267
1336
1222
1343
1228
1410
1241
1432
1252
1446
1258
1441
1276
1424
1259
1388
1267
1348
1262
1309
1256
1294
1258
1268
1262
1297
1285
1339
1310
1377
1312
1388
1351
1392
1361
1389
1357
1344
1355
1300
1317
1281
1331
1255
1318
1244
1312
1275
1289
1305
1308
1325
1307
1362
1300
1365
1292
1340
1286
1329
1275
1270
1238
1230
1243
1204
1234
1205
1218
1222
1217
1213
1216
1272
1218
1320
1217
1291
1222
1288
1221
1247
1223
1215
1230
1185
1237
1190
1235
1203
1250
1223
1256
1257
1279
1298
1317
1327
1312
1335
1308
1329
1324
1302
1311
1285
1307
1255
1312
1239
1324
1248
1334
1269
1347
1280
1361
1313
1368
1319
1354
1314
1347
1277
1323
1283
1296
1278
1274
1233
1285
1219
1246
1212
1284
1241
1288
1255
1298
1271
1294
1293
1302
1300
1306
1290
1281
1295
1273
1250
1279
1240
1254
1229
1289
1252
1306
1258
1317
1318
1304
1328
1325
1333
1323
1332
1323
1301
1317
1281
1306
1277
1301
1277
1314
1291
1309
1317
1301
1352
1322
1367
1331
1388
1329
1396
1324
1371
1313
1340
1303
1308
1281
1312
1285
1274
1285
1274
1284
1298
1305
1291
1316
1311
1328
1382
1324
1337
1315
1330
1310
1293
1297
1263
1300
1209
1294
1203
1300
1239
1309
1218
1308
1252
1306
1296
1302
1338
1291
1345
1263
1356
1244
1323
1238
1291
1234
1253
1237
1226
1247
1238
1242
1268
1265
1320
1273
1372
1274
1401
1277
1436
1264
1390
1267
1385
1265
1362
1267
1314
1321
1289
1295
1288
1304
1328
1317
1361
1331
1406
1302
1422
1327
1432
1341
1407
1305
1377
1298
1322
1289
1284
1284
1247
1280
1258
1286
1267
1297
1302
1274
1330
1294
1343
1285
1367
1284
1329
1245
1291
1247
1251
1243
1203
1243
1160
1269
1141
1289
1147
1303
1156
1308
1190
1307
1223
1278
1241
1284
1221
1275
1182
1271
1170
1270
1128
1282
1103
1290
1106
1306
1114
1301
1169
1309
1263
1317
1290
1278
1326
1266
1327
1269
1314
1258
1277
1256
1253
1255
1238
1255
1221
1248
1222
1249
1249
1242
1271
1236
1290
1226
1299
1219
1291
1223
1257
1228
1230
1240
1199
1244
1174
1247
1167
1262
1169
1250
1188
1279
1190
1293
1231
1296
1237
1303
1291
1317
1313
1339
1312
1376
1313
1358
1282
1379
1334
1376
1306
1365
1301
1367
1321
1371
1344
1377
1361
1356
1374
1339
1388
1351
1374
1360
1354
1366
1345
1356
1316
1355
1306
1322
1298
1316
1267
1306
1285
1289
1281
1279
1295
1272
1265
1290
1249
1289
1241
1306
1229
1295
1187
1295
1228
1289
1242
1265
1252
1257
1247
1249
1238
1272
1232
1268
1224
1285
1225
1291
1225
1292
1251
1278
1255
1268
1285
1264
1338
1253
1328
1247
1309
1256
1281
1261
1280
1278
1265
1265
1269
1290
1289
1278
1306
1287
1320
1294
1319
1286
1341
1279
1332
1268
1315
1264
1307
1265
1279
1273
1260
1283
1248
1294
1245
1310
1247
1320
1253
1322
1278
1308
1264
1314
1297
1282
1278
1267
1286
1270
1258
1278
1224
1328
1222
1317
1165
1335
1190
1338
1202
1328
1222
1306
1232
1296
1243
1278
1222
1259
1205
1256
1161
1266
1121
1287
1104
1291
1100
1311
1133
1316
1141
1289
1170
1283
1198
1293
1207
1283
1197
1281
1209
1276
1196
1287
1205
1304
1221
1292
1242
1297
1254
1300
1274
1291
1305
1281
1322
1262
1322
1230
1330
1234
1326
1218
1307
1217
1318
1222
1308
1232
1308
1248
1298
1248
1314
1255
1355
1255
1340
1231
1358
1232
1345
1230
1335
1226
1312
1248
1275
1266
1262
1297
1237
1297
1231
1331
1236
1306
1252
1303
1274
1287
1275
1275
1258
1268
1230
1266
1194
1280
1136
1283
1125
1324
1119
1310
1138
1305
1165
1295
1170
1290
1211
1276
1228
1244
1230
1249
1214
1256
1170
1264
1144
1268
1113
1275
1117
1272
1151
1271
1192
1260
1227
1259
1268
1268
1302
1256
1280
1257
1264
1242
1245
1273
1225
1289
1191
1309
1212
1318
1228
1311
1260
1338
1308
1344
1356
1351
1369
1345
1394
1335
1377
1340
1352
1337
1320
1328
1272
1347
1248
1346
1226
1342
1272
1325
1310
1315
1352
1294
1372
1286
1385
1274
1361
1278
1319
1270
1260
1278
1222
1273
1185
1257
1196
1252
1289
1243
1283
1218
1340
1229
1371
1251
1386
1252
1359
1260
1341
1272
1296
1290
1258
1282
1247
1278
1248
1260
1231
1278
1303
1278
1329
1289
1333
1303
1287
1306
1299
1320
1261
1319
1224
1328
1200
1301
1171
1291
1165
1286
1164
1280
1193
1280
1223
1279
1236
1268
1253
1299
1235
1298
1226
1286
1204
1279
1193
1283
1192
1300
1218
1270
1234
1270
1282
1275
1328
1262
1350
1262
1359
1267
1345
1269
1333
1275
1278
1273
1267
1264
1273
1241
1286
1247
1313
1251
1353
1236
1340
1242
1358
1250
1302
1266
1278
1272
1229
1278
1184
1281
1177
1265
1153
1253
1181
1240
1206
1235
1219
1240
1214
1279
1204
1272
1167
1283
1125
1289
1102
1294
1093
1299
1101
1284
1122
1272
1173
1274
1204
1276
1236
1280
1242
1312
1242
1333
1212
1350
1222
1353
1223
1359
1216
1355
1231
1334
1257
1328
1284
1346
1320
1340
1357
1337
1369
1342
1301
1332
1350
1334
1316
1326
1289
1320
1275
1299
1266
1284
1283
1273
1299
1248
1348
1238
1389
1238
1376
1230
1371
1250
1327
1265
1291
1276
1262
1270
1260
1267
1274
1256
1322
1230
1357
1220
1407
1217
1433
1208
1438
1218
1389
1236
1346
1226
1305
1265
1271
1275
1241
1269
1288
1280
1313
1260
1327
1260
1353
1264
1314
1281
1301
1302
1250
1322
1198
1327
1177
1337
1158
1360
1168
1315
1188
1314
1233
1288
1285
1282
1285
1282
1276
1296
1260
1312
1245
1313
1172
1320
1140
1316
1114
1309
1127
1296
1139
1278
1177
1270
1240
1264
1258
1264
1272
1266
1262
1285
1207
1287
1184
1285
1161
1292
1130
1282
1140
1274
1160
1245
1211
1264
1260
1232
1301
1220
1317
1225
1253
1232
1279
1251
1245
1266
1219
1285
1228
1263
1245
1249
1296
1233
1340
1260
1390
1203
1454
1210
1437
1202
1412
1231
1361
1251
1328
1276
1298
1280
1310
1286
1317
1285
1339
1274
1345
1277
1365
1281
1357
1289
1336
1309
1305
1322
1270
1331
1235
1332
1230
1352
1233
1329
1253
1316
1301
1306
1297
1306
1308
1278
1311
1301
1297
1297
1261
1309
1257
1291
1228
1311
1204
1330
1210
1298
1234
1295
1262
1296
1284
1287
1315
1287
1305
1291
1272
1301
1261
1298
1206
1299
1166
1316
1155
1309
1159
1296
1177
1293
1220
1283
1270
1279
1289
1283
1285
1260
1269
1299
1207
1312
1169
1309
1186
1313
1185
1288
1230
1275
1260
1244
1301
1237
1335
1239
1350
1223
1338
1235
1283
1241
1287
1250
1267
1251
1266
1256
1289
1234
1316
1225
1357
1216
1386
1221
1400
1232
1431
1245
1375
1258
1325
1281
1298
1249
1264
1287
1244
1278
1270
1266
1294
1267
1318
1266
1352
1266
1367
1270
1359
1284
1337
1288
1288
1291
1247
1300
1190
1300
1204
1314
1216
1321
1268
1308
1313
1322
1347
1342
1370
1332
1351
1333
1349
1318
1285
1340
1250
1320
1232
1345
1216
1375
1240
1339
1274
1327
1321
1312
1341
1302
1352
1285
1322
1295
1281
1293
1243
1284
1196
1280
1180
1277
1190
1268
1227
1251
1264
1244
1292
1239
1335
1236
1338
1240
1321
1244
1306
1250
1293
1253
1282
1241
1296
1245
1322
1237
1342
1242
1371
1245
1381
1248
1381
1263
1365
1274
1332
1277
1294
1282
1262
1281
1246
1274
1269
1282
1233
1282
1264
1286
1297
1287
1302
1286
1278
1291
1312
1286
1257
1282
1241
1279
1218
1241
1213
1288
1210
1294
1242
1298
1288
1314
1304
1297
1311
1311
1314
1298
1279
1306
1248
1301
1217
1304
1197
1318
1170
1312
1227
1292
1285
1309
1310
1296
1336
1283
1333
1289
1290
1287
1253
1291
1218
1289
1171
1292
1167
1289
1185
1295
1213
1310
1254
1294
1286
1260
1321
1284
1317
1289
1272
1275
1260
1275
1223
1273
1198
1258
1182
1243
1197
1233
1235
1240
1284
1233
1337
1241
1366
1250
1384
1241
1371
1242
1315
1232
1257
1228
1205
1214
1201
1212
1205
1221
1242
1227
1289
1255
1343
1275
1380
1289
1394
1294
1358
1288
1290
1282
1236
1265
1157
1266
1114
1264
1118
1282
1135
1299
1183
1318
1248
1332
1284
1342
1294
1336
1287
1350
1220
1326
1167
1318
1111
1273
1091
1321
1080
1326
1141
1331
1226
1333
1280
1329
1333
1340
1369
1325
1361
1324
1352
1309
1331
1289
1304
1265
1245
1248
1290
1239
1307
1241
1341
1214
1374
1253
1396
1274
1418
1269
1400
1267
1376
1231
1335
1237
1303
1220
1244
1222
1243
1257
1236
1258
1253
1280
1276
1297
1297
1315
1322
1314
1343
1304
1330
1297
1277
1276
1242
1251
1215
1270
1194
1283
1162
1298
1203
1317
1235
1347
1265
1335
1292
1332
1301
1323
1304
1312
1283
1304
1287
1293
1281
1300
1276
1292
1289
1307
1295
1321
1303
1317
1321
1319
1349
1344
1340
1319
1342
1309
1345
1312
1327
1285
1317
1272
1300
1288
1270
1282
1233
1283
1231
1284
1209
1293
1233
1300
1223
1295
1247
1289
1256
1251
1270
1272
1262
1266
1264
1265
1263
1272
1229
1276
1203
1294
1194
1289
1208
1300
1223
1291
1255
1289
1288
1281
1282
1273
1346
1282
1327
1249
1314
1256
1294
1298
1261
1299
1246
1288
1226
1283
1228
1260
1239
1252
1267
1248
1286
1258
1288
1272
1285
1277
1249
1285
1223
1282
1172
1273
1130
1265
1089
1258
1087
1262
1094
1267
1117
1276
1163
1306
1235
1302
1228
1307
1244
1336
1244
1315
1220
1309
1184
1295
1174
1298
1171
1300
1180
1299
1248
1288
1300
1293
1360
1278
1418
1282
1421
1281
1407
1290
1372
1297
1340
1295
1303
1290
1274
1281
1283
1269
1304
1265
1338
1256
1376
1257
1390
1269
1400
1287
1364
1295
1318
1305
1305
1307
1252
1302
1228
1282
1192
1242
1195
1285
1201
1291
1236
1307
1274
1321
1283
1322
1288
1335
1269
1323
1238
1323
1211
1289
1167
1292
1126
1283
1110
1274
1143
1275
1168
1272
1205
1243
1260
1265
1231
1245
1233
1253
1205
1251
1172
1249
1122
1240
1123
1238
1125
1238
1136
1237
1182
1229
1221
1231
1277
1239
1320
1245
1354
1256
1349
1270
1343
1274
1347
1279
1318
1271
1310
1270
1315
1265
1307
1279
1352
1287
1367
1304
1405
1312
1394
1329
1376
1335
1352
1334
1300
1323
1262
1313
1217
1302
1197
1291
1186
1298
1195
1309
1211
1302
1232
1293
1260
1273
1267
1266
1254
1240
1234
1227
1199
1217
1175
1222
1135
1225
1136
1222
1168
1223
1139
1226
1181
1222
1219
1220
1217
1230
1229
1229
1200
1225
1175
1258
1134
1276
1122
1274
1132
1282
1127
1271
1152
1283
1177
1287
1201
1298
1228
1304
1238
1303
1229
1310
1214
1272
1220
1304
1200
1297
1201
1269
1209
1302
1215
1296
1241
1319
1270
1328
1299
1338
1324
1321
1328
1306
1332
1292
1307
1270
1300
1252
1283
1279
1286
1302
1296
1297
1314
1300
1324
1307
1355
1299
1375
1284
1389
1271
1379
1268
1373
1262
1340
1263
1339
1267
1322
1277
1325
1248
1324
1252
1307
1248
1315
1243
1300
1244
1291
1236
1259
1235
1254
1232
1226
1230
1198
1249
1171
1220
1144
1213
1139
1214
1122
1206
1126
1230
1129
1242
1144
1249
1165
1254
1165
1252
1181
1236
1192
1231
1159
1224
1168
1225
1179
1235
1172
1253
1187
1266
1181
1265
1237
1290
1271
1304
1315
1289
1353
1291
1331
1286
1315
1275
1294
1286
1249
1298
1239
1316
1224
1305
1226
1327
1247
1318
1277
1317
1332
1324
1328
1299
1327
1290
1304
1293
1278
1286
1246
1269
1214
1269
1202
1262
1201
1275
1214
1284
1230
1285
1273
1313
1295
1304
1337
1285
1347
1266
1325
1229
1291
1224
1247
1222
1209
1231
1184
1247
1170
1293
1190
1292
1210
1290
1285
1288
1301
1283
1324
1247
1321
1263
1278
1263
1220
1279
1183
1305
1157
1313
1143
1323
1194
1330
1246
1349
1305
1368
1362
1342
1391
1335
1399
1332
1375
1305
1350
1317
1294
1315
1244
1314
1245
1312
1243
1314
1262
1314
1302
1318
1313
1300
1346
1296
1365
1275
1347
1253
1316
1230
1263
1204
1230
1216
1187
1227
1200
1233
1220
1244
1241
1272
1280
1258
1324
1248
1360
1249
1334
1244
1312
1216
1282
1247
1257
1262
1199
1282
1201
1290
1209
1294
1234
1313
1263
1311
1302
1315
1291
1310
1318
1304
1343
1316
1297
1313
1282
1308
1259
1294
1250
1314
1250
1311
1287
1299
1310
1324
1325
1289
1337
1285
1380
1278
1342
1273
1334
1243
1319
1246
1306
1235
1288
1225
1305
1224
1302
1237
1303
1236
1317
1255
1305
1264
1300
1280
1288
1268
1309
1266
1253
1268
1261
1235
1249
1276
1249
1312
1239
1300
1249
1304
1264
1317
1275
1320
1293
1315
1289
1320
1282
1317
1281
1319
1273
1300
1262
1296
1269
1300
1257
1276
1277
1265
1292
1260
1305
1255
1303
1257
1287
1256
1283
1268
1257
1269
1254
1263
1254
1249
1242
1230
1247
1231
1257
1240
1260
1255
1257
1273
1248
1293
1226
1306
1231
1326
1225
1307
1224
1287
1225
1259
1222
1267
1210
1269
1216
1278
1194
1294
1202
1317
1257
1331
1228
1337
1247
1347
1246
1313
1246
1328
1232
1314
1239
1296
1235
1298
1214
1286
1196
1291
1211
1291
1213
1296
1225
1294
1232
1291
1223
1290
1233
1278
1242
1260
1236
1233
1234
1211
1233
1212
1223
1205
1230
1220
1233
1236
1259
1260
1254
1277
1300
1280
1321
1277
1336
1287
1341
1249
1336
1232
1342
1217
1312
1225
1304
1221
1282
1263
1291
1295
1271
1297
1311
1307
1329
1309
1359
1299
1349
1275
1350
1271
1343
1262
1313
1264
1284
1276
1251
1307
1242
1315
1242
1331
1260
1330
1273
1328
1306
1310
1311
1308
1307
1288
1283
1279
1269
1277
1206
1273
1167
1251
1164
1274
1135
1300
1141
1272
1171
1253
1191
1266
1205
1257
1229
1237
1212
1214
1208
1211
1223
1211
1184
1218
1176
1228
1165
1234
1183
1262
1208
1273
1240
1270
1314
1263
1337
1248
1355
1226
1370
1236
1362
1250
1331
1261
1306
1279
1300
1295
1296
1313
1315
1313
1351
1314
1388
1298
1414
1306
1428
1299
1424
1298
1374
1296
1344
1297
1285
1306
1253
1305
1232
1315
1213
1324
1213
1309
1213
1304
1232
1293
1232
1290
1243
1277
1209
1268
1197
1260
1169
1250
1147
1237
1118
1238
1117
1250
1095
1241
1132
1261
1144
1276
1199
1276
1224
1267
1232
1284
1254
1266
1247
1263
1245
1260
1223
1277
1208
1276
1207
1291
1203
1297
1213
1292
1244
1301
1264
1279
1323
1265
1320
1251
1291
1242
1283
1233
1271
1189
1253
1208
1221
1205
1210
1184
1175
1202
1190
1210
1226
1223
1221
1214
1226
1211
1236
1168
1252
1190
1249
1176
1246
1172
1243
1168
1203
1174
1166
1195
1144
1216
1126
1239
1120
1249
1133
1254
1158
1246
1189
1239
1199
1221
1204
1217
1211
1225
1153
1223
1110
1229
1089
1264
1036
1277
1028
1278
1061
1280
1102
1275
1153
1271
1191
1269
1214
1254
1222
1243
1229
1243
1212
1254
1191
1262
1156
1231
1142
1297
1138
1309
1163
1311
1191
1309
1228
1309
1259
1297
1306
1280
1301
1283
1312
1266
1284
1271
1228
1309
1187
1299
1147
1316
1155
1305
1166
1302
1206
1283
1259
1270
1296
1260
1302
1235
1314
1219
1308
1212
1252
1210
1216
1192
1173
1227
1162
1228
1180
1219
1212
1232
1234
1238
1263
1228
1260
1219
1274
1211
1288
1215
1242
1199
1225
1202
1192
1172
1189
1206
1194
1215
1201
1217
1213
1236
1216
1225
1231
1240
1207
1231
1194
1230
1192
1222
1152
1219
1134
1221
1127
1240
1109
1253
1095
1269
1124
1274
1127
1293
1128
1300
1138
1277
1116
1296
1118
1295
1105
1290
1106
1280
1087
1289
1108
1295
1132
1294
1141
1295
1156
1304
1162
1309
1164
1311
1137
1328
1122
1327
1119
1322
1110
1314
1114
1311
1145
1296
1157
1290
1191
1285
1189
1291
1228
1286
1236
1302
1204
1336
1187
1307
1160
1302
1169
1263
1170
1263
1191
1241
1216
1234
1245
1229
1263
1226
1265
1222
1269
1220
1265
1241
1228
1215
1239
1213
1228
1198
1225
1178
1220
1171
1217
1194
1220
1202
1191
1212
1243
1216
1286
1235
1265
1245
1270
1261
1254
1239
1233
1292
1241
1309
1236
1316
1195
1335
1189
1325
1197
1357
1212
1362
1189
1378
1236
1376
1237
1384
1242
1388
1243
1382
1222
1375
1207
1371
1200
1363
1183
1360
1172
1357
1169
1360
1151
1353
1174
1358
1189
1359
1212
1346
1218
1353
1222
1329
1234
1310
1201
1307
1177
1303
1157
1307
1155
1301
1151
1318
1170
1332
1210
1312
1239
1303
1268
1289
1289
1274
1305
1263
1299
1233
1256
1239
1294
1236
1309
1255
1323
1285
1342
1275
1379
1281
1431
1285
1436
1277
1452
1275
1439
1273
1429
1274
1438
1266
1388
1270
1393
1266
1391
1285
1384
1293
1377
1315
1367
1318
1361
1322
1339
1325
1305
1314
1275
1321
1223
1312
1223
1311
1265
1316
1213
1330
1236
1346
1231
1337
1241
1370
1234
1374
1257
1358
1251
1346
1233
1327
1224
1314
1219
1314
1224
1311
1223
1306
1263
1310
1295
1315
1329
1313
1339
1306
1337
1302
1326
1295
1309
1297
1269
1303
1255
1306
1240
1300
1252
1291
1272
1300
1297
1295
1315
1299
1318
1304
1309
1309
1287
1322
1262
1309
1225
1305
1225
1301
1208
1297
1217
1298
1235
1280
1248
1272
1267
1269
1286
1249
1290
1265
1300
1268
1283
1280
1314
1280
1328
1297
1324
1340
1344
1319
1339
1322
1354
1333
1347
1338
1352
1346
1349
1355
1350
1363
1342
1377
1343
1390
1355
1398
1341
1408
1324
1428
1323
1411
1318
1394
1308
1372
1294
1363
1269
1350
1274
1341
1254
1337
1270
1325
1318
1345
1314
1324
1339
1325
1339
1287
1343
1308
1326
1290
1318
1275
1305
1273
1295
1266
1297
1291
1327
1280
1353
1310
1403
1310
1439
1319
1439
1327
1442
1323
1424
1328
1399
1313
1369
1321
1348
1324
1339
1331
1345
1339
1346
1339
1395
1346
1420
1352
1430
1348
1440
1349
1424
1357
1393
1345
1368
1339
1342
1337
1322
1336
1310
1317
1310
1337
1322
1342
1346
1342
1362
1331
1370
1324
1387
1316
1397
1300
1404
1299
1374
1297
1413
1289
1418
1300
1423
1337
1436
1323
1443
1320
1477
1318
1489
1308
1519
1297
1527
1301
1527
1294
1527
1293
1517
1297
1510
1308
1501
1292
1461
1318
1473
1324
1454
1325
1456
1309
1439
1317
1415
1319
1414
1312
1395
1317
1391
1313
1408
1316
1382
1317
1365
1318
1337
1306
1316
1324
1279
1330
1255
1327
1243
1321
1227
1318
1245
1318
1245
1289
1258
1305
1265
1305
1268
1296
1270
1309
1232
1312
1211
1315
1205
1323
1193
1319
1204
1322
1198
1321
1225
1327
1227
1330
1255
1334
1312
1341
1319
1343
1337
1327
1340
1345
1334
1353
1320
1354
1331
1368
1339
1373
1365
1351
1377
1358
1408
1363
1443
1367
1470
1339
1485
1353
1500
1351
1494
1359
1481
1342
1430
1339
1450
1334
1458
1329
1438
1338
1449
1322
1442
1321
1460
1321
1450
1320
1453
1314
1455
1316
1433
1325
1411
1301
1384
1301
1366
1301
1325
1303
1291
1300
1316
1321
1316
1313
1326
1304
1323
1321
1337
1322
1356
1309
1344
1317
1350
1309
1342
1316
1327
1299
1303
1306
1278
1288
1276
1307
1300
1311
1304
1299
1329
1298
1355
1295
1368
1289
1382
1279
1386
1276
1366
1273
1347
1278
1329
1267
1324
1286
1311
1274
1338
1277
1356
1277
1385
1282
1398
1255
1427
1278
1401
1273
1391
1270
1406
1268
1358
1276
1329
1276
1306
1278
1299
1296
1299
1293
1330
1313
1358
1328
1384
1328
1401
1325
1380
1323
1380
1325
1352
1326
1329
1317
1313
1336
1311
1337
1311
1340
1328
1342
1359
1342
1394
1336
1410
1374
1396
1335
1352
1330
1345
1322
1304
1326
1281
1318
1268
1313
1272
1338
1286
1309
1305
1297
1330
1291
1330
1292
1289
1284
1316
1279
1282
1282
1270
1259
1262
1267
1249
1289
1256
1283
1261
1283
1317
1289
1328
1294
1340
1279
1359
1296
1342
1284
1331
1303
1325
1298
1316
1292
1319
1296
1319
1295
1331
1308
1351
1299
1371
1305
1387
1303
1376
1305
1373
1309
1360
1308
1337
1320
1300
1336
1330
1347
1343
1356
1338
1358
1349
1354
1334
1355
1344
1340
1362
1335
1323
1324
1320
1337
1302
1330
1308
1340
1306
1341
1325
1339
1337
1337
1347
1336
1337
1323
1335
1311
1351
1304
1310
1296
1308
1310
1314
1309
1348
1315
1318
1320
1334
1329
1385
1336
1397
1328
1379
1356
1369
1318
1325
1306
1312
1280
1284
1270
1275
1258
1278
1268
1291
1282
1307
1287
1294
1298
1330
1301
1318
1304
1255
1294
1245
1282
1208
1274
1173
1261
1149
1252
1139
1283
1156
1301
1165
1311
1229
1325
1258
1338
1282
1331
1292
1325
1269
1315
1254
1308
1217
1298
1218
1292
1230
1299
1258
1311
1307
1308
1348
1305
1396
1316
1422
1312
1428
1301
1419
1301
1393
1283
1364
1272
1330
1272
1308
1261
1324
1255
1322
1259
1343
1266
1343
1254
1373
1259
1399
1257
1368
1240
1338
1236
1295
1236
1251
1214
1225
1233
1200
1242
1186
1255
1199
1259
1203
1271
1221
1277
1234
1273
1240
1282
1225
1272
1216
1273
1206
1285
1184
1301
1157
1332
1196
1338
1199
1348
1189
1375
1206
1350
1190
1339
1209
1333
1220
1328
1233
1330
1248
1348
1253
1372
1270
1381
1280
1384
1287
1396
1302
1386
1266
1379
1301
1371
1317
1372
1332
1354
1349
1358
1372
1338
1394
1356
1388
1354
1404
1341
1413
1333
1390
1311
1367
1306
1328
1291
1316
1279
1291
1266
1303
1249
1296
1252
1296
1240
1290
1236
1315
1228
1283
1234
1268
1219
1264
1230
1271
1227
1217
1214
1225
1213
1223
1219
1234
1221
1250
1238
1260
1260
1278
1278
1274
1285
1299
1290
1322
1301
1290
1264
1290
1299
1274
1296
1274
1319
1283
1335
1288
1348
1288
1357
1299
1355
1295
1338
1291
1337
1285
1323
1262
1307
1246
1302
1216
1309
1228
1305
1211
1322
1196
1325
1225
1324
1226
1318
1216
1316
1223
1290
1208
1279
1223
1273
1246
1270
1261
1258
1269
1277
1289
1300
1308
1288
1311
1293
1320
1293
1323
1291
1280
1294
1321
1270
1333
1260
1341
1212
1353
1260
1352
1272
1349
1282
1362
1297
1376
1305
1347
1304
1349
1295
1340
1287
1322
1274
1305
1249
1286
1246
1285
1235
1285
1244
1269
1252
1258
1235
1255
1261
1239
1265
1208
1251
1193
1224
1168
1203
1110
1188
1115
1179
1134
1189
1125
1184
1144
1207
1150
1223
1161
1225
1148
1220
1155
1210
1178
1198
1152
1176
1151
1184
1153
1190
1165
1209
1196
1226
1237
1246
1225
1261
1272
1255
1283
1264
1290
1258
1305
1261
1290
1257
1285
1259
1297
1269
1290
1272
1285
1306
1269
1308
1291
1315
1294
1320
1275
1329
1269
1303
1242
1306
1239
1293
1209
1281
1222
1262
1206
1268
1205
1298
1212
1285
1217
1305
1228
1310
1233
1309
1205
1295
1236
1281
1229
1253
1229
1188
1215
1215
1196
1214
1206
1218
1198
1223
1198
1231
1185
1234
1204
1221
1212
1216
1179
1185
1159
1189
1127
1180
1114
1177
1115
1178
1103
1185
1099
1202
1110
1197
1115
1208
1116
1212
1130
1210
1147
1214
1122
1218
1145
1229
1151
1230
1159
1234
1164
1236
1159
1238
1167
1253
1161
1262
1188
1274
1233
1291
1228
1300
1244
1299
1247
1288
1237
1298
1224
1287
1214
1270
1186
1263
1165
1246
1164
1240
1158
1234
1164
1240
1173
1235
1196
1236
1198
1233
1189
1225
1189
1218
1153
1219
1146
1220
1141
1202
1109
1210
1109
1209
1092
1200
1129
1198
1137
1204
1153
1199
1173
1214
1171
1230
1175
1222
1159
1206
1132
1195
1100
1185
1050
1171
1069
1168
1059
1175
1077
1150
1099
1193
1108
1201
1124
1209
1130
1203
1118
1197
1084
1189
1075
1171
1061
1188
1045
1194
1054
1194
1098
1207
1101
1215
1141
1230
1164
1232
1177
1242
1194
1242
1194
1226
1179
1243
1177
1248
1175
1256
1157
1264
1172
1271
1189
1274
1216
1273
1236
1274
1237
1258
1252
1281
1229
1260
1236
1250
1241
1244
1199
1226
1184
1233
1164
1212
1152
1228
1148
1232
1157
1214
1167
1227
1177
1231
1168
1226
1177
1217
1147
1221
1154
1222
1139
1231
1124
1241
1107
1252
1113
1266
1113
1275
1147
1274
1164
1265
1172
1258
1179
1251
1167
1239
1192
1233
1190
1234
1193
1227
1196
1226
1206
1228
1204
1204
1217
1171
1227
1163
1235
1175
1207
1155
1276
1151
1257
1166
1247
1130
1247
1184
1228
1183
1217
1196
1201
1196
1195
1197
1162
1216
1189
1222
1192
1238
1180
1275
1169
1257
1159
1284
1153
1313
1141
1306
1128
1304
1145
1309
1116
1316
1117
1315
1128
1313
1128
1312
1114
1307
1114
1288
1120
1286
1108
1281
1110
1261
1100
1265
1082
1260
1086
1252
1089
1236
1099
1223
1128
1201
1120
1195
1136
1198
1129
1187
1132
1198
1131
1199
1135
1174
1136
1182
1142
1173
1140
1178
1148
1157
1164
1175
1171
1181
1154
1190
1199
1192
1193
1195
1197
1203
1193
1192
1202
1182
1202
1184
1189
1182
1200
1190
1178
1194
1201
1197
1202
1205
1198
1197
1188
1199
1190
1203
1176
1195
1175
1187
1157
1186
1154
1198
1126
1216
1168
1228
