1112
1297
1478
1321
1466
1320
1431
1271
1251
1269
1229
1273
1221
1270
1221
1272
1212
1269
1229
1269
1229
1267
1230
1262
1197
1250
1192
1263
1237
1260
1235
1274
1075
1314
1194
1266
1219
1259
1239
1266
1225
1259
1243
1258
1235
1266
1250
1282
1245
1270
1259
1267
1243
1278
1260
1273
1207
1268
1230
1268
1230
1269
1214
1265
1258
1270
1217
1265
1249
1286
1194
1272
1218
1259
1230
1262
1254
1260
1267
1261
1219
1282
1224
1262
1248
1260
1229
1258
1244
1255
1248
1257
1202
1256
1226
1262
1227
1260
1224
1252
1223
1256
1232
1248
1174
1266
1236
1253
1243
1256
1193
1247
1268
1248
1245
1256
1259
1259
1156
1268
1223
1271
1266
1261
1256
1253
1305
1265
1247
1268
1262
1273
1271
1271
1273
1267
1227
1275
1227
1261
1247
1268
1253
1273
1250
1265
1301
1275
1233
1263
1281
1257
1227
1263
1227
1263
1240
1256
1252
1258
1253
1255
1218
1233
1240
1254
1186
1258
1199
1251
1231
1248
1221
1250
1224
1255
1334
1242
1153
1254
1218
1256
1219
1254
1229
1278
1222
1259
1242
1255
1242
1264
1291
1257
1255
1267
1228
1254
1247
1266
1220
1267
1236
1260
1238
1278
1071
1298
1276
1263
1288
1264
1247
1271
1230
1270
1242
1270
1218
1268
1236
1261
1229
1272
1249
1271
1212
1275
1243
1269
1226
1293
1206
1270
1129
1290
1169
1273
1206
1271
1186
1267
1263
1263
1202
1291
1219
1264
1192
1265
1216
1262
1232
1267
1224
1258
1226
1260
1221
1272
1235
1257
1226
1267
1223
1240
1164
1264
1276
1253
1243
1256
1234
1251
1239
1240
1262
1256
1255
1228
1251
1255
1270
1263
1244
1260
1282
1264
1255
1265
1266
1268
1257
1263
1290
1279
1234
1269
1345
1258
1215
1277
1251
1271
1232
1265
1238
1266
1225
1259
1217
1240
1215
1250
1184
1253
1183
1247
1189
1241
1186
1248
1193
1243
1095
1278
1218
1240
1192
1258
1147
1264
1219
1268
1227
1281
1228
1257
1231
1283
1256
1281
1264
1292
1237
1295
1253
1296
1262
1314
1276
1298
1204
1289
1272
1294
1250
1284
1248
1301
1234
1317
1217
1329
1223
1348
1245
1364
1264
1383
1257
1377
1270
1387
1288
1393
1314
1361
1364
1334
1383
1313
1456
1272
1436
1263
1381
1244
1377
1215
1356
1198
1334
1164
1352
1127
1321
1090
1325
1052
1322
1024
1285
1025
1210
997
1129
1021
1117
1018
997
1056
869
1076
805
1085
820
1107
796
1121
790
1142
809
1210
825
1259
823
1325
884
1387
946
1446
1033
1452
1180
1466
1337
1453
1437
1366
1454
1407
1653
1364
1662
1338
1680
1317
1710
1305
1708
1306
1677
1309
1671
1302
1655
1282
1572
1302
1495
1302
1402
1303
1284
1313
1186
1320
1093
1367
1020
1394
968
1423
947
1446
864
1462
855
1456
801
1429
772
1420
770
1409
810
1362
843
1357
980
1339
1080
1323
1207
1307
1342
1282
1574
1208
1451
1197
1585
1157
1619
1108
1639
1103
1640
1090
1617
1079
1565
1072
1445
1079
1402
1081
1371
1092
1349
1111
1284
1129
1331
1137
1303
1161
1255
1178
1211
1193
1209
1192
1222
1203
1206
1210
1223
1241
1232
1224
1244
1232
1268
1240
1302
1257
1292
1247
1260
1284
1236
1299
1198
1325
1114
1347
1112
1366
1192
1363
1133
1366
1155
1363
1075
1369
1025
1341
974
1367
961
1357
932
1340
948
1322
1004
1308
1016
1298
1073
1274
1135
1272
1129
1305
1119
1268
1175
1249
1157
1257
1184
1237
1254
1225
1299
1224
1356
1217
1403
1214
1443
1212
1457
1211
1443
1213
1404
1219
1388
1227
1355
1237
1393
1258
1277
1260
1234
1240
1170
1262
1151
1260
1137
1247
1147
1243
1119
1236
1213
1247
1232
1250
1273
1251
1291
1252
1290
1251
1286
1255
1199
1267
1167
1271
1261
1267
1257
1283
1305
1281
1362
1286
1336
1295
1293
1284
1268
1280
1239
1279
1118
1268
1112
1273
1066
1262
1057
1281
976
1287
1099
1290
1027
1313
1006
1301
1047
1320
1064
1336
1125
1328
1168
1357
1246
1372
1315
1365
1388
1349
1455
1337
1470
1320
1544
1290
1513
1269
1568
1287
1579
1227
1535
1236
1541
1229
1515
1211
1455
1187
1403
1179
1345
1132
1303
1154
1275
1149
1210
1147
1199
1143
1122
1162
1044
1172
1079
1184
1079
1207
1076
1239
1072
1258
1114
1280
1121
1298
1152
1278
1171
1321
1130
1326
1111
1316
1093
1337
1087
1303
1121
1289
1105
1265
1155
1252
1128
1238
1181
1188
1164
1199
1123
1188
1087
1177
1109
1182
1120
1201
1132
1197
1172
1241
1212
1277
1247
1293
1260
1322
1238
1334
1254
1353
1207
1362
1215
1368
1338
1386
1318
1396
1402
1412
1379
1421
1372
1408
1360
1405
1314
1391
1304
1379
1310
1345
1354
1322
1459
1306
1498
1280
1527
1262
1493
1232
1519
1216
1510
1199
1410
1197
1386
1196
1365
1200
1364
1196
1309
1175
1285
1212
1208
1219
1137
1214
1163
1230
1123
1242
1089
1256
1086
1257
1025
1274
1058
1276
1024
1255
1074
1240
1035
1225
1052
1209
1086
1200
1140
1186
1168
1179
1216
1180
1255
1185
1245
1186
1254
1181
1236
1180
1261
1170
1231
1169
1285
1188
1316
1212
1308
1216
1323
1219
1250
1237
1240
1223
1179
1254
1135
1267
1097
1294
1161
1300
1131
1324
1153
1342
1219
1339
1181
1349
1205
1352
1178
1340
1224
1334
1202
1371
1247
1343
1260
1351
1293
1348
1317
1336
1332
1322
1312
1319
1296
1325
1287
1298
1274
1324
1274
1348
1267
1336
1312
1334
1240
1326
1189
1309
1156
1276
1131
1256
1081
1250
1082
1257
1135
1251
1177
1233
1248
1232
1284
1220
1321
1232
1326
1206
1299
1214
1344
1214
1361
1215
1399
1223
1453
1233
1478
1233
1499
1236
1486
1232
1443
1222
1415
1232
1355
1253
1350
1266
1317
1283
1312
1297
1295
1304
1251
1308
1233
1282
1177
1295
1152
1280
1136
1274
1143
1272
1086
1258
1180
1270
1198
1262
1223
1257
1214
1251
1223
1245
1214
1216
1267
1232
1226
1239
1251
1258
1243
1245
1265
1244
1218
1258
1182
1234
1137
1245
1076
1243
1036
1245
1110
1237
1152
1241
1173
1249
1193
1240
1253
1266
1236
1249
1249
1255
1236
1262
1214
1294
1254
1290
1272
1313
1291
1314
1331
1324
1354
1303
1363
1294
1344
1270
1367
1281
1359
1255
1345
1254
1414
1219
1330
1220
1260
1219
1198
1199
1173
1192
1118
1180
1101
1171
1093
1205
1134
1212
1132
1206
1199
1237
1206
1259
1197
1267
1163
1271
1094
1293
1116
1303
1167
1325
1158
1345
1237
1366
1296
1371
1335
1372
1369
1370
1370
1344
1342
1345
1302
1326
1287
1337
1291
1321
1334
1293
1411
1279
1359
1251
1308
1236
1322
1218
1273
1204
1290
1211
1284
1221
1298
1218
1325
1257
1303
1272
1328
1283
1296
1269
1282
1278
1254
1288
1402
1278
1245
1305
1299
1293
1335
1292
1375
1278
1324
1268
1287
1236
1256
1240
1221
1224
1212
1226
1234
1227
1252
1236
1286
1237
1287
1231
1289
1243
1267
1216
1205
1207
1245
1211
1173
1213
1181
1220
1162
1234
1201
1243
1155
1256
1180
1270
1145
1249
1069
1272
1092
1261
1099
1273
1092
1286
1196
1288
1147
1286
1189
1292
1189
1271
1219
1260
1184
1251
1208
1236
1173
1266
1203
1288
1265
1274
1294
1308
1354
1312
1374
1313
1367
1300
1297
1315
1315
1312
1345
1319
1391
1332
1374
1364
1382
1360
1368
1336
1353
1314
1271
1297
1267
1282
1234
1281
1244
1280
1251
1285
1288
1278
1391
1281
1292
1273
1278
1252
1268
1241
1259
1230
1225
1227
1256
1241
1259
1222
1307
1255
1229
1271
1327
1256
1299
1237
1261
1230
1227
1226
1337
1223
1114
1243
1192
1259
1241
1260
1270
1275
1240
1257
1252
1248
1217
1240
1195
1210
1182
1234
1194
1237
1248
1244
1282
1241
1312
1232
1337
1222
1310
1246
1336
1218
1297
1201
1237
1240
1218
1260
1263
1276
1279
1279
1279
1276
1252
1268
1230
1259
1157
1254
1118
1255
1091
1283
1090
1292
1184
1292
1184
1298
1118
1303
1140
1282
1157
1275
1132
1296
1164
1278
1155
1289
1212
1308
1302
1342
1315
1320
1363
1316
1348
1292
1319
1276
1277
1274
1260
1257
1218
1262
1230
1278
1281
1288
1283
1285
1308
1260
1296
1268
1258
1233
1240
1253
1228
1258
1238
1286
1231
1283
1281
1299
1325
1302
1336
1313
1305
1282
1297
1261
1279
1253
1295
1260
1292
1271
1321
1285
1368
1296
1401
1300
1402
1286
1394
1271
1346
1258
1309
1252
1275
1259
1328
1291
1277
1287
1334
1293
1303
1303
1299
1282
1269
1263
1249
1242
1211
1242
1187
1248
1204
1260
1162
1295
1238
1279
1261
1290
1284
1271
1252
1248
1237
1234
1212
1233
1174
1240
1155
1262
1251
1277
1239
1293
1276
1284
1274
1265
1268
1245
1258
1232
1203
1217
1247
1224
1189
1210
1238
1251
1262
1264
1301
1244
1249
1252
1228
1232
1239
1223
1201
1227
1217
1241
1190
1263
1214
1275
1238
1285
1235
1281
1237
1253
1213
1233
1177
1211
1165
1214
1139
1232
1152
1262
1167
1282
1204
1293
1222
1280
1240
1280
1247
1268
1215
1252
1206
1265
1219
1269
1244
1284
1230
1307
1291
1299
1294
1284
1273
1268
1257
1255
1330
1237
1304
1253
1138
1283
1221
1298
1253
1313
1255
1334
1290
1325
1292
1312
1261
1338
1283
1293
1216
1318
1242
1308
1274
1319
1313
1317
1352
1321
1310
1301
1370
1283
1314
1260
1312
1254
1296
1264
1261
1270
1335
1299
1363
1279
1396
1282
1412
1268
1366
1242
1299
1220
1246
1215
1216
1215
1228
1236
1281
1275
1255
1265
1233
1273
1251
1248
1203
1233
1208
1206
1187
1205
1150
1225
1217
1237
1204
1262
1228
1275
1243
1275
1260
1250
1227
1234
1182
1220
1111
1240
1215
1226
1188
1251
1227
1276
1263
1268
1264
1298
1245
1252
1231
1253
1193
1250
1172
1237
1161
1270
1171
1292
1191
1326
1233
1329
1253
1316
1260
1300
1169
1256
1163
1228
1175
1226
1163
1247
1247
1263
1251
1288
1295
1298
1311
1292
1315
1274
1235
1248
1271
1256
1253
1261
1257
1286
1254
1315
1299
1334
1399
1369
1370
1331
1300
1315
1285
1287
1245
1261
1226
1260
1227
1275
1247
1267
1283
1296
1296
1293
1295
1278
1303
1237
1258
1200
1234
1185
1131
1217
1186
1249
1226
1244
1295
1253
1321
1288
1355
1254
1341
1227
1281
1227
1231
1218
1186
1224
1196
1260
1228
1292
1260
1302
1265
1311
1241
1288
1311
1271
1176
1243
1201
1256
1221
1248
1207
1263
1261
1289
1328
1310
1332
1290
1326
1285
1234
1247
1228
1233
1214
1240
1194
1244
1181
1276
1228
1276
1259
1294
1278
1302
1291
1257
1255
1223
1176
1214
1148
1216
1127
1232
1143
1272
1166
1285
1213
1283
1262
1299
1238
1279
1214
1254
1189
1241
1172
1234
1164
1265
1209
1300
1223
1310
1255
1301
1262
1318
1267
1294
1229
1265
1206
1250
1188
1250
1156
1258
1203
1298
1215
1321
1246
1322
1293
1298
1281
1268
1258
1231
1231
1217
1232
1222
1226
1234
1254
1260
1318
1325
1349
1307
1379
1280
1344
1259
1298
1242
1263
1240
1186
1230
1217
1275
1210
1314
1255
1331
1300
1328
1310
1322
1225
1296
1209
1286
1241
1227
1237
1258
1281
1280
1262
1312
1292
1322
1305
1320
1359
1292
1343
1273
1296
1232
1283
1225
1253
1244
1279
1272
1288
1295
1385
1332
1351
1327
1324
1307
1287
1279
1216
1250
1163
1237
1150
1239
1142
1290
1179
1294
1219
1320
1253
1306
1299
1274
1251
1231
1231
1194
1144
1186
1234
1233
1172
1245
1208
1270
1288
1291
1319
1278
1355
1246
1312
1215
1272
1207
1256
1214
1265
1230
1201
1269
1254
1296
1254
1309
1271
1293
1304
1268
1210
1237
1208
1214
1121
1217
1119
1225
1141
1264
1157
1294
1189
1288
1191
1286
1174
1286
1170
1238
1124
1204
1097
1216
1133
1228
1107
1274
1185
1311
1236
1328
1283
1308
1302
1280
1244
1258
1203
1228
1173
1266
1252
1284
1243
1317
1266
1317
1297
1369
1318
1345
1334
1300
1278
1261
1262
1208
1183
1240
1191
1263
1270
1301
1294
1330
1331
1340
1341
1314
1350
1262
1292
1245
1284
1220
1218
1237
1261
1260
1279
1312
1305
1337
1328
1334
1365
1307
1232
1252
1234
1222
1244
1208
1179
1207
1192
1243
1204
1272
1248
1311
1271
1288
1272
1291
1275
1248
1220
1213
1209
1200
1180
1224
1169
1260
1187
1314
1219
1317
1302
1296
1273
1259
1303
1229
1207
1194
1180
1153
1130
1198
1177
1241
1141
1289
1223
1307
1246
1303
1257
1282
1244
1235
1177
1227
1159
1216
1143
1252
1177
1267
1215
1318
1247
1311
1280
1306
1260
1278
1249
1257
1193
1216
1185
1233
1179
1214
1197
1282
1176
1319
1324
1325
1322
1326
1287
1275
1247
1254
1200
1239
1179
1226
1161
1252
1191
1259
1266
1330
1304
1339
1304
1318
1291
1284
1274
1250
1246
1201
1217
1217
1131
1290
1213
1301
1273
1323
1286
1339
1312
1325
1305
1270
1249
1233
1224
1211
1150
1195
1196
1228
1220
1291
1252
1318
1280
1320
1282
1289
1269
1253
1229
1213
1193
1223
1207
1184
1195
1239
1237
1303
1262
1338
1285
1324
1287
1295
1279
1257
1219
1211
1144
1190
1131
1225
1113
1249
1170
1249
1282
1338
1235
1334
1297
1291
1254
1242
1214
1213
1192
1203
1181
1190
1210
1284
1172
1286
1235
1342
1257
1335
1248
1294
1249
1252
1204
1201
1218
1209
1135
1213
1116
1257
1050
1309
1202
1292
1277
1299
1284
1262
1274
1218
1232
1189
1208
1162
1164
1216
1274
1278
1280
1309
1256
1338
1289
1332
1303
1294
1248
1238
1192
1202
1201
1237
1164
1205
1073
1322
1191
1327
1240
1352
1209
1331
1283
1288
1262
1246
1221
1152
1219
1231
1170
1233
1221
1306
1242
1336
1266
1348
1295
1336
1325
1280
1269
1235
1222
1219
1207
1234
1180
1247
1258
1304
1245
1330
1292
1356
1296
1342
1294
1292
1278
1238
1211
1216
1192
1198
1174
1222
1147
1301
1253
1346
1292
1339
1327
1308
1351
1258
1309
1186
1243
1165
1265
1198
1191
1217
1165
1306
1291
1333
1294
1342
1314
1313
1328
1258
1319
1224
1157
1152
1222
1168
1158
1194
1365
1286
1248
1321
1246
1324
1272
1297
1273
1237
1297
1165
1169
1165
1153
1227
1092
1243
1123
1295
1201
1336
1236
1342
1261
1296
1208
1227
1281
1208
1244
1157
1178
1191
1099
1247
1198
1312
1287
1344
1269
1330
1287
1303
1232
1246
1281
1131
1186
1217
1190
1186
1121
1217
1168
1307
1238
1347
1239
1310
1273
1271
1206
1190
1261
1190
1195
1194
1176
1210
1091
1232
1230
1315
1254
1345
1253
1326
1297
1293
1246
1255
1194
1212
1233
1239
1179
1254
1080
1333
1215
1346
1241
1360
1233
1332
1278
1285
1221
1247
1193
1173
1216
1230
1128
1279
1019
1343
1198
1376
1236
1372
1274
1351
1328
1290
1275
1251
1192
1191
1199
1211
1207
1223
1090
1305
1198
1354
1240
1342
1273
1307
1339
1242
1291
1224
1228
1152
1256
1227
1178
1262
1097
1332
1271
1340
1319
1351
1327
1313
1349
1247
1341
1227
1267
1168
1276
1207
1158
1235
1000
1322
1243
1333
1259
1336
1268
1308
1257
1246
1302
1241
1223
1206
1237
1186
1158
1222
1002
1349
1237
1337
1239
1347
1254
1311
1213
1243
1297
1232
1223
1207
1230
1225
1133
1246
1014
1341
1292
1333
1256
1333
1266
1306
1192
1240
1300
1189
1147
1211
1120
1243
1048
1272
987
1347
1216
1339
1203
1335
1238
1311
1186
1256
1299
1180
1184
1212
1192
1220
1103
1246
1254
1353
1241
1369
1253
1345
1293
1311
1246
1237
1381
1222
1253
1226
1272
1193
1165
1228
1352
1335
1312
1357
1279
1347
1325
1273
1262
1221
1389
1184
1215
1180
1198
1204
1066
1258
1346
1366
1266
1350
1253
1327
1323
1263
1273
1233
1317
1176
1265
1184
1221
1196
1090
1262
1323
1345
1231
1343
1238
1309
1278
1238
1269
1208
1324
1149
1278
1222
1220
1221
1085
1248
1330
1376
1279
1376
1294
1338
1332
1265
1318
1237
1231
1184
1236
1204
1222
1222
1075
1299
1340
1364
1265
1348
1269
1311
1263
1229
1317
1214
1292
1208
1272
1227
1184
1253
1050
1247
1311
1359
1271
1342
1274
1333
1243
1225
1316
1205
1210
1131
1208
1175
1183
1208
1014
1285
1314
1365
1250
1357
1249
1298
1195
1239
1301
1226
1188
1207
1227
1257
1087
1295
954
1295
1270
1401
1224
1364
1244
1318
1207
1237
1315
1221
1266
1198
1257
1217
1130
1243
947
1358
1305
1368
1248
1352
1279
1316
1226
1249
1355
1235
1262
1186
1289
1240
1162
1250
961
1379
1330
1401
1278
1371
1328
1321
1282
1258
1412
1239
1336
1234
1240
1258
1132
1287
1026
1333
1330
1362
1288
1334
1332
1287
1274
1214
1411
1180
1312
1192
1263
1214
1120
1226
944
1336
1278
1347
1243
1295
1301
1255
1262
1206
1369
1191
1297
1166
1262
1184
1121
1225
893
1348
1285
1369
1264
1318
1327
1250
1296
1213
1420
1156
1303
1148
1247
1196
1084
1235
864
1324
1242
1341
1256
1300
1311
1227
1279
1188
1406
1188
1288
1154
1155
1246
1010
1283
950
1364
1246
1360
1211
1314
1319
1247
1295
1195
1417
1193
1272
1228
1179
1216
1057
1237
1102
1363
1237
1346
1240
1307
1321
1257
1314
1213
1429
1150
1318
1212
1199
1230
1046
1273
1250
1381
1241
1356
1239
1337
1264
1250
1324
1217
1392
1184
1292
1217
1202
1231
1032
1293
1260
1388
1242
1359
1268
1317
1287
1242
1358
1231
1342
1171
1312
1225
1213
1267
1017
1265
1267
1388
1254
1357
1275
1306
1253
1241
1372
1223
1325
1163
1310
1224
1139
1269
957
1276
1289
1379
1218
1347
1244
1299
1209
1229
1341
1212
1267
1154
1187
1203
1112
1249
951
1267
1240
1360
1200
1329
1258
1276
1231
1229
1389
1199
1306
1201
1309
1182
1171
1229
940
1358
1276
1373
1239
1341
1299
1277
1272
1228
1382
1210
1360
1217
1292
1216
1163
1247
978
1364
1279
1366
1236
1338
1277
1287
1261
1216
1408
1187
1309
1219
1223
1235
1103
1287
963
1348
1237
1367
1240
1322
1313
1250
1311
1204
1440
1183
1323
1168
1252
1239
1088
1277
931
1353
1263
1356
1221
1316
1309
1255
1266
1226
1428
1177
1284
1238
1250
1225
1083
1257
1020
1381
1194
1365
1182
1326
1254
1238
1251
1231
1372
1148
1222
1211
1178
1248
989
1257
1178
1365
1153
1343
1197
1305
1279
1236
1300
1148
1387
1160
1294
1186
1235
1211
1059
1282
1254
1375
1210
1350
1222
1302
1240
1232
1334
1211
1345
1180
1338
1216
1191
1243
1010
1293
1308
1388
1252
1364
1269
1319
1267
1245
1417
1222
1415
1211
1421
1242
1235
1272
1046
1241
1333
1368
1258
1339
1271
1300
1285
1215
1396
1207
1367
1151
1300
1214
1201
1261
1038
1244
1260
1365
1179
1343
1200
1303
1159
1232
1317
1207
1275
1176
1282
1204
1123
1222
875
1345
1206
1375
1123
1334
1172
1252
900
1259
1518
1199
1276
1197
1306
1196
1182
1226
979
1364
1265
1370
1196
1336
1266
1280
1002
1260
1474
1206
1354
1170
1324
1204
1186
1278
1066
1374
1255
1377
1175
1338
1245
1196
1342
1265
1454
1152
1334
1231
1315
1212
1171
1239
1064
1379
1248
1375
1197
1343
949
1142
1363
1271
1414
1213
1269
1214
1256
1256
1149
1265
1352
1378
1233
1372
1190
1337
1029
1178
1392
1270
1338
1189
1385
1179
1317
1204
1170
1253
1378
1379
1225
1378
1180
1320
901
1236
1374
1239
1352
1189
1315
1214
1251
1200
1066
1319
1345
1388
1199
1356
1169
1225
911
1205
1496
1264
1291
1137
1355
1166
1275
1237
1070
1346
1338
1361
1183
1348
1159
1275
860
1169
1476
1253
1266
1140
1347
1153
1236
1197
1182
1344
1326
1361
1191
1342
1181
1251
925
1187
1510
1258
1307
1163
1343
1197
1258
1198
1449
1354
1313
1370
1178
1348
1175
1210
918
1237
1558
1243
1369
1146
1292
1171
1197
1212
1412
1368
1283
1387
1147
1349
750
1225
873
1268
1558
1259
1276
1199
1306
1271
1214
1267
1477
1370
1284
1376
1169
1351
849
1224
935
1225
1597
1173
1303
1210
1306
1226
1201
1252
1467
1385
1266
1378
1155
1346
788
1230
957
1259
1595
1193
1328
1147
1323
1202
1152
1319
1414
1371
1227
1351
1111
1335
746
1207
924
1263
1578
1139
1319
1156
1321
1240
1206
1331
1424
1393
1237
1383
1151
1283
836
1243
978
1267
1661
1141
1363
1157
1322
1201
1231
1354
1401
1392
1208
1386
1150
1315
815
1199
1334
1300
1295
1151
1380
1160
1337
1242
1158
1354
1396
1378
1217
1366
1160
1209
794
1237
1389
1258
1472
1194
1314
1205
1342
1174
1537
1339
1381
1369
1216
1355
1166
1262
884
1144
1476
1261
1299
1195
1323
1199
1302
1228
1391
1348
1332
1382
1165
1368
775
1265
825
1213
1465
1264
1258
1188
1292
1203
1230
1193
1518
1362
1326
1383
1166
1366
813
1219
830
1228
1516
1261
1280
1171
1304
1209
1253
1220
1530
1379
1324
1386
1171
1386
758
1278
896
1278
1548
1270
1274
1188
1340
1230
1281
1312
1507
1383
1310
1375
1178
1280
773
1263
948
1255
1617
1272
1376
1202
1399
1213
1420
1282
1527
1388
1316
1397
1187
1347
753
1254
996
1279
1638
1232
1382
1142
1393
1170
1486
1311
1516
1361
1320
1366
1098
1242
769
1228
973
1243
1613
1116
1320
1120
1263
1187
1514
1279
1372
1341
1172
1344
1027
1274
713
1223
885
1272
1562
1173
1298
1178
1299
1213
1565
1358
1415
1405
1244
1396
745
1251
856
1214
1379
1291
1611
1211
1393
1176
1399
1229
1546
1326
1486
1355
1287
1334
788
1181
851
1167
1343
1234
1398
1156
1254
1158
1226
1149
1445
1293
1343
1329
1159
1329
690
1212
756
1212
1299
1275
1453
1211
1220
1171
1218
1321
1502
1368
1375
1396
1225
1375
722
1246
882
1203
1472
1309
1295
1173
1334
1174
1260
1308
1506
1359
1376
1373
1217
1264
707
1265
816
1169
1445
1290
1259
1174
1272
1213
1376
1354
1508
1405
1380
1409
1244
1367
808
1286
923
1326
1532
1314
1220
1245
1278
1226
1283
1364
1550
1408
1421
1415
1204
1267
887
1241
965
1303
1612
1289
1301
1209
1343
1194
1650
1283
1537
1362
1350
1394
1199
1253
807
1198
930
1261
1492
1266
1196
1159
1235
1181
1546
1297
1462
1359
1318
1376
1231
1255
851
1208
969
1240
1552
1105
1262
1103
1238
1129
1566
1230
1491
1265
1336
1257
889
1187
812
1161
971
1180
1546
1145
1199
1144
1155
1232
1298
1297
1442
1351
1297
1358
832
1246
793
1283
1297
1306
1268
1226
1183
1224
1229
1235
1518
1317
1500
1368
1378
1354
850
1260
902
1222
1410
1280
1503
1161
1270
1166
1271
1285
1489
1326
1478
1344
1347
1326
888
1244
870
1217
1327
1266
1192
1160
1139
1204
1120
1308
1423
1362
1380
1384
1257
1331
796
1246
851
1287
1382
1332
1132
1213
1154
1241
1295
1364
1511
1390
1438
1398
1347
1320
923
1231
993
1220
1480
1288
1224
1160
1216
1165
1504
1268
1547
1347
1455
1360
1317
1240
927
1198
957
1284
1514
1294
1195
1149
1193
1230
1567
1237
1524
1326
1410
1328
1296
1232
833
1219
906
1221
1468
1220
1109
1161
1109
1189
1487
1270
1468
1321
1363
1336
921
1267
862
1275
1004
1305
1555
1298
1223
1212
1233
1297
1339
1311
1538
1364
1413
1370
925
1207
883
1225
945
1298
1453
1233
1035
1200
1115
1205
1297
1276
1450
1304
1343
1276
851
1203
864
1217
1234
1266
1509
1216
1119
1129
1153
1258
1354
1282
1501
1308
1384
1305
879
1218
885
1196
1286
1312
1302
1182
1111
1208
1126
1242
1393
1316
1464
1324
1408
1262
945
1199
994
1223
1457
1277
1259
1205
1142
1178
1340
1279
1523
1312
1516
1334
1416
1297
963
1209
996
1224
1425
1317
1237
1236
1139
1212
1492
1294
1473
1368
1481
1400
1376
1280
956
1245
924
1327
1447
1337
1063
1221
1036
1255
1444
1276
1474
1332
1460
1343
1387
1253
914
1260
985
1221
1530
1312
1192
1203
1205
1162
1587
1261
1594
1308
1539
1305
1094
1240
969
1234
1143
1247
1504
1270
1101
1157
1070
1150
1477
1216
1480
1292
1422
1298
941
1230
847
1231
934
1284
1420
1277
1018
1212
1013
1204
1227
1257
1489
1297
1458
1296
990
1162
977
1222
1270
1301
1469
1245
1037
1238
1062
1294
1275
1317
1492
1346
1433
1353
934
1273
905
1292
1241
1355
1411
1236
1024
1264
1051
1308
1307
1304
1499
1306
1442
1235
972
1206
962
1176
1353
1272
1372
1168
992
1180
1032
1233
1258
1244
1477
1227
1423
1213
1003
1185
980
1183
1428
1308
1104
1188
1062
1237
1154
1269
1417
1332
1521
1355
1393
1288
977
1288
1169
1306
1407
1387
1065
1261
991
1296
1413
1306
1458
1359
1558
1347
1536
1281
1080
1275
1208
1311
1613
1316
1173
1232
1177
1221
1283
1310
1579
1328
1582
1339
1502
1282
1037
1278
1039
1258
1445
1366
1011
1282
1009
1271
1327
1308
1413
1358
1435
1354
1048
1223
994
1249
1028
1328
1480
1331
1088
1190
1083
1157
1292
1226
1565
1281
1565
1275
1240
1157
1169
1169
1174
1288
1645
1249
1166
1192
1248
1181
1309
1244
1633
1266
1587
1273
1051
1211
1003
1230
1019
1287
1429
1201
982
1184
975
1247
1017
1238
1377
1254
1374
1271
931
1203
887
1148
1364
1302
1393
1229
1029
1231
1062
1270
1206
1294
1516
1308
1491
1254
993
1241
1323
1267
1355
1366
1262
1291
937
1245
1049
1324
1180
1339
1422
1344
1379
1298
894
1277
924
1257
1382
1342
967
1270
921
1210
1001
1278
1301
1272
1491
1271
1443
1178
1014
1186
1095
1240
1467
1316
1065
1234
1081
1219
1446
1251
1452
1315
1549
1317
1540
1256
1070
1265
1136
1235
1538
1359
1135
1269
1123
1223
1477
1292
1468
1332
1541
1323
1146
1230
1058
1281
1009
1319
1512
1316
1010
1242
1055
1226
1444
1241
1473
1285
1557
1288
1156
1211
1102
1275
1151
1306
1571
1352
1137
1282
1060
1280
1248
1298
1531
1344
1540
1335
1089
1230
1405
1250
1013
1340
1430
1307
917
1240
890
1212
1130
1249
1380
1278
1396
1263
982
1188
1090
1174
1044
1292
1502
1227
1096
1236
1131
1298
1355
1282
1587
1314
1588
1260
1134
1226
1386
1245
1099
1339
1520
1241
1068
1260
1039
1315
1282
1282
1490
1293
1503
1199
1027
1196
1248
1210
1356
1316
1249
1232
916
1174
978
1283
1172
1276
1448
1274
1468
1251
1001
1224
1282
1211
1317
1333
1285
1268
1044
1234
1375
1282
1147
1310
1494
1324
1483
1221
1067
1265
1060
1223
1440
1351
989
1272
955
1254
1181
1272
1271
1286
1407
1270
1406
1150
1003
1182
1049
1210
1437
1305
1088
1192
993
1248
1433
1258
1457
1316
1586
1316
1163
1274
1235
1333
1184
1302
1581
1378
1142
1261
1093
1259
1471
1294
1480
1302
1548
1309
1137
1208
1060
1268
1065
1281
1485
1264
1111
1166
1063
1200
1355
1224
1472
1263
1508
1260
1074
1180
1469
1165
1113
1174
1549
1286
1070
1172
1023
1281
1238
1267
1446
1285
1453
1306
962
1236
1326
1261
1002
1336
1424
1248
973
1275
941
1276
1101
1292
1391
1318
1391
1209
1003
1252
1300
1213
1021
1312
1517
1249
1045
1207
1092
1303
1283
1289
1539
1319
1571
1276
1080
1202
1320
1207
1502
1340
1353
1205
1098
1240
1151
1303
1250
1305
1489
1295
1394
1219
1010
1269
1082
1180
1309
1301
1214
1205
962
1190
1218
1284
1115
1314
1371
1319
1394
1197
998
1298
1003
1235
1484
1344
1080
1298
1085
1299
1200
1339
1427
1352
1563
1350
1165
1259
1418
1306
1224
1210
1619
1330
1232
1231
1106
1250
1451
1274
1402
1320
1484
1300
1111
1181
1283
1252
1002
1179
1442
1310
1044
1192
973
1190
1079
1277
1285
1312
1376
1302
1054
1196
1101
1259
1077
1238
1557
1344
1109
1258
1070
1237
1291
1287
1457
1330
1484
1321
1041
1223
1455
1221
1093
1287
1546
1322
1062
1214
1018
1296
1174
1266
1430
1303
1448
1284
1042
1161
1423
1207
1108
1282
1520
1191
1112
1160
1038
1286
1164
1251
1452
1264
1416
1176
1052
1223
1316
1189
1114
1272
1532
1188
1088
1244
963
1291
1151
1267
1412
1298
1377
1214
974
1204
1092
1181
1378
1315
1263
1273
1011
1202
981
1318
1180
1318
1412
1307
1402
1227
980
1278
1126
1188
1422
1306
1286
1235
1124
1258
1350
1299
1217
1336
1461
1370
1437
1269
1021
1340
1064
1285
1272
1367
1234
1262
1031
1291
1246
1304
1196
1376
1436
1337
992
1246
1413
1296
1057
1250
1548
1334
1163
1215
1107
1240
1450
1256
1357
1317
1464
1311
1058
1241
1376
1262
1090
1201
1531
1332
1119
1228
1069
1222
1197
1290
1336
1331
1415
1302
996
1191
1434
1205
1088
1229
1551
1292
1132
1217
1098
1257
1321
1273
1438
1318
1453
1290
1012
1170
1482
1204
1106
1152
1629
1254
1192
1147
1120
1260
1232
1238
1441
1295
1427
1211
962
1253
1392
1209
1023
1316
1491
1261
1037
1286
976
1346
1132
1337
1336
1379
1330
1293
900
1317
1190
1234
1055
1334
1508
1262
1065
1215
1124
1313
1233
1258
1451
1317
1453
1305
1007
1280
1136
1243
1177
1299
1618
1207
1148
1196
1450
1294
1212
1314
1403
1331
1354
1253
967
1307
1046
1231
1324
1312
1208
1248
1107
1228
1356
1188
1163
1308
1414
1288
1415
1230
1001
1279
1066
1199
1242
1289
1242
1196
1093
1228
1478
1222
1282
1290
1470
1289
1101
1171
1458
1276
1088
1225
1576
1301
1190
1225
1131
1210
1425
1315
1335
1339
1409
1338
1028
1251
1319
1308
1008
1260
1512
1329
1141
1225
1088
1231
1228
1280
1331
1299
1402
1299
996
1214
1463
1196
1113
1228
1594
1251
1140
1216
1059
1213
1296
1284
1404
1349
1416
1339
1003
1221
1424
1266
1069
1256
1553
1250
1140
1239
1033
1289
1149
1278
1344
1337
1283
1232
926
1287
1348
1194
1051
1247
1548
1245
1101
1216
1218
1278
1233
1296
1472
1330
1431
1253
1021
1283
1282
1211
1138
1313
1580
1244
1120
1204
1058
1288
1198
1276
1416
1296
1317
1183
1154
1261
1085
1177
1076
1264
1501
1194
1089
1159
1400
1231
1182
1269
1375
1282
1357
1185
1172
1279
1025
1225
1358
1291
1182
1208
1058
1218
1291
1316
1270
1348
1419
1340
1379
1224
1095
1321
1065
1275
1326
1333
1260
1257
1150
1281
1508
1309
1280
1343
1453
1341
1064
1187
1425
1311
1116
1203
1569
1327
1211
1194
1063
1269
1419
1312
1327
1367
1390
1355
1044
1238
1398
1299
1083
1229
1558
1351
1190
1280
1099
1205
1259
1296
1363
1338
1403
1314
973
1202
1423
1216
1095
1183
1574
1249
1123
1224
1091
1192
1416
1238
1419
1291
1429
1273
941
1160
1429
1218
1032
1194
1562
1221
1115
1181
1061
1277
1166
1240
1393
1289
1351
1214
928
1262
1393
1168
1095
1185
1560
1228
1090
1182
1032
1302
1160
1264
1382
1313
1353
1233
913
1285
1167
1229
1026
1297
1474
1247
1013
1196
1001
1303
1190
1303
1415
1313
1333
1224
1246
1307
1172
1242
1124
1296
1473
1265
1125
1262
1456
1267
1211
1311
1407
1340
1370
1260
1233
1316
988
1265
1365
1317
1144
1239
1064
1238
1202
1297
1196
1353
1409
1359
946
1282
1393
1342
1022
1283
1301
1342
1241
1213
1109
1285
1398
1308
1229
1343
1490
1318
1041
1261
1431
1287
1083
1193
1518
1303
1099
1241
1098
1180
1395
1258
1311
1321
1403
1315
1072
1222
1402
1267
1031
1251
1540
1334
1154
1227
1129
1221
1334
1277
1399
1330
1455
1329
1029
1266
1459
1208
1110
1172
1555
1288
1178
1164
1090
1264
1348
1246
1367
1319
1401
1307
909
1266
1379
1188
1041
1211
1513
1242
1036
1203
1041
1308
1132
1293
1349
1347
1348
1249
954
1307
1341
1222
1069
1208
1552
1279
1112
1217
1092
1308
1251
1278
1457
1330
1471
1240
1036
1292
1272
1231
1099
1273
1507
1230
1121
1174
1100
1299
1222
1298
1451
1344
1377
1234
1254
1330
1171
1224
1108
1325
1451
1283
1155
1287
1433
1306
1287
1340
1465
1367
1442
1292
1324
1331
1032
1243
1358
1304
1145
1241
1100
1232
1120
1272
1232
1295
1402
1322
970
1201
1397
1282
1018
1224
1228
1279
1150
1204
1137
1162
1457
1250
1200
1291
1416
1290
978
1220
1362
1275
924
1213
1437
1272
1047
1213
1059
1173
1332
1229
1252
1297
1357
1292
1025
1171
1349
1264
977
1207
1458
1286
1067
1229
1030
1246
1204
1287
1357
1357
1438
1350
957
1263
1453
1286
1061
1267
1529
1328
1092
1263
1141
1318
1171
1296
1424
1328
1452
1327
971
1245
1444
1254
1033
1221
1555
1254
1084
1212
1088
1308
1207
1293
1401
1356
1399
1337
908
1337
1403
1232
1064
1237
1511
1250
1112
1284
1018
1350
1266
1321
1442
1371
1436
1288
1025
1315
1220
1198
1104
1274
1480
1216
1106
1174
1113
1291
1273
1272
1454
1309
1367
1234
1328
1280
1169
1169
1103
1246
1436
1125
1088
1145
1283
1236
1172
1276
1403
1309
1353
1192
1308
1296
982
1249
1260
1304
1129
1252
1100
1256
1174
1331
1232
1344
1459
1352
1012
1263
1444
1340
1107
1200
1272
1300
1181
1199
1138
1188
1449
1270
1205
1321
1427
1318
1018
1248
1403
1307
1015
1254
1088
1290
1157
1202
1104
1196
1260
1287
1289
1340
1454
1343
992
1305
1452
1305
1069
1204
1535
1289
1121
1235
1102
1229
1476
1273
1417
1332
1463
1324
1011
1272
1456
1245
1085
1201
1498
1286
1117
1168
1083
1248
1239
1268
1385
1331
1441
1326
953
1309
1412
1251
1014
1217
1528
1254
1032
1211
1052
1303
1175
1279
1366
1329
1351
1243
920
1304
1349
1246
938
1223
1470
1208
1060
1211
994
1259
1207
1264
1398
1320
1388
1281
938
1311
1125
1261
1033
1307
1454
1215
1127
1283
1077
1349
1248
1304
1450
1383
1418
1259
1361
1352
1109
1259
1079
1293
1429
1194
1082
1192
1408
1259
1255
1307
1443
1324
1409
1263
1350
1312
1049
1216
1346
1299
1136
1196
1075
1187
1207
1294
1207
1325
1429
1330
1028
1205
1394
1296
1020
1207
1142
1266
1129
1183
1082
1167
1434
1248
1211
1330
1438
1347
1065
1243
1451
1307
1064
1239
1194
1306
1196
1207
1149
1210
1414
1287
1369
1344
1473
1340
994
1276
1443
1295
1021
1229
1511
1298
1136
1182
1074
1205
1331
1311
1311
1366
1376
1364
892
1319
1376
1303
950
1256
1434
1290
1108
1232
1055
1240
1164
1278
1381
1308
1424
1314
991
1299
1399
1255
1034
1223
1558
1177
1178
1191
1111
1238
1182
1314
1465
1366
1461
1255
1017
1315
1448
1213
1111
1179
1560
1214
1160
1207
1097
1314
1258
1278
1444
1328
1393
1283
961
1308
1304
1205
1126
1293
1460
1211
1174
1252
1118
1321
1304
1316
1492
1344
1407
1272
1331
1309
1185
1211
1052
1247
1327
1213
1071
1187
1274
1240
1200
1289
1398
1326
1378
1212
1306
1312
973
1245
1232
1311
1126
1249
1101
1254
1166
1334
1191
1353
1411
1324
927
1259
1352
1310
932
1227
1131
1268
1059
1215
1094
1194
1391
1285
1110
1345
1422
1336
1078
1211
1455
1298
1090
1196
1164
1286
1239
1161
1179
1199
1312
1267
1318
1330
1463
1316
1012
1266
1441
1277
1066
1152
1492
1263
1134
1166
1078
1181
1363
1302
1342
1343
1393
1356
965
1304
1410
1255
1012
1260
1487
1253
1157
1219
1088
1301
1306
1289
1401
1345
1422
1266
1000
1319
1424
1243
1046
1211
1565
1213
1146
1236
1057
1315
1194
1314
1435
1374
1420
1307
968
1329
1399
1249
1013
1221
1515
1237
1062
1159
1061
1295
1170
1254
1411
1329
1398
1286
982
1291
1181
1181
1081
1269
1419
1199
1084
1196
1062
1308
1251
1306
1453
1347
1398
1261
1329
1309
1108
1233
999
1284
1325
1174
1071
1176
1174
1286
1205
1319
1432
1357
1411
1255
1372
1324
1090
1250
1147
1290
1360
1197
1120
1232
1486
1300
1260
1332
1473
1350
1059
1223
1429
1317
1038
1204
1220
1278
1140
1201
1113
1228
1436
1275
1210
1356
1409
1360
1036
1260
1421
1313
1085
1205
1175
1284
1182
1188
1130
1218
1369
1280
1275
1333
1391
1325
925
1296
1371
1278
933
1214
1450
1250
1116
1148
1089
1188
1431
1298
1356
1362
1428
1349
975
1316
1466
1256
1060
1208
1556
1274
1141
1175
1142
1204
1220
1274
1358
1346
1402
1244
928
1319
1406
1274
988
1208
1517
1260
1077
1244
1079
1238
1264
1307
1388
1365
1406
1250
912
1315
1388
1204
1063
1171
1553
1167
1151
1210
1119
1280
1334
1277
1450
1302
1396
1280
1000
1290
1230
1197
1070
1284
1403
1187
1149
1221
1123
1299
1232
1319
1443
1354
1383
1269
1297
1314
1118
1207
990
1248
1286
1182
1003
1170
1130
1295
1228
1295
1410
1336
1385
1242
1343
1294
1065
1204
1101
1273
1378
1239
1167
1221
1489
1327
1273
1353
1471
1342
1046
1215
1414
1304
1023
1228
1138
1280
1102
1189
1059
1252
1404
1280
1155
1338
1404
1345
1008
1212
1361
1300
991
1232
1167
1292
1124
1236
1062
1231
1385
1308
1259
1366
1408
1367
899
1298
1401
1312
1035
1186
1470
1308
1144
1188
1112
1202
1460
1300
1370
1362
1428
1339
1001
1289
1428
1251
1056
1189
1520
1276
1164
1213
1146
1184
1205
1284
1402
1349
1409
1291
953
1306
1457
1204
1086
1206
1580
1199
1217
1209
1167
1230
1273
1314
1493
1370
1465
1300
983
1331
1419
1198
1093
1172
1562
1230
1101
1167
1087
1277
1249
1266
1420
1317
1414
1254
963
1283
1373
1265
1415
1235
1262
1203
1000
1166
1084
1198
1036
1264
981
1328
1350
1310
1361
1292
1352
1269
1210
1211
1248
1212
1255
1234
1082
1227
999
1204
960
1217
921
1196
1363
1290
1446
1277
1493
1264
1497
1226
1356
1244
1327
1272
1253
1223
1033
1272
983
1265
965
1217
1010
1316
1504
1301
1528
1303
1469
1311
1232
1303
1161
1325
1153
1319
951
1263
986
1268
1033
1226
1103
1238
1574
1309
1587
1319
1505
1338
1379
1319
1175
1306
1170
1291
1172
1257
1082
1215
1143
1200
1156
1203
1108
1323
1514
1356
1441
1387
1363
1347
1168
1291
1180
1274
1243
1256
1107
1195
1180
1202
1123
1203
1037
1229
1422
1333
1398
1314
1363
1319
1335
1249
1245
1235
1315
1235
1303
1227
1159
1252
1065
1255
979
1222
980
1323
1413
1304
1425
1290
1429
1262
1317
1229
1331
1236
1308
1235
1088
1250
1022
1257
1005
1257
1010
1198
1476
1305
1539
1291
1566
1288
1537
1262
1344
1283
1283
1309
1192
1289
990
1254
950
1278
948
1220
1014
1291
1519
1295
1496
1297
1413
1316
1172
1292
1130
1307
1114
1286
964
1253
946
1230
1019
1219
1131
1169
1561
1296
1541
1319
1453
1316
1314
1288
1153
1272
1126
1253
1174
1220
1035
1197
1057
1218
1063
1231
1049
1336
1432
1353
1357
1334
1318
1316
1159
1271
1213
1236
1282
1227
1157
1207
1151
1243
1082
1243
1031
1285
1433
1354
1447
1330
1430
1318
1454
1274
1348
1255
1387
1264
1378
1217
1112
1253
1036
1289
1004
1286
993
1321
1468
1316
1489
1291
1500
1273
1338
1233
1298
1251
1233
1279
987
1224
953
1225
930
1198
892
1216
1413
1275
1487
1298
1498
1307
1423
1288
1268
1299
1163
1300
1156
1274
1002
1221
1025
1175
1083
1171
1078
1273
1572
1287
1529
1302
1459
1320
1215
1283
1194
1267
1196
1247
1062
1184
1106
1222
1137
1204
1196
1218
1572
1301
1524
1340
1436
1325
1364
1275
1181
1249
1218
1239
1248
1169
1119
1162
1075
1187
1025
1232
920
1332
1320
1332
1277
1317
1262
1294
1117
1230
1183
1213
1251
1208
1116
1164
1007
1165
991
1193
931
1198
1272
1250
1322
1226
1341
1189
1333
1165
1223
1167
1206
1190
1170
1171
921
1199
842
1205
790
1185
812
1239
1344
1218
1399
1201
1401
1205
1196
1215
1093
1308
1013
1334
825
1356
796
1378
828
1352
961
1270
1489
1360
1716
1343
1747
1366
1680
1403
1411
1454
1348
1514
1299
1494
1194
1483
1324
1433
1470
1346
1529
1301
2011
1311
1913
1312
1719
1347
1382
1374
1190
1467
1108
1493
1009
1422
1042
1424
1093
1332
1162
1185
1401
1203
1570
1169
1324
1161
1188
1234
905
1313
912
1379
981
1402
952
1374
1060
1269
1142
1130
1134
1028
1549
1042
1477
1016
1401
1058
1288
1126
1188
1234
1284
1297
1376
1286
1281
1203
1353
1110
1355
983
1270
957
1628
947
1492
1002
1373
1093
1128
1215
1117
1353
1154
1434
1058
1355
1119
1232
1143
1110
1087
999
1498
1034
1427
1052
1294
1157
1142
1280
914
1436
910
1541
964
1531
930
1446
1050
1292
1152
1160
1151
1152
1530
1153
1353
1209
1160
1349
856
1466
770
1574
823
1598
779
1535
972
1390
1111
1222
1145
1085
1521
1134
1420
1153
1203
1251
1024
1361
808
1454
912
1542
1129
1525
1183
1408
1389
1249
1482
1109
1416
1048
1661
1087
1446
1143
1250
1258
1023
1350
1097
1441
1318
1480
1433
1403
1532
1327
1601
1194
1514
1041
1465
1112
1506
1145
1298
1235
1201
1338
1073
1434
1237
1512
1397
1495
1383
1408
1453
1269
1412
1126
1327
1046
1577
1110
1433
1174
1293
1294
1186
1406
1067
1527
1155
1546
1266
1474
1227
1345
1278
1153
1248
1031
1107
1070
1465
1096
1344
1200
1201
1335
953
1418
981
1506
1075
1500
1030
1400
1157
1213
1264
1084
1255
1007
1580
1104
1504
1201
1365
1303
1226
1414
1015
1513
1092
1527
1246
1465
1203
1330
1426
1113
1480
974
1428
1037
1717
1075
1543
1166
1352
1300
1130
1396
1112
1474
1204
1466
1192
1359
1264
1222
1320
1077
1288
988
1379
1058
1352
1104
1158
1229
1043
1344
855
1442
923
1491
1052
1496
964
1337
1122
1224
1122
1091
1036
1084
1397
1155
1307
1227
1213
1355
1124
1441
974
1512
1054
1530
1149
1458
1037
1298
1139
1181
1152
1028
1194
1073
1560
1126
1487
1240
1386
1385
1097
1459
1099
1550
1170
1535
1160
1436
1305
1284
1384
1141
1425
1006
1822
1129
1789
1211
1600
1339
1428
1444
1169
1531
1167
1541
1275
1469
1289
1288
1430
1133
1498
1009
1407
1068
1718
1133
1498
1238
1288
1367
1010
1401
958
1455
1091
1416
1243
1250
1242
1124
1298
1010
1260
925
1220
1021
1372
1106
1156
1251
993
1365
793
1403
879
1426
1040
1381
1043
1238
1184
1126
1158
1014
1031
974
1306
1126
1175
1218
1031
1337
963
1403
853
1451
1008
1431
1214
1294
1191
1219
1303
1065
1300
1012
1191
1060
1500
1195
1339
1309
1190
1435
1001
1498
1013
1527
1159
1479
1285
1374
1328
1234
1364
1112
1344
1012
1292
1155
1485
1267
1246
1411
1095
1549
860
1587
974
1584
1168
1503
1241
1354
1421
1166
1528
1079
1449
1039
1643
1203
1419
1321
1160
1460
1011
1527
881
1560
1086
1485
1379
1372
1461
1210
1638
1044
1612
997
1417
1111
1553
1229
1260
1358
1040
1478
895
1502
1036
1473
1307
1363
1495
1194
1536
980
1595
910
1441
962
1338
1087
1334
1192
1151
1327
1089
1427
1021
1447
1245
1408
1498
1309
1484
1162
1539
994
1474
941
1246
947
1352
1135
1207
1267
1079
1380
1031
1432
974
1472
1147
1391
1345
1247
1237
1150
1278
993
1153
948
947
1082
1145
1226
964
1372
875
1488
780
1508
897
1483
1121
1383
1297
1197
1233
1027
1215
968
1075
958
1081
1128
1118
1275
978
1430
964
1520
904
1503
1153
1422
1373
1285
1381
1108
1377
969
1323
970
1081
1041
1221
1246
1084
1375
991
1499
1064
1516
1100
1472
1376
1377
1587
1223
1523
1149
1479
1036
1271
1045
1060
1215
1247
1391
1145
1460
1156
1543
1185
1524
1330
1442
1541
1331
1678
1205
1515
1059
1384
1019
1156
1091
876
1237
1151
1341
1056
1435
1089
1477
1068
1433
1284
1365
1483
1265
1445
1121
1445
1045
1276
1016
1027
1034
1234
1252
1113
1373
1053
1479
1114
1499
1127
1466
1370
1386
1584
1286
1573
1113
1497
1041
1350
1047
1102
1093
1295
1314
1121
1429
1056
1523
1104
1476
1209
1397
1446
1265
1643
1134
1470
994
1445
934
1215
969
920
1177
1118
1326
993
1441
1006
1495
1003
1419
1250
1346
1500
1203
1580
1099
1442
992
1264
1018
1002
1090
1024
1287
1017
1434
965
1499
1048
1486
1084
1407
1309
1316
1498
1201
1421
1046
1320
1064
1087
1069
871
1157
1101
1334
1010
1431
1033
1474
1153
1449
1189
1363
1409
1273
1550
1153
1408
1067
1282
1012
1074
1036
853
1153
1121
1379
1054
1476
1109
1530
1200
1483
1318
1408
1531
1299
1651
1173
1448
1090
1323
1018
1087
1084
861
1299
1161
1433
1133
1531
1228
1540
1275
1472
1519
1361
1712
1231
1704
1091
1523
1016
1342
1016
1082
1134
1173
1336
1154
1450
1135
1509
1257
1493
1304
1389
1523
1256
1671
1128
1502
999
1335
1000
1066
1022
791
1139
1053
1338
1012
1449
1083
1501
1255
1430
1289
1327
1512
1221
1612
1095
1351
973
1182
996
929
1072
671
1260
1015
1376
1022
1463
1172
1489
1274
1402
1411
1315
1580
1202
1608
1059
1298
1035
1110
989
877
1075
692
1294
1035
1431
1094
1508
1261
1514
1303
1415
1483
1305
1596
1188
1496
1072
1199
976
980
1026
779
1169
804
1380
1058
1503
1149
1577
1331
1556
1389
1423
1569
1287
1618
1153
1429
1005
1178
999
963
1052
739
1246
1017
1462
1091
1581
1220
1608
1434
1518
1496
1388
1653
1233
1677
1133
1361
988
1174
1038
935
1130
716
1291
1112
1527
1196
1615
1382
1582
1587
1460
1631
1322
1747
1170
1709
1071
1338
1015
1098
1065
880
1183
754
1380
1162
1498
1266
1553
1470
1515
1572
1372
1695
1233
1766
1112
1671
1022
1285
955
1022
1066
821
1224
702
1405
1188
1521
1338
1543
1557
1480
1624
1327
1712
1190
1698
1069
1437
948
1084
972
848
1086
675
1233
962
1441
1120
1519
1296
1510
1522
1415
1542
1245
1613
1104
1543
1002
1200
898
882
984
740
1107
589
1267
984
1467
1116
1515
1332
1494
1532
1361
1543
1208
1590
1082
1464
1006
1063
946
887
1059
675
1178
580
1355
1067
1544
1225
1576
1437
1510
1647
1348
1629
1201
1639
1070
1478
987
1103
973
837
1110
643
1247
561
1469
1118
1561
1275
1565
1547
1492
1690
1327
1674
1184
1603
1079
1395
1042
981
1049
709
1157
594
1339
585
1537
1168
1591
1405
1575
1660
1461
1686
1293
1688
1166
1561
1067
1321
1046
934
1107
715
1228
662
1314
996
1552
1391
1580
1649
1531
1854
1394
1777
1209
1704
1087
1496
1017
1109
1017
826
1060
758
1212
757
1406
1226
1556
1485
1550
1713
1475
1854
1337
1729
1155
1623
1072
1433
1039
1055
1039
807
1131
764
1289
790
1426
1303
1560
1512
1514
1695
1424
1814
1257
1657
1104
1543
1029
1335
999
949
1056
695
1160
641
1310
693
1390
1267
1510
1461
1464
1675
1353
1785
1200
1593
1088
1449
1027
1218
1014
826
1068
668
1184
617
1296
676
1458
1324
1512
1542
1461
1752
1362
1820
1210
1550
1090
1354
1064
1110
1075
673
1163
624
1248
686
1364
850
1533
1497
1530
1706
1477
1840
1359
1767
1178
1508
1096
1281
1063
1063
1044
748
1116
680
1300
788
1425
1014
1537
1611
1512
1790
1433
1851
1304
1625
1155
1408
1097
1211
1056
965
1078
698
1149
750
1295
864
1447
1296
1544
1522
1512
1783
1416
1794
1291
1570
1142
1369
1071
1184
1068
916
1070
786
1237
760
1362
899
1388
1430
1519
1587
1461
1765
1345
1770
1197
1511
1069
1325
993
1116
1006
824
1091
746
1214
725
1334
843
1384
1484
1493
1670
1423
1772
1328
1753
1201
1472
1085
1242
1045
1031
1084
724
1126
679
1306
725
1425
946
1477
1543
1508
1678
1427
1789
1310
1696
1181
1381
1081
1191
1068
1019
1117
768
1193
758
1337
837
1436
1044
1538
1466
1510
1691
1418
1736
1308
1668
1197
1320
1106
1150
1091
1015
1160
772
1237
806
1325
919
1427
1077
1484
1501
1491
1712
1407
1742
1292
1658
1155
1336
1079
1192
1083
1074
1145
861
1238
857
1344
963
1420
1137
1504
1605
1470
1772
1388
1759
1265
1659
1157
1327
1096
1155
1108
1011
1155
803
1288
844
1358
970
1428
1146
1534
1656
1478
1789
1358
1775
1237
1650
1126
1317
1066
1143
1083
1060
1168
913
1250
944
1382
1115
1454
1278
1501
1785
1396
1830
1309
1783
1190
1597
1076
1220
1044
1072
1083
998
1100
848
1230
891
1389
1034
1450
1291
1483
1617
1393
1693
1281
1591
1185
1435
1085
1106
1055
986
1108
942
1150
822
1303
944
1355
1074
1391
1480
1444
1622
1362
1694
1258
1603
1155
1440
1055
1127
1034
1012
1096
919
1174
814
1312
924
1366
1049
1386
1504
1392
1569
1345
1631
1233
1588
1131
1421
1028
1108
1025
989
1098
859
1213
821
1356
902
1443
1072
1420
1603
1435
1662
1358
1729
1253
1611
1159
1430
1087
1110
1090
985
1178
821
1259
863
1431
934
1479
1110
1451
1560
1451
1649
1353
1662
1230
1573
1131
1398
1070
1109
1089
1007
1186
859
1293
907
1416
978
1510
1134
1442
1561
1445
1660
1351
1669
1218
1574
1146
1415
1075
1107
1106
988
1210
956
1313
966
1463
1055
1546
1208
1450
1677
1453
1714
1332
1729
1223
1610
1125
1452
1067
1144
1091
1065
1217
933
1318
945
1384
1119
1437
1247
1400
1533
1352
1687
1245
1689
1147
1554
1070
1363
1025
1067
1090
991
1220
890
1344
895
1394
1108
1418
1248
1437
1535
1364
1658
1240
1601
1138
1465
1062
1278
1029
985
1081
919
1199
832
1322
923
1381
1102
1425
1251
1407
1524
1329
1638
1236
1561
1139
1442
1071
1223
1014
944
1099
909
1231
875
1360
913
1393
1154
1431
1289
1401
1542
1330
1600
1223
1524
1135
1361
1072
1183
1072
949
1143
945
1285
904
1412
1037
1469
1217
1491
1322
1453
1601
1321
1634
1195
1488
1103
1351
1044
1179
1065
950
1148
995
1299
1014
1419
1079
1454
1280
1495
1377
1441
1590
1320
1585
1212
1491
1123
1312
1086
1153
1112
945
1194
993
1339
1102
1381
1184
1454
1292
1414
1429
1360
1608
1275
1533
1096
1432
1070
1286
1041
1134
1089
949
1173
1046
1317
1154
1399
1228
1480
1367
1432
1405
1370
1497
1244
1416
1139
1304
1068
1193
1042
1091
1091
972
1195
1078
1351
1254
1427
1287
1496
1387
1423
1385
1374
1431
1261
1366
1162
1291
1092
1153
1068
1119
1128
1033
1228
1128
1372
1298
1497
1300
1466
1329
1452
1329
1343
1367
1226
1316
1129
1234
1071
1151
1070
1105
1137
1044
1247
1111
1398
1280
1492
1239
1471
1296
1448
1271
1351
1250
1227
1195
1125
1189
1070
1148
1072
1149
1150
1174
1255
1221
1391
1380
1481
1366
1492
1406
1421
1357
1344
1240
1224
1279
1118
1228
1063
1228
1058
1259
1140
1317
1248
1319
1380
1452
1485
1367
1477
1389
1432
1316
1325
1260
1170
1219
1085
1184
1085
1228
1073
1245
1158
1399
1319
1354
1427
1475
1522
1371
1461
1344
1421
1199
1282
1155
1179
1124
1086
1167
1049
1289
1070
1368
1185
1449
1309
1391
1446
1453
1558
1287
1496
1286
1458
1116
1321
1156
1188
1117
1085
1193
1050
1292
1070
1351
1163
1413
1311
1340
1427
1385
1501
1273
1435
1213
1399
1127
1234
1014
1167
1080
1053
1176
1023
1269
1063
1364
1176
1401
1305
1366
1423
1373
1492
1343
1425
1086
1365
1085
1190
979
1089
1032
990
1240
943
1286
1026
1392
1155
1465
1311
1444
1412
1376
1509
1337
1456
1094
1369
980
1272
853
1118
978
1016
1140
1007
1271
1086
1402
1218
1440
1380
1508
1491
1354
1545
1307
1551
1031
1416
1044
1236
951
1113
1050
1053
1195
1018
1362
1111
1494
1242
1549
1390
1486
1491
1323
1527
1258
1488
1093
1386
1017
1258
1015
1108
1061
1052
1186
1050
1399
1137
1519
1259
1545
1430
1462
1554
1324
1557
1238
1550
1031
1433
928
1293
1009
1128
1163
1035
1336
1040
1422
1124
1557
1250
1567
1395
1504
1493
1323
1528
1210
1486
1049
1325
1001
1214
1044
1054
1097
1005
1324
1005
1471
1098
1536
1235
1488
1381
1475
1518
1277
1513
1148
1455
1105
1303
959
1184
1062
1044
1163
996
1399
1012
1445
1110
1523
1241
1484
1384
1390
1486
1230
1503
1106
1451
1105
1341
1070
1203
1083
1089
1150
1013
1354
1007
1414
1106
1471
1242
1416
1378
1291
1478
1166
1514
1046
1467
1077
1362
1069
1218
1172
1136
1273
1041
1373
1053
1443
1130
1439
1254
1353
1378
1247
1489
1142
1513
1110
1455
1095
1365
1082
1225
1256
1092
1346
1012
1395
1058
1435
1097
1385
1218
1256
1380
1159
1479
1116
1502
1069
1448
1109
1326
1199
1221
1258
1104
1330
986
1439
1040
1314
1121
1203
1240
1153
1349
1055
1466
1081
1492
1131
1444
1154
1360
1330
1190
1371
1117
1425
1060
1406
1098
1329
1150
1234
1246
1141
1363
1092
1448
1120
1475
1176
1402
1374
1364
1416
1237
1435
1139
1503
1048
1419
1066
1269
1126
1149
1232
1052
1318
1087
1411
1090
1467
1172
1446
1304
1356
1413
1262
1403
1151
1522
1047
1260
1079
1281
1106
1009
1213
947
1315
984
1409
1100
1458
1244
1441
1405
1371
1494
1247
1516
1164
1468
1089
1334
1088
1201
1131
981
1194
1008
1297
952
1383
1075
1434
1243
1438
1442
1357
1548
1287
1605
1190
1470
1148
1304
1096
1125
1162
924
1236
874
1323
931
1376
1076
1427
1281
1443
1536
1400
1673
1306
1651
1224
1498
1167
1289
1137
1056
1140
873
1191
809
1274
909
1358
1092
1400
1329
1421
1529
1404
1683
1322
1646
1236
1460
1161
1332
1140
1019
1159
763
1178
854
1225
917
1301
1101
1356
1377
1398
1573
1396
1735
1345
1769
1256
1583
1202
1320
1158
1015
1154
840
1165
792
1226
876
1294
1089
1349
1407
1376
1654
1380
1790
1336
1809
1253
1618
1208
1310
1160
1037
1123
795
1120
741
1166
876
1228
1129
1295
1426
1348
1656
1365
1789
1353
1761
1307
1508
1232
1219
1179
913
1142
716
1119
630
1156
746
1218
1050
1292
1328
1344
1605
1366
1764
1363
1670
1319
1484
1268
1205
1209
874
1157
658
1141
636
1144
746
1185
1014
1267
1335
1343
1604
1375
1708
1383
1701
1355
1495
1315
1175
1243
889
1184
662
1161
614
1152
827
1195
1076
1267
1349
1331
1650
1384
1749
1412
1700
1408
1550
1359
1210
1295
941
1217
790
1190
746
1159
865
1191
1080
1254
1271
1334
1585
1387
1730
1408
1710
1406
1556
1375
1290
1307
1050
1222
861
1155
811
1130
910
1152
1069
1189
1281
1281
1527
1350
1670
1380
1713
1399
1568
1363
1320
1312
1089
1232
913
1161
870
1126
943
1127
1106
1156
1308
1254
1525
1340
1594
1399
1670
1422
1568
1404
1343
1354
1195
1255
1033
1197
909
1144
910
1144
1079
1207
1254
1253
1421
1300
1575
1385
1596
1418
1511
1408
1375
1353
1176
1282
1012
1178
903
1113
945
1104
1134
1111
1218
1135
1351
1244
1492
1334
1548
1381
1495
1396
1353
1361
1212
1281
1060
1192
960
1121
943
1107
1025
1115
1157
1166
1303
1257
1421
1350
1490
1403
1502
1422
1391
1389
1245
1313
1118
1231
996
1165
967
1127
1003
1143
1138
1191
1271
1253
1404
1337
1469
1402
1458
1430
1396
1442
1304
1352
1147
1251
989
1179
971
1130
984
1114
1098
1136
1240
1209
1332
1279
1418
1362
1436
1423
1345
1430
1266
1367
1146
1299
976
1199
955
1141
1057
1112
1104
1133
1231
1181
1349
1276
1400
1365
1422
1404
1391
1442
1204
1410
1152
1306
1094
1230
1046
1179
1063
1118
1025
1155
1132
1204
1298
1260
1407
1340
1425
1400
1375
1438
1281
1403
1169
1331
1075
1243
1085
1136
1105
1109
1161
1109
1243
1148
1369
1228
1411
1304
1470
1400
1304
1448
1274
1428
1197
1368
1155
1272
1140
1172
1150
1115
1223
1074
1300
1124
1378
1196
1393
1296
1395
1382
1326
1443
1256
1442
1111
1396
1102
1297
1063
1210
1133
1133
1212
1113
1259
1141
1323
1196
1355
1294
1337
1362
1260
1448
1174
1457
1082
1415
1044
1328
1009
1243
1119
1164
1262
1127
1297
1143
1335
1193
1379
1284
1348
1364
1284
1431
1200
1455
1148
1397
1080
1332
1088
1242
1166
1171
1239
1129
1350
1118
1428
1165
1465
1228
1431
1316
1338
1370
1224
1425
1138
1385
1076
1352
1122
1242
1146
1175
1240
1134
1361
1124
1453
1149
1466
1220
1400
1309
1319
1384
1195
1408
1041
1406
1001
1352
1005
1249
1106
1193
1224
1124
1352
1078
1441
1162
1453
1219
1426
1291
1325
1353
1245
1374
1123
1374
1012
1333
1045
1270
1102
1206
1243
1161
1371
1143
1512
1147
1520
1193
1477
1252
1362
1306
1211
1339
1036
1350
955
1352
889
1293
1023
1233
1163
1196
1303
1180
1449
1182
1480
1191
1440
1258
1335
1282
1194
1337
1013
1366
965
1348
969
1317
1044
1263
1111
1213
1291
1203
1466
1194
1490
1222
1491
1241
1361
1286
1244
1285
1082
1343
980
1342
943
1317
1017
1276
1105
1247
1272
1221
1242
1225
1408
1245
1421
1247
1368
1253
1243
1281
1059
1326
970
1339
919
1324
995
1302
1035
1308
1213
1262
1334
1248
1391
1234
1471
1238
1354
1247
1258
1260
1147
1277
1053
1297
1037
1313
1082
1301
1115
1285
1216
1296
1296
1276
1387
1260
1385
1244
1371
1232
1328
1239
1261
1258
1205
1286
1166
1330
1192
1327
1173
1342
1236
1317
1295
1290
1339
1258
1338
1209
1362
1211
1339
1197
1281
1216
1266
1244
1232
1287
1238
1314
1270
1300
1227
1354
1231
1313
1265
1280
1291
1211
1287
1206
1318
1174
1309
1181
1366
1209
1306
1250
1285
1297
1252
1333
1186
1356
1160
1347
1153
1321
1141
1264
1178
1196
1256
1179
1290
1159
1337
1150
1335
1227
1338
1294
1283
1364
1204
1383
1129
1362
1028
1331
1042
1257
1075
1192
1158
1142
1294
1115
1336
1147
1416
1207
1403
1283
1375
1353
1233
1407
1118
1374
1001
1362
949
1296
954
1230
1071
1158
1194
1117
1349
1125
1507
1172
1548
1239
1419
1325
1350
1414
1188
1417
998
1403
900
1318
884
1260
988
1171
1120
1108
1342
1101
1479
1138
1582
1208
1550
1300
1408
1397
1182
1426
967
1454
914
1385
873
1242
901
1190
1100
1114
1283
1094
1465
1093
1601
1197
1612
1308
1519
1397
1325
1466
1112
1473
923
1414
857
1328
862
1224
967
1134
1204
1077
1420
1094
1591
1158
1660
1221
1602
1349
1418
1426
1197
1452
968
1420
858
1351
853
1252
940
1143
1131
1091
1185
1066
1432
1129
1607
1188
1597
1299
1481
1393
1258
1442
1011
1461
883
1376
840
1313
895
1205
1026
1114
1241
1074
1374
1085
1560
1155
1550
1278
1496
1391
1370
1459
1125
1492
1018
1457
898
1364
908
1222
984
1135
1112
1070
1304
1047
1478
1114
1561
1210
1532
1335
1443
1427
1313
1474
1256
1463
1012
1411
969
1309
952
1182
1060
1112
1226
1072
1374
1095
1458
1136
1555
1265
1494
1379
1377
1453
1253
1480
1088
1445
975
1367
925
1270
995
1165
1116
1084
1257
1061
1421
1107
1502
1210
1518
1326
1467
1422
1385
1481
1198
1489
1118
1422
999
1323
963
1198
1028
1097
1162
1035
1249
1068
1385
1142
1496
1246
1499
1368
1470
1452
1333
1480
1147
1450
1042
1331
930
1228
909
1119
969
1051
1122
1032
1244
1087
1430
1166
1549
1282
1493
1381
1447
1456
1307
1452
1148
1420
982
1310
929
1179
959
1110
1071
1058
1229
1070
1386
1122
1505
1225
1570
1338
1426
1446
1417
1468
1271
1462
1086
1389
981
1271
914
1179
985
1072
1117
1051
1352
1065
1479
1158
1566
1265
1572
1367
1476
1447
1189
1477
1095
1442
948
1333
872
1220
871
1130
954
1078
1158
1076
1380
1129
1501
1256
1566
1313
1468
1424
1398
1460
1178
1484
1013
1401
906
1320
860
1220
1053
1143
1183
1117
1303
1094
1476
1164
1631
1249
1547
1345
1417
1415
1255
1433
1064
1444
938
1390
902
1283
946
1206
1092
1129
1183
1125
1491
1086
1604
1180
1587
1283
1502
1363
1313
1443
1184
1456
1030
1429
943
1356
955
1251
1070
1168
1241
1108
1388
1095
1551
1136
1609
1219
1551
1295
1416
1389
1315
1445
1090
1444
962
1410
957
1294
1037
1242
1233
1158
1369
1093
1545
1097
1652
1136
1624
1211
1505
1306
1329
1384
1164
1428
1028
1437
966
1383
981
1289
1145
1208
1295
1121
1460
1004
1534
1084
1518
1150
1452
1243
1294
1330
1120
1412
989
1454
903
1437
899
1402
1002
1257
1166
1175
1345
1097
1451
1081
1514
1111
1493
1184
1381
1286
1220
1365
1068
1450
955
1445
925
1399
975
1321
1052
1231
1250
1144
1350
1095
1549
1086
1554
1135
1486
1240
1353
1304
1145
1384
977
1434
927
1433
931
1373
1020
1293
1196
1197
1383
1128
1531
1087
1608
1092
1609
1153
1436
1244
1290
1339
1118
1413
975
1451
932
1447
967
1363
1130
1271
1286
1184
1467
1107
1579
1095
1627
1125
1493
1207
1465
1326
1206
1385
1044
1457
925
1449
868
1402
945
1299
1104
1240
1325
1167
1483
1115
1593
1118
1609
1169
1495
1244
1201
1356
1153
1395
933
1427
822
1414
859
1371
981
1309
1204
1229
1438
1144
1606
1114
1700
1111
1652
1163
1487
1241
1212
1329
997
1386
830
1418
791
1382
868
1335
1092
1251
1323
1177
1552
1110
1696
1086
1683
1113
1575
1184
1348
1262
1112
1356
923
1399
830
1404
829
1368
970
1304
1186
1192
1389
1161
1578
1122
1690
1126
1688
1173
1526
1248
1273
1341
1029
1407
825
1445
765
1432
853
1385
1021
1325
1252
1260
1419
1203
1612
1145
1731
1149
1576
1211
1416
1284
1156
1363
930
1416
825
1427
840
1404
937
1348
1179
1263
1433
1175
1592
1132
1694
1116
1676
1146
1518
1222
1353
1286
1127
1354
926
1404
877
1402
910
1357
1052
1298
1264
1206
1443
1142
1621
1126
1679
1131
1608
1187
1466
1259
1240
1364
1060
1380
953
1379
1053
1364
953
1333
1157
1244
1312
1183
1493
1141
1616
1125
1656
1149
1583
1203
1371
1264
1156
1317
1008
1360
919
1354
941
1313
1019
1295
1163
1243
1380
1179
1498
1148
1554
1148
1574
1165
1407
1229
1229
1293
1066
1360
954
1372
921
1362
980
1322
1108
1276
1256
1214
1389
1194
1501
1188
1511
1191
1448
1222
1327
1280
1157
1323
1010
1326
955
1348
915
1336
1035
1285
1187
1247
1338
1179
1442
1190
1501
1185
1585
1197
1407
1221
1234
1249
1099
1291
973
1312
930
1317
993
1306
1115
1288
1330
1255
1409
1234
1535
1219
1567
1212
1482
1212
1338
1249
1146
1288
979
1326
917
1345
957
1345
1061
1331
1260
1304
1422
1272
1523
1205
1555
1228
1509
1201
1391
1229
1224
1245
1066
1277
971
1296
999
1292
1042
1306
1159
1291
1311
1272
1511
1248
1558
1240
1561
1206
1467
1225
1310
1242
1218
1250
1033
1317
954
1305
960
1312
1106
1310
1246
1323
1406
1301
1537
1284
1632
1268
1590
1253
1458
1251
1294
1248
1127
1270
935
1291
953
1300
994
1312
1133
1281
1342
1303
1510
1287
1594
1265
1598
1240
1550
1225
1408
1230
1234
1240
1108
1241
978
1289
945
1274
997
1288
1148
1283
1302
1274
1450
1248
1510
1245
1553
1232
1567
1217
1382
1242
1211
1251
1073
1261
983
1269
941
1279
992
1253
1124
1263
1235
1263
1427
1250
1534
1238
1527
1239
1478
1240
1425
1245
1284
1278
1058
1263
950
1278
966
1287
978
1288
1116
1270
1251
1258
1393
1241
1463
1235
1490
1241
1439
1259
1283
1266
1192
1277
1012
1284
1098
1293
919
1280
998
1273
1105
1230
1225
1214
1375
1207
1482
1224
1498
1223
1498
1258
1417
1286
1276
1300
1151
1298
1038
1291
999
1270
1072
1243
1087
1226
1236
1231
1369
1231
1477
1250
1530
1279
1537
1286
1419
1295
1303
1324
1221
1325
1042
1297
987
1271
981
1249
1117
1218
1242
1227
1387
1252
1512
1262
1538
1292
1523
1315
1432
1333
1307
1335
1172
1325
1036
1287
990
1252
965
1222
1081
1210
1175
1209
1382
1239
1433
1258
1489
1305
1507
1316
1419
1332
1292
1327
1181
1301
972
1268
952
1226
1008
1209
1094
1198
1194
1217
1352
1251
1452
1263
1524
1300
1502
1317
1393
1324
1265
1308
1171
1277
1086
1246
1049
1185
1043
1203
1139
1207
1280
1227
1343
1252
1428
1283
1490
1315
1464
1319
1308
1343
1340
1297
1198
1279
1128
1251
1084
1230
1080
1224
1128
1207
1211
1253
1353
1285
1387
1304
1416
1318
1436
1326
1379
1315
1383
1261
1159
1258
1112
1246
1068
1222
1111
1238
1129
1252
1228
1237
1296
1275
1395
1289
1401
1294
1411
1268
1331
1267
1237
1247
1149
1242
1136
1229
1058
1247
1093
1249
1148
1257
1256
1274
1354
1284
1416
1264
1415
1285
1361
1266
1290
1267
1192
1265
1119
1255
1060
1254
1081
1248
1132
1277
1238
1283
1284
1269
1410
1278
1438
1270
1414
1271
1331
1253
1230
1249
1146
1242
1032
1251
1040
1237
1079
1244
1158
1263
1257
1268
1385
1275
1551
1276
1461
1270
1427
1263
1309
1238
1179
1245
1057
1241
1039
1246
1078
1257
1126
1254
1272
1268
1376
1290
1473
1275
1498
1273
1383
1273
1324
1264
1142
1248
1140
1252
1041
1264
1045
1269
1122
1272
1186
1282
1299
1291
1402
1297
1461
1298
1447
1298
1384
1292
1314
1288
1162
1232
1063
1260
1064
1255
1068
1254
1143
1261
1243
1274
1351
1291
1420
1317
1459
1313
1412
1316
1333
1309
1226
1283
1132
1259
1085
1244
1134
1234
1151
1241
1197
1259
1248
1274
1346
1292
1358
1300
1367
1306
1341
1300
1284
1285
1244
1265
1167
1244
1149
1245
1150
1238
1194
1242
1200
1289
1286
1276
1321
1283
1359
1288
1358
1300
1359
1286
1321
1254
1301
1256
1249
1233
1270
1227
1238
1231
1235
1233
1264
1246
1247
1312
1260
1293
1277
1305
1320
1303
1324
1300
1322
1275
1291
1251
1289
1246
1302
1232
1211
1232
1203
1251
1167
1273
1184
1286
1155
1307
1243
1302
1295
1291
1335
1269
1317
1259
1294
1241
1287
1233
1246
1235
1212
1235
1162
1247
1114
1265
1119
1275
1164
1275
1202
1286
1151
1240
1329
1248
1356
1237
1347
1239
1288
1239
1272
1242
1179
1254
1133
1265
1111
1275
1125
1285
1154
1283
1250
1283
1315
1272
1379
1258
1384
1218
1332
1262
1297
1251
1232
1253
1190
1270
1152
1286
1136
1304
1158
1305
1225
1307
1244
1289
1339
1274
1380
1260
1395
1252
1364
1249
1252
1284
1089
1245
1125
1284
1180
1274
1130
1282
1118
1278
1166
1274
1230
1272
1319
1276
1409
1260
1391
1272
1390
1268
1362
1277
1314
1281
1230
1282
1207
1269
1140
1298
1076
1263
1109
1261
1197
1252
1309
1242
1400
1259
1446
1244
1443
1248
1387
1262
1296
1252
1190
1268
1055
1276
1008
1273
1005
1268
1073
1249
1054
1272
1249
1244
1403
1254
1500
1265
1469
1271
1394
1288
1304
1293
1196
1299
990
1301
964
1291
991
1278
1065
1216
1168
1263
1331
1257
1499
1256
1544
1270
1506
1271
1486
1280
1316
1281
1168
1302
1055
1278
982
1283
977
1301
1087
1257
1231
1253
1356
1243
1473
1250
1529
1269
1497
1280
1325
1305
1229
1300
1167
1317
1063
1307
1061
1296
1060
1276
1143
1225
1254
1222
1352
1219
1419
1224
1449
1239
1446
1264
1373
1278
1222
1298
1150
1309
1146
1278
1113
1272
1169
1243
1208
1217
1278
1190
1315
1208
1301
1229
1352
1249
1328
1272
1271
1289
1202
1310
1191
1309
1143
1334
1171
1281
1166
1263
1268
1241
1264
1230
1292
1249
1273
1239
1253
1266
1243
1267
1216
1292
1200
1302
1221
1314
1249
1290
1271
1287
1275
1278
1205
1253
1255
1246
1201
1232
1196
1241
1187
1258
1189
1262
1164
1287
1219
1291
1210
1297
1242
1247
1289
1258
1277
1249
1248
1234
1239
1232
1222
1258
1199
1248
1264
1256
1267
1278
1211
1278
1219
1279
1223
1288
1234
1289
1239
1281
1261
1287
1316
1282
1305
1275
1273
1278
1272
1256
1282
1249
1137
1260
1111
1266
1141
1250
1116
1287
1186
1289
1190
1292
1247
1289
1300
1272
1344
1275
1394
1277
1367
1264
1331
1265
1257
1270
1201
1270
1079
1288
1096
1288
1077
1288
1162
1280
1277
1284
1346
1284
1446
1282
1462
1280
1463
1278
1423
1264
1285
1265
1184
1258
1071
1247
1055
1284
1061
1274
1144
1278
1230
1278
1396
1275
1499
1267
1541
1265
1495
1264
1430
1253
1253
1264
1150
1270
1022
1278
1007
1273
1028
1275
1187
1246
1398
1234
1424
1255
1494
1240
1503
1239
1437
1258
1312
1285
1200
1293
1116
1288
1031
1283
1047
1277
1127
1256
1202
1251
1274
1240
1410
1220
1471
1254
1391
1260
1386
1283
1297
1284
1222
1292
1143
1291
1116
1288
1133
1282
1203
1246
1234
1254
1289
1249
1321
1273
1332
1254
1317
1259
1261
1276
1157
1288
1183
1284
1196
1289
1198
1279
1234
1266
1272
1252
1270
1225
1259
1228
1233
1230
1214
1253
1178
1261
1164
1282
1201
1292
1120
1325
1342
1303
1296
1294
1328
1273
1368
1267
1299
1254
1258
1245
1207
1266
1190
1270
1160
1273
1192
1282
1188
1287
1242
1281
1317
1283
1375
1291
1274
1278
1336
1276
1302
1266
1261
1271
1192
1262
1155
1257
1153
1255
1130
1249
1168
1246
1170
1235
1251
1268
1308
1272
1364
1272
1392
1284
1392
1266
1329
1262
1222
1245
1133
1236
1076
1235
1056
1247
1057
1241
1144
1258
1193
1277
1316
1278
1418
1277
1476
1285
1465
1274
1435
1258
1307
1240
1236
1243
1140
1228
1068
1236
1036
1248
1060
1262
1180
1287
1296
1307
1366
1307
1519
1312
1561
1298
1527
1278
1396
1248
1230
1241
1052
1237
940
1256
855
1280
900
1308
1020
1323
1229
1338
1364
1335
1626
1316
1624
1308
1577
1256
1393
1240
1237
1228
955
1251
894
1263
820
1296
912
1322
1040
1330
1227
1322
1443
1304
1585
1284
1636
1265
1607
1257
1452
1236
1306
1217
1102
1247
939
1268
870
1292
810
1327
1057
1316
1214
1294
1357
1266
1544
1241
1600
1219
1570
1193
1457
1221
1317
1233
1082
1265
1005
1280
942
1281
953
1312
1011
1301
1131
1279
1341
1259
1461
1232
1513
1208
1492
1210
1398
1218
1295
1229
1177
1260
1066
1254
1024
1293
973
1299
1081
1285
1196
1271
1263
1259
1347
1262
1477
1230
1411
1247
1373
1260
1341
1269
1285
1280
1189
1289
1133
1286
1118
1298
1139
1273
1145
1290
1236
1280
1299
1282
1341
1274
1301
1270
1272
1257
1293
1264
1181
1260
1148
1274
1096
1271
1056
1275
1109
1277
1158
1278
1190
1264
1261
1271
1291
1265
1292
1268
1252
1272
1224
1253
1178
1261
1132
1251
1113
1256
1126
1267
1166
1247
1192
1271
1259
1275
1245
1285
1310
1279
1316
1272
1274
1265
1228
1241
1188
1242
1141
1254
1144
1244
1177
1255
1226
1271
1295
1279
1350
1283
1399
1287
1392
1289
1352
1247
1229
1266
1176
1260
1128
1268
1076
1276
1113
1284
1173
1300
1249
1300
1368
1302
1448
1268
1460
1293
1412
1287
1314
1278
1222
1283
1072
1282
1025
1284
1095
1292
1116
1295
1224
1286
1312
1277
1325
1280
1393
1260
1372
1248
1347
1253
1257
1247
1165
1262
1121
1277
1078
1291
1040
1299
1148
1295
1246
1286
1269
1256
1335
1248
1367
1213
1360
1189
1280
1207
1308
1236
1182
1245
1084
1264
1097
1285
1107
1300
1143
1285
1212
1277
1227
1264
1325
1250
1304
1225
1287
1223
1222
1230
1217
1243
1108
1266
1152
1323
1128
1308
1177
1306
1189
1300
1232
1277
1258
1247
1261
1243
1227
1216
1256
1231
1232
1241
1214
1251
1236
1282
1198
1285
1238
1295
1202
1294
1207
1284
1224
1284
1240
1255
1256
1252
1238
1242
1256
1236
1266
1241
1294
1243
1256
1268
1241
1288
1207
1266
1215
1289
1307
1255
1160
1300
1233
1278
1241
1270
1283
1267
1279
1270
1274
1260
1258
1268
1236
1277
1197
1283
1189
1286
1227
1292
1186
1286
1220
1291
1247
1243
1386
1271
1184
1284
1307
1273
1275
1264
1248
1244
1216
1246
1180
1255
1137
1244
1145
1274
1135
1277
1175
1312
1172
1301
1234
1302
1262
1287
1285
1242
1282
1244
1259
1235
1256
1231
1160
1243
1151
1265
1143
1279
1158
1291
1170
1307
1198
1278
1229
1294
1291
1277
1260
1251
1291
1236
1290
1224
1275
1258
1374
1232
1321
1272
1240
1287
1213
1292
1224
1307
1183
1305
1182
1287
1180
1273
1198
1253
1287
1231
1304
1261
1339
1247
1327
1254
1345
1272
1308
1305
1100
1330
1171
1318
1168
1316
1135
1305
1157
1272
1160
1257
1209
1251
1218
1268
1318
1272
1372
1265
1387
1265
1348
1289
1273
1293
1213
1292
1216
1248
1023
1292
1026
1263
1056
1255
1106
1256
1168
1282
1267
1263
1357
1267
1374
1269
1339
1267
1329
1265
1246
1272
1186
1280
1136
1272
1084
1255
1085
1264
1050
1276
1188
1259
1274
1253
1347
1245
1403
1265
1411
1258
1360
1259
1325
1273
1231
1280
1160
1275
1154
1272
1121
1269
1127
1269
1172
1260
1214
1243
1305
1257
1324
1256
1386
1262
1321
1269
1335
1276
1288
1294
1239
1287
1200
1286
1158
1286
1156
1278
1162
1270
1200
1250
1232
1238
1460
1241
1389
1241
1335
1252
1310
1281
1274
1271
1233
1293
1210
1295
1155
1280
1162
1268
1146
1250
1171
1252
1211
1247
1233
1261
1267
1276
1368
1255
1203
1323
1235
1299
1183
1285
1213
1273
1132
1263
1139
1249
1134
1245
1169
1248
1200
1245
1255
1258
1285
1268
1277
1279
1278
1260
1242
1258
1200
1254
1083
1263
1162
1248
1150
1257
1182
1252
1245
1282
1319
1273
1327
1264
1336
1282
1311
1281
1241
1288
1245
1269
1179
1276
1176
1267
1146
1278
1142
1273
1212
1275
1319
1268
1302
1276
1360
1284
1351
1290
1313
1299
1267
1286
1161
1276
1165
1269
1146
1275
1151
1260
1190
1252
1248
1282
1294
1252
1275
1269
1297
1284
1297
1281
1271
1284
1221
1281
1208
1282
1169
1295
1188
1267
1199
1257
1230
1261
1250
1257
1298
1252
1296
1254
1257
1255
1339
1266
1255
1265
1224
1284
1229
1296
1193
1299
1190
1294
1217
1281
1218
1270
1215
1264
1248
1243
1262
1247
1229
1258
1223
1260
1182
1284
1179
1282
1192
1293
1200
1286
1212
1289
1198
1267
1200
1268
1177
1261
1193
1245
1195
1238
1195
1235
1212
1236
1237
1248
1251
1245
1242
1276
1159
1301
1287
1297
1223
1290
1201
1276
1181
1248
1190
1233
1209
1191
1216
1240
1250
1232
1210
1248
1247
1269
1247
1296
1250
1309
1195
1307
1281
1316
1215
1281
1195
1264
1235
1251
1209
1254
1222
1237
1223
1251
1301
1265
1216
1264
1241
1275
1235
1274
1240
1279
1120
1308
1337
1272
1250
1255
1216
1258
1237
1260
1223
1275
1209
1244
1160
1262
1189
1261
1186
1270
1198
1262
1215
1266
1236
1266
1261
1257
1273
1272
1251
1276
1259
1277
1238
1273
1209
1268
1215
1270
1187
1260
1189
1261
1189
1207
1221
1260
1243
1272
1269
1277
1312
1282
1314
1290
1306
1274
1284
1287
1247
1282
1213
1264
1188
1251
1214
1248
1195
1248
1224
1244
1264
1258
1290
1282
1316
1309
1316
1300
1299
1293
1241
1276
1222
1249
1189
1249
1160
1230
1165
1238
1189
1246
1212
1277
1246
1289
1276
1296
1292
1294
1283
1280
1257
1263
1215
1250
1179
1255
1152
1242
1137
1254
1152
1265
1173
1271
1224
1297
1253
1302
1290
1287
1299
1290
1269
1320
1232
1270
1190
1249
1166
1245
1127
1246
1160
1242
1184
1260
1225
1278
1270
1290
1303
1297
1317
1302
1312
1288
1254
1268
1230
1263
1185
1247
1170
1229
1164
1248
1147
1257
1204
1258
1217
1304
1280
1297
1322
1288
1321
1262
1315
1260
1295
1245
1246
1239
1230
1244
1211
1245
1198
1259
1204
1274
1212
1275
1232
1278
1261
1275
1275
1255
1292
1240
1301
1239
1264
1237
1269
1246
1259
1264
1226
1274
1216
1278
1206
1250
1193
1283
1180
1258
1211
1259
1254
1258
1216
1256
1252
1256
1262
1264
1257
1257
1251
1278
1236
1286
1212
1295
1169
1286
1187
1283
1151
1280
1159
1276
1175
1254
1200
1251
1222
1246
1246
1260
1276
1272
1259
1285
1258
1282
1230
1287
1185
1273
1162
1261
1179
1256
1172
1252
1205
1259
1250
1258
1272
1278
1293
1278
1310
1283
1287
1285
1254
1278
1219
1265
1180
1249
1151
1257
1157
1258
1215
1272
1230
1287
1259
1283
1306
1301
1295
1293
1302
1269
1255
1259
1238
1248
1193
1244
1177
1245
1170
1253
1179
1272
1211
1279
1260
1282
1290
1285
1317
1288
1330
1265
1317
1239
1284
1246
1251
1239
1216
1247
1184
1259
1197
1261
1232
1283
1259
1290
1298
1288
1309
1300
1309
1293
1290
1273
1281
1258
1241
1255
1218
1263
1211
1261
1216
1284
1217
1295
1249
1293
1260
1299
1261
1292
1264
1268
1237
1257
1188
1239
1196
1228
1212
1233
1191
1248
1211
1269
1225
1292
1249
1303
1267
1291
1253
1280
1227
1287
1190
1241
1175
1230
1160
1232
1166
1244
1186
1256
1219
1275
1256
1286
1286
1285
1328
1247
1305
1257
1270
1239
1235
1233
1183
1235
1147
1243
1115
1250
1156
1261
1203
1265
1242
1279
1287
1298
1318
1283
1334
1268
1318
1256
1274
1253
1212
1249
1175
1242
1144
1259
1147
1275
1173
1271
1236
1280
1272
1285
1311
1277
1326
1275
1317
1257
1299
1254
1250
1250
1205
1256
1169
1257
1188
1268
1166
1281
1205
1299
1239
1285
1268
1296
1253
1265
1279
1255
1266
1249
1236
1252
1215
1262
1199
1277
1180
1295
1193
1316
1239
1311
1223
1303
1247
1267
1261
1267
1262
1257
1285
1254
1277
1239
1254
1253
1228
1271
1235
1272
1228
1283
1239
1279
1246
1266
1260
1261
1248
1258
1238
1262
1234
1250
1224
1253
1215
1252
1222
1255
1208
1252
1198
1259
1224
1266
1228
1258
1224
1270
1210
1272
1205
1296
1191
1283
1205
1274
1256
1274
1242
1267
1270
1251
1289
1243
1289
1262
1244
1268
1266
1259
1238
1266
1219
1264
1193
1275
1196
1305
1206
1293
1230
1292
1265
1284
1272
1281
1272
1256
1272
1249
1226
1240
1218
1234
1225
1239
1192
1288
1183
1280
1192
1298
1214
1304
1234
1300
1256
1271
1269
1261
1268
1232
1266
1222
1244
1215
1216
1234
1190
1250
1151
1279
1170
1304
1155
1313
1200
1282
1223
1289
1235
1270
1253
1251
1241
1238
1235
1241
1214
1243
1218
1248
1202
1277
1195
1304
1213
1283
1225
1284
1247
1277
1262
1260
1270
1251
1253
1246
1251
1246
1235
1256
1219
1258
1211
1265
1219
1276
1218
1279
1239
1275
1301
1270
1271
1253
1273
1246
1255
1232
1257
1237
1208
1231
1214
1255
1213
1288
1196
1294
1208
1308
1206
1319
1224
1296
1236
1269
1266
1247
1238
1234
1205
1230
1217
1242
1203
1271
1176
1252
1193
1308
1177
1315
1193
1303
1187
1283
1219
1281
1250
1245
1251
1226
1258
1236
1243
1233
1239
1264
1228
1281
1230
1297
1234
1290
1234
1290
1234
1287
1239
1274
1252
1261
1256
1254
1265
1251
1279
1256
1267
1255
1288
1257
1280
1263
1268
1265
1255
1268
1223
1252
1207
1263
1176
1264
1189
1255
1221
1246
1238
1245
1252
1252
1272
1245
1284
1263
1268
1273
1261
1266
1233
1256
1138
1251
1172
1239
1173
1245
1181
1254
1208
1256
1238
1275
1267
1280
1260
1283
1273
1276
1249
1289
1225
1274
1204
1265
1166
1300
1162
1274
1161
1280
1206
1286
1237
1292
1268
1300
1294
1291
1302
1286
1296
1274
1269
1272
1239
1266
1217
1271
1191
1267
1199
1281
1217
1281
1251
1271
1287
1272
1297
1268
1311
1253
1282
1257
1268
1275
1248
1282
1241
1274
1214
1284
1204
1299
1225
1290
1248
1295
1279
1283
1292
1277
1315
1274
1281
1273
1260
1275
1233
1273
1206
1272
1151
1270
1209
1276
1203
1271
1233
1272
1271
1270
1272
1263
1272
1258
1246
1212
1256
1246
1194
1251
1194
1238
1212
1250
1198
1266
1204
1278
1233
1273
1251
1278
1259
1271
1271
1265
1257
1260
1228
1252
1219
1269
1201
1262
1193
1273
1197
1252
1210
1270
1234
1275
1239
1264
1297
1255
1265
1253
1233
1253
1224
1255
1212
1272
1186
1284
1170
1286
1184
1297
1199
1286
1216
1274
1247
1264
1262
1258
1271
1261
1266
1264
1250
1272
1227
1286
1203
1291
1193
1291
1190
1293
1214
1277
1238
1277
1244
1270
1268
1252
1255
1251
1284
1258
1277
1266
1272
1271
1255
1289
1237
1312
1227
1296
1211
1296
1204
1291
1211
1286
1229
1270
1229
1262
1245
1258
1265
1250
1260
1279
1260
1287
1260
1298
1225
1305
1222
1288
1238
1269
1220
1274
1223
1246
1257
1230
1251
1246
1256
1256
1264
1269
1262
1270
1259
1284
1255
1276
1274
1278
1262
1261
1258
1217
1258
1239
1255
1244
1255
1229
1251
1268
1245
1287
1252
1295
1265
1294
1240
1295
1253
1284
1238
1273
1246
1262
1249
1263
1235
1258
1237
1272
1236
1277
1246
1303
1256
1293
1260
1293
1235
1287
1242
1272
1232
1263
1217
1254
1209
1230
1218
1248
1223
1255
1237
1263
1250
1277
1256
1284
1231
1264
1258
1273
1246
1274
1225
1262
1225
1240
1218
1245
1225
1238
1233
1243
1238
1250
1232
1274
1237
1282
1241
1287
1244
1279
1237
1272
1241
1247
1236
1236
1225
1232
1226
1230
1215
1232
1214
1257
1198
1268
1204
1282
1199
1283
1236
1269
1226
1259
1252
1249
1265
1247
1280
1269
1275
1265
1262
1278
1268
1284
1254
1294
1256
1286
1256
1274
1258
1266
1265
1260
1267
1252
1265
1258
1271
1268
1264
1281
1271
1282
1293
1294
1269
1286
1274
1283
1243
1297
1231
1272
1243
1257
1221
1265
1216
1259
1230
1263
1235
1262
1256
1299
1259
1270
1260
1283
1244
1279
1214
1270
1194
1252
1203
1245
1187
1232
1199
1232
1207
1263
1203
1275
1216
1289
1191
1300
1216
1301
1240
1291
1224
1262
1217
1257
1215
1230
1218
1237
1216
1248
1219
1262
1220
1281
1224
1299
1227
1312
1245
1311
1265
1297
1292
1281
1283
1257
1283
1249
1259
1239
1244
1236
1215
1270
1223
1281
1225
1299
1233
1307
1248
1300
1252
1290
1285
1265
1311
1250
1291
1246
1287
1245
1306
1265
1257
1273
1236
1255
1235
1289
1231
1291
1176
1279
1237
1264
1241
1254
1265
1202
1281
1227
1294
1234
1288
1251
1261
1262
1267
1269
1218
1294
1205
1272
1197
1291
1172
1310
1187
1269
1207
1257
1246
1249
1247
1240
1268
1240
1258
1283
1241
1281
1216
1297
1208
1305
1184
1321
1193
1292
1191
1267
1223
1256
1274
1260
1268
1236
1273
1246
1216
1256
1240
1274
1215
1286
1224
1290
1239
1284
1256
1272
1261
1270
1272
1268
1279
1251
1275
1255
1262
1249
1256
1269
1211
1277
1227
1285
1227
1289
1224
1279
1230
1278
1232
1270
1250
1273
1242
1264
1279
1256
1328
1260
1289
1274
1279
1241
1250
1237
1221
1272
1178
1267
1189
1268
1201
1268
1217
1256
1247
1247
1291
1255
1313
1241
1315
1254
1301
1258
1291
1272
1223
1278
1204
1281
1182
1288
1183
1255
1201
1262
1216
1257
1246
1250
1246
1250
1277
1252
1287
1269
1276
1267
1264
1285
1250
1272
1231
1291
1231
1286
1205
1280
1188
1260
1161
1268
1209
1272
1229
1259
1268
1273
1295
1279
1301
1281
1307
1286
1264
1286
1239
1282
1195
1278
1207
1272
1205
1270
1211
1297
1244
1267
1255
1267
1289
1272
1294
1271
1287
1272
1251
1279
1241
1273
1226
1268
1213
1265
1219
1263
1236
1259
1235
1255
1254
1255
1264
1258
1265
1261
1275
1258
1267
1259
1264
1267
1244
1257
1269
1248
1252
1254
1246
1256
1257
1257
1252
1273
1263
1269
1268
1265
1290
1266
1285
1268
1293
1262
1260
1266
1263
1271
1216
1256
1204
1278
1194
1288
1197
1287
1242
1284
1245
1284
1302
1285
1291
1283
1282
1278
1244
1244
1223
1287
1191
1292
1199
1295
1210
1278
1232
1281
1251
1281
1278
1269
1294
1263
1296
1261
1281
1262
1270
1285
1263
1272
1258
1277
1230
1280
1223
1267
1214
1278
1210
1245
1229
1260
1233
1259
1262
1232
1290
1244
1309
1249
1320
1257
1309
1244
1273
1253
1228
1275
1204
1275
1191
1268
1200
1256
1207
1243
1265
1229
1292
1229
1310
1210
1311
1241
1276
1264
1202
1277
1192
1288
1136
1292
1157
1284
1181
1270
1200
1291
1221
1244
1251
1232
1290
1230
1277
1249
1281
1250
1260
1279
1234
1298
1212
1304
1204
1300
1194
1290
1196
1272
1230
1250
1235
1241
1275
1238
1308
1232
1330
1252
1315
1273
1305
1288
1271
1297
1222
1321
1187
1282
1206
1270
1219
1264
1240
1276
1304
1246
1348
1245
1372
1257
1362
1270
1330
1278
1268
1300
1213
1308
1174
1294
1173
1280
1188
1267
1235
1249
1286
1245
1309
1248
1347
1258
1304
1264
1286
1285
1247
1296
1208
1298
1170
1284
1164
1260
1190
1243
1195
1227
1220
1228
1256
1234
1283
1251
1282
1267
1285
1275
1272
1292
1230
1292
1229
1287
1196
1297
1185
1231
1192
1255
1202
1243
1236
1252
1259
1259
1300
1271
1313
1288
1306
1288
1290
1294
1240
1280
1204
1285
1182
1271
1192
1247
1219
1244
1253
1239
1290
1249
1309
1261
1301
1275
1280
1282
1253
1292
1223
1296
1205
1270
1197
1261
1202
1250
1241
1233
1268
1240
1278
1244
1296
1254
1267
1267
1254
1268
1237
1275
1260
1263
1236
1274
1231
1263
1245
1262
1240
1265
1240
1276
1248
1267
1237
1270
1248
1275
1255
1263
1240
1276
1248
1263
1228
1255
1219
1251
1187
1257
1183
1263
1211
1270
1220
1267
1252
1258
1282
1288
1303
1269
1281
1262
1288
1252
1258
1257
1235
1254
1215
1258
1223
1274
1235
1271
1263
1270
1320
1277
1304
1279
1300
1274
1290
1272
1272
1273
1241
1245
1258
1258
1217
1258
1228
1263
1215
1267
1226
1294
1247
1280
1226
1266
1238
1273
1240
1253
1234
1256
1263
1247
1267
1247
1257
1251
1238
1253
1201
1270
1173
1287
1171
1280
1179
1281
1194
1289
1239
1262
1250
1247
1288
1243
1286
1244
1284
1245
1258
1263
1221
1282
1218
1287
1204
1296
1225
1287
1284
1278
1297
1263
1309
1262
1317
1240
1310
1248
1290
1258
1278
1255
1287
1272
1244
1279
1274
1293
1287
1291
1282
1283
1277
1275
1266
1263
1263
1258
1246
1248
1267
1241
1264
1244
1275
1255
1276
1270
1265
1308
1237
1295
1206
1278
1210
1281
1212
1270
1219
1253
1235
1243
1245
1236
1239
1250
1236
1257
1217
1271
1209
1288
1183
1288
1202
1287
1237
1281
1238
1264
1272
1255
1241
1248
1246
1257
1219
1246
1218
1264
1214
1274
1221
1275
1244
1286
1271
1302
1302
1279
1304
1277
1297
1263
1277
1263
1262
1257
1225
1262
1222
1261
1238
1256
1265
1275
1281
1249
1289
1281
1283
1280
1284
1271
1300
1254
1261
1254
1245
1242
1239
1209
1236
1249
1231
1255
1248
1256
1281
1270
1245
1274
1240
1275
1258
1272
1262
1264
1287
1250
1269
1250
1255
1253
1219
1260
1220
1258
1201
1289
1189
1290
1207
1290
1225
1291
1254
1290
1260
1281
1296
1269
1298
1266
1261
1270
1241
1265
1216
1255
1189
1275
1211
1274
1243
1273
1268
1267
1241
1272
1298
1256
1298
1258
1278
1258
1268
1254
1235
1260
1244
1286
1239
1268
1260
1271
1229
1270
1274
1265
1265
1263
1229
1290
1244
1250
1212
1230
1219
1255
1228
1261
1253
1262
1247
1276
1233
1269
1241
1282
1221
1275
1214
1271
1228
1253
1226
1248
1246
1250
1271
1253
1278
1273
1274
1285
1257
1295
1257
1305
1225
1293
1246
1276
1277
1260
1296
1248
1307
1247
1324
1261
1312
1266
1268
1281
1279
1299
1253
1295
1264
1302
1266
1289
1278
1285
1294
1260
1294
1242
1286
1246
1281
1254
1258
1242
1254
1276
1276
1296
1269
1281
1295
1298
1263
1254
1257
1278
1228
1270
1212
1252
1196
1244
1201
1241
1220
1265
1253
1259
1285
1273
1306
1286
1307
1291
1273
1288
1233
1275
1190
1270
1157
1269
1159
1228
1170
1238
1196
1253
1249
1253
1266
1274
1296
1281
1292
1293
1285
1297
1262
1279
1229
1246
1242
1245
1201
1238
1207
1210
1203
1242
1221
1253
1237
1282
1269
1274
1296
1288
1307
1286
1323
1269
1318
1279
1279
1244
1242
1236
1181
1243
1174
1255
1169
1255
1186
1300
1245
1279
1290
1294
1356
1290
1365
1278
1392
1274
1326
1266
1269
1265
1215
1262
1179
1246
1177
1256
1194
1260
1232
1262
1284
1268
1310
1270
1317
1248
1339
1269
1291
1267
1250
1262
1237
1261
1218
1256
1215
1259
1197
1255
1222
1271
1223
1289
1231
1281
1258
1286
1265
1284
1270
1277
1283
1269
1283
1265
1243
1255
1221
1261
1185
1265
1161
1269
1183
1268
1210
1275
1228
1277
1270
1281
1309
1273
1309
1281
1283
1273
1261
1275
1208
1271
1194
1276
1204
1254
1217
1259
1233
1264
1294
1254
1309
1300
1314
1283
1322
1282
1288
1297
1261
1273
1263
1261
1270
1248
1287
1214
1305
1231
1305
1250
1302
1268
1288
1284
1270
1282
1236
1292
1261
1267
1269
1264
1270
1263
1272
1255
1274
1252
1245
1258
1252
1269
1235
1280
1226
1291
1226
1294
1234
1309
1250
1291
1249
1281
1249
1271
1246
1248
1228
1243
1224
1241
1233
1237
1252
1254
1252
1277
1269
1287
1283
1290
1258
1289
1219
1273
1223
1254
1206
1250
1212
1258
1236
1226
1266
1234
1298
1245
1307
1262
1301
1284
1256
1297
1248
1295
1238
1289
1217
1265
1221
1245
1251
1237
1261
1234
1284
1229
1333
1254
1290
1281
1282
1297
1253
1309
1237
1308
1218
1295
1225
1270
1230
1258
1236
1236
1241
1237
1264
1256
1250
1259
1251
1279
1264
1291
1274
1301
1265
1294
1259
1285
1251
1280
1234
1238
1228
1242
1221
1240
1227
1243
1220
1246
1272
1264
1296
1279
1278
1278
1289
1265
1267
1268
1246
1278
1234
1262
1228
1249
1238
1243
1256
1242
1260
1254
1270
1272
1272
1301
1264
1288
1233
1292
1222
1286
1205
1274
1224
1259
1225
1264
1280
1234
1299
1238
1276
1254
1285
1258
1253
1279
1238
1281
1245
1284
1238
1276
1247
1272
1281
1253
1300
1240
1305
1246
1292
1266
1277
1254
1219
1261
1216
1273
1228
1272
1235
1261
1255
1267
1276
1270
1294
1284
1261
1277
1273
1265
1248
1269
1238
1261
1234
1265
1225
1290
1239
1275
1240
1284
1259
1285
1259
1294
1255
1294
1249
1291
1265
1288
1243
1279
1246
1271
1251
1271
1252
1271
1236
1265
1254
1272
1279
1282
1261
1284
1281
1276
1282
1280
1295
1268
1277
1258
1272
1257
1258
1256
1235
1251
1225
1281
1222
1280
1248
1271
1295
1273
1303
1277
1315
1262
1279
1264
1303
1264
1227
1254
1211
1221
1193
1248
1188
1230
1219
1246
1239
1255
1295
1271
1350
1276
1336
1279
1314
1283
1272
1214
1241
1255
1199
1257
1206
1261
1222
1240
1237
1250
1248
1266
1282
1272
1290
1297
1278
1297
1262
1295
1250
1282
1210
1265
1216
1267
1217
1250
1216
1250
1217
1269
1233
1268
1254
1292
1256
1302
1276
1296
1289
1298
1267
1280
1256
1270
1225
1258
1206
1252
1192
1254
1225
1252
1230
1263
1204
1253
1299
1280
1319
1282
1333
1285
1303
1270
1253
1269
1226
1262
1187
1248
1200
1248
1204
1255
1256
1260
1303
1274
1315
1320
1316
1287
1285
1286
1268
1278
1223
1274
1206
1254
1184
1252
1206
1246
1243
1254
1265
1283
1289
1286
1329
1290
1292
1297
1266
1289
1247
1272
1258
1247
1217
1247
1207
1240
1228
1250
1220
1264
1249
1275
1273
1290
1286
1295
1289
1283
1289
1294
1264
1277
1240
1260
1234
1250
1194
1253
1205
1267
1208
1275
1245
1292
1256
1303
1282
1290
1303
1297
1306
1295
1260
1287
1249
1268
1232
1268
1195
1270
1194
1268
1183
1247
1233
1293
1264
1295
1302
1287
1317
1291
1298
1283
1277
1270
1249
1266
1219
1252
1219
1264
1221
1261
1221
1267
1263
1275
1276
1288
1279
1295
1285
1276
1281
1281
1263
1264
1259
1250
1241
1238
1246
1245
1236
1218
1260
1251
1237
1265
1220
1265
1227
1281
1233
1257
1255
1261
1284
1248
1299
1254
1292
1247
1286
1249
1278
1270
1222
1282
1200
1281
1192
1287
1192
1283
1207
1264
1221
1260
1260
1253
1257
1257
1264
1297
1262
1280
1229
1288
1222
1288
1194
1286
1191
1278
1189
1269
1193
1265
1198
1262
1201
1253
1229
1264
1243
1281
1265
1285
1283
1295
1284
1294
1268
1277
1253
1276
1229
1276
1205
1261
1193
1239
1212
1243
1244
1250
1285
1254
1335
1264
1345
1293
1342
1294
1313
1286
1278
1277
1211
1264
1197
1256
1184
1241
1223
1249
1253
1247
1304
1260
1327
1287
1345
1295
1347
1303
1297
1305
1257
1274
1229
1255
1199
1241
1178
1223
1218
1227
1204
1232
1238
1260
1282
1288
1298
1312
1304
1312
1276
1301
1276
1289
1230
1264
1191
1243
1164
1236
1124
1242
1148
1248
1184
1278
1223
1243
1267
1308
1303
1304
1309
1299
1281
1278
1244
1258
1183
1244
1150
1251
1131
1243
1146
1245
1171
1279
1233
1289
1293
1300
1336
1308
1340
1301
1316
1288
1276
1249
1219
1255
1177
1244
1162
1247
1169
1248
1194
1251
1267
1269
1284
1293
1318
1313
1335
1296
1319
1290
1274
1281
1258
1259
1220
1250
1201
1248
1202
1240
1205
1280
1213
1287
1232
1289
1289
1299
1294
1294
1301
1280
1301
1280
1280
1259
1243
1236
1214
1248
1180
1249
1154
1257
1176
1264
1183
1284
1227
1282
1292
1279
1299
1265
1309
1267
1279
1272
1249
1259
1205
1260
1181
1251
1173
1262
1184
1258
1182
1261
1233
1297
1254
1275
1276
1276
1274
1275
1267
1271
1242
1273
1231
1263
1218
1263
1209
1246
1193
1237
1185
1254
1195
1262
1190
1268
1238
1265
1284
1247
1285
1256
1308
1263
1303
1250
1284
1263
1226
1256
1239
1255
1187
1264
1179
1234
1196
1263
1222
1271
1246
1269
1298
1278
1306
1284
1293
1284
1260
1279
1233
1287
1186
1279
1177
1264
1185
1264
1189
1267
1223
1253
1244
1289
1271
1278
1296
1284
1286
1279
1265
1292
1263
1272
1232
1265
1209
1252
1198
1243
1196
1238
1176
1237
1209
1256
1229
1260
1262
1258
1284
1285
1284
1276
1290
1274
1241
1273
1223
1259
1182
1253
1166
1238
1161
1247
1174
1274
1207
1269
1241
1273
1287
1274
1306
1278
1305
1278
1258
1277
1230
1268
1189
1268
1162
1258
1171
1253
1193
1255
1207
1255
1250
1260
1306
1267
1289
1280
1289
1287
1288
1289
1245
1291
1187
1265
1214
1262
1214
1254
1209
1223
1222
1247
1233
1276
1251
1282
1273
1297
1281
1315
1287
1330
1259
1306
1271
1296
1236
1281
1205
1243
1189
1251
1157
1251
1170
1282
1183
1266
1241
1277
1283
1292
1337
1284
1324
1273
1295
1240
1248
1265
1196
1266
1176
1240
1147
1235
1179
1232
1205
1250
1247
1255
1305
1268
1303
1279
1298
1291
1280
1285
1201
1274
1191
1259
1182
1242
1178
1222
1188
1220
1200
1224
1227
1247
1230
1268
1267
1283
1289
1313
1274
1299
1262
1284
1239
1256
1211
1253
1180
1246
1175
1233
1168
1241
1116
1254
1204
1272
1241
1285
1277
1307
1303
1300
1303
1292
1285
1281
1233
1261
1199
1251
1150
1242
1162
1234
1180
1257
1196
1304
1216
1284
1264
1296
1300
1301
1305
1302
1297
1286
1270
1298
1239
1269
1220
1267
1230
1246
1194
1246
1198
1246
1207
1253
1228
1267
1246
1278
1273
1282
1290
1282
1281
1277
1288
1258
1245
1260
1238
1237
1203
1235
1191
1244
1157
1256
1164
1282
1196
1284
1232
1292
1281
1279
1311
1282
1324
1269
1300
1255
1260
1261
1210
1254
1186
1254
1148
1257
1161
1273
1170
1282
1221
1271
1278
1284
1300
1282
1311
1271
1293
1231
1278
1270
1219
1269
1218
1257
1205
1246
1187
1249
1188
1258
1214
1266
1230
1273
1260
1274
1294
1283
1301
1284
1290
1257
1291
1263
1248
1261
1207
1254
1177
1242
1150
1245
1156
1272
1169
1268
1243
1276
1260
1288
1300
1284
1312
1290
1286
1259
1238
1262
1188
1258
1139
1253
1121
1248
1138
1255
1162
1264
1214
1264
1275
1259
1306
1281
1306
1289
1291
1283
1253
1272
1189
1264
1153
1250
1186
1245
1186
1236
1205
1276
1250
1257
1262
1272
1281
1285
1301
1287
1306
1287
1286
1283
1264
1269
1239
1266
1205
1235
1197
1229
1201
1239
1217
1252
1224
1248
1254
1285
1278
1286
1280
1302
1274
1287
1245
1276
1211
1263
1172
1244
1159
1247
1152
1249
1177
1257
1201
1280
1233
1283
1257
1288
1280
1297
1255
1289
1245
1280
1214
1272
1192
1274
1171
1264
1199
1257
1218
1266
1238
1277
1263
1274
1259
1298
1243
1287
1239
1274
1275
1268
1224
1254
1232
1248
1248
1246
1264
1236
1287
1235
1271
1241
1266
1262
1253
1265
1239
1271
1235
1290
1230
1270
1242
1263
1255
1257
1247
1258
1272
1264
1279
1230
1258
1269
1228
1280
1223
1281
1203
1280
1177
1271
1170
1263
1196
1273
1206
1259
1213
1254
1234
1270
1239
1281
1255
1275
1260
1278
1236
1270
1207
1275
1199
1253
1165
1257
1163
1253
1175
1237
1197
1272
1234
1280
1268
1280
1291
1278
1274
1268
1273
1267
1251
1257
1197
1250
1156
1223
1173
1237
1172
1246
1216
1240
1247
1262
1282
1285
1297
1283
1285
1268
1265
1279
1235
1271
1217
1257
1206
1255
1201
1248
1210
1261
1233
1258
1233
1277
1244
1302
1233
1296
1237
1300
1223
1304
1233
1280
1243
1269
1236
1269
1236
1255
1210
1262
1229
1259
1220
1267
1227
1278
1217
1290
1233
1316
1240
1290
1228
1283
1239
1268
1262
1256
1236
1250
1245
1249
1244
1249
1250
1237
1254
1267
1242
1273
1252
1277
1220
1259
1218
1290
1250
1272
1226
1263
1254
1265
1260
1244
1281
1260
1280
1266
1282
1265
1259
1271
1229
1272
1200
1272
1199
1275
1195
1272
1220
1260
1261
1258
1283
1260
1281
1255
1292
1259
1254
1270
1238
1261
1205
1270
1174
1300
1168
1277
1173
1272
1206
1273
1244
1274
1255
1267
1275
1277
1257
1272
1238
1274
1218
1281
1192
1280
1173
1275
1140
1263
1180
1269
1182
1271
1206
1233
1223
1284
1225
1263
1235
1276
1230
1283
1235
1277
1218
1271
1211
1262
1202
1258
1185
1274
1200
1258
1201
1262
1260
1264
1270
1261
1287
1267
1288
1273
1279
1266
1254
1268
1220
1257
1193
1256
1193
1246
1181
1245
1211
1249
1279
1257
1271
1263
1259
1281
1255
1279
1250
1287
1218
1289
1215
1277
1211
1283
1213
1264
1231
1265
1272
1273
1264
1263
1259
1249
1265
1276
1246
1283
1199
1274
1231
1278
1232
1284
1234
1264
1251
1271
1251
1271
1260
1273
1228
1264
1237
1286
1256
1275
1255
1271
1243
1280
1236
1252
1237
1270
1234
1272
1235
1284
1238
1277
1231
1267
1222
1269
1226
1266
1237
1264
1231
1266
1228
1263
1223
1261
1218
1257
1219
1258
1218
1261
1248
1254
1258
1251
1265
1236
1266
1240
1229
1260
1229
1238
1223
1232
1201
1240
1193
1252
1218
1240
1237
1266
1253
1271
1275
1268
1296
1267
1226
1259
1236
1249
1215
1252
1203
1258
1160
1251
1197
1258
1219
1272
1219
1261
1256
1273
1246
1302
1267
1276
1265
1265
1242
1298
1225
1263
1207
1261
1222
1255
1223
1271
1225
1253
1229
1283
1236
1287
1221
1287
1237
1275
1238
1274
1242
1274
1235
1259
1241
1263
1223
1268
1215
1273
1207
1273
1188
1280
1199
1275
1195
1269
1228
1264
1247
1270
1256
1249
1255
1262
1226
1273
1222
1267
1207
1277
1207
1274
1205
1276
1226
1267
1230
1270
1242
1260
1275
1259
1242
1261
1231
1264
1228
1271
1216
1276
1223
1269
1259
1271
1251
1271
1246
1256
1247
1208
1243
1256
1208
1247
1220
1243
1225
1253
1226
1266
1236
1277
1261
1289
1258
1293
1246
1264
1245
1267
1220
1260
1196
1238
1180
1238
1190
1271
1204
1247
1213
1272
1219
1303
1232
1301
1227
1295
1233
1290
1227
1273
1229
1246
1238
1238
1228
1219
1226
1225
1223
1245
1220
1258
1215
1265
1226
1274
1228
1278
1243
1267
1260
1260
1275
1241
1273
1245
1241
1238
1239
1240
1212
1253
1159
1284
1197
1273
1211
1279
1207
1309
1265
1287
1275
1288
1294
1279
1281
1271
1263
1279
1236
1266
1218
1267
1223
1270
1206
1276
1213
1273
1234
1296
1255
1283
1244
1281
1253
1264
1251
1250
1244
1260
1229
1257
1221
1271
1217
1264
1221
1256
1212
1257
1207
1250
1207
1234
1199
1266
1209
1254
1220
1262
1240
1262
1245
1261
1245
1268
1246
1269
1234
1276
1216
1269
1204
1256
1192
1255
1199
1256
1221
1247
1233
1253
1237
1267
1245
1292
1250
1281
1236
1289
1216
1287
1233
1274
1233
1268
1246
1260
1241
1246
1234
1270
1216
1257
1213
1266
1211
1268
1207
1283
1195
1279
1215
1271
1247
1269
1255
1272
1262
1214
1252
1247
1214
1240
1218
1246
1200
1256
1210
1271
1220
1269
1256
1274
1275
1266
1284
1252
1306
1257
1262
1251
1250
1234
1240
1236
1226
1238
1228
1251
1246
1270
1257
1277
1270
1281
1260
1277
1243
1280
1236
1269
1221
1234
1220
1255
1222
1242
1236
1249
1239
1263
1241
1277
1224
1287
1235
1283
1222
1284
1206
1269
1235
1261
1232
1268
1231
1261
1236
1270
1234
1289
1223
1285
1217
1289
1216
1308
1226
1293
1241
1281
1259
1264
1261
1258
1263
1250
1234
1247
1220
1254
1223
1266
1205
1264
1220
1277
1223
1299
1255
1284
1267
1270
1289
1265
1285
1255
1272
1242
1234
1238
1212
1250
1198
1252
1194
1268
1200
1286
1233
1279
1227
1281
1262
1273
1265
1260
1271
1247
1255
1252
1235
1241
1251
1251
1209
1257
1224
1269
1258
1284
1228
1278
1236
1279
1241
1265
1244
1269
1239
1258
1263
1245
1262
1253
1258
1252
1237
1258
1224
1273
1205
1275
1198
1273
1196
1276
1213
1271
1210
1256
1251
1254
1247
1250
1236
1228
1239
1239
1209
1245
1190
1253
1175
1255
1191
1259
1226
1264
1235
1259
1259
1264
1265
1277
1257
1264
1250
1261
1222
1264
1213
1258
1189
1261
1218
1269
1220
1276
1257
1255
1272
1276
1259
1273
1256
1271
1220
1263
1238
1268
1213
1246
1231
1262
1245
1274
1250
1316
1267
1275
1246
1277
1260
1268
1265
1261
1256
1257
1248
1258
1246
1250
1242
1269
1237
1272
1221
1276
1252
1277
1213
1276
1228
1270
1275
1264
1259
1263
1271
1260
1274
1260
1262
1274
1217
1277
1216
1280
1193
1287
1178
1276
1188
1274
1204
1283
1223
1260
1242
1256
1257
1256
1246
1261
1198
1283
1207
1269
1180
1273
1148
1267
1188
1266
1197
1268
1217
1286
1229
1262
1267
1267
1285
1257
1263
1248
1279
1259
1250
1235
1243
1261
1237
1266
1244
1269
1230
1270
1232
1257
1216
1263
1245
1263
1250
1234
1265
1255
1284
1271
1301
1271
1302
1273
1252
1290
1245
1283
1218
1279
1205
1265
1198
1237
1220
1264
1227
1270
1261
1269
1301
1284
1300
1286
1284
1295
1266
1270
1233
1280
1203
1278
1196
1265
1206
1255
1197
1255
1226
1235
1247
1259
1255
1270
1252
1280
1239
1256
1227
1277
1192
1274
1199
1263
1159
1263
1196
1256
1209
1250
1201
1285
1202
1246
1205
1252
1253
1259
1246
1267
1254
1281
1252
1269
1247
1268
1209
1272
1213
1259
1199
1253
1206
1251
1214
1245
1230
1250
1246
1262
1272
1266
1288
1272
1256
1265
1243
1263
1229
1249
1199
1251
1186
1242
1215
1238
1234
1247
1250
1268
1268
1261
1273
1268
1266
1272
1253
1270
1244
1268
1214
1265
1219
1262
1237
1264
1237
1267
1247
1270
1264
1281
1257
1282
1249
1293
1280
1280
1247
1280
1242
1276
1234
1242
1229
1284
1211
1276
1213
1278
1214
1277
1210
1279
1217
1279
1245
1286
1250
1282
1284
1262
1266
1266
1251
1272
1204
1266
1211
1257
1198
1260
1178
1243
1210
1251
1234
1277
1260
1262
1277
1266
1288
1263
1282
1263
1254
1250
1213
1249
1204
1231
1205
1223
1203
1248
1214
1259
1231
1273
1247
1275
1251
1279
1250
1275
1245
1276
1234
1275
1214
1261
1209
1254
1215
1259
1181
1263
1176
1245
1217
1244
1214
1266
1211
1298
1230
1258
1227
1260
1237
1245
1241
1239
1243
1256
1227
1255
1221
1259
1211
1264
1201
1297
1206
1279
1231
1277
1250
1275
1253
1262
1261
1261
1253
1243
1233
1257
1214
1253
1206
1264
1194
1272
1212
1269
1231
1283
1257
1279
1269
1275
1267
1287
1251
1258
1234
1231
1231
1241
1213
1254
1220
1258
1230
1271
1236
1284
1241
1282
1246
1273
1233
1270
1228
1259
1224
1257
1219
1240
1241
1248
1245
1246
1261
1271
1244
1285
1241
1287
1234
1286
1233
1290
1220
1275
1246
1250
1255
1250
1255
1250
1279
1246
1264
1242
1248
1269
1229
1273
1201
1272
1203
1269
1209
1250
1226
1198
1240
1248
1234
1247
1250
1248
1227
1251
1213
1254
1216
1257
1205
1262
1215
1273
1222
1254
1234
1280
1240
1277
1251
1263
1259
1258
1239
1272
1222
1269
1244
1266
1222
1278
1207
1281
1231
1288
1236
1277
1220
1275
1224
1261
1216
1263
1211
1239
1214
1239
1216
1248
1213
1265
1205
1232
1230
1277
1227
1295
1219
1269
1226
1273
1205
1266
1227
1260
1236
1258
1251
1258
1260
1270
1210
1274
1255
1289
1243
1284
1237
1285
1244
1262
1239
1254
1250
1231
1244
1234
1266
1237
1250
1245
1260
1251
1249
1266
1217
1305
1218
1270
1212
1277
1237
1264
1252
1236
1268
1235
1262
1245
1258
1242
1247
1259
1214
1266
1200
1264
1200
1283
1185
1284
1222
1288
1243
1291
1253
1273
1261
1266
1242
1258
1230
1260
1187
1265
1200
1266
1228
1278
1213
1287
1228
1295
1241
1283
1242
1284
1236
1269
1261
1257
1245
1244
1247
1241
1251
1253
1261
1273
1259
1276
1246
1277
1266
1281
1234
1281
1206
1270
1218
1255
1230
1248
1243
1229
1267
1240
1261
1231
1256
1262
1248
1269
1251
1270
1244
1274
1230
1265
1230
1259
1245
1252
1249
1257
1259
1255
1250
1256
1244
1237
1218
1259
1234
1256
1200
1272
1228
1264
1234
1268
1239
1264
1244
1261
1212
1274
1210
1256
1188
1256
1214
1253
1208
1275
1220
1275
1249
1276
1238
1287
1270
1262
1274
1284
1245
1274
1225
1275
1211
1263
1197
1270
1201
1269
1218
1271
1249
1284
1263
1280
1262
1270
1292
1276
1253
1274
1245
1274
1210
1262
1217
1271
1175
1275
1223
1266
1225
1272
1236
1269
1242
1260
1245
1276
1241
1259
1240
1256
1246
1256
1242
1260
1203
1278
1239
1272
1233
1272
1219
1256
1221
1271
1220
1260
1231
1252
1239
1249
1261
1251
1288
1256
1268
1246
1259
1254
1229
1244
1213
1259
1225
1262
1217
1259
1224
1242
1264
1256
1266
1246
1270
1274
1278
1267
1252
1269
1246
1267
1215
1261
1205
1264
1207
1261
1223
1258
1246
1266
1259
1263
1263
1261
1271
1264
1243
1268
1254
1257
1260
1267
1240
1260
1236
1271
1237
1251
1244
1270
1241
1267
1246
1263
1246
1287
1215
1265
1242
1264
1246
1266
1242
1274
1235
1251
1230
1273
1218
1272
1203
1263
1213
1263
1195
1267
1237
1268
1259
1270
1259
1316
1258
1291
1232
1292
1232
1286
1214
1284
1208
1269
1207
1263
1226
1260
1249
1252
1268
1270
1270
1276
1252
1279
1261
1277
1227
1274
1221
1268
1219
1255
1236
1251
1229
1255
1260
1257
1262
1260
1281
1268
1259
1268
1261
1264
1247
1264
1226
1274
1219
1253
1217
1254
1229
1252
1229
1246
1259
1271
1253
1256
1255
1252
1260
1254
1244
1259
1231
1257
1241
1258
1229
1256
1225
1245
1260
1250
1243
1252
1237
1254
1249
1211
1260
1260
1265
1264
1268
1266
1273
1275
1262
1265
1244
1257
1240
1284
1226
1254
1250
1250
1240
1258
1237
1265
1247
1279
1257
1276
1246
1285
1224
1264
1225
1271
1213
1266
1214
1265
1211
1261
1230
1255
1224
1268
1253
1267
1262
1275
1251
1254
1236
1275
1228
1275
1224
1268
1233
1263
1237
1257
1249
1281
1263
1263
1278
1263
1274
1263
1254
1268
1245
1266
1237
1261
1213
1267
1183
1272
1237
1264
1254
1264
1255
1304
1272
1269
1271
1274
1269
1267
1253
1266
1251
1268
1234
1255
1234
1269
1235
1274
1234
1276
1239
1274
1259
1275
1263
1274
1264
1259
1280
1257
1279
1259
1272
1273
1255
1269
1236
1273
1213
1279
1207
1288
1217
1285
1235
1264
1257
1259
1300
1287
1291
1273
1282
1254
1279
1268
1240
1273
1219
1273
1195
1269
1192
1275
1197
1262
1225
1256
1244
1279
1268
1265
1272
1262
1266
1261
1262
1263
1241
1252
1233
1257
1201
1260
1223
1252
1240
1264
1259
1257
1272
1261
1281
1245
1281
1255
1275
1254
1270
1251
1253
1256
1242
1254
1236
1259
1208
1266
1247
1267
1249
1250
1265
1206
1267
1250
1256
1251
1277
1247
1258
1256
1255
1283
1250
1272
1256
1280
1241
1277
1239
1253
1250
1271
1250
1264
1271
1260
1286
1265
1278
1262
1264
1269
1267
1270
1246
1283
1243
1281
1245
1282
1256
1290
1252
1275
1277
1260
1291
1265
1285
1252
1285
1255
1262
1240
1240
1268
1210
1287
1231
1272
1234
1273
1240
1260
1263
1265
1266
1266
1258
1253
1253
1251
1241
1258
1226
1257
1190
1260
1216
1280
1220
1288
1241
1301
1258
1286
1254
1278
1260
1272
1242
1254
1257
1250
1262
1253
1258
1273
1265
1274
1256
1310
1266
1289
1260
1304
1275
1287
1276
1275
1277
1258
1266
1253
1273
1253
1269
1248
1267
1259
1262
1265
1265
1277
1238
1282
1256
1285
1249
1279
1250
1257
1249
1261
1243
1247
1244
1247
1212
1246
1232
1256
1270
1269
1242
1276
1250
1290
1254
1285
1279
1283
1240
1269
1260
1258
1250
1257
1239
1246
1230
1249
1234
1255
1239
1271
1251
1282
1270
1286
1278
1296
1257
1292
1272
1280
1265
1272
1202
1264
1238
1250
1229
1239
1233
1266
1229
1276
1255
1287
1281
1292
1278
1288
1277
1284
1267
1276
1254
1258
1247
1248
1237
1247
1233
1243
1228
1255
1248
1268
1260
1275
1278
1274
1288
1273
1278
1260
1283
1272
1254
1241
1275
1238
1241
1241
1254
1241
1253
1257
1247
1238
1261
1269
1254
1272
1258
1271
1283
1258
1274
1251
1263
1245
1258
1238
1226
1247
1233
1251
1235
1262
1246
1264
1230
1277
1249
1283
1276
1286
1271
1279
1279
1266
1265
1281
1256
1268
1230
1261
1249
1261
1240
1275
1252
1274
1255
1286
1266
1320
1263
1290
1263
1282
1272
1271
1260
1272
1244
1267
1251
1271
1252
1276
1252
1284
1257
1286
1244
1279
1245
1289
1235
1280
1245
1273
1269
1265
1258
1257
1267
1261
1260
1248
1261
1267
1266
1271
1264
1289
1257
1254
1271
1270
1253
1261
1230
1256
1263
1246
1254
1250
1254
1256
1256
1260
1257
1277
1247
1276
1244
1272
1260
1266
1255
1260
1235
1248
1257
1245
1244
1246
1257
1234
1265
1248
1256
1259
1237
1268
1264
1255
1256
1274
1251
1281
1261
1259
1263
1250
1239
1251
1255
1249
1276
1251
1255
1263
1269
1293
1275
1280
1275
1293
1235
1294
1259
1283
1219
1281
1247
1269
1254
1258
1243
1306
1251
1262
1257
1273
1272
1284
1261
1298
1253
1299
1238
1301
1220
1290
1213
1270
1212
1259
1216
1255
1215
1274
1246
1254
1260
1268
1251
1282
1263
1284
1261
1299
1241
1288
1238
1279
1221
1262
1224
1257
1221
1242
1244
1244
1253
1257
1269
1279
1282
1277
1292
1285
1296
1283
1295
1279
1294
1288
1275
1267
1267
1256
1274
1250
1261
1249
1260
1249
1271
1255
1277
1259
1279
1262
1322
1274
1292
1273
1286
1270
1274
1237
1258
1262
1248
1250
1250
1239
1251
1250
1250
1258
1257
1252
1284
1268
1259
1268
1258
1250
1255
1262
1246
1252
1245
1246
1240
1242
1243
1252
1249
1237
1249
1261
1235
1289
1252
1280
1220
1260
1224
1273
1225
1280
1225
1264
1245
1266
1224
1250
1254
1268
1261
1277
1257
1274
1258
1275
1240
1270
1227
1272
1226
1268
1221
1266
1234
1269
1233
1268
1254
1267
1270
1270
1273
1269
1240
1263
1280
1276
1275
1264
1274
1291
1254
1265
1230
1276
1242
1283
1252
1259
1262
1292
1276
1283
1294
1269
1314
1264
1318
1264
1313
1256
1306
1258
1282
1248
1264
1263
1259
1265
1256
1256
1264
1274
1263
1268
1283
1271
1286
1267
1298
1256
1290
1254
1279
1250
1269
1250
1263
1286
1222
1267
1218
1251
1234
1277
1225
1279
1238
1273
1253
1272
1258
1274
1263
1261
1250
1251
1239
1256
1228
1258
1218
1264
1219
1271
1242
1288
1234
1283
1252
1294
1249
1293
1266
1283
1273
1268
1280
1261
1278
1256
1280
1250
1269
1266
1250
1289
1250
1283
1254
1306
1253
1284
1257
1280
1254
1259
1280
1257
1282
1252
1287
1195
1276
1248
1254
1249
1255
1266
1232
1270
1236
1268
1260
1274
1263
1265
1290
1259
1284
1227
1293
1249
1279
1250
1281
1239
1275
1251
1250
1256
1231
1245
1235
1269
1252
1280
1225
1266
1251
1268
1264
1269
1265
1260
1278
1255
1274
1256
1266
1259
1262
1259
1270
1269
1235
1279
1204
1261
1229
1277
1232
1278
1216
1256
1263
1253
1276
1250
1286
1253
1286
1253
1280
1264
1264
1269
1234
1268
1251
1269
1225
1271
1230
1278
1244
1266
1252
1273
1272
1267
1254
1270
1276
1291
1266
1282
1272
1271
1264
1282
1238
1314
1231
1293
1221
1298
1222
1299
1235
1295
1254
1286
1267
1285
1280
1286
1293
1264
1292
1265
1263
1268
1268
1272
1231
1279
1237
1265
1233
1277
1240
1263
1249
1267
1263
1253
1310
1251
1273
1239
1308
1232
1333
1238
1295
1240
1282
1259
1267
1257
1257
1270
1238
1266
1258
1257
1270
1257
1278
1253
1289
1246
1303
1251
1296
1259
1282
1262
1301
1270
1261
1281
1231
1299
1246
1285
1253
1291
1252
1290
1263
1271
1251
1252
1245
1269
1237
1262
1247
1268
1254
1274
1234
1280
1228
1286
1221
1287
1215
1292
1214
1287
1215
1278
1216
1262
1209
1250
1229
1251
1242
1254
1252
1252
1255
1290
1248
1281
1272
1285
1234
1288
1248
1280
1243
1275
1266
1251
1279
1257
1279
1251
1289
1247
1278
1259
1257
1260
1284
1268
1282
1272
1276
1260
1289
1267
1298
1276
1304
1268
1307
1258
1318
1255
1280
1246
1288
1234
1307
1248
1285
1257
1287
1264
1284
1270
1283
1285
1261
1280
1291
1276
1288
1276
1292
1262
1291
1257
1283
1265
1267
1259
1252
1265
1255
1272
1251
1282
1203
1277
1242
1289
1248
1288
1237
1256
1270
1268
1261
1268
1263
1264
1240
1262
1231
1283
1241
1275
1214
1274
1242
1264
1215
1258
1229
1281
1240
1278
1273
1272
1269
1267
1278
1261
1255
1261
1243
1266
1234
1255
1220
1259
1216
1266
1224
1262
1241
1264
1254
1272
1286
1269
1285
1262
1290
1264
1271
1273
1272
1263
1235
1266
1224
1266
1242
1269
1233
1279
1237
1281
1260
1261
1283
1279
1293
1276
1309
1270
1309
1262
1301
1265
1279
1254
1265
1262
1251
1266
1236
1271
1235
1267
1256
1269
1264
1269
1312
1264
1276
1273
1315
1267
1322
1264
1304
1270
1264
1269
1237
1262
1234
1265
1229
1272
1225
1274
1258
1271
1283
1268
1292
1275
1303
1266
1298
1283
1282
1276
1267
1263
1229
1266
1210
1270
1215
1269
1231
1260
1227
1269
1212
1272
1256
1269
1276
1267
1260
1265
1272
1254
1283
1267
1247
1272
1227
1257
1222
1264
1218
1265
1215
1264
1240
1263
1242
1276
1257
1266
1274
1254
1277
1251
1267
1249
1264
1249
1248
1268
1210
1256
1254
1263
1238
1270
1251
1274
1260
1258
1286
1276
1286
1277
1300
1293
1301
1266
1297
1264
1239
1271
1274
1282
1257
1286
1256
1288
1264
1284
1268
1303
1286
1285
1285
1274
1294
1269
1291
1247
1308
1257
1281
1243
1274
1264
1253
1257
1254
1267
1260
1275
1228
1272
1256
1266
1251
1250
1259
1263
1268
1257
1276
1256
1267
1261
1270
1257
1257
1262
1243
1271
1231
1274
1224
1265
1216
1272
1218
1268
1235
1263
1239
1263
1198
1266
1267
1272
1272
1263
1250
1293
1254
1267
1233
1264
1228
1267
1212
1263
1219
1254
1215
1267
1228
1249
1250
1257
1270
1254
1269
1257
1295
1255
1270
1258
1273
1263
1265
1261
1227
1250
1229
1262
1219
1262
1228
1261
1226
1262
1248
1256
1275
1261
1298
1256
1306
1262
1302
1294
1291
1271
1253
1275
1258
1273
1229
1280
1220
1284
1223
1283
1239
1289
1254
1288
1276
1274
1298
1272
1295
1271
1273
1250
1278
1269
1285
1275
1218
1268
1218
1274
1204
1275
1198
1269
1212
1254
1250
1258
1279
1255
1290
1244
1320
1256
1290
1276
1267
1243
1248
1266
1225
1270
1201
1276
1176
1265
1218
1266
1236
1266
1267
1226
1301
1268
1297
1268
1305
1270
1295
1273
1259
1279
1256
1261
1228
1277
1223
1281
1202
1251
1231
1272
1245
1273
1278
1267
1300
1258
1301
1270
1288
1267
1268
1270
1281
1274
1230
1275
1227
1269
1224
1265
1215
1257
1247
1244
1269
1249
1284
1247
1293
1250
1274
1278
1266
1270
1228
1272
1235
1267
1236
1273
1231
1259
1234
1255
1248
1249
1258
1238
1263
1251
1271
1261
1264
1266
1210
1266
1230
1267
1220
1285
1222
1267
1226
1254
1232
1254
1250
1256
1221
1256
1280
1257
1249
1261
1242
1253
1248
1263
1240
1301
1190
1267
1212
1273
1227
1275
1243
1274
