1295
1320
1530
1338
1495
1322
1464
1268
1262
1279
1255
1242
1229
1277
1250
1276
1240
1281
1276
1287
1242
1276
1199
1267
1245
1268
1228
1275
1225
1299
1096
1275
1181
1276
1208
1279
1224
1277
1214
1272
1227
1274
1219
1273
1214
1255
1209
1272
1188
1275
1203
1273
1219
1268
1208
1265
1326
1254
1212
1274
1275
1286
1217
1281
1250
1282
1217
1284
1227
1282
1242
1268
1233
1278
1256
1280
1261
1286
1242
1285
1265
1284
1257
1279
1214
1284
1200
1273
1262
1279
1271
1270
1299
1282
1289
1273
1273
1266
1302
1265
1252
1266
1316
1265
1254
1265
1282
1255
1267
1259
1193
1294
1263
1266
1279
1258
1208
1261
1243
1261
1226
1257
1215
1263
1197
1262
1187
1273
1203
1277
1187
1271
1175
1279
1160
1275
1172
1278
1242
1290
1129
1268
1176
1278
1138
1277
1154
1282
1175
1278
1181
1275
1198
1275
1261
1259
1208
1265
1199
1269
1193
1251
1200
1264
1231
1261
1201
1270
1196
1260
1247
1258
1253
1264
1272
1260
1270
1257
1264
1262
1254
1264
1277
1264
1283
1264
1219
1267
1274
1268
1305
1267
1276
1287
1260
1270
1280
1264
1275
1272
1284
1268
1262
1264
1267
1293
1246
1242
1266
1268
1283
1269
1224
1272
1254
1264
1193
1268
1222
1269
1132
1288
1283
1264
1249
1267
1245
1262
1241
1265
1204
1268
1216
1246
1207
1263
1166
1261
1184
1241
1200
1267
1188
1262
1219
1266
1204
1261
1236
1266
1203
1259
1197
1262
1191
1274
1188
1273
1214
1267
1203
1269
1213
1272
1201
1275
1214
1275
1218
1280
1216
1273
1204
1286
1224
1293
1213
1289
1245
1287
1285
1289
1265
1294
1260
1282
1269
1284
1271
1273
1331
1287
1284
1284
1293
1282
1286
1271
1305
1271
1293
1265
1290
1255
1237
1262
1270
1245
1264
1239
1252
1226
1246
1221
1237
1213
1242
1192
1219
1205
1249
1210
1227
1230
1238
1221
1188
1251
1225
1238
1233
1250
1198
1283
1245
1269
1223
1300
1251
1270
1250
1296
1254
1295
1268
1305
1275
1304
1276
1306
1281
1318
1257
1312
1261
1329
1244
1327
1234
1340
1198
1352
1174
1360
1158
1379
1195
1394
1233
1403
1206
1393
1224
1435
1249
1385
1268
1383
1313
1355
1340
1312
1347
1297
1362
1269
1335
1252
1346
1223
1386
1199
1313
1167
1272
1142
1274
1087
1291
1052
1279
1022
1259
1010
1200
1020
1125
993
1048
1038
945
1061
859
1085
866
1089
830
1123
831
1157
747
1199
879
1217
854
1277
851
1364
914
1401
993
1455
1084
1459
1197
1427
1241
1457
1454
1410
1522
1380
1596
1351
1613
1327
1664
1301
1642
1294
1576
1275
1662
1241
1573
1275
1546
1283
1524
1272
1463
1273
1324
1286
1221
1260
1138
1301
1024
1337
972
1376
949
1403
899
1429
883
1437
915
1427
902
1428
829
1399
828
1379
886
1364
987
1346
1052
1313
1181
1318
1298
1305
1442
1272
1558
1233
1623
1215
1669
1156
1687
1124
1687
1103
1702
1099
1633
1089
1573
1097
1466
1103
1371
1118
1316
1122
1276
1147
1222
1161
1230
1179
1212
1204
1217
1221
1209
1233
1188
1246
1167
1229
1100
1275
1254
1274
1208
1271
1215
1280
1264
1282
1275
1308
1294
1307
1280
1330
1257
1343
1230
1347
1216
1363
1176
1351
1196
1380
1209
1382
1102
1367
1097
1379
1048
1374
971
1371
949
1370
958
1339
953
1324
1006
1295
1036
1285
1071
1285
1099
1264
1085
1259
1129
1245
1126
1236
1141
1214
1187
1219
1244
1212
1324
1214
1360
1213
1450
1233
1457
1221
1484
1196
1471
1227
1438
1240
1414
1246
1426
1262
1337
1281
1333
1293
1319
1292
1190
1295
1219
1277
1202
1266
1239
1257
1246
1263
1283
1265
1322
1278
1340
1271
1357
1280
1309
1272
1338
1279
1336
1287
1325
1292
1270
1296
1346
1304
1401
1312
1362
1318
1369
1318
1313
1311
1294
1306
1237
1304
1171
1337
1133
1305
1129
1299
1050
1299
1045
1303
1029
1303
996
1322
908
1350
1042
1355
1020
1359
1035
1370
1146
1374
1208
1377
1289
1380
1364
1358
1375
1335
1444
1324
1461
1289
1454
1275
1474
1266
1404
1261
1551
1246
1475
1209
1461
1199
1411
1179
1345
1169
1264
1156
1265
1141
1186
1143
1196
1146
1180
1166
1150
1167
1143
1182
1058
1197
1050
1231
1051
1258
1036
1262
1105
1297
1109
1327
1150
1340
1191
1349
1144
1369
1122
1359
1108
1335
1063
1324
1103
1303
1092
1280
1116
1261
1146
1241
1120
1223
1192
1221
1119
1200
1142
1191
1087
1217
1102
1215
1137
1234
1179
1253
1199
1295
1267
1332
1263
1341
1238
1357
1270
1364
1278
1374
1267
1400
1198
1414
1390
1427
1436
1439
1436
1437
1424
1430
1395
1421
1389
1391
1376
1403
1415
1361
1468
1331
1495
1305
1530
1279
1559
1253
1532
1226
1477
1204
1438
1190
1451
1173
1386
1180
1371
1180
1341
1192
1318
1197
1292
1208
1238
1215
1209
1217
1149
1234
1132
1239
1108
1259
1094
1263
1140
1275
1088
1271
1133
1257
1074
1244
1084
1230
1108
1217
1158
1207
1160
1201
1203
1184
1244
1199
1223
1209
1236
1207
1235
1205
1224
1204
1195
1212
1303
1194
1183
1231
1245
1245
1269
1254
1281
1263
1224
1288
1172
1303
1124
1301
1070
1314
1061
1330
1042
1347
1044
1359
1086
1369
1099
1371
1134
1374
1137
1348
1104
1335
1113
1324
1103
1320
1162
1312
1205
1310
1265
1299
1257
1303
1277
1272
1283
1281
1279
1289
1265
1289
1271
1309
1279
1318
1221
1343
1308
1323
1302
1326
1307
1325
1261
1292
1246
1276
1208
1243
1219
1252
1216
1255
1263
1236
1350
1233
1390
1229
1409
1225
1551
1220
1364
1223
1459
1230
1476
1230
1492
1241
1513
1256
1525
1247
1507
1249
1484
1244
1397
1252
1364
1244
1318
1262
1280
1283
1273
1297
1236
1320
1300
1335
1207
1323
1199
1318
1147
1300
1128
1292
1091
1281
1075
1280
1069
1237
1112
1284
1110
1287
1158
1276
1174
1268
1160
1254
1164
1257
1080
1255
1223
1260
1177
1277
1140
1284
1175
1281
1094
1277
1093
1250
1078
1259
1065
1232
1066
1242
1071
1232
1121
1231
1130
1229
1163
1215
1141
1237
1208
1207
1205
1217
1195
1253
1196
1253
1189
1273
1254
1293
1308
1288
1340
1295
1348
1286
1337
1278
1303
1276
1328
1236
1328
1247
1334
1253
1244
1257
1344
1228
1294
1218
1268
1204
1250
1200
1158
1157
1132
1206
1188
1220
1185
1243
1194
1261
1254
1268
1272
1284
1222
1288
1191
1301
1151
1298
1127
1306
1106
1338
1178
1349
1226
1369
1257
1379
1320
1368
1335
1371
1294
1363
1280
1352
1242
1345
1255
1336
1258
1330
1288
1315
1312
1287
1202
1316
1309
1244
1309
1230
1296
1224
1279
1236
1269
1253
1297
1278
1326
1304
1347
1312
1317
1315
1294
1322
1268
1328
1237
1339
1247
1331
1223
1367
1289
1321
1343
1315
1370
1307
1350
1281
1295
1254
1274
1232
1237
1218
1197
1200
1224
1208
1207
1202
1255
1218
1264
1213
1277
1202
1276
1197
1240
1187
1227
1202
1152
1197
1174
1213
1195
1225
1155
1230
1178
1205
1175
1234
1124
1234
1083
1232
1111
1254
1113
1270
1113
1325
1151
1303
1129
1320
1210
1285
1244
1280
1262
1257
1221
1262
1215
1266
1229
1280
1266
1295
1293
1292
1325
1314
1309
1319
1310
1333
1343
1303
1334
1289
1290
1302
1338
1312
1251
1332
1287
1345
1324
1338
1316
1334
1285
1310
1249
1298
1200
1270
1189
1306
1188
1282
1215
1295
1271
1308
1276
1299
1284
1299
1276
1289
1265
1269
1246
1257
1260
1261
1271
1267
1269
1270
1316
1276
1275
1273
1310
1250
1265
1240
1195
1266
1209
1219
1198
1229
1203
1245
1214
1263
1249
1264
1274
1272
1264
1263
1236
1254
1277
1239
1225
1233
1229
1242
1230
1233
1295
1247
1365
1242
1392
1240
1409
1237
1394
1230
1384
1228
1353
1240
1320
1263
1341
1274
1350
1298
1322
1302
1289
1290
1257
1287
1193
1279
1168
1265
1134
1269
1088
1280
1101
1305
1123
1316
1132
1321
1166
1311
1173
1310
1237
1315
1127
1284
1169
1294
1145
1313
1186
1318
1231
1336
1263
1337
1287
1332
1345
1324
1315
1290
1278
1302
1272
1269
1293
1276
1269
1285
1276
1302
1326
1308
1283
1293
1246
1290
1248
1272
1219
1275
1189
1283
1187
1293
1137
1316
1176
1333
1235
1303
1248
1308
1254
1296
1258
1283
1238
1266
1236
1266
1232
1301
1251
1297
1266
1305
1339
1287
1342
1276
1352
1248
1323
1238
1271
1256
1256
1240
1241
1256
1286
1273
1298
1281
1327
1281
1308
1270
1184
1281
1231
1224
1275
1219
1247
1235
1276
1257
1251
1276
1291
1256
1325
1276
1287
1273
1342
1258
1283
1228
1254
1257
1245
1270
1229
1296
1308
1309
1279
1315
1324
1315
1297
1296
1300
1277
1265
1253
1241
1251
1211
1253
1194
1246
1219
1275
1221
1289
1273
1275
1283
1265
1290
1262
1248
1229
1202
1252
1243
1244
1216
1279
1234
1285
1259
1300
1239
1302
1223
1279
1214
1250
1189
1238
1135
1246
1141
1255
1130
1281
1154
1304
1173
1317
1180
1344
1165
1308
1204
1294
1170
1283
1183
1290
1211
1297
1224
1306
1271
1313
1238
1279
1256
1300
1202
1291
1223
1268
1228
1269
1219
1266
1227
1315
1341
1297
1267
1341
1303
1352
1300
1352
1328
1322
1267
1288
1264
1256
1264
1277
1269
1267
1269
1291
1340
1287
1381
1293
1374
1283
1374
1260
1381
1259
1230
1235
1291
1254
1310
1295
1355
1287
1363
1318
1380
1284
1354
1267
1306
1241
1281
1217
1246
1208
1193
1228
1174
1244
1184
1271
1198
1291
1202
1270
1207
1256
1207
1229
1170
1225
1167
1228
1139
1212
1144
1294
1149
1291
1204
1302
1234
1300
1247
1264
1245
1248
1219
1232
1305
1250
1132
1253
1216
1286
1257
1314
1251
1327
1259
1329
1258
1292
1229
1291
1275
1265
1183
1289
1184
1303
1185
1323
1207
1342
1246
1346
1252
1314
1337
1306
1238
1304
1220
1272
1228
1235
1208
1274
1250
1303
1252
1317
1289
1334
1319
1320
1280
1306
1291
1276
1291
1272
1273
1276
1285
1303
1299
1328
1348
1352
1266
1355
1304
1351
1307
1313
1316
1286
1259
1269
1274
1285
1254
1288
1255
1304
1303
1315
1256
1303
1290
1284
1274
1247
1273
1217
1269
1192
1280
1196
1206
1221
1306
1249
1330
1270
1364
1273
1408
1266
1382
1242
1328
1228
1309
1235
1261
1239
1278
1279
1294
1303
1316
1347
1289
1333
1274
1306
1266
1260
1163
1289
1201
1262
1179
1269
1168
1298
1209
1325
1215
1343
1231
1364
1221
1327
1192
1277
1178
1271
1152
1244
1153
1235
1158
1275
1098
1311
1244
1295
1227
1290
1198
1267
1208
1234
1181
1214
1164
1213
1153
1226
1165
1270
1151
1291
1229
1297
1230
1300
1275
1276
1264
1252
1233
1248
1220
1264
1106
1247
1169
1281
1236
1320
1249
1333
1300
1313
1275
1289
1298
1264
1313
1254
1318
1281
1276
1282
1260
1302
1291
1321
1302
1333
1334
1317
1371
1281
1471
1281
1286
1266
1316
1261
1311
1288
1318
1313
1364
1331
1339
1341
1357
1305
1347
1300
1308
1268
1290
1258
1217
1274
1238
1301
1238
1332
1227
1355
1274
1371
1275
1329
1277
1265
1256
1263
1188
1250
1201
1246
1189
1271
1182
1289
1207
1317
1224
1300
1214
1285
1233
1246
1232
1211
1232
1204
1197
1215
1250
1239
1214
1268
1242
1270
1270
1269
1260
1251
1220
1220
1150
1171
1141
1187
1149
1203
1106
1229
1157
1268
1176
1303
1204
1293
1240
1243
1222
1258
1192
1209
1206
1199
1168
1223
1206
1270
1225
1308
1246
1307
1291
1325
1323
1304
1269
1272
1270
1258
1291
1266
1284
1289
1310
1335
1287
1357
1302
1390
1292
1385
1311
1352
1318
1312
1278
1281
1238
1276
1267
1275
1267
1321
1290
1335
1274
1332
1283
1311
1277
1269
1256
1234
1300
1210
1301
1224
1228
1222
1278
1270
1320
1304
1280
1319
1316
1307
1281
1283
1278
1249
1239
1254
1201
1268
1171
1279
1218
1311
1267
1341
1284
1352
1240
1323
1292
1297
1266
1254
1279
1219
1238
1230
1262
1258
1241
1299
1268
1302
1263
1334
1310
1301
1287
1233
1255
1243
1279
1228
1279
1244
1402
1272
1344
1352
1308
1336
1271
1330
1294
1303
1268
1250
1258
1221
1207
1179
1222
1206
1216
1271
1216
1268
1193
1305
1214
1293
1269
1261
1238
1229
1217
1203
1248
1189
1189
1169
1268
1254
1205
1290
1241
1310
1244
1317
1267
1309
1245
1245
1165
1225
1190
1190
1222
1216
1160
1277
1205
1316
1205
1371
1221
1351
1255
1316
1209
1296
1240
1282
1234
1302
1172
1311
1231
1351
1237
1385
1274
1393
1295
1377
1305
1332
1303
1295
1310
1248
1317
1265
1309
1262
1282
1307
1297
1331
1299
1345
1317
1342
1295
1303
1302
1263
1299
1233
1325
1263
1259
1292
1275
1326
1312
1351
1297
1362
1349
1331
1317
1287
1348
1246
1313
1221
1347
1223
1341
1212
1288
1311
1306
1315
1302
1314
1302
1293
1272
1250
1275
1195
1260
1169
1233
1220
1175
1219
1164
1258
1181
1277
1167
1287
1181
1259
1207
1214
1037
1210
1161
1185
1098
1209
1089
1251
1141
1305
1138
1338
1170
1327
1181
1323
1195
1271
1140
1248
1143
1206
1199
1236
1114
1296
1206
1353
1270
1409
1301
1366
1306
1335
1293
1286
1301
1248
1292
1235
1315
1229
1295
1294
1294
1327
1316
1350
1326
1349
1339
1324
1357
1257
1299
1224
1310
1222
1314
1197
1201
1278
1273
1317
1264
1340
1281
1327
1308
1314
1298
1250
1299
1204
1324
1221
1306
1230
1397
1265
1288
1308
1286
1328
1261
1305
1276
1262
1250
1215
1373
1204
1218
1159
1205
1166
1068
1298
1224
1303
1194
1346
1201
1305
1249
1293
1228
1260
1231
1247
1267
1263
1222
1287
1138
1321
1224
1363
1223
1378
1234
1351
1243
1324
1208
1281
1266
1221
1287
1239
1243
1230
1246
1325
1206
1352
1225
1358
1216
1333
1260
1268
1227
1230
1202
1204
1181
1174
1134
1248
1185
1306
1195
1342
1186
1330
1197
1307
1280
1253
1283
1188
1279
1211
1290
1244
1222
1196
1382
1317
1284
1335
1247
1350
1230
1308
1308
1256
1358
1169
1260
1117
1325
1187
1198
1225
1276
1299
1281
1325
1268
1325
1280
1292
1281
1230
1320
1164
1260
1180
1241
1235
1153
1221
1198
1319
1199
1315
1181
1322
1201
1296
1189
1234
1289
1197
1245
1174
1260
1234
1156
1221
1338
1321
1205
1331
1176
1351
1228
1308
1214
1267
1318
1204
1272
1209
1273
1234
1114
1265
1201
1350
1167
1355
1199
1340
1235
1305
1208
1270
1306
1199
1310
1203
1235
1259
1186
1308
1256
1357
1259
1385
1289
1355
1343
1318
1324
1264
1379
1218
1351
1197
1308
1268
1185
1261
1268
1339
1259
1348
1226
1323
1280
1278
1243
1229
1222
1201
1299
1232
1244
1226
1061
1268
1185
1359
1162
1346
1150
1320
1206
1265
1188
1227
1118
1153
1224
1215
1160
1206
979
1271
1208
1323
1104
1345
1134
1301
1211
1244
1267
1221
1247
1147
1302
1230
1242
1220
1057
1345
1294
1387
1231
1368
1279
1329
1361
1266
1395
1244
1346
1228
1417
1246
1328
1220
1134
1314
1308
1351
1262
1342
1229
1305
1285
1242
1365
1226
1334
1222
1361
1232
1217
1257
1019
1351
1220
1357
1190
1336
1202
1306
1190
1242
1335
1165
1290
1210
1266
1169
1197
1267
1003
1347
1223
1361
1158
1329
1210
1297
1187
1221
1333
1220
1290
1244
1230
1225
1160
1275
971
1358
1163
1363
1151
1347
1188
1308
1175
1240
1341
1216
1259
1234
1221
1246
1145
1271
1219
1365
1201
1359
1147
1338
1210
1292
1212
1244
1398
1229
1353
1178
1320
1205
1161
1280
1272
1366
1228
1363
1202
1311
1255
1279
1256
1253
1418
1166
1373
1182
1292
1220
1154
1295
1255
1380
1243
1369
1205
1347
1275
1286
1281
1244
1394
1226
1324
1238
1308
1219
1082
1257
1306
1375
1196
1357
1172
1321
1254
1246
1278
1218
1326
1177
1382
1210
1308
1234
1090
1255
1288
1351
1193
1330
1207
1306
1270
1233
1297
1198
1335
1148
1301
1181
1264
1191
1042
1227
1271
1346
1172
1324
1182
1296
1214
1218
1251
1203
1299
1158
1297
1165
1185
1217
1049
1283
1260
1394
1169
1353
1157
1306
1200
1239
1322
1228
1332
1204
1331
1207
1219
1271
1062
1300
1258
1373
1155
1315
1170
1318
1169
1252
1333
1250
1310
1214
1302
1261
1161
1272
963
1301
1240
1422
1174
1372
1205
1321
1197
1248
1385
1237
1318
1227
1363
1247
1209
1238
935
1306
1249
1370
1169
1344
1191
1295
1213
1229
1396
1225
1317
1221
1336
1240
1134
1277
913
1379
1213
1383
1166
1349
1198
1311
1213
1248
1396
1198
1348
1216
1322
1275
1129
1253
905
1374
1229
1388
1183
1357
1279
1312
1311
1252
1515
1243
1463
1236
1428
1248
1192
1286
974
1356
1290
1371
1251
1306
1342
1271
1370
1218
1540
1196
1452
1192
1414
1196
1173
1270
949
1337
1257
1362
1209
1302
1296
1253
1309
1196
1485
1189
1335
1159
1308
1190
1048
1264
831
1350
1150
1353
1142
1317
1240
1257
1305
1215
1493
1163
1403
1188
1316
1224
1071
1317
919
1389
1184
1373
1177
1322
1307
1282
1334
1233
1533
1216
1398
1213
1282
1243
1003
1262
1069
1363
1141
1355
1138
1312
1267
1242
1333
1221
1495
1175
1319
1238
1207
1270
1032
1257
1127
1365
1132
1351
1156
1293
1259
1236
1350
1220
1484
1168
1398
1229
1194
1283
1021
1311
1184
1390
1128
1371
1169
1335
1229
1263
1381
1247
1431
1247
1378
1278
1221
1298
958
1288
1191
1394
1152
1347
1207
1297
1270
1232
1447
1211
1459
1179
1432
1244
1267
1218
979
1266
1206
1354
1175
1327
1239
1280
1306
1204
1478
1184
1395
1168
1389
1211
1179
1242
948
1267
1206
1357
1148
1322
1230
1281
1258
1216
1454
1216
1409
1169
1327
1201
1116
1286
912
1341
1170
1369
1113
1345
1208
1323
1263
1244
1469
1243
1369
1244
1349
1234
1116
1325
894
1370
1180
1392
1146
1369
1259
1329
1311
1261
1517
1239
1444
1245
1343
1262
1190
1284
934
1360
1199
1367
1173
1306
1293
1241
1334
1184
1552
1137
1405
1121
1380
1200
1093
1219
894
1326
1181
1310
1169
1281
1329
1217
1355
1193
1555
1159
1405
1213
1298
1242
1115
1280
935
1384
1140
1374
1129
1340
1276
1272
1343
1271
1541
1210
1388
1266
1297
1302
1029
1287
1039
1414
1119
1397
1143
1363
1262
1291
1360
1265
1504
1210
1379
1257
1304
1270
992
1279
1193
1402
1093
1377
1133
1340
1228
1260
1395
1221
1462
1159
1394
1188
1235
1259
1017
1275
1172
1354
1107
1337
1152
1284
1262
1214
1405
1201
1420
1198
1354
1184
1198
1227
972
1237
1137
1345
1071
1329
1129
1289
1227
1232
1409
1212
1438
1158
1428
1252
1239
1238
940
1258
1205
1377
1115
1343
1209
1302
1244
1238
1465
1245
1433
1171
1386
1183
1244
1256
951
1320
1202
1344
1133
1312
1201
1225
1007
1224
1666
1165
1401
1156
1358
1197
1202
1261
896
1354
1169
1350
1077
1323
1187
1296
1010
1265
1625
1147
1470
1216
1384
1257
1173
1234
889
1378
1136
1387
1093
1359
1185
1267
1370
1300
1567
1217
1380
1240
1387
1276
1117
1267
1018
1384
1160
1399
1116
1358
891
1272
1422
1287
1619
1230
1446
1184
1397
1239
1127
1277
1331
1384
1159
1376
1115
1364
958
1242
1449
1276
1495
1186
1496
1225
1416
1180
1162
1266
1321
1369
1153
1363
1135
1320
907
1224
1450
1272
1532
1206
1511
1197
1371
1218
1168
1340
1337
1378
1163
1389
1161
1303
970
1227
1618
1285
1507
1225
1533
1202
1353
1259
1099
1382
1314
1398
1139
1383
1149
1322
881
1198
1593
1320
1479
1241
1485
1181
1282
1266
1048
1381
1230
1392
1051
1372
1048
1241
890
1216
1549
1294
1421
1221
1379
1200
1251
1226
1365
1368
1189
1382
1054
1348
1092
1237
922
1245
1625
1228
1434
1165
1399
1209
1250
1229
1346
1344
1214
1353
1076
1326
806
1187
921
1240
1682
1240
1442
1130
1445
1204
1288
1246
1439
1351
1211
1359
1092
1340
809
1196
1043
1184
1722
1187
1505
1175
1431
1238
1287
1248
1435
1387
1204
1393
1091
1371
798
1276
1056
1292
1750
1204
1443
1220
1467
1238
1273
1343
1398
1353
1175
1389
1077
1348
800
1224
1086
1268
1731
1198
1503
1165
1385
1200
1194
1335
1363
1387
1130
1384
1032
1312
743
1231
992
1289
1722
1219
1442
1175
1341
1259
1323
1349
1300
1403
1095
1404
1041
1304
748
1241
1381
1301
1403
1177
1444
1218
1418
1204
1199
1368
1357
1401
1144
1378
1086
1281
843
1249
1473
1273
1698
1149
1540
1194
1413
1230
1581
1353
1370
1366
1161
1353
1128
1258
929
1220
1598
1254
1416
1135
1492
1202
1395
1205
1466
1351
1283
1368
1106
1359
715
1213
859
1190
1538
1244
1394
1160
1473
1195
1301
1208
1478
1350
1230
1411
1070
1362
794
1272
860
1218
1608
1276
1415
1184
1491
1220
1316
1269
1494
1351
1229
1382
1064
1362
710
1216
908
1262
1630
1253
1397
1159
1455
1198
1241
1263
1451
1366
1181
1380
1035
1327
619
1245
919
1222
1621
1281
1413
1161
1359
1242
1227
1346
1384
1396
1160
1409
1030
1319
670
1214
916
1235
1678
1232
1416
1212
1467
1186
1265
1333
1441
1374
1210
1373
1030
1289
791
1240
1043
1253
1737
1151
1430
1162
1397
1187
1615
1303
1380
1341
1141
1353
1025
1276
697
1207
987
1277
1697
1212
1451
1161
1423
1219
1583
1375
1393
1391
1172
1414
731
1311
825
1230
1423
1308
1766
1194
1470
1206
1470
1250
1522
1330
1426
1364
1200
1346
759
1251
855
1186
1399
1216
1581
1152
1413
1100
1314
1150
1462
1295
1281
1315
1069
1327
597
1200
701
1222
1349
1287
1569
1161
1324
1220
1272
1339
1407
1389
1262
1405
1089
1396
645
1279
854
1263
1498
1298
1402
1180
1384
1195
1351
1346
1503
1389
1339
1409
1174
1352
756
1300
947
1257
1637
1304
1422
1215
1440
1221
1540
1350
1532
1395
1341
1411
1185
1304
786
1234
911
1252
1609
1278
1327
1208
1348
1187
1433
1303
1451
1378
1262
1381
1099
1284
793
1251
972
1262
1610
1271
1334
1165
1328
1187
1557
1284
1422
1354
1205
1356
1079
1210
622
1246
878
1246
1533
1270
1257
1194
1263
1217
1546
1319
1416
1363
1243
1377
1160
1304
818
1258
1062
1265
1699
1145
1398
1181
1369
1174
1637
1271
1497
1309
1327
1313
831
1169
853
1203
1108
1240
1708
1168
1399
1181
1376
1155
1408
1328
1460
1384
1258
1407
824
1281
840
1235
1371
1321
1440
1246
1345
1205
1277
1226
1455
1395
1489
1393
1301
1379
871
1280
934
1201
1500
1287
1588
1188
1398
1195
1347
1298
1499
1332
1440
1347
1287
1328
823
1213
933
1195
1406
1251
1333
1163
1265
1165
1204
1288
1389
1338
1298
1371
1156
1292
739
1229
814
1202
1444
1299
1209
1227
1254
1199
1324
1335
1453
1407
1356
1386
1221
1277
855
1245
937
1195
1567
1267
1296
1216
1313
1203
1565
1307
1515
1366
1393
1381
1305
1318
896
1249
1019
1321
1610
1311
1309
1236
1294
1237
1634
1269
1528
1356
1367
1357
1260
1282
896
1226
1010
1252
1562
1278
1174
1153
1234
1179
1485
1274
1428
1347
1311
1354
874
1247
851
1271
1019
1306
1652
1293
1301
1221
1305
1215
1357
1314
1466
1363
1303
1351
825
1245
809
1265
893
1300
1476
1236
1102
1188
1039
1171
1174
1286
1334
1310
1234
1284
798
1209
842
1166
1195
1251
1584
1138
1239
1147
1233
1241
1304
1263
1439
1292
1320
1304
877
1199
867
1195
1412
1304
1412
1201
1142
1202
1161
1310
1386
1333
1443
1340
1348
1268
922
1227
1020
1219
1533
1272
1363
1191
1249
1165
1215
1271
1447
1327
1424
1349
1334
1300
846
1280
997
1274
1467
1346
1318
1249
1135
1281
1493
1359
1407
1398
1386
1406
1284
1297
864
1294
951
1338
1510
1343
1116
1243
1091
1269
1401
1284
1404
1343
1385
1347
1297
1260
906
1267
1027
1209
1560
1311
1225
1207
1143
1161
1513
1244
1494
1295
1435
1299
1020
1181
957
1206
1405
1291
1558
1265
1120
1193
1155
1166
1475
1266
1440
1314
1376
1317
948
1175
907
1237
1012
1269
1555
1231
1156
1219
1157
1263
1249
1247
1487
1289
1437
1272
991
1212
1026
1258
1067
1294
1576
1203
1127
1183
1139
1286
1266
1283
1434
1336
1367
1344
886
1238
892
1236
1341
1349
1448
1231
1007
1213
1025
1300
1173
1310
1367
1322
1334
1251
875
1217
1142
1231
1354
1309
1450
1187
1012
1215
1126
1236
1216
1284
1405
1291
1413
1211
973
1228
1088
1222
1612
1329
1318
1223
1173
1247
1482
1276
1467
1370
1533
1368
1453
1294
1035
1241
1241
1273
1530
1377
1169
1279
1106
1269
1408
1274
1360
1341
1413
1342
1365
1222
990
1266
1035
1328
1573
1318
1179
1177
1095
1196
1386
1244
1378
1319
1388
1338
1351
1236
898
1277
972
1319
1450
1368
1001
1273
998
1244
1302
1295
1305
1344
1310
1348
934
1276
981
1259
1038
1341
1569
1329
1112
1185
1079
1284
1207
1241
1479
1291
1497
1299
1200
1238
1151
1199
1248
1322
1753
1283
1292
1199
1234
1229
1407
1258
1579
1306
1501
1315
1068
1213
1064
1269
1081
1323
1550
1274
1049
1209
1021
1266
1118
1252
1379
1281
1374
1289
1021
1185
1014
1178
1533
1303
1582
1210
1201
1202
1100
1231
1294
1259
1452
1272
1439
1249
1013
1221
1418
1253
1457
1353
1440
1292
1091
1259
1147
1301
1151
1333
1357
1353
1363
1314
1005
1248
1013
1294
1525
1373
1129
1284
1090
1223
967
1316
1245
1305
1368
1315
1368
1219
947
1274
1103
1268
1520
1346
1165
1218
1039
1184
1318
1243
1290
1304
1390
1307
1407
1228
996
1277
1119
1258
1571
1380
1224
1268
1118
1261
1449
1271
1392
1323
1427
1319
1074
1200
1068
1320
1101
1316
1604
1332
1112
1227
1070
1188
1378
1241
1376
1284
1388
1301
1095
1210
1049
1313
1156
1327
1634
1392
1141
1290
1116
1326
1243
1326
1455
1379
1456
1396
999
1308
1477
1319
1201
1382
1577
1288
1117
1259
1028
1204
1304
1237
1378
1263
1407
1257
1030
1203
1261
1234
1177
1290
1691
1227
1230
1187
1106
1256
1218
1245
1493
1280
1496
1232
1086
1231
1439
1242
1187
1352
1581
1274
1062
1225
1051
1287
1070
1299
1341
1319
1352
1235
933
1261
1179
1240
1441
1331
1362
1270
1057
1204
946
1283
1120
1298
1321
1285
1383
1261
1015
1205
1376
1247
1453
1359
1358
1271
1119
1241
1350
1264
1160
1294
1392
1336
1389
1289
1052
1348
1130
1308
1550
1362
1166
1219
1039
1203
1223
1249
1244
1258
1310
1258
1342
1227
1001
1212
1120
1233
1542
1321
1186
1235
1071
1217
1426
1247
1354
1287
1443
1318
1118
1227
1288
1332
1168
1359
1668
1368
1193
1316
1090
1236
1426
1254
1403
1302
1437
1300
1132
1230
1084
1280
1161
1305
1636
1308
1192
1209
1080
1170
1326
1212
1388
1264
1403
1273
1027
1203
1476
1264
1159
1295
1616
1303
1141
1186
1067
1270
1105
1244
1301
1300
1301
1312
904
1238
1308
1290
1018
1351
1453
1283
983
1246
857
1265
995
1246
1242
1286
1272
1188
903
1201
1253
1251
1094
1312
1587
1278
1111
1215
999
1291
1161
1268
1356
1305
1364
1248
958
1262
1221
1290
1510
1381
1371
1308
1155
1283
1052
1320
1105
1271
1376
1316
1369
1202
979
1314
1106
1217
1443
1333
1367
1240
1081
1183
1333
1214
1106
1274
1311
1281
1335
1183
951
1308
1111
1276
1564
1354
1215
1245
1129
1219
1287
1273
1307
1321
1457
1326
1113
1254
1439
1348
1253
1290
1682
1362
1249
1255
1161
1216
1440
1238
1296
1286
1370
1294
974
1223
1281
1300
1124
1267
1556
1339
1160
1192
1016
1252
1135
1235
1271
1293
1333
1331
1090
1211
1143
1296
1185
1275
1652
1328
1180
1248
1149
1231
1305
1243
1388
1327
1390
1317
946
1270
1447
1261
1128
1305
1603
1351
1126
1248
1029
1282
1133
1268
1306
1284
1310
1297
916
1256
1415
1268
1146
1345
1612
1283
1162
1227
1079
1233
1159
1231
1334
1276
1312
1223
942
1230
1275
1243
1104
1323
1540
1186
1005
1214
921
1296
1049
1261
1233
1300
1219
1254
876
1284
1081
1247
1360
1355
1333
1240
1023
1229
937
1305
1109
1294
1308
1305
1292
1258
996
1308
1135
1262
1518
1321
1446
1211
1185
1229
1417
1255
1189
1319
1395
1345
1395
1244
957
1369
1152
1301
1331
1402
1295
1295
1139
1239
1440
1311
1274
1339
1423
1342
1059
1245
1474
1359
1255
1315
1722
1380
1370
1249
1271
1270
1539
1283
1421
1315
1486
1321
1140
1214
1473
1315
1211
1291
1640
1355
1193
1235
1129
1197
1207
1251
1239
1308
1285
1295
899
1172
1385
1256
1051
1295
1536
1334
1095
1197
1000
1189
1306
1252
1271
1293
1277
1274
913
1215
1376
1223
1097
1214
1591
1223
1154
1182
1020
1248
1206
1219
1328
1277
1328
1239
927
1290
1374
1264
1085
1336
1540
1262
1093
1271
994
1330
1031
1315
1272
1364
1276
1269
909
1328
1266
1281
1146
1379
1646
1317
1209
1273
1117
1309
1215
1287
1412
1329
1412
1293
996
1336
1259
1244
1271
1322
1698
1235
1271
1216
1458
1296
1235
1278
1425
1343
1391
1254
1129
1353
1111
1295
1485
1364
1344
1239
1217
1198
1422
1261
1227
1301
1409
1310
1410
1242
1008
1308
1139
1264
1318
1335
1316
1181
1154
1201
1468
1225
1199
1258
1398
1258
1069
1146
1436
1266
1108
1197
1628
1300
1194
1192
1093
1193
1400
1221
1263
1300
1301
1314
983
1210
1354
1323
1035
1245
1539
1356
1174
1261
1046
1186
1138
1264
1255
1315
1308
1309
978
1239
1417
1260
1117
1246
1587
1278
1153
1262
1043
1267
1335
1298
1283
1358
1293
1364
905
1315
1410
1288
1095
1296
1574
1309
1133
1279
1013
1231
1098
1259
1297
1302
1290
1235
930
1290
1422
1237
1156
1223
1637
1242
1168
1235
1175
1300
1260
1273
1405
1317
1402
1272
1035
1280
1328
1263
1229
1331
1657
1270
1209
1208
1060
1286
1179
1267
1386
1299
1289
1187
1132
1306
1172
1265
1167
1326
1595
1259
1146
1216
1409
1259
1161
1300
1342
1317
1309
1252
1093
1308
1053
1236
1435
1317
1224
1188
1074
1238
1230
1266
1114
1302
1321
1314
1333
1212
1076
1321
1115
1233
1362
1344
1258
1264
1172
1219
1443
1267
1143
1311
1335
1327
925
1247
1378
1333
1051
1258
1507
1345
1132
1256
1087
1236
1372
1297
1214
1350
1300
1361
996
1237
1371
1341
1126
1259
1589
1373
1194
1234
1146
1223
1344
1281
1341
1324
1390
1317
944
1205
1485
1261
1177
1306
1655
1243
1207
1252
1111
1207
1408
1233
1369
1286
1343
1290
944
1188
1396
1244
1097
1226
1553
1279
1121
1214
1037
1274
1075
1241
1279
1278
1287
1226
905
1267
1394
1223
1101
1229
1579
1251
1130
1181
1009
1292
1156
1263
1329
1277
1322
1236
888
1293
1221
1234
1132
1302
1562
1224
1148
1199
1077
1303
1198
1312
1388
1324
1378
1205
1284
1309
1243
1274
1235
1328
1602
1279
1173
1270
1425
1309
1199
1308
1398
1338
1352
1226
1356
1329
1086
1272
1434
1334
1238
1248
1126
1209
1057
1309
1136
1330
1328
1340
898
1248
1366
1348
1090
1296
1221
1373
1245
1281
1098
1278
1408
1325
1171
1368
1393
1354
1009
1282
1452
1347
1151
1246
1582
1339
1199
1236
1111
1227
1376
1260
1265
1314
1374
1295
1069
1190
1464
1302
1110
1243
1563
1329
1192
1261
1112
1239
1419
1242
1320
1309
1353
1308
972
1193
1446
1242
1104
1196
1536
1298
1144
1230
992
1288
1111
1251
1267
1313
1328
1303
914
1259
1427
1216
1077
1231
1553
1237
1068
1216
974
1321
1188
1298
1320
1339
1344
1237
960
1318
1482
1238
1155
1251
1661
1240
1143
1227
1215
1307
1244
1281
1413
1314
1440
1270
1073
1303
1307
1232
1236
1290
1631
1189
1132
1200
1056
1300
1186
1285
1359
1325
1314
1227
1263
1327
1182
1280
1193
1297
1549
1254
1122
1281
1428
1299
1224
1311
1381
1342
1410
1208
1361
1320
1133
1218
1386
1331
1181
1223
1085
1193
992
1302
1071
1303
1314
1300
919
1243
1385
1318
1129
1238
1274
1352
1194
1225
1115
1205
1423
1271
1123
1311
1345
1306
981
1210
1412
1297
1053
1202
1541
1333
1172
1185
1091
1186
1358
1252
1242
1318
1367
1293
1095
1178
1456
1264
1116
1253
1608
1324
1221
1237
1075
1244
1217
1269
1303
1344
1393
1339
1003
1276
1500
1286
1156
1240
1559
1364
1124
1250
1092
1335
1194
1310
1295
1369
1371
1353
969
1311
1432
1259
1066
1246
1571
1250
1110
1259
983
1304
1165
1305
1330
1347
1346
1283
1000
1339
1486
1281
1161
1219
1617
1231
1124
1245
1059
1299
1242
1269
1389
1308
1416
1253
1031
1277
1318
1220
1180
1278
1584
1186
1098
1201
1027
1295
1056
1287
1345
1307
1335
1203
1281
1293
1198
1243
1167
1284
1464
1217
1075
1228
1215
1314
1193
1267
1336
1305
1329
1244
1332
1318
1139
1249
1353
1348
1159
1275
1107
1249
1165
1338
1142
1353
1389
1350
1046
1237
1480
1337
1203
1260
1327
1337
1283
1232
1127
1256
1418
1284
1142
1331
1380
1328
1039
1224
1425
1340
1086
1288
1204
1340
1170
1232
1019
1260
1152
1294
1191
1324
1341
1315
967
1235
1448
1289
1110
1220
1569
1283
1143
1158
1044
1193
1168
1216
1255
1285
1355
1301
978
1232
1469
1203
1149
1223
1539
1291
1102
1146
1041
1289
1109
1268
1306
1332
1368
1310
1008
1273
1470
1224
1143
1230
1589
1286
1146
1265
1052
1256
1097
1304
1322
1362
1348
1257
976
1341
1445
1261
1140
1279
1577
1248
1119
1208
1007
1320
1163
1263
1340
1326
1362
1249
974
1316
1238
1255
1187
1330
1553
1235
1126
1233
1073
1339
1231
1319
1379
1365
1347
1273
1361
1317
1273
1199
1162
1294
1538
1192
1141
1239
1351
1274
1175
1292
1391
1320
1409
1240
1425
1314
1095
1249
1355
1328
1243
1246
1126
1272
1197
1289
1111
1338
1363
1342
950
1235
1437
1306
1119
1236
1282
1284
1191
1200
1102
1200
1359
1295
1092
1327
1326
1326
1026
1194
1440
1309
1085
1249
1201
1316
1208
1229
1047
1238
1210
1282
1179
1327
1366
1364
993
1298
1489
1292
1128
1194
1583
1294
1147
1175
1102
1239
1208
1290
1256
1350
1333
1341
902
1264
1466
1282
1070
1246
1544
1344
1157
1256
1037
1312
1194
1297
1293
1316
1362
1324
995
1293
1467
1242
1119
1226
1636
1259
1151
1222
1050
1322
1220
1302
1386
1372
1400
1254
984
1317
1488
1237
1119
1214
1595
1256
1165
1238
1074
1306
1186
1258
1359
1321
1371
1287
1024
1324
1301
1223
1134
1324
1529
1291
1146
1288
1047
1341
1226
1335
1406
1308
1366
1278
1360
1325
1255
1253
1190
1287
1478
1239
1147
1219
1221
1297
1182
1321
1388
1358
1410
1232
1414
1368
1124
1278
1436
1348
1269
1230
1109
1277
1047
1355
1172
1363
1357
1348
1022
1221
1413
1310
1069
1231
1279
1295
1198
1232
1097
1256
1377
1286
1076
1343
1379
1343
1013
1260
1481
1319
1209
1207
1266
1311
1233
1209
1178
1214
1281
1273
1274
1308
1403
1298
993
1267
1473
1274
1107
1160
1548
1299
1167
1207
1032
1214
1149
1292
1260
1341
1333
1326
976
1302
1455
1283
1127
1211
1566
1312
1209
1240
1082
1310
1160
1282
1318
1329
1364
1251
976
1316
1456
1260
1083
1225
1590
1268
1159
1288
1086
1361
1154
1308
1358
1369
1342
1278
907
1346
1422
1249
1075
1199
1545
1272
1140
1252
1018
1311
1183
1289
1369
1336
1418
1293
1041
1314
1347
1260
1190
1307
1502
1258
1222
1253
1076
1310
1084
1300
1402
1344
1367
1239
1343
1321
1205
1170
1103
1262
1377
1214
1107
1183
1259
1259
1179
1303
1366
1329
1378
1237
1391
1304
1112
1241
1230
1295
1488
1224
1213
1264
1509
1284
1173
1346
1424
1357
1061
1235
1458
1318
1149
1227
1246
1307
1184
1233
1070
1245
1369
1313
1166
1377
1357
1347
994
1287
1446
1320
1079
1229
1177
1306
1244
1221
1079
1235
1179
1299
1163
1324
1320
1321
942
1270
1401
1302
1070
1210
1504
1308
1145
1200
1110
1252
1379
1310
1323
1365
1409
1358
1039
1317
1512
1287
1208
1209
1659
1285
1306
1222
1220
1232
1226
1283
1422
1341
1420
1292
1051
1321
1517
1280
1173
1231
1650
1277
1237
1267
1156
1315
1210
1308
1379
1363
1364
1263
970
1324
1390
1198
1058
1214
1565
1201
1118
1172
1070
1289
1138
1271
1340
1329
1323
1239
968
1307
1181
1202
1081
1300
1468
1255
1090
1251
1036
1336
1124
1323
1336
1369
1284
1279
1255
1325
1122
1234
1103
1306
1391
1192
1069
1260
1093
1341
1112
1320
1368
1351
1367
1269
1376
1322
1157
1206
1207
1298
1514
1205
1251
1246
1534
1297
1272
1303
1448
1322
1069
1228
1465
1291
1128
1207
1276
1271
1223
1219
1122
1235
1353
1285
1141
1323
1331
1321
939
1243
1378
1296
1036
1207
1216
1275
1216
1226
1131
1224
1399
1285
1144
1349
1321
1334
867
1287
1402
1305
1040
1186
1527
1295
1181
1248
1062
1212
1277
1299
1269
1363
1337
1363
939
1325
1415
1267
1120
1206
1585
1290
1202
1227
1115
1331
1255
1320
1339
1378
1379
1303
1010
1361
1453
1257
1140
1289
1659
1324
1274
1293
1221
1316
1277
1360
1452
1409
1416
1338
992
1345
1437
1254
1150
1238
1612
1218
1167
1193
1129
1291
1205
1298
1360
1313
1321
1248
853
1287
1370
1290
1455
1265
1298
1176
1053
1226
998
1221
965
1232
885
1327
1327
1316
1345
1293
1375
1290
1280
1233
1318
1231
1329
1242
1088
1196
954
1203
942
1242
949
1181
1424
1294
1540
1278
1622
1271
1639
1243
1468
1249
1399
1277
1256
1226
1091
1222
984
1251
1094
1229
1145
1304
1632
1315
1623
1321
1538
1321
1283
1315
1189
1331
1147
1350
971
1302
1027
1295
1092
1245
1150
1271
1642
1351
1621
1358
1495
1363
1359
1329
1150
1321
1158
1291
1163
1259
1153
1238
1114
1270
1232
1251
1126
1331
1504
1343
1382
1338
1288
1321
1096
1266
1138
1251
1220
1229
1148
1205
1155
1215
1068
1180
961
1221
1324
1320
1300
1303
1288
1287
1337
1248
1268
1232
1349
1234
1344
1237
1167
1214
1106
1204
1051
1256
993
1328
1468
1319
1532
1317
1597
1275
1480
1272
1481
1284
1404
1301
1165
1283
1077
1319
1039
1253
1050
1262
1550
1340
1658
1333
1675
1331
1645
1306
1392
1314
1280
1294
1148
1244
1003
1280
970
1246
1043
1199
1148
1299
1610
1305
1573
1310
1451
1335
1171
1300
1090
1296
1052
1265
941
1205
1002
1234
1098
1171
1151
1177
1551
1314
1488
1312
1367
1313
1270
1280
1073
1261
1122
1241
1200
1209
1128
1139
1130
1208
1132
1256
1047
1316
1401
1334
1324
1329
1294
1335
1183
1271
1269
1274
1338
1273
1263
1194
1167
1240
1133
1246
1031
1239
1380
1354
1408
1344
1444
1331
1498
1288
1402
1289
1428
1291
1349
1238
1166
1261
990
1292
993
1288
973
1330
1460
1333
1525
1302
1543
1297
1388
1259
1318
1278
1211
1293
943
1274
907
1277
884
1220
917
1247
1437
1332
1539
1307
1539
1309
1405
1279
1216
1287
1133
1290
1135
1217
941
1251
1074
1226
1113
1171
1172
1271
1682
1295
1577
1314
1460
1284
1206
1279
1176
1275
1224
1257
1154
1199
1212
1203
1310
1192
1307
1199
1620
1301
1544
1327
1431
1334
1363
1298
1218
1278
1274
1265
1340
1194
1152
1249
1155
1231
1035
1201
882
1329
1277
1343
1243
1331
1243
1307
1185
1251
1263
1239
1317
1224
1116
1163
1014
1162
918
1203
840
1134
1178
1236
1276
1216
1275
1197
1392
1180
1258
1159
1236
1187
1153
1192
836
1210
763
1219
799
1147
814
1186
1404
1215
1466
1200
1456
1232
1241
1208
1101
1271
996
1336
765
1351
771
1330
884
1359
1059
1331
1577
1379
1772
1376
1772
1390
1678
1427
1378
1483
1285
1535
1274
1551
1163
1528
1350
1433
1504
1419
1578
1285
2046
1343
1902
1316
1653
1347
1393
1386
1134
1448
1078
1499
958
1465
1063
1426
1153
1310
1182
1207
1337
1200
1523
1163
1370
1179
1215
1259
980
1322
993
1415
1059
1448
1048
1418
1078
1274
1170
1215
1173
1072
1582
1061
1550
1042
1495
1090
1490
1170
1342
1274
1409
1314
1470
1330
1368
1219
1405
1080
1408
960
1373
944
1707
919
1602
966
1466
1106
1190
1209
1120
1343
1105
1420
998
1284
1006
1242
1086
1101
1103
977
1461
1025
1409
1045
1250
1152
1076
1286
803
1435
750
1536
826
1528
792
1456
940
1345
1130
1193
1134
1143
1515
1147
1320
1217
1103
1364
797
1460
742
1582
832
1612
862
1537
1007
1372
1243
1237
1318
1092
1614
1113
1486
1136
1254
1261
1043
1381
853
1510
967
1603
1194
1561
1270
1429
1429
1236
1560
1120
1421
1054
1744
1071
1526
1134
1285
1249
1176
1361
1182
1456
1398
1475
1470
1414
1520
1285
1615
1119
1503
1018
1545
1110
1564
1146
1372
1252
1233
1389
1090
1487
1202
1544
1368
1512
1368
1382
1472
1289
1474
1112
1395
1030
1686
1144
1534
1219
1347
1367
1211
1454
1034
1567
1091
1593
1278
1505
1242
1377
1391
1171
1364
1033
1306
1066
1588
1115
1371
1222
1195
1360
927
1465
938
1537
1068
1512
1113
1374
1293
1264
1388
1068
1340
1019
1650
1099
1492
1175
1267
1315
1118
1441
942
1522
1065
1544
1289
1401
1348
1287
1510
1096
1585
992
1407
987
1684
1068
1442
1190
1219
1355
1029
1451
1023
1508
1205
1479
1310
1306
1300
1217
1376
1026
1238
948
1212
1057
1261
1140
1059
1243
925
1395
726
1469
876
1511
1066
1457
1036
1299
1124
1205
1194
1079
1113
1045
1393
1172
1253
1265
1151
1389
1062
1465
973
1530
1093
1523
1276
1381
1222
1299
1368
1142
1348
1006
1282
1069
1660
1145
1514
1269
1382
1421
1152
1486
1174
1577
1305
1550
1276
1399
1495
1277
1572
1124
1589
1080
1825
1141
1752
1241
1565
1370
1391
1496
1173
1570
1252
1580
1402
1462
1375
1293
1567
1148
1533
1043
1458
1062
1696
1172
1470
1262
1239
1414
1052
1476
971
1494
1131
1423
1334
1224
1351
1089
1353
994
1337
932
1129
1035
1340
1147
1100
1285
942
1410
758
1439
859
1428
1044
1342
1043
1152
1144
1054
1141
1012
1044
952
1261
1127
1134
1231
989
1345
926
1392
820
1420
959
1384
1178
1270
1162
1126
1300
1006
1244
1006
1189
1102
1459
1184
1293
1305
1141
1429
978
1486
1005
1507
1180
1460
1294
1359
1385
1195
1413
1129
1450
1094
1361
1202
1545
1325
1323
1476
1141
1610
954
1659
1066
1630
1286
1529
1399
1307
1498
1152
1566
1107
1504
1051
1695
1237
1461
1382
1207
1522
1057
1582
913
1581
1103
1506
1387
1360
1500
1161
1630
1090
1525
1003
1402
1145
1539
1288
1279
1428
1064
1524
906
1545
1030
1487
1295
1358
1549
1202
1604
1021
1618
974
1508
965
1235
1105
1369
1229
1147
1359
1048
1444
970
1429
1167
1371
1456
1300
1499
1136
1591
1012
1536
956
1322
983
1432
1161
1213
1285
1046
1410
1012
1463
993
1458
1242
1394
1473
1250
1442
1127
1409
1008
1333
972
1033
1108
1247
1250
1035
1371
912
1478
859
1501
969
1467
1214
1331
1335
1127
1301
1052
1298
928
1086
910
926
1154
1109
1318
959
1462
914
1559
860
1522
1069
1429
1307
1280
1329
1105
1364
1024
1269
953
1033
1085
1220
1288
1067
1430
966
1536
1021
1526
1023
1460
1266
1348
1485
1194
1420
1067
1417
1069
1287
1066
1071
1166
1300
1405
1117
1512
1093
1550
1118
1493
1245
1406
1459
1305
1602
1167
1526
1056
1407
1082
1230
1117
949
1264
1158
1356
1039
1434
1025
1469
1003
1424
1221
1364
1457
1271
1479
1167
1447
1072
1338
1061
1152
1070
1223
1304
1133
1406
1070
1500
1100
1529
1119
1475
1380
1388
1623
1246
1559
1079
1592
1088
1473
1032
1198
1121
1332
1346
1136
1452
1076
1517
1121
1477
1212
1377
1473
1235
1712
1079
1588
978
1492
962
1322
1014
957
1198
1159
1361
992
1486
971
1498
993
1417
1218
1299
1487
1180
1591
1010
1450
1017
1339
1008
1002
1087
854
1326
976
1446
905
1486
975
1462
1014
1356
1282
1262
1500
1170
1441
1027
1349
1033
1085
1091
808
1176
1002
1356
910
1444
920
1483
1090
1437
1153
1355
1401
1278
1562
1209
1427
1097
1286
1082
980
1110
782
1227
1026
1402
969
1477
1046
1535
1180
1492
1323
1417
1545
1305
1671
1193
1488
1065
1283
1061
1082
1161
848
1322
1183
1456
1185
1543
1305
1559
1358
1467
1568
1346
1753
1219
1704
1036
1506
998
1283
1072
1088
1157
1120
1353
1174
1457
1181
1495
1301
1465
1335
1350
1535
1227
1668
1115
1467
997
1306
977
1090
1059
835
1125
1053
1351
994
1430
1068
1450
1244
1390
1326
1289
1529
1198
1646
1092
1385
1022
1168
1034
959
1086
698
1153
1005
1360
1005
1429
1150
1470
1323
1420
1447
1352
1625
1256
1644
1151
1363
1053
1119
1063
816
1143
654
1333
1003
1468
1069
1553
1239
1560
1344
1464
1528
1355
1637
1223
1538
1098
1310
1002
1002
1087
821
1185
824
1379
1062
1528
1151
1588
1325
1563
1381
1435
1556
1283
1631
1145
1408
1065
1139
1014
898
1150
738
1236
1010
1504
1050
1582
1173
1591
1385
1498
1441
1357
1618
1221
1672
1121
1406
1069
1186
1042
936
1201
719
1322
1113
1506
1156
1561
1332
1533
1557
1413
1649
1285
1798
1170
1797
1042
1488
1000
1179
1070
854
1136
707
1357
1075
1477
1184
1514
1397
1485
1574
1375
1739
1248
1847
1153
1753
1072
1329
1031
987
1090
778
1202
598
1403
1076
1499
1262
1533
1536
1477
1664
1337
1821
1205
1820
1085
1501
959
1148
959
838
1096
657
1193
871
1443
1084
1536
1286
1527
1514
1442
1572
1272
1684
1129
1601
1021
1192
927
888
994
629
1116
453
1236
859
1496
1003
1552
1231
1509
1502
1390
1538
1225
1622
1118
1520
1061
1075
1049
842
1099
546
1241
427
1385
945
1538
1065
1534
1398
1481
1694
1329
1730
1194
1743
1098
1575
1013
1117
1071
765
1087
575
1272
452
1425
1039
1530
1271
1540
1606
1470
1831
1324
1832
1188
1738
1079
1461
1025
947
1019
639
1115
410
1268
481
1495
1097
1576
1422
1556
1752
1469
1814
1297
1834
1166
1641
1080
1299
1025
803
1117
589
1232
513
1371
682
1573
1377
1587
1706
1533
1953
1366
1921
1200
1810
1079
1534
1026
1072
1028
694
1109
575
1269
629
1387
1178
1584
1519
1580
1794
1484
1971
1356
1812
1185
1645
1093
1378
1066
941
1108
675
1207
602
1329
676
1450
1270
1569
1542
1538
1803
1421
1945
1280
1737
1139
1549
1092
1257
1046
825
1021
571
1128
548
1297
669
1351
1303
1483
1564
1448
1810
1363
1884
1225
1614
1091
1367
1042
1057
1004
583
1034
448
1201
481
1278
670
1422
1357
1510
1641
1484
1870
1384
1851
1222
1529
1136
1255
1046
966
1052
558
1077
528
1218
590
1390
875
1544
1569
1531
1816
1482
1933
1365
1830
1188
1517
1092
1234
1056
998
1002
690
1152
713
1266
794
1389
1053
1540
1637
1512
1909
1428
1941
1299
1720
1172
1426
1086
1186
1064
944
1098
749
1208
745
1358
888
1447
1383
1549
1710
1503
1875
1414
1857
1312
1575
1176
1328
1111
1083
1105
759
1111
624
1239
719
1325
846
1417
1436
1548
1657
1508
1794
1408
1760
1294
1442
1128
1209
1054
968
1053
705
1066
667
1232
763
1306
916
1419
1598
1506
1812
1446
1899
1335
1826
1204
1469
1065
1216
998
984
1078
728
1151
709
1297
849
1380
1023
1489
1682
1525
1774
1440
1837
1340
1716
1194
1339
1081
1094
1073
919
1135
691
1204
690
1368
855
1425
1063
1450
1656
1503
1762
1405
1756
1297
1627
1180
1252
1090
1064
1094
880
1124
692
1243
754
1317
839
1414
1053
1491
1559
1461
1752
1382
1716
1269
1538
1172
1194
1097
1004
1096
889
1143
717
1263
777
1331
935
1496
1127
1570
1614
1522
1803
1409
1718
1314
1549
1213
1186
1120
1017
1101
956
1183
824
1283
910
1427
1119
1468
1287
1570
1758
1508
1759
1385
1724
1238
1556
1109
1219
1054
1100
1087
1093
1143
930
1282
1055
1384
1229
1508
1376
1536
1722
1409
1805
1289
1700
1162
1511
1054
1176
1020
1070
1064
1045
1183
920
1256
999
1367
1138
1438
1322
1455
1613
1336
1645
1237
1542
1153
1379
1036
1084
1041
979
1116
950
1184
822
1336
983
1410
1057
1407
1302
1489
1602
1365
1637
1261
1554
1156
1361
1071
1061
1059
965
1132
905
1160
830
1305
860
1418
1051
1450
1472
1424
1526
1347
1595
1235
1489
1126
1337
1037
1048
1039
955
1127
876
1239
780
1366
927
1403
1033
1423
1565
1440
1558
1357
1595
1242
1463
1141
1318
1076
1024
1106
931
1196
868
1322
830
1409
884
1517
1083
1507
1543
1435
1565
1327
1610
1226
1503
1138
1365
1082
1077
1114
1002
1224
864
1312
872
1445
1059
1479
1178
1436
1547
1411
1699
1327
1718
1230
1614
1156
1445
1098
1153
1140
1094
1249
946
1317
954
1454
1148
1451
1226
1406
1546
1394
1699
1297
1710
1195
1573
1110
1401
1066
1119
1103
995
1209
900
1316
915
1391
1028
1419
1161
1358
1420
1336
1628
1225
1549
1161
1503
1076
1331
1042
1056
1088
955
1229
801
1285
819
1418
1005
1392
1097
1316
1380
1296
1565
1192
1570
1109
1423
1057
1197
1076
963
1111
858
1242
788
1360
851
1436
1038
1409
1165
1368
1478
1307
1634
1236
1614
1149
1446
1107
1262
1115
958
1174
920
1303
882
1395
986
1466
1182
1433
1314
1382
1598
1332
1664
1240
1603
1172
1376
1128
1216
1140
939
1209
937
1347
869
1399
1024
1461
1185
1494
1326
1411
1575
1345
1604
1234
1486
1148
1339
1101
1155
1130
897
1192
902
1314
902
1428
1044
1431
1167
1432
1338
1347
1502
1264
1567
1159
1504
1080
1313
1057
1135
1098
886
1198
923
1319
1002
1377
1101
1385
1237
1399
1421
1323
1557
1225
1596
1144
1495
1092
1345
1080
1171
1131
948
1231
982
1356
1057
1408
1136
1447
1373
1376
1421
1356
1598
1234
1561
1156
1435
1106
1234
1103
1091
1152
910
1236
984
1367
1152
1410
1188
1467
1386
1426
1423
1337
1588
1238
1486
1155
1366
1104
1184
1090
1058
1146
922
1239
1001
1384
1179
1420
1218
1434
1358
1392
1359
1361
1450
1232
1385
1151
1307
1098
1110
1108
997
1186
915
1267
966
1410
1146
1474
1200
1496
1320
1457
1367
1362
1420
1246
1335
1152
1213
1137
1073
1137
991
1219
972
1317
1014
1456
1238
1508
1283
1481
1461
1430
1487
1304
1438
1228
1355
1146
1197
1087
1093
1121
1053
1196
1104
1290
1140
1402
1354
1463
1409
1441
1511
1418
1481
1327
1403
1219
1287
1128
1154
1107
1095
1124
1093
1229
1174
1323
1212
1426
1442
1506
1450
1451
1494
1404
1432
1256
1406
1172
1160
1102
1116
1065
1096
1090
1132
1179
1222
1311
1254
1409
1462
1490
1450
1469
1459
1391
1393
1281
1274
1184
1168
1108
1024
1087
1130
1120
1172
1224
1316
1343
1373
1438
1558
1495
1583
1458
1507
1387
1439
1287
1380
1150
1139
1076
1071
1070
1162
1116
1192
1187
1335
1331
1440
1418
1567
1475
1603
1439
1457
1323
1244
1235
1152
1134
919
1068
892
1027
962
1119
1091
1216
1283
1345
1392
1428
1480
1486
1530
1438
1325
1348
1091
1297
856
1118
793
1093
874
1076
984
1134
1198
1215
1378
1374
1519
1456
1557
1515
1555
1483
1248
1397
1073
1237
931
1156
857
1057
984
1056
1148
1115
1355
1232
1516
1349
1598
1450
1580
1479
1536
1465
1204
1345
1014
1207
838
1120
793
1081
968
1073
1137
1148
1349
1275
1431
1403
1681
1528
1573
1528
1512
1509
1251
1416
1017
1300
856
1193
940
1099
967
1110
1158
1189
1439
1283
1644
1430
1738
1503
1640
1514
1507
1495
1199
1399
1018
1269
874
1178
966
1089
992
1105
1266
1151
1503
1272
1693
1409
1746
1459
1624
1473
1415
1440
1230
1349
960
1229
796
1129
845
1023
1023
1055
1271
1116
1512
1219
1678
1332
1685
1412
1560
1453
1316
1408
1167
1333
861
1224
821
1076
824
1072
1042
1050
1243
1124
1507
1238
1562
1345
1546
1443
1462
1439
1231
1436
1069
1361
845
1242
843
1138
911
1071
1069
1083
1263
1143
1461
1234
1555
1338
1545
1426
1440
1458
1232
1413
1096
1348
890
1244
929
1136
985
1067
1139
1078
1344
1131
1481
1212
1501
1335
1511
1425
1412
1459
1264
1433
1087
1399
970
1278
1003
1198
1069
1131
1273
1108
1388
1142
1478
1230
1517
1336
1495
1424
1404
1498
1261
1489
1120
1426
1129
1300
1086
1217
1175
1136
1253
1119
1379
1145
1424
1203
1462
1332
1435
1425
1330
1472
1222
1467
1093
1403
1096
1296
1076
1180
1150
1123
1142
1087
1277
1110
1284
1200
1313
1286
1245
1392
1202
1462
1142
1451
1091
1385
1061
1305
1035
1194
1168
1115
1208
1086
1291
1119
1326
1189
1320
1276
1256
1393
1230
1427
1170
1457
1150
1419
1145
1334
1251
1210
1191
1153
1275
1104
1312
1105
1256
1161
1210
1245
1182
1380
1102
1398
1203
1450
1208
1409
1266
1312
1359
1222
1368
1138
1437
1054
1240
1069
1257
1139
1148
1237
1178
1331
1207
1416
1246
1443
1313
1428
1324
1350
1427
1238
1393
1148
1339
1076
1205
1084
1110
1127
991
1253
983
1318
1099
1414
1176
1459
1270
1440
1366
1354
1420
1264
1326
1168
1288
1127
1161
1119
1084
1134
998
1223
1042
1308
1116
1418
1247
1445
1407
1438
1456
1434
1552
1300
1496
1216
1372
1148
1247
1124
1084
1141
1007
1201
993
1298
1038
1389
1221
1441
1395
1434
1514
1364
1551
1299
1497
1228
1266
1143
1131
1101
952
1126
905
1169
874
1267
1007
1357
1202
1421
1407
1421
1548
1381
1567
1318
1486
1231
1316
1160
1097
1106
907
1102
834
1154
874
1236
1026
1313
1275
1375
1489
1370
1629
1358
1647
1297
1543
1231
1328
1164
1166
1092
936
1094
886
1125
950
1190
1063
1279
1195
1372
1481
1365
1641
1364
1658
1319
1598
1254
1389
1201
1176
1146
974
1124
856
1118
845
1198
961
1285
1173
1360
1401
1402
1548
1415
1613
1394
1518
1350
1306
1303
1085
1221
883
1185
784
1178
832
1229
936
1296
1176
1368
1464
1407
1593
1437
1655
1435
1575
1390
1387
1322
1154
1248
967
1195
973
1201
826
1239
1064
1236
1217
1309
1463
1357
1611
1388
1652
1399
1584
1387
1392
1319
1191
1258
1018
1200
916
1166
907
1159
944
1175
1161
1262
1398
1320
1549
1368
1605
1401
1567
1384
1432
1332
1235
1229
1065
1193
949
1129
931
1150
1014
1155
1204
1199
1390
1274
1575
1347
1656
1387
1601
1393
1530
1356
1295
1300
1122
1204
1000
1146
992
1115
1068
1127
1210
1162
1419
1253
1681
1327
1618
1387
1606
1416
1488
1392
1333
1327
1172
1229
965
1168
988
1127
1021
1129
1214
1152
1348
1232
1463
1297
1547
1388
1472
1434
1370
1425
1170
1375
1066
1279
994
1198
961
1138
1041
1121
1081
1173
1255
1226
1375
1319
1432
1406
1406
1461
1370
1480
1246
1402
1127
1313
1053
1187
1024
1133
1030
1095
1153
1110
1258
1176
1383
1269
1460
1370
1523
1473
1392
1455
1313
1401
1198
1323
1113
1213
1101
1122
1136
1085
1230
1068
1342
1134
1325
1265
1422
1362
1399
1444
1348
1469
1242
1440
1145
1356
1031
1255
1139
1158
1160
1110
1220
1100
1318
1160
1334
1255
1339
1357
1297
1455
1277
1497
1156
1465
1168
1380
1140
1277
1195
1169
1210
1109
1254
1037
1272
1140
1318
1227
1290
1335
1275
1448
1227
1498
1221
1472
1179
1401
1192
1292
1215
1182
1239
1110
1257
1100
1323
1125
1350
1212
1265
1274
1183
1438
1296
1473
1221
1475
1194
1408
1200
1294
1236
1195
1303
1090
1356
1098
1378
1109
1394
1184
1367
1284
1280
1379
1230
1450
1174
1435
1221
1410
1183
1304
1229
1203
1300
1130
1320
1104
1361
1114
1353
1181
1296
1258
1182
1366
1169
1455
1140
1471
1121
1437
1169
1350
1233
1259
1320
1182
1395
1135
1387
1158
1347
1201
1272
1283
1240
1374
1186
1444
1159
1499
1155
1459
1128
1401
1240
1302
1307
1229
1347
1188
1375
1166
1254
1214
1335
1260
1293
1329
1231
1396
1189
1433
1159
1416
1180
1371
1224
1292
1277
1226
1371
1170
1376
1145
1446
1159
1420
1209
1386
1273
1306
1327
1261
1378
1257
1382
1226
1355
1251
1293
1331
1220
1395
1159
1467
1134
1488
1157
1467
1168
1366
1227
1320
1287
1238
1350
1169
1367
1159
1362
1287
1283
1182
1270
1231
1217
1312
1166
1330
1159
1292
1175
1261
1199
1210
1276
1129
1328
1123
1367
1060
1384
1054
1346
1044
1295
1165
1230
1205
1209
1269
1169
1265
1164
1279
1189
1288
1245
1261
1299
1181
1344
1130
1371
1125
1370
1078
1338
1133
1287
1224
1256
1296
1184
1344
1199
1379
1203
1387
1235
1337
1287
1297
1347
1238
1371
1191
1388
1143
1367
1159
1300
1261
1276
1283
1218
1345
1192
1398
1180
1422
1212
1410
1264
1466
1267
1333
1372
1205
1385
1152
1376
1139
1340
1129
1297
1166
1225
1254
1186
1288
1187
1363
1210
1394
1241
1378
1297
1316
1349
1257
1382
1150
1405
1085
1372
1022
1325
1074
1275
1153
1229
1277
1174
1393
1177
1471
1196
1482
1251
1437
1295
1340
1344
1224
1365
1122
1364
1072
1315
1091
1290
1177
1216
1326
1172
1430
1151
1516
1172
1521
1224
1493
1273
1354
1320
1269
1375
1171
1379
1090
1356
1065
1318
1100
1268
1199
1210
1195
1174
1447
1173
1489
1213
1454
1257
1461
1313
1292
1369
1188
1387
1081
1394
1055
1342
990
1313
1075
1241
1216
1197
1371
1177
1473
1180
1532
1221
1478
1260
1403
1331
1261
1383
1101
1394
1018
1361
982
1306
1031
1250
1159
1179
1326
1149
1454
1131
1507
1169
1518
1214
1408
1282
1270
1346
1131
1387
1038
1390
938
1345
972
1274
1101
1213
1166
1149
1329
1122
1398
1145
1390
1189
1431
1244
1305
1330
1182
1381
1059
1403
987
1377
890
1327
987
1253
1120
1185
1268
1139
1363
1127
1454
1146
1505
1199
1460
1277
1326
1343
1257
1396
1141
1407
1084
1363
1051
1293
1107
1205
1207
1152
1359
1112
1485
1117
1519
1177
1531
1236
1467
1330
1325
1404
1198
1426
1091
1427
1032
1371
1068
1283
1142
1200
1237
1148
1352
1131
1500
1112
1510
1261
1494
1332
1418
1419
1297
1469
1172
1478
1077
1432
1056
1351
1045
1252
1080
1183
1201
1115
1293
1126
1442
1172
1484
1249
1467
1354
1355
1442
1274
1466
1112
1459
995
1390
953
1288
973
1184
1052
1103
1184
1088
1366
1105
1479
1176
1502
1293
1422
1359
1320
1468
1181
1465
992
1431
973
1341
982
1215
1067
1114
1206
1057
1322
1070
1469
1148
1547
1233
1539
1341
1474
1437
1355
1466
1193
1448
1069
1364
1051
1237
1032
1126
1109
1071
1277
1026
1334
1081
1481
1173
1562
1274
1529
1378
1419
1468
1251
1471
1119
1414
1002
1316
884
1218
972
1103
1079
1056
1245
1066
1405
1131
1564
1246
1519
1360
1419
1464
1287
1500
1136
1494
1050
1414
929
1285
888
1189
1069
1096
1206
1059
1334
1095
1466
1186
1417
1333
1532
1422
1454
1525
1213
1533
1150
1475
1024
1377
1011
1249
1060
1139
1160
1083
1286
1057
1410
1140
1512
1243
1485
1350
1471
1443
1372
1491
1247
1474
1001
1406
1086
1310
1056
1175
1163
1080
1214
1072
1323
1074
1401
1130
1507
1248
1511
1358
1400
1436
1306
1479
1169
1448
1069
1373
965
1262
1006
1156
1088
1075
1197
1038
1290
1099
1371
1193
1389
1299
1352
1423
1227
1506
1142
1512
1062
1453
993
1349
1013
1228
1045
1118
1153
1085
1221
1073
1321
1129
1387
1223
1387
1328
1349
1405
1312
1445
1247
1439
1140
1384
1121
1270
1117
1165
1147
1084
1343
1010
1278
1095
1415
1136
1432
1265
1463
1374
1431
1461
1328
1502
1215
1488
1117
1413
1104
1325
1130
1197
1173
1113
1263
1101
1373
1126
1436
1226
1439
1336
1306
1467
1259
1519
1191
1536
1136
1480
1099
1377
1119
1256
1204
1126
1255
1077
1337
1091
1375
1145
1452
1235
1420
1350
1361
1441
1335
1470
1233
1490
1140
1378
1131
1264
1193
1150
1212
1067
1287
1022
1366
1059
1426
1138
1446
1253
1376
1350
1270
1433
1175
1464
1090
1437
1077
1362
1082
1253
1136
1137
1218
1076
1327
1067
1408
1104
1429
1191
1385
1302
1323
1391
1204
1469
1094
1491
1064
1423
1061
1341
1135
1225
1209
1128
1386
1068
1475
1104
1441
1151
1450
1248
1384
1373
1225
1458
1154
1496
1073
1478
1102
1400
1109
1307
1184
1204
1302
1129
1393
1116
1491
1183
1516
1225
1562
1310
1394
1451
1299
1500
1187
1515
1143
1483
1144
1411
1201
1308
1258
1210
1402
1142
1524
1122
1569
1151
1571
1222
1468
1310
1570
1343
1144
1460
1070
1455
1001
1418
1004
1321
1075
1211
1229
1125
1348
1077
1487
1069
1528
1121
1475
1236
1376
1338
1215
1415
1057
1447
940
1422
872
1360
956
1263
1087
1167
1237
1099
1376
1087
1481
1106
1508
1188
1450
1288
1278
1381
1112
1424
943
1436
848
1426
763
1357
892
1260
1117
1160
1280
1122
1498
1093
1590
1146
1556
1209
1447
1311
1267
1393
1032
1426
911
1433
776
1386
891
1311
1053
1216
1294
1160
1472
1105
1602
1118
1682
1169
1548
1275
1378
1374
1176
1442
956
1462
852
1442
861
1358
1003
1271
1194
1183
1415
1131
1605
1128
1706
1167
1647
1261
1553
1376
1305
1426
1110
1452
936
1449
868
1398
910
1317
1095
1236
1307
1176
1518
1130
1676
1142
1701
1194
1603
1272
1403
1343
1181
1389
1045
1420
867
1406
830
1342
978
1260
1133
1195
1360
1134
1529
1104
1582
1149
1546
1180
1353
1263
1190
1337
980
1381
783
1381
793
1346
974
1257
1024
1224
1218
1132
1427
1107
1489
1091
1478
1168
1392
1262
1251
1326
1071
1381
928
1399
866
1378
901
1321
1022
1259
1335
1215
1330
1163
1438
1161
1514
1176
1472
1225
1376
1285
1231
1331
1096
1363
1013
1356
1030
1327
1082
1286
1206
1237
1324
1195
1451
1161
1491
1169
1473
1176
1417
1214
1307
1241
1161
1313
1036
1344
1039
1337
1063
1310
1143
1282
1261
1223
1324
1188
1357
1173
1403
1179
1342
1208
1256
1260
1163
1294
1094
1347
982
1341
1036
1317
1136
1283
1158
1268
1233
1249
1295
1215
1323
1225
1299
1234
1287
1251
1207
1286
1112
1309
1066
1319
1038
1300
1181
1297
1074
1289
1184
1264
1279
1257
1371
1245
1397
1246
1374
1241
1317
1271
1234
1265
1112
1283
1098
1298
1105
1307
1107
1309
1169
1300
1220
1281
1407
1271
1438
1263
1451
1250
1418
1252
1307
1262
1211
1285
1089
1303
1102
1312
1031
1310
1039
1311
1142
1307
1218
1289
1344
1278
1390
1279
1433
1248
1344
1256
1308
1234
1195
1246
1024
1251
989
1247
946
1261
1029
1238
1155
1270
1333
1289
1477
1261
1525
1257
1548
1247
1462
1234
1329
1229
1106
1208
924
1251
873
1278
892
1291
987
1308
1160
1302
1357
1285
1489
1267
1592
1241
1556
1231
1471
1234
1291
1205
1110
1262
994
1278
963
1299
911
1313
1097
1299
1320
1301
1497
1283
1665
1299
1725
1278
1692
1251
1585
1282
1338
1297
1188
1314
1027
1324
978
1322
1068
1332
1247
1327
1463
1347
1595
1328
1716
1317
1793
1316
1738
1315
1596
1318
1367
1344
1179
1341
1046
1339
1004
1355
1052
1350
1216
1331
1440
1311
1618
1301
1630
1269
1662
1297
1613
1293
1387
1305
1149
1319
1024
1327
898
1331
847
1293
914
1289
1131
1250
1198
1240
1373
1222
1465
1227
1472
1222
1367
1254
1290
1288
1060
1304
917
1305
875
1300
864
1275
959
1252
1110
1233
1276
1233
1378
1240
1531
1253
1475
1269
1450
1289
1338
1309
1159
1342
1081
1319
987
1308
1088
1286
1143
1268
1267
1268
1411
1249
1472
1259
1551
1241
1539
1284
1440
1316
1346
1345
1249
1349
1161
1353
1123
1349
1078
1304
1236
1250
1265
1243
1320
1234
1409
1245
1434
1257
1438
1294
1359
1324
1290
1342
1207
1346
1124
1313
1095
1287
1054
1256
1090
1224
1125
1229
1128
1226
1263
1225
1316
1249
1279
1276
1277
1278
1212
1286
1137
1293
1068
1249
1064
1255
1027
1236
1001
1228
1082
1212
1154
1217
1221
1221
1254
1237
1206
1253
1222
1283
1177
1289
1163
1292
1072
1287
1063
1265
1069
1242
1083
1237
1141
1212
1229
1228
1282
1241
1318
1267
1288
1293
1316
1289
1290
1314
1235
1312
1219
1285
1185
1286
1184
1253
1225
1272
1242
1266
1383
1258
1414
1269
1430
1272
1415
1285
1343
1302
1288
1292
1182
1277
1138
1281
1112
1276
1153
1275
1228
1253
1327
1245
1366
1237
1360
1209
1360
1232
1304
1214
1173
1246
1100
1245
1045
1257
1063
1244
1075
1257
1230
1248
1267
1230
1332
1193
1396
1206
1369
1218
1305
1231
1233
1237
1110
1233
1096
1259
1062
1256
1115
1258
1138
1272
1253
1248
1262
1235
1393
1238
1439
1241
1404
1244
1320
1265
1204
1277
1117
1281
1078
1299
1045
1313
1113
1320
1200
1321
1283
1343
1399
1313
1423
1310
1435
1312
1330
1302
1267
1315
1138
1325
1052
1345
1048
1344
1070
1342
1114
1331
1199
1315
1272
1281
1343
1266
1336
1264
1302
1259
1279
1268
1259
1244
1092
1300
1067
1316
1090
1310
1153
1301
1143
1282
1185
1256
1243
1251
1302
1260
1301
1260
1339
1281
1317
1307
1297
1313
1254
1325
1279
1311
1213
1322
1198
1297
1172
1277
1238
1264
1260
1250
1317
1251
1361
1252
1417
1279
1393
1274
1383
1303
1299
1288
1280
1306
1252
1289
1355
1282
1202
1248
1228
1239
1290
1236
1318
1226
1362
1238
1377
1266
1371
1283
1349
1324
1372
1330
1247
1338
1224
1290
1184
1273
1119
1240
1075
1233
1103
1243
1094
1256
1338
1268
1364
1291
1394
1340
1330
1302
1278
1328
1127
1315
1085
1291
1022
1257
1009
1234
1042
1223
1149
1221
1263
1249
1214
1251
1394
1276
1369
1301
1270
1309
1196
1303
1129
1297
1050
1277
1052
1243
1079
1220
1192
1210
1198
1213
1325
1224
1359
1254
1398
1277
1437
1294
1289
1356
1270
1318
1185
1300
1151
1266
1134
1244
1156
1215
1193
1208
1285
1224
1395
1248
1419
1296
1465
1310
1456
1328
1366
1319
1279
1301
1223
1286
1098
1250
1069
1240
1064
1188
1130
1231
1208
1251
1294
1275
1350
1311
1371
1306
1342
1304
1280
1320
1196
1320
1127
1302
1094
1274
1095
1245
1082
1233
1109
1237
1173
1237
1225
1239
1264
1283
1325
1280
1372
1320
1346
1326
1339
1314
1315
1286
1230
1255
1173
1226
1132
1228
1016
1213
1096
1238
1219
1257
1297
1280
1389
1303
1448
1311
1460
1313
1349
1280
1308
1272
1189
1254
1091
1244
1004
1233
1014
1235
1047
1260
1177
1261
1274
1257
1351
1279
1457
1305
1457
1301
1433
1298
1352
1292
1236
1254
1155
1262
1066
1250
1006
1241
1065
1240
1130
1252
1239
1279
1246
1306
1484
1318
1512
1325
1478
1312
1408
1288
1258
1269
1137
1277
1015
1233
971
1233
1012
1250
1148
1264
1299
1287
1412
1326
1565
1316
1512
1310
1467
1310
1329
1295
1232
1275
1135
1277
1083
1253
1092
1270
1141
1281
1206
1293
1334
1297
1381
1308
1423
1317
1437
1312
1427
1300
1270
1298
1217
1276
1161
1270
1104
1267
1123
1262
1173
1274
1273
1273
1313
1298
1354
1299
1364
1289
1340
1291
1322
1264
1241
1241
1185
1234
1082
1233
1128
1249
1104
1269
1088
1279
1226
1295
1273
1302
1301
1289
1288
1271
1194
1254
1145
1217
1112
1235
1037
1235
1032
1225
961
1258
1132
1276
1196
1293
1273
1287
1312
1281
1304
1268
1281
1285
1242
1250
1189
1247
1171
1246
1114
1258
1144
1262
1169
1299
1284
1305
1359
1331
1370
1341
1429
1341
1425
1327
1407
1310
1360
1281
1288
1281
1170
1278
1125
1283
1112
1287
1147
1301
1214
1318
1317
1321
1490
1317
1495
1324
1472
1308
1481
1279
1353
1264
1219
1254
1109
1250
1023
1256
983
1278
1091
1287
1195
1285
1272
1306
1402
1280
1420
1294
1426
1288
1329
1278
1294
1266
1177
1253
1103
1247
1070
1230
1044
1252
1084
1233
1193
1265
1275
1268
1412
1274
1451
1284
1449
1287
1406
1288
1327
1269
1232
1283
1118
1237
1096
1220
1045
1219
1097
1224
1153
1229
1282
1243
1335
1262
1361
1281
1398
1275
1348
1269
1287
1267
1184
1248
1114
1260
1045
1265
1059
1249
1070
1256
1136
1258
1182
1262
1246
1266
1257
1274
1257
1261
1244
1268
1207
1278
1183
1274
1179
1277
1134
1269
1162
1284
1162
1259
1186
1270
1189
1260
1228
1237
1237
1264
1269
1259
1285
1271
1294
1269
1301
1264
1300
1260
1264
1250
1236
1254
1246
1242
1221
1219
1258
1240
1207
1236
1232
1238
1288
1249
1250
1259
1276
1268
1296
1290
1285
1290
1273
1282
1310
1284
1305
1282
1278
1258
1247
1257
1217
1268
1174
1259
1206
1263
1184
1293
1184
1318
1232
1329
1301
1342
1326
1343
1349
1300
1307
1303
1259
1283
1201
1264
1158
1256
1101
1259
1093
1274
1077
1282
1073
1299
1177
1280
1267
1311
1356
1308
1412
1283
1444
1267
1430
1259
1364
1248
1277
1255
1163
1256
1038
1275
1016
1290
1067
1302
1170
1305
1309
1309
1431
1304
1574
1278
1665
1274
1592
1257
1546
1250
1299
1244
1138
1261
989
1269
900
1287
1001
1303
1099
1329
1272
1319
1466
1306
1717
1233
1606
1282
1580
1246
1381
1238
1231
1229
983
1248
870
1261
787
1278
840
1289
959
1297
1163
1298
1387
1295
1531
1277
1575
1263
1537
1230
1465
1257
1208
1252
975
1254
835
1276
761
1276
803
1295
949
1301
1148
1322
1381
1305
1531
1295
1584
1279
1554
1261
1432
1258
1247
1283
1043
1242
953
1302
877
1276
902
1309
1087
1320
1220
1317
1383
1300
1532
1277
1543
1258
1579
1260
1488
1216
1288
1223
1198
1235
1096
1253
1036
1285
1112
1302
1157
1308
1264
1303
1346
1285
1438
1262
1468
1235
1455
1212
1385
1193
1333
1218
1211
1236
1154
1262
1098
1281
1089
1292
1089
1316
1220
1292
1258
1295
1299
1260
1338
1242
1354
1231
1312
1224
1264
1226
1194
1242
1206
1253
1030
1275
1108
1294
1138
1294
1186
1293
1152
1293
1347
1265
1306
1228
1297
1211
1261
1211
1183
1228
1176
1237
1135
1268
1149
1322
1183
1291
1164
1296
1194
1271
1267
1270
1293
1250
1326
1243
1290
1256
1206
1265
1196
1276
1155
1296
1136
1298
1112
1300
1160
1293
1220
1305
1304
1272
1349
1285
1380
1289
1361
1294
1306
1302
1070
1325
1102
1306
1070
1302
1079
1290
1087
1274
1184
1286
1260
1280
1375
1278
1429
1265
1418
1268
1360
1269
1306
1275
1201
1276
1162
1302
1188
1277
1099
1282
1132
1279
1230
1273
1342
1270
1437
1266
1502
1263
1497
1297
1442
1286
1341
1298
1240
1306
1140
1322
1083
1322
1111
1321
1165
1316
1267
1312
1448
1285
1504
1316
1488
1316
1446
1299
1413
1300
1284
1294
1181
1271
1105
1296
1072
1287
1128
1309
1141
1303
1245
1309
1356
1303
1406
1285
1349
1286
1412
1250
1335
1222
1273
1238
1212
1238
1156
1251
1143
1265
1152
1285
1234
1299
1265
1297
1303
1280
1344
1265
1370
1252
1421
1235
1323
1239
1273
1248
1245
1258
1150
1283
1121
1296
1123
1313
1151
1315
1193
1316
1245
1299
1265
1284
1289
1271
1286
1257
1258
1256
1274
1265
1114
1276
1122
1280
1110
1292
1121
1302
1169
1309
1195
1300
1293
1274
1274
1273
1279
1255
1299
1242
1230
1225
1226
1256
1154
1250
1131
1255
1108
1281
1100
1287
1065
1288
1194
1270
1203
1266
1267
1246
1295
1243
1265
1253
1322
1264
1270
1271
1219
1285
1188
1291
1193
1282
1180
1288
1184
1255
1247
1252
1337
1253
1356
1254
1392
1248
1388
1266
1378
1271
1317
1277
1294
1252
1247
1272
1204
1270
1180
1277
1244
1292
1255
1292
1338
1294
1338
1294
1365
1303
1370
1289
1345
1295
1301
1289
1251
1294
1223
1288
1180
1292
1169
1294
1196
1289
1233
1282
1199
1286
1225
1280
1245
1304
1243
1293
1285
1290
1277
1289
1271
1273
1285
1243
1243
1267
1203
1248
1182
1249
1183
1249
1161
1261
1151
1263
1118
1285
1213
1284
1215
1229
1229
1262
1298
1253
1306
1251
1317
1267
1294
1254
1297
1270
1200
1287
1198
1282
1128
1259
1117
1271
1211
1244
1190
1246
1210
1244
1283
1246
1350
1264
1382
1271
1396
1291
1352
1294
1297
1292
1215
1288
1171
1270
1115
1281
1092
1275
1147
1279
1159
1301
1066
1323
1356
1300
1377
1294
1378
1295
1352
1285
1304
1271
1246
1276
1192
1291
1139
1251
1122
1273
1126
1276
1164
1279
1213
1270
1338
1284
1251
1291
1362
1292
1350
1282
1329
1283
1290
1281
1216
1273
1178
1289
1182
1272
1141
1277
1178
1285
1227
1256
1264
1303
1364
1301
1337
1286
1309
1290
1352
1255
1320
1269
1307
1251
1248
1266
1196
1283
1212
1291
1208
1295
1258
1275
1262
1266
1303
1250
1307
1216
1324
1227
1298
1247
1259
1265
1216
1290
1150
1307
1145
1325
1133
1308
1190
1289
1192
1302
1248
1271
1246
1246
1287
1243
1265
1253
1218
1271
1153
1285
1103
1304
999
1313
1148
1317
1106
1291
1182
1275
1211
1263
1276
1264
1339
1255
1306
1250
1295
1253
1210
1260
1166
1265
1102
1269
1064
1279
1100
1280
1143
1273
1211
1280
1360
1262
1391
1270
1403
1255
1402
1245
1338
1256
1207
1264
1135
1253
1084
1290
1021
1306
1080
1287
1126
1273
1230
1263
1303
1253
1295
1282
1483
1272
1416
1266
1371
1270
1255
1307
1172
1283
1150
1288
1110
1261
1146
1256
1201
1238
1244
1265
1338
1277
1366
1274
1415
1292
1330
1285
1351
1282
1271
1266
1225
1265
1141
1258
1106
1243
1104
1257
1143
1267
1196
1251
1255
1266
1314
1264
1351
1266
1359
1256
1335
1265
1291
1291
1331
1298
1200
1298
1150
1303
1140
1305
1177
1296
1196
1288
1241
1269
1293
1276
1361
1274
1374
1270
1329
1284
1295
1296
1261
1299
1166
1301
1199
1299
1170
1301
1161
1317
1222
1297
1207
1293
1245
1288
1300
1282
1323
1273
1405
1272
1356
1277
1297
1290
1294
1301
1265
1316
1235
1327
1161
1328
1291
1295
1186
1296
1256
1262
1301
1250
1338
1242
1350
1247
1321
1226
1310
1274
1331
1289
1236
1286
1202
1285
1185
1273
1205
1255
1232
1235
1182
1224
1265
1223
1291
1225
1229
1250
1232
1257
1223
1259
1203
1265
1201
1269
1210
1294
1226
1270
1211
1277
1193
1281
1242
1260
1237
1266
1244
1262
1332
1220
1252
1261
1194
1263
1196
1271
1211
1275
1210
1289
1232
1272
1250
1289
1255
1282
1258
1275
1249
1270
1211
1274
1172
1283
1149
1287
1129
1320
1132
1301
1160
1290
1207
1293
1238
1279
1297
1265
1323
1266
1290
1273
1261
1291
1220
1282
1182
1296
1150
1295
1172
1270
1194
1256
1235
1238
1288
1232
1317
1244
1319
1250
1309
1255
1281
1265
1242
1263
1209
1253
1192
1245
1189
1240
1200
1216
1218
1238
1223
1245
1202
1260
1204
1263
1205
1257
1200
1265
1189
1255
1181
1275
1171
1244
1171
1261
1165
1273
1181
1273
1196
1273
1199
1269
1196
1281
1204
1248
1226
1263
1217
1267
1215
1280
1245
1291
1239
1290
1274
1301
1304
1291
1327
1284
1339
1273
1327
1265
1320
1266
1296
1269
1292
1236
1295
1288
1302
1287
1326
1288
1365
1293
1352
1274
1371
1270
1360
1270
1310
1302
1224
1289
1208
1293
1177
1290
1174
1275
1190
1277
1245
1270
1283
1269
1294
1258
1315
1267
1318
1276
1262
1269
1212
1293
1158
1240
1148
1264
1134
1258
1156
1248
1199
1266
1242
1246
1282
1279
1292
1292
1294
1318
1274
1288
1241
1286
1193
1276
1195
1262
1182
1247
1202
1268
1235
1266
1278
1297
1302
1285
1320
1283
1352
1278
1320
1277
1285
1278
1268
1272
1238
1284
1215
1309
1221
1288
1227
1285
1265
1278
1282
1266
1294
1259
1287
1262
1277
1263
1253
1275
1219
1273
1188
1272
1196
1264
1190
1259
1211
1249
1258
1242
1249
1244
1225
1243
1225
1223
1183
1276
1143
1280
1148
1268
1157
1267
1162
1245
1187
1242
1216
1240
1225
1257
1229
1265
1247
1284
1208
1299
1174
1310
1185
1291
1181
1282
1185
1273
1221
1260
1233
1258
1249
1267
1235
1272
1255
1278
1238
1299
1246
1277
1251
1283
1242
1301
1245
1295
1257
1283
1270
1288
1299
1285
1294
1277
1278
1276
1281
1268
1259
1264
1238
1272
1223
1273
1224
1278
1212
1309
1240
1298
1302
1282
1292
1280
1310
1273
1297
1259
1277
1252
1226
1255
1187
1260
1170
1274
1143
1281
1154
1286
1192
1284
1242
1277
1290
1251
1329
1250
1335
1253
1275
1250
1264
1246
1213
1261
1170
1203
1140
1254
1151
1251
1188
1253
1234
1259
1273
1260
1286
1292
1325
1292
1319
1292
1298
1309
1243
1298
1207
1258
1197
1274
1183
1271
1172
1273
1228
1281
1261
1285
1293
1299
1313
1305
1323
1313
1315
1309
1302
1294
1270
1287
1252
1268
1246
1283
1250
1280
1248
1279
1270
1277
1272
1266
1294
1265
1308
1271
1306
1263
1288
1268
1259
1292
1258
1277
1254
1275
1264
1279
1283
1265
1311
1258
1304
1260
1300
1244
1293
1264
1262
1274
1239
1286
1237
1287
1219
1288
1278
1281
1292
1272
1319
1281
1334
1267
1322
1271
1305
1289
1246
1306
1231
1301
1224
1299
1200
1280
1211
1284
1236
1244
1258
1248
1266
1241
1277
1247
1260
1260
1194
1272
1183
1275
1157
1279
1146
1243
1152
1267
1166
1285
1189
1269
1229
1248
1254
1265
1260
1272
1258
1261
1257
1261
1223
1299
1193
1280
1166
1290
1158
1304
1152
1300
1182
1296
1229
1291
1259
1274
1297
1276
1313
1271
1305
1277
1248
1290
1222
1294
1181
1314
1148
1330
1164
1310
1189
1328
1220
1296
1281
1277
1335
1266
1331
1260
1350
1269
1333
1279
1295
1293
1264
1283
1251
1300
1239
1299
1246
1291
1272
1278
1258
1275
1296
1275
1309
1268
1319
1276
1315
1256
1307
1261
1309
1262
1277
1256
1278
1229
1256
1247
1252
1244
1235
1249
1242
1270
1247
1248
1246
1254
1282
1247
1298
1265
1297
1247
1298
1249
1286
1255
1264
1249
1240
1242
1227
1236
1213
1242
1184
1233
1204
1250
1213
1267
1240
1270
1247
1290
1252
1318
1271
1310
1268
1302
1278
1291
1278
1280
1246
1271
1229
1283
1195
1281
1179
1313
1190
1331
1213
1343
1245
1346
1283
1334
1315
1325
1326
1303
1324
1297
1292
1298
1253
1299
1224
1300
1216
1302
1206
1301
1205
1297
1274
1279
1309
1269
1328
1281
1346
1248
1322
1245
1306
1245
1275
1244
1255
1246
1235
1251
1223
1256
1240
1263
1242
1244
1253
1241
1260
1242
1273
1247
1265
1228
1261
1255
1258
1252
1226
1264
1220
1272
1210
1283
1186
1289
1206
1282
1240
1277
1236
1252
1259
1261
1263
1228
1257
1265
1238
1270
1235
1273
1214
1303
1202
1292
1207
1295
1229
1293
1253
1282
1280
1262
1289
1252
1276
1250
1248
1248
1237
1266
1208
1284
1199
1286
1198
1305
1205
1312
1232
1312
1253
1299
1289
1287
1259
1289
1297
1268
1279
1285
1251
1306
1235
1301
1222
1302
1216
1305
1226
1296
1266
1290
1268
1291
1296
1284
1321
1289
1337
1288
1358
1285
1348
1280
1332
1292
1321
1292
1319
1286
1282
1273
1261
1275
1264
1247
1284
1264
1287
1262
1320
1254
1340
1253
1325
1256
1306
1282
1261
1282
1239
1284
1206
1286
1201
1276
1204
1274
1223
1262
1237
1255
1254
1259
1253
1243
1251
1281
1244
1273
1215
1283
1198
1274
1210
1282
1203
1274
1202
1259
1242
1241
1235
1233
1226
1233
1225
1235
1231
1267
1229
1262
1232
1267
1242
1270
1248
1267
1260
1263
1271
1254
1260
1254
1265
1270
1247
1259
1253
1282
1289
1295
1267
1305
1273
1317
1257
1320
1266
1319
1264
1312
1274
1305
1291
1294
1294
1276
1296
1279
1296
1282
1286
1270
1254
1275
1222
1271
1201
1269
1157
1269
1201
1267
1228
1266
1262
1209
1288
1237
1308
1225
1335
1229
1269
1231
1239
1233
1199
1254
1183
1263
1187
1268
1192
1271
1223
1286
1254
1277
1301
1266
1317
1267
1319
1267
1310
1275
1298
1288
1262
1307
1248
1304
1243
1305
1235
1296
1259
1307
1272
1282
1291
1276
1305
1271
1350
1284
1332
1291
1325
1296
1290
1293
1251
1311
1196
1289
1172
1271
1155
1275
1144
1293
1172
1270
1190
1277
1256
1283
1284
1286
1307
1282
1277
1287
1255
1288
1212
1282
1183
1277
1153
1272
1172
1288
1177
1267
1217
1259
1269
1264
1297
1265
1319
1271
1319
1213
1325
1276
1297
1279
1268
1278
1310
1261
1269
1275
1250
1262
1264
1247
1262
1269
1270
1266
1302
1270
1335
1278
1320
1274
1356
1272
1344
1270
1323
1260
1278
1243
1231
1282
1207
1275
1178
1275
1229
1280
1261
1290
1303
1279
1349
1278
1355
1321
1341
1278
1308
1270
1273
1267
1230
1274
1215
1250
1208
1275
1231
1279
1265
1268
1302
1273
1325
1279
1343
1280
1342
1279
1330
1279
1323
1281
1305
1274
1283
1266
1251
1268
1233
1262
1234
1259
1234
1265
1255
1279
1267
1272
1289
1290
1277
1289
1293
1291
1267
1288
1223
1284
1212
1280
1164
1267
1153
1281
1163
1291
1203
1288
1230
1301
1250
1300
1284
1306
1265
1304
1247
1296
1200
1287
1215
1288
1214
1286
1211
1314
1213
1301
1245
1293
1288
1282
1303
1276
1304
1274
1294
1276
1301
1271
1277
1272
1264
1291
1264
1264
1262
1263
1219
1252
1264
1256
1262
1254
1271
1257
1282
1263
1292
1275
1308
1279
1292
1265
1309
1255
1329
1256
1287
1222
1280
1247
1249
1253
1250
1278
1264
1283
1252
1294
1281
1295
1292
1292
1284
1277
1281
1272
1273
1256
1270
1252
1263
1253
1263
1267
1268
1276
1278
1285
1247
1294
1275
1284
1257
1291
1229
1307
1230
1276
1227
1273
1237
1279
1255
1265
1272
1263
1276
1271
1270
1276
1257
1288
1233
1291
1206
1283
1211
1293
1225
1289
1232
1284
1258
1264
1272
1245
1278
1259
1267
1257
1261
1288
1237
1280
1239
1283
1261
1287
1268
1289
1296
1235
1300
1269
1310
1267
1292
1261
1290
1259
1271
1268
1266
1277
1272
1284
1271
1294
1283
1284
1291
1276
1289
1269
1287
1266
1256
1260
1252
1263
1239
1274
1238
1286
1240
1277
1227
1279
1222
1279
1212
1271
1203
1263
1220
1261
1230
1256
1233
1265
1237
1260
1249
1276
1246
1284
1235
1291
1218
1276
1146
1295
1184
1275
1188
1268
1205
1268
1225
1255
1244
1254
1271
1255
1263
1282
1274
1264
1289
1268
1273
1266
1263
1296
1251
1291
1275
1279
1260
1276
1270
1266
1278
1264
1279
1260
1265
1271
1284
1284
1294
1281
1310
1288
1319
1290
1321
1287
1306
1288
1281
1283
1306
1285
1252
1269
1233
1297
1220
1283
1224
1297
1251
1293
1263
1292
1288
1295
1294
1271
1295
1289
1278
1297
1270
1298
1248
1299
1254
1274
1249
1301
1274
1283
1255
1277
1242
1260
1237
1269
1239
1248
1230
1249
1237
1256
1266
1251
1273
1263
1276
1265
1289
1267
1275
1241
1228
1244
1208
1241
1182
1243
1177
1250
1191
1268
1218
1262
1229
1273
1244
1279
1252
1267
1237
1256
1231
1253
1218
1244
1155
1263
1205
1256
1216
1265
1225
1260
1225
1284
1214
1291
1227
1295
1201
1298
1229
1296
1276
1286
1253
1276
1284
1273
1311
1239
1310
1272
1294
1283
1281
1285
1266
1308
1252
1293
1249
1300
1283
1303
1300
1291
1327
1279
1343
1273
1338
1271
1325
1256
1303
1273
1273
1291
1257
1288
1253
1293
1239
1286
1233
1288
1222
1270
1244
1265
1207
1257
1220
1249
1235
1268
1240
1276
1246
1281
1256
1295
1250
1298
1215
1298
1222
1285
1195
1281
1183
1272
1200
1261
1222
1276
1245
1281
1282
1277
1325
1277
1300
1278
1318
1277
1293
1266
1274
1263
1252
1211
1269
1260
1261
1260
1284
1258
1319
1257
1310
1259
1308
1264
1301
1265
1293
1268
1296
1265
1299
1260
1313
1257
1303
1252
1314
1278
1307
1256
1293
1266
1245
1274
1247
1265
1234
1277
1208
1278
1234
1271
1230
1265
1245
1260
1246
1255
1248
1265
1211
1256
1192
1243
1191
1276
1187
1268
1195
1271
1186
1276
1189
1274
1179
1277
1179
1270
1172
1285
1174
1288
1171
1289
1209
1298
1253
1307
1234
1291
1273
1304
1246
1294
1238
1305
1234
1303
1251
1296
1281
1301
1280
1290
1325
1295
1345
1301
1354
1295
1350
1292
1321
1293
1293
1288
1249
1285
1268
1294
1281
1290
1305
1232
1320
1285
1334
1285
1328
1282
1303
1281
1274
1295
1231
1283
1260
1269
1242
1281
1227
1285
1243
1290
1237
1264
1244
1297
1243
1280
1234
1275
1215
1278
1218
1265
1212
1271
1212
1262
1219
1238
1220
1257
1217
1253
1221
1252
1230
1249
1230
1249
1251
1229
1251
1252
1258
1254
1205
1243
1240
1245
1229
1252
1224
1252
1219
1261
1229
1284
1255
1276
1263
1259
1285
1278
1267
1283
1266
1279
1235
1285
1204
1291
1202
1291
1211
1273
1216
1300
1244
1300
1245
1297
1267
1304
1259
1299
1246
1290
1225
1279
1200
1272
1198
1259
1201
1271
1235
1268
1276
1271
1288
1262
1291
1272
1294
1257
1281
1272
1259
1271
1250
1267
1253
1263
1237
1253
1270
1256
1291
1249
1315
1225
1320
1268
1315
1269
1332
1290
1306
1301
1276
1307
1291
1300
1283
1293
1286
1288
1273
1304
1270
1305
1280
1290
1300
1293
1313
1299
1316
1305
1330
1301
1306
1299
1282
1301
1249
1266
1234
1288
1231
1296
1222
1283
1252
1293
1271
1299
1300
1299
1315
1294
1295
1291
1284
1304
1248
1303
1257
1291
1243
1292
1240
1261
1268
1276
1280
1256
1267
1268
1293
1272
1287
1274
1269
1282
1203
1281
1225
1308
1219
1292
1235
1287
1268
1278
1246
1270
1260
1272
1236
1257
1222
1254
1192
1265
1187
1263
1175
1265
1164
1309
1178
1272
1187
1281
1226
1262
1246
1258
1284
1248
1261
1260
1270
1273
1258
1275
1247
1283
1242
1292
1251
1269
1231
1279
1251
1271
1290
1268
1312
1252
1335
1260
1333
1262
1336
1276
1301
1290
1294
1291
1319
1307
1255
1293
1260
1285
1261
1268
1279
1281
1299
1282
1322
1272
1319
1274
1305
1278
1282
1284
1252
1309
1216
1292
1209
1282
1207
1278
1217
1273
1239
1262
1251
1260
1222
1264
1254
1265
1243
1275
1209
1319
1197
1297
1177
1293
1194
1294
1204
1289
1240
1279
1250
1282
1254
1296
1250
1297
1244
1306
1222
1318
1228
1303
1249
1320
1257
1317
1269
1322
1306
1290
1334
1294
1314
1287
1314
1288
1286
1295
1288
1281
1311
1290
1294
1285
1299
1281
1299
1228
1306
1268
1290
1262
1318
1268
1310
1235
1290
1257
1281
1267
1266
1276
1245
1282
1207
1278
1210
1272
1208
1266
1180
1248
1208
1248
1222
1248
1227
1243
1225
1224
1215
1256
1197
1273
1177
1282
1165
1271
1155
1273
1171
1257
1197
1254
1215
1303
1234
1265
1252
1267
1251
1273
1222
1283
1209
1284
1211
1269
1215
1281
1226
1279
1253
1265
1257
1261
1265
1263
1267
1264
1248
1274
1265
1287
1232
1285
1242
1318
1239
1282
1268
1286
1294
1279
1309
1271
1319
1280
1329
1268
1310
1279
1279
1298
1287
1297
1271
1302
1266
1303
1264
1297
1292
1274
1299
1278
1311
1273
1326
1257
1320
1275
1301
1274
1299
1287
1258
1297
1255
1289
1243
1293
1231
1282
1226
1263
1249
1262
1251
1262
1253
1260
1284
1259
1288
1262
1282
1276
1266
1282
1257
1279
1242
1287
1236
1276
1230
1273
1235
1265
1180
1266
1250
1266
1281
1281
1257
1291
1272
1286
1253
1334
1259
1312
1253
1300
1267
1289
1269
1290
1268
1272
1268
1280
1251
1291
1233
1290
1228
1286
1233
1295
1218
1295
1213
1287
1269
1283
1271
1261
1274
1232
1271
1259
1239
1261
1222
1261
1174
1268
1182
1270
1184
1253
1201
1267
1223
1270
1218
1254
1253
1263
1253
1262
1241
1253
1255
1257
1243
1282
1224
1262
1225
1252
1241
1260
1220
1266
1218
1253
1225
1258
1232
1252
1231
1253
1238
1248
1244
1238
1247
1247
1234
1252
1226
1287
1198
1257
1199
1253
1173
1255
1184
1254
1204
1258
1213
1284
1228
1270
1235
1289
1241
1283
1224
1288
1220
1287
1209
1283
1231
1281
1230
1263
1245
1266
1261
1272
1276
1279
1273
1285
1278
1292
1273
1299
1249
1283
1253
1293
1254
1252
1251
1287
1277
1278
1304
1280
1306
1284
1319
1280
1309
1311
1294
1289
1286
1298
1273
1302
1279
1300
1288
1291
1277
1278
1297
1298
1293
1283
1299
1272
1294
1283
1271
1292
1283
1300
1250
1304
1261
1303
1262
1303
1272
1286
1276
1289
1274
1308
1290
1266
1281
1295
1294
1269
1295
1296
1271
1300
1210
1306
1236
1294
1211
1289
1199
1268
1207
1258
1221
1274
1220
1252
1241
1258
1286
1266
1235
1273
1229
1265
1193
1288
1176
1286
1157
1287
1183
1267
1194
1260
1210
1243
1229
1251
1236
1254
1232
1264
1230
1264
1228
1273
1213
1276
1220
1271
1235
1263
1246
1255
1258
1236
1267
1228
1252
1233
1242
1246
1240
1248
1232
1258
1213
1270
1257
1274
1266
1266
1269
1281
1278
1258
1273
1263
1266
1260
1260
1247
1270
1274
1263
1291
1271
1305
1285
1304
1285
1304
1282
1298
1284
1291
1272
1302
1259
1284
1260
1282
1263
1292
1267
1297
1262
1303
1264
1313
1230
1308
1243
1290
1247
1298
1229
1281
1232
1271
1246
1265
1261
1262
1248
1263
1257
1262
1246
1277
1232
1278
1208
1274
1225
1276
1190
1265
1201
1253
1214
1251
1231
1250
1215
1250
1231
1249
1221
1261
1210
1271
1209
1274
1186
1281
1186
1264
1193
1273
1213
1262
1227
1263
1216
1251
1223
1257
1213
1258
1203
1253
1209
1281
1201
1289
1203
1280
1194
1282
1226
1284
1232
1282
1239
1266
1238
1295
1230
1297
1240
1305
1264
1307
1245
1303
1258
1267
1290
1291
1277
1285
1265
1296
1277
1279
1277
1254
1291
1271
1308
1271
1321
1270
1325
1278
1320
1280
1309
1279
1289
1269
1273
1259
1276
1252
1282
1256
1286
1254
1299
1258
1299
1262
1292
1272
1299
1278
1281
1282
1247
1281
1251
1277
1261
1298
1249
1279
1260
1279
1262
1266
1281
1296
1248
1290
1244
1298
1230
1305
1168
1288
1220
1286
1216
1276
1213
1269
1233
1262
1228
1269
1224
1277
1203
1284
1218
1284
1215
1305
1209
1301
1247
1304
1239
1326
1242
1313
1239
1279
1239
1277
1224
1282
1238
1276
1239
1297
1263
1310
1261
1304
1270
1307
1266
1290
1261
1272
1257
1268
1244
1265
1247
1233
1256
1248
1258
1267
1253
1275
1287
1282
1252
1261
1256
1273
1269
1275
1241
1257
1240
1261
1220
1240
1247
1264
1254
1275
1268
1278
1277
1287
1263
1293
1249
1270
1246
1292
1232
1294
1244
1295
1258
1284
1268
1284
1288
1284
1283
1293
1245
1307
1275
1303
1274
1299
1256
1349
1259
1301
1249
1287
1270
1283
1268
1283
1277
1264
1283
1276
1272
1288
1270
1284
1270
1278
1272
1279
1273
1276
1261
1266
1257
1260
1249
1261
1242
1255
1255
1271
1214
1276
1231
1251
1231
1292
1244
1295
1280
1304
1269
1288
1259
1283
1233
1250
1219
1274
1191
1274
1200
1270
1211
1262
1225
1266
1239
1275
1258
1273
1274
1268
1255
1267
1248
1250
1236
1255
1200
1255
1213
1259
1229
1264
1241
1266
1256
1275
1262
1279
1279
1279
1259
1285
1271
1271
1284
1268
1259
1259
1259
1235
1259
1272
1246
1277
1234
1298
1248
1291
1241
1297
1226
1296
1233
1291
1236
1304
1226
1290
1225
1276
1210
1278
1206
1287
1197
1291
1198
1299
1232
1306
1216
1293
1237
1296
1228
1294
1234
1285
1217
1271
1203
1268
1184
1272
1194
1266
1195
1290
1204
1301
1222
1291
1254
1285
1238
1274
1226
1276
1227
1249
1185
1246
1167
1243
1185
1229
1196
1252
1214
1259
1254
1263
1267
1265
1273
1264
1268
1252
1252
1240
1237
1240
1221
1195
1227
1240
1237
1259
1249
1269
1293
1282
1299
1292
1304
1320
1306
1289
1295
1295
1281
1282
1264
1276
1275
1281
1248
1285
1243
1274
1258
1307
1256
1320
1260
1323
1264
1318
1263
1319
1258
1310
1256
1289
1240
1282
1229
1277
1216
1285
1215
1317
1211
1312
1217
1319
1239
1327
1251
1325
1240
1298
1279
1292
1273
1277
1247
1241
1252
1249
1225
1254
1231
1262
1198
1271
1254
1303
1307
1282
1305
1264
1318
1257
1292
1213
1266
1234
1240
1226
1217
1224
1219
1244
1214
1236
1218
1254
1232
1263
1256
1264
1251
1261
1243
1254
1230
1241
1192
1229
1188
1223
1188
1228
1194
1237
1205
1257
1223
1274
1228
1284
1216
1291
1199
1292
1213
1257
1218
1260
1211
1261
1214
1270
1214
1266
1211
1272
1216
1278
1240
1296
1227
1292
1228
1301
1234
1302
1239
1296
1231
1284
1227
1274
1216
1277
1189
1281
1196
1285
1219
1325
1198
1319
1220
1316
1230
1286
1245
1315
1236
1298
1246
1286
1236
1275
1225
1281
1232
1274
1237
1283
1254
1294
1283
1303
1303
1309
1310
1309
1309
1293
1293
1290
1274
1272
1265
1273
1256
1265
1252
1278
1267
1268
1266
1304
1289
1311
1250
1313
1298
1304
1286
1292
1272
1297
1251
1267
1245
1260
1237
1256
1236
1256
1228
1261
1225
1268
1219
1268
1229
1274
1220
1261
1221
1245
1228
1234
1192
1221
1209
1222
1241
1212
1203
1235
1201
1248
1194
1259
1207
1273
1196
1274
1235
1261
1253
1254
1248
1234
1252
1221
1249
1240
1230
1241
1216
1245
1229
1261
1230
1275
1215
1282
1266
1283
1278
1293
1270
1232
1269
1261
1246
1256
1226
1264
1204
1268
1213
1279
1203
1303
1228
1290
1239
1304
1226
1303
1231
1292
1203
1275
1189
1261
1159
1254
1158
1244
1151
1251
1156
1265
1166
1282
1183
1288
1168
1289
1169
1300
1170
1259
1144
1248
1142
1235
1154
1219
1158
1226
1161
1235
1181
1248
1181
1269
1208
1276
1220
1275
1245
1261
1243
1256
1247
1238
1240
1234
1237
1232
1243
1233
1246
1247
1269
1267
1274
1281
1296
1299
1315
1325
1324
1299
1325
1294
1322
1289
1275
1274
1268
1268
1265
1279
1263
1289
1278
1292
1289
1305
1303
1333
1291
1340
1316
1309
1317
1307
1291
1286
1272
1276
1234
1262
1243
1267
1245
1277
1250
1287
1260
1306
1237
1293
1259
1312
1249
1303
1238
1254
1234
1268
1221
1259
1206
1254
1206
1246
1217
1257
1216
1280
1222
1277
1224
1290
1199
1341
1193
1277
1189
1271
1192
1257
1181
1244
1201
1238
1192
1241
1188
1259
1199
1268
1197
1277
1193
1288
1200
1290
1209
1286
1202
1278
1209
1262
1228
1242
1229
1238
1223
1247
1239
1243
1225
1251
1228
1263
1269
1272
1255
1272
1257
1276
1255
1245
1244
1258
1238
1245
1252
1238
1259
1240
1253
1251
1281
1256
1293
1285
1290
1287
1305
1290
1273
1294
1262
1287
1230
1281
1239
1268
1233
1274
1256
1264
1274
1273
1272
1317
1268
1300
1246
1301
1283
1301
1244
1287
1244
1277
1250
1283
1263
1279
1260
1269
1276
1266
1289
1271
1286
1276
1259
1279
1279
1287
1268
1296
1266
1281
1280
1290
1253
1287
1276
1290
1273
1269
1287
1266
1303
1267
1286
1256
1281
1270
1269
1255
1261
1278
1251
1285
1241
1273
1239
1265
1234
1261
1221
1261
1232
1244
1227
1265
1227
1272
1222
1286
1215
1286
1210
1288
1189
1292
1156
1297
1201
1284
1212
1285
1223
1316
1265
1281
1246
1286
1254
1260
1239
1278
1237
1271
1222
1273
1213
1274
1216
1270
1224
1266
1251
1262
1260
1284
1279
1264
1290
1266
1260
1262
1241
1250
1225
1276
1214
1263
1218
1279
1212
1266
1230
1277
1267
1277
1260
1270
1270
1266
1244
1247
1243
1247
1221
1263
1221
1282
1220
1279
1225
1276
1227
1283
1253
1284
1268
1257
1285
1275
1287
1274
1293
1275
1270
1274
1274
1282
1266
1288
1269
1285
1275
1287
1276
1294
1297
1289
1303
1289
1332
1279
1337
1257
1331
1272
1307
1280
1225
1283
1243
1276
1206
1274
1210
1249
1214
1256
1192
1276
1238
1258
1251
1254
1271
1270
1230
1269
1197
1269
1177
1264
1135
1277
1131
1257
1176
1267
1170
1260
1201
1273
1223
1281
1229
1282
1215
1281
1207
1275
1174
1270
1147
1270
1149
1267
1134
1264
1150
1266
1172
1276
1206
1262
1228
1265
1236
1267
1249
1265
1237
1279
1229
1257
1220
1274
1208
1278
1213
1278
1226
1274
1258
1276
1288
1283
1316
1271
1345
1285
1342
1278
1348
1301
1307
1304
1283
1303
1269
1294
1263
1285
1258
1292
1283
1273
1333
1270
1369
1274
1341
1283
1346
1258
1316
1274
1264
1282
1222
1278
1199
1266
1192
1261
1184
1258
1215
1265
1229
1286
1268
1269
1283
1281
1291
1278
1257
1288
1231
1295
1182
1281
1169
1276
1175
1285
1198
1261
1184
1265
1229
1268
1274
1266
1280
1265
1280
1281
1266
1278
1265
1287
1209
1286
1220
1283
1261
1278
1242
1272
1270
1262
1292
1229
1302
1271
1321
1280
1327
1279
1318
1289
1295
1288
1271
1286
1253
1287
1234
1272
1233
1258
1260
1255
1250
1258
1261
1272
1282
1276
1283
1292
1231
1295
1250
1289
1208
1287
1175
1283
1149
1262
1146
1258
1148
1251
1186
1237
1241
1249
1223
1276
1228
1270
1216
1274
1199
1273
1195
1269
1172
1253
1157
1259
1171
1254
1199
1252
1221
1274
1221
1257
1243
1265
1251
1272
1227
1277
1246
1279
1215
1270
1213
1274
1197
1240
1192
1265
1205
1268
1227
1267
1247
1266
1250
1281
1257
1291
1263
1298
1255
1309
1232
1304
1237
1299
1240
1292
1219
1285
1238
1294
1254
1284
1274
1285
1269
1285
1289
1298
1291
1304
1261
1299
1263
1284
1252
1280
1246
1243
1257
1253
1259
1265
1267
1263
1274
1268
1268
1275
1279
1281
1269
1282
1255
1283
1241
1279
1243
1276
1247
1268
1253
1272
1254
1276
1250
1275
1277
1282
1300
1279
1265
1286
1267
1294
1246
1298
1243
1293
1231
1276
1251
1281
1247
1273
1257
1257
1246
1267
1241
1278
1229
1277
1223
1276
1215
1282
1217
1278
1192
1271
1231
1269
1240
1268
1254
1219
1261
1257
1251
1263
1257
1265
1249
1282
1247
1280
1243
1287
1260
1289
1269
1287
1269
1278
1299
1275
1266
1275
1275
1271
1269
1277
1252
1278
1234
1285
1228
1252
1215
1278
1209
1273
1213
1271
1236
1268
1221
1262
1234
1263
1235
1258
1222
1267
1210
1270
1193
1276
1186
1286
1173
1266
1199
1274
1215
1280
1260
1280
1285
1277
1288
1295
1297
1285
1272
1285
1252
1301
1231
1279
1241
1276
1258
1278
1253
1283
1301
1266
1317
1276
1325
1278
1333
1284
1329
1280
1294
1283
1274
1284
1261
1285
1250
1297
1244
1256
1257
1284
1269
1284
1293
1282
1320
1281
1308
1278
1285
1282
1266
1287
1250
1286
1225
1289
1200
1288
1213
1283
1189
1281
1206
1281
1213
1278
1221
1278
1224
1275
1209
1275
1195
1278
1172
1284
1150
1260
1135
1277
1142
1270
1145
1252
1168
1290
1183
1262
1199
1259
1218
1249
1199
1247
1186
1248
1161
1255
1157
1258
1143
1261
1153
1243
1169
1255
1207
1255
1217
1257
1239
1248
1251
1255
1241
1254
1235
1259
1215
1279
1214
1294
1219
1295
1241
1295
1267
1299
1311
1281
1319
1275
1320
1269
1325
1294
1329
1281
1316
1290
1305
1294
1313
1299
1309
1306
1304
1305
1328
1284
1333
1286
1319
1280
1330
1276
1319
1274
1309
1285
1263
1272
1288
1291
1276
1299
1220
1327
1254
1296
1234
1307
1239
1281
1261
1271
1252
1270
1240
1268
1238
1264
1244
1265
1198
1276
1194
1276
1201
1275
1180
1274
1206
1273
1217
1263
1243
1266
1243
1244
1215
1249
1212
1263
1174
1253
1197
1257
1187
1261
1199
1262
1220
1268
1246
1262
1239
1264
1238
1260
1241
1246
1226
1247
1210
1252
1213
1257
1217
1272
1240
1273
1263
1272
1284
1280
1297
1282
1278
1277
1281
1278
1253
1301
1242
1287
1236
1272
1221
1291
1218
1289
1241
1287
1257
1285
1275
1287
1268
1278
1256
1306
1230
1276
1214
1280
1223
1270
1179
1284
1178
1290
1173
1287
1205
1290
1222
1287
1262
1265
1277
1289
1270
1288
1269
1282
1248
1301
1228
1283
1216
1276
1241
1271
1232
1274
1256
1293
1280
1276
1304
1278
1334
1292
1341
1280
1332
1276
1285
1277
1283
1273
1255
1272
1238
1272
1254
1262
1278
1269
1310
1264
1329
1259
1330
1260
1339
1261
1316
1246
1271
1266
1243
1270
1182
1276
1213
1274
1235
1274
1244
1270
1282
1284
1298
1260
1304
1277
1290
1272
1281
1275
1253
1287
1186
1271
1203
1287
1202
1287
1204
1289
1222
1283
1223
1286
1238
1278
1233
1285
1244
1295
1222
1303
1232
1299
1199
1299
1190
1334
1185
1296
1163
1282
1193
1275
1203
1265
1231
1258
1238
1264
1258
1273
1259
1272
1251
1273
1225
1271
1218
1271
1187
1270
1207
1273
1222
1267
1247
1247
1273
1278
1280
1251
1297
1264
1271
1267
1280
1272
1282
1273
1243
1263
1232
1269
1252
1250
1272
1265
1281
1258
1306
1252
1314
1257
1310
1255
1292
1256
1290
1272
1275
1280
1268
1266
1267
1268
1272
1263
1266
1257
1270
1246
1238
1273
1274
1244
1280
1253
1268
1288
1264
1274
1277
1279
1268
1270
1256
1281
1261
1282
1256
1281
1253
1285
1232
1288
1239
1285
1227
1294
1229
1303
1246
1301
1237
1320
1229
1312
1239
1293
1235
1306
1241
1300
1252
1299
1251
1290
1251
1288
1263
1300
1254
1287
1256
1293
1244
1282
1255
1310
1256
1300
1277
1295
1292
1291
1302
1287
1293
1289
1284
1278
1267
1284
1236
1278
1229
1281
1236
1277
1226
1297
1265
1286
1298
1284
1300
1283
1303
1277
1280
1273
1267
1248
1230
1262
1239
1253
1276
1255
1246
1245
1267
1254
1289
1239
1293
1254
1270
1256
1304
1251
1295
1260
1230
1254
1267
1252
1258
1262
1253
1266
1264
1258
1268
1265
1272
1293
1257
1281
1273
1278
1291
1293
1275
1279
1283
1290
1261
1306
1246
1288
1243
1280
1238
1280
1233
1274
1248
1264
1258
1279
1272
1294
1281
1283
1278
1276
1260
1280
1235
1275
1204
1255
1187
1255
1166
1251
1194
1233
1202
1259
1219
1269
1239
1272
1239
1274
1237
1273
1229
1282
1201
1266
1200
1273
1183
1240
1195
1275
1202
1279
1209
1273
1250
1279
1258
1279
1258
1282
1267
1275
1261
1300
1256
1281
1256
1279
1276
1280
1285
1283
1296
1278
1278
1277
1311
1274
1319
1284
1308
1287
1311
1273
1274
1271
1306
1280
1297
1273
1293
1272
1293
1272
1283
1279
1267
1276
1266
1275
1270
1282
1269
1283
1234
1277
1274
1279
1266
1280
1254
1275
1266
1279
1225
1281
1216
1286
1186
1286
1197
1257
1230
1270
1218
1264
1231
1259
1225
1223
1227
1259
1222
1264
1229
1266
1242
1283
1238
1264
1231
1284
1255
1265
1252
1256
1247
1251
1256
1272
1271
1253
1265
1260
1297
1270
1319
1275
1337
1277
1329
1286
1320
1297
1315
1289
1289
1287
1260
1275
1304
1281
1324
1277
1345
1287
1352
1313
1358
1297
1344
1308
1303
1309
1312
1309
1259
1306
1247
1283
1242
1288
1245
1285
1244
1266
1256
1271
1255
1271
1240
1270
1246
1264
1247
1278
1201
1263
1205
1265
1194
1245
1197
1253
1193
1247
1204
1243
1201
1239
1203
1243
1206
1255
1204
1268
1221
1280
1219
1281
1206
1288
1220
1288
1236
1276
1229
1277
1230
1272
1235
1255
1245
1266
1247
1279
1264
1298
1261
1303
1283
1302
1275
1303
1294
1282
1294
1278
1288
1266
1302
1261
1305
1265
1326
1262
1346
1268
1370
1273
1342
1276
1339
1269
1337
1275
1326
1269
1314
1264
1328
1252
1286
1243
1306
1252
1334
1250
1298
1255
1300
1259
1279
1269
1275
1284
1254
1290
1256
1287
1287
1290
1278
1282
1268
1261
1259
1295
1236
1291
1213
1287
1223
1303
1214
1312
1188
1332
1239
1312
1253
1328
1260
1273
1262
1287
1241
1283
1230
1283
1196
1280
1216
1285
1216
1297
1223
1292
1247
1290
1250
1276
1264
1284
1265
1276
1262
1267
1258
1263
1250
1241
1240
1264
1239
1263
1243
1269
1254
1265
1256
1266
1268
1257
1285
1250
1285
1252
1292
1257
1298
1246
1294
1252
1275
1251
1277
1251
1252
1256
1255
1246
1251
1242
1279
1251
1283
1252
1297
1245
1309
1259
1306
1272
1262
1269
1280
1269
1257
1274
1239
1279
1235
1277
1236
1278
1247
1281
1257
1284
1278
1294
1266
1297
1277
1301
1286
1314
1260
1311
1259
1282
1246
1266
1242
1302
1229
1295
1251
1287
1271
1288
1263
1285
1277
1286
1282
1276
1281
1307
1280
1288
1308
1289
1278
1287
1238
1243
1259
1266
1245
1250
1227
1253
1252
1249
1247
1257
1256
1261
1262
1268
1284
1275
1284
1268
1288
1248
1306
1246
1249
1271
1227
1242
1217
1243
1214
1251
1221
1249
1252
1260
1256
1273
1275
1301
1297
1272
1294
1268
1286
1267
1267
1266
1245
1257
1229
1269
1235
1275
1227
1271
1233
1278
1248
1303
1266
1285
1267
1287
1272
1286
1290
1280
1261
1272
1233
1272
1221
1256
1192
1268
1174
1263
1178
1259
1219
1262
1212
1268
1234
1246
1255
1268
1266
1241
1256
1259
1239
1252
1213
1272
1184
1255
1180
1250
1144
1269
1197
1268
1236
1269
1291
1305
1282
1279
1299
1250
1326
1262
1306
1262
1283
1261
1266
1262
1255
1266
1253
1279
1247
1280
1254
1303
1272
1290
1270
1285
1328
1285
1306
1286
1309
1277
1312
1296
1288
1298
1271
1311
1245
1309
1250
1312
1257
1310
1263
1294
1273
1321
1289
1288
1310
1286
1318
1279
1310
1297
1294
1280
1299
1278
1257
1285
1236
1289
1234
1291
1232
1276
1235
1283
1253
1275
1247
1267
1262
1263
1259
1263
1270
1260
1252
1268
1234
1275
1232
1276
1200
1287
1212
1272
1230
1271
1213
1256
1236
1253
1257
1245
1268
1246
1274
1251
1282
1257
1285
1269
1264
1278
1280
1277
1288
1269
1273
1236
1271
1253
1263
1250
1274
1249
1274
1256
1297
1255
1291
1268
1306
1272
1293
1281
1265
1310
1238
1296
1222
1268
1216
1282
1193
1279
1203
1269
1213
1266
1229
1274
1238
1265
1247
1275
1244
1284
1237
1292
1230
1286
1213
1295
1202
1272
1201
1254
1216
1247
1212
1241
1237
1241
1244
1245
1265
1253
1283
1255
1281
1264
1273
1273
1258
1253
1285
1259
1256
1240
1262
1240
1272
1239
1260
1239
1293
1254
1294
1263
1318
1282
1318
1291
1304
1298
1304
1291
1260
1287
1253
1276
1250
1273
1230
1270
1263
1277
1265
1319
1268
1292
1251
1301
1269
1295
1278
1301
1247
1290
1235
1294
1231
1293
1221
1285
1199
1282
1202
1283
1197
1270
1168
1281
1197
1276
1198
1272
1208
1265
1213
1273
1220
1271
1237
1272
1208
1260
1221
1265
1241
1274
1195
1254
1225
1275
1207
1264
1233
1279
1242
1277
1258
1287
1264
1265
1267
1255
1284
1258
1258
1261
1242
1258
1240
1260
1233
1269
1233
1270
1231
1270
1240
1275
1222
1272
1263
1249
1268
1256
1250
1290
1251
1262
1240
1270
1237
1281
1229
1287
1239
1282
1240
1283
1245
1268
1279
1265
1284
1257
1305
1254
1301
1260
1312
1271
1289
1279
1281
1283
1272
1272
1269
1292
1275
1289
1314
1305
1283
1282
1301
1259
1335
1268
1319
1271
1318
1272
1303
1270
1285
1293
1260
1297
1270
1291
1267
1303
1272
1294
1287
1283
1312
1293
1291
1284
1302
1282
1300
1286
1280
1290
1251
1291
1233
1295
1221
1297
1223
1290
1238
1276
1239
1294
1270
1261
1249
1246
1266
1248
1261
1257
1242
1257
1220
1267
1194
1266
1177
1287
1174
1267
1185
1258
1202
1250
1179
1239
1245
1250
1259
1260
1252
1277
1257
1276
1237
1293
1231
1293
1227
1295
1220
1288
1253
1282
1266
1271
1294
1274
1306
1291
1333
1283
1313
1293
1333
1307
1306
1298
1294
1297
1274
1294
1278
1296
1283
1278
1297
1278
1317
1279
1338
1281
1341
1286
1342
1306
1334
1303
1311
1293
1290
1305
1276
1302
1262
1300
1247
1289
1261
1274
1282
1275
1275
1271
1287
1277
1300
1269
1262
1302
1244
1298
1231
1309
1209
1305
1194
1287
1191
1286
1199
1276
1201
1281
1227
1275
1233
1288
1240
1295
1241
1314
1227
1301
1195
1300
1212
1283
1219
1272
1201
1298
1207
1245
1206
1245
1228
1248
1237
1252
1256
1252
1251
1261
1250
1273
1248
1260
1242
1256
1238
1254
1241
1245
1255
1245
1251
1242
1262
1242
1272
1247
1281
1267
1272
1257
1291
1280
1266
1281
1269
1276
1303
1269
1281
1269
1283
1266
1275
1233
1270
1264
1257
1269
1272
1290
1280
1277
1279
1296
1263
1280
1297
1278
1279
1270
1262
1261
1253
1258
1239
1253
1202
1256
1204
1267
1196
1279
1193
1285
1203
1281
1196
1284
1211
1282
1204
1258
1228
1257
1229
1266
1217
1256
1211
1267
1189
1282
1180
1294
1185
1298
1202
1290
1216
1290
1223
1276
1284
1269
1276
1258
1287
1247
1282
1264
1263
1273
1239
1279
1212
1279
1204
1280
1243
1280
1234
1243
1269
1283
1281
1266
1305
1260
1337
1270
1314
1274
1291
1278
1277
1283
1249
1300
1229
1304
1232
1292
1244
1285
1268
1278
1296
1267
1310
1267
1334
1268
1332
1275
1320
1257
1287
1287
1249
1290
1229
1290
1200
1287
1211
1251
1238
1267
1248
1254
1277
1260
1291
1242
1291
1253
1261
1284
1250
1292
1220
1305
1190
1307
1169
1303
1175
1288
1188
1276
1210
1266
1238
1259
1253
1262
1253
1265
1255
1275
1226
1290
1248
1292
1223
1288
1209
1291
1226
1285
1229
1272
1270
1265
1288
1264
1310
1257
1320
1269
1318
1283
1303
1289
1294
1284
1281
1288
1285
1294
1251
1279
1291
1272
1305
1263
1332
1229
1345
1270
1336
1251
1328
1255
1310
1263
1256
1271
1281
1254
1256
1270
1252
1266
1259
1232
1274
1256
1266
1252
1272
1249
1281
1251
1253
1261
1232
1266
1214
1263
1208
1269
1197
1275
1198
1272
1217
1268
1208
1263
1228
1280
1234
1271
1231
1261
1212
1275
1210
1280
1206
1314
1195
1296
1210
1288
1224
1288
1250
1284
1262
1285
1269
1302
1266
1295
1259
1310
1261
1293
1252
1294
1238
1287
1260
1287
1266
1283
1273
1289
1291
1283
1282
1278
1283
1281
1276
1274
1268
1270
1274
1274
1243
1241
1259
1268
1233
1236
1241
1267
1246
1260
1258
1258
1251
1262
1239
1255
1216
1262
1193
1271
1176
1269
1183
1265
1160
1267
1171
1267
1203
1263
1186
1263
1224
1264
1250
1247
1243
1261
1233
1263
1219
1273
1193
1279
1193
1273
1196
1275
1246
1279
1259
1268
1288
1255
1319
1262
1324
1272
1333
1287
1330
1279
1297
1284
1257
1285
1267
1276
1257
1274
1258
1287
1275
1263
1315
1269
1295
1257
1310
1256
1327
1262
1303
1269
1293
1263
1262
1269
1238
1270
1188
1265
1220
1254
1224
1257
1233
1243
1242
1246
1270
1282
1279
1262
1277
1260
1272
1268
1244
1280
1196
1273
1220
1274
1204
1272
1199
1271
1212
1261
1201
1262
1224
1268
1199
1267
1208
1278
1218
1292
1199
1285
1191
1303
1177
1269
1172
1283
1171
1278
1179
1269
1188
1271
1185
1259
1179
1268
1165
1268
1194
1274
1197
1280
1204
1284
1226
1281
1232
1280
1243
1266
1249
1262
1266
1253
1264
1266
1262
1239
1282
1285
1276
1285
1303
1283
1298
1293
1325
1285
1336
1287
1342
1299
1338
1276
1331
1275
1332
1271
1340
1273
1303
1280
1289
1278
1276
1279
1276
1282
1269
1270
1271
1258
1274
1260
1280
1256
1275
1249
1293
1278
1259
1263
1249
1266
1222
1220
1207
1279
1193
1277
1209
1271
1227
1270
1240
1256
1258
1255
1264
1251
1265
1268
1238
1274
1228
1288
1216
1299
1195
1296
1209
1309
1209
1294
1236
1283
1244
1265
1243
1261
1258
1261
1240
1259
1238
1265
1218
1280
1229
1278
1226
1283
1217
1301
1218
1286
1220
1277
1238
1265
1247
1260
1257
1255
1254
1266
1255
1271
1259
1284
1241
1287
1230
1294
1236
1287
1215
1281
1212
1278
1294
1271
1279
1264
1285
1266
1284
1266
1282
1272
1252
1262
1257
1271
1261
1283
1242
1275
1256
1262
1254
1285
1284
1280
1287
1282
1319
1271
1305
1279
1253
1276
1273
1283
1250
1293
1238
1239
1247
1282
1265
1279
1272
1280
1280
1279
1300
1278
1274
1287
1283
1271
1272
1281
1233
1289
1214
1281
1203
1268
1208
1262
1217
1256
1228
1245
1239
1257
1238
1247
1259
1257
1256
1255
1236
1257
1223
1224
1204
1251
1177
1246
1173
1238
1191
1235
1213
1250
1224
1252
1258
1266
1250
1268
1267
1279
1253
1281
1245
1280
1220
1288
1199
1329
1202
1291
1200
1299
1255
1307
1264
1297
1293
1314
1304
1324
1309
1327
1294
1328
1264
1317
1241
1308
1241
1311
1214
1300
1246
1290
1282
1290
1302
1291
1321
1293
1304
1260
1314
1283
1277
1278
1289
1256
1285
1254
1270
1241
1272
1235
1285
1216
1288
1231
1305
1255
1320
1244
1300
1241
1243
1240
1271
1240
1242
1236
1229
1198
1224
1223
1208
1225
1220
1236
1209
1240
1228
1268
1222
1277
1238
1277
1230
1285
1198
1311
1177
1274
1164
1251
1164
1257
1164
1262
1186
1258
1197
1273
1206
1290
1237
1293
1233
1300
1217
1298
1211
1293
1193
1280
1168
1266
1174
1252
1192
1244
1225
1258
1246
1251
1280
1274
1273
1295
1256
1294
1270
1293
1239
1285
1222
1285
1225
1260
1229
1265
1238
1258
1266
1257
1282
1263
1278
1272
1283
1286
1276
1296
1264
1301
1240
1305
1248
1294
1254
1294
1239
1275
1263
1260
1240
1255
1265
1269
1271
1272
1277
1316
1239
1301
1221
1307
1245
1303
1241
1298
1248
1292
1257
1281
1283
1270
1262
1261
1256
1258
1249
1271
1230
1262
1199
1271
1207
1286
1200
1284
1208
1270
1220
1268
1229
1263
1254
1227
1246
1246
1260
1242
1283
1240
1235
1235
1210
1251
1183
1253
1167
1268
1173
1271
1193
1272
1231
1286
1271
1260
1282
1256
1295
1235
1291
1252
1260
1254
1220
1265
1199
1270
1181
1278
1199
1282
1208
1282
1277
1278
1319
1271
1338
1291
1342
1271
1308
1271
1286
1265
1255
1246
1227
1263
1218
1285
1229
1281
1243
1286
1285
1288
1306
1288
1326
1288
1346
1287
1325
1279
1308
1293
1280
1262
1262
1276
1243
1283
1226
1292
1224
1264
1247
1296
1276
1301
1291
1289
1312
1290
1290
1286
1271
1279
1237
1275
1209
1294
1161
1281
1171
1283
1216
1292
1207
1299
1244
1284
1269
1298
1275
1288
1274
1287
1253
1273
1219
1280
1192
1278
1191
1279
1197
1292
1210
1294
1248
1296
1270
1298
1302
1295
1313
1286
1300
1276
1286
1273
1251
1279
1234
1277
1236
1279
1217
1281
1231
1283
1185
1310
1261
1280
1277
1283
1282
1284
1263
1278
1244
1273
1230
1271
1191
1271
1186
1247
1201
1249
1197
1263
1200
1267
1238
1289
1258
1276
1251
1276
1286
1269
1284
1275
1276
1258
1257
1266
1265
1278
1236
1271
1239
1265
1245
1274
1262
1272
1271
1266
1297
1261
1305
1259
1314
1246
1302
1244
1280
1257
1261
1255
1240
1257
1232
1262
1233
1269
1224
1256
1233
1246
1231
1248
1233
1280
1237
1271
1239
1273
1237
1279
1234
1279
1217
1284
1217
1275
1211
1287
1209
1288
1195
1288
1216
1287
1219
1285
1220
1290
1222
1269
1253
1285
1268
1286
1226
1293
1253
1284
1233
1283
1241
1275
1226
1274
1260
1273
1248
1260
1264
1269
1278
1259
1266
1257
1261
1256
1240
1259
1203
1261
1208
1273
1203
1268
1192
1260
1182
1260
1181
1257
1184
1263
1159
1260
1178
1257
1215
1270
1198
1274
1210
1277
1222
1246
1218
1288
1209
1300
1222
1293
1235
1297
1198
1298
1207
1299
1220
1303
1233
1289
1260
1295
1273
1302
1282
1293
1259
1285
1290
1290
1247
1293
1257
1257
1234
1262
1226
1274
1237
1279
1248
1262
1276
1259
1272
1254
1304
1235
1296
1252
1285
1269
1266
1254
1245
1262
1241
1250
1227
1252
1227
1249
1240
1253
1251
1221
1289
1274
1296
1258
1306
1256
1318
1259
1309
1262
1275
1261
1299
1261
1255
1290
1246
1265
1241
1242
1280
1272
1270
1275
1308
1246
1330
1270
1331
1264
1317
1267
1295
1269
1255
1273
1213
1269
1201
1275
1192
1288
1193
1283
1227
1277
1251
1276
1266
1286
1273
1273
1262
1274
1237
1283
1188
1271
1180
1287
1148
1299
1119
1303
1166
1289
1177
1298
1194
1285
1211
1287
1230
1303
1229
1293
1222
1291
1205
1300
1179
1301
1169
1275
1163
1297
1162
1294
1164
1286
1179
1278
1212
1281
1257
1284
1250
1272
1268
1284
1240
1274
1234
1293
1197
1270
1205
1270
1197
1265
1197
1254
1209
1260
1227
1267
1248
1249
1258
1246
1257
1249
1253
1250
1214
1253
1227
1264
1229
1271
1238
1229
1243
1267
1249
1264
1271
1257
1274
1269
1278
1269
1270
1275
1303
1275
1296
1287
1318
1301
1322
1299
1320
1292
1329
1284
1326
1283
1314
1273
1301
1275
1303
1266
1289
1281
1288
1279
1299
1276
1293
1284
1288
1273
1292
1267
1262
1269
1241
1261
1229
1264
1210
1248
1200
1266
1175
1256
1194
1251
1189
1260
1196
1261
1202
1267
