1049
1318
1479
1354
1475
1311
1447
1299
1257
1262
1238
1266
1241
1271
1252
1269
1208
1268
1226
1267
1245
1263
1254
1265
1253
1265
1286
1261
1259
1261
1207
1266
1232
1236
1266
1265
1190
1285
1217
1262
1238
1265
1244
1264
1233
1263
1244
1260
1201
1262
1249
1276
1274
1267
1272
1265
1299
1260
1265
1265
1221
1262
1247
1266
1238
1274
1345
1251
1312
1264
1240
1263
1250
1259
1223
1260
1241
1262
1234
1271
1243
1259
1231
1262
1250
1280
1245
1261
1192
1266
1248
1262
1251
1267
1270
1264
1237
1264
1243
1251
1256
1266
1231
1262
1247
1264
1246
1264
1283
1278
1318
1260
1209
1262
1265
1254
1246
1263
1239
1252
1256
1260
1234
1261
1222
1259
1258
1263
1237
1286
1227
1266
1316
1239
1290
1267
1216
1265
1263
1259
1266
1268
1296
1255
1238
1259
1258
1259
1238
1267
1234
1295
1275
1267
1247
1270
1243
1264
1251
1267
1261
1267
1234
1262
1232
1271
1241
1264
1232
1266
1223
1266
1338
1237
1198
1271
1224
1255
1233
1264
1262
1249
1229
1266
1169
1289
1252
1268
1263
1263
1249
1262
1242
1265
1195
1301
1232
1269
1186
1265
1260
1265
1224
1264
1212
1236
1239
1264
1263
1263
1236
1254
1229
1262
1234
1266
1203
1266
1227
1259
1262
1269
1255
1262
1254
1261
1247
1265
1241
1250
1231
1263
1267
1265
1250
1260
1220
1275
1243
1263
1182
1262
1245
1258
1277
1263
1259
1263
1256
1262
1297
1265
1259
1261
1240
1266
1259
1273
1337
1249
1188
1262
1240
1223
1251
1263
1258
1259
1236
1261
1245
1242
1251
1254
1231
1262
1234
1260
1240
1267
1237
1293
1235
1268
1273
1265
1204
1267
1232
1272
1229
1295
1242
1269
1243
1279
1234
1273
1261
1273
1237
1280
1247
1268
1283
1263
1272
1250
1237
1250
1217
1219
1211
1245
1237
1243
1212
1235
1217
1241
1207
1229
1204
1225
1126
1267
1187
1263
1222
1269
1246
1284
1258
1293
1225
1290
1270
1295
1270
1305
1271
1290
1263
1330
1180
1332
1281
1297
1296
1295
1318
1279
1310
1297
1309
1271
1312
1257
1294
1293
1265
1287
1245
1304
1324
1285
1270
1340
1228
1352
1238
1372
1292
1389
1266
1392
1353
1396
1330
1367
1332
1322
1357
1310
1445
1276
1399
1274
1351
1226
1309
1202
1342
1163
1309
1118
1309
1062
1309
1021
1255
993
1252
958
1182
963
1155
996
1021
997
920
1025
877
1056
822
1091
770
1117
791
1160
780
1207
789
1244
743
1317
766
1346
906
1425
948
1475
1030
1488
1114
1514
1351
1486
1442
1449
1521
1434
1600
1359
1665
1325
1639
1292
1701
1275
1705
1256
1730
1276
1694
1281
1679
1253
1646
1289
1525
1286
1409
1289
1314
1296
1216
1312
1277
1335
1127
1377
971
1418
967
1453
933
1470
890
1471
852
1444
798
1438
802
1412
796
1389
855
1390
1037
1325
984
1334
1163
1317
1275
1291
1401
1252
1413
1217
1517
1173
1593
1143
1609
1118
1609
1101
1647
1090
1505
1089
1495
1086
1459
1087
1380
1087
1339
1124
1282
1126
1353
1136
1302
1146
1292
1155
1389
1118
1318
1181
1259
1186
1233
1190
1265
1205
1225
1210
1295
1226
1279
1237
1297
1242
1284
1248
1261
1274
1158
1302
1169
1303
1104
1337
1160
1343
1144
1351
1148
1349
1113
1375
1058
1365
1009
1390
938
1391
909
1384
1034
1352
918
1355
1001
1335
978
1303
1041
1276
1067
1273
1106
1285
1069
1284
1127
1256
1146
1252
1192
1233
1251
1228
1302
1215
1394
1213
1464
1167
1496
1206
1507
1199
1509
1204
1516
1202
1513
1209
1438
1219
1330
1266
1286
1240
1224
1244
1151
1224
1154
1241
1128
1247
1078
1247
1163
1255
1188
1250
1222
1266
1125
1315
1239
1303
1265
1301
1265
1300
1266
1296
1254
1290
1260
1303
1308
1286
1347
1284
1379
1277
1287
1284
1404
1230
1306
1236
1253
1220
1202
1217
1127
1191
1102
1222
1111
1245
1039
1259
1034
1275
897
1316
974
1337
975
1337
998
1366
1079
1395
1134
1407
1223
1414
1302
1411
1360
1409
1442
1387
1418
1365
1456
1328
1529
1292
1568
1258
1547
1236
1564
1215
1546
1214
1531
1184
1455
1170
1390
1149
1318
1140
1264
1140
1189
1134
1173
1135
1157
1130
1123
1154
1110
1174
1096
1197
1053
1221
1078
1250
1107
1280
1151
1319
1327
1344
1274
1341
1248
1332
1200
1346
1171
1330
1111
1327
1043
1314
1054
1287
1081
1267
1105
1242
1115
1232
1027
1234
1114
1183
1111
1176
1108
1174
1098
1187
1132
1204
1163
1223
1180
1256
1205
1282
1227
1299
1129
1343
1168
1336
1257
1336
1266
1348
1311
1366
1339
1381
1343
1414
1408
1433
1418
1444
1376
1451
1251
1470
1300
1441
1330
1395
1389
1370
1426
1360
1410
1305
1458
1255
1493
1232
1454
1202
1466
1167
1461
1154
1440
1158
1412
1170
1467
1162
1416
1181
1345
1204
1290
1204
1239
1226
1163
1244
1139
1246
1174
1261
1138
1302
1128
1286
1169
1258
1120
1259
1064
1252
1058
1225
1044
1238
1039
1232
1056
1205
1135
1198
1177
1193
1207
1198
1256
1172
1261
1190
1223
1189
1228
1186
1209
1183
1200
1189
1188
1204
1284
1218
1295
1213
1282
1256
1385
1252
1204
1298
1210
1348
1195
1327
1169
1344
1177
1358
1197
1389
1234
1383
1240
1388
1233
1385
1221
1371
1143
1393
1129
1339
1135
1328
1221
1307
1225
1322
1272
1268
1327
1262
1306
1279
1269
1277
1296
1279
1262
1262
1379
1308
1281
1315
1337
1326
1287
1337
1257
1334
1234
1333
1173
1320
1142
1281
1135
1290
1129
1272
1276
1278
1198
1264
1244
1252
1286
1232
1348
1216
1381
1203
1301
1193
1381
1190
1413
1193
1435
1197
1473
1213
1555
1219
1533
1227
1478
1239
1401
1243
1378
1247
1298
1245
1268
1282
1250
1296
1231
1326
1232
1337
1217
1334
1253
1321
1185
1310
1148
1300
1174
1280
1151
1281
1218
1258
1186
1270
1203
1259
1206
1245
1256
1232
1265
1253
1266
1206
1316
1212
1273
1228
1258
1241
1242
1262
1251
1263
1161
1263
1153
1258
1155
1259
1107
1244
1103
1280
1176
1262
1179
1265
1139
1256
1171
1228
1189
1239
1190
1234
1277
1241
1210
1255
1198
1272
1251
1300
1338
1312
1351
1329
1431
1331
1355
1322
1363
1315
1306
1258
1317
1297
1338
1280
1335
1263
1348
1246
1321
1228
1296
1222
1239
1205
1188
1195
1123
1193
1086
1209
1108
1190
1111
1202
1164
1221
1195
1234
1234
1233
1255
1249
1322
1274
1151
1291
1200
1305
1185
1327
1251
1364
1271
1360
1278
1372
1282
1352
1319
1375
1266
1371
1269
1334
1228
1356
1307
1334
1258
1324
1283
1292
1296
1287
1289
1250
1249
1215
1219
1191
1191
1174
1225
1151
1162
1185
1308
1163
1301
1226
1335
1213
1360
1261
1292
1269
1318
1278
1305
1289
1309
1303
1336
1313
1343
1325
1366
1328
1360
1320
1327
1290
1301
1271
1248
1248
1200
1231
1189
1230
1114
1232
1343
1184
1097
1239
1271
1208
1203
1197
1215
1160
1190
1169
1177
1151
1173
1173
1206
1191
1200
1203
1296
1258
1282
1236
1172
1255
1130
1259
1093
1271
1042
1295
995
1305
1014
1324
1073
1330
1103
1327
1094
1301
1134
1290
1198
1282
1136
1255
1128
1250
1194
1257
1222
1267
1327
1274
1293
1295
1342
1299
1351
1299
1371
1294
1363
1325
1449
1312
1331
1326
1401
1341
1399
1350
1401
1331
1454
1343
1301
1340
1326
1308
1239
1295
1216
1280
1236
1287
1192
1293
1294
1295
1305
1277
1331
1236
1359
1239
1315
1213
1280
1209
1276
1200
1277
1210
1256
1226
1217
1243
1273
1245
1239
1286
1200
1256
1118
1258
1075
1258
1118
1262
1096
1248
1092
1260
1126
1281
1037
1268
1136
1228
1164
1220
1135
1207
1120
1204
1152
1221
1217
1237
1283
1218
1318
1256
1362
1251
1365
1242
1340
1220
1321
1191
1278
1202
1285
1211
1217
1242
1223
1278
1214
1306
1187
1311
1155
1314
1125
1303
1068
1288
1248
1260
1075
1302
1177
1310
1191
1315
1220
1288
1244
1318
1196
1290
1151
1279
1165
1258
1137
1253
1132
1226
1204
1255
1132
1286
1223
1291
1263
1289
1300
1276
1293
1258
1319
1248
1272
1262
1264
1271
1239
1289
1152
1319
1236
1313
1223
1292
1225
1276
1175
1269
1161
1260
1194
1275
1211
1287
1235
1317
1292
1330
1204
1363
1381
1343
1430
1304
1287
1289
1298
1270
1270
1257
1260
1269
1294
1282
1319
1291
1340
1284
1367
1280
1329
1255
1344
1247
1268
1241
1281
1237
1268
1254
1272
1246
1299
1276
1232
1279
1314
1260
1301
1239
1287
1240
1175
1219
1205
1250
1224
1276
1299
1311
1316
1325
1317
1335
1317
1304
1267
1302
1246
1277
1213
1259
1222
1255
1320
1230
1229
1276
1219
1279
1227
1280
1246
1254
1227
1231
1208
1198
1088
1205
1153
1218
1143
1233
1185
1260
1211
1268
1203
1264
1197
1246
1253
1220
1180
1208
1208
1176
1183
1227
1204
1251
1229
1245
1272
1289
1273
1274
1379
1268
1335
1245
1234
1243
1181
1243
1165
1231
1164
1285
1128
1306
1225
1301
1231
1295
1225
1280
1230
1250
1200
1267
1218
1267
1205
1294
1228
1321
1262
1348
1281
1357
1285
1345
1297
1339
1247
1306
1220
1282
1170
1236
1061
1251
1159
1227
1212
1213
1232
1214
1238
1203
1214
1181
1200
1210
1134
1226
1137
1268
1135
1277
1198
1290
1258
1317
1266
1312
1274
1311
1287
1295
1319
1277
1323
1321
1370
1343
1364
1392
1384
1430
1400
1456
1275
1417
1472
1392
1373
1342
1385
1292
1389
1220
1451
1214
1457
1201
1524
1180
1525
1175
1509
1159
1440
1139
1371
1114
1434
1078
1329
1080
1260
1105
1203
1193
1174
1264
1077
1307
1119
1345
1096
1355
1138
1299
1068
1275
1072
1252
1065
1268
1072
1280
1101
1356
1156
1388
1115
1399
1183
1369
1185
1339
1158
1357
1093
1332
1131
1374
1158
1403
1204
1416
1209
1396
1182
1337
1193
1241
1210
1141
1177
1064
1131
1012
1096
1036
1205
1043
1140
1112
1149
1129
1136
1147
1120
1159
1061
1168
1048
1192
1027
1236
1058
1301
1146
1347
1226
1397
1243
1434
1287
1441
1300
1423
1339
1417
1377
1433
1444
1441
1487
1460
1564
1491
1669
1497
1697
1492
1599
1445
1700
1390
1609
1334
1484
1277
1392
1232
1330
1211
1260
1175
1188
1132
1233
1116
1196
1050
1114
989
1042
992
1046
988
990
1029
1011
1080
1006
1149
1077
1193
1071
1243
1088
1241
1137
1202
1171
1232
1163
1237
1218
1269
1185
1332
1297
1390
1358
1413
1357
1449
1381
1451
1363
1437
1342
1439
1367
1435
1369
1439
1371
1453
1443
1436
1479
1409
1441
1369
1409
1314
1311
1234
1204
1202
1114
1147
994
1133
950
1121
968
1127
988
1108
1057
1106
1100
1087
1135
1085
1143
1093
1178
1121
1190
1171
1167
1226
1213
1295
1189
1316
1189
1355
1220
1330
1228
1343
1153
1334
1201
1323
1193
1360
1211
1383
1322
1419
1302
1435
1302
1432
1304
1410
1286
1371
1237
1361
1249
1313
1206
1314
1280
1301
1306
1300
1365
1276
1368
1233
1363
1185
1359
1137
1355
1100
1383
1098
1186
1126
1330
1163
1297
1215
1306
1248
1328
1227
1336
1263
1269
1269
1281
1258
1271
1300
1250
1332
1432
1341
1154
1408
1208
1386
1211
1354
1188
1312
1192
1265
1208
1257
1131
1250
1218
1270
1238
1302
1296
1337
1252
1350
1340
1311
1312
1276
1282
1241
1249
1199
1228
1181
1175
1193
1235
1202
1222
1210
1246
1210
1155
1194
1255
1151
1181
1110
1189
1131
1163
1167
1138
1222
1168
1277
1228
1328
1288
1340
1334
1346
1418
1310
1328
1311
1351
1309
1348
1336
1330
1382
1400
1397
1375
1430
1345
1416
1338
1357
1300
1301
1218
1273
1198
1234
1105
1243
1165
1260
1165
1278
1168
1214
1156
1255
1108
1187
1081
1139
1034
1102
1008
1092
1002
1126
1015
1151
1018
1206
1037
1234
1022
1243
1033
1178
1029
1200
1053
1170
1067
1227
1099
1267
1175
1336
1323
1357
1265
1383
1295
1363
1334
1330
1335
1289
1365
1291
1416
1297
1400
1320
1411
1373
1402
1392
1462
1382
1450
1364
1419
1318
1403
1270
1406
1191
1383
1222
1351
1256
1328
1285
1334
1307
1313
1290
1308
1264
1173
1229
1302
1180
1240
1166
1212
1193
1259
1238
1263
1279
1259
1304
1297
1298
1290
1268
1298
1246
1175
1234
1183
1238
1265
1216
1218
1295
1236
1339
1281
1353
1308
1346
1320
1315
1267
1278
1219
1245
1170
1256
1094
1287
1042
1291
1092
1302
1102
1301
1092
1277
1114
1219
1089
1190
1048
1160
1062
1148
1067
1161
1037
1241
1121
1250
1192
1247
1238
1245
1245
1220
1236
1205
1244
1179
1203
1218
1242
1218
1247
1302
1294
1340
1305
1360
1308
1373
1325
1340
1272
1304
1260
1267
1216
1261
1285
1270
1271
1330
1233
1343
1223
1347
1250
1321
1297
1258
1220
1243
1211
1219
1224
1189
1204
1252
1219
1281
1270
1313
1245
1340
1255
1303
1259
1257
1216
1235
1208
1215
1248
1217
1227
1256
1266
1303
1277
1326
1285
1302
1306
1288
1326
1242
1272
1208
1300
1190
1285
1193
1217
1204
1280
1268
1272
1293
1220
1296
1239
1268
1226
1228
1221
1192
1213
1213
1198
1196
1184
1259
1252
1280
1372
1332
1277
1364
1305
1324
1279
1263
1237
1232
1212
1202
1202
1208
1094
1250
1147
1284
1163
1308
1136
1287
1189
1267
1130
1230
1196
1165
1202
1192
1174
1239
1093
1285
1124
1332
1145
1335
1140
1340
1206
1299
1216
1248
1139
1232
1218
1183
1247
1228
1163
1278
1273
1331
1260
1334
1251
1322
1272
1291
1261
1234
1229
1198
1212
1209
1236
1236
1158
1259
1245
1326
1274
1341
1242
1309
1264
1284
1223
1227
1205
1208
1144
1234
1115
1234
1268
1282
1101
1343
1188
1357
1177
1334
1235
1297
1244
1252
1262
1207
1247
1259
1210
1236
1332
1312
1332
1314
1266
1349
1231
1300
1280
1248
1268
1201
1241
1174
1273
1171
1262
1224
1375
1266
1249
1302
1280
1279
1285
1268
1324
1199
1307
1191
1236
1167
1290
1209
1191
1220
1410
1316
1289
1359
1307
1357
1306
1329
1352
1276
1378
1245
1278
1220
1273
1289
1238
1301
1406
1317
1272
1334
1233
1305
1253
1252
1306
1196
1337
1145
1298
1140
1269
1192
1199
1239
1355
1307
1222
1324
1193
1317
1211
1285
1212
1194
1306
1191
1254
1206
1271
1243
1153
1247
1359
1311
1202
1320
1114
1297
1186
1263
1173
1208
1271
1179
1189
1202
1207
1246
1098
1253
1296
1331
1155
1353
1156
1341
1196
1298
1175
1254
1278
1203
1214
1268
1228
1272
1085
1272
1296
1320
1147
1330
1160
1299
1219
1263
1180
1207
1312
1154
1262
1227
1242
1235
1135
1273
1354
1338
1236
1339
1204
1309
1253
1251
1232
1213
1245
1162
1274
1189
1254
1268
1120
1254
1272
1334
1254
1335
1271
1307
1343
1256
1336
1239
1317
1217
1367
1266
1333
1307
1163
1359
1367
1392
1329
1400
1300
1355
1362
1282
1337
1280
1270
1245
1345
1255
1224
1250
1122
1293
1344
1344
1239
1322
1229
1282
1266
1199
1284
1178
1248
1160
1238
1182
1196
1245
1012
1273
1212
1280
1192
1275
1186
1241
1220
1191
1280
1190
1193
1164
1249
1205
1175
1292
973
1373
1245
1376
1156
1358
1163
1323
1193
1260
1318
1249
1306
1211
1321
1285
1217
1315
1059
1378
1275
1374
1201
1328
1204
1282
1177
1207
1310
1200
1216
1207
1270
1209
1110
1215
967
1317
1237
1320
1105
1284
1196
1243
1192
1191
1350
1154
1278
1206
1279
1244
1137
1248
915
1345
1199
1365
1139
1313
1200
1270
1193
1223
1345
1196
1285
1239
1261
1262
1141
1304
1034
1422
1295
1399
1248
1368
1306
1319
1296
1271
1466
1246
1345
1226
1335
1270
1101
1250
1101
1344
1245
1294
1211
1197
1274
1154
1260
1126
1422
1087
1344
1144
1246
1157
1106
1240
1192
1316
1180
1307
1153
1296
1231
1234
1236
1221
1379
1237
1328
1253
1291
1330
1120
1344
1311
1449
1269
1425
1235
1363
1307
1274
1299
1273
1360
1241
1295
1312
1188
1311
1043
1359
1235
1411
1163
1373
1166
1297
1269
1212
1317
1187
1331
1172
1336
1209
1200
1197
1059
1259
1225
1314
1162
1274
1162
1222
1246
1155
1314
1149
1346
1158
1366
1187
1279
1268
1037
1275
1299
1355
1222
1320
1208
1263
1281
1202
1335
1230
1289
1171
1292
1255
1178
1248
1016
1326
1240
1360
1178
1326
1212
1276
1278
1213
1370
1221
1313
1216
1304
1296
1169
1302
972
1330
1218
1384
1159
1303
1192
1268
1225
1206
1325
1207
1304
1187
1307
1239
1189
1305
933
1302
1219
1361
1165
1312
1206
1258
1243
1207
1380
1220
1348
1233
1279
1269
1170
1335
938
1350
1247
1376
1165
1354
1236
1285
1250
1230
1449
1249
1376
1236
1345
1261
1136
1301
969
1398
1264
1370
1206
1323
1276
1260
1303
1201
1491
1202
1411
1229
1360
1223
1206
1236
952
1309
1258
1282
1205
1212
1295
1183
1322
1122
1514
1128
1409
1177
1380
1211
1155
1229
974
1318
1253
1314
1215
1269
1306
1239
1312
1209
1509
1225
1370
1284
1318
1326
1089
1262
866
1387
1178
1345
1159
1299
1267
1243
1270
1203
1458
1234
1340
1258
1236
1301
1000
1302
768
1370
1092
1329
1075
1263
1188
1208
1218
1176
1387
1167
1242
1203
1186
1291
944
1260
1055
1348
1105
1302
1129
1249
1257
1199
1307
1185
1480
1190
1363
1201
1216
1305
991
1324
1094
1401
1144
1344
1170
1292
1317
1205
1393
1231
1454
1241
1439
1271
1304
1338
1028
1309
1259
1380
1200
1310
1234
1256
1336
1197
1444
1208
1438
1206
1394
1293
1257
1272
1060
1288
1276
1334
1163
1281
1214
1209
1282
1171
1429
1200
1410
1211
1389
1240
1246
1314
974
1293
1221
1327
1190
1279
1226
1243
1298
1169
1463
1219
1413
1209
1374
1270
1223
1331
932
1307
1176
1361
1103
1297
1163
1249
1199
1217
1401
1202
1311
1240
1327
1316
1095
1327
907
1331
1152
1351
1106
1301
1202
1248
1239
1192
1462
1229
1402
1253
1365
1275
1152
1276
920
1335
1169
1317
1112
1261
1223
1215
1282
1185
1417
1178
1436
1255
1380
1295
1142
1286
895
1362
1152
1314
1109
1269
1213
1213
1246
1190
1477
1169
1380
1220
1305
1249
1121
1284
898
1337
1136
1280
1122
1223
1237
1180
1311
1193
1504
1165
1452
1259
1321
1297
1121
1332
1064
1368
1135
1327
1095
1273
1257
1181
1338
1228
1498
1188
1359
1288
1310
1300
1069
1318
1127
1375
1077
1316
1079
1267
1210
1213
1318
1228
1398
1249
1428
1315
1301
1303
1092
1334
1228
1368
1137
1306
1125
1255
1269
1224
1369
1210
1418
1187
1470
1256
1304
1277
1057
1280
1227
1345
1132
1281
1131
1216
1246
1193
1381
1216
1417
1238
1445
1258
1288
1310
1025
1286
1198
1312
1096
1281
1127
1233
1190
1186
1398
1206
1412
1201
1449
1246
1304
1286
1013
1283
1217
1304
1124
1251
1134
1137
924
1195
1603
1207
1400
1230
1415
1283
1235
1273
947
1330
1164
1317
1053
1270
1125
1208
903
1202
1525
1161
1363
1245
1339
1256
1205
1314
931
1363
1151
1325
1055
1276
1138
1196
1314
1267
1531
1245
1437
1310
1415
1349
1229
1351
928
1401
1162
1360
1060
1302
829
1207
1316
1270
1560
1208
1433
1276
1402
1313
1212
1339
1344
1369
1142
1304
1073
1250
949
1140
1320
1248
1316
1215
1431
1278
1404
1308
1165
1315
1319
1326
1119
1305
1065
1252
777
1181
1364
1261
1503
1226
1477
1291
1398
1266
1226
1349
1358
1346
1165
1261
1127
1172
892
1163
1539
1259
1473
1202
1533
1281
1403
1286
1189
1340
1345
1304
1133
1245
1087
1123
806
1122
1501
1220
1384
1166
1464
1246
1347
1257
1091
1331
1265
1303
1069
1260
1053
1173
835
1147
1482
1277
1357
1229
1421
1296
1304
1286
1441
1387
1248
1343
1058
1290
1050
1199
853
1247
1531
1268
1368
1238
1439
1313
1295
1339
1361
1388
1201
1343
1030
1291
657
1184
806
1200
1522
1310
1358
1279
1385
1300
1213
1330
1423
1373
1139
1320
981
1259
730
1145
846
1124
1539
1250
1342
1220
1412
1289
1299
1260
1425
1353
1203
1316
1063
1258
746
1129
995
1248
1698
1247
1456
1239
1504
1319
1316
1332
1528
1362
1232
1305
1094
1230
732
1138
1014
1233
1679
1174
1490
1259
1456
1250
1288
1323
1438
1334
1177
1283
1064
1170
710
1072
1009
1234
1674
1210
1433
1259
1392
1310
1400
1374
1361
1340
1113
1293
1006
1159
718
1154
1272
1261
1372
1248
1397
1256
1408
1312
1182
1385
1283
1365
1097
1313
1013
1205
745
1207
1300
1298
1631
1266
1387
1282
1368
1334
1513
1370
1304
1363
1085
1311
1013
1174
753
1187
1450
1285
1393
1247
1455
1259
1425
1274
1478
1343
1338
1305
1146
1246
720
1142
829
1111
1523
1240
1397
1181
1451
1257
1410
1291
1564
1337
1272
1273
1043
1242
722
1146
802
1167
1474
1280
1320
1210
1428
1278
1369
1275
1503
1362
1257
1321
1072
1265
683
1166
871
1200
1576
1298
1390
1239
1477
1323
1364
1403
1538
1384
1249
1331
1050
1202
611
1152
864
1240
1575
1309
1411
1280
1442
1277
1343
1385
1476
1375
1208
1336
1016
1235
626
1180
898
1247
1603
1325
1347
1291
1455
1298
1373
1392
1460
1354
1185
1294
991
1157
690
1157
891
1239
1620
1232
1434
1257
1423
1253
1619
1346
1450
1315
1199
1270
1025
1173
658
1143
959
1275
1642
1307
1425
1331
1435
1355
1589
1399
1401
1358
1145
1294
674
1129
743
1169
1322
1228
1706
1232
1500
1236
1515
1218
1738
1304
1499
1251
1234
1205
735
1125
768
1081
1324
1225
1567
1192
1410
1238
1395
1290
1576
1349
1354
1313
1088
1267
542
1139
674
1206
1233
1321
1504
1316
1264
1333
1248
1405
1422
1388
1278
1333
1079
1260
653
1167
777
1137
1455
1285
1375
1292
1406
1282
1388
1391
1593
1368
1326
1309
1105
1184
620
1131
803
1137
1454
1286
1358
1271
1370
1298
1556
1326
1524
1325
1299
1271
1108
1163
658
1114
816
1163
1502
1298
1280
1260
1399
1299
1270
1404
1496
1385
1257
1323
1077
1170
698
1203
799
1257
1550
1336
1369
1313
1433
1303
1668
1368
1499
1339
1280
1278
1063
1143
711
1160
894
1221
1579
1344
1364
1332
1432
1359
1700
1360
1531
1359
1311
1306
1166
1162
859
1171
990
1269
1700
1254
1455
1300
1470
1279
1700
1333
1535
1295
1306
1225
825
1119
797
1082
1009
1228
1660
1206
1370
1280
1384
1300
1619
1367
1414
1295
1177
1236
749
1120
713
1142
1208
1283
1405
1260
1252
1277
1260
1300
1442
1328
1347
1292
1155
1210
647
1065
785
1124
1335
1248
1561
1276
1320
1256
1262
1350
1461
1344
1346
1278
1139
1213
673
1123
708
1118
1238
1280
1296
1274
1208
1314
1226
1378
1420
1344
1292
1290
1115
1166
684
1167
784
1189
1435
1336
1311
1371
1321
1390
1328
1433
1572
1383
1386
1311
1216
1190
784
1134
921
1166
1497
1319
1322
1298
1337
1298
1657
1319
1541
1326
1379
1266
1187
1168
754
1138
897
1256
1509
1349
1232
1328
1301
1328
1589
1351
1476
1327
1269
1240
1120
1152
688
1066
837
1211
1473
1279
1163
1245
1236
1284
1546
1326
1425
1324
1255
1275
758
1141
821
1199
1010
1319
1650
1397
1370
1339
1423
1392
1533
1371
1561
1323
1363
1226
933
1110
805
1078
961
1267
1532
1258
1222
1282
1181
1311
1240
1311
1379
1262
1170
1186
729
1092
787
1104
1216
1227
1609
1253
1313
1293
1320
1368
1398
1322
1464
1250
1271
1172
810
1096
841
1108
1346
1292
1452
1299
1227
1305
1208
1390
1421
1349
1402
1263
1259
1152
794
1060
907
1139
1470
1306
1425
1305
1291
1348
1228
1410
1468
1363
1396
1276
1255
1151
822
1136
898
1146
1432
1333
1327
1302
1235
1368
1511
1376
1404
1349
1311
1274
1176
1174
693
1132
811
1272
1385
1377
1073
1341
1115
1404
1361
1407
1359
1361
1262
1274
1168
1108
788
1133
907
1195
1503
1342
1295
1330
1322
1308
1664
1323
1591
1296
1473
1223
991
1060
977
1114
1397
1244
1654
1293
1294
1313
1272
1337
1578
1360
1503
1304
1361
1194
914
1089
873
1083
969
1235
1556
1287
1214
1332
1250
1315
1587
1306
1497
1278
1386
1199
874
1045
954
1138
1040
1246
1590
1279
1212
1282
1190
1403
1358
1348
1454
1279
1340
1189
841
1052
908
1108
1343
1272
1507
1279
1105
1382
1084
1443
1170
1366
1362
1277
1197
1132
779
1075
859
1112
1275
1283
1396
1287
1030
1328
995
1435
1146
1368
1270
1273
1204
1122
795
1104
842
1115
1442
1328
1261
1374
1171
1441
1191
1487
1417
1429
1470
1316
1365
1174
950
1099
1186
1174
1525
1336
1235
1360
1145
1363
1451
1390
1419
1364
1407
1247
1359
1010
945
1049
1146
1181
1631
1287
1277
1280
1270
1318
1480
1354
1490
1324
1426
1237
1329
1114
901
1111
976
1225
1488
1379
1095
1374
1052
1425
1362
1444
1345
1388
1317
1282
874
1096
918
1143
1016
1282
1543
1369
1224
1363
1161
1364
1271
1335
1480
1307
1414
1179
1082
1026
1012
1017
1199
1193
1704
1245
1333
1325
1311
1342
1501
1348
1550
1283
1440
1166
927
1034
970
1110
1063
1255
1530
1326
1122
1362
1071
1455
1137
1384
1361
1288
1276
1166
806
972
897
1059
1441
1201
1514
1192
1160
1316
1123
1409
1229
1312
1428
1263
1352
1098
887
1063
1244
1091
1367
1312
1463
1370
1049
1466
991
1516
1124
1434
1271
1325
1217
1147
813
1109
982
1101
1445
1297
1186
1307
1132
1371
1080
1460
1300
1361
1373
1256
1313
1090
882
1073
1038
1076
1510
1306
1188
1302
1128
1417
1392
1435
1351
1385
1372
1281
1329
1098
919
1069
1098
1151
1567
1350
1259
1373
1200
1469
1559
1439
1448
1409
1448
1277
1014
1066
1034
1121
1128
1178
1612
1272
1208
1293
1173
1345
1484
1360
1441
1317
1391
1201
1047
1050
1014
1082
1129
1187
1638
1334
1258
1394
1192
1448
1304
1471
1472
1421
1403
1328
911
1098
1281
1149
999
1242
1452
1255
1030
1366
1018
1389
1071
1374
1288
1304
1241
1177
855
1020
1164
1019
1048
1167
1608
1271
1228
1309
1246
1470
1327
1392
1555
1315
1487
1148
1071
1033
1359
1031
1136
1217
1626
1265
1185
1358
1152
1491
1289
1422
1383
1323
1320
1105
884
1044
1159
1045
1381
1227
1426
1243
1047
1381
1022
1463
1177
1406
1328
1295
1283
1137
864
1024
1241
1080
1367
1252
1365
1329
1107
1400
1351
1489
1238
1461
1394
1362
1346
1158
957
1177
1026
1146
1472
1314
1141
1360
1028
1403
1295
1451
1235
1412
1286
1263
1269
1042
901
986
1050
1038
1526
1216
1228
1255
1198
1341
1549
1397
1466
1399
1483
1276
1100
1116
1204
1158
1127
1139
1621
1349
1215
1399
1187
1491
1528
1461
1426
1435
1380
1282
1017
1073
982
1070
1056
1123
1563
1218
1145
1234
1186
1316
1337
1363
1477
1314
1423
1205
1008
1017
1413
1012
1116
1129
1598
1243
1184
1308
1141
1426
1251
1389
1372
1373
1298
1259
821
1066
1262
1068
962
1221
1446
1268
1004
1398
1001
1476
1121
1476
1334
1415
1294
1219
847
1087
1171
1054
1032
1214
1539
1242
1130
1304
1082
1460
1247
1410
1387
1345
1343
1160
958
1041
1078
1067
1517
1216
1403
1266
1211
1359
1154
1470
1155
1446
1471
1336
1387
1143
964
1115
1049
1028
1368
1213
1341
1257
1062
1313
1284
1456
1164
1425
1346
1328
1290
1156
902
1135
962
1086
1487
1253
1178
1288
1141
1398
1233
1473
1281
1425
1424
1316
1031
1110
1336
1121
1096
1036
1564
1248
1209
1276
1146
1361
1460
1417
1328
1425
1361
1353
947
1106
1252
1132
1041
1083
1509
1241
1195
1253
1116
1355
1356
1391
1370
1382
1371
1280
1030
1090
1052
1145
1105
1107
1656
1271
1230
1329
1226
1355
1409
1433
1479
1428
1429
1329
962
1154
1391
1108
1086
1190
1554
1303
1140
1357
1106
1454
1244
1404
1417
1377
1374
1264
972
1080
1411
1032
1111
1145
1631
1191
1234
1233
1229
1297
1380
1343
1479
1310
1403
1123
965
1092
1272
991
1086
1146
1552
1166
1109
1282
1003
1432
1094
1412
1255
1378
1197
1237
744
1114
997
1092
1220
1213
1216
1229
1028
1331
1042
1475
1115
1470
1386
1403
1329
1205
1026
1196
1128
1093
1438
1231
1364
1246
1233
1315
1452
1400
1243
1414
1423
1324
1358
1134
959
1129
1019
1036
1290
1221
1321
1283
1167
1367
1484
1462
1243
1481
1352
1396
955
1208
1330
1209
1045
1123
1527
1274
1207
1267
1215
1366
1477
1398
1397
1414
1402
1318
962
1098
1248
1157
1031
1121
1510
1270
1159
1296
1151
1353
1294
1420
1382
1398
1404
1318
924
1125
1375
1116
1017
1053
1530
1207
1184
1243
1148
1266
1488
1356
1411
1362
1380
1261
930
1095
1352
1061
1032
1064
1557
1168
1198
1236
1170
1320
1286
1317
1481
1338
1408
1189
949
1176
1355
1073
1039
1207
1522
1252
1103
1297
1129
1454
1257
1447
1404
1463
1295
1342
851
1277
1178
1209
961
1259
1515
1234
1128
1288
1125
1365
1263
1329
1393
1308
1306
1210
858
1150
1013
1099
1030
1218
1534
1255
1141
1285
1470
1367
1302
1371
1433
1348
1359
1185
946
1203
980
1110
1257
1215
1293
1169
1170
1196
1249
1329
1195
1341
1404
1309
1310
1215
979
1230
945
1165
1205
1289
1162
1231
1131
1268
1524
1354
1277
1368
1451
1315
1034
1197
1397
1200
1045
1106
1535
1241
1224
1227
1187
1256
1473
1326
1350
1368
1313
1326
911
1168
1220
1208
946
1105
1431
1232
1155
1187
1139
1212
1432
1254
1396
1296
1384
1265
922
1145
1343
1155
1016
1174
1505
1290
1151
1286
1170
1321
1451
1397
1380
1431
1311
1415
857
1267
1274
1259
967
1209
1478
1273
1118
1253
1125
1328
1273
1296
1416
1320
1354
1166
865
1204
1321
1088
1053
1128
1595
1182
1231
1187
1294
1266
1403
1297
1471
1352
1380
1271
912
1263
1123
1168
1027
1251
1539
1177
1169
1245
1172
1334
1283
1322
1439
1327
1334
1201
1215
1268
1027
1165
1091
1239
1550
1196
1195
1249
1453
1366
1310
1359
1359
1375
1258
1225
1095
1267
912
1130
1278
1245
1234
1174
1124
1197
1400
1231
1252
1301
1382
1277
1301
1121
900
1210
1012
1166
1223
1272
1189
1226
1130
1307
1436
1377
1155
1412
1285
1381
843
1220
1231
1287
939
1166
1487
1291
1202
1230
1250
1260
1535
1333
1438
1356
1486
1359
1115
1252
1410
1258
1111
1238
1577
1345
1257
1301
1217
1289
1494
1331
1371
1332
1303
1287
833
1163
1323
1157
986
1095
1507
1188
1155
1139
1170
1167
1467
1234
1421
1276
1369
1272
908
1198
1315
1210
985
1191
1510
1247
1182
1191
1164
1214
1276
1225
1444
1248
1394
1142
901
1210
1359
1143
1017
1206
1535
1232
1193
1236
1171
1311
1338
1333
1397
1386
1294
1303
813
1348
1142
1277
913
1337
1428
1226
1069
1255
1082
1289
1176
1249
1368
1252
1258
1146
1045
1243
1050
1170
1032
1266
1516
1256
1189
1260
1425
1293
1444
1282
1466
1335
1383
1262
1231
1313
948
1237
1218
1297
1088
1197
1077
1173
1164
1243
1166
1296
1357
1296
961
1242
1318
1321
1007
1246
1225
1380
1251
1260
1239
1274
1616
1321
1401
1340
1487
1321
1056
1234
1358
1294
1006
1202
1442
1286
1120
1203
1125
1162
1425
1187
1317
1249
1354
1260
986
1189
1315
1235
1017
1229
1493
1326
1186
1240
1218
1216
1418
1278
1409
1322
1414
1314
941
1282
1336
1284
999
1261
1431
1338
1118
1219
1137
1292
1280
1243
1453
1290
1404
1290
996
1270
1423
1264
1081
1224
1572
1267
1139
1205
1132
1258
1232
1262
1362
1292
1295
1256
859
1274
1327
1200
1019
1211
1514
1240
1148
1197
1149
1273
1310
1241
1433
1290
1373
1242
898
1333
1197
1298
1017
1375
1503
1307
1126
1262
1083
1347
1314
1292
1369
1313
1313
1223
1191
1285
1056
1227
1035
1269
1505
1223
1159
1181
1426
1270
1438
1246
1446
1290
1384
1224
1303
1337
1038
1288
1294
1394
1149
1287
1088
1259
1062
1300
1275
1252
1337
1228
923
1147
1329
1252
1003
1198
1154
1295
1245
1252
1192
1235
1522
1294
1290
1313
1475
1286
1054
1202
1414
1313
1024
1222
1470
1328
1135
1229
1152
1195
1360
1257
1096
1220
1332
1219
1017
1164
1285
1218
931
1227
1372
1343
1068
1299
1062
1249
1410
1315
1332
1336
1375
1324
909
1250
1407
1265
1035
1214
1500
1268
1199
1235
1192
1285
1283
1220
1415
1246
1413
1250
944
1218
1391
1270
1040
1251
1529
1327
1155
1294
1088
1274
1326
1270
1361
1322
1313
1242
870
1295
1326
1244
996
1221
1470
1228
1105
1202
1108
1257
1198
1205
1413
1237
1384
1216
1006
1277
1270
1278
1089
1354
1531
1298
1158
1242
1117
1313
1313
1268
1406
1275
1326
1211
1214
1294
1107
1214
1019
1306
1429
1226
1100
1234
1282
1238
1353
1219
1412
1278
1346
1227
1289
1327
1063
1260
1194
1388
1146
1278
1125
1255
1065
1318
1233
1264
1361
1284
924
1216
1325
1311
993
1225
1206
1321
1199
1205
1201
1145
1553
1220
1370
1218
1492
1225
1106
1176
1441
1275
1116
1258
1137
1313
1172
1259
1138
1246
1441
1254
1238
1275
1341
1289
897
1291
1329
1318
988
1251
1458
1362
1140
1246
1109
1258
1425
1260
1363
1292
1381
1287
953
1272
1401
1291
1008
1234
1470
1351
1149
1248
1123
1294
1188
1240
1395
1234
1378
1225
981
1190
1404
1189
1077
1165
1571
1193
1157
1208
1118
1175
1432
1219
1355
1270
1293
1238
830
1306
1284
1249
916
1274
1441
1278
1067
1300
1051
1346
1150
1286
1374
1315
1338
1238
955
1321
1239
1264
1148
1362
1570
1279
1279
1265
1232
1314
1397
1267
1504
1272
1416
1198
1320
1280
1144
1223
1050
1297
1380
1229
1099
1195
1061
1259
1103
1226
1329
1246
1297
1151
1231
1290
980
1224
1277
1350
1129
1250
1129
1251
1266
1272
1284
1302
1436
1296
989
1218
1350
1308
1073
1218
1217
1299
1174
1235
1154
1210
1491
1256
1242
1302
1389
1308
1012
1211
1395
1331
1085
1272
1173
1363
1237
1277
1219
1256
1577
1252
1328
1261
1457
1243
1003
1209
1446
1233
1102
1190
1520
1264
1122
1177
1073
1198
1408
1217
1213
1277
1304
1284
871
1273
1342
1310
1003
1265
1490
1397
1142
1284
1180
1253
1193
1278
1337
1303
1324
1270
913
1253
1327
1221
1046
1239
1527
1259
1092
1235
1112
1284
1229
1259
1366
1292
1326
1243
891
1293
1344
1273
1003
1256
1532
1275
1151
1262
1119
1307
1338
1199
1360
1237
1333
1178
932
1251
1259
1192
1103
1293
1509
1243
1205
1267
1177
1302
1207
1242
1474
1268
1418
1204
1220
1311
1295
1253
1170
1370
1487
1325
1226
1260
1309
1348
1285
1287
1368
1289
1306
1194
1274
1319
1006
1220
1274
1340
1223
1273
1147
1245
1136
1257
1178
1219
1367
1186
935
1102
1300
1204
981
1150
1085
1260
1147
1207
1134
1205
1379
1219
1255
1253
1302
1249
900
1159
1316
1264
1012
1230
1135
1336
1217
1247
1159
1252
1386
1308
1419
1320
1391
1291
938
1243
1407
1316
1076
1264
1516
1367
1193
1319
1157
1301
1456
1300
1291
1304
1279
1299
822
1281
1316
1227
986
1194
1495
1287
1191
1215
1195
1230
1258
1182
1384
1207
1358
1111
901
1213
1385
1213
1028
1204
1537
1278
1137
1257
1129
1283
1225
1303
1325
1344
1254
1267
817
1326
1297
1305
1023
1290
1551
1339
1233
1286
1231
1317
1196
1275
1427
1293
1373
1261
1148
1282
1199
1204
1140
1316
1545
1247
1234
1252
1191
1268
1282
1220
1317
1209
1269
1132
1206
1199
1068
1145
1014
1212
1381
1181
1131
1194
1188
1251
1208
1230
1363
1256
1291
1164
1260
1282
1010
1217
1125
1329
1437
1306
1228
1248
1568
1334
1352
1302
1436
1320
1010
1243
1402
1336
1086
1256
1277
1362
1286
1303
1247
1253
1539
1314
1318
1300
1373
1270
942
1155
1299
1256
959
1165
1071
1279
1171
1221
1134
1209
1443
1199
1233
1216
1284
1223
764
1204
1219
1274
933
1232
1407
1359
1123
1304
1129
1302
1436
1310
1297
1299
1309
1265
880
1215
1340
1222
986
1178
1506
1300
1204
1204
1205
1178
1408
1182
1156
1247
1344
1176
1037
1276
1340
1278
975
1283
1516
1347
1178
1323
1155
1318
1394
1311
1400
1290
1351
1240
932
1246
1365
1197
1081
1177
1558
1237
1205
1154
1170
1230
1160
1213
1397
1242
1298
1180
843
1266
1248
1233
1037
1284
1506
1285
1189
1279
1169
1330
1307
1267
1383
1264
1284
1147
1229
1254
1194
1214
1018
1323
1442
1304
1154
1292
1175
1327
1233
1297
1365
1294
1290
1206
1253
1289
992
1215
1101
1323
1403
1252
1255
1278
1538
1274
1297
1273
1427
1243
994
1144
1348
1276
1043
1234
1156
1318
1133
1219
1172
1246
1446
1237
1112
1239
1300
1221
869
1130
1273
1214
947
1183
1081
1280
1139
1205
1120
1238
1396
1230
1066
1298
1263
1313
752
1311
1258
1346
945
1301
1441
1401
1139
1324
1170
1297
1518
1282
1430
1282
1378
1259
900
1203
1376
1217
1029
1155
1545
1282
1266
1185
1252
1220
1406
1219
1377
1267
1323
1187
952
1276
1357
1264
983
1265
1545
1301
1213
1306
1210
1280
1534
1274
1472
1275
1394
1191
910
1254
1364
1236
1058
1228
1595
1263
1241
1245
1213
1323
1354
1267
1453
1293
1325
1258
882
1289
1306
1312
1374
1311
1255
1267
1145
1260
1101
1203
1036
1174
958
1218
1306
1219
1268
1226
1303
1258
1219
1248
1287
1293
1345
1288
1206
1261
1059
1203
967
1190
826
1181
1259
1250
1359
1268
1430
1287
1499
1271
1369
1248
1361
1221
1280
1162
1018
1163
951
1154
965
1199
995
1300
1503
1360
1555
1390
1566
1384
1360
1313
1242
1284
1129
1291
890
1130
912
1201
948
1237
1061
1261
1518
1348
1602
1336
1537
1310
1405
1252
1126
1219
1093
1244
1139
1200
1040
1208
1093
1278
1186
1246
1244
1321
1630
1308
1513
1294
1381
1257
1170
1216
1143
1237
1202
1265
1102
1279
1096
1282
1177
1277
1099
1228
1432
1294
1359
1283
1299
1267
1287
1261
1193
1282
1277
1303
1334
1279
1220
1239
1126
1197
1025
1172
961
1230
1388
1256
1404
1275
1440
1304
1356
1309
1410
1318
1398
1305
1182
1217
1045
1174
916
1157
901
1181
1333
1272
1443
1312
1519
1297
1563
1280
1406
1260
1346
1213
1248
1151
1000
1158
962
1207
976
1213
1064
1342
1555
1387
1584
1391
1550
1364
1327
1284
1217
1261
1140
1234
974
1223
1000
1244
1097
1235
1144
1235
1605
1319
1616
1293
1475
1256
1329
1227
1082
1192
1052
1208
1046
1223
990
1268
997
1247
1055
1273
1063
1310
1449
1284
1352
1247
1266
1258
1128
1228
1173
1267
1272
1295
1194
1288
1198
1251
1205
1226
1088
1195
1430
1246
1413
1232
1386
1282
1397
1259
1294
1311
1382
1328
1373
1267
1187
1216
1134
1221
1020
1161
987
1253
1438
1291
1472
1322
1523
1343
1428
1337
1399
1326
1344
1290
1053
1196
941
1161
913
1178
903
1207
1334
1286
1431
1330
1482
1352
1492
1323
1286
1276
1203
1227
1142
1154
955
1195
990
1205
1060
1252
1111
1337
1618
1357
1617
1349
1523
1301
1291
1240
1187
1196
1171
1189
1067
1175
1067
1187
1153
1189
1234
1203
1593
1298
1563
1286
1448
1249
1347
1230
1129
1222
1164
1258
1228
1264
1126
1308
1157
1308
1134
1257
1049
1274
1351
1266
1297
1225
1247
1225
1160
1215
1144
1249
1216
1265
1092
1242
1084
1216
997
1139
926
1113
1149
1193
1263
1186
1292
1210
1319
1242
1221
1220
1248
1196
1238
1120
992
1110
884
1079
790
1055
780
1105
1272
1176
1339
1211
1363
1251
1328
1245
1165
1300
1086
1299
862
1305
841
1295
849
1357
961
1369
1311
1499
1695
1496
1786
1465
1737
1420
1509
1378
1394
1403
1336
1423
1212
1469
1305
1495
1431
1475
1588
1393
2078
1420
2025
1335
1830
1287
1562
1274
1223
1342
1091
1425
956
1465
935
1475
1056
1381
1194
1283
1260
1198
1549
1095
1350
1038
1148
1088
842
1187
839
1344
895
1452
861
1479
1003
1371
1162
1233
1136
1044
1551
985
1498
960
1406
996
1339
1112
1245
1244
1341
1339
1461
1320
1397
1271
1460
1095
1436
986
1320
945
1685
935
1543
985
1435
1110
1221
1219
1212
1326
1230
1368
1083
1287
1131
1214
1075
1088
1116
1008
1449
1085
1426
1109
1315
1177
1193
1279
929
1378
856
1479
883
1500
757
1460
897
1410
997
1334
1088
1345
1518
1278
1434
1201
1262
1264
1015
1320
803
1436
852
1517
776
1521
932
1461
1131
1397
1213
1260
1547
1177
1530
1091
1313
1094
1107
1184
853
1303
908
1455
1076
1525
1128
1509
1365
1370
1445
1143
1396
1009
1678
994
1460
1013
1272
1124
1127
1275
1099
1458
1299
1562
1485
1542
1548
1414
1648
1220
1585
1098
1427
1065
1591
1099
1355
1228
1233
1357
1088
1472
1220
1544
1401
1521
1408
1397
1456
1216
1461
1122
1312
1052
1620
1136
1438
1209
1286
1301
1211
1400
1053
1426
1131
1440
1206
1333
1144
1283
1174
1172
1207
1150
1153
1162
1508
1171
1407
1191
1287
1240
1043
1285
938
1365
1003
1401
958
1381
1093
1327
1236
1294
1318
1187
1668
1206
1658
1176
1460
1204
1266
1286
946
1370
1033
1464
1173
1475
1229
1395
1423
1264
1605
1118
1570
978
1836
977
1573
1001
1305
1110
1109
1229
956
1400
1071
1476
1190
1407
1338
1280
1429
1161
1344
982
1210
1028
1365
1087
1117
1212
945
1380
763
1521
881
1620
1098
1601
1102
1438
1246
1326
1172
1148
1161
1073
1426
1170
1266
1256
1135
1351
1110
1431
1005
1465
1124
1444
1258
1365
1183
1216
1228
1109
1236
1082
1218
1105
1532
1184
1453
1214
1355
1315
1178
1346
1138
1383
1217
1395
1171
1347
1268
1313
1368
1241
1375
1175
1640
1186
1749
1162
1590
1201
1434
1275
1145
1331
1146
1437
1233
1447
1187
1474
1362
1354
1460
1225
1475
1128
1794
1133
1596
1136
1352
1203
1164
1292
966
1406
1060
1457
1253
1390
1321
1249
1395
1080
1377
928
1216
941
1400
981
1127
1103
937
1259
733
1376
839
1447
1069
1418
1158
1274
1272
1117
1257
1009
1142
956
1301
1090
1148
1209
984
1331
931
1416
851
1421
1004
1383
1195
1255
1163
1142
1192
1047
1208
1041
1122
1124
1478
1258
1376
1347
1280
1421
1171
1430
1073
1437
1174
1425
1262
1332
1254
1324
1353
1259
1379
1229
1296
1290
1620
1290
1434
1310
1205
1350
938
1372
975
1429
1100
1437
1122
1414
1316
1371
1501
1274
1488
1178
1759
1206
1550
1222
1193
1293
1001
1386
776
1477
918
1523
1197
1470
1349
1351
1614
1197
1676
1025
1530
989
1678
1074
1336
1182
1054
1337
906
1452
937
1502
1240
1451
1574
1312
1653
1124
1723
1008
1552
905
1288
1047
1353
1166
1064
1301
945
1407
892
1411
1105
1368
1429
1261
1516
1117
1592
993
1548
1014
1313
1061
1401
1208
1211
1294
1068
1375
1038
1392
985
1350
1153
1304
1319
1241
1264
1128
1238
1109
1180
1115
996
1131
1257
1234
1081
1270
948
1314
915
1324
889
1343
1076
1364
1281
1273
1207
1215
1311
1170
1208
1062
1044
1105
1224
1169
991
1251
853
1324
755
1372
931
1413
1180
1404
1275
1276
1384
1205
1323
1094
1180
1041
1299
1190
1145
1274
973
1416
1005
1504
1014
1527
1284
1481
1552
1368
1540
1161
1482
1045
1378
1022
1111
1010
1310
1238
1144
1379
1108
1466
1178
1474
1246
1447
1471
1329
1610
1174
1497
1103
1367
1041
1216
1108
980
1241
1216
1371
1101
1413
1079
1425
1020
1360
1157
1301
1290
1228
1306
1151
1370
1127
1358
1143
1210
1182
1394
1308
1313
1356
1150
1392
1079
1404
973
1374
1136
1345
1343
1313
1372
1248
1431
1147
1421
1114
1245
1104
1424
1184
1179
1222
1020
1307
1006
1332
1029
1353
1271
1346
1533
1273
1552
1139
1501
1029
1325
987
1022
1047
1172
1164
954
1296
902
1408
935
1468
1160
1436
1452
1348
1632
1161
1520
1084
1360
980
1127
1041
867
1206
1053
1351
981
1472
1055
1524
1096
1460
1315
1361
1474
1227
1390
1068
1276
960
1120
1027
881
1104
1036
1290
1047
1391
1070
1437
1142
1391
1132
1347
1278
1237
1406
1178
1227
1130
1189
1086
1093
1158
896
1208
1205
1335
1101
1364
1082
1376
1123
1342
1144
1333
1347
1301
1530
1218
1444
1168
1397
1164
1233
1141
1021
1251
1236
1309
1125
1362
1132
1406
1145
1417
1347
1413
1597
1361
1725
1251
1601
1132
1482
1025
1206
1049
965
1187
1136
1299
1069
1402
1144
1488
1236
1475
1505
1430
1715
1307
1594
1133
1412
984
1110
1000
802
1050
968
1233
943
1344
1034
1405
1256
1395
1347
1318
1532
1217
1609
1094
1399
987
1166
1013
939
1077
721
1144
1040
1381
1043
1441
1170
1460
1285
1388
1275
1301
1397
1232
1441
1129
1200
1059
1068
1060
889
1081
770
1221
1115
1304
1152
1363
1253
1399
1277
1333
1405
1373
1556
1345
1604
1275
1422
1171
1249
1178
1020
1128
831
1238
1102
1307
1065
1381
1157
1463
1192
1458
1422
1434
1631
1354
1488
1221
1391
1086
1145
1071
841
1084
1004
1251
1032
1372
1121
1492
1331
1555
1426
1535
1668
1426
1758
1251
1485
1106
1195
1008
940
1028
675
1070
1020
1311
1119
1452
1338
1534
1580
1531
1643
1463
1772
1338
1731
1188
1321
1076
1086
1050
844
1070
681
1232
1099
1364
1227
1452
1398
1479
1544
1449
1600
1354
1663
1249
1635
1104
1336
1095
1108
1048
966
1132
788
1254
1184
1357
1218
1416
1350
1424
1422
1364
1565
1288
1726
1200
1583
1083
1309
982
1065
981
841
1043
712
1215
1018
1319
1080
1410
1302
1460
1412
1430
1640
1360
1736
1256
1460
1123
1169
1011
864
1036
544
1102
821
1303
919
1410
1122
1506
1421
1504
1561
1418
1731
1293
1686
1153
1253
971
935
964
575
961
427
1154
850
1386
1056
1477
1321
1539
1574
1461
1645
1325
1673
1162
1529
1020
1081
902
737
933
555
1055
477
1184
1012
1427
1215
1525
1470
1542
1651
1461
1637
1357
1627
1222
1474
1083
1035
1051
806
1077
691
1200
662
1346
1159
1478
1327
1536
1553
1524
1683
1426
1752
1324
1730
1213
1601
1084
1161
1057
864
1040
664
1190
584
1399
1123
1488
1309
1549
1583
1527
1680
1403
1785
1256
1718
1109
1388
961
973
940
669
1019
482
1147
798
1387
1175
1504
1465
1551
1767
1507
1795
1362
1805
1211
1606
1083
1149
1010
810
964
641
1133
591
1267
1123
1472
1411
1548
1699
1540
1950
1426
1888
1254
1806
1133
1575
1067
1134
1046
805
1099
687
1244
627
1330
1193
1464
1403
1436
1633
1350
1821
1199
1736
1073
1671
996
1467
966
979
986
712
1090
473
1173
433
1296
944
1448
1150
1459
1439
1412
1662
1332
1603
1267
1520
1224
1258
1189
747
1160
402
1195
242
1268
294
1374
974
1410
1344
1424
1732
1397
1964
1301
1859
1263
1603
1237
1246
1161
684
1153
446
1168
381
1179
561
1325
1336
1344
1712
1348
2006
1324
2030
1225
1755
1153
1410
1057
1052
988
571
985
505
1066
616
1157
884
1389
1651
1527
1911
1601
2061
1579
1870
1456
1611
1314
1304
1175
1012
1075
689
1065
691
1141
861
1314
1190
1477
1764
1601
1932
1601
2013
1504
1811
1302
1620
1123
1383
992
1046
892
783
943
709
1109
658
1232
1117
1424
1388
1455
1565
1398
1691
1261
1510
1071
1339
956
1083
871
641
879
450
991
352
1155
512
1328
1136
1592
1452
1647
1774
1586
1923
1478
1706
1260
1472
1152
1133
1077
711
1055
535
1127
551
1320
730
1480
1454
1689
1756
1700
2019
1612
2020
1433
1674
1202
1350
1027
1025
923
610
886
560
1008
636
1200
877
1405
1557
1561
1699
1549
1805
1419
1693
1195
1300
982
1028
867
831
836
579
895
599
1103
757
1312
1044
1531
1684
1690
1813
1673
1844
1522
1727
1304
1339
1123
1079
1002
908
1006
617
1120
670
1287
806
1469
1072
1675
1755
1697
1951
1595
1990
1399
1818
1213
1396
1000
1097
929
876
941
613
1021
670
1198
935
1387
1258
1524
1866
1518
2114
1403
2093
1254
1829
1048
1299
931
1004
898
744
927
556
1083
703
1306
932
1459
1278
1662
1888
1646
2036
1487
1915
1349
1606
1144
1111
985
790
939
656
944
500
1131
710
1315
993
1487
1280
1622
1772
1556
1846
1406
1714
1198
1436
985
995
863
780
839
680
964
560
1159
687
1358
965
1557
1210
1643
1654
1529
1797
1332
1645
1120
1445
915
1034
868
818
955
715
1073
539
1348
763
1569
1010
1637
1290
1684
1858
1503
1905
1350
1750
1150
1453
998
1002
974
778
1066
701
1215
600
1409
854
1557
1156
1592
1643
1588
1877
1421
1830
1245
1556
1064
1228
935
768
912
617
1014
628
1131
622
1296
879
1445
1188
1510
1627
1526
1791
1376
1709
1191
1487
1036
1197
924
825
910
741
1047
800
1232
837
1464
1143
1599
1421
1656
1792
1649
1932
1438
1848
1209
1635
1028
1393
930
1048
959
982
1116
1000
1331
1028
1533
1205
1613
1472
1605
1947
1522
1918
1292
1868
1091
1608
955
1299
901
910
985
791
1138
785
1347
835
1462
1109
1524
1338
1442
1852
1333
1866
1181
1680
1055
1369
991
1043
995
681
1088
643
1245
730
1353
871
1473
1237
1528
1455
1427
1865
1364
1624
1229
1499
1111
1137
1028
882
981
619
1062
693
1193
950
1339
1066
1458
1357
1486
1508
1449
1782
1347
1543
1219
1270
1089
1005
1004
818
990
630
1040
775
1222
1017
1367
1165
1493
1351
1487
1498
1448
1712
1332
1558
1173
1389
1062
1177
1005
1052
1035
874
1119
991
1314
1202
1471
1301
1561
1471
1547
1536
1424
1804
1305
1539
1148
1390
1062
1163
1032
964
1075
788
1159
897
1305
1148
1393
1229
1419
1451
1452
1534
1322
1794
1244
1525
1149
1327
1097
1094
1063
927
1108
790
1176
955
1290
1252
1357
1379
1442
1575
1440
1592
1348
1788
1301
1418
1214
1250
1140
1046
1094
957
1106
881
1164
1109
1281
1371
1373
1390
1473
1503
1459
1432
1379
1544
1317
1257
1176
1072
1076
982
1034
965
1062
966
1131
1132
1289
1348
1400
1338
1492
1397
1459
1319
1325
1321
1252
1224
1153
1132
1084
1037
1078
993
1135
984
1224
1078
1366
1273
1471
1273
1497
1379
1425
1319
1299
1284
1228
1261
1149
1118
1104
1027
1109
938
1157
996
1217
1061
1322
1293
1374
1312
1426
1463
1360
1448
1311
1466
1259
1246
1176
1106
1139
958
1094
1005
1128
1141
1183
1227
1252
1486
1429
1500
1450
1526
1479
1457
1405
1220
1319
1200
1209
982
1110
1042
1053
1122
1068
1282
1171
1349
1315
1537
1458
1498
1489
1468
1457
1298
1361
1280
1230
1069
1129
1072
1034
1121
1045
1231
1115
1374
1252
1382
1387
1529
1528
1410
1508
1347
1445
1177
1284
1039
1206
1068
1046
1050
1020
1132
1030
1221
1107
1369
1223
1381
1321
1515
1417
1484
1411
1392
1375
1225
1251
1128
1148
994
1106
931
1071
1064
1066
1206
1121
1385
1228
1424
1330
1580
1438
1633
1475
1374
1468
1163
1370
954
1258
761
1153
794
1057
983
1018
1205
1064
1441
1185
1534
1304
1570
1451
1541
1490
1172
1480
949
1411
734
1237
663
1094
816
1003
1031
1005
1319
1091
1541
1261
1643
1422
1563
1556
1473
1588
1115
1503
864
1364
691
1161
734
1032
881
976
1136
1041
1254
1139
1578
1303
1692
1466
1558
1553
1489
1563
1127
1468
963
1366
804
1192
794
1080
986
1029
1280
1042
1454
1127
1659
1256
1747
1407
1615
1467
1491
1493
1135
1418
1034
1314
831
1190
899
1089
1013
1034
1272
1036
1561
1147
1662
1305
1766
1457
1594
1546
1413
1607
1115
1522
863
1383
783
1194
811
1055
1036
1002
1162
1015
1654
1108
1786
1277
1760
1454
1591
1540
1300
1577
1110
1459
777
1316
742
1116
871
988
1066
939
1235
1018
1579
1140
1613
1313
1595
1463
1404
1527
1139
1501
1007
1394
785
1200
804
1049
929
973
1122
948
1378
1024
1540
1169
1566
1326
1507
1453
1381
1513
1098
1478
1013
1424
893
1283
867
1138
962
1054
1072
1028
1351
1082
1443
1197
1548
1317
1527
1453
1377
1534
1177
1533
1047
1455
855
1293
892
1154
1003
1011
1132
960
1378
992
1396
1096
1479
1260
1414
1415
1271
1509
1129
1509
952
1444
1001
1264
999
1100
1162
980
1342
944
1390
1033
1457
1163
1450
1353
1352
1502
1234
1577
1094
1547
1006
1429
1096
1229
1149
1121
1215
1009
1279
957
1425
1076
1425
1198
1362
1365
1279
1479
1169
1541
1125
1504
1093
1401
1183
1268
1240
1119
1301
1009
1342
989
1359
1063
1344
1145
1276
1259
1201
1373
1145
1431
1137
1435
1170
1371
1212
1275
1323
1146
1255
1091
1300
1041
1273
1076
1178
1158
1133
1275
1154
1421
1041
1513
1128
1552
1185
1500
1238
1359
1391
1216
1336
1096
1319
1014
1206
1057
1133
1162
1040
1310
1008
1434
1055
1525
1147
1547
1329
1437
1410
1276
1540
1113
1551
1006
1363
968
1261
1012
1111
1115
945
1261
980
1335
1071
1440
1200
1445
1332
1386
1501
1272
1488
1203
1532
1083
1318
1083
1125
1141
918
1203
808
1299
856
1409
1004
1474
1232
1491
1467
1439
1590
1337
1661
1224
1575
1122
1312
1087
1120
1087
907
1166
820
1236
865
1350
1110
1435
1328
1468
1558
1435
1704
1347
1675
1211
1572
1106
1299
1071
1033
1064
808
1141
760
1254
858
1365
1094
1451
1372
1467
1640
1438
1761
1304
1736
1211
1547
1118
1274
1098
952
1126
776
1177
751
1229
909
1349
1171
1397
1484
1395
1760
1342
1857
1265
1747
1203
1553
1144
1186
1128
881
1134
707
1179
639
1207
801
1267
1123
1277
1540
1286
1740
1309
1809
1273
1665
1233
1421
1176
1094
1140
782
1127
608
1137
632
1180
839
1229
1182
1295
1511
1341
1719
1372
1828
1344
1688
1303
1440
1252
1080
1209
786
1186
656
1192
703
1219
853
1288
1177
1325
1481
1352
1554
1376
1712
1338
1589
1294
1350
1257
1035
1240
773
1226
658
1267
687
1284
892
1302
1187
1270
1429
1307
1636
1295
1790
1278
1654
1297
1393
1302
1097
1306
854
1305
729
1299
802
1277
1023
1249
1317
1219
1532
1250
1737
1252
1778
1290
1652
1360
1352
1373
1083
1342
865
1345
783
1309
932
1244
1160
1207
1364
1203
1520
1201
1629
1257
1676
1287
1530
1334
1274
1316
1067
1336
990
1289
938
1232
1102
1199
1272
1156
1479
1139
1626
1152
1678
1193
1561
1252
1406
1295
1204
1332
1014
1350
959
1342
993
1301
1073
1250
1237
1189
1396
1138
1501
1104
1502
1151
1427
1232
1309
1300
1170
1375
1014
1434
989
1418
1040
1380
1164
1298
1304
1170
1408
1137
1403
1108
1391
1190
1311
1249
1211
1347
1095
1421
1045
1466
1021
1434
1139
1342
1252
1236
1372
1120
1522
1076
1350
1039
1319
1123
1195
1225
1104
1293
1046
1429
1031
1467
1066
1460
1281
1376
1404
1258
1380
1172
1561
1096
1370
1092
1262
1136
1093
1196
1026
1319
1026
1379
1031
1427
1200
1433
1341
1365
1527
1275
1516
1166
1421
1093
1317
1055
1153
1094
1049
1151
966
1244
978
1340
1116
1435
1252
1463
1432
1415
1557
1322
1577
1210
1470
1099
1313
1069
1159
1098
994
1169
911
1262
928
1423
1062
1521
1185
1549
1451
1480
1583
1368
1601
1225
1490
1131
1345
1103
1057
1132
920
1189
878
1274
962
1385
1174
1441
1411
1475
1626
1413
1761
1336
1753
1196
1548
1164
1393
1099
1024
1103
852
1151
853
1232
990
1307
1233
1402
1440
1475
1665
1437
1709
1376
1606
1278
1468
1200
1121
1125
983
1097
852
1115
888
1148
1083
1274
1340
1364
1468
1446
1586
1458
1633
1407
1499
1304
1236
1190
1119
1097
917
1054
859
1067
858
1129
967
1257
1239
1369
1454
1465
1579
1497
1608
1440
1528
1356
1280
1268
1047
1162
871
1096
802
1105
903
1165
993
1255
1317
1354
1545
1444
1694
1499
1800
1448
1508
1373
1238
1286
1025
1193
854
1106
742
1097
916
1099
1160
1195
1462
1301
1727
1400
1773
1485
1744
1482
1502
1427
1183
1317
922
1225
777
1120
828
1050
1010
1068
1265
1137
1601
1255
1759
1392
1766
1472
1591
1498
1330
1438
1086
1322
854
1185
824
1072
899
1012
1070
1009
1334
1099
1606
1188
1679
1355
1733
1416
1575
1459
1318
1409
1024
1298
843
1189
764
1069
812
1028
1019
1031
1304
1110
1555
1219
1655
1318
1688
1425
1532
1459
1226
1441
921
1392
738
1250
653
1163
768
1097
1002
1084
1371
1139
1565
1200
1874
1327
1827
1417
1582
1499
1196
1483
856
1438
651
1324
599
1192
736
1106
1063
1074
1440
1102
1851
1182
1910
1305
1826
1417
1484
1489
1134
1486
781
1415
542
1312
565
1162
719
1069
1039
1028
1474
1091
1720
1179
1891
1291
1813
1392
1575
1463
1206
1486
849
1402
680
1302
591
1187
722
1102
1036
1073
1408
1116
1726
1193
1933
1270
1908
1347
1691
1403
1354
1430
976
1394
730
1313
554
1229
692
1138
939
1113
1321
1127
1763
1179
2013
1224
2046
1300
1827
1373
1414
1410
1014
1398
627
1376
479
1265
488
1209
857
1128
1290
1135
1763
1135
2008
1205
2035
1271
1796
1350
1350
1404
938
1410
650
1361
463
1278
477
1213
809
1168
1335
1136
1699
1177
1923
1204
1942
1307
1752
1350
1410
1390
1070
1401
780
1352
638
1294
757
1197
934
1183
1188
1182
1534
1173
1774
1190
1784
1214
1771
1248
1532
1290
1191
1316
900
1303
819
1234
515
1229
659
1198
1015
1168
1385
1159
1664
1149
1849
1157
1770
1196
1559
1262
1240
1303
951
1322
708
1321
583
1261
756
1248
1049
1213
1362
1195
1593
1196
1730
1227
1669
1252
1502
1301
1234
1333
1006
1343
827
1352
923
1321
871
1292
1172
1275
1297
1247
1461
1232
1553
1235
1529
1236
1415
1265
1260
1244
1125
1280
1013
1293
889
1284
960
1305
1068
1302
1191
1291
1288
1261
1420
1237
1466
1222
1451
1214
1397
1221
1329
1209
1157
1280
1102
1312
1037
1302
1114
1367
1172
1347
1277
1312
1287
1239
1385
1194
1412
1173
1360
1166
1331
1202
1152
1214
1111
1299
1183
1344
1189
1364
1257
1336
1296
1291
1268
1250
1227
1207
1205
1183
1175
1185
1149
1182
1147
1234
1285
1280
1342
1330
1363
1371
1339
1385
1269
1348
1157
1303
1077
1265
1018
1208
1052
1159
1079
1157
1248
1147
1444
1234
1484
1319
1499
1395
1340
1438
1220
1427
1118
1400
1008
1298
986
1226
1076
1140
1199
1099
1254
1101
1401
1170
1454
1277
1430
1369
1307
1407
1276
1436
1171
1386
1096
1307
1018
1240
908
1151
955
1078
1203
1103
1319
1175
1434
1284
1504
1369
1527
1435
1426
1433
1256
1410
1121
1343
945
1258
882
1146
950
1108
1056
1109
1286
1139
1503
1207
1658
1288
1654
1359
1539
1405
1332
1423
1047
1404
872
1316
759
1264
858
1185
1185
1112
1296
1087
1605
1126
1691
1202
1697
1269
1616
1380
1359
1442
1119
1453
926
1398
835
1318
926
1194
1038
1123
1316
1080
1465
1117
1612
1199
1657
1264
1547
1351
1409
1413
1197
1436
1022
1397
981
1309
729
1255
937
1162
1082
1131
1307
1098
1500
1141
1651
1175
1616
1258
1503
1333
1276
1408
1035
1438
704
1432
803
1346
807
1254
1023
1161
1267
1081
1537
1047
1641
1088
1646
1138
1504
1248
1256
1419
924
1515
788
1520
828
1478
899
1374
1077
1233
1274
1105
1458
1012
1580
1018
1554
1090
1461
1224
1392
1361
1159
1508
979
1580
968
1550
974
1443
1083
1282
1252
1122
1324
1020
1390
983
1453
1037
1445
1196
1427
1351
1344
1484
1160
1564
1062
1585
985
1495
1005
1359
1106
1184
1223
1036
1346
965
1474
971
1506
1118
1478
1241
1313
1426
1206
1556
1104
1599
1061
1509
1040
1404
1143
1218
1216
1035
1383
915
1457
897
1477
957
1399
1188
1267
1354
1250
1541
1154
1634
1085
1574
1058
1469
1114
1266
1169
1078
1288
943
1312
903
1373
988
1384
1185
1291
1354
1342
1529
1260
1621
1180
1599
1094
1447
1063
1305
1040
1122
1102
998
1205
951
1277
1004
1540
1114
1452
1301
1478
1444
1362
1537
1196
1541
1065
1465
927
1296
926
1164
1018
1021
1164
961
1184
963
1422
1070
1578
1212
1508
1362
1392
1480
1204
1524
1044
1482
938
1368
957
1219
1011
1096
1176
1013
1317
1005
1510
1093
1536
1230
1540
1374
1435
1482
1265
1526
1099
1489
988
1371
914
1238
906
1118
993
1067
1187
1075
1328
1119
1443
1236
1504
1341
1462
1422
1339
1428
1147
1392
955
1340
847
1234
800
1152
777
1112
1021
1129
1265
1185
1491
1261
1555
1347
1567
1391
1474
1404
1229
1376
1058
1319
912
1257
863
1196
932
1179
1120
1193
1368
1222
1526
1249
1637
1312
1671
1342
1572
1342
1405
1326
1268
1290
1074
1235
966
1191
1040
1161
999
1197
1178
1216
1356
1260
1481
1310
1540
1324
1557
1326
1482
1312
1307
1230
1127
1190
982
1153
858
1178
1030
1193
1006
1255
1166
1332
1323
1359
1455
1383
1553
1306
1503
1254
1404
1203
1227
1175
1028
1175
902
1204
865
1254
957
1339
1068
1369
1256
1365
1418
1347
1495
1286
1515
1219
1448
1189
1239
1226
1095
1209
884
1282
953
1288
945
1338
1053
1327
1180
1361
1309
1340
1383
1277
1473
1226
1441
1201
1381
1196
1236
1204
1195
1215
1055
1251
1043
1212
1082
1301
1133
1334
1245
1327
1366
1297
1441
1250
1514
1227
1426
1186
1327
1169
1184
1190
1073
1188
1038
1233
1022
1278
1135
1352
1203
1336
1303
1317
1371
1277
1408
1235
1413
1194
1270
1173
1177
1164
1101
1186
1078
1231
1131
1287
1177
1323
1250
1339
1315
1307
1272
1333
1293
1278
1258
1250
1198
1205
1165
1192
1178
1185
1148
1216
1233
1243
1251
1272
1341
1305
1299
1350
1258
1327
1297
1340
1214
1326
1168
1268
1078
1208
1180
1149
1194
1143
1246
1154
1315
1203
1298
1278
1428
1316
1349
1366
1289
1371
1191
1343
1027
1276
988
1188
1030
1124
1074
1097
1176
1085
1410
1174
1353
1266
1417
1346
1356
1393
1280
1415
1097
1381
970
1321
907
1226
902
1161
1016
1118
1205
1124
1399
1181
1493
1218
1462
1302
1503
1368
1285
1416
1089
1408
933
1395
850
1335
927
1257
1073
1174
1255
1096
1456
1115
1593
1147
1564
1224
1445
1330
1259
1449
1086
1481
915
1469
895
1386
971
1280
1122
1154
1310
1089
1553
1056
1618
1087
1578
1178
1453
1264
1299
1418
1136
1487
961
1475
949
1403
986
1258
1145
1176
1385
1070
1570
1023
1615
1049
1582
1106
1459
1248
1272
1354
987
1452
900
1471
843
1443
929
1359
1060
1234
1328
1124
1558
1054
1676
975
1647
1061
1453
1188
1207
1308
963
1425
790
1488
778
1499
945
1407
1139
1301
1422
1152
1674
1085
1806
1030
1714
1049
1496
1146
1223
1277
887
1410
906
1482
636
1517
877
1432
1101
1298
1419
1129
1670
1038
1745
994
1715
1024
1538
1126
1216
1278
792
1371
641
1512
639
1502
762
1431
1025
1300
1311
1181
1562
1086
1687
1045
1713
1076
1519
1161
1277
1267
1019
1383
787
1455
648
1476
699
1413
912
1341
1176
1242
1468
1148
1656
1097
1685
1106
1608
1178
1442
1252
1166
1338
895
1434
772
1462
788
1449
903
1366
1104
1259
1394
1154
1562
1076
1625
1043
1472
1143
1443
1212
1240
1336
1050
1428
963
1485
936
1458
1007
1368
1197
1258
1338
1155
1451
1071
1401
1091
1431
1120
1399
1213
1327
1314
1229
1405
1164
1437
1214
1411
1169
1351
1176
1260
1240
1166
1217
1142
1353
1110
1297
1167
1326
1223
1289
1304
1273
1351
1258
1365
1271
1373
1220
1341
1206
1277
1160
1216
1114
1205
1118
1124
1128
1159
1174
1200
1191
1254
1238
1281
1295
1361
1350
1391
1328
1385
1316
1353
1248
1324
1048
1233
1019
1201
1071
1181
1046
1202
1111
1250
1220
1303
1306
1353
1394
1374
1467
1369
1443
1333
1321
1279
1180
1225
1143
1195
1003
1187
1006
1160
1089
1232
1222
1262
1348
1285
1443
1308
1472
1304
1406
1295
1228
1283
1214
1256
1039
1261
979
1237
1030
1232
1095
1232
1212
1269
1402
1246
1478
1258
1491
1281
1396
1293
1225
1289
1133
1289
1059
1274
988
1251
1016
1221
1096
1203
1284
1198
1388
1217
1464
1250
1413
1280
1386
1309
1220
1320
1074
1306
1012
1271
966
1252
1005
1237
1144
1214
1288
1219
1457
1254
1676
1264
1651
1286
1444
1307
1303
1305
1136
1292
976
1268
907
1230
974
1232
1098
1219
1325
1221
1538
1249
1682
1261
1702
1270
1615
1315
1361
1309
1100
1297
881
1242
846
1266
853
1233
1030
1219
1306
1208
1534
1215
1683
1222
1649
1281
1566
1313
1270
1352
1054
1369
834
1347
690
1279
816
1233
993
1189
1224
1165
1443
1177
1514
1249
1651
1297
1535
1346
1358
1375
1096
1370
863
1331
820
1260
807
1181
949
1140
1166
1128
1371
1160
1641
1222
1657
1304
1551
1378
1463
1406
1214
1406
985
1336
836
1294
778
1234
896
1168
1136
1162
1347
1176
1570
1231
1739
1279
1640
1344
1517
1382
1295
1376
1071
1375
890
1308
809
1263
916
1196
1098
1152
1326
1112
1616
1146
1715
1219
1636
1274
1511
1336
1315
1373
1121
1371
916
1345
904
1268
958
1190
1151
1143
1398
1115
1555
1154
1632
1200
1644
1267
1536
1334
1343
1371
1183
1388
1027
1338
919
1293
949
1222
1037
1199
1264
1179
1409
1176
1552
1203
1613
1236
1535
1279
1398
1316
1220
1330
1019
1336
881
1322
922
1289
957
1246
1076
1231
1324
1203
1461
1166
1541
1184
1526
1142
1421
1255
1201
1298
1061
1334
939
1353
869
1338
922
1301
1137
1240
1230
1213
1388
1159
1529
1124
1561
1167
1436
1219
1350
1286
1207
1354
1046
1364
973
1430
927
1393
1061
1313
1136
1235
1312
1164
1465
1128
1470
1107
1547
1164
1465
1212
1320
1315
1177
1363
1099
1395
1025
1426
968
1382
1036
1309
1193
1215
1347
1142
1475
1075
1580
1102
1517
1153
1437
1234
1305
1333
1155
1417
992
1449
974
1443
1019
1380
1103
1275
1242
1137
1420
1086
1520
1066
1546
1100
1536
1193
1422
1292
1234
1418
1076
1489
1006
1483
935
1412
987
1267
1104
1162
1267
1060
1401
999
1528
1038
1565
1129
1529
1261
1349
1394
1213
1476
1024
1506
906
1464
864
1364
909
1243
1035
1136
1247
1066
1444
1052
1590
1105
1800
1190
1762
1348
1412
1454
1214
1505
939
1514
816
1448
797
1320
905
1219
1104
1132
1307
1059
1561
1053
1716
1118
1705
1222
1656
1347
1399
1445
1151
1484
919
1459
836
1365
806
1250
971
1176
1133
1065
1320
1046
1543
1091
1607
1199
1757
1279
1581
1400
1406
1473
1167
1464
934
1408
776
1292
760
1220
796
1134
1041
1093
1301
1097
1588
1161
1698
1215
1765
1292
1663
1378
1413
1423
1224
1452
906
1417
767
1357
760
1276
938
1233
1107
1141
1338
1114
1591
1122
1704
1177
1729
1238
1564
1315
1363
1392
1114
1411
888
1402
778
1351
859
1279
947
1193
1159
1128
1388
1102
1546
1114
1675
1188
1652
1239
1464
1326
1316
1391
1108
1436
909
1440
821
1391
766
1345
977
1237
1191
1137
1389
1107
1626
1074
1696
1112
1636
1182
1486
1302
1244
1405
1012
1446
872
1476
885
1430
926
1325
1107
1189
1358
1070
1558
1003
1705
972
1657
1074
1504
1204
1297
1355
1046
1478
843
1576
810
1524
859
1418
1044
1285
1242
1128
1487
1052
1660
994
1632
1043
1571
1161
1381
1305
1113
1449
897
1530
695
1565
712
1481
850
1364
1073
1230
1345
1114
1569
1051
1756
1051
1748
1128
1586
1250
1320
1348
1080
1478
766
1515
682
1490
737
1400
895
1272
1199
1154
1522
1056
1750
1038
1836
1066
1788
1144
1654
1239
1197
1378
907
1462
729
1468
661
1427
740
1321
937
1204
1325
1100
1615
1030
1819
1049
1922
1109
1720
1201
1566
1328
1171
1374
898
1466
634
1454
647
1379
800
1297
1022
1222
1352
1153
1651
1123
1760
1152
1968
1210
1699
1276
1473
1334
1058
1367
816
1370
663
1343
652
1243
781
1240
1072
1186
1398
1158
1636
1120
1834
1142
1806
1185
1614
1221
1338
1258
1026
1278
737
1331
679
1331
767
1313
937
1282
1203
1207
1478
1196
1703
1156
1716
1179
1673
1196
1492
1228
1210
1265
1017
1288
879
1332
851
1344
938
1329
1110
1314
1348
1286
1495
1255
1616
1219
1647
1197
1506
1191
1338
1175
1158
1217
973
1252
891
1293
865
1331
899
1355
1122
1336
1296
1291
1464
1252
1535
1202
1518
1154
1403
1141
1194
1155
1061
1205
966
1272
881
1359
845
1406
1123
1398
1336
1375
1439
1316
1532
1226
1531
1173
1445
1131
1298
1128
1160
1160
1035
1244
804
1335
991
1363
1092
1390
1260
1389
1411
1331
1536
1265
1521
1203
1444
1153
1371
1138
1211
1155
1043
1205
909
1268
913
1319
963
1359
1092
1372
1287
1343
1526
1290
1567
1281
1624
1193
1482
1163
1312
1149
1170
1181
890
1236
778
1296
804
1361
937
1370
1144
1359
1367
1316
1627
1271
1702
1217
1732
1185
1648
1159
1293
1212
1035
1249
826
1290
732
1332
767
1341
944
1325
1180
1297
1486
1241
1708
1205
1806
1222
1718
1179
1561
1215
1286
1242
1034
1279
799
1292
673
1300
731
1299
887
1271
1132
1242
1496
1224
1720
1227
1796
1243
1795
1251
1607
1275
1306
1270
987
1302
737
1287
626
1279
611
1270
832
1256
1035
1268
1432
1236
1739
1249
1854
1270
1794
1271
1561
1276
1288
1284
974
1283
750
1270
667
1262
733
1272
897
1247
1204
1234
1433
1248
1653
1251
1736
1277
1703
1270
1524
1253
1281
1246
1062
1239
841
1226
925
1221
773
1221
988
1225
1175
1250
1412
1247
1586
1288
1666
1282
1593
1283
1514
1259
1300
1236
1130
1220
1029
1208
911
1235
948
1256
1083
1288
1242
1308
1404
1324
1475
1305
1549
1262
1464
1238
1362
1217
1194
1209
1111
1226
964
1235
987
1258
1050
1279
1161
1286
1291
1274
1366
1259
1415
1246
1389
1220
1274
1239
1167
1231
1169
1230
1096
1267
1087
1285
1082
1294
1081
1292
1218
1287
1301
1267
1329
1243
1500
1222
1439
1216
1326
1235
1269
1256
1163
1274
1089
1298
1010
1250
1083
1298
1105
1274
1203
1243
1422
1170
1403
1158
1452
1184
1354
1213
1302
1248
1176
1285
1093
1298
1055
1349
977
1339
1069
1304
1148
1246
1277
1144
1316
1160
1380
1161
1414
1193
1336
1252
1296
1301
1249
1376
1152
1391
1060
1381
1082
1290
1095
1289
1000
1183
1275
1144
1363
1145
1390
1167
1434
1203
1416
1279
1352
1347
1259
1377
1172
1399
1075
1349
1177
1302
1135
1240
1126
1197
1240
1177
1338
1166
1397
1201
1434
1244
1361
1282
1330
1315
1247
1343
1185
1339
1204
1274
1138
1226
1172
1194
1200
1177
1260
1175
1262
1196
1262
1237
1280
1274
1260
1302
1253
1310
1245
1300
1266
1277
1240
1237
1233
1206
1191
1203
1138
1225
1090
1234
1107
1285
1077
1308
1136
1317
1081
1323
1316
1292
1311
1239
1406
1199
1388
1202
1312
1228
1231
1255
1160
1290
1082
1323
1024
1334
917
1339
1039
1271
1105
1237
1211
1189
1325
1166
1412
1158
1491
1205
1420
1260
1333
1310
1190
1350
974
1378
940
1349
939
1334
988
1249
1078
1206
1233
1172
1417
1174
1558
1194
1581
1236
1557
1298
1439
1322
1162
1385
1076
1346
908
1326
843
1287
917
1248
1038
1211
1229
1190
1346
1186
1496
1208
1577
1247
1530
1271
1456
1323
1141
1333
1106
1309
923
1284
856
1248
878
1216
950
1202
1123
1195
1338
1220
1498
1239
1598
1251
1643
1297
1539
1305
1269
1295
1068
1278
896
1263
770
1252
814
1253
954
1258
1154
1239
1545
1249
1511
1266
1706
1247
1611
1250
1508
1229
1257
1246
1018
1259
871
1267
818
1303
845
1300
936
1285
1049
1300
1456
1252
1562
1215
1675
1197
1641
1195
1499
1201
1324
1223
1128
1260
981
1295
833
1320
915
1326
992
1329
1100
1278
1320
1248
1514
1213
1663
1180
1685
1174
1576
1191
1403
1237
1175
1272
1086
1301
778
1347
783
1355
856
1330
1009
1286
1189
1241
1394
1201
1521
1174
1588
1181
1542
1218
1475
1264
1297
1317
1053
1350
915
1353
837
1326
853
1275
987
1206
1096
1160
1245
1133
1434
1140
1563
1175
1592
1240
1619
1294
1445
1327
1300
1349
1071
1306
934
1296
853
1237
893
1186
974
1162
1165
1160
1352
1186
1658
1248
1664
1292
1614
1332
1478
1353
1328
1334
1133
1311
958
1267
929
1223
882
1182
975
1177
1092
1146
1323
1228
1352
1273
1527
1314
1597
1360
1520
1336
1417
1319
1220
1266
1081
1231
953
1189
887
1165
1022
1156
1002
1173
1147
1230
1339
1269
1460
1261
1526
1321
1500
1302
1434
1287
1247
1256
1112
1231
1027
1202
871
1220
919
1222
989
1222
1158
1285
1299
1305
1402
1292
1490
1315
1479
1301
1378
1278
1290
1263
1160
1239
1071
1223
1102
1198
955
1223
1042
1235
1134
1246
1237
1266
1331
1279
1379
1289
1401
1287
1380
1278
1277
1262
1213
1239
1139
1221
1199
1224
988
1231
1071
1227
1114
1272
1197
1274
1296
1318
1325
1324
1327
1301
1356
1295
1304
1251
1245
1228
1237
1190
1080
1204
1113
1214
1111
1198
1140
1268
1172
1294
1232
1297
1305
1301
1321
1307
1342
1276
1323
1247
1338
1221
1276
1209
1217
1177
1150
1196
1045
1236
1037
1259
1083
1285
1123
1305
1216
1307
1251
1309
1477
1276
1432
1249
1423
1212
1296
1196
1137
1194
1008
1210
980
1235
961
1265
1016
1290
1061
1330
1277
1314
1419
1325
1506
1276
1502
1252
1363
1226
1306
1223
1158
1224
1015
1249
931
1247
894
1312
973
1288
1173
1280
1313
1264
1434
1245
1592
1222
1479
1218
1439
1240
1256
1236
1093
1268
847
1302
857
1293
884
1282
952
1271
1178
1254
1361
1236
1444
1273
1562
1234
1504
1252
1403
1225
1232
1281
997
1285
910
1305
892
1309
930
1287
1049
1261
1165
1234
1408
1238
1465
1227
1532
1235
1389
1284
1387
1252
1219
1273
1064
1277
999
1277
974
1266
1044
1236
1143
1229
1254
1208
1348
1212
1402
1251
1391
1244
1324
1269
1293
1287
1195
1304
1132
1294
1109
1279
1137
1280
1162
1255
1205
1244
1287
1247
1312
1257
1289
1269
1284
1290
1247
1315
1186
1303
1164
1309
1169
1298
1192
1254
1236
1257
1293
1244
1305
1242
1306
1241
1279
1249
1201
1265
1130
1272
1104
1273
1115
1270
1141
1271
1231
1266
1324
1254
1380
1256
1409
1259
1397
1253
1313
1247
1214
1249
1118
1245
1058
1250
1024
1260
1082
1267
1160
1274
1269
1277
1354
1274
1403
1282
1430
1271
1378
1258
1322
1239
1239
1239
1134
1231
1086
1246
1082
1248
1098
1261
1159
1275
1239
1285
1313
1306
1355
1288
1375
1274
1347
1242
1276
1213
1224
1188
1157
1189
1114
1192
1129
1239
1138
1260
1175
1325
1192
1316
1242
1344
1281
1339
1268
1301
1283
1278
1263
1227
1239
1205
1244
1201
1240
1218
1214
1253
1205
1293
1198
1313
1180
1347
1135
1352
1142
1303
1170
1257
1168
1244
1230
1205
1308
1201
1340
1204
1361
1226
1392
1259
1343
1290
1244
1313
1158
1260
1104
1303
1050
1281
1064
1245
1150
1226
1215
1213
1311
1227
1416
1238
1457
1268
1431
1302
1381
1294
1283
1293
1120
1270
1017
1253
999
1231
985
1206
1045
1216
1163
1231
1294
1259
1392
1282
1489
1292
1516
1288
1442
1285
1341
1264
1213
1227
1084
1235
994
1232
1002
1236
1033
1262
1113
1283
1226
1309
1342
1318
1394
1325
1426
1297
1424
1278
1364
1247
1306
1215
1218
1212
1172
1236
1093
1262
1088
1297
1093
1335
1119
1352
1178
1335
1278
1316
1355
1278
1412
1222
1450
1195
1421
1177
1350
1201
1248
1234
1166
1272
1054
1306
992
1299
987
1328
1025
1303
1111
1275
1271
1237
1366
1212
1468
1217
1480
1213
1449
1232
1363
1265
1223
1258
1101
1297
969
1287
912
1281
946
1257
1050
1232
1181
1219
1354
1210
1469
1238
1530
1258
1517
1263
1424
1301
1270
1306
1089
1296
956
1280
931
1261
952
1245
1064
1201
1208
1232
1344
1258
1490
1284
1509
1306
1465
1311
1369
1317
1278
1282
1153
1257
1074
1247
1066
1213
1097
1246
1179
1243
1279
1268
1372
1279
1411
1300
1426
1301
1384
1292
1317
1264
1231
1235
1177
1217
1136
1234
1110
1228
1143
1248
1188
1266
1229
1303
1265
1306
1302
1305
1269
1285
1248
1259
1230
1243
1179
1254
1156
1247
1155
1303
1177
1304
1188
1327
1238
1328
1267
1334
1261
1311
1239
1294
1257
1278
1227
1249
1209
1235
1226
1237
1245
1251
1233
1268
1280
1278
1299
1289
1283
1257
1271
1269
1250
1251
1226
1235
1212
1215
1247
1207
1247
1211
1281
1214
1312
1240
1302
1282
1260
1289
1217
1286
1207
1278
1162
1274
1175
1260
1204
1254
1236
1274
1277
1271
1313
1279
1321
1294
1294
1303
1248
1292
1215
1279
1160
1262
1168
1225
1198
1228
1217
1254
1257
1259
1298
1278
1312
1307
1311
1324
1304
1326
1275
1308
1214
1295
1184
1253
1162
1224
1151
1215
1135
1212
1196
1224
1234
1255
1250
1291
1274
1315
1281
1324
1237
1328
1226
1309
1196
1280
1196
1271
1189
1227
1223
1203
1272
1210
1283
1221
1307
1249
1304
1274
1280
1296
1252
1314
1216
1308
1174
1308
1174
1282
1214
1232
1270
1231
1318
1221
1373
1225
1362
1232
1333
1253
1302
1271
1236
1265
1159
1292
1106
1286
1123
1275
1150
1269
1195
1252
1283
1239
1341
1246
1368
1261
1345
1244
1325
1261
1250
1260
1196
1253
1163
1252
1146
1249
1135
1270
1181
1271
1237
1298
1275
1300
1319
1318
1357
1303
1335
1286
1292
1265
1263
1242
1219
1231
1165
1222
1145
1224
1161
1241
1166
1254
1218
1276
1291
1287
1294
1289
1292
1292
1284
1259
1243
1269
1204
1246
1193
1226
1199
1215
1193
1206
1205
1208
1239
1225
1243
1253
1260
1275
1241
1294
1226
1297
1201
1303
1218
1290
1275
1280
1251
1249
1296
1230
1310
1246
1297
1254
1257
1269
1259
1286
1238
1298
1202
1290
1199
1293
1237
1272
1260
1277
1300
1259
1342
1253
1344
1249
1320
1245
1307
1250
1261
1260
1221
1235
1197
1245
1176
1245
1165
1255
1149
1249
1223
1261
1252
1263
1279
1268
1295
1264
1275
1237
1258
1265
1238
1268
1209
1267
1184
1276
1179
1273
1186
1276
1194
1264
1200
1258
1264
1246
1274
1247
1282
1241
1272
1245
1266
1268
1229
1270
1214
1260
1201
1268
1176
1257
1192
1231
1211
1232
1222
1224
1242
1237
1257
1252
1247
1276
1245
1298
1242
1294
1254
1323
1224
1315
1229
1294
1226
1272
1194
1258
1197
1254
1228
1251
1225
1252
1249
1262
1290
1274
1291
1290
1310
1304
1310
1307
1304
1288
1260
1287
1217
1269
1200
1247
1165
1233
1194
1216
1238
1210
1269
1222
1310
1249
1337
1273
1363
1269
1293
1285
1264
1267
1223
1279
1171
1255
1120
1250
1162
1245
1162
1237
1189
1231
1236
1244
1279
1258
1270
1265
1300
1259
1296
1264
1261
1251
1208
1255
1193
1261
1146
1270
1112
1275
1145
1272
1153
1275
1207
1260
1270
1255
1306
1262
1312
1239
1316
1249
1293
1248
1230
1264
1198
1272
1166
1281
1149
1285
1145
1273
1188
1261
1220
1245
1236
1237
1261
1229
1274
1244
1216
1265
1264
1278
1256
1287
1232
1337
1225
1296
1220
1277
1254
1267
1208
1257
1217
1235
1229
1234
1228
1247
1230
1246
1264
1254
1283
1272
1291
1287
1300
1291
1311
1293
1265
1282
1250
1287
1233
1242
1197
1220
1183
1215
1191
1231
1203
1262
1193
1293
1236
1311
1244
1333
1243
1358
1264
1278
1258
1265
1268
1227
1263
1205
1259
1189
1218
1212
1192
1246
1173
1276
1159
1286
1169
1319
1205
1319
1230
1295
1281
1263
1290
1231
1331
1169
1298
1196
1263
1192
1230
1210
1165
1238
1151
1251
1157
1268
1187
1280
1213
1280
1250
1255
1287
1272
1286
1259
1284
1250
1279
1238
1232
1233
1188
1238
1182
1254
1171
1263
1162
1271
1189
1278
1224
1283
1235
1272
1240
1267
1275
1261
1273
1257
1257
1263
1236
1271
1199
1287
1163
1288
1182
1284
1224
1275
1235
1273
1249
1236
1304
1203
1298
1216
1266
1223
1244
1242
1195
1278
1137
1286
1129
1298
1161
1298
1191
1294
1247
1294
1310
1258
1340
1243
1320
1231
1303
1227
1283
1232
1189
1233
1158
1246
1132
1261
1143
1270
1169
1279
1246
1286
1293
1290
1313
1278
1336
1271
1297
1261
1254
1244
1213
1207
1184
1220
1149
1228
1115
1250
1175
1265
1206
1283
1259
1311
1298
1308
1300
1304
1289
1292
1259
1265
1251
1243
1207
1226
1153
1238
1170
1203
1161
1190
1205
1241
1271
1260
1313
1272
1334
1284
1327
1288
1287
1293
1207
1275
1163
1252
1134
1241
1122
1225
1158
1210
1250
1216
1304
1241
1366
1264
1402
1269
1382
1312
1311
1315
1253
1305
1178
1279
1102
1238
1103
1214
1158
1188
1198
1192
1256
1194
1316
1249
1328
1280
1332
1305
1316
1311
1265
1292
1202
1273
1161
1228
1137
1214
1108
1197
1115
1197
1152
1217
1146
1250
1195
1300
1236
1314
1267
1318
1267
1337
1266
1319
1269
1310
1211
1284
1188
1252
1187
1235
1168
1222
1153
1235
1164
1256
1186
1290
1200
1310
1266
1324
1311
1326
1349
1302
1373
1279
1394
1251
1356
1222
1296
1209
1231
1204
1167
1220
1098
1236
1108
1257
1154
1282
1222
1283
1334
1284
1441
1273
1488
1262
1463
1257
1410
1244
1291
1251
1154
1251
1047
1271
992
1290
996
1264
1078
1260
1227
1268
1351
1300
1452
1282
1482
1291
1431
1295
1311
1285
1179
1293
1046
1252
962
1239
941
1230
1022
1226
1105
1245
1250
1242
1378
1254
1421
1284
1410
1261
1343
1247
1250
1247
1133
1242
1056
1228
1026
1232
1037
1255
1111
1248
1215
1250
1315
1272
1373
1270
1380
1266
1383
1276
1303
1279
1225
1237
1166
1269
1107
1267
1118
1273
1162
1274
1242
1278
1278
1286
1367
1280
1382
1291
1311
1337
1260
1278
1191
1276
1134
1263
1097
1250
1155
1243
1205
1257
1268
1269
1326
1273
1353
1290
1317
1291
1263
1273
1180
1264
1124
1251
1080
1234
1108
1214
1143
1254
1196
1238
1286
1264
1334
1279
1351
1313
1332
1318
1329
1292
1246
1275
1176
1278
1151
1244
1121
1244
1135
1225
1184
1233
1237
1248
1273
1268
1324
1286
1343
1287
1326
1288
1290
1270
1268
1280
1218
1287
1180
1260
1175
1245
1204
1228
1192
1233
1222
1246
1267
1260
1273
1276
1313
1287
1317
1308
1295
1296
1272
1294
1264
1285
1260
1255
1217
1239
1229
1218
1223
1236
1205
1242
1170
1255
1201
1271
1195
1281
1208
1282
1250
1277
1274
1284
1273
1274
1285
1283
1255
1260
1210
1244
1165
1246
1112
1239
1076
1235
1065
1250
1139
1254
1168
1262
1215
1264
1263
1279
1298
1270
1264
1270
1246
1258
1218
1251
1159
1226
1076
1220
1126
1229
1137
1254
1164
1273
1222
1282
1264
1296
1293
1294
1310
1282
1324
1270
1316
1259
1259
1248
1252
1245
1200
1233
1174
1268
1175
1275
1201
1276
1234
1278
1268
1245
1307
1271
1311
1265
1321
1272
1302
1275
1263
1290
1220
1264
1211
1253
1174
1247
1169
1234
1197
1218
1239
1234
1257
1240
1265
1250
1268
1253
1267
1276
1282
1241
1250
1245
1258
1254
1216
1223
1228
1237
1229
1269
1224
1267
1217
1275
1237
1268
1219
1278
1217
1277
1243
1272
1279
1274
1249
1272
1273
1266
1250
1270
1244
1267
1221
1262
1225
1243
1195
1248
1185
1244
1205
1249
1191
1259
1230
1258
1255
1261
1260
1276
1261
1283
1264
1267
1270
1271
1236
1265
1229
1253
1214
1253
1196
1251
1168
1255
1169
1255
1167
1263
1167
1265
1190
1276
1235
1280
1232
1283
1230
1282
1237
1281
1223
1266
1194
1247
1163
1247
1158
1235
1142
1235
1156
1237
1206
1259
1229
1272
1267
1288
1306
1302
1317
1297
1291
1283
1279
1256
1240
1240
1191
1218
1183
1211
1172
1215
1167
1252
1196
1272
1249
1286
1294
1303
1294
1296
1339
1288
1342
1281
1304
1255
1260
1263
1203
1270
1146
1265
1103
1270
1132
1272
1175
1277
1224
1279
1296
1283
1342
1294
1344
1284
1323
1281
1283
1266
1191
1257
1090
1265
1109
1247
1104
1289
1129
1213
1194
1264
1250
1272
1291
1269
1291
1264
1294
1245
1219
1236
1198
1221
1175
1222
1126
1274
1121
1243
1137
1259
1196
1271
1196
1277
1229
1271
1261
1251
1262
1247
1263
1230
1272
1230
1258
1267
1237
1271
1232
1288
1226
1302
1201
1307
1208
1297
1215
1272
1198
1256
1224
1244
1240
1241
1261
1246
1261
1263
1300
1273
1306
1294
1279
1332
1260
1315
1233
1296
1192
1284
1147
1273
1136
1255
1131
1250
1156
1254
1213
1246
1271
1253
1279
1264
1327
1272
1321
1276
1263
1275
1200
1271
1146
1247
1082
1246
1041
1227
1083
1222
1136
1228
1229
1246
1328
1275
1408
1281
1390
1301
1356
1318
1300
1292
1182
1263
1104
1237
1062
1227
1099
1221
1135
1237
1252
1229
1363
1301
1429
1312
1457
1318
1447
1310
1330
1282
1230
1258
1122
1238
1104
1226
1068
1231
1110
1254
1217
1277
1293
1303
1388
1302
1478
1304
1442
1290
1375
1280
1284
1265
1178
1241
1079
1242
1052
1213
1077
1250
1122
1253
1183
1270
1335
1279
1385
1284
1399
1269
1366
1270
1284
1269
1178
1245
1106
1234
1063
1239
1064
1242
1114
1253
1211
1258
1285
1288
1338
1290
1366
1288
1345
1283
1268
1258
1206
1241
1154
1233
1119
1243
1118
1250
1202
1278
1240
1304
1258
1308
1306
1311
1309
1303
1268
1255
1235
1258
1200
1244
1185
1221
1183
1247
1238
1263
1292
1284
1293
1287
1328
1292
1290
1254
1247
1273
1199
1262
1169
1255
1146
1257
1161
1248
1215
1260
1254
1259
1302
1268
1331
1266
1322
1289
1275
1267
1211
1260
1169
1265
1099
1265
1086
1234
1113
1269
1177
1267
1244
1257
1315
1264
1371
1272
1395
1262
1357
1259
1294
1272
1168
1253
1104
1290
1078
1279
1097
1269
1200
1266
1301
1265
1381
1268
1439
1260
1449
1263
1399
1260
1268
1259
1172
1228
1099
1249
1045
1249
1090
1280
1180
1267
1294
1271
1358
1271
1424
1267
1399
1271
1330
1237
1250
1239
1129
1236
1041
1247
1016
1255
1064
1271
1130
1282
1242
1286
1359
1266
1396
1269
1379
1261
1333
1248
1243
1249
1105
1246
1052
1271
1042
1257
1041
1260
1148
1262
1270
1261
1346
1254
1399
1252
1405
1249
1388
1260
1258
1268
1179
1241
1107
1263
1072
1258
1103
1262
1194
1257
1279
1259
1365
1264
1425
1266
1415
1278
1308
1277
1265
1244
1181
1279
1101
1235
1057
1263
1134
1255
1198
1261
1274
1259
1364
1259
1380
1262
1386
1276
1340
1282
1252
1306
1160
1287
1090
1277
1112
1275
1136
1269
1202
1258
1287
1249
1340
1246
1358
1242
1348
1241
1297
1247
1218
1266
1168
1263
1137
1281
1121
1293
1161
1268
1229
1259
1274
1245
1309
1226
1325
1222
1338
1232
1260
1254
1219
1274
1188
1291
1132
1333
1115
1298
1172
1275
1214
1249
1252
1224
1285
1208
1316
1213
1290
1236
1260
1239
1213
1279
1157
1289
1145
1301
1151
1292
1187
1278
1234
1260
1290
1230
1307
1227
1283
1221
1265
1231
1208
1246
1163
1267
1113
1288
1158
1291
1178
1299
1217
1321
1277
1289
1301
1267
1313
1244
1278
1231
1270
1232
1212
1245
1181
1256
1171
1286
1169
1304
1190
1314
1238
1310
1261
1285
1276
1252
1275
1223
1293
1192
1259
1189
1224
1216
1211
1238
1178
1274
1181
1302
1206
1324
1226
1310
1237
1292
1261
1271
1271
1241
1247
1217
1241
1210
1226
1228
1207
1244
1211
1272
1239
1296
1255
1307
1270
1312
1282
1300
1284
1287
1249
1267
1219
1231
1207
1242
1171
1238
1171
1246
1206
1267
1238
1275
1269
1291
1326
1297
1336
1296
1302
1272
1258
1236
1232
1240
1147
1210
1106
1215
1153
1220
1200
1243
1244
1248
1338
1265
1393
1272
1387
1246
1353
1254
1281
1246
1190
1235
1091
1231
1088
1226
1087
1244
1149
1250
1247
1269
1320
1253
1384
1281
1407
1273
1402
1268
1324
1258
1225
1246
1146
1273
1066
1258
1038
1267
1077
1271
1134
1275
1224
1272
1317
1266
1389
1269
1394
1263
1369
1262
1305
1259
1188
1264
1098
1273
1056
1271
1045
1280
1105
1275
1177
1262
1278
1245
1351
1237
1391
1248
1387
1255
1331
1250
1253
1251
1184
1250
1114
1264
1088
1256
1126
1265
1197
1265
1234
1263
1307
1275
1350
1255
1336
1256
1339
1254
1282
1251
1220
1289
1169
1269
1157
1277
1157
1281
1171
1271
1232
1262
1256
1252
1261
1249
1246
1240
1293
1258
1267
1268
1260
1277
1253
1284
1222
1276
1220
1272
1232
1253
1250
1251
1248
1236
1258
1235
1282
1248
1248
1261
1256
1273
1292
1280
1264
1279
1261
1273
1272
1222
1277
1233
1256
1239
1268
1230
1289
1234
1240
1249
1218
1275
1229
1289
1226
1301
1229
1312
1263
1301
1286
1285
1267
1259
1283
1248
1277
1228
1239
1218
1224
1222
1204
1240
1201
1273
1205
1282
1236
1306
1294
1315
1291
1301
1298
1270
1281
1251
1236
1235
1197
1217
1204
1204
1186
1230
1190
1244
1210
1276
1290
1308
1274
1316
1288
1295
1291
1306
1257
1273
1240
1243
1197
1223
1170
1230
1162
1209
1187
1253
1199
1279
1238
1305
1254
1317
1297
1309
1264
1295
1280
1269
1267
1249
1212
1243
1184
1233
1176
1248
1188
1258
1208
1285
1263
1295
1311
1305
1323
1307
1340
1295
1330
1272
1278
1256
1229
1248
1189
1241
1167
1245
1173
1253
1217
1256
1292
1273
1297
1285
1343
1289
1335
1283
1308
1266
1241
1256
1224
1245
1162
1240
1146
1262
1148
1253
1179
1261
1212
1271
1261
1272
1301
1269
1282
1267
1274
1264
1263
1260
1214
1259
1169
1264
1207
1268
1182
1267
1190
1277
1207
1280
1260
1264
1272
1254
1273
1258
1279
1250
1241
1254
1242
1264
1245
1281
1240
1278
1229
1292
1252
1303
1232
1278
1251
1256
1272
1221
1272
1226
1216
1228
1228
1244
1232
1267
1225
1238
1220
1293
1243
1304
1274
1290
1246
1268
1275
1227
1249
1233
1247
1215
1224
1224
1199
1274
1178
1281
1168
1280
1219
1301
1251
1313
1286
1306
1316
1288
1327
1282
1298
1246
1249
1231
1213
1222
1165
1230
1126
1249
1164
1270
1192
1305
1237
1305
1296
1309
1334
1293
1317
1267
1309
1237
1288
1211
1216
1202
1198
1205
1184
1232
1166
1295
1179
1304
1225
1323
1289
1342
1299
1307
1329
1266
1340
1239
1315
1218
1297
1199
1258
1210
1217
1242
1187
1272
1194
1303
1222
1326
1206
1335
1245
1344
1282
1292
1277
1260
1275
1228
1270
1211
1252
1198
1235
1222
1216
1231
1205
1269
1190
1301
1207
1312
1226
1308
1241
1286
1256
1261
1274
1226
1254
1208
1246
1196
1252
1205
1231
1222
1223
1247
1237
1278
1232
1300
1215
1306
1230
1294
1253
1274
1250
1249
1242
1227
1273
1218
1250
1244
1259
1237
1269
1262
1294
1275
1235
1297
1235
1277
1238
1293
1224
1273
1250
1249
1262
1237
1220
1240
1261
1242
1273
1247
1284
1279
1237
1282
1226
1268
1234
1292
1205
1281
1220
1271
1285
1258
1256
1241
1266
1260
1266
1211
1279
1258
1232
1263
1232
1248
1240
1277
1211
1271
1218
1272
1243
1255
1236
1266
1240
1256
1272
1243
1262
1260
1251
1255
1249
1256
1248
1260
1233
1259
1232
1271
1235
1272
1227
1271
1205
1274
1250
1261
1287
1288
1263
1248
1293
1249
1281
1218
1260
1264
1246
1262
1249
1270
1239
1267
1235
1273
1248
1259
1250
1262
1258
1269
1282
1264
1262
1264
1261
1268
1235
1258
1248
1258
1221
1267
1221
1222
1248
1261
1218
1265
1222
1264
1217
1262
1218
1252
1225
1252
1224
1241
1248
1245
1220
1230
1239
1281
1252
1266
1245
1270
1256
1261
1250
1269
1214
1273
1198
1255
1212
1249
1189
1240
1212
1238
1250
1249
1280
1248
1277
1265
1263
1278
1298
1286
1264
1288
1222
1281
1218
1270
1187
1258
1190
1246
1229
1242
1249
1241
1269
1255
1295
1282
1319
1287
1300
1296
1282
1295
1268
1293
1219
1298
1178
1262
1172
1241
1184
1231
1185
1223
1225
1230
1276
1253
1277
1265
1319
1288
1325
1299
1284
1304
1252
1291
1215
1257
1210
1251
1156
1234
1188
1247
1219
1229
1245
1233
1231
1267
1301
1291
1289
1297
1265
1301
1258
1298
1219
1273
1153
1244
1177
1225
1201
1218
1207
1182
1207
1223
1248
1253
1245
1277
1231
1294
1246
1297
1212
1289
1219
1271
1249
1246
1220
1254
1222
1218
1224
1214
1251
1232
1231
1254
1245
1271
1247
1291
1235
1317
1224
1299
1237
1283
1239
1258
1230
1246
1252
1198
1263
1222
1254
1229
1231
1220
1272
1252
1251
1270
1244
1285
1231
1284
1226
1282
1215
1265
1257
1242
1269
1235
1262
1256
1279
1245
1282
1242
1268
1263
1254
1280
1235
1288
1196
1306
1182
1302
1191
1279
1232
1260
1232
1229
1264
1220
1281
1246
1283
1257
1284
1270
1255
1266
1243
1294
1209
1291
1204
1280
1192
1266
1191
1259
1200
1228
1247
1248
1240
1256
1277
1281
1299
1272
1295
1299
1291
1283
1278
1281
1287
1272
1233
1270
1224
1296
1221
1265
1203
1258
1227
1262
1244
1270
1239
1250
1268
1267
1267
1268
1306
1264
1292
1256
1274
1251
1249
1252
1199
1248
1176
1214
1175
1240
1171
1249
1195
1257
1240
1272
1260
1265
1293
1267
1321
1262
1316
1252
1275
1244
1248
1224
1211
1248
1167
1254
1149
1256
1155
1282
1174
1287
1211
1274
1266
1278
1333
1263
1336
1257
1344
1257
1319
1267
1256
1266
1193
1273
1177
1275
1165
1290
1156
1254
1204
1268
1253
1263
1293
1260
1339
1225
1347
1253
1329
1260
1258
1271
1254
1277
1203
1281
1177
1254
1178
1274
1180
1264
1202
1264
1235
1261
1287
1254
1305
1260
1305
1260
1303
1273
1260
1258
1225
1284
1185
1283
1199
1280
1198
1264
1215
1242
1236
1243
1249
1237
1269
1260
1284
1255
1268
1269
1264
1289
1237
1291
1219
1306
1205
1289
1228
1268
1266
1253
1248
1240
1272
1213
1275
1241
1264
1250
1255
1263
1247
1299
1222
1300
1234
1279
1238
1294
1244
1280
1268
1257
1293
1224
1301
1221
1277
1227
1251
1233
1248
1260
1211
1278
1195
1296
1210
1298
1216
1275
1223
1268
1307
1246
1288
1224
1292
1219
1284
1230
1287
1242
1233
1262
1218
1278
1227
1311
1198
1282
1196
1290
1222
1267
1252
1268
1246
1253
1284
1232
1303
1247
1280
1251
1262
1266
1263
1283
1224
1323
1201
1307
1197
1308
1216
1302
1177
1286
1223
1230
1281
1237
1281
1237
1276
1249
1298
1228
1277
1272
1245
1286
1241
1289
1220
1297
1207
1277
1219
1270
1238
1262
1236
1251
1262
1242
1281
1257
1278
1266
1241
1273
1292
1282
1276
1308
1264
1258
1267
1266
1251
1258
1226
1249
1220
1229
1253
1245
1225
1253
1238
1269
1289
1277
1285
1284
1295
1287
1301
1277
1284
1265
1252
1257
1235
1245
1204
1254
1186
1260
1192
1265
1211
1275
1218
1286
1254
1284
1281
1279
1273
1284
1267
1268
1272
1238
1255
1248
1213
1271
1205
1264
1205
1275
1181
1282
1185
1292
1225
1287
1247
1297
1267
1295
1296
1263
1323
1245
1290
1237
1264
1258
1241
1245
1206
1259
1158
1267
1187
1279
1179
1282
1213
1277
1266
1268
1257
1253
1306
1239
1320
1241
1311
1235
1266
1253
1225
1274
1207
1285
1161
1293
1161
1290
1194
1286
1240
1281
1261
1263
1292
1278
1301
1264
1292
1266
1280
1278
1261
1275
1239
1279
1209
1281
1204
1280
1200
1279
1199
1250
1217
1264
1243
1270
1246
1271
1268
1256
1241
1286
1274
1281
1269
1270
1255
1304
1231
1275
1205
1261
1220
1256
1241
1261
1231
1263
1254
1291
1273
1295
1265
1276
1255
1277
1266
1274
1241
1285
1226
1250
1238
1240
1264
1246
1244
1244
1262
1255
1254
1278
1250
1292
1216
1300
1252
1296
1208
1292
1226
1267
1263
1248
1263
1254
1274
1231
1276
1226
1292
1249
1262
1277
1252
1291
1228
1287
1212
1309
1204
1299
1222
1274
1250
1248
1243
1232
1243
1190
1286
1238
1276
1256
1250
1254
1267
1307
1222
1320
1232
1311
1187
1300
1190
1270
1190
1245
1220
1214
1251
1213
1241
1217
1262
1246
1269
1268
1255
1297
1240
1317
1222
1308
1188
1307
1160
1276
1189
1258
1210
1239
1223
1234
1262
1233
1287
1254
1277
1276
1251
1292
1249
1307
1213
1309
1193
1292
1188
1271
1209
1254
1217
1232
1282
1193
1298
1223
1286
1244
1278
1259
1251
1286
1193
1300
1158
1295
1161
1286
1178
1268
1181
1257
1231
1238
1287
1245
1306
1248
1293
1256
1321
1284
1257
1304
1218
1309
1229
1305
1169
1288
1165
1277
1178
1258
1225
1256
1232
1251
1291
1252
1337
1275
1310
1275
1282
1293
1259
1274
1196
1312
1144
1267
1167
1246
1172
1229
1118
1229
1228
1232
1294
1247
1326
1275
1329
1277
1336
1286
1294
1293
1215
1275
1188
1255
1186
1238
1146
1228
1180
1201
1193
1189
1248
1258
1271
1276
1319
1279
1313
1292
1277
1287
1248
1275
1210
1251
1170
1243
1169
1254
1180
1237
1175
1243
1179
1252
1222
1282
1224
1300
1241
1281
1259
1299
1244
1288
1236
1265
1228
1243
1219
1239
1209
1233
1185
1213
1193
1261
1177
1261
1196
1305
1217
1310
1247
1300
1266
1286
1274
1256
1265
1250
1234
1232
1221
1256
1199
1248
1169
1261
1183
1282
1183
1290
1201
1291
1214
1286
1252
1258
1255
1250
1251
1234
1268
1226
1237
1239
1237
1242
1238
1260
1228
1266
1205
1285
1191
1287
1199
1286
1197
1285
1229
1255
1265
1245
1299
1234
1299
1239
1301
1247
1285
1270
1233
1284
1196
1294
1178
1308
1155
1306
1170
1279
1218
1266
1289
1250
1297
1238
1313
1225
1313
1252
1264
1268
1231
1266
1199
1289
1166
1292
1158
1287
1178
1306
1196
1262
1219
1251
1261
1241
1275
1243
1260
1242
1234
1257
1233
1271
1200
1279
1179
1276
1167
1276
1166
1268
1163
1259
1191
1253
1208
1257
1237
1247
1269
1268
1270
1301
1261
1277
1217
1277
1224
1279
1197
1281
1187
1265
1210
1270
1249
1282
1245
1267
1281
1287
1300
1264
1272
1266
1240
1260
1218
1242
1185
1263
1172
1203
1189
1254
1208
1254
1202
1257
1232
1237
1261
1256
1205
1254
1194
1251
1206
1258
1154
1296
1155
1261
1160
1261
1202
1269
1226
1266
1276
1262
1291
1276
1288
1286
1268
1276
1257
1274
1214
1270
1183
1288
1191
1260
1198
1288
1208
1269
1242
1264
1285
1270
1262
1274
1277
1281
1268
1277
1241
1270
1192
1271
1213
1260
1189
1254
1168
1276
1187
1259
1213
1254
1214
1256
1239
1275
1279
1267
1268
1272
1265
1271
1255
1260
1208
1258
1178
1251
1174
1256
1200
1257
1181
1271
1248
1274
1285
1264
1300
1283
1293
1281
1295
1285
1239
1280
1220
1272
1218
1267
1205
1255
1214
1263
1240
1274
1264
1271
1259
1277
1277
1286
1251
1279
1240
1267
1231
1263
1227
1249
1209
1244
1200
1249
1217
1250
1250
1260
1184
1259
1207
1265
1219
1277
1213
1266
1247
1267
1234
1265
1229
1269
1211
1263
1231
1261
1219
1256
1205
1261
1211
1270
1237
1267
1210
1259
1221
1275
1248
1274
1239
1267
1211
1256
1237
1252
1241
1256
1231
1261
1242
1253
1243
1263
1219
1265
1217
1255
1213
1261
1203
1265
1191
1259
1216
1255
1216
1240
1237
1262
1257
1268
1289
1269
1281
1271
1254
1263
1226
1291
1175
1268
1149
1270
1151
1260
1163
1278
1202
1261
1241
1259
1289
1266
1300
1267
1296
1251
1273
1272
1205
1277
1168
1267
1127
1264
1130
1271
1171
1259
1193
1251
1261
1248
1259
1221
1289
1241
1289
1270
1278
1263
1236
1262
1229
1259
1191
1268
1175
1252
1180
1260
1196
1255
1202
1253
1252
1237
1278
1252
1298
1255
1327
1258
1323
1246
1284
1267
1234
1267
1205
1273
1145
1276
1144
1270
1193
1271
1229
1264
1260
1268
1317
1245
1355
1270
1329
1271
1295
1295
1257
1279
1187
1287
1143
1279
1150
1271
1172
1278
1202
1270
1245
1267
1306
1268
1307
1259
1303
1273
1300
1264
1253
1265
1197
1263
1171
1266
1153
1268
1140
1266
1174
1257
1235
1259
1239
1254
1262
1258
1300
1253
1288
1258
1260
1263
1247
1260
1210
1261
1168
1262
1159
1265
1167
1266
1182
1273
1223
1275
1267
1274
1301
1277
1289
1266
1296
1263
1277
1274
1227
1258
1207
1262
1184
1259
1185
1284
1200
1249
1262
1270
1272
1275
1285
1268
1292
1273
1259
1297
1214
1269
1199
1263
1211
1259
1185
1254
1165
1234
1227
1263
1236
1275
1233
1252
1264
1290
1241
1298
1226
1286
1221
1280
1224
1269
1197
1258
1232
1228
1243
1248
1219
1271
1222
1265
1235
1275
1229
1278
1224
1307
1249
1282
1257
1278
1245
1282
1257
1257
1252
1251
1229
1239
1224
1237
1237
1242
1213
1256
1219
1265
1230
1264
1235
1286
1220
1279
1213
1279
1217
1273
1221
1255
1223
1248
1249
1242
1239
1249
1234
1289
1234
1268
1193
1283
1189
1295
1184
1285
1216
1281
1184
1273
1218
1252
1251
1262
1249
1250
1205
1247
1246
1249
1189
1253
1175
1259
1172
1281
1195
1265
1200
1278
1217
1272
1261
1270
1259
1262
1289
1242
1277
1251
1259
1250
1221
1260
1201
1282
1170
1276
1157
1278
1189
1279
1207
1273
1238
1277
1259
1271
1282
1273
1270
1267
1252
1258
1249
1261
1224
1294
1180
1265
1192
1268
1180
1278
1192
1272
1220
1261
1247
1271
1257
1261
1278
1256
1294
1245
1270
1254
1254
1248
1231
1258
1206
1277
1185
1275
1200
1277
1225
1277
1235
1270
1240
1268
1288
1252
1268
1257
1252
1253
1235
1251
1198
1260
1178
1268
1174
1263
1205
1270
1229
1270
1260
1255
1291
1264
1267
1264
1267
1257
1233
1255
1209
1263
1197
1265
1205
1256
1239
1268
1223
1277
1250
1291
1266
1274
1254
1274
1233
1272
1233
1265
1210
1277
1195
1257
1206
1240
1229
1266
1205
1263
1205
1247
1218
1272
1226
1272
1262
1262
1253
1258
1238
1264
1216
1238
1208
1255
1187
1259
1177
1258
1185
1253
1208
1255
1212
1261
1235
1252
1262
1261
1253
1267
1244
1270
1255
1264
1189
1258
1170
1251
1167
1249
1188
1242
1194
1242
1226
1251
1273
1253
1262
1261
1269
1267
1285
1274
1240
1278
1212
1277
1209
1252
1210
1270
1211
1261
1250
1261
1288
1252
1264
1257
1287
1270
1283
1269
1261
1280
1236
1279
1230
1279
1239
1275
1218
1268
1222
1236
1299
1255
1250
1232
1262
1245
1265
1260
1260
1280
1236
1274
1247
1275
1290
1276
1217
1263
1212
1261
1210
1239
1196
1247
1200
1239
1237
1238
1246
1252
1213
1251
1254
1263
1262
1270
1233
1278
1223
1271
1222
1273
1203
1267
1190
1257
1217
1249
1251
1262
1237
1251
1258
1265
1247
1240
1234
1290
1228
1299
1222
1285
1219
1274
1206
1261
1229
1257
1224
1243
1219
1251
1223
1257
1219
1264
1197
1274
1196
1279
1224
1284
1219
1279
1238
1269
1258
1259
1229
1252
1222
1246
1210
1246
1199
1291
1212
1267
1204
1268
1221
1277
1213
1270
1228
1275
1230
1279
1222
1267
1229
1259
1230
1243
1203
1245
1206
1244
1222
1253
1254
1264
1222
1277
1232
1301
1218
1280
1217
1268
1227
1255
1228
1224
1224
1233
1214
1227
1240
1227
1224
1237
1231
1250
1236
1255
1247
1265
1228
1274
1223
1279
1233
1270
1217
1261
1224
1271
1224
1251
1221
1241
1209
1252
1224
1266
1227
1273
1222
1273
1232
1276
1257
1275
1228
1266
1236
1256
1223
1253
1214
1256
1191
1246
1198
1249
1218
1259
1206
1263
1236
1258
1240
1262
1244
1249
1235
1252
1235
1261
1208
1257
1193
1250
1205
1250
1214
1256
1210
1254
1223
1239
1240
1261
1241
1253
1199
1245
1237
1235
1216
1240
1205
1229
1207
1237
1186
1249
1196
1253
1214
1242
1208
1301
1199
1264
1197
1252
1225
1243
1211
1238
1217
1222
1227
1231
1217
1255
1202
1244
1201
1253
1200
1260
1190
1263
1188
1253
1233
1259
1231
1260
1237
1212
1245
1244
1225
1238
1216
1243
1198
1239
1211
1257
1171
1255
1234
1252
1239
1261
1216
1309
1208
1275
1218
1254
1216
1257
1194
1254
1214
1249
1244
1258
1208
1267
1214
1242
1248
1261
1224
1262
1214
1264
1216
1262
1216
1261
1225
1260
1220
1248
1235
1261
1220
1261
1239
1260
1226
1262
1211
1257
1194
1264
1221
1246
1219
1243
1216
1259
1238
1241
1241
1251
1241
1262
1243
1268
1248
1267
1212
1274
1212
1282
1227
1262
1209
1244
1221
1245
1245
1242
1248
1228
1236
1253
1239
1269
1227
1268
1214
1280
1202
1275
1206
1283
1176
1271
1210
1260
1232
1248
1219
1256
1222
1248
1229
1250
1222
1270
1193
1276
1197
1267
1193
1288
1173
1279
1163
1276
1190
1256
1187
1248
1185
1231
1210
1230
1237
1236
1202
1230
1234
1256
1239
1275
1220
1273
1223
1271
1201
1266
1199
1256
1186
1244
1231
1229
1250
1229
1258
1234
1279
1255
1275
1260
1242
1288
1243
1286
1239
1280
1208
1272
1153
1244
1227
1231
1237
1243
1248
1241
1273
1229
1305
1245
1255
1266
1238
1280
1236
1287
1242
1277
1215
1273
1226
1258
1211
1224
1213
1246
1210
1244
1218
1249
1214
1261
1203
1257
1210
1289
1197
1290
1201
1299
1202
1297
1173
1311
1186
1270
1211
1251
1224
1242
1190
1246
1207
1211
1222
1265
1206
1278
1221
1292
1200
1291
1206
1282
1226
1268
1217
1241
1226
1234
1230
1193
1253
1226
1254
1240
1254
1254
1256
1266
1242
1270
1211
1277
1205
1268
1223
1268
1217
1257
1219
1246
1253
1244
1236
1244
1254
1256
1261
1271
1267
1260
1242
1283
1220
1288
1246
1286
1220
1288
1230
1272
1258
1265
1286
1252
1248
1254
1255
1218
1266
1262
1255
1274
1228
1283
1279
1281
1263
1275
1267
1281
1259
1266
1237
1269
1223
1267
1224
1256
1237
1263
1213
1259
1234
1268
1251
1275
1241
1275
1242
1267
1244
1270
1237
1258
1214
1263
1205
1251
1232
1254
1207
1252
1210
1251
1204
1264
1198
1267
1206
1268
1234
1266
1233
1278
1240
1283
1247
1272
1243
1274
1215
1281
1207
1284
1181
1290
1171
1290
1152
1290
1195
1277
1216
1273
1240
1253
1282
1252
1280
1278
1268
1268
1244
1275
1235
1280
1200
1289
1177
1279
1200
1279
1190
1278
1203
1258
1246
1247
1263
1273
1272
1257
1244
1262
1293
1276
1245
1288
1252
1257
1220
1279
1181
1276
1183
1264
1196
1255
1206
1245
1191
1242
1258
1248
1289
1255
1256
1303
1268
1271
1235
1302
1201
1298
1160
1291
1167
1266
1153
1246
1164
1267
1196
1233
1217
1234
1225
1252
1241
1249
1253
1272
1217
1295
1201
1298
1197
1276
1174
1269
1158
1247
1197
1236
1201
1205
1216
1229
1237
1251
1274
1269
1269
1288
1260
1325
1266
1306
1225
1297
1228
1278
1229
1261
1226
1243
1221
1242
1244
1257
1252
1269
1245
1267
1252
1290
1268
1300
1234
1294
1244
1290
1240
1278
1211
1251
1207
1236
1203
1229
1206
1232
1170
1257
1205
1229
1220
1265
1219
1269
1206
1281
1231
1301
1209
1272
1192
1264
1207
1249
1197
1243
1190
1240
1193
1248
1191
1266
1181
1273
1192
1260
1207
1280
1211
1288
1201
1272
1243
1262
1195
1269
1237
1250
1248
1255
1227
1256
1211
1269
1204
1281
1226
1282
1215
1284
1251
1275
1274
1265
1273
1261
1274
1246
1280
1246
1262
1250
1226
1254
1201
1239
1207
1266
1186
1265
1175
1270
1222
1253
1215
1251
1226
1227
1234
1234
1227
1240
1229
1253
1215
1255
1215
1265
1183
1269
1183
1264
1176
1268
1185
1262
1198
1258
1209
1244
1209
1243
1196
1254
1215
1262
1202
1271
1183
1273
1174
1289
1141
1270
1161
1270
1165
1263
1199
1236
1207
1255
1214
1255
1229
1255
1211
1269
1210
1274
1227
1281
1217
1277
1202
1277
1179
1244
1224
1265
1213
1258
1231
1244
1252
1242
1245
1238
1224
1253
1207
1254
1213
1273
1202
1266
1211
1256
1233
1251
1224
1240
1231
1233
1243
1235
1237
1236
1228
1250
1218
1261
1222
1278
1192
1280
1204
1264
1235
1267
1213
1250
1216
1237
1238
1210
1230
1233
1220
1241
1258
1246
1244
1251
1222
1267
1220
1253
1227
1270
1215
1268
1184
1258
1222
1245
1223
1266
1220
1238
1231
1244
1268
1261
1210
1267
1218
1279
1195
1282
1198
1282
1184
1271
1219
1247
1227
1263
1214
1228
1222
1233
1229
1229
1209
1254
1202
1287
1206
1284
1193
1282
1215
1279
1210
1264
1206
1247
1218
1229
1233
1220
1227
1223
1219
1233
1191
1217
1202
1274
1216
1280
1201
1271
1233
1279
1220
1246
1222
1248
1227
1234
1226
1223
1215
1230
1212
1228
1213
1257
1204
1271
1201
1294
1235
1290
1227
1279
1227
1264
1220
1250
1235
1238
1222
1231
1225
1206
1225
1240
1201
1251
1217
1260
1219
1281
1222
1276
1219
1271
1253
1267
1253
1265
1238
1247
1244
1245
1232
1245
1220
1265
1219
1262
1227
1266
1204
1277
1199
1282
1227
1267
1222
1270
1207
1242
1234
1232
1247
1222
1213
1225
1208
1249
1202
1237
1181
1259
1166
1273
1197
1276
1187
1292
1204
1248
1230
1243
1257
1226
1226
1226
1226
1227
1219
1249
1192
1262
1203
1273
1210
1281
1208
1281
1205
1284
1237
1273
1242
1264
1224
1255
1232
1248
1233
1255
1194
1254
1175
1268
1226
1273
1215
1262
1217
1266
1223
1263
1228
1264
1211
1259
1241
1255
1240
1275
1242
1246
1247
1252
1242
1268
1216
1252
1201
1251
1207
1247
1182
1261
1201
1251
1217
1249
1238
1253
1245
1253
1259
1253
1261
1253
1240
1260
1214
1255
1204
1256
1144
1258
1183
1253
1207
1249
1208
1289
1220
1253
1234
1254
1250
1258
1242
1262
1250
1258
1248
1261
1228
1293
1211
1253
1225
1247
1218
1244
1207
1244
1217
1220
1239
1257
1243
1268
1224
1259
1271
1269
1251
1266
1240
1262
1225
1249
1209
1244
1151
1242
1189
1233
1201
1246
1186
1282
1213
1259
1227
1268
1253
1273
1260
1268
1262
1254
1245
1263
1219
1254
1207
1247
1193
1249
1179
1248
1186
1260
1190
1258
1212
1259
1229
1266
1256
1227
1251
1261
1238
1267
1248
1254
1249
1254
1211
1249
1194
1263
1205
1257
1189
1245
1189
1264
1210
1275
1217
1289
1233
1276
1263
1267
1275
1255
1257
1254
1258
1217
1253
1251
1225
1260
1186
1272
1216
1275
1204
1295
1208
1277
1237
1274
1268
1260
1274
1258
1280
1224
1284
1255
1239
1254
1222
1260
1242
1264
1206
1273
1184
1267
1219
1254
1232
1261
1235
1252
1260
1241
1278
1242
1258
1242
1220
1248
1255
1249
1228
1263
1212
1252
1217
1259
1208
1259
1179
1251
1217
1250
1260
1250
1235
1243
1254
1238
1263
1255
1250
1259
1214
1265
1235
1264
1229
1272
1203
1266
1214
1278
1220
1255
1219
1271
1234
1242
1254
1257
1250
1254
1198
1250
1215
1255
1219
1265
1218
1271
1226
1258
1258
1264
1236
1266
1237
1263
1258
1261
1277
1260
1245
1254
1255
1253
1234
1215
1231
1256
1233
1255
1267
1249
1250
1251
1243
1237
1249
1253
1232
1244
1225
1256
1249
1261
1241
1237
1239
1252
1262
1248
1249
1251
1248
1246
1244
1249
1252
1260
1226
1256
1215
1277
1236
1277
1239
1298
1269
1275
1258
1262
1261
1255
1236
1226
1250
1247
1238
1260
1230
1284
1233
1271
1260
1275
1230
1286
1234
1275
1241
1274
1234
1261
1216
1265
1224
1259
1213
1259
1212
1258
1217
1257
1230
1249
1216
1263
1207
1241
1233
1256
1201
1262
1220
1256
1250
1256
1234
1247
1250
1247
1257
1243
1266
1260
1241
1267
1252
1272
1249
1275
1240
1299
1234
1273
1253
1266
1272
1261
1252
1251
1258
1225
1276
1246
1247
1244
1259
1251
1248
1269
1244
1276
1247
1272
1247
1263
1265
1271
1224
1257
1236
1228
1236
1244
1225
1241
1231
1253
1246
1268
1223
1275
1239
1275
1262
1274
1257
1273
1245
1262
1243
1261
1242
1260
1228
1255
1226
1254
1243
1259
1242
1262
1244
1264
1261
1267
1258
1281
1255
1269
1262
1266
1250
1293
1237
1261
1214
1257
1256
1246
1242
1268
1245
1245
1274
1256
1259
1280
1242
1278
1252
1282
1264
1281
1252
1276
1226
1249
1254
1255
1237
1248
1239
1193
1239
1245
1222
1260
1191
1268
1210
1270
1246
1273
1196
1270
1247
1252
1256
1251
1230
1288
1223
1249
1210
1251
1209
1298
1192
1265
1210
1257
1215
1269
1209
1279
1214
1273
1230
1266
1216
1266
1220
1269
1229
1259
1229
1259
1235
1281
1250
1260
1268
1264
1231
1265
1243
1245
1243
1268
1239
1244
1256
1264
1286
1256
1286
1261
1283
1291
1298
1266
1290
1273
1275
1277
1273
1258
1278
1269
1256
1274
1270
1275
1287
1262
1280
1255
1285
1251
1293
1256
1278
1262
1266
1267
1271
1274
1269
1266
1247
1268
1236
1277
1244
1253
1207
1240
1234
1234
1236
1246
1237
1243
1238
1267
1254
1289
1257
1287
1228
1285
1236
1273
1228
1263
1198
1257
1182
1253
1199
1247
1198
1260
1204
1255
1229
1268
1282
1275
1230
1273
1247
1255
1235
1264
1232
1270
1237
1244
1242
1235
1228
1279
1220
1240
1254
1245
1257
1261
1257
1259
1262
1278
1257
1272
1245
1265
1226
1269
1246
1266
1234
1264
1217
1247
1239
1248
1262
1255
1229
1260
1230
1235
1228
1272
1214
1278
1193
1275
1217
1263
1209
1276
1224
1237
1244
1229
1272
1213
1235
1227
1230
1267
1245
1243
1233
1253
1206
1255
1230
1257
1230
1250
1228
1245
1243
1234
1255
1237
1266
1234
1253
1208
1275
1247
1256
1253
1249
1222
1256
1257
1226
1260
1225
1262
1216
1257
1243
1249
1268
1259
1274
1231
1290
1256
1273
1225
1233
1276
1243
1262
1232
1263
1205
1264
1216
1262
1212
1273
1224
1255
1253
1262
1268
1256
1261
1255
1250
1261
1248
1251
1223
1259
1222
1256
1212
1227
1208
1252
1198
1251
1230
1246
1247
1246
1240
1241
1278
1242
1280
1247
1256
1254
1243
1236
1242
1262
1229
1263
1224
1262
1239
1256
1244
1252
1243
1254
1263
1258
1288
1262
1288
1262
1284
1265
1295
1291
1271
1257
1263
1263
1275
1258
1233
1252
1225
1252
1244
1251
1271
1267
1258
1271
1272
1267
1313
1267
1280
1258
1255
1258
1252
1244
1259
1235
1213
1252
1234
1250
1250
1254
1244
1251
1236
1261
1271
1258
1249
1265
1233
1258
1228
1253
1220
1259
1191
1248
1213
1248
1244
1252
1231
1245
1253
1260
1254
1253
1242
1272
1223
1278
1246
1278
1251
1280
1233
1262
1244
1268
1253
1255
1245
1253
1243
1256
1272
1257
1258
1270
1222
1274
1272
1280
1265
1281
1263
1248
1260
1264
1246
1255
1236
1246
1222
1242
1253
1253
1241
1261
1279
1266
1296
1275
1284
1306
1271
1276
1272
1270
1272
1260
1247
1253
1253
1222
1261
1248
1254
1260
1247
1257
1300
1261
1279
1262
1275
1268
1288
1266
1287
1265
1248
1264
1236
1229
1254
1249
1235
1249
1204
1259
1262
1256
1260
1261
1262
1272
1285
1274
1271
1283
1271
1311
1285
1280
1277
1273
1269
1258
1245
1258
1292
1252
1264
1257
1267
1275
1290
1278
1292
1284
1284
1291
1294
1287
1276
1279
1269
1267
1263
1276
1266
1246
1251
1249
1249
1253
1267
1265
1246
1298
1272
1271
1284
1272
1315
1267
1292
1261
1288
1275
1268
1253
1259
1260
1262
1250
1264
1250
1271
1283
1263
1258
1281
1269
1284
1272
1271
1274
1271
1255
1284
1277
1242
1270
1266
1260
1234
1264
1268
1258
1254
1257
1247
1262
1264
1270
1236
1248
1252
1267
1269
1275
1265
1270
1251
1263
1269
1270
1247
1261
1231
1255
1242
1249
1236
1257
1232
1270
1248
1264
1266
1270
1258
1271
1244
1262
1271
1264
1249
1269
1233
1264
1236
1263
1252
1273
1242
1268
1268
1265
1271
1270
1268
1266
1248
1261
1281
1264
1275
1267
1260
1266
1258
1276
1255
1284
1261
1280
1278
1274
1300
1273
1285
1271
1268
1255
1294
1264
1272
1266
1275
1256
1296
1276
1280
1303
1278
1286
1274
1281
1318
1272
1312
1264
1305
1287
1325
1249
1316
1223
1298
1261
1300
1262
1293
1269
1289
1275
1297
1276
1316
1282
1290
1265
1306
1292
1320
1253
1308
1247
1293
1239
1296
1220
1265
1244
1250
1254
1256
1260
1251
1275
1221
1284
1265
1281
1270
1280
1272
1258
1298
1242
1282
1241
1260
1251
1238
1236
1242
1274
1223
1297
1229
1292
1255
1293
1263
1282
1273
1268
1286
1248
