1010
1309
1413
1299
1405
1270
1367
1294
1181
1269
1178
1273
1171
1281
1154
1275
1164
1274
1175
1278
1135
1287
1154
1288
1150
1228
1161
1302
1121
1310
1123
1318
1128
1313
1132
1313
1171
1305
1105
1306
1220
1292
1183
1252
1197
1285
1184
1274
1276
1254
1250
1261
1244
1232
1245
1246
1257
1218
1156
1268
1295
1243
1256
1234
1302
1240
1299
1238
1253
1235
1339
1229
1330
1224
1325
1235
1325
1237
1277
1252
1291
1260
1332
1250
1357
1248
1363
1241
1380
1249
1374
1252
1380
1251
1348
1254
1356
1247
1317
1256
1325
1241
1324
1254
1308
1264
1278
1260
1237
1254
1260
1276
1231
1262
1190
1251
1186
1253
1256
1251
1110
1246
1169
1250
1154
1258
1149
1268
1066
1272
1123
1273
1101
1286
1096
1282
1115
1294
1115
1325
1129
1311
1122
1317
1132
1303
1162
1301
1168
1296
1170
1282
1192
1304
1177
1293
1205
1294
1195
1295
1204
1308
1186
1276
1211
1294
1203
1284
1219
1265
1190
1257
1227
1266
1194
1267
1193
1254
1240
1252
1193
1245
1301
1230
1274
1235
1261
1222
1240
1238
1254
1240
1258
1227
1282
1237
1258
1240
1281
1239
1285
1238
1289
1248
1281
1251
1304
1237
1315
1245
1312
1242
1306
1245
1357
1240
1322
1242
1324
1255
1295
1211
1315
1257
1310
1263
1321
1262
1301
1260
1307
1254
1304
1281
1246
1257
1268
1250
1268
1251
1239
1254
1278
1273
1236
1255
1226
1298
1245
1308
1255
1308
1265
1301
1277
1298
1248
1299
1247
1293
1303
1283
1214
1286
1270
1286
1265
1283
1249
1337
1253
1298
1210
1302
1235
1290
1218
1294
1256
1288
1188
1306
1232
1285
1257
1269
1226
1246
1190
1261
1192
1254
1146
1256
1161
1263
1158
1268
1157
1258
1196
1263
1126
1257
1110
1259
1130
1247
1110
1234
1113
1241
1115
1213
1113
1212
1132
1212
1131
1221
1145
1209
1166
1216
1178
1237
1216
1236
1219
1246
1241
1230
1260
1284
1280
1268
1271
1285
1320
1303
1311
1307
1247
1300
1335
1303
1371
1298
1372
1300
1377
1238
1377
1289
1314
1307
1259
1284
1344
1286
1288
1285
1368
1316
1245
1321
1296
1355
1277
1384
1337
1398
1347
1411
1347
1395
1405
1392
1414
1368
1363
1363
1412
1275
1390
1269
1433
1242
1342
1201
1342
1178
1324
1145
1301
1091
1280
1053
1250
1015
1172
993
1055
972
945
977
869
1000
782
1015
719
1023
661
1083
631
1119
588
1151
681
1173
718
1191
887
1243
758
1312
871
1364
940
1425
1031
1480
1145
1520
1275
1500
1379
1483
1513
1439
1554
1391
1678
1340
1775
1314
1721
1318
1729
1300
1725
1303
1738
1309
1679
1323
1593
1314
1603
1321
1462
1315
1360
1334
1306
1338
1193
1342
1127
1369
1061
1394
1025
1414
995
1423
920
1431
895
1419
840
1395
854
1380
867
1361
865
1346
1017
1343
1097
1332
1226
1332
1328
1259
1440
1290
1530
1261
1584
1210
1631
1160
1609
1121
1594
1104
1549
1078
1496
1071
1440
1080
1383
1091
1300
1109
1269
1120
1313
1134
1295
1169
1258
1124
1306
1200
1263
1189
1260
1215
1242
1214
1231
1200
1257
1199
1206
1197
1263
1232
1220
1202
1256
1207
1201
1215
1219
1213
1232
1232
1230
1254
1197
1285
1199
1318
1151
1340
1234
1349
1167
1360
1150
1370
1072
1377
1034
1385
1029
1390
969
1353
972
1361
968
1351
1064
1326
1073
1319
1062
1313
1057
1309
1083
1280
1063
1276
1093
1295
1120
1246
1133
1227
1217
1201
1275
1196
1316
1174
1386
1167
1399
1175
1399
1179
1364
1187
1308
1201
1290
1229
1213
1251
1192
1272
1256
1255
1087
1286
1113
1303
1112
1297
1162
1292
1154
1290
1207
1290
1289
1281
1300
1273
1328
1280
1321
1248
1307
1284
1268
1264
1245
1270
1258
1275
1266
1276
1292
1296
1295
1305
1271
1308
1258
1299
1210
1293
1131
1314
1099
1253
1054
1257
1149
1256
1074
1244
1119
1261
1134
1263
1119
1276
1125
1284
1159
1298
1201
1327
1242
1359
1318
1374
1394
1391
1415
1409
1427
1420
1535
1405
1568
1375
1590
1348
1590
1321
1622
1312
1555
1259
1512
1246
1524
1235
1456
1225
1412
1205
1369
1215
1278
1200
1254
1177
1241
1172
1189
1214
1169
1154
1104
1151
1117
1152
1094
1168
1101
1177
1101
1199
1122
1237
1095
1244
1093
1259
1102
1262
1100
1265
1016
1280
1072
1284
1071
1292
1059
1300
1064
1281
1012
1269
1043
1259
1073
1242
1084
1232
1106
1230
1030
1241
1115
1231
1100
1236
1155
1255
1149
1285
1179
1302
1247
1324
1249
1328
1255
1342
1256
1344
1320
1328
1280
1333
1303
1326
1326
1327
1318
1337
1387
1366
1391
1386
1400
1397
1368
1408
1348
1422
1392
1407
1311
1391
1358
1373
1447
1357
1450
1330
1432
1297
1447
1231
1459
1249
1390
1220
1389
1196
1340
1194
1370
1174
1342
1177
1322
1186
1301
1188
1268
1188
1252
1196
1204
1197
1139
1214
1118
1221
1124
1235
1090
1243
1071
1242
1062
1241
1077
1237
1023
1228
1079
1220
1064
1207
1046
1198
1127
1200
1179
1226
1191
1196
1189
1195
1242
1183
1249
1213
1239
1202
1228
1217
1279
1238
1282
1234
1314
1246
1295
1262
1320
1275
1273
1283
1253
1254
1195
1294
1142
1298
1121
1312
1132
1321
1114
1371
1143
1376
1150
1361
1184
1358
1141
1347
1126
1339
1097
1346
1107
1321
1141
1311
1206
1291
1183
1302
1366
1242
1275
1228
1231
1186
1173
1195
1124
1213
1117
1226
1122
1247
1107
1272
1166
1305
1168
1324
1161
1328
1146
1333
1113
1338
1085
1338
1061
1333
1124
1324
1210
1315
1255
1294
1307
1280
1281
1228
1366
1240
1381
1231
1394
1221
1424
1223
1485
1187
1516
1235
1520
1219
1559
1218
1536
1214
1487
1203
1434
1213
1370
1247
1384
1271
1404
1303
1403
1286
1410
1348
1353
1361
1351
1354
1291
1332
1200
1310
1218
1299
1216
1263
1231
1270
1196
1277
1223
1236
1228
1267
1240
1253
1163
1256
1109
1247
1150
1248
1089
1250
1159
1264
1184
1255
1177
1258
1156
1229
1083
1266
1023
1257
1013
1255
1027
1253
1054
1257
906
1284
1152
1251
1138
1228
1135
1216
1154
1224
1141
1202
1071
1222
1075
1242
1118
1252
1153
1275
1082
1272
1214
1283
1262
1269
1233
1241
1207
1255
1182
1180
1193
1227
1191
1233
1204
1235
1221
1240
1280
1222
1320
1226
1267
1219
1261
1216
1256
1195
1257
1247
1241
1261
1304
1272
1350
1295
1345
1279
1398
1294
1266
1282
1268
1289
1168
1296
1194
1253
1234
1328
1264
1348
1301
1379
1353
1393
1392
1409
1328
1421
1334
1426
1345
1410
1249
1412
1286
1346
1336
1382
1358
1330
1361
1298
1366
1258
1344
1227
1291
1200
1281
1192
1241
1205
1235
1209
1238
1241
1235
1269
1221
1279
1251
1280
1260
1281
1234
1286
1267
1283
1340
1273
1371
1280
1396
1257
1434
1261
1400
1235
1357
1225
1285
1219
1220
1219
1248
1255
1242
1219
1255
1238
1285
1266
1308
1236
1318
1237
1274
1249
1228
1216
1213
1210
1118
1230
1121
1267
1136
1230
1159
1221
1165
1226
1131
1218
1107
1200
1074
1216
1067
1220
1064
1221
1218
1213
1160
1264
1213
1261
1210
1261
1274
1247
1249
1248
1209
1229
1173
1249
1177
1247
1200
1284
1138
1355
1315
1335
1335
1336
1379
1348
1355
1364
1301
1366
1304
1390
1271
1408
1279
1414
1321
1415
1352
1403
1375
1428
1373
1349
1278
1301
1273
1274
1143
1197
1137
1235
1151
1221
1192
1232
1270
1239
1281
1220
1257
1270
1208
1224
1172
1245
1168
1252
1177
1265
1205
1284
1210
1295
1284
1283
1307
1277
1309
1272
1290
1246
1237
1225
1220
1229
1234
1235
1245
1239
1299
1257
1374
1267
1390
1266
1350
1294
1343
1268
1245
1261
1251
1252
1248
1248
1292
1233
1350
1231
1380
1225
1403
1191
1387
1174
1334
1162
1412
1129
1197
1164
1244
1197
1285
1229
1300
1225
1352
1244
1367
1248
1349
1255
1284
1249
1266
1255
1213
1267
1237
1280
1257
1292
1268
1320
1298
1313
1226
1295
1208
1285
1148
1273
1088
1262
1045
1281
1072
1295
1099
1321
1231
1341
1171
1313
1245
1289
1124
1268
1081
1243
1025
1234
1016
1201
1011
1245
1073
1261
1150
1312
1151
1290
1207
1285
1184
1290
1137
1281
1134
1303
1107
1297
1134
1338
1199
1349
1295
1349
1367
1371
1353
1300
1323
1274
1314
1261
1242
1259
1224
1246
1280
1269
1279
1282
1362
1285
1406
1285
1438
1325
1383
1255
1390
1258
1372
1263
1348
1278
1347
1305
1427
1307
1494
1298
1491
1270
1484
1266
1363
1257
1440
1217
1269
1224
1298
1227
1304
1250
1310
1237
1393
1262
1389
1263
1371
1250
1254
1253
1224
1276
1136
1252
1114
1261
1133
1276
1121
1275
1228
1268
1278
1244
1242
1266
1213
1211
1120
1235
1086
1254
1130
1246
1150
1268
1225
1280
1242
1300
1234
1273
1210
1262
1143
1231
1086
1235
1200
1257
1104
1245
1093
1256
1173
1256
1192
1258
1200
1238
1178
1204
1118
1215
1041
1222
1043
1247
1055
1286
1089
1361
1171
1333
1276
1372
1314
1372
1319
1356
1298
1335
1236
1331
1244
1340
1247
1335
1318
1350
1346
1385
1418
1335
1450
1335
1368
1310
1366
1312
1330
1281
1290
1311
1310
1319
1392
1333
1449
1346
1476
1337
1524
1306
1475
1289
1406
1257
1353
1249
1327
1253
1351
1284
1379
1302
1446
1311
1487
1310
1464
1282
1557
1245
1325
1278
1262
1271
1223
1290
1243
1310
1287
1316
1300
1311
1340
1299
1353
1269
1276
1173
1200
1194
1143
1181
1076
1192
1083
1199
1159
1190
1200
1225
1246
1202
1278
1188
1238
1194
1191
1147
1159
1142
1177
1161
1208
1194
1251
1197
1304
1185
1324
1216
1321
1200
1227
1202
1187
1199
1148
1227
1200
1270
1207
1318
1351
1344
1358
1331
1385
1354
1331
1337
1253
1299
1138
1288
1080
1277
1082
1307
1129
1259
1181
1272
1242
1234
1274
1220
1252
1202
1228
1175
1193
1166
1107
1182
1143
1226
1115
1263
1304
1286
1305
1308
1336
1297
1316
1285
1244
1261
1141
1279
1203
1296
1154
1313
1238
1350
1290
1357
1267
1349
1321
1319
1263
1280
1203
1259
1104
1261
1046
1269
1026
1276
1119
1303
1181
1315
1247
1284
1367
1261
1222
1258
1149
1219
1043
1214
1026
1220
1033
1241
1101
1252
1164
1266
1217
1244
1312
1227
1212
1202
1219
1179
1194
1200
1147
1273
1186
1274
1248
1315
1348
1334
1437
1332
1440
1308
1474
1282
1350
1287
1270
1291
1253
1311
1304
1317
1399
1336
1491
1334
1521
1320
1538
1273
1463
1247
1325
1246
1478
1171
1300
1227
1291
1249
1308
1261
1382
1235
1377
1226
1333
1193
1252
1146
1209
1149
1049
1186
1060
1200
1154
1244
1239
1257
1341
1287
1370
1283
1359
1269
1254
1253
1193
1257
1161
1266
1002
1322
1131
1321
1194
1339
1225
1341
1241
1309
1212
1288
1113
1255
989
1249
948
1257
963
1320
1037
1322
1153
1335
1164
1332
1209
1313
1173
1283
1126
1260
1067
1255
1049
1257
1088
1295
1056
1340
1276
1337
1383
1313
1410
1288
1437
1233
1314
1227
1335
1223
1320
1247
1337
1271
1403
1291
1496
1328
1562
1317
1591
1277
1550
1255
1444
1235
1359
1220
1334
1241
1316
1296
1374
1311
1440
1302
1565
1303
1552
1262
1473
1222
1392
1210
1273
1219
1294
1229
1237
1288
1310
1318
1371
1339
1419
1318
1466
1283
1304
1259
1234
1237
1121
1236
1064
1260
1137
1279
1163
1313
1246
1322
1301
1284
1251
1261
1283
1235
1086
1208
1043
1239
964
1276
1018
1315
1098
1354
1223
1337
1321
1323
1277
1290
1200
1251
1095
1258
1023
1239
991
1263
1059
1291
1125
1302
1219
1307
1286
1280
1298
1255
1247
1216
1199
1172
1186
1216
1095
1254
1183
1280
1301
1299
1383
1295
1419
1270
1398
1217
1313
1182
1222
1163
1152
1166
1261
1184
1302
1237
1359
1267
1472
1263
1503
1251
1441
1221
1402
1203
1258
1220
1175
1238
1132
1279
1198
1333
1311
1354
1405
1347
1444
1333
1392
1297
1325
1283
1173
1281
1231
1293
1203
1322
1279
1357
1388
1393
1451
1367
1509
1318
1463
1240
1364
1261
1246
1257
1116
1251
1175
1293
1175
1323
1335
1314
1391
1299
1378
1263
1289
1226
1239
1185
1078
1194
984
1262
999
1274
1083
1343
1169
1391
1257
1353
1261
1311
1235
1261
1073
1244
982
1232
939
1269
982
1294
1141
1317
1266
1337
1345
1296
1385
1246
1357
1219
1285
1190
1163
1196
1165
1211
1203
1277
1288
1291
1419
1286
1461
1261
1517
1218
1412
1157
1305
1158
1213
1129
1120
1161
1191
1181
1273
1223
1376
1227
1458
1211
1443
1192
1340
1168
1209
1183
1089
1222
1082
1271
1167
1333
1261
1396
1361
1409
1443
1364
1431
1337
1349
1308
1221
1303
1180
1284
1158
1329
1207
1365
1283
1374
1390
1361
1427
1304
1387
1286
1253
1237
1108
1186
1029
1255
1028
1276
1140
1321
1193
1340
1294
1336
1304
1305
1290
1253
1167
1229
1026
1196
974
1235
1007
1324
1144
1350
1207
1382
1325
1367
1383
1325
1403
1283
1268
1289
1153
1225
1090
1286
1128
1318
1218
1360
1338
1346
1430
1312
1474
1246
1440
1185
1350
1102
1211
1102
1154
1151
1203
1190
1304
1231
1426
1234
1504
1252
1472
1192
1460
1148
1323
1103
1144
1096
1065
1177
1131
1232
1237
1306
1351
1317
1463
1297
1436
1260
1410
1232
1267
1214
1164
1242
1030
1274
1095
1346
1196
1388
1289
1397
1432
1379
1411
1334
1317
1301
1192
1297
1055
1245
960
1327
1046
1343
1113
1354
1249
1364
1353
1337
1324
1266
1262
1213
1136
1187
1057
1239
897
1250
1066
1304
1202
1348
1294
1341
1398
1309
1395
1249
1291
1223
1194
1174
1093
1207
993
1266
1108
1318
1267
1347
1363
1344
1471
1305
1396
1268
1330
1202
1233
1180
1121
1240
1242
1267
1195
1324
1338
1310
1454
1308
1559
1250
1505
1186
1350
1141
1269
1148
1075
1123
1180
1171
1272
1244
1306
1289
1455
1274
1518
1232
1478
1188
1336
1185
1188
1190
1108
1261
1285
1309
1182
1373
1273
1377
1429
1365
1516
1305
1441
1219
1261
1205
1128
1194
988
1185
1094
1322
1170
1405
1277
1399
1373
1386
1445
1338
1401
1258
1205
1266
1117
1273
998
1311
1184
1354
1162
1391
1307
1387
1443
1349
1494
1266
1483
1210
1308
1177
1188
1200
992
1178
1162
1283
1161
1327
1272
1320
1431
1300
1425
1243
1437
1208
1279
1155
1111
1166
934
1193
1011
1280
1225
1326
1305
1329
1421
1293
1397
1230
1342
1205
1196
1172
1125
1184
992
1197
1246
1270
1248
1288
1358
1304
1488
1268
1459
1216
1358
1189
1205
1154
1114
1148
994
1204
1237
1281
1267
1314
1360
1281
1478
1278
1421
1219
1336
1204
1147
1220
1009
1191
871
1283
1207
1351
1232
1398
1346
1397
1475
1359
1423
1321
1277
1278
1201
1271
992
1247
932
1309
1164
1407
1267
1441
1392
1405
1520
1342
1483
1312
1315
1223
1179
1270
1064
1265
896
1260
1259
1380
1312
1396
1441
1360
1537
1290
1490
1239
1356
1209
1192
1169
1083
1220
901
1247
1267
1310
1299
1331
1442
1309
1518
1246
1474
1206
1271
1184
1168
1153
978
1087
920
1290
1158
1319
1354
1337
1477
1296
1546
1253
1534
1197
1361
1105
1180
1148
1054
1211
848
1281
1252
1316
1327
1326
1473
1315
1465
1249
1516
1225
1333
1174
1139
1167
975
1216
846
1339
1244
1381
1295
1367
1437
1342
1425
1275
1431
1187
1228
1232
1069
1222
858
1251
730
1368
1088
1398
1269
1392
1415
1350
1403
1287
1434
1197
1181
1184
1024
1187
933
1255
865
1348
1259
1355
1379
1350
1527
1299
1490
1234
1513
1152
1226
1129
1088
1201
875
1194
1008
1344
1227
1369
1329
1344
1467
1295
1427
1237
1415
1151
1114
1173
1039
1215
857
1249
1056
1350
1197
1357
1327
1332
1472
1264
1387
1217
1405
1104
1185
1160
983
1122
841
1198
1160
1309
1299
1317
1452
1312
1605
1236
1582
1189
1447
1174
1296
1172
1096
1152
947
1212
1315
1345
1390
1384
1526
1350
1631
1292
1581
1260
1416
1231
1238
1179
1047
1276
861
1280
1165
1424
1238
1428
1371
1386
1458
1323
1417
1280
1236
1179
1045
1240
855
1253
736
1328
1126
1395
1258
1395
1393
1354
1472
1299
1458
1231
1267
1141
1054
1217
910
1216
757
1276
1181
1375
1296
1348
1466
1304
1500
1218
1493
1179
1246
1151
1084
1152
875
1171
748
1271
1185
1365
1299
1356
1449
1326
1476
1258
1472
1229
1256
1217
1055
1222
894
1264
742
1263
1232
1363
1375
1355
1534
1302
1546
1227
1569
1186
1287
1145
1106
1162
982
1226
821
1273
1309
1349
1422
1342
1618
1307
1590
1238
1596
1202
1369
1124
1153
1218
947
1254
821
1322
1305
1377
1452
1355
1603
1315
1520
1270
1564
1234
1253
1163
1068
1240
896
1327
742
1403
1237
1447
1380
1446
1520
1399
1482
1340
1447
1273
1168
1305
1012
1309
790
1332
760
1448
1206
1462
1338
1428
1534
1368
1497
1300
1474
1205
1179
1214
970
1206
843
1254
746
1352
1243
1345
1412
1316
1574
1246
1515
1184
1501
1125
1175
1064
944
1095
751
1137
832
1274
1239
1295
1405
1272
1556
1213
1515
1158
1494
1123
1155
1105
1005
1197
833
1206
1074
1341
1348
1343
1512
1285
1708
1241
1657
1246
1532
1172
1342
1125
1178
1238
976
1251
1302
1364
1476
1368
1646
1339
1759
1260
1687
1218
1457
1193
1183
1184
960
1183
817
1287
1127
1361
1254
1375
1377
1357
1458
1292
1399
1268
1163
1256
926
1302
733
1317
560
1366
1030
1481
1131
1470
1316
1416
1373
1332
1343
1292
1091
1279
975
1257
724
1276
693
1380
1119
1469
1298
1439
1498
1384
1529
1290
1541
1214
1274
1113
1134
1145
856
1150
815
1281
1237
1314
1396
1303
1593
1249
1581
1165
1610
1146
1346
1061
1172
1142
908
1157
841
1210
1277
1338
1426
1304
1630
1272
1617
1205
1636
1146
1396
1126
1147
1193
1003
1282
830
1368
1364
1402
1511
1396
1681
1314
1669
1235
1680
1163
1380
1123
1122
1145
927
1214
826
1335
1348
1366
1489
1347
1635
1341
1590
1221
1548
1194
1236
1208
956
1228
761
1297
642
1388
1089
1402
1275
1369
1449
1310
1404
1251
1366
1231
1018
1188
859
1283
620
1299
783
1431
1086
1439
1240
1405
1456
1332
1411
1274
1356
1243
1093
1178
890
1282
709
1280
994
1406
1201
1409
1406
1377
1580
1282
1545
1237
1364
1226
1144
1237
917
1209
770
1290
1165
1381
1328
1367
1532
1308
1677
1219
1645
1165
1417
1140
1234
1082
1011
1187
787
1168
1206
1315
1361
1299
1553
1211
1637
1180
1680
1122
1483
1096
1303
1089
1030
1140
914
1210
1281
1343
1407
1311
1580
1321
1627
1242
1637
1212
1403
1189
1145
1163
966
1249
777
1307
1178
1424
1311
1407
1491
1308
1295
1320
1710
1236
1231
1222
1052
1264
760
1296
622
1373
1034
1443
1180
1454
1352
1412
1126
1352
1529
1271
1128
1273
887
1230
720
1335
588
1423
1048
1434
1201
1408
1429
1275
1567
1288
1595
1188
1262
1200
1025
1185
830
1252
897
1371
1227
1397
1393
1350
1331
1263
1708
1253
1749
1114
1313
1075
1157
1165
871
1163
1216
1310
1288
1311
1477
1270
1467
1127
1753
1164
1502
1025
1298
1013
1075
1120
828
1156
1181
1315
1250
1340
1419
1319
1218
1233
1689
1238
1606
1145
1258
1170
981
1175
825
1340
1127
1400
1184
1416
1369
1303
1205
1267
1703
1314
1321
1248
1138
1229
861
1304
689
1401
1034
1464
1122
1441
1291
1360
1107
1315
1653
1312
1245
1242
1069
1206
787
1283
639
1364
991
1407
1079
1406
1252
1276
1106
1255
1635
1269
1308
1206
1029
1194
880
1261
1046
1403
1087
1444
1209
1425
1420
1353
1296
1286
1825
1240
1453
1192
1227
1181
1073
1235
1189
1375
1305
1392
1435
1373
1289
1251
1460
1174
2016
1183
1554
1066
1370
1133
1118
1170
1304
1290
1300
1307
1397
1278
1309
1135
1362
1173
1880
1177
1385
1081
1142
1116
892
1187
1097
1351
1078
1395
1186
1355
1031
1238
1194
1271
1682
1216
1146
1121
951
1233
710
1285
1010
1392
1035
1400
1171
1398
1003
1222
1257
1283
1681
1176
1230
1156
1004
1228
710
1271
1048
1390
1054
1400
1227
1361
1102
1312
1267
1216
1725
1162
1158
1134
975
1203
731
1381
1048
1440
1084
1456
1270
1369
1105
1276
1614
1333
1505
1235
1246
1193
1111
1264
886
1360
1199
1392
1248
1399
1438
1284
1289
1199
1782
1215
1851
1121
1350
1097
1136
1174
1281
1281
1253
1329
1305
1303
1462
1229
1253
1153
1827
1207
1442
1074
1219
1129
971
1186
942
1326
1068
1375
1120
1378
985
1235
1173
1253
1677
1241
1354
1154
1141
1196
860
1242
1034
1377
1021
1423
1098
1418
1002
1328
1118
1228
1674
1271
1333
1212
1118
1216
851
1210
1069
1399
1032
1447
1132
1430
975
1285
1182
1278
1763
1280
1346
1217
1133
1195
939
1303
1166
1448
1140
1489
1265
1391
1060
1297
1371
1314
1897
1283
1502
1184
1260
1195
1004
1339
1263
1385
1267
1424
1385
1356
1255
1300
1480
1208
1988
1216
1463
1122
1243
1165
1038
1272
1265
1331
1259
1327
1375
1227
1203
1231
1364
1186
1882
1106
1435
1088
1066
1106
1171
1251
1120
1317
1119
1340
1249
1296
1089
1221
1314
1255
1765
1155
1207
1150
1037
1248
1134
1341
1078
1380
1102
1421
894
1324
1032
1233
1581
1285
1697
1185
1130
1151
913
1174
1108
1347
1029
1382
1047
1378
823
1292
982
1191
1493
1258
1522
1186
1110
1160
825
1163
1084
1369
1027
1388
1104
1399
897
1298
1115
1253
1617
1268
1653
1131
1219
1207
1025
1286
1147
1333
1174
1368
1218
1354
963
1237
1245
1137
1758
1160
1419
1119
1190
1083
1011
1212
1219
1317
1147
1358
1205
1282
939
1219
1148
1222
1674
1245
1378
1171
1172
1189
963
1268
1227
1388
1217
1396
1307
1319
1050
1232
1314
1223
1817
1232
1386
1188
1142
1229
990
1328
1201
1388
1162
1419
1159
1347
967
1257
1170
1258
1650
1237
1234
1174
970
1160
1141
1277
1073
1390
1035
1399
1094
1281
910
1287
1064
1299
1561
1262
1100
1201
989
1282
1185
1364
1140
1442
1182
1447
1309
1325
1122
1311
1248
1300
1775
1157
1266
1154
1152
1244
1362
1303
1348
1360
1342
1361
1068
1266
1247
1227
1430
1213
1873
1120
1391
1174
1188
1204
1171
1300
1322
1365
1309
1387
1107
1236
1161
1252
1578
1255
1570
1195
1214
1167
1061
1173
1198
1326
1293
1390
1323
1335
1025
1203
1164
1154
1644
1169
1598
1073
1158
1139
998
1213
1183
1278
1180
1324
1166
1329
893
1222
946
1115
1387
1205
1159
1108
901
1203
836
1298
973
1378
1044
1432
1060
1416
735
1324
930
1287
1438
1301
1094
1243
906
1256
981
1355
1081
1417
1125
1416
1201
1339
913
1253
1121
1253
1619
1244
1266
1199
1072
1208
1221
1311
1288
1370
1305
1415
1345
1299
1127
1306
1233
1284
1759
1287
1298
1160
1217
1229
1407
1289
1358
1353
1348
1372
1406
1273
1112
1159
1318
1211
1747
1175
1275
1083
1176
1148
1391
1278
1417
1358
1446
1372
1168
1260
1271
1259
1355
1264
1860
1204
1312
1134
1198
1141
1236
1269
1279
1331
1229
1344
923
1267
994
1229
1054
1222
1441
1180
983
1158
805
1195
993
1294
1129
1348
1154
1359
840
1259
955
1196
1354
1238
1552
1148
1062
1162
939
1241
1070
1300
1219
1348
1240
1359
888
1202
1010
1253
1457
1281
1411
1204
1063
1215
979
1308
1124
1361
1302
1382
1329
1347
997
1263
1086
1226
1590
1233
1417
1170
1091
1173
1099
1261
1201
1337
1243
1389
1283
1374
935
1237
1107
1248
1504
1283
1263
1162
1093
1202
1332
1279
1325
1365
1376
1381
1382
1275
1130
1280
1152
1331
1682
1267
1278
1152
1215
1238
1391
1283
1395
1362
1409
1395
1415
1284
1139
1289
1168
1196
1632
1264
1236
1172
1141
1138
1439
1215
1386
1277
1383
1300
1081
1246
1045
1156
1343
1238
1530
1238
1086
1178
1012
1219
1278
1309
1269
1382
1255
1428
913
1296
988
1330
1022
1308
1451
1287
1034
1231
935
1265
1044
1273
1343
1336
1357
1337
958
1204
1092
1171
1105
1205
1532
1152
1024
1155
979
1235
1107
1292
1325
1354
1339
1378
970
1273
1044
1244
1389
1287
1457
1208
987
1172
969
1280
1177
1309
1384
1328
1400
1218
1020
1205
1065
1144
1392
1205
1402
1124
991
1106
981
1245
1136
1285
1356
1331
1398
1262
1104
1276
1125
1223
1623
1273
1291
1202
1077
1223
1087
1324
1362
1367
1467
1390
1468
1349
1082
1281
1222
1210
1517
1293
1158
1226
1014
1201
1335
1295
1319
1369
1427
1380
1463
1329
1088
1262
1157
1289
1557
1263
1106
1153
1077
1219
1223
1299
1344
1361
1403
1413
1416
1315
1072
1337
1033
1275
1447
1361
965
1208
930
1199
1307
1312
1325
1378
1397
1395
1106
1312
1104
1273
1240
1275
1595
1295
1176
1231
1075
1195
1218
1293
1495
1350
1495
1334
1199
1194
1061
1168
1221
1195
1600
1088
1140
1113
1108
1112
1351
1192
1474
1271
1486
1276
1082
1161
1147
1122
1140
1241
1506
1224
985
1173
948
1301
1008
1311
1373
1370
1420
1372
1038
1226
1127
1259
1490
1286
1480
1188
1063
1212
984
1306
1111
1325
1338
1341
1416
1268
1046
1270
1388
1291
1412
1338
1379
1296
944
1340
976
1402
1162
1435
1413
1462
1423
1368
1082
1348
1070
1314
1483
1293
1037
1167
992
1198
958
1262
1106
1278
1368
1290
1402
1222
1016
1267
1066
1183
1429
1212
1064
1144
937
1122
1164
1257
1232
1320
1387
1262
1427
1279
1027
1236
1076
1272
1474
1300
1040
1211
988
1246
1308
1296
1312
1364
1430
1376
1124
1278
1093
1316
1101
1255
1536
1289
1096
1191
1054
1210
1470
1287
1545
1350
1622
1328
1354
1269
1323
1298
1241
1221
1671
1294
1169
1221
1198
1174
1356
1319
1565
1371
1616
1376
1194
1284
1552
1268
1229
1311
1559
1260
1084
1214
994
1283
1370
1316
1495
1367
1549
1352
1217
1282
1337
1212
1201
1270
1570
1201
1049
1189
1035
1260
1156
1289
1469
1311
1456
1234
1063
1226
1329
1180
981
1166
1341
1205
904
1178
849
1308
1055
1309
1328
1334
1350
1311
939
1227
1114
1158
1231
1239
1082
1141
806
1174
726
1271
996
1299
1272
1319
1304
1289
896
1188
1242
1229
1218
1275
1164
1174
898
1248
1220
1279
1122
1346
1448
1361
1525
1277
1151
1347
1182
1203
1510
1261
1087
1149
984
1202
1225
1233
1318
1281
1472
1284
1519
1247
1151
1183
1224
1175
1552
1246
1181
1224
1210
1273
1523
1300
1546
1373
1690
1410
1340
1321
1390
1350
1279
1326
1606
1347
1133
1233
1039
1248
1422
1307
1491
1371
1590
1363
1327
1286
1208
1282
1173
1258
1570
1253
1071
1242
1056
1241
1348
1309
1419
1345
1446
1335
1025
1197
1408
1226
972
1150
1339
1220
877
1148
814
1250
962
1254
1226
1337
1260
1325
843
1206
1206
1213
861
1282
1193
1190
752
1267
696
1307
934
1321
1278
1341
1380
1227
997
1201
1344
1175
1057
1200
1423
1149
913
1183
953
1269
1222
1278
1486
1354
1564
1277
1168
1241
1400
1220
1516
1289
1349
1214
1068
1271
1097
1329
1325
1342
1602
1365
1611
1288
1294
1281
1342
1228
1508
1271
1377
1191
1055
1266
1306
1325
1237
1386
1528
1398
1584
1337
1202
1347
1211
1255
1507
1316
1129
1263
967
1272
1124
1339
1312
1369
1504
1362
1157
1231
1449
1303
1161
1223
1458
1276
1038
1251
900
1237
1272
1298
1277
1375
1420
1372
1110
1290
1333
1273
1064
1225
1378
1249
953
1191
868
1182
1093
1256
1279
1308
1425
1307
1213
1211
1189
1222
1145
1135
1489
1235
1038
1220
987
1197
1315
1306
1452
1348
1541
1358
1156
1241
1573
1249
1167
1186
1515
1198
1047
1228
988
1275
1198
1281
1470
1344
1534
1339
1150
1201
1495
1187
1176
1260
1496
1188
1002
1246
976
1318
1117
1315
1469
1352
1527
1313
1148
1283
1327
1151
1083
1236
1405
1214
898
1174
838
1312
1062
1329
1382
1365
1448
1351
1077
1281
1186
1204
1382
1282
1178
1224
978
1310
970
1384
1134
1394
1478
1427
1544
1298
1210
1320
1202
1178
1420
1267
1272
1198
956
1248
1258
1285
1096
1351
1473
1368
1530
1239
1149
1319
1175
1256
1198
1230
1109
1186
904
1230
1220
1329
1231
1376
1457
1361
1124
1246
1490
1294
1119
1150
1472
1244
1050
1183
990
1216
1309
1254
1331
1327
1476
1325
1194
1248
1475
1221
1109
1143
1486
1212
1001
1166
922
1141
1104
1241
1297
1260
1464
1286
1096
1160
1560
1236
1132
1189
1514
1205
1018
1176
958
1254
1357
1344
1441
1401
1538
1375
1196
1282
1592
1236
1163
1138
1532
1155
1002
1187
984
1257
1202
1255
1424
1319
1513
1304
1164
1291
1515
1254
1119
1311
1462
1333
971
1254
940
1359
1169
1475
1434
1532
1516
1402
1176
1403
1430
1297
1111
1288
1485
1178
981
1282
941
1289
1106
1305
1429
1328
1504
1308
1144
1285
1230
1171
1137
1252
1447
1252
921
1280
1212
1313
1106
1336
1383
1370
1467
1258
1152
1269
1135
1122
1309
1211
1032
1118
896
1140
953
1266
1013
1294
1362
1319
1462
1203
1136
1261
1107
1138
1205
1246
1126
1208
1019
1267
1341
1290
1222
1353
1528
1353
1276
1271
1625
1267
1285
1182
1564
1216
1098
1187
1010
1215
1298
1279
1325
1361
1508
1354
1260
1332
1585
1272
1199
1202
1524
1294
1044
1200
987
1290
1323
1325
1373
1380
1563
1363
1227
1245
1688
1235
1277
1194
1636
1233
1075
1188
1006
1228
1389
1353
1463
1418
1589
1411
1282
1341
1685
1297
1268
1292
1605
1284
1058
1232
1003
1337
1080
1324
1391
1367
1450
1278
1129
1274
1522
1146
1126
1175
1433
1165
968
1165
829
1311
1045
1309
1298
1347
1397
1256
1008
1262
1328
1175
1019
1195
1339
1150
864
1123
739
1262
961
1290
1285
1332
1314
1235
1190
1299
1223
1188
1080
1257
1381
1216
882
1310
1152
1337
989
1379
1326
1396
1410
1248
1366
1285
1177
1174
1376
1234
1178
1149
1007
1189
1107
1324
1183
1373
1530
1388
1634
1272
1421
1341
1344
1275
1318
1316
1253
1237
1084
1266
1432
1329
1250
1424
1608
1386
1341
1255
1761
1276
1363
1130
1727
1235
1275
1181
1100
1230
1399
1317
1437
1393
1621
1407
1344
1264
1722
1317
1350
1242
1648
1301
1167
1238
1066
1281
1321
1314
1293
1372
1460
1351
1088
1251
1582
1217
1203
1182
1510
1210
999
1173
903
1198
1182
1261
1235
1344
1310
1332
992
1244
1364
1209
908
1175
1278
1209
748
1144
727
1256
820
1273
1135
1323
1239
1262
908
1244
1360
1137
950
1144
1318
1184
841
1148
791
1304
986
1309
1270
1375
1408
1285
1062
1322
1407
1257
1146
1295
1519
1300
1034
1281
959
1428
1197
1407
1518
1497
1637
1420
1521
1416
1557
1293
1380
1313
1682
1260
1198
1310
1455
1350
1342
1364
1653
1373
1631
1304
1639
1287
1445
1196
1500
1220
1350
1206
1107
1159
1029
1316
1204
1343
1506
1354
1232
1240
1671
1305
1274
1143
1329
1257
1190
1219
950
1190
1271
1282
1099
1339
1375
1319
1074
1181
1500
1218
1181
1106
1470
1159
1061
1131
886
1120
1063
1248
1196
1301
1382
1315
1186
1226
1497
1222
1092
1155
1428
1267
915
1194
846
1269
957
1344
1148
1393
1316
1384
962
1310
1449
1259
1037
1202
1378
1280
913
1236
852
1328
978
1356
1259
1429
1421
1428
1137
1338
1599
1266
1188
1240
1513
1255
1062
1225
909
1337
1110
1296
1327
1400
1455
1293
1117
1295
1611
1229
1253
1200
1641
1241
1089
1232
1048
1334
1237
1344
1481
1378
1585
1322
1279
1280
1508
1135
1292
1185
1614
1183
1140
1162
979
1300
1238
1333
1467
1375
1518
1235
1536
1285
1452
1166
1320
1210
1530
1126
1140
1167
1273
1273
1185
1331
1447
1356
1521
1261
1497
1309
1233
1178
1368
1233
1164
1223
948
1220
1081
1274
1090
1304
1335
1328
1072
1257
1467
1275
1131
1191
1146
1227
973
1161
842
1277
1096
1326
925
1383
1241
1406
1006
1315
1395
1301
1008
1208
1387
1293
976
1247
817
1267
1090
1371
1124
1420
1358
1416
1195
1293
1542
1300
1213
1214
1550
1249
1072
1151
966
1226
1302
1287
1303
1349
1471
1328
1121
1225
1627
1198
1228
1123
1569
1216
1140
1191
991
1290
1162
1312
1389
1376
1545
1399
1268
1349
1720
1239
1365
1200
1681
1212
1146
1183
1100
1198
1206
1327
1435
1387
1538
1298
1152
1312
1642
1231
1241
1173
1558
1198
1050
1171
950
1327
1145
1350
1380
1416
1477
1384
1153
1365
1435
1267
1114
1242
1423
1221
921
1172
815
1305
938
1326
1268
1377
1355
1301
1368
1296
1289
1154
1137
1206
1325
1176
891
1201
1029
1336
1003
1378
1325
1433
1434
1317
1473
1364
1186
1228
1386
1296
1166
1236
986
1269
1003
1341
1165
1389
1464
1352
1177
1206
1660
1252
1351
1138
1335
1151
1178
1061
1007
1128
1286
1192
1136
1284
1412
1311
1194
1197
1565
1218
1228
1145
1207
1207
1108
1189
971
1172
1052
1287
1154
1360
1365
1369
1039
1323
1570
1274
1145
1175
1528
1233
1090
1184
945
1203
1117
1311
1228
1370
1408
1368
1138
1325
1585
1236
1223
1183
1526
1226
1125
1159
1013
1291
1126
1289
1350
1376
1494
1377
1151
1321
1637
1161
1243
1155
1571
1166
917
1230
910
1267
1018
1327
1264
1416
1346
1310
1076
1348
1449
1213
1017
1166
1393
1233
889
1216
773
1348
1013
1375
1247
1449
1367
1420
1060
1397
1306
1237
1155
1297
1463
1231
1032
1250
945
1341
1121
1356
1384
1395
1446
1243
1441
1278
1373
1112
1213
1179
1382
1072
1040
1105
1085
1261
1137
1286
1382
1351
1472
1232
1486
1273
1205
1142
1365
1208
1170
1123
1030
1145
924
1326
1099
1364
1402
1382
1162
1309
1569
1293
1237
1105
1304
1196
1221
1147
1009
1176
1323
1273
1225
1368
1480
1385
1268
1242
1699
1285
1347
1085
1301
1212
1258
1160
1142
1192
1367
1270
1261
1351
1487
1367
1140
1270
1632
1264
1214
1147
1558
1210
1075
1154
954
1240
1248
1324
1208
1390
1349
1399
1053
1327
1485
1261
1062
1160
1408
1242
939
1153
820
1283
935
1324
1129
1429
1258
1387
903
1382
1397
1331
1038
1268
1383
1254
879
1296
855
1309
965
1387
1268
1458
1399
1360
1147
1354
1558
1175
1195
1160
1527
1133
1046
1103
917
1251
1100
1297
1344
1425
1458
1306
1170
1354
1574
1277
1225
1274
1520
1196
1101
1296
1010
1348
1288
1404
1525
1458
1591
1374
1639
1333
1550
1174
1348
1173
1619
1096
1217
1124
1312
1231
1328
1266
1593
1315
1681
1235
1688
1233
1356
1070
1481
1149
1263
1044
1087
1086
910
1255
1114
1296
1351
1319
1016
1193
1472
1238
1124
1140
1108
1147
1052
1146
792
1156
1056
1292
872
1383
1194
1426
982
1349
1372
1326
989
1182
971
1259
901
1154
777
1258
1083
1328
972
1414
1229
1426
906
1385
1405
1337
1054
1242
1416
1284
1034
1310
951
1303
1221
1400
1245
1483
1439
1486
1118
1409
1636
1321
1296
1241
1623
1254
1207
1199
1022
1298
1185
1297
1359
1381
1528
1300
1134
1350
1651
1284
1282
1212
1637
1178
1153
1253
1084
1260
1318
1384
1472
1455
1580
1360
1211
1370
1707
1257
1342
1179
1672
1135
1124
1130
1021
1228
1233
1240
1448
1348
1538
1289
1305
1265
1529
1171
1276
1163
1562
1146
1106
1118
1013
1264
1124
1323
1384
1388
1417
1267
1440
1316
1367
1219
1166
1200
1341
1109
1006
1120
883
1306
1042
1345
1279
1413
1349
1364
1346
1359
1054
1207
1061
1273
1150
1167
850
1251
1141
1317
999
1402
1285
1432
999
1299
1490
1344
1157
1156
1182
1235
1123
1178
974
1202
1184
1302
1047
1391
1335
1429
1069
1326
1489
1335
1203
1242
1204
1257
1134
1145
1006
1224
1338
1307
1197
1381
1458
1350
1174
1343
1639
1271
1272
1182
1638
1223
1176
1132
1089
1175
1358
1306
1395
1378
1576
1376
1256
1327
1762
1229
1357
1122
1631
1176
1162
1110
1065
1229
1074
1235
1288
1336
1411
1279
1091
1307
1572
1221
1187
1171
1559
1188
1095
1214
939
1320
1061
1355
1288
1430
1371
1344
1025
1379
1494
1241
1090
1156
1484
1161
987
1224
879
1312
960
1346
1269
1432
1352
1377
1015
1397
1306
1299
1078
1289
1337
1221
913
1202
847
1293
923
1325
1228
1413
1261
1287
1316
1319
1301
1220
1069
1203
1334
1175
974
1200
1041
1310
1104
1346
1418
1405
1521
1309
1576
1334
1302
1176
1309
1230
1438
1131
1186
1216
1457
1234
1247
1319
1504
1324
1215
1208
1565
1216
1217
1041
1306
1121
1198
1069
979
1083
1215
1209
1117
1260
1369
1342
1120
1275
1524
1279
1222
1206
1167
1246
1167
1154
1030
1141
1168
1257
1137
1329
1387
1332
1070
1313
1512
1281
1116
1164
1485
1223
1047
1240
914
1219
1239
1316
1166
1403
1312
1433
956
1411
1452
1270
1043
1239
1408
1312
954
1214
840
1293
958
1353
1151
1447
1278
1392
948
1417
1472
1340
1116
1270
1506
1283
1052
1222
942
1296
1247
1363
1346
1430
1434
1339
1124
1391
1570
1229
1265
1205
1639
1158
1124
1195
1043
1266
1167
1302
1441
1350
1505
1360
1217
1335
1580
1274
1559
1209
1286
1154
976
1169
906
1129
899
1242
866
1318
1370
1298
1425
1239
1455
1192
1298
1124
1240
1107
1171
1142
918
1149
921
1244
891
1259
1015
1254
1510
1322
1603
1273
1642
1204
1583
1197
1340
1188
1212
1257
1241
1236
1063
1251
1146
1295
1182
1205
1173
1244
1635
1228
1554
1209
1441
1280
1223
1305
1151
1373
1183
1397
1065
1313
1203
1338
1190
1285
1140
1240
1476
1324
1386
1328
1263
1396
1194
1403
1061
1397
1155
1384
1235
1322
1155
1251
1091
1211
997
1190
965
1303
1295
1342
1271
1382
1301
1384
1219
1314
1295
1261
1345
1208
1202
1101
1144
1174
1036
1179
946
1208
1314
1334
1408
1347
1470
1312
1463
1258
1359
1191
1316
1182
1212
1159
986
1183
981
1261
967
1296
959
1341
1486
1339
1534
1286
1485
1240
1348
1186
1261
1198
1178
1241
980
1270
992
1309
1010
1290
1158
1192
1603
1323
1668
1282
1594
1262
1514
1240
1284
1254
1238
1303
1238
1287
1113
1235
1143
1263
1177
1187
1124
1259
1547
1265
1461
1294
1352
1340
1147
1348
1139
1357
1196
1342
1144
1304
1116
1175
1118
1142
1055
1167
1345
1250
1281
1289
1220
1328
1200
1335
1105
1327
1193
1300
1284
1212
1096
1170
1106
1212
1029
1190
903
1289
1351
1360
1396
1363
1446
1356
1387
1267
1420
1231
1443
1190
1192
1110
1144
1204
1014
1235
950
1258
1392
1354
1484
1347
1525
1317
1528
1260
1370
1226
1330
1239
1236
1251
1004
1304
979
1281
1035
1349
1068
1368
1551
1345
1547
1291
1484
1267
1249
1233
1132
1273
1048
1325
917
1350
914
1322
964
1292
1058
1275
1450
1340
1460
1345
1391
1294
1283
1291
1095
1312
1071
1317
1148
1281
1056
1248
1161
1211
1201
1161
1162
1186
1533
1235
1450
1264
1385
1284
1315
1282
1272
1278
1345
1244
1213
1150
1259
1110
1223
1095
1192
1099
1471
1253
1485
1296
1466
1334
1488
1317
1363
1270
1387
1238
1362
1152
1077
1122
986
1162
859
1187
764
1324
1212
1320
1254
1325
1293
1291
1255
1197
1203
1145
1194
1125
940
1133
865
1151
808
1158
752
1205
1129
1243
1275
1206
1301
1170
1279
1141
1088
1123
1023
1131
952
1203
767
1231
783
1275
818
1237
908
1237
1376
1227
1380
1216
1288
1205
1128
1211
972
1324
973
1451
892
1424
981
1498
1165
1485
1270
1407
1614
1428
1801
1404
1709
1424
1607
1479
1389
1535
1404
1584
1498
1606
1440
1547
1635
1499
1713
1409
1652
1300
1950
1310
1782
1292
1601
1371
1425
1415
1237
1483
1262
1532
1163
1529
1198
1419
1236
1321
1180
1170
1146
1179
1361
1132
1215
1119
1085
1154
876
1197
909
1261
982
1303
901
1238
958
1219
997
1113
946
925
1343
947
1323
934
1287
945
1281
1010
1194
1130
1313
1239
1364
1219
1297
1249
1352
1059
1350
1012
1217
931
1543
881
1421
926
1306
1038
1126
1201
1144
1385
1226
1490
1132
1419
1266
1323
1206
1151
1196
972
1448
980
1352
998
1153
1130
1064
1282
892
1483
1010
1630
1086
1621
1017
1527
1152
1416
1128
1202
1020
1151
1322
1169
1165
1285
1043
1414
918
1590
952
1703
1103
1747
1141
1619
1246
1470
1305
1318
1245
1149
1377
1210
1352
1229
1230
1327
1184
1459
1078
1552
1237
1597
1432
1552
1414
1423
1436
1195
1331
1053
1183
952
1419
962
1257
978
1190
1070
1213
1181
1228
1299
1442
1387
1517
1320
1563
1264
1496
1206
1304
1031
1110
1038
1323
1043
1178
1139
1177
1279
1130
1416
1316
1535
1506
1587
1497
1465
1482
1347
1336
1159
1215
1000
1359
1068
1228
1136
1133
1238
1147
1456
1110
1617
1295
1678
1463
1558
1390
1388
1324
1204
1168
993
1028
996
1300
1033
1186
1160
1146
1341
1075
1469
1193
1562
1366
1550
1394
1383
1427
1248
1474
1136
1338
1021
1541
1125
1478
1224
1389
1365
1366
1481
1284
1557
1431
1559
1634
1486
1646
1331
1699
1181
1598
1030
1461
1001
1631
1070
1423
1150
1267
1252
1144
1334
1095
1385
1226
1399
1276
1350
1208
1245
1187
1068
1034
976
937
980
1074
1007
894
1089
785
1201
665
1299
777
1412
980
1451
1003
1383
1102
1328
1035
1163
943
1036
1150
1142
1038
1219
939
1335
927
1468
871
1597
1076
1662
1273
1613
1240
1428
1313
1293
1247
1128
1114
1149
1436
1216
1316
1337
1238
1491
1160
1624
1282
1710
1479
1695
1558
1538
1653
1404
1646
1169
1587
1092
1653
1109
1630
1167
1460
1262
1398
1378
1310
1449
1522
1473
1696
1438
1696
1321
1750
1194
1622
1038
1438
1053
1607
1101
1351
1160
1192
1232
1161
1282
1146
1251
1332
1312
1518
1164
1446
1098
1444
1001
1218
887
878
898
1060
934
870
1017
821
1099
836
1199
991
1280
1235
1301
1264
1246
1307
1110
1097
966
908
903
989
984
866
1039
804
1177
869
1291
887
1402
1168
1486
1405
1495
1297
1369
1312
1250
1166
1183
922
1128
1112
1240
1002
1359
978
1513
1035
1612
1146
1683
1378
1670
1517
1510
1351
1399
1268
1193
1128
1178
897
1204
1098
1304
1009
1435
1009
1576
1002
1631
1238
1656
1497
1590
1544
1470
1537
1317
1428
1203
1171
1142
1321
1229
1193
1332
1045
1393
1085
1464
1148
1502
1440
1477
1730
1354
1694
1201
1614
1095
1415
1022
1079
1002
1249
1118
1066
1191
1051
1270
1186
1315
1390
1372
1736
1324
1892
1168
1859
1014
1665
951
1290
798
966
897
1129
984
1060
1112
1167
1263
1311
1345
1684
1420
1957
1389
1875
1190
1723
1022
1404
915
1006
897
1052
1044
952
1176
960
1335
1140
1461
1272
1537
1563
1528
1686
1441
1435
1289
1231
1159
910
1095
589
1078
762
1271
693
1397
774
1518
960
1565
1123
1551
1356
1451
1405
1311
1253
1099
988
1038
688
954
488
1138
751
1258
744
1365
890
1483
1021
1516
1306
1492
1533
1401
1453
1276
1280
1137
1038
1039
823
1033
926
1186
868
1266
919
1345
1153
1386
1314
1387
1628
1356
1801
1253
1641
1098
1393
1053
1082
1067
744
1049
997
1212
1011
1319
1188
1416
1490
1433
1692
1426
1946
1373
1982
1214
1627
1108
1184
945
907
989
631
1082
970
1217
1054
1365
1365
1478
1559
1519
1830
1519
1941
1410
1686
1267
1356
1090
1033
1088
695
1042
703
1249
969
1390
1191
1501
1418
1582
1543
1489
1736
1458
1750
1319
1445
1125
1172
1121
853
1096
626
1122
966
1339
1070
1438
1253
1493
1523
1459
1617
1393
1744
1250
1712
1078
1352
997
1001
921
759
985
550
1104
882
1235
972
1336
1197
1405
1380
1384
1554
1349
1663
1261
1563
1156
1269
1001
974
1032
681
1005
568
1187
987
1293
1128
1387
1429
1441
1560
1440
1732
1361
1745
1256
1429
1108
1102
1025
844
997
584
1051
913
1191
1013
1348
1262
1467
1491
1521
1523
1483
1590
1408
1481
1266
1081
1142
826
1010
624
1038
501
1184
945
1352
1094
1485
1286
1615
1471
1593
1483
1555
1577
1454
1477
1296
1105
1167
965
1176
784
1157
685
1306
1180
1425
1327
1514
1502
1532
1581
1501
1690
1420
1743
1297
1585
1171
1288
1086
1049
1030
877
1107
748
1231
1171
1324
1314
1393
1480
1412
1582
1346
1683
1257
1696
1084
1381
931
1094
851
828
878
589
906
913
1117
1073
1242
1329
1352
1628
1397
1678
1393
1765
1308
1651
1156
1211
1069
948
988
660
975
606
1103
1089
1303
1303
1445
1556
1536
1774
1507
1761
1409
1663
1293
1498
1122
1050
1017
822
1022
592
1047
567
1258
1150
1419
1375
1532
1581
1579
1621
1515
1581
1405
1470
1259
1171
1133
815
1022
641
1050
543
1110
567
1324
1120
1458
1322
1571
1526
1615
1505
1541
1528
1432
1433
1291
1078
1183
805
1130
577
1091
537
1202
922
1352
1140
1513
1399
1578
1631
1582
1617
1470
1643
1321
1521
1163
1134
1080
831
925
639
975
607
1140
1126
1359
1391
1504
1677
1590
1895
1542
1852
1425
1785
1252
1568
1102
1061
961
884
956
816
1046
822
1191
1405
1445
1669
1591
1943
1629
2060
1548
1930
1434
1747
1229
1491
1058
1057
995
889
973
884
1123
969
1312
1586
1495
1817
1570
1947
1559
1856
1410
1708
1238
1502
1062
1113
960
780
924
643
933
674
1142
976
1355
1398
1513
1557
1578
1671
1534
1523
1400
1417
1180
1211
1047
828
975
596
919
396
971
489
1148
961
1410
1246
1566
1472
1608
1631
1550
1498
1394
1402
1224
1203
1077
793
985
547
943
441
1055
529
1260
1135
1496
1405
1604
1646
1660
1778
1491
1591
1303
1415
1118
1134
971
691
960
484
976
437
1092
622
1343
1312
1594
1589
1682
1835
1626
1870
1478
1618
1274
1362
1114
1089
1001
651
967
590
1083
668
1238
855
1503
1633
1645
1887
1677
2024
1516
1925
1408
1663
1227
1419
1082
1155
952
777
1028
807
1118
961
1289
1116
1478
1769
1571
1949
1563
2011
1453
1798
1263
1568
1102
1297
1009
955
915
752
930
750
1095
819
1269
1333
1475
1742
1580
1909
1567
1956
1460
1668
1272
1458
1085
1163
980
742
966
658
968
608
1118
862
1292
1489
1540
1786
1617
1942
1579
1929
1435
1590
1231
1280
1054
982
956
561
888
570
1043
593
1202
847
1372
1478
1612
1709
1619
1809
1522
1704
1332
1303
1129
1034
999
823
941
474
980
543
1150
656
1320
929
1551
1546
1683
1697
1663
1755
1538
1621
1328
1253
1153
1003
1031
812
993
560
1078
668
1214
792
1356
1068
1544
1698
1640
1851
1586
1884
1452
1736
1264
1368
1111
1122
1005
933
932
677
1041
795
1202
940
1312
1184
1530
1864
1574
2007
1527
1990
1371
1747
1165
1374
1003
1085
913
847
907
689
981
802
1217
1006
1378
1323
1619
1945
1643
2046
1559
1909
1382
1566
1156
1146
1015
872
895
648
965
606
1110
773
1296
1025
1455
1632
1614
1904
1572
1952
1455
1745
1290
1325
1068
1023
954
835
930
623
969
713
1117
961
1358
1169
1473
1777
1612
1841
1571
1810
1437
1595
1264
1169
1074
944
980
827
976
660
1063
749
1221
951
1382
1144
1555
1722
1656
1765
1593
1670
1451
1464
1272
1065
1072
880
963
799
968
650
1066
712
1197
1010
1425
1173
1565
1753
1640
1758
1551
1705
1388
1496
1189
1082
991
893
923
777
963
677
1045
834
1294
1072
1408
1256
1579
1821
1630
1792
1516
1630
1311
1370
1114
989
957
828
924
805
1002
776
1101
943
1378
1257
1578
1412
1691
1901
1648
1795
1509
1599
1314
1350
1128
995
980
890
988
937
1061
925
1216
1091
1395
1295
1510
1492
1647
1884
1554
1819
1436
1633
1253
1420
1060
1072
949
999
950
1016
998
940
1164
1081
1330
1303
1518
1434
1589
1725
1505
1718
1357
1512
1168
1301
974
978
887
885
926
887
1043
844
1280
1035
1452
1280
1651
1396
1696
1688
1594
1588
1415
1422
1186
1202
999
900
960
863
986
937
1093
1006
1327
1156
1465
1391
1595
1474
1621
1737
1466
1597
1275
1360
1082
1144
942
862
904
872
1004
981
1127
973
1356
1259
1542
1373
1580
1502
1590
1558
1418
1429
1227
1221
1062
1073
950
848
937
893
1055
939
1173
1021
1432
1141
1545
1240
1621
1558
1605
1485
1449
1445
1269
1282
1098
1149
986
941
980
961
1051
992
1168
1046
1416
1157
1532
1252
1563
1567
1550
1577
1379
1495
1177
1332
1011
1184
915
959
945
984
1083
1025
1268
1134
1443
1288
1638
1373
1581
1710
1527
1569
1369
1469
1149
1302
995
1156
942
971
1010
1042
1173
1136
1317
1269
1521
1426
1677
1465
1559
1791
1483
1601
1312
1494
1070
1343
1007
1263
964
1130
1041
1231
1211
1286
1328
1414
1515
1525
1629
1495
1520
1759
1475
1585
1293
1419
1109
1334
992
1270
958
1132
1017
1198
1189
1223
1378
1230
1506
1333
1542
1357
1519
1600
1377
1400
1204
1311
1031
1203
913
1112
873
958
965
1031
1162
1037
1406
1080
1562
1157
1567
1206
1550
1434
1400
1276
1189
1151
1017
1048
944
972
943
869
1060
996
1282
1123
1511
1107
1642
1209
1610
1250
1562
1424
1376
1219
1181
1126
1046
1042
984
1041
1023
995
1152
1153
1353
1213
1548
1333
1601
1438
1620
1340
1445
1387
1312
1349
1120
1238
993
1205
959
1211
1034
1164
1149
1316
1353
1403
1469
1422
1634
1426
1593
1350
1479
1393
1363
1340
1194
1351
1056
1316
999
1302
1034
1248
1127
1374
1322
1411
1462
1431
1573
1401
1500
1315
1441
1331
1239
1251
1052
1233
922
1220
885
1229
945
1178
1102
1303
1319
1425
1498
1329
1603
1340
1530
1235
1375
1272
1179
1103
1019
1085
904
1098
902
1157
1019
1152
1192
1284
1418
1384
1537
1328
1639
1220
1519
1126
1395
1104
1223
1105
1021
1071
977
1133
946
1227
1105
1254
1265
1341
1453
1444
1586
1296
1623
1207
1535
1017
1334
1207
1204
1043
1069
1015
1026
1165
1041
1248
1159
1302
1337
1314
1507
1395
1661
1280
1691
1198
1585
1026
1354
1018
1196
1066
1014
1152
969
1203
1023
1304
1131
1364
1327
1393
1529
1486
1678
1383
1609
1271
1536
1181
1364
1213
1125
1136
931
1186
864
1289
912
1369
1055
1514
1297
1487
1467
1561
1590
1351
1597
1236
1403
1136
1231
1131
1041
1072
906
1189
888
1217
970
1428
1145
1554
1340
1493
1527
1518
1617
1277
1521
1220
1403
1043
1200
1036
1061
1106
962
1270
945
1364
1038
1496
1206
1588
1414
1466
1577
1496
1688
1361
1605
1186
1513
1106
1320
1242
1140
1104
1050
1280
980
1410
1045
1504
1203
1541
1396
1450
1560
1451
1647
1327
1585
1191
1458
1113
1283
1217
1109
1183
966
1187
944
1277
1059
1346
1242
1379
1456
1330
1610
1293
1690
1222
1589
998
1444
870
1159
810
966
928
889
1054
945
1184
1026
1273
1226
1357
1444
1321
1581
1228
1625
1181
1524
906
1331
857
1117
856
981
1020
914
1194
941
1334
1064
1471
1249
1500
1435
1458
1547
1302
1583
1252
1489
1008
1333
1014
1111
977
994
1176
917
1363
926
1501
1051
1587
1235
1606
1453
1568
1600
1416
1643
1370
1576
1111
1382
1079
1201
1122
1033
1200
966
1352
987
1495
1128
1606
1329
1669
1531
1641
1681
1475
1691
1390
1608
1166
1384
1109
1179
1011
1008
1071
954
1285
997
1443
1135
1572
1318
1609
1528
1536
1639
1356
1609
1190
1507
1022
1242
946
1080
881
955
1070
925
1168
1007
1330
1132
1431
1317
1389
1462
1348
1546
1146
1513
1037
1436
1004
1247
977
1107
940
964
1029
928
1218
999
1426
1078
1358
1285
1373
1434
1322
1530
1222
1531
1091
1454
1114
1261
954
1123
1019
977
1165
931
1347
951
1327
1126
1395
1307
1416
1489
1370
1606
1353
1600
1242
1520
1228
1365
1133
1195
1207
1042
1269
1013
1350
1081
1434
1226
1476
1367
1453
1548
1439
1620
1361
1592
1248
1458
1209
1300
1179
1101
1176
1028
1174
989
1252
1065
1345
1203
1356
1349
1323
1480
1285
1523
1236
1509
1159
1411
1102
1270
1135
1112
1069
1026
1148
993
1190
1017
1165
1122
1117
1250
1092
1359
1113
1435
1128
1437
1195
1396
1126
1286
1238
1130
1167
1065
1143
976
1128
1031
1115
1088
1152
1218
1168
1355
1221
1428
1329
1459
1408
1417
1398
1283
1446
1164
1424
1004
1379
984
1287
1011
1254
1116
1247
1263
1308
1391
1396
1484
1437
1485
1487
1429
1486
1309
1481
1200
1361
1115
1353
1084
1248
1142
1138
1233
1099
1353
1098
1456
1152
1522
1247
1514
1333
1446
1373
1378
1353
1258
1357
1193
1141
1163
1082
1176
945
1215
867
1271
819
1362
1006
1400
1081
1411
1249
1392
1341
1313
1338
1252
1302
1161
1137
1106
965
1084
830
1131
674
1190
778
1265
959
1352
1120
1407
1298
1391
1426
1328
1434
1234
1378
1147
1195
1058
1037
1055
1053
1060
832
1201
992
1272
1164
1358
1340
1408
1482
1393
1625
1331
1681
1243
1553
1210
1414
1117
1307
1141
1118
1170
1019
1230
1152
1265
1328
1322
1480
1366
1668
1371
1776
1345
1789
1318
1740
1250
1543
1228
1371
1184
1190
1186
1045
1229
1062
1250
1164
1299
1319
1354
1510
1386
1618
1376
1677
1340
1550
1280
1377
1227
1044
1114
839
1131
679
1169
706
1217
847
1298
1086
1367
1304
1431
1441
1441
1481
1401
1337
1326
1142
1240
894
1179
671
1135
623
1183
654
1218
829
1285
1081
1330
1325
1376
1445
1372
1529
1307
1425
1244
1261
1200
1028
1168
821
1134
716
1152
760
1193
900
1236
1058
1262
1350
1321
1589
1309
1675
1315
1603
1299
1421
1262
1165
1220
933
1179
890
1155
878
1152
1214
1194
1304
1257
1578
1239
1791
1363
1847
1372
1749
1363
1550
1322
1250
1260
1008
1196
898
1142
882
1141
1077
1188
1365
1233
1527
1282
1717
1332
1711
1368
1590
1330
1383
1285
1108
1223
916
1148
827
1116
888
1120
1046
1181
1180
1237
1429
1314
1591
1354
1568
1365
1470
1390
1275
1363
1120
1333
924
1282
875
1273
941
1234
1040
1225
1212
1243
1339
1267
1492
1310
1508
1343
1419
1354
1276
1332
1133
1283
940
1247
870
1210
882
1172
991
1171
1140
1188
1368
1235
1516
1292
1588
1360
1515
1451
1275
1385
1137
1357
972
1310
877
1232
921
1163
1090
1139
1285
1154
1527
1197
1647
1273
1611
1353
1535
1394
1283
1417
1097
1382
983
1327
942
1231
1007
1225
1151
1195
1348
1187
1497
1216
1566
1265
1543
1301
1397
1358
1271
1383
1117
1381
1051
1287
1089
1293
1087
1247
1173
1193
1321
1162
1430
1154
1532
1211
1447
1251
1368
1332
1239
1390
1143
1389
1092
1415
1065
1345
1097
1267
1183
1180
1321
1109
1392
1093
1452
1142
1446
1213
1384
1304
1253
1387
1138
1436
1067
1401
1088
1328
1130
1229
1243
1136
1395
1041
1530
1059
1540
1100
1493
1187
1376
1279
1226
1381
1102
1428
1002
1424
1073
1330
1125
1252
1268
1132
1411
1069
1444
1034
1438
1077
1327
1192
1169
1283
1066
1398
964
1483
980
1497
1025
1457
1136
1342
1195
1243
1323
1127
1368
1064
1345
1102
1295
1153
1134
1285
1091
1422
973
1538
949
1573
989
1541
1076
1427
1193
1282
1275
1149
1435
1073
1447
1077
1407
1146
1365
1261
1213
1453
1139
1442
1075
1539
1058
1470
1151
1343
1243
1196
1399
1064
1568
997
1598
990
1572
1078
1437
1185
1273
1346
1098
1446
1047
1444
1051
1440
1150
1307
1286
1174
1450
1076
1538
1011
1614
1021
1483
1095
1408
1208
1163
1338
1052
1461
976
1489
945
1441
1049
1385
1149
1258
1269
1137
1393
1064
1368
1053
1375
1106
1301
1216
1208
1347
1065
1485
977
1545
887
1542
905
1432
970
1268
1148
1122
1238
1054
1293
1034
1358
1087
1374
1210
1278
1376
1140
1508
963
1574
878
1572
799
1463
919
1304
1110
1174
1284
1115
1462
1066
1582
1119
1645
1232
1539
1377
1364
1481
1248
1535
1094
1510
1132
1418
1105
1285
1255
1140
1478
1065
1650
971
1762
1084
1810
1139
1728
1278
1595
1377
1390
1420
1352
1403
1082
1345
1106
1244
1153
1138
1234
1059
1370
1039
1458
1029
1593
1146
1627
1257
1510
1410
1344
1431
1120
1443
922
1417
754
1318
703
1220
834
1141
1002
1091
1222
1088
1330
1184
1461
1295
1441
1356
1259
1436
1005
1448
764
1415
594
1361
567
1263
709
1179
944
1137
1164
1146
1466
1177
1612
1281
1570
1340
1347
1392
1089
1408
898
1406
744
1324
696
1249
784
1192
1002
1137
1284
1133
1533
1160
1719
1220
1687
1288
1635
1367
1432
1418
1226
1433
1006
1409
839
1358
916
1301
1052
1231
1318
1196
1625
1198
1867
1217
2001
1254
1931
1294
1763
1323
1393
1333
1109
1293
889
1260
814
1201
919
1156
1207
1129
1570
1141
1825
1171
1999
1198
1964
1243
1645
1283
1292
1324
926
1311
623
1234
559
1285
659
1251
919
1231
1258
1227
1507
1244
1683
1262
1625
1272
1438
1330
1032
1342
736
1366
498
1373
458
1368
546
1344
761
1291
1119
1266
1386
1247
1576
1230
1641
1217
1599
1271
1293
1289
1018
1316
800
1339
670
1354
661
1301
866
1290
1130
1248
1440
1218
1689
1188
1826
1191
1820
1200
1632
1243
1319
1297
1005
1355
811
1358
746
1357
934
1321
1186
1268
1549
1217
1796
1183
1944
1154
1914
1142
1709
1160
1445
1204
1128
1248
934
1290
919
1311
941
1254
1348
1256
1498
1216
1637
1179
1687
1144
1636
1115
1495
1139
1307
1182
1106
1235
994
1301
866
1341
937
1371
983
1337
1077
1287
1173
1246
1246
1184
1287
1171
1214
1176
1172
1221
1061
1284
945
1340
896
1401
805
1431
822
1418
957
1375
1020
1304
1147
1266
1235
1163
1313
1185
1298
1202
1266
1235
1193
1296
1112
1336
1081
1390
1063
1397
1127
1384
1150
1341
1295
1274
1377
1210
1443
1159
1403
1155
1416
1177
1379
1248
1367
1303
1326
1364
1311
1413
1275
1399
1242
1352
1255
1274
1285
1194
1292
1128
1369
1112
1446
1100
1495
1161
1528
1216
1530
1300
1439
1368
1317
1404
1181
1400
1235
1344
1160
1248
1140
1155
1263
1101
1354
1087
1474
1126
1471
1174
1426
1273
1311
1346
1146
1405
959
1428
918
1383
885
1315
952
1228
1058
1133
1197
1079
1293
1093
1354
1137
1281
1208
1233
1305
1124
1408
1017
1487
876
1433
840
1368
903
1278
934
1171
1092
1090
1276
1086
1395
1120
1500
1211
1479
1324
1383
1472
1223
1519
1063
1534
934
1467
881
1377
979
1275
1196
1169
1445
1109
1665
1132
1681
1197
1799
1286
1577
1390
1372
1473
1116
1507
936
1463
917
1394
958
1269
1195
1146
1432
1063
1736
1014
1792
1060
1689
1134
1533
1244
1285
1365
1055
1440
893
1471
871
1415
940
1323
1086
1200
1381
1098
1467
1022
1587
1016
1564
1089
1412
1218
1223
1334
1073
1450
925
1494
839
1462
885
1374
939
1269
1121
1148
1365
1044
1543
1025
1592
1069
1531
1171
1412
1306
1222
1431
981
1507
870
1495
801
1459
877
1414
1093
1219
1306
1102
1529
1041
1620
1045
1589
1101
1461
1213
1198
1350
990
1472
728
1528
830
1488
905
1416
1153
1308
1387
1192
1596
1097
1681
1074
1659
1111
1480
1198
1259
1305
981
1461
936
1550
920
1547
978
1494
1143
1395
1348
1231
1468
1157
1566
1098
1594
1096
1524
1135
1301
1242
1137
1342
967
1426
872
1455
868
1436
927
1356
1131
1266
1299
1168
1471
1094
1578
1083
1497
1070
1443
1165
1216
1250
1019
1334
846
1390
819
1399
886
1380
1089
1324
1330
1242
1557
1164
1681
1116
1702
1099
1610
1116
1412
1179
1197
1253
1034
1359
921
1408
992
1418
1121
1394
1265
1323
1516
1245
1653
1162
1695
1111
1612
1071
1455
1115
1269
1202
1081
1289
958
1362
840
1420
916
1410
1066
1392
1252
1341
1408
1273
1515
1202
1552
1188
1431
1170
1312
1189
1149
1248
943
1304
831
1373
798
1432
907
1438
1041
1426
1280
1316
1484
1275
1535
1184
1554
1120
1458
1096
1239
1085
998
1189
871
1286
776
1370
821
1428
985
1414
1200
1382
1392
1277
1469
1183
1483
1082
1406
1067
1237
1074
1095
1144
992
1245
897
1343
913
1427
1011
1481
1155
1433
1306
1363
1444
1265
1462
1202
1552
1101
1510
1084
1495
1129
1278
1190
1190
1304
1122
1397
1107
1452
1143
1460
1210
1419
1481
1348
1563
1193
1612
1120
1623
1055
1546
1055
1444
1142
1261
1248
1140
1356
1088
1451
1152
1469
1143
1461
1250
1369
1356
1264
1402
1146
1378
1077
1378
1062
1295
1132
1164
1247
1114
1349
1032
1473
1023
1542
1050
1483
1077
1356
1152
1283
1178
1177
1258
1105
1314
1076
1321
1122
1413
1186
1290
1283
1235
1361
1116
1413
1046
1401
979
1379
962
1311
1021
1229
1136
1143
1279
1082
1448
1079
1459
1126
1431
1210
1346
1303
1259
1376
1122
1447
976
1462
968
1395
1081
1301
1132
1233
1267
1169
1429
1093
1595
1120
1578
1179
1556
1267
1464
1362
1317
1409
1182
1426
1157
1333
1042
1325
1069
1236
1155
1168
1321
1117
1463
1127
1592
1141
1611
1241
1551
1317
1491
1377
1341
1391
1062
1459
933
1355
876
1368
913
1310
1060
1241
1268
1189
1440
1175
1534
1184
1533
1195
1436
1249
1172
1320
957
1347
853
1385
768
1393
816
1363
965
1316
1181
1207
1391
1166
1521
1130
1624
1093
1457
1187
1277
1195
1089
1294
958
1335
907
1364
929
1372
1071
1317
1197
1238
1422
1171
1557
1112
1526
1096
1566
1110
1459
1176
1324
1252
1162
1331
1090
1383
1077
1433
1103
1413
1236
1358
1325
1283
1529
1184
1545
1109
1498
1077
1421
1098
1210
1167
1150
1242
1017
1347
1017
1409
1077
1441
1197
1428
1344
1312
1421
1200
1482
1094
1455
1028
1357
1017
1246
1097
1108
1216
1023
1332
1019
1434
1141
1494
1144
1487
1303
1395
1417
1280
1449
1176
1450
1080
1307
1080
1181
1119
1060
1212
947
1320
1001
1413
997
1494
1100
1490
1221
1453
1299
1349
1303
1268
1251
1178
1244
1121
1138
1119
1072
1166
927
1250
921
1345
968
1439
1071
1455
1181
1487
1292
1410
1359
1315
1425
1204
1443
1117
1324
1060
1234
1082
1135
1108
1107
1261
1109
1362
1177
1461
1322
1487
1418
1433
1495
1354
1509
1236
1491
1139
1401
1075
1332
1065
1240
1112
1111
1193
1185
1280
1173
1361
1235
1401
1310
1384
1349
1322
1382
1254
1358
1188
1362
1126
1310
1108
1310
1103
1276
1183
1236
1294
1200
1331
1157
1393
1198
1413
1150
1412
1222
1381
1285
1305
1271
1248
1347
1164
1377
1160
1357
1162
1373
1200
1287
1248
1229
1327
1214
1356
1194
1351
1181
1342
1204
1301
1266
1233
1324
1198
1366
1167
1382
1183
1399
1184
1388
1233
1279
1292
1225
1327
1117
1349
1076
1343
1101
1348
1131
1312
1185
1288
1247
1261
1217
1291
1338
1245
1310
1228
1270
1225
1170
1236
1079
1257
1048
1271
989
1287
997
1311
1034
1314
1036
1303
1166
1255
1250
1214
1292
1181
1294
1146
1262
1170
1172
1190
1110
1286
1033
1336
1040
1382
1058
1392
1157
1362
1210
1306
1334
1257
1378
1208
1419
1170
1450
1156
1423
1212
1333
1265
1286
1319
1247
1365
1245
1379
1205
1375
1254
1332
1328
1307
1333
1228
1496
1176
1554
1144
1596
1141
1578
1201
1475
1283
1430
1353
1356
1419
1260
1452
1221
1434
1206
1361
1275
1287
1305
1206
1354
1120
1435
1111
1444
1128
1435
1198
1349
1272
1251
1359
1084
1410
1026
1400
932
1347
934
1310
969
1183
985
1116
1095
1092
1248
1119
1296
1188
1315
1294
1270
1390
1169
1426
1058
1423
962
1367
908
1294
794
1201
1025
1170
1111
1155
1211
1185
1306
1250
1356
1313
1356
1394
1261
1443
1173
1459
1044
1432
989
1359
1027
1284
1035
1200
1128
1168
1245
1129
1411
1182
1469
1233
1522
1293
1517
1366
1381
1420
1356
1395
1311
1335
1300
1270
1323
1202
1400
1158
1523
1139
1642
1162
1698
1177
1709
1310
1643
1362
1524
1401
1402
1391
1312
1340
1300
1269
1276
1203
1326
1163
1360
1129
1445
1179
1502
1220
1377
1274
1311
1291
1200
1288
1095
1284
992
1255
1010
1220
1043
1193
1103
1175
1201
1177
1263
1183
1233
1228
1212
1241
1137
1244
992
1266
868
1279
787
1299
817
1292
920
1294
1021
1324
1153
1300
1257
1291
1274
1326
1221
1304
1102
1319
1043
1289
880
1323
842
1329
860
1323
1087
1314
1170
1315
1286
1311
1401
1301
1485
1252
1479
1288
1402
1282
1307
1259
1198
1236
1068
1269
980
1241
1154
1253
1315
1278
1499
1302
1656
1323
1776
1324
1814
1313
1719
1291
1479
1285
1459
1239
1312
1219
1252
1241
1244
1269
1334
1307
1513
1327
1611
1348
1679
1309
1704
1250
1559
1205
1491
1128
1305
1085
1217
1086
1051
1137
971
1179
1059
1232
1124
1282
1201
1300
1319
1286
1348
1250
1386
1195
1311
1171
1174
1144
1059
1178
876
1226
851
1288
795
1340
802
1368
836
1405
1001
1427
1067
1393
1189
1339
1219
1290
1199
1248
1104
1220
1045
1232
932
1268
837
1302
835
1370
836
1425
1058
1392
1129
1367
1326
1300
1443
1237
1564
1159
1509
1144
1464
1164
1357
1190
1240
1246
1132
1329
1119
1349
1096
1363
1265
1359
1395
1320
1540
1275
1601
1228
1699
1209
1679
1217
1595
1246
1465
1289
1288
1335
1184
1335
1120
1362
1084
1397
1120
1324
1199
1280
1415
1246
1528
1216
1592
1177
1620
1175
1501
1191
1327
1204
1158
1227
1024
1245
939
1251
869
1249
1013
1240
1162
1248
1246
1200
1350
1203
1461
1197
1433
1207
1341
1230
1219
1260
1117
1281
971
1296
812
1335
926
1265
953
1301
1040
1301
1154
1296
1295
1287
1375
1286
1428
1299
1398
1289
1312
1289
1244
1280
1114
1271
1007
1265
973
1266
996
1277
1072
1288
1216
1294
1358
1302
1457
1298
1525
1302
1580
1259
1491
1236
1420
1231
1302
1232
1195
1253
1087
1282
1058
1314
1116
1341
1194
1336
1303
1328
1423
1298
1518
1271
1541
1242
1533
1197
1458
1220
1338
1221
1170
1238
1078
1260
981
1281
979
1296
1046
1282
1186
1273
1258
1241
1422
1194
1492
1173
1525
1153
1464
1158
1437
1174
1164
1210
1046
1270
948
1286
902
1309
953
1307
1025
1296
1232
1259
1390
1222
1498
1207
1418
1224
1433
1225
1361
1252
1196
1298
1038
1333
956
1349
888
1360
938
1318
1035
1293
1184
1246
1389
1221
1448
1212
1478
1211
1480
1240
1387
1268
1260
1309
1104
1324
998
1357
925
1353
983
1323
1184
1280
1232
1261
1389
1258
1505
1232
1542
1240
1521
1261
1366
1291
1265
1312
1127
1325
1077
1331
1180
1312
1064
1298
1198
1272
1311
1210
1415
1235
1431
1218
1510
1218
1473
1241
1376
1252
1323
1265
1267
1276
1148
1288
1115
1288
1160
1259
1223
1261
1266
1245
1383
1239
1461
1239
1485
1234
1496
1245
1318
1277
1285
1272
1152
1277
1081
1256
1018
1275
1050
1260
1126
1257
1248
1302
1358
1243
1413
1242
1456
1243
1396
1257
1241
1246
1135
1257
1006
1284
915
1267
956
1256
1036
1250
1171
1284
1255
1237
1374
1247
1505
1261
1397
1267
1305
1292
1167
1306
1025
1310
907
1321
898
1306
943
1295
1069
1285
1241
1293
1383
1292
1526
1303
1526
1299
1553
1329
1446
1339
1257
1336
1102
1336
929
1305
946
1275
1058
1258
1203
1244
1386
1231
1523
1233
1712
1253
1715
1268
1612
1274
1380
1298
1259
1302
1004
1280
892
1252
926
1232
1041
1218
1280
1208
1477
1208
1627
1210
1703
1247
1732
1255
1519
1268
1359
1286
1153
1286
999
1287
920
1268
956
1266
1055
1248
1215
1224
1402
1221
1618
1209
1568
1257
1577
1258
1492
1274
1315
1292
1101
1295
986
1289
868
1276
874
1253
978
1241
1165
1210
1297
1221
1430
1256
1511
1261
1464
1291
1366
1324
1241
1350
1092
1354
997
1356
965
1357
978
1325
1100
1282
1205
1266
1319
1231
1359
1269
1359
1286
1308
1324
1317
1352
1232
1361
1207
1398
1136
1349
1064
1319
1092
1265
1162
1177
1229
1179
1286
1166
1318
1171
1358
1186
1291
1241
1323
1262
1315
1295
1229
1315
1231
1317
1236
1289
1262
1252
1307
1205
1339
1174
1379
1161
1422
1200
1358
1193
1370
1245
1290
1286
1252
1325
1232
1305
1265
1366
1244
1326
1333
1273
1349
1237
1290
1186
1315
1169
1249
1168
1191
1210
1155
1247
1170
1283
1202
1317
1238
1323
1342
1309
1409
1267
1448
1181
1421
1194
1375
1177
1335
1179
1176
1228
1163
1247
1098
1296
1108
1326
1149
1376
1196
1369
1241
1350
1327
1318
1378
1286
1355
1266
1292
1241
1232
1274
1096
1308
990
1328
926
1347
967
1348
989
1352
1058
1320
1191
1288
1279
1272
1325
1222
1348
1242
1285
1251
1152
1275
1016
1297
984
1273
897
1290
982
1265
1091
1216
1196
1270
1304
1242
1378
1260
1446
1271
1421
1298
1387
1302
1288
1316
1254
1299
1207
1265
1241
1239
1197
1230
1206
1222
1272
1235
1350
1271
1475
1330
1493
1284
1582
1295
1601
1283
1523
1251
1458
1203
1373
1192
1311
1199
1217
1188
1147
1228
1199
1253
1325
1280
1384
1303
1506
1297
1559
1280
1534
1248
1513
1207
1412
1177
1330
1192
1244
1215
1209
1252
1147
1298
1146
1333
1169
1353
1234
1310
1274
1293
1298
1258
1281
1207
1266
1174
1274
1169
1215
1199
1138
1245
1101
1288
1066
1343
1015
1363
1059
1356
1059
1316
1104
1260
1131
1218
1215
1175
1188
1177
1161
1225
1132
1268
1130
1323
1129
1374
1146
1411
1120
1406
1145
1365
1121
1340
1283
1249
1203
1234
1126
1258
1128
1236
1106
1277
1164
1312
1190
1360
1304
1371
1346
1382
1381
1350
1432
1302
1365
1256
1294
1215
1261
1188
1177
1210
1202
1246
1245
1294
1370
1338
1452
1354
1519
1382
1518
1352
1583
1301
1544
1257
1489
1227
1419
1192
1350
1180
1250
1207
1236
1253
1268
1274
1283
1304
1361
1310
1512
1281
1553
1250
1584
1188
1558
1176
1432
1161
1306
1158
1202
1194
1061
1232
1015
1262
1031
1282
1141
1282
1241
1284
1346
1223
1426
1197
1370
1175
1299
1168
1221
1184
1096
1215
964
1259
828
1265
844
1318
897
1320
1013
1323
1129
1280
1194
1237
1237
1228
1155
1238
1173
1255
1064
1262
1024
1323
951
1359
920
1365
983
1365
1061
1364
1122
1349
1252
1314
1348
1286
1405
1342
1361
1315
1355
1321
1279
1341
1227
1339
1160
1341
1181
1360
1207
1301
1250
1285
1469
1209
1480
1272
1526
1278
1558
1299
1543
1310
1499
1301
1450
1287
1381
1277
1335
1251
1318
1207
1322
1217
1315
1217
1364
1205
1403
1230
1412
1250
1378
1270
1370
1262
1370
1258
1325
1244
1267
1220
1210
1207
1156
1200
1080
1214
1063
1229
1098
1238
1147
1245
1200
1253
1283
1233
1289
1221
1124
1222
1273
1198
1151
1199
1059
1215
983
1241
968
1268
1022
1288
1073
1289
1212
1295
1274
1280
1340
1259
1312
1247
1304
1241
1230
1250
1159
1266
1115
1312
1046
1330
1069
1369
1164
1384
1273
1367
1317
1342
1354
1313
1451
1288
1387
1264
1364
1290
1313
1275
1242
1303
1204
1353
1183
1366
1138
1411
1211
1364
1270
1325
1402
1274
1408
1243
1443
1189
1396
1172
1380
1167
1331
1201
1197
1266
1326
1316
1279
1329
1324
1324
1368
1308
1432
1254
1457
1206
1379
1155
1353
1132
1255
1133
1246
1152
1170
1190
1120
1236
1179
1293
1236
1287
1303
1279
1288
1258
1353
1219
1295
1190
1187
1185
967
1187
969
1190
930
1211
944
1251
986
1268
1037
1295
1179
1306
1223
1303
1247
1293
1251
1288
1168
1277
1125
1295
1037
1310
990
1334
949
1355
978
1373
1048
1378
1141
1379
1213
1367
1334
1363
1411
1376
1432
1374
1395
1382
1299
1347
1235
1396
1135
1392
1126
1377
1176
1347
1188
1299
1373
1282
1378
1258
1521
1251
1506
1250
1518
1276
1470
1280
1441
1265
1417
1261
1427
1232
1385
1185
1395
1167
1389
1158
1435
1161
1363
1168
1400
1200
1408
1227
1390
1244
1421
1262
1492
1270
1366
1263
1365
1247
1340
1219
1307
1205
1250
1195
1188
1198
1190
1241
1191
1224
1226
1240
1198
1246
1245
1239
1249
1232
1243
1212
1220
1217
1170
1192
1132
1207
1113
1225
1089
1236
1056
1248
1079
1269
1012
1263
1088
1265
1150
1276
1114
1301
1116
1277
1095
1285
1135
1293
1104
1316
1107
1335
1105
1368
1116
1446
1111
1412
1182
1404
1182
1388
1193
1364
1200
1324
1188
1313
1173
1296
1164
1298
1162
1315
1140
1335
1213
1337
1244
1341
1335
1310
1377
1262
1380
1213
1365
1172
1283
1140
1247
1151
1209
1174
1222
1204
1229
1252
1288
1275
1419
1294
1433
1276
1464
1246
1470
1219
1405
1185
1350
1171
1303
1172
1282
1189
1324
1242
1250
1270
1332
1294
1325
1264
1372
1315
1338
1279
1381
1232
1378
1216
1373
1201
1322
1211
1285
1233
1277
1281
1219
1307
1181
1312
1186
1290
1163
1272
1186
1234
1188
1204
1210
1190
1261
1190
1199
1226
1174
1276
1108
1330
1100
1372
1042
1381
1080
1371
1107
1341
1105
1344
1113
1257
1102
1238
1115
1231
1151
1267
1147
1310
1152
1369
1177
1440
1208
1439
1202
1426
1223
1374
1190
1314
1108
1275
1130
1194
1123
1180
1152
1183
1180
1224
1247
1262
1324
1326
1334
1341
1334
1322
1302
1282
1313
1241
1214
1174
1152
1144
1169
1136
1175
1163
1285
1208
1347
1256
1418
1285
1459
1319
1463
1313
1474
1276
1386
1234
1350
1203
1277
1183
1187
1178
1247
1206
1292
1258
1318
1292
1368
1327
1355
1360
1501
1336
1423
1292
1428
1238
1397
1207
1233
1181
1180
1191
1160
1197
1124
1276
1124
1327
1152
1350
1268
1360
1320
1313
1346
1266
1335
1198
1279
1159
1219
1147
1131
1162
1060
1208
1027
1266
1077
1340
1050
1385
1094
1380
1136
1367
1171
1323
1175
1249
1126
1222
1146
1215
1112
1223
1101
1247
1089
1303
1010
1376
1008
1384
1011
1374
1037
1358
1081
1319
1129
1271
1194
1241
1214
1244
1283
1231
1333
1242
1276
1261
1239
1285
1207
1270
1198
1297
1174
1273
1280
1246
1345
1249
1407
1229
1480
1200
1482
1223
1502
1247
1447
1278
1421
1305
1381
1336
1329
1337
1329
1311
1355
1282
1376
1247
1405
1194
1410
1203
1475
1237
1418
1270
1400
1321
1373
1347
1344
1359
1314
1357
1285
1314
1281
1280
1319
1242
1299
1214
1316
1213
1309
1188
1321
1273
1275
1298
1250
1296
1232
1302
1167
1286
1120
1270
1084
1223
1092
1226
1100
1229
1117
1229
1147
1249
1112
1274
1107
1293
1080
1293
1055
1262
1025
1293
1006
1286
1029
1284
1049
1288
1096
1287
1145
1300
1157
1294
1160
1299
1128
1303
1125
1314
1095
1296
1146
1289
1188
1289
1246
1264
1311
1250
1298
1247
1373
1233
1355
1217
1343
1221
1311
1233
1281
1240
1271
1237
1311
1258
1330
1262
1358
1247
1396
1241
1409
1251
1380
1255
1365
1260
1314
1262
1313
1255
1279
1252
1254
1277
1265
1233
1245
1222
1288
1222
1352
1222
1356
1226
1361
1248
1335
1264
1296
1245
1246
1230
1196
1189
1146
1195
1109
1181
1133
1200
1180
1229
1212
1231
1257
1286
1276
1296
1280
1300
1175
1281
1149
1218
1113
1243
1053
1228
1069
1241
1098
1247
1153
1309
1189
1336
1260
1344
1270
1363
1224
1332
1180
1316
1130
1301
1078
1303
1069
1300
1087
1306
1124
1318
1162
1320
1208
1332
1271
1325
1228
1312
1207
1312
1157
1307
1114
1289
1066
1284
1105
1290
1146
1287
1201
1281
1285
1304
1325
1302
1352
1317
1358
1315
1342
1304
1287
1280
1237
1249
1210
1228
1194
1235
1213
1218
1299
1227
1359
1242
1424
1256
1458
1263
1465
1241
1402
1234
1354
1198
1276
1182
1185
1206
1144
1178
1117
1201
1183
1216
1239
1207
1330
1228
1396
1242
1394
1246
1386
1203
1325
1201
1283
1207
1223
1226
1174
1240
1205
1277
1203
1292
1242
1275
1287
1272
1290
1262
1292
1251
1287
1248
1287
1266
1238
1293
1245
1311
1243
1326
1194
1349
1175
1342
1135
1308
1150
1285
1118
1284
1115
1261
1123
1304
1118
1307
1128
1331
1130
1331
1128
1320
1142
1305
1112
1294
1125
1283
1124
1268
1134
1234
1141
1278
1119
1296
1119
1301
1117
1313
1094
1312
1167
1305
1171
1287
1207
1274
1219
1210
1267
1238
1274
1212
1286
1196
1278
1202
1262
1218
1245
1298
1219
1287
1220
1319
1236
1317
1270
1291
1308
1254
1318
1198
1339
1174
1367
1153
1387
1169
1387
1218
1391
1274
1404
1329
1371
1351
1354
1324
1307
1279
1332
1219
1292
1175
1283
1165
1310
1165
1351
1227
1366
1289
1415
1343
1446
1368
1411
1363
1366
1335
1314
1282
1238
1250
1169
1208
1133
1205
1117
1219
1135
1261
1177
1307
1217
1327
1257
1332
1247
1322
1231
1311
1157
1288
1124
1250
1054
1242
1012
1224
996
1230
994
1284
1010
1289
1029
1314
1097
1330
1144
1347
1156
1338
1142
1314
1144
1280
1115
1253
1075
1223
1066
1226
1095
1250
1117
1287
1177
1330
1274
1352
1324
1363
1362
1335
1362
1285
1343
1236
1280
1194
1253
1187
1301
1213
1309
1247
1370
1311
1424
1332
1469
1360
1501
1331
1495
1230
1450
1239
1302
1194
1331
1186
1320
1201
1298
1254
1337
1284
1390
1321
1474
1342
1430
1334
1451
1295
1484
1272
1380
1239
1340
1233
1302
1203
1283
1303
1256
1297
1297
1318
1326
1323
1316
1317
1311
1321
1274
1306
1237
1293
1186
1287
1139
1280
1097
1267
1051
1261
1078
1263
1074
1290
1086
1248
1125
1267
1101
1265
1068
1261
1020
1248
999
1229
918
1225
930
1209
959
1223
978
1298
1030
1274
1084
1295
1180
1290
1202
1265
1205
1242
1180
1214
1124
1213
1082
1205
1071
1204
1114
1278
1205
1331
1259
1359
1373
1382
1440
1356
1477
1305
1478
1259
1397
1212
1349
1188
1284
1178
1281
1242
1294
1290
1319
1322
1447
1356
1467
1351
1492
1309
1501
1267
1529
1232
1431
1204
1393
1180
1359
1226
1324
1253
1315
1294
1336
1315
1343
1359
1350
1331
1330
1311
1327
1285
1296
1269
1273
1253
1242
1249
1200
1247
1204
1267
1165
1289
1174
1334
1224
1326
1198
1319
1197
1313
1148
1249
1133
1246
1086
1222
1057
1169
1077
1186
1097
1218
1126
1308
1166
1303
1212
1328
1224
1323
1179
1294
1133
1241
1069
1190
1021
1161
997
1161
1029
1186
1093
1284
1163
1321
1255
1379
1311
1394
1308
1389
1274
1317
1217
1261
1144
1216
1081
1216
1078
1217
1082
1262
1167
1296
1267
1351
1354
1375
1392
1370
1427
1347
1403
1315
1337
1274
1277
1244
1238
1229
1195
1238
1206
1248
1210
1266
1342
1285
1393
1302
1375
1352
1444
1306
1388
1287
1368
1264
1308
1239
1270
1198
1240
1209
1236
1225
1273
1233
1304
1260
1357
1287
1376
1308
1348
1320
1333
1267
1276
1241
1206
1213
1156
1181
1161
1181
1189
1217
1225
1250
1317
1281
1413
1312
1399
1312
1375
1275
1293
1202
1201
1207
1068
1185
1036
1179
1050
1207
1083
1256
1179
1295
1271
1305
1345
1326
1355
1307
1316
1277
1214
1242
1084
1225
976
1249
908
1261
895
1256
973
1311
1064
1339
1185
1336
1248
1316
1313
1298
1327
1282
1227
1232
1152
1254
1043
1244
968
1278
929
1293
1016
1301
1111
1315
1229
1310
1356
1280
1435
1291
1449
1270
1388
1246
1302
1222
1190
1219
1080
1223
1053
1246
1088
1272
1186
1280
1307
1324
1457
1325
1538
1300
1542
1268
1517
1224
1390
1186
1315
1169
1239
1196
1162
1273
1184
1281
1262
1328
1396
1348
1474
1336
1550
1293
1581
1250
1518
1218
1424
1179
1322
1173
1232
1180
1152
1257
1129
1276
1157
1308
1197
1314
1254
1295
1305
1268
1295
1272
1272
1221
1189
1213
1142
1221
1079
1250
1009
1280
1010
1310
1002
1312
1042
1329
1088
1330
1126
1332
1153
1291
1161
1276
1124
1278
1068
1278
1046
1278
1030
1312
1029
1338
1071
1352
1125
1357
1168
1366
1241
1322
1213
1277
1198
1243
1144
1219
1123
1227
1093
1237
1161
1262
1219
1304
1273
1323
1337
1338
1374
1306
1396
1292
1365
1250
1339
1203
1316
1200
1291
1209
1285
1237
1314
1284
1383
1331
1422
1355
1459
1345
1482
1327
1457
1292
1418
1254
1386
1226
1365
1221
1348
1234
1340
1278
1365
1278
1358
1295
1398
1297
1407
1288
1418
1252
1392
1235
1310
1252
1308
1194
1266
1180
1248
1183
1233
1199
1215
1207
1253
1231
1270
1234
1265
1261
1246
1263
1158
1259
1138
1238
1038
1218
996
1193
952
1195
985
1200
1027
1222
1084
1230
1143
1283
1125
1291
1127
1295
1095
1284
1005
1262
911
1261
855
1253
837
1261
872
1279
972
1299
1083
1310
1161
1309
1253
1309
1282
1295
1252
1271
1187
1275
1107
1285
1052
1297
1007
1311
1061
1323
1174
1337
1234
1316
1356
1310
1427
1260
1466
1335
1449
1303
1442
1304
1398
1326
1311
1330
1280
1326
1272
1319
1285
1307
1344
1283
1435
1245
1492
1235
1521
1219
1536
1221
1543
1229
1422
1237
1335
1254
1266
1257
1242
1255
1233
1249
1296
1251
1365
1245
1458
1181
1478
1179
1430
1190
1366
1176
1263
1179
1181
1203
1097
1218
1081
1218
1103
1222
1148
1239
1200
1176
1269
1140
1266
1119
1211
1112
1135
1107
1063
1155
981
1206
945
1246
962
1282
981
1335
1036
1293
1063
1290
1124
1243
1106
1234
1094
1233
1041
1263
943
1309
894
1335
854
1375
854
1390
899
1386
975
1375
1035
1366
1108
1347
1159
1347
1169
1364
1120
1378
1081
1401
1033
1423
1001
1441
1044
1442
1123
1420
1246
1402
1340
1382
1452
1362
1489
1338
1493
1326
1484
1329
1386
1326
1324
1337
1279
1326
1300
1349
1377
1334
1498
1306
1604
1292
1686
1264
1746
1246
1733
1231
1656
1254
1551
1269
1452
1283
1411
1295
1373
1305
1385
1282
1483
1253
1512
1226
1531
1204
1516
1168
1502
1208
1453
1235
1354
1254
1305
1279
1256
1284
1226
1290
1213
1280
1245
1254
1270
1240
1306
1230
1323
1241
1298
1259
1291
1293
1254
1337
1204
1282
1146
1348
1136
1349
1107
1336
1085
1317
1125
1301
1114
1299
1167
1318
1160
1333
1133
1425
1114
1391
1054
1399
1071
1390
1100
1380
1139
1353
1191
1342
1244
1350
1265
1341
1250
1352
1206
1370
1183
1382
1136
1390
1156
1387
1199
1363
1276
1287
1375
1281
1461
1255
1518
1233
1517
1242
1530
1273
1482
1319
1422
1342
1431
1371
1419
1364
1454
1354
1497
1303
1586
1255
1625
1217
1613
1187
1591
1200
1535
1202
1435
1258
1370
1275
1325
1282
1291
1268
1266
1225
1300
1178
1342
1135
1378
1101
1333
1115
1375
1152
1329
1195
1241
1249
1174
1280
1130
1279
1075
1260
1088
1225
1108
1164
1171
1139
1230
1121
1280
1121
1275
1141
1226
1162
1173
1209
1059
1223
984
1236
982
1215
1001
1206
1042
1171
1101
1132
1181
1125
1187
1154
1156
1170
1107
1221
1022
1279
956
1321
891
1340
912
1306
961
1269
1048
1208
1118
1170
1130
1171
1134
1161
1093
1205
1053
1260
1013
1312
1008
1341
1005
1346
1040
1303
1103
1240
1167
1164
1183
1127
1197
1108
1183
1145
1160
1209
1056
1284
1073
1339
1065
1375
1048
1339
1081
1315
1109
1242
1180
1211
1217
1125
1226
1096
1246
1118
1180
1169
1120
1243
1072
1297
1036
1329
1043
1345
1022
1312
1143
1297
1236
1205
1301
1167
1304
1135
1247
1141
1168
1199
1046
1266
949
1327
967
1377
954
1401
1023
1391
1123
1278
1249
1275
1279
1226
1286
1179
1223
1172
1149
1194
1051
1257
984
1314
1002
1368
1077
1402
1184
1394
1326
1341
1405
1304
1501
1258
1503
1229
1443
1203
1364
1251
1266
1271
1197
1331
1155
1366
1198
1369
1280
1330
1386
1350
1480
1307
1533
1293
1536
1263
1436
1263
1358
1292
1243
1303
1164
1334
1067
1367
1075
1393
1142
1380
1235
1357
1363
1323
1457
1276
1456
1275
1424
1228
1339
1226
1228
1232
1110
1247
1049
1299
1068
1282
1128
1273
1269
1256
1372
1231
1474
1180
1503
1153
1424
1164
1323
1147
1188
1161
1122
1190
1084
1230
1092
1247
1179
1257
1281
1260
1343
1242
1381
1220
1381
1183
1315
1205
1201
1213
1129
1233
1085
1258
1070
1273
1106
1287
1161
1284
1243
1287
1271
1265
1336
1251
1364
1249
1306
1250
1264
1279
1186
1271
1142
1309
1118
1322
1148
1322
1184
1313
1243
1290
1292
1294
1327
1282
1297
1276
1270
1281
1208
1301
1126
1296
1073
1321
1078
1345
1105
1353
1168
1347
1257
1336
1325
1323
1350
1310
1274
1300
1307
1286
1241
1305
1190
1310
1207
1337
1226
1360
1309
1361
1400
1356
1497
1319
1543
1286
1539
1266
1483
1256
1395
1254
1326
1262
1297
1288
1306
1310
1336
1312
1422
1327
1498
1322
1470
1304
1537
1270
1489
1257
1359
1300
1261
1248
1143
1246
1144
1262
1084
1263
1146
1255
1226
1262
1265
1271
1320
1253
1329
1242
1282
1240
1196
1228
1085
1221
995
1223
936
1242
932
1243
1003
1247
1072
1250
1197
1261
1285
1273
1340
1270
1363
1255
1277
1241
1157
1240
1015
1203
947
1241
900
1265
978
1271
1112
1263
1250
1277
1370
1284
1426
1256
1430
1259
1336
1260
1236
1264
1123
1280
1052
1287
1025
1305
1080
1310
1174
1289
1290
1289
1362
1279
1434
1274
1422
1270
1372
1265
1313
1283
1210
1299
1133
1305
1105
1298
1123
1306
1135
1291
1233
1258
1327
1248
1377
1236
1377
1220
1353
1255
1299
1271
1211
1283
1144
1290
1113
1285
1090
1267
1121
1248
1197
1204
1270
1182
1329
1211
1351
1203
1341
1215
1255
1238
1200
1261
1099
1286
1085
1289
1091
1299
1120
1328
1185
1273
1239
1243
1322
1227
1336
1228
1307
1229
1270
1265
1212
1319
1162
1344
1140
1343
1170
1336
1208
1309
1236
1266
1291
1234
1333
1210
1334
1189
1326
1217
1313
1251
1283
1290
1243
1333
1266
1333
1299
1325
1299
1287
1316
1259
1334
1193
1356
1216
1360
1234
1387
1268
1385
1309
1367
1349
1356
1392
1324
1402
1311
1389
1292
1368
1294
1339
1287
1310
1291
1276
1296
1275
1405
1279
1305
1282
1293
1293
1262
1317
1230
1324
1180
1325
1216
1296
1225
1299
1231
1236
1265
1209
1272
1184
1279
1202
1271
1224
1293
1243
1298
1275
1309
1296
1316
1309
1311
1293
1306
1273
1297
1265
1259
1237
1264
1229
1231
1247
1244
1272
1248
1303
1325
1300
1369
1327
1346
1352
1320
1282
1250
1254
1199
1234
1104
1224
1087
1216
1096
1251
1098
1296
1153
1298
1213
1295
1262
1282
1255
1256
1240
1223
1220
1200
1176
1198
1140
1207
1135
1229
1122
1248
1146
1285
1163
1302
1197
1295
1221
1284
1273
1257
1274
1231
1264
1227
1245
1197
1183
1203
1162
1211
1148
1229
1150
1251
1142
1282
1155
1286
1192
1286
1211
1267
1207
1234
1163
1204
1157
1174
1132
1172
1091
1178
1132
1195
1176
1234
1211
1263
1281
1281
1299
1274
1315
1246
1289
1215
1234
1180
1177
1178
1131
1142
1139
1225
1161
1270
1263
1304
1376
1297
1428
1343
1435
1327
1401
1286
1329
1267
1205
1250
1114
1260
1081
1272
1118
1310
1125
1356
1235
1366
1347
1376
1415
1364
1444
1332
1427
1293
1325
1270
1236
1250
1140
1262
1081
1269
1073
1307
1090
1351
1185
1339
1273
1327
1394
1299
1460
1271
1463
1227
1419
1206
1322
1215
1181
1221
1067
1245
997
1267
969
1295
986
1298
1089
1297
1219
1284
1303
1241
1348
1204
1339
1177
1265
1173
1113
1176
1031
1208
952
1249
953
1278
1002
1304
1101
1316
1225
1276
1312
1227
1392
1183
1404
1150
1364
1151
1303
1183
1241
1249
1185
1301
1180
1353
1208
1378
1248
1362
1305
1322
1372
1276
1446
1236
1424
1206
1430
1223
1401
1268
1350
1325
1294
1376
1301
1412
1299
1429
1274
1396
1304
1362
1319
1299
1338
1277
1343
1253
1377
1238
1369
1251
1326
1275
1303
1307
1267
1318
1238
1329
1235
1278
1237
1286
1259
1242
1252
1203
1272
1176
1299
1151
1250
1156
1226
1193
1193
1221
1174
1269
1167
1305
1209
1321
1220
1281
1242
1254
1256
1230
1221
1236
1187
1188
1169
1200
1155
1236
1136
1284
1150
1284
1179
1345
1194
1360
1190
1257
1206
1278
1166
1238
1146
1216
1110
1214
1117
1216
1085
1254
1153
1285
1170
1318
1171
1383
1189
1331
1173
1321
1181
1298
1186
1282
1215
1275
1260
1290
1252
1313
1299
1314
1340
1341
1353
1355
1391
1362
1416
1369
1432
1388
1448
1368
1470
1316
1505
1329
1474
1308
1464
1293
1467
1276
1483
1273
1511
1284
1506
1283
1495
1291
1462
1280
1423
1282
1347
1254
1292
1210
1279
1179
1237
1163
1232
1166
1269
1183
1295
1223
1291
1256
1279
1262
1239
1276
1144
1268
1072
1248
1030
1220
1023
1196
1029
1205
1068
1210
1119
1223
1143
1247
1173
1252
1188
1261
1118
1252
1058
1270
992
1248
961
1269
936
1261
980
1259
1038
1249
1080
1232
1132
1222
1159
1226
1157
1241
1143
1247
1133
1274
1113
1291
1078
1287
1096
1282
1162
1274
1180
1244
1235
1241
1307
1240
1368
1258
1369
1278
1401
1297
1423
1315
1419
1315
1412
1320
1392
1328
1406
1292
1415
1289
1466
1283
1478
1279
1537
1277
1547
1287
1529
1291
1496
1276
1467
1269
1428
1271
1395
1273
1376
1269
1390
1305
1335
1295
1368
1277
1371
1273
1322
1278
1256
1251
1184
1227
1167
1221
1132
1233
1120
1233
1128
1212
1123
1261
1109
1262
1089
1251
1078
1224
1037
1208
966
1201
985
1185
974
1204
977
1228
988
1209
990
1262
1007
1269
999
1279
1015
1276
1058
1269
1039
1257
1079
1262
1074
1191
1085
1243
1086
1235
1114
1256
1138
1267
1134
1271
1186
1301
1192
1297
1226
1310
1263
1295
1292
1268
1301
1241
1298
1213
1331
1205
1341
1214
1324
1232
1386
1280
1380
1328
1387
1360
1375
1367
1365
1345
1385
1314
1386
1285
1410
1252
1416
1244
1459
1270
1458
1315
1471
1347
1457
1377
1434
1384
1386
1379
1337
1338
1331
1302
1333
1284
1338
1260
1374
1251
1399
1264
1392
1290
1368
1308
1333
1316
1286
1315
1203
1307
1161
1280
1109
1249
1120
1216
1115
1199
1172
1182
1191
1208
1186
1235
1184
1237
1130
1258
1117
1274
1088
1293
1061
1279
1043
1250
1052
1230
1079
1206
1101
1190
1151
1191
1205
1223
1222
1257
1231
1282
1224
1300
1234
1286
1207
1263
1160
1224
1171
1191
1150
1178
1185
1183
1264
1218
1292
1249
1329
1303
1334
1312
1347
1329
1320
1306
1314
1271
1307
1242
1290
1216
1287
1231
1307
1256
1321
1312
1324
1347
1341
1390
1343
1398
1332
1376
1318
1343
1360
1313
1311
1286
1304
1265
1301
1248
1287
1313
1215
1347
1205
1363
1198
1376
1169
1358
1177
1344
1204
1301
1224
1262
1273
1226
1322
1194
1331
1185
1309
1196
1226
1237
1212
1280
1154
1304
1116
1311
1101
1307
1124
1265
1148
1208
1223
1118
1248
1151
1352
1139
1399
1179
1385
1291
1334
1348
1243
1350
1200
1372
1165
1383
1089
1308
1131
1264
1152
1234
1214
1193
1304
1207
1392
1230
1416
1303
1387
1350
1359
1381
1278
1371
1182
1332
1120
1273
1090
1215
1110
1159
1160
1165
1266
1186
1366
1223
1455
1261
1487
1309
1463
1321
1416
1333
1327
1307
1284
1276
1231
1238
1206
1200
1226
1202
1239
1219
1283
1234
1337
1271
1363
1307
1353
1330
1317
1332
1286
1325
1201
1299
1121
1239
1067
1226
1014
1209
1002
1203
1008
1185
1069
1230
1153
1274
1169
1288
1200
1294
1167
1243
1136
1246
1063
1216
1040
1189
1034
1175
1045
1200
1085
1250
1152
1279
1236
1311
1297
1327
1313
1310
1315
1282
1289
1242
1255
1218
1209
1210
1197
1182
1202
1247
1197
1283
1224
1311
1263
1317
1277
1305
1272
1281
1300
1252
1303
1226
1254
1256
1220
1232
1206
1246
1209
1266
1209
1294
1233
1305
1250
1310
1288
1314
1321
1292
1339
1274
1342
1254
1343
1256
1316
1252
1274
1256
1259
1258
1252
1267
1240
1288
1230
1293
1267
1291
1245
1283
1267
1267
1238
1254
1284
1237
1262
1249
1220
1256
1212
1282
1222
1314
1173
1324
1183
1337
1195
1303
1193
1294
1203
1267
1226
1255
1236
1271
1255
1266
1268
1304
1251
1328
1242
1342
1312
1348
1250
1316
1231
1283
1219
1246
1234
1224
1208
1224
1252
1216
1324
1250
1324
1267
1339
1286
1323
1269
1306
1277
1248
1248
1230
1211
1190
1191
1191
1186
1201
1203
1238
1224
1273
1257
1291
1282
1289
1299
1290
1290
1245
1268
1217
1250
1175
1236
1162
1208
1159
1207
1159
1217
1183
1254
1180
1270
1242
1296
1247
1313
1245
1314
1241
1288
1206
1285
1161
1238
1127
1213
1140
1203
1146
1220
1141
1248
1221
1294
1298
1344
1329
1378
1340
1381
1343
1359
1315
1325
1234
1276
1195
1245
1147
1234
1181
1234
1221
1278
1267
1357
1328
1411
1347
1392
1378
1385
1360
1345
1307
1277
1260
1240
1189
1201
1149
1209
1164
1217
1224
1260
1255
1309
1291
1326
1373
1345
1385
1325
1373
1284
1344
1259
1294
1231
1233
1221
1176
1230
1187
1246
1237
1290
1233
1308
1295
1328
1329
1287
1353
1324
1331
1313
1332
1273
1298
1244
1241
1222
1195
1221
1165
1221
1171
1236
1202
1258
1234
1274
1269
1281
1287
1277
1301
1276
1262
1247
1228
1206
1187
1200
1129
1195
1115
1218
1111
1230
1178
1266
1195
1295
1226
1299
1298
1307
1275
1284
1259
1269
1233
1242
1212
1233
1187
1237
1191
1215
1209
1279
1251
1308
1295
1304
1353
1304
1379
1285
1386
1265
1379
1251
1354
1251
1323
1262
1296
1275
1261
1302
1229
1297
1248
1295
1234
1280
1263
1264
1275
1236
1310
1228
1308
1248
1248
1289
1230
1304
1191
1331
1154
1336
1142
1337
1151
1313
1162
1299
1190
1276
1223
1263
1263
1261
1261
1266
1251
1292
1222
1299
1198
1307
1198
1321
1176
1312
1173
1287
1174
1259
1211
1227
1191
1189
1225
1157
1207
1162
1247
1169
1217
1205
1203
1220
1212
1290
1187
1307
1186
1305
1204
1250
1152
1249
1169
1212
1165
1178
1187
1181
1194
1188
1204
1259
1233
1314
1242
1364
1247
1392
1284
1354
1243
1374
1228
1307
1209
1244
1217
1234
1200
1227
1248
1242
1288
1277
1308
1300
1338
1326
1347
1327
1330
1326
1292
1284
1272
1246
1249
1225
1166
1209
1188
1201
1209
1227
1240
1179
1248
1271
1278
1280
1300
1314
1280
1294
1274
1305
1202
1299
1197
1281
1154
1274
1118
1328
1166
1271
1128
1280
1210
1292
1266
1298
1337
1303
1375
1300
1371
1292
1308
1255
1252
1227
1189
1207
1164
1189
1094
1179
1142
1195
1208
1222
1274
1209
1358
1245
1395
1251
1398
1288
1318
1221
1277
1213
1233
1220
1130
1217
1113
1239
1109
1243
1154
1291
1193
1312
1284
1306
1345
1304
1357
1290
1358
1292
1316
1278
1247
1292
1213
1300
1175
1310
1152
1306
1164
1297
1215
1300
1265
1289
1334
1286
1387
1287
1406
1299
1369
1306
1306
1321
1263
1324
1204
1311
1143
1287
1146
1285
1117
1259
1161
1269
1195
1275
1255
1277
1276
1289
1275
1291
1254
1295
1210
1292
1171
1289
1155
1278
1143
1259
1154
1253
1196
1240
1211
1224
1242
1224
1275
1214
1289
1230
1278
1231
1288
1246
1248
1259
1245
1265
1218
1255
1246
1243
1236
1240
1202
1249
1215
1213
1201
1228
1224
1236
1238
1261
1265
1275
1269
1299
1267
1308
1272
1286
1281
1263
1249
1240
1213
1241
1221
1216
1218
1230
1197
1259
1239
1285
1261
1309
1264
1323
1296
1322
1280
1323
1295
1295
1297
1284
1283
1258
1243
1300
1198
1261
1180
1279
1140
1290
1126
1290
1130
1296
1097
1294
1184
1292
1223
1272
1236
1276
1218
1251
1179
1241
1157
1233
1097
1236
1095
1238
1178
1256
1166
1259
1206
1281
1246
1233
1290
1297
1269
1287
1281
1267
1272
1271
1216
1235
1191
1232
1172
1234
1175
1256
1184
1257
1221
1260
1245
1256
1239
1237
1252
1215
1255
1199
1236
1177
1209
1191
1200
1201
1205
1227
1173
1243
1193
1258
1196
1261
1226
1263
1222
1266
1224
1306
1238
1281
1210
1298
1199
1319
1247
1328
1227
1329
1258
1336
1249
1347
1249
1315
1262
1310
1271
1267
1264
1299
1243
1259
1253
1288
1263
1293
1248
1304
1255
1267
1263
1266
1295
1260
1256
1242
1293
1239
1282
1247
1269
1233
1252
1233
1211
1239
1184
1238
1141
1241
1181
1243
1200
1254
1207
1261
1250
1278
1237
1257
1218
1283
1207
1288
1183
1297
1158
1298
1133
1308
1146
1322
1202
1322
1192
1309
1220
1312
1216
1277
1213
1249
1186
1230
1199
1213
1210
1249
1188
1202
1219
1248
1240
1213
1231
1248
1244
1253
1270
1235
1274
1219
1272
1207
1276
1209
1261
1258
1258
1245
1284
1247
1311
1285
1318
1309
1323
1312
1344
1303
1343
1293
1337
1277
1325
1271
1285
1299
1268
1275
1232
1312
1254
1304
1248
1317
1285
1326
1312
1338
1300
1348
1312
1307
1298
1296
1258
1297
1214
1240
1196
1221
1156
1228
1131
1238
1175
1247
1220
1251
1239
1284
1280
1297
1293
1285
1280
1277
1189
1251
1211
1219
1171
1207
1120
1223
1117
1234
1097
1260
1145
1278
1184
1302
1213
1303
1249
1295
1255
1274
1241
1246
1193
1228
1161
1207
1133
1212
1079
1232
1105
1251
1131
1265
1173
1290
1229
1283
1226
1275
1262
1237
1262
1253
1249
1240
1284
1241
1231
1246
1210
1270
1178
1244
1207
1324
1223
1331
1275
1349
1343
1359
1376
1342
1402
1333
1375
1317
1391
1317
1364
1328
1355
1298
1348
1305
1327
1302
1340
1303
1369
1313
1381
1290
1379
1277
1390
1257
1377
1232
1323
1223
1308
1202
1309
1211
1285
1219
1248
1234
1229
1255
1224
1253
1182
1259
1190
1247
1187
1240
1188
1227
1181
1236
1178
1245
1187
1243
1189
1253
1173
1264
1176
1274
1154
1280
1153
1285
1152
1291
1164
1281
1161
1279
1167
1266
1167
1291
1140
1279
1121
1264
1139
1266
1147
1251
1162
1247
1166
1277
1167
1258
1148
1266
1202
1224
1189
1277
1174
1280
1140
1284
1185
1279
1184
1296
1173
1260
1216
1252
1280
1254
1247
1257
1267
1278
1304
1279
1313
1277
1352
1297
1326
1299
1355
1326
1345
1282
1375
1266
1441
1266
1376
1245
1397
1259
1386
1242
1381
1277
1383
1312
1417
1300
1413
1300
1405
1284
1411
1273
1382
1258
1346
1249
1336
1226
1335
1231
1321
1237
1299
1254
1322
1278
1339
1296
1303
1296
1286
1290
1255
1268
1225
1245
1167
1225
1166
1201
1159
1188
1156
1184
1162
1216
1141
1239
1149
1258
1138
1285
1127
1289
1109
1272
1127
1255
1083
1237
1051
1229
1051
1213
1062
1219
1051
1231
1046
1253
1063
1275
1084
1301
1047
1315
1108
1307
1123
1308
1094
1339
1082
1283
1036
1270
1091
1255
1101
1269
1147
1267
1191
1290
1226
1328
1260
1331
1278
1341
1283
1325
1283
1321
1256
1296
1247
1270
1257
1249
1280
1250
1310
1253
1329
1263
1386
1279
1421
1295
1439
1295
1471
1291
1476
1269
1463
1259
1417
1228
1411
1226
1375
1220
1378
1224
1360
1244
1416
1250
1426
1278
1425
1284
1428
1306
1429
1303
1390
1302
1350
1249
1255
1290
1241
1281
1224
1285
1202
1263
1185
1291
1197
1296
1215
1316
1187
1317
1188
1304
1223
1316
1172
1278
1130
1254
1089
1200
1111
1223
1081
1215
1110
1211
1142
1222
1180
1232
1179
1251
1189
1262
1199
1257
1182
1256
1171
1248
1161
1237
1143
1229
1158
1239
1180
1238
1235
1238
1225
1269
1241
1299
1253
1307
1217
1296
1230
1286
1204
1281
1205
1257
1207
1248
1209
1298
1219
1262
1226
1268
1287
1279
1313
1289
1332
1290
1345
1293
1353
1296
1334
1284
1308
1269
1302
1257
1304
1252
1301
1254
1328
1267
1354
1272
1390
1270
1407
1284
1392
1285
1366
1286
1303
1278
1292
1277
1250
1275
1238
1251
1259
1266
1249
1272
1263
1272
1275
1281
1303
1297
1278
1306
1256
1297
1239
1260
1203
1286
1165
1272
1096
1245
1147
1271
1132
1251
1142
1251
1137
1260
1202
1274
1152
1281
1166
1270
1163
1279
1163
1274
1126
1266
1165
1251
1185
1272
1184
1232
1199
1243
1225
1198
1228
1249
1248
1272
1265
1267
1276
1261
1286
1260
1297
1264
1297
1256
1310
1246
1339
1247
1333
1249
1326
1248
1276
1248
1310
1262
1303
1282
1304
1282
1327
1290
1332
1301
1352
1301
1357
1288
1401
1282
1389
1280
1373
1271
1341
1275
1283
1298
1251
1288
1224
1281
1217
1288
1231
1293
1230
1263
1277
1292
1288
1288
1296
1225
1281
1275
1224
1272
1188
1258
1136
1260
1103
1257
1053
1250
1112
1257
1145
1268
1145
1315
1181
1281
1190
1289
1205
1298
1198
1258
1185
1260
1166
1269
1123
1272
1109
1273
1108
1268
1126
1268
1159
1278
1188
1278
1233
1294
1273
1268
1283
1254
1290
1245
1256
1234
1236
1233
1189
1241
1196
1230
1253
1238
1252
1239
1281
1246
1301
1202
1334
1255
1331
1260
1322
1233
1332
1253
1312
1267
1286
1281
1293
1281
1313
1298
1325
1311
1334
1315
1349
1313
1337
1313
1331
1316
1299
1315
1330
1294
1307
1296
1332
1289
1359
1287
1343
1272
1359
1259
1373
1255
1343
1237
1323
1226
1272
1227
1248
1235
1205
1221
1220
1204
1232
1217
1272
1216
1237
1221
1252
1224
1245
1247
1218
1256
1202
1257
1181
1264
1127
1273
1104
1280
1124
1289
1111
1297
1138
1310
1164
1270
1219
1317
1212
1309
1189
1297
1228
1291
1229
1259
1208
1265
1158
1287
1138
1258
1137
1255
1174
1257
1208
1260
1236
1233
1233
1233
1271
1226
1241
1213
1212
1196
1185
1198
1146
1215
1113
1207
1125
1202
1148
1234
1157
1239
1146
1257
1214
1256
1209
1275
1191
1272
1225
1269
1254
1272
1250
1268
1276
1284
1290
1268
1312
1298
1320
1310
1354
1320
1348
1348
1278
1314
1353
1315
1351
1305
1345
1302
1359
1303
1354
1293
1364
1289
1369
1288
1380
1290
1411
1312
1346
1279
1355
1277
1304
1234
1251
1270
1213
1263
1238
1259
1248
1262
1264
1259
1303
1271
1310
1282
1314
1281
1304
1283
1319
1271
1213
1267
1177
1249
1186
1265
1187
1258
1209
1214
1260
1262
1280
1254
1316
1250
1296
1247
1299
1247
1206
1223
1217
1202
1184
1216
1136
1260
1153
1213
1152
1222
1179
1255
1193
1224
1224
1214
1226
1229
1195
1271
1174
1241
1178
1244
1140
1246
1136
1259
1127
1258
1156
1242
1171
1275
1194
1262
1215
1281
1218
1290
1229
1303
1207
1307
1220
1300
1225
1296
1247
1301
1256
1310
1254
1306
1286
1311
1266
1319
1283
1306
1288
1304
1282
1299
1243
1304
1231
1295
1236
1305
1238
1314
1247
1314
1293
1309
1313
1311
1316
1306
1316
1297
1310
1274
1285
1282
1232
1300
1228
1275
1206
1284
1245
1289
1331
1299
1365
1291
1411
1288
1437
1255
1429
1269
1372
1264
1356
1235
1290
1238
1252
1238
1234
1242
1273
1249
1311
1257
1346
1251
1394
1242
1410
1250
1371
1244
1321
1235
1273
1233
1220
1226
1161
1228
1132
1231
1152
1239
1132
1248
1169
1252
1221
1256
1273
1244
1291
1250
1264
1267
1238
1235
1187
1232
1120
1230
1126
1240
1120
1245
1132
1262
1171
1285
1213
1293
1257
1288
1295
1273
1294
1288
1258
1274
1238
1268
1161
1279
1157
1288
1160
1289
1166
1314
1191
1323
1174
1322
1235
1328
1282
1324
1273
1307
1282
1308
1269
1302
1253
1284
1234
1305
1238
1303
1226
1303
1202
1296
1224
1307
1238
1290
1248
1278
1275
1268
1288
1261
1297
1258
1299
1240
1320
1240
1343
1240
1295
1224
1301
1233
1272
1188
1263
1251
1256
1252
1302
1262
1335
1264
1331
1252
1359
1251
1383
1234
1350
1236
1346
1242
1352
1234
1332
1237
1312
1240
1310
1246
1316
1254
1306
1240
1302
1263
1292
1257
1285
1256
1210
1258
1248
1249
1239
1242
1227
1246
1221
1254
1178
1262
1174
1258
1160
1279
1181
1285
1179
1314
1203
1288
1239
1307
1211
1325
1209
1301
1216
1298
1205
1292
1171
1295
1169
1287
1196
1304
1210
1317
1241
1319
1284
1310
1299
1306
1292
1276
1251
1280
1241
1263
1190
1262
1207
1266
1191
1278
1201
1315
1239
1303
1252
1305
1282
1288
1303
1274
1312
1213
1284
1247
1240
1231
1221
1225
1219
1233
1191
1238
1205
1250
1230
1271
1256
1280
1280
1277
1312
1264
1326
1266
1290
1233
1268
1219
1221
1203
1208
1242
1200
1223
1184
1232
1210
1259
1202
1264
1231
1305
1251
1309
1269
1296
1281
1272
1262
1271
1232
1270
1210
1255
1199
1276
1186
1289
1205
1306
1241
1338
1260
1344
1283
1341
1359
1323
1334
1303
1309
1279
1278
1253
1284
1244
1247
1256
1259
1248
1301
1269
1327
1270
1346
1287
1348
1283
1356
1280
1337
1273
1314
1261
1291
1255
1265
1243
1239
1248
1214
1262
1246
1266
1254
1267
1295
1278
1293
1281
1278
1273
1285
1266
1243
1259
1239
1253
1211
1242
1170
1289
1178
1248
1141
1253
1187
1247
1226
1254
1273
1247
1292
1250
1300
1247
1294
1233
1246
1222
1219
1215
1189
1211
1144
1217
1157
1220
1183
1230
1222
1237
1256
1245
1279
1247
1295
1240
1270
1236
1259
1228
1237
1235
1218
1224
1216
1237
1195
1265
1195
1277
1167
1278
1211
1287
1239
1295
1233
1281
1256
1281
1256
1273
1257
1283
1224
1282
1228
1290
1220
1304
1159
1296
1180
1313
1195
1322
1192
1326
1204
1329
1225
1320
1247
1310
1236
1295
1259
1258
1300
1263
1261
1260
1261
1265
1257
1239
1228
1309
1229
1304
1255
1312
1311
1306
1278
1282
1300
1282
1299
1256
1294
1237
1306
1233
1297
1242
1265
1259
1239
1268
1249
1292
1245
1311
1242
1291
1262
1289
1288
1275
1301
1259
1290
1240
1328
1225
1301
1234
1294
1210
1290
1241
1244
1282
1230
1265
1204
1281
1243
1271
1260
1258
1294
1239
1325
1229
1330
1211
1328
1206
1312
1197
1268
1206
1215
1217
1188
1242
1173
1263
1176
1261
1212
1250
1257
1251
1256
1242
1278
1228
1257
1215
1256
1222
1224
1241
1194
1234
1180
1281
1132
1317
1135
1324
1150
1323
1167
1318
1213
1304
1244
1289
1267
1284
1275
1281
1269
1299
1255
1303
1221
1308
1199
1321
1172
1321
1164
1319
1224
1304
1229
1263
1265
1294
1274
1282
1268
1310
1281
1300
1286
1295
1268
1298
1228
1293
1209
1311
1178
1275
1203
1286
1226
1305
1250
1291
1281
1286
1308
1274
1307
1296
1303
1275
1298
1259
1321
1269
1291
1271
1298
1266
1301
1251
1295
1231
1348
1224
1350
1211
1353
1233
1350
1209
1354
1211
1317
1218
1330
1209
1330
1210
1323
1203
1319
1202
1310
1202
1318
1200
1302
1204
1301
1209
1314
1220
1282
1233
1262
1244
1256
1248
1242
1179
1223
1248
1218
1253
1226
1262
1211
1274
1224
1282
1191
1293
1233
1287
1216
1285
1183
1334
1167
1269
1117
1266
1125
1276
1120
1282
1134
1282
1153
1300
1164
1290
1166
1327
1172
1313
1185
1314
1191
1313
1162
1303
1165
1298
1193
1305
1184
1274
1189
1330
1210
1334
1225
1386
1225
1367
1265
1368
1327
1361
1314
1339
1316
1325
1320
1276
1363
1297
1284
1303
1302
1285
1317
1304
1312
1304
1337
1317
1356
1302
1372
1292
1398
1277
1411
1248
1397
1223
1376
1196
1369
1204
1359
1202
1333
1201
1338
1230
1333
1246
1324
1254
1296
1246
1328
1222
1362
1214
1306
1191
1309
1192
1275
1192
1244
1221
1205
1247
1207
1261
1191
1279
1177
1285
1181
1277
1198
1263
1183
1245
1211
1231
1215
1227
1200
1220
1176
1229
1157
1249
1134
1264
1137
1253
1150
1265
1143
1258
1188
1240
1197
1220
1243
1220
1221
1222
1256
1215
1263
1238
1205
1291
1185
1282
1173
1296
1179
1305
1177
1304
1202
1288
1238
1276
1253
1269
1247
1261
1283
1262
1278
1276
1267
1302
1250
1322
1251
1345
1241
1352
1271
1345
1295
1339
1301
1319
1332
1312
1320
1301
1367
1300
1360
1307
1359
1320
1347
1339
1303
1329
1299
1340
1295
1345
1277
1329
1288
1316
1222
1305
1307
1302
1298
1297
1302
1288
1298
1289
1242
1292
1221
1292
1194
1284
1180
1276
1237
1262
1197
1249
1249
1239
1217
1178
1218
1229
1207
1235
1228
1224
1239
1228
1211
1223
1207
1237
1207
1234
1223
1252
1225
1260
1245
1270
1276
1255
1255
1253
1275
1248
1281
1234
1298
1223
1291
1225
1269
1224
1288
1220
1278
1230
1283
1231
1287
1241
1314
1237
1315
1246
1301
1273
1304
1241
1275
1232
1288
1200
1274
1213
1269
1197
1268
1217
1261
1252
1262
1270
1256
1279
1270
1297
1282
1309
1256
1301
1260
1286
1273
1279
1255
1263
1248
1257
1248
1260
1260
1283
1210
1306
1214
1320
1210
1331
1219
1323
1199
1314
1183
1266
1185
1272
1145
1256
1143
1244
1159
1245
1158
1264
1154
1280
1150
1304
1152
1315
1144
1320
1157
1308
1160
1303
1153
1281
1177
1265
1185
1257
1191
1248
1214
1255
1218
1276
1222
1296
1200
1299
1246
1309
1295
1311
1282
1289
1316
1292
1318
1238
1342
1253
1296
1248
1323
1244
1333
1266
1317
1262
1320
1289
1329
1285
1327
1294
1334
1285
1338
1272
1368
1251
1321
1244
1316
1244
1321
1246
1311
1250
1307
1279
1299
1295
1299
1297
1294
1307
1313
1296
1302
1287
1312
1263
1319
1265
1295
1285
1277
1281
1257
1282
1272
1292
1240
1294
1242
1282
1243
1270
1240
1262
1224
1251
1233
1235
1227
1228
1203
1229
1172
1224
1171
1228
1114
1257
1154
1216
1161
1239
1178
1276
1167
1236
1154
1232
1174
1229
1170
1226
1195
1222
1192
1236
1168
1258
1179
1239
1188
1250
1201
1251
1187
1240
1212
1231
1245
1240
1238
1238
1252
1236
1274
1243
1246
1261
1250
1260
1243
1264
1248
1282
1260
1275
1259
1263
1276
1269
1251
1269
1247
1296
1223
1310
1243
1318
1256
1328
1240
1329
1241
1330
1237
1315
1245
1331
1243
1330
1244
1321
1250
1331
1246
1339
1209
1346
1228
1339
1232
1312
1232
1330
1219
1308
1248
1294
1247
1276
1260
1259
1306
1250
1302
1237
1302
1250
1258
1221
1256
1246
1227
1249
1224
1231
1232
1223
1235
1193
1243
1204
1248
1187
1255
1188
1243
1189
1238
1197
1224
1180
1183
1224
1171
1226
1181
1235
1188
1221
1196
1231
1209
1228
1228
1238
1195
1239
1199
1229
1185
1243
1207
1248
1198
1247
1194
1282
1222
1250
1208
1278
1237
1239
1245
1235
1262
1233
1252
1246
1227
1267
1245
1262
1236
1271
1244
1281
1260
1286
1230
1282
1234
1288
1230
1298
1213
1279
1216
1294
1189
1311
1173
1321
1126
1319
1153
1325
1156
1329
1173
1313
1181
1295
1198
1306
1208
1317
1184
1318
1201
1316
1177
1321
1163
1320
1158
1320
1174
1304
1180
1303
1201
1286
1242
1272
1282
1264
1265
1262
1294
1266
1354
1261
1281
1257
1253
1264
1223
1269
1212
1263
1199
1264
1246
1254
1298
1262
1312
1228
1355
1237
1346
1223
1329
1242
1307
1247
1289
1254
1243
1260
1222
1250
1239
1253
1248
1245
1268
1243
1288
1234
1320
1235
1316
1239
1287
1242
1278
1251
1250
1261
1220
1258
1208
1257
1181
1264
1189
1243
1176
1243
1223
1234
1231
1233
1257
1234
1259
1251
1230
1269
1203
1251
1185
1260
1163
1253
1144
1248
1105
1248
1181
1251
1193
1256
1222
1229
1257
1264
1250
1264
1238
1261
1222
1225
1212
1253
1161
1246
1140
1242
1217
1255
1195
1298
1246
1288
1218
1290
1248
1295
1247
1303
1232
1291
1219
1294
1188
1293
1174
1289
1174
1292
1177
1286
1189
1303
1180
1311
1206
1325
1218
1328
1231
1333
1226
1344
1197
1333
1198
1320
1177
1312
1164
1291
1205
1281
1201
1275
1257
1289
1205
1258
1213
1312
1223
1327
1238
1318
1240
1306
1231
1275
1221
1267
1212
1234
1224
1235
1232
1231
1246
1252
1267
1252
1261
1269
1278
1275
1288
1281
1277
1265
1263
1252
1256
1239
1266
1233
1235
1226
1243
1211
1264
1218
1271
1213
1281
1224
1256
1232
1267
1224
1247
1225
1263
1188
1274
1169
1279
1198
1262
1200
1242
1213
1247
1214
1221
1223
1211
1233
1212
1234
1215
1233
1222
1251
1251
1239
1270
1240
1289
1247
1269
1265
1275
1279
1216
1282
1218
1299
1202
1325
1213
1303
1227
1307
1239
1309
1261
1307
1261
1304
1289
1301
1293
1311
1268
1314
1240
1321
1224
1330
1173
1336
1138
1324
1147
1311
1133
1304
1117
1288
1141
1286
1188
1265
1182
1291
1186
1306
1168
1311
1148
1314
1096
1310
1099
1303
1111
1293
1101
1258
1127
1273
1160
1262
1190
1277
1239
1285
1274
1294
1278
1296
1253
1283
1267
1271
1243
1264
1216
1251
1219
1236
1242
1231
1254
1252
1266
1227
1329
1231
1410
1229
1345
1234
1353
1221
1331
1218
1310
1217
1263
1209
1276
1190
1274
1223
1274
1186
1289
1210
1330
1217
1302
1233
1312
1253
1311
1256
1299
1254
1285
1252
1272
1252
1247
1283
1237
1173
1245
1243
1261
1271
1225
1271
1239
1289
1252
1300
1192
1301
1238
1287
1246
1267
1193
1314
1170
1245
1133
1227
1147
1225
1126
1232
1138
1241
1180
1256
1154
1266
1155
1279
1148
1283
1135
1272
1130
1264
1091
1261
1103
1258
1100
1261
1114
1238
1121
1289
1112
1297
1138
1306
1138
1323
1132
1317
1182
1305
1194
1292
1196
1282
1166
1250
1161
1269
1164
1274
1171
1272
1185
1276
1200
1272
1212
1278
1219
1265
1241
1252
1264
1245
1267
1231
1270
1223
1254
1212
1236
1226
1235
1238
1229
1224
1238
1256
1234
1267
1265
1272
1231
1270
1272
1251
1316
1251
1302
1240
1296
1284
1283
1243
1285
1278
1246
1289
1243
1286
1248
1269
1266
1283
1229
1269
1247
1262
1260
1258
1259
1259
1257
1252
1256
1246
1240
1248
1222
1254
1202
1262
1196
1241
1184
1248
1177
1248
1192
1248
1147
1237
1205
1234
1209
1234
1228
1219
1231
1226
1213
1264
1194
1253
1167
1254
1188
1251
1179
1272
1171
1263
1173
1263
1196
1282
1198
1288
1197
1290
1216
1291
1226
1307
1203
1306
1192
1306
1181
1296
1187
1282
1156
1277
1159
1276
1178
1284
1152
1292
1146
1311
1224
1321
1237
1314
1253
1324
1236
1311
1234
1308
1215
1294
1214
1295
1207
1289
1142
1274
1206
1284
1232
1287
1232
1333
1256
1283
1279
1292
1297
1293
1255
1295
1267
1263
1339
1278
1235
1262
1232
1265
1230
1199
1229
1293
1205
1272
1258
1265
1331
1272
1283
1267
1290
1270
1272
1260
1260
1267
1245
1255
1236
1252
1217
1256
1167
1247
1216
1253
1203
1252
1233
1237
1259
1242
1262
1253
1254
1247
1234
1238
1242
1239
1188
1244
1189
1229
1203
1238
1181
1283
1170
1256
1180
1255
1226
1259
1231
1252
1261
1240
1271
1248
1254
1272
1232
1262
1216
1270
1206
1272
1179
1263
1157
1265
1175
1273
1195
1262
1214
1264
1244
1252
1240
1279
1270
1238
1252
1250
1262
1251
1210
1261
1220
1255
1213
1269
1161
1289
1171
1270
1180
1279
1209
1276
1237
1269
1275
1257
1288
1271
1269
1273
1256
1280
1238
1288
1219
1302
1177
1305
1157
1309
1165
1317
1182
1315
1210
1308
1220
1304
1233
1304
1248
1305
1202
1308
1197
1302
1207
1309
1165
1305
1140
1312
1121
1270
1140
1301
1129
1299
1153
1285
1203
1280
1216
1272
1208
1270
1212
1269
1220
1262
1219
1260
1181
1263
1175
1260
1171
1265
1184
1254
1217
1268
1240
1257
1255
1252
1257
1255
1266
1253
1221
1247
1241
1238
1230
1205
1234
1233
1254
1236
1260
1250
1294
1244
1285
1239
1333
1230
1346
1238
1372
1241
1320
1236
1328
1207
1308
1254
1299
1246
1296
1248
1320
1254
1299
1257
1312
1253
1265
1259
1330
1255
1311
1263
1293
1250
1287
1273
1225
1258
1213
1255
1201
1250
1201
1239
1203
1253
1202
1270
1241
1257
1208
1265
1211
1277
1213
1277
1154
1264
1153
1276
1131
1282
1116
1314
1110
1274
1118
1280
1156
1290
1113
1289
1143
1290
1172
1297
1146
1292
1153
1296
1145
1287
1125
1356
1085
1309
1104
1296
1182
1293
1128
1272
1150
1258
1151
1251
1156
1267
1163
1275
1172
1278
1165
1282
1166
1279
1184
1287
1175
1270
1176
1243
1200
1270
1198
1267
1210
1261
1215
1263
1254
1269
1288
1276
1281
1264
1311
1274
1298
1255
1296
1273
1249
1265
1293
1262
1299
1253
1302
1233
1319
1228
1317
1226
1306
1221
1311
1210
1315
1216
1300
1219
