1067
1305
1470
1341
1469
1342
1454
1351
1266
1293
1282
1300
1268
1298
1275
1292
1241
1281
1300
1289
1289
1290
1285
1329
1308
1287
1288
1275
1292
1270
1264
1271
1269
1269
1266
1258
1257
1268
1257
1239
1224
1237
1261
1228
1225
1219
1190
1216
1203
1212
1128
1232
1168
1205
1192
1209
1195
1213
1171
1220
1158
1217
1168
1212
1134
1244
1156
1234
1172
1239
1180
1300
1139
1303
1152
1273
1213
1274
1233
1285
1208
1280
1234
1291
1237
1307
1227
1298
1223
1297
1240
1293
1231
1289
1218
1285
1189
1292
1216
1298
1231
1265
1259
1278
1228
1275
1191
1271
1232
1272
1212
1239
1192
1260
1216
1245
1304
1228
1141
1257
1226
1248
1228
1261
1249
1256
1236
1239
1250
1213
1272
1286
1284
1266
1215
1271
1292
1263
1279
1270
1245
1262
1230
1254
1278
1249
1283
1247
1274
1231
1293
1241
1271
1235
1291
1246
1247
1242
1255
1219
1261
1233
1218
1225
1261
1230
1175
1205
1210
1225
1139
1227
1156
1222
1161
1222
1139
1227
1126
1235
1153
1232
1125
1245
1121
1254
1118
1264
1123
1271
1169
1271
1138
1286
1178
1297
1134
1289
1141
1301
1142
1297
1159
1330
1140
1317
1180
1317
1209
1321
1212
1311
1211
1313
1214
1296
1245
1313
1213
1308
1243
1299
1246
1297
1248
1281
1237
1278
1271
1265
1270
1265
1269
1252
1319
1239
1306
1240
1275
1234
1282
1228
1340
1234
1245
1222
1319
1218
1283
1158
1287
1213
1251
1225
1216
1224
1327
1225
1284
1213
1294
1226
1262
1221
1261
1228
1297
1236
1279
1238
1234
1238
1189
1228
1321
1204
1244
1245
1198
1215
1241
1232
1216
1240
1193
1243
1166
1234
1179
1243
1168
1253
1147
1246
1175
1258
1177
1232
1153
1276
1106
1279
1158
1267
1147
1282
1137
1275
1134
1288
1172
1265
1102
1288
1120
1291
1106
1288
1116
1285
1124
1293
1079
1324
1153
1306
1137
1295
1225
1317
1177
1322
1212
1308
1214
1330
1210
1329
1255
1329
1285
1306
1354
1303
1321
1301
1316
1288
1342
1274
1361
1260
1353
1252
1362
1237
1379
1229
1335
1242
1337
1255
1314
1268
1323
1264
1363
1307
1257
1341
1333
1356
1374
1354
1381
1352
1383
1345
1392
1319
1414
1301
1349
1269
1352
1245
1318
1224
1345
1191
1301
1178
1280
1168
1258
1080
1211
1064
1184
1031
1137
997
1090
969
955
981
892
1007
809
1019
762
1044
728
1088
663
1127
698
1143
724
1187
672
1225
757
1257
834
1313
890
1424
949
1439
996
1486
1163
1504
1258
1507
1384
1459
1508
1449
1535
1407
1590
1352
1590
1330
1625
1300
1626
1296
1636
1299
1637
1305
1601
1302
1584
1304
1521
1301
1443
1291
1349
1291
1227
1302
1195
1311
1080
1332
1083
1343
1057
1375
998
1424
971
1397
929
1387
891
1366
907
1355
956
1323
1047
1328
1048
1338
1155
1343
1273
1335
1378
1323
1475
1309
1508
1279
1542
1228
1581
1189
1547
1155
1528
1121
1492
1101
1442
1079
1344
1104
1295
1098
1198
1112
1212
1129
1181
1149
1318
1173
1159
1201
1155
1208
1174
1209
1188
1212
1187
1205
1200
1205
1230
1188
1210
1192
1203
1196
1212
1196
1222
1198
1148
1200
1192
1218
1207
1242
1203
1250
1201
1282
1204
1325
1200
1349
1179
1357
1175
1367
1160
1395
1048
1410
1051
1374
998
1359
993
1372
972
1363
1027
1335
1081
1323
1111
1301
1124
1294
1162
1276
1159
1266
1217
1261
1165
1243
1192
1219
1191
1203
1224
1194
1329
1181
1370
1166
1375
1183
1351
1189
1343
1199
1286
1203
1338
1240
1295
1279
1196
1292
1182
1328
1147
1325
1083
1352
1113
1344
1143
1328
1139
1315
1185
1301
1305
1274
1300
1290
1295
1275
1374
1255
1375
1250
1355
1235
1280
1224
1308
1210
1349
1207
1310
1210
1326
1215
1244
1153
1366
1217
1190
1216
1168
1207
1134
1199
1076
1195
1039
1209
1068
1191
1049
1225
1055
1238
1053
1245
1078
1254
1009
1285
1102
1308
1115
1332
1175
1290
1250
1387
1319
1409
1430
1418
1482
1418
1540
1402
1599
1379
1518
1379
1590
1325
1609
1252
1561
1253
1529
1230
1503
1226
1478
1199
1422
1230
1389
1232
1309
1242
1274
1236
1209
1223
1186
1204
1116
1212
1066
1193
1071
1208
1047
1222
1017
1219
981
1255
990
1268
990
1282
941
1297
982
1298
973
1303
1017
1301
1010
1307
986
1323
968
1297
955
1286
984
1270
991
1249
1008
1212
1038
1200
1079
1195
1077
1175
1097
1162
1103
1197
1164
1187
1180
1198
1231
1220
1274
1252
1277
1262
1358
1266
1340
1272
1347
1269
1331
1267
1426
1261
1394
1289
1465
1260
1503
1314
1546
1362
1521
1360
1502
1374
1454
1390
1462
1389
1444
1395
1442
1393
1464
1379
1514
1357
1460
1358
1499
1328
1476
1297
1435
1275
1411
1256
1298
1238
1365
1227
1332
1230
1284
1275
1260
1234
1187
1232
1129
1241
1103
1245
1097
1242
1055
1257
1022
1288
986
1279
975
1280
954
1265
942
1261
905
1241
921
1214
956
1202
950
1191
971
1172
1056
1157
1113
1163
1126
1169
1160
1163
1131
1166
1195
1166
1190
1171
1198
1216
1235
1189
1246
1234
1300
1217
1291
1227
1330
1231
1298
1242
1250
1248
1230
1255
1229
1270
1256
1281
1273
1311
1276
1331
1343
1349
1334
1366
1361
1366
1275
1365
1290
1362
1274
1369
1276
1358
1361
1340
1371
1335
1352
1305
1342
1286
1355
1268
1217
1277
1145
1278
1150
1304
1152
1318
1149
1330
1188
1358
1183
1361
1159
1367
1129
1369
1015
1370
1051
1328
1067
1309
1111
1300
1169
1278
1228
1230
1299
1233
1290
1217
1279
1182
1286
1174
1313
1170
1414
1201
1397
1161
1489
1174
1496
1161
1471
1186
1441
1157
1402
1193
1350
1207
1343
1223
1328
1246
1343
1264
1357
1295
1262
1318
1336
1307
1301
1309
1244
1296
1207
1282
1229
1273
1191
1267
1184
1263
1176
1252
1221
1254
1290
1232
1193
1238
1250
1228
1230
1217
1286
1222
1207
1204
1238
1220
1256
1242
1253
1249
1235
1262
1218
1272
1166
1299
1114
1306
1096
1322
1189
1328
1136
1337
1162
1349
1176
1330
1142
1328
1192
1325
1118
1322
1099
1315
1084
1281
1059
1356
1109
1336
1210
1323
1240
1321
1227
1293
1236
1272
1224
1229
1189
1236
1159
1217
1196
1197
1244
1200
1274
1184
1272
1183
1296
1163
1259
1089
1243
1151
1234
1153
1232
1163
1262
1176
1250
1200
1322
1217
1315
1222
1285
1232
1162
1265
1195
1236
1122
1242
1161
1253
1200
1271
1267
1269
1356
1295
1366
1317
1369
1321
1385
1318
1444
1279
1268
1348
1293
1319
1316
1318
1337
1322
1368
1302
1396
1252
1393
1248
1354
1248
1266
1237
1294
1223
1256
1239
1242
1257
1161
1291
1233
1301
1205
1301
1146
1316
1149
1318
1134
1312
1144
1312
1167
1337
1192
1344
1233
1342
1131
1349
1184
1317
1205
1305
1186
1276
1135
1272
1098
1267
1117
1250
1147
1264
1145
1264
1204
1257
1205
1244
1208
1234
1182
1217
1260
1196
1153
1211
1177
1246
1204
1225
1201
1226
1226
1204
1200
1200
1186
1188
1136
1186
1130
1194
1100
1213
1166
1228
1215
1224
1310
1239
1313
1233
1313
1245
1244
1202
1297
1223
1229
1229
1200
1287
1260
1260
1303
1272
1344
1298
1383
1306
1456
1290
1429
1308
1386
1332
1359
1320
1306
1330
1357
1341
1370
1351
1324
1339
1399
1336
1365
1321
1297
1280
1221
1253
1154
1248
1155
1250
1136
1242
1182
1246
1203
1258
1239
1252
1236
1247
1199
1285
1107
1196
1098
1247
1114
1259
1123
1277
1145
1280
1184
1292
1184
1290
1155
1277
1127
1260
1144
1245
1111
1241
1034
1222
1203
1259
1245
1272
1269
1259
1336
1279
1306
1282
1259
1271
1224
1272
1186
1276
1161
1282
1235
1278
1352
1265
1328
1294
1334
1250
1300
1226
1299
1211
1239
1206
1247
1202
1218
1220
1230
1241
1253
1254
1309
1250
1313
1271
1306
1238
1267
1235
1270
1240
1236
1245
1241
1242
1277
1291
1303
1272
1305
1287
1286
1277
1256
1256
1179
1221
1166
1226
1130
1239
1133
1254
1195
1277
1234
1295
1282
1294
1275
1288
1262
1264
1193
1259
1142
1255
1149
1263
1077
1268
1170
1285
1233
1296
1246
1288
1270
1287
1294
1272
1210
1258
1165
1255
1167
1263
1218
1285
1270
1290
1334
1292
1428
1269
1427
1238
1364
1223
1309
1150
1254
1203
1215
1215
1225
1226
1254
1251
1274
1250
1295
1254
1234
1244
1285
1242
1193
1248
1174
1263
1168
1286
1159
1314
1270
1337
1375
1346
1347
1328
1356
1324
1305
1255
1248
1324
1221
1298
1228
1316
1262
1310
1324
1320
1392
1327
1392
1310
1330
1304
1302
1277
1253
1263
1191
1265
1082
1258
1213
1272
1219
1269
1283
1261
1304
1239
1303
1205
1265
1189
1216
1183
1167
1197
1211
1227
1195
1239
1228
1269
1280
1234
1247
1269
1179
1262
1175
1249
1125
1242
1108
1199
1131
1271
1179
1267
1217
1269
1287
1263
1313
1233
1292
1202
1217
1176
1172
1173
1134
1170
1156
1152
1215
1202
1300
1206
1312
1222
1327
1206
1307
1192
1262
1194
1225
1187
1147
1214
1144
1257
1188
1286
1242
1300
1290
1296
1316
1274
1275
1267
1200
1252
1154
1257
1135
1286
1131
1317
1218
1353
1325
1359
1349
1364
1393
1357
1363
1336
1309
1318
1267
1313
1206
1324
1246
1338
1263
1343
1345
1342
1378
1325
1406
1279
1358
1257
1274
1244
1247
1232
1176
1243
1219
1223
1279
1294
1324
1291
1351
1284
1353
1278
1276
1263
1131
1239
1098
1288
1142
1281
1134
1301
1222
1318
1272
1322
1344
1283
1363
1254
1288
1246
1230
1191
1132
1193
1076
1230
1179
1238
1233
1222
1246
1246
1321
1237
1255
1195
1164
1172
1133
1170
1078
1190
1110
1209
1162
1246
1220
1266
1344
1267
1260
1279
1275
1252
1184
1235
1129
1233
1097
1250
1126
1275
1134
1314
1308
1325
1374
1384
1364
1323
1425
1286
1354
1255
1313
1247
1283
1243
1312
1267
1419
1298
1465
1312
1495
1306
1527
1272
1491
1277
1284
1260
1307
1231
1235
1242
1212
1283
1264
1307
1285
1319
1340
1310
1323
1319
1251
1270
1185
1240
1083
1252
1066
1252
1059
1293
1138
1288
1192
1300
1260
1288
1287
1259
1253
1229
1186
1213
1094
1226
1074
1239
1088
1242
1020
1269
1212
1291
1226
1265
1281
1234
1186
1208
1116
1152
1079
1179
1031
1217
1087
1254
1144
1279
1277
1303
1382
1287
1375
1264
1295
1251
1246
1240
1166
1267
1127
1304
1220
1337
1290
1371
1380
1362
1442
1358
1347
1350
1360
1295
1319
1273
1244
1277
1275
1267
1258
1311
1309
1336
1433
1323
1415
1275
1399
1248
1320
1219
1226
1194
1200
1197
1170
1216
1251
1241
1314
1242
1420
1236
1440
1198
1390
1179
1361
1145
1277
1126
1179
1148
1165
1156
1208
1215
1291
1243
1364
1267
1362
1263
1359
1238
1258
1222
1133
1222
1076
1265
1151
1291
1158
1319
1250
1336
1274
1300
1328
1298
1240
1264
1169
1228
1105
1213
1039
1212
1065
1262
1076
1284
1206
1305
1252
1312
1308
1309
1269
1256
1219
1224
1130
1239
1088
1265
1138
1310
1241
1333
1344
1339
1396
1341
1414
1308
1386
1274
1201
1206
1230
1270
1160
1284
1213
1331
1313
1341
1357
1383
1469
1361
1423
1317
1418
1289
1301
1263
1204
1263
1117
1287
1159
1319
1229
1329
1327
1332
1369
1294
1363
1255
1349
1207
1205
1188
1074
1188
1049
1205
1096
1227
1205
1254
1237
1259
1330
1234
1414
1182
1309
1160
1234
1171
1147
1145
1107
1197
1198
1226
1320
1265
1405
1255
1520
1263
1385
1250
1371
1208
1213
1202
1108
1232
1111
1274
1100
1314
1250
1340
1378
1347
1390
1295
1383
1286
1312
1246
1205
1287
1081
1249
1100
1279
1193
1302
1269
1324
1368
1278
1386
1299
1341
1243
1270
1217
1191
1198
1119
1216
1139
1241
1256
1298
1296
1308
1385
1296
1434
1269
1398
1226
1280
1173
1141
1183
1106
1220
1056
1263
1122
1304
1107
1323
1319
1353
1358
1279
1237
1240
1161
1207
1055
1213
1019
1224
1053
1287
1114
1325
1237
1355
1324
1339
1351
1280
1430
1242
1221
1225
1128
1219
1093
1244
1140
1299
1235
1339
1337
1344
1431
1328
1450
1285
1408
1244
1320
1184
1169
1231
1056
1279
1173
1269
1221
1354
1304
1361
1405
1341
1437
1286
1330
1248
1219
1223
1115
1225
1030
1257
1109
1306
1295
1324
1358
1330
1475
1288
1441
1243
1380
1169
1270
1191
1163
1205
1120
1229
1276
1288
1336
1309
1490
1320
1579
1281
1529
1214
1419
1181
1314
1154
1191
1174
1144
1209
1226
1250
1339
1284
1409
1278
1474
1243
1416
1219
1322
1192
1138
1184
1062
1177
997
1237
1095
1277
1197
1325
1271
1322
1271
1291
1329
1238
1207
1204
1095
1191
995
1228
938
1277
1119
1320
1273
1324
1384
1326
1435
1317
1395
1253
1270
1220
1130
1236
1035
1255
1080
1303
1187
1360
1269
1442
1383
1363
1392
1328
1401
1268
1240
1230
1079
1209
1003
1256
1007
1297
1147
1337
1282
1363
1324
1344
1463
1298
1327
1247
1235
1213
1112
1179
1002
1238
1077
1300
1123
1365
1293
1367
1418
1325
1437
1268
1399
1222
1306
1212
1202
1168
1129
1219
1181
1267
1273
1313
1397
1328
1486
1319
1502
1254
1375
1201
1275
1176
1189
1213
1091
1262
1109
1266
1218
1318
1355
1317
1404
1285
1391
1224
1310
1159
1188
1179
1084
1145
1051
1201
1116
1275
1187
1317
1363
1325
1525
1303
1467
1258
1364
1175
1241
1219
1132
1246
1136
1273
1197
1342
1312
1365
1458
1367
1567
1340
1539
1258
1412
1205
1281
1196
1159
1210
1173
1241
1183
1288
1317
1329
1376
1308
1447
1267
1408
1210
1242
1215
1132
1123
993
1180
1105
1244
1029
1302
1164
1331
1271
1338
1385
1310
1328
1253
1229
1197
1105
1234
950
1200
1154
1328
1130
1358
1267
1393
1383
1382
1478
1302
1408
1266
1260
1195
1114
1210
996
1212
1141
1288
1157
1352
1224
1368
1397
1344
1489
1280
1421
1214
1263
1212
1121
1170
1003
1155
1232
1266
1176
1334
1309
1343
1441
1322
1537
1265
1473
1205
1264
1251
1159
1203
1067
1204
1297
1316
1273
1366
1426
1399
1535
1360
1596
1270
1552
1242
1346
1235
1240
1178
1133
1250
1331
1301
1300
1343
1431
1338
1553
1301
1493
1223
1522
1130
1310
1167
1189
1116
1037
1193
1275
1242
1251
1295
1327
1288
1425
1269
1371
1222
1366
1165
1175
1183
1040
1227
826
1252
1038
1323
1141
1373
1271
1377
1392
1381
1355
1264
1344
1242
1169
1234
1038
1246
861
1258
1076
1337
1172
1369
1339
1362
1440
1313
1406
1274
1289
1122
1209
1167
1025
1152
943
1220
1071
1290
1266
1331
1385
1320
1476
1278
1447
1230
1312
1185
1180
1153
1091
1219
905
1254
1241
1339
1286
1393
1409
1387
1502
1324
1446
1271
1260
1254
1188
1192
1023
1214
945
1285
1134
1419
1306
1382
1438
1362
1545
1327
1462
1245
1281
1193
1203
1170
1056
1252
825
1311
1225
1369
1295
1382
1425
1349
1519
1278
1451
1226
1241
1155
1113
1201
952
1161
868
1302
1220
1343
1284
1361
1409
1323
1472
1253
1439
1212
1254
1166
1132
1173
1028
1250
949
1337
1207
1385
1371
1365
1511
1334
1529
1255
1547
1224
1355
1162
1220
1143
1085
1255
982
1333
1322
1361
1431
1354
1536
1316
1434
1228
1542
1143
1320
1098
1194
1170
939
1164
863
1293
1242
1332
1336
1324
1446
1297
1406
1204
1398
1134
1182
1152
991
1132
880
1241
786
1336
1164
1372
1286
1363
1420
1353
1384
1246
1399
1176
1127
1180
1018
1252
850
1237
903
1404
1239
1426
1362
1402
1519
1363
1460
1308
1473
1193
1234
1243
1090
1264
860
1305
1116
1406
1282
1414
1388
1378
1474
1327
1448
1243
1409
1206
1148
1189
1034
1229
807
1272
1131
1365
1249
1374
1407
1331
1505
1252
1440
1190
1336
1163
1185
1130
940
1131
867
1190
1183
1335
1309
1345
1442
1309
1562
1212
1522
1177
1405
1070
1177
1153
1093
1214
908
1241
1286
1362
1425
1361
1577
1344
1686
1246
1619
1203
1437
1134
1230
1173
1101
1245
905
1308
1289
1399
1387
1404
1510
1361
1570
1282
1491
1235
1307
1196
1128
1223
888
1203
814
1253
1168
1352
1298
1385
1423
1340
1468
1240
1412
1191
1208
1105
976
1194
800
1167
745
1265
1204
1369
1269
1351
1418
1283
1433
1211
1435
1174
1209
1130
1063
1132
905
1237
817
1244
1235
1403
1360
1378
1511
1338
1523
1220
1487
1215
1223
1142
1085
1148
930
1301
771
1349
1230
1420
1358
1409
1459
1341
1447
1248
1438
1212
1196
1209
952
1204
848
1241
792
1370
1238
1394
1380
1370
1545
1305
1517
1235
1515
1189
1223
1194
1070
1156
958
1261
904
1349
1355
1396
1499
1368
1650
1305
1586
1216
1576
1149
1272
1122
1143
1211
942
1225
843
1347
1360
1398
1487
1348
1613
1279
1493
1196
1501
1142
1200
1167
960
1148
862
1271
787
1371
1270
1314
1417
1342
1562
1271
1492
1194
1451
1131
1156
1115
919
1182
839
1250
789
1374
1285
1381
1470
1339
1591
1257
1506
1193
1472
1158
1193
1172
1007
1246
813
1231
929
1376
1324
1386
1460
1328
1597
1243
1477
1178
1375
1135
1014
1124
857
1146
749
1300
1003
1414
1236
1395
1378
1343
1503
1261
1395
1221
1310
1142
1029
1185
789
1250
754
1313
1062
1437
1276
1414
1448
1369
1561
1280
1484
1227
1303
1140
1088
1246
916
1277
803
1282
1215
1415
1366
1379
1543
1313
1601
1176
1551
1157
1322
1138
1056
1177
943
1216
825
1274
1264
1375
1406
1355
1565
1282
1579
1205
1536
1174
1264
1177
1121
1135
955
1267
801
1297
1274
1387
1433
1368
1590
1306
1573
1209
1556
1169
1288
1119
1093
1192
913
1249
872
1307
1301
1412
1435
1377
1558
1315
1517
1224
1485
1192
1202
1152
977
1175
836
1293
758
1356
1212
1416
1357
1373
1515
1305
1444
1224
1445
1163
1176
1110
993
1215
744
1249
687
1373
1214
1394
1372
1353
1537
1282
1483
1192
1469
1129
1202
1134
953
1181
858
1258
773
1379
1285
1381
1441
1347
1588
1259
1523
1180
1495
1154
1187
1113
965
1168
873
1291
770
1393
1296
1395
1444
1332
1602
1251
1484
1181
1469
1104
1183
1162
994
1196
775
1286
998
1371
1306
1387
1455
1338
1595
1232
1525
1175
1426
1094
1094
1161
955
1254
740
1334
1077
1431
1265
1428
1423
1364
1558
1279
1467
1233
1275
1234
1040
1234
887
1318
690
1363
1094
1462
1228
1404
1407
1364
1531
1248
1471
1173
1237
1121
980
1210
894
1236
765
1297
1190
1384
1350
1363
1521
1299
1601
1193
1579
1150
1322
1142
1176
1109
1004
1235
840
1244
1282
1358
1419
1339
1597
1270
1611
1227
1617
1135
1376
1145
1175
1174
909
1182
834
1275
1267
1383
1403
1336
1564
1238
1330
1246
1743
1148
1236
1107
1048
1177
898
1252
767
1372
1229
1409
1354
1380
1507
1317
1247
1242
1619
1155
1182
1118
975
1167
851
1273
681
1408
1166
1438
1288
1379
1473
1248
1504
1252
1520
1108
1096
1137
857
1182
733
1279
610
1411
1067
1431
1213
1378
1096
1253
1403
1246
1456
1119
1040
1132
851
1197
644
1300
980
1423
1118
1431
1256
1375
1258
1200
1531
1249
1350
1203
1224
1182
989
1258
881
1294
1228
1422
1327
1427
1492
1352
1279
1223
1716
1219
1691
1154
1390
1164
1175
1190
998
1331
1402
1377
1493
1359
1631
1264
1447
1179
1899
1194
1504
1115
1290
1100
1087
1200
917
1330
1265
1377
1330
1367
1452
1260
1205
1202
1703
1195
1336
1079
1132
1165
928
1185
789
1357
1130
1405
1209
1393
1345
1247
1136
1204
1649
1232
1258
1125
1101
1197
880
1220
1107
1395
1131
1415
1163
1394
1381
1221
1190
1205
1657
1220
1238
1114
1067
1215
852
1227
933
1393
1068
1428
1156
1392
950
1285
1061
1223
1566
1218
1152
1163
886
1190
742
1249
1025
1388
1037
1417
1143
1382
1090
1241
1130
1203
1645
1202
1249
1186
1060
1168
938
1249
1202
1461
1258
1433
1384
1392
1219
1259
1368
1251
1873
1132
1378
1132
1239
1188
997
1298
1349
1387
1335
1381
1443
1336
1206
1166
1419
1176
1821
1081
1296
1063
1155
1135
935
1312
1237
1381
1243
1381
1361
1276
1188
1231
1257
1211
1733
1105
1246
1168
989
1168
966
1347
1139
1399
1181
1397
1286
1287
1076
1235
1519
1225
1415
1167
1151
1151
953
1254
806
1374
1129
1423
1160
1420
1287
1315
1111
1233
1510
1240
1577
1157
1078
1180
914
1269
1120
1381
1102
1434
1159
1412
1314
1326
1095
1247
1651
1247
1299
1163
1123
1184
1019
1280
1059
1389
1227
1427
1303
1414
1117
1214
1274
1225
1800
1221
1498
1150
1220
1170
1049
1231
1292
1374
1268
1402
1312
1380
1166
1277
1291
1215
1735
1183
1318
1117
1209
1128
954
1190
1193
1366
1141
1413
1217
1377
955
1281
1123
1234
1645
1246
1206
1158
966
1210
830
1321
1067
1373
1051
1359
1132
1337
929
1265
1089
1189
1640
1193
1217
1132
1041
1127
824
1307
1131
1391
1143
1416
1240
1365
1019
1252
1251
1212
1776
1221
1274
1118
1122
1213
1151
1342
1259
1408
1252
1469
1347
1342
1155
1262
1332
1236
1794
1156
1310
1116
1113
1208
1247
1346
1216
1419
1215
1441
1310
1287
1095
1236
1331
1285
1798
1219
1293
1176
1095
1255
1316
1392
1300
1442
1260
1427
1063
1330
1235
1172
1739
1217
1884
1105
1356
1128
1205
1134
1389
1307
1308
1325
1312
1336
1079
1197
1202
1168
1561
1175
1565
1102
1116
1135
935
1262
1144
1325
1095
1367
1100
1355
772
1263
943
1155
1393
1208
1450
1163
930
1200
807
1294
938
1365
1032
1404
1079
1381
853
1218
993
1151
1500
1167
1165
1130
972
1171
862
1305
1094
1364
1108
1401
1165
1359
929
1295
1026
1234
1565
1238
1215
1137
1096
1259
1169
1346
1267
1441
1282
1468
1335
1419
1092
1287
1235
1226
1721
1250
1266
1181
1120
1232
1048
1363
1329
1420
1339
1385
1344
1366
1126
1238
1263
1233
1838
1227
1411
1150
1277
1168
1495
1313
1429
1402
1427
1407
1467
1280
1178
1203
1359
1189
1809
1223
1346
1134
1178
1243
1444
1319
1402
1384
1377
1424
1449
1264
1164
1174
1340
1166
1702
1080
1174
1035
1057
1156
1259
1248
1229
1320
1165
1329
878
1200
952
1144
1057
1178
1478
1078
1029
1139
905
1191
954
1359
1137
1406
1143
1407
957
1259
932
1220
1309
1247
1357
1193
978
1163
920
1283
1194
1392
1220
1437
1259
1438
969
1307
1087
1257
1510
1252
1517
1170
1109
1207
999
1297
1176
1382
1282
1422
1282
1387
918
1278
1019
1148
1409
1225
1298
1177
990
1199
920
1332
1158
1447
1281
1438
1341
1371
1099
1310
1109
1197
1644
1183
1297
1144
1113
1116
1268
1278
1382
1331
1419
1338
1449
1282
1110
1131
1263
1082
1660
1142
1311
1095
1177
1123
1334
1223
1368
1347
1358
1388
1364
1320
1011
1220
1086
1242
1548
1227
1059
1122
951
1164
1239
1308
1247
1386
1251
1372
1295
1269
962
1199
1088
1235
1504
1214
1010
1147
982
1236
1275
1343
1295
1439
1334
1472
1111
1382
1133
1334
1297
1306
1715
1273
1268
1181
1173
1304
1180
1336
1432
1396
1426
1395
1179
1244
1134
1245
1158
1229
1582
1197
1065
1108
1012
1232
1113
1316
1339
1364
1351
1362
1029
1268
1083
1222
1313
1214
1544
1158
1025
1163
961
1263
1043
1304
1240
1343
1250
1342
937
1247
902
1199
1328
1214
1259
1139
942
1171
943
1267
1204
1312
1302
1344
1363
1286
1022
1205
1068
1123
1514
1164
1349
1106
1057
1094
971
1268
1259
1333
1348
1365
1362
1279
967
1220
1065
1183
1406
1251
1175
1189
978
1245
1254
1327
1219
1413
1300
1435
1294
1384
945
1269
1003
1300
1463
1287
1067
1244
971
1258
1291
1349
1374
1439
1450
1440
1529
1315
1231
1314
1301
1237
1701
1258
1300
1129
1266
1213
1581
1255
1614
1343
1635
1346
1310
1283
1237
1208
1510
1250
1654
1164
1210
1216
1134
1232
1445
1316
1471
1412
1477
1422
1142
1334
1067
1218
1090
1252
1483
1238
997
1133
985
1118
1172
1232
1391
1272
1375
1257
1023
1149
958
1122
1039
1118
1386
1059
916
1059
869
1206
1073
1267
1286
1348
1311
1346
959
1286
827
1164
1236
1261
1333
1219
823
1235
905
1311
1039
1354
1321
1383
1322
1288
945
1267
1165
1202
1260
1247
1310
1182
912
1169
860
1335
1089
1369
1392
1401
1453
1374
1055
1246
1095
1227
1507
1286
1254
1241
1008
1244
995
1358
1340
1396
1434
1398
1434
1286
1078
1299
1237
1163
1453
1264
1126
1240
1035
1275
1347
1352
1393
1385
1547
1401
1635
1332
1218
1207
1327
1257
1673
1246
1182
1138
1154
1226
1370
1308
1511
1364
1562
1380
1564
1321
1124
1232
1103
1225
1530
1254
1078
1159
932
1222
1349
1274
1416
1340
1496
1343
1172
1239
1177
1224
1184
1221
1550
1212
1117
1147
1041
1156
1294
1247
1410
1332
1443
1331
1171
1200
1133
1215
1095
1221
1481
1209
1005
1113
982
1218
1155
1271
1387
1333
1432
1338
1103
1273
1044
1263
1046
1295
1419
1226
969
1276
881
1374
1107
1419
1355
1453
1398
1435
1026
1320
1039
1241
1436
1272
1401
1163
963
1197
966
1312
1132
1279
1405
1302
1436
1211
1064
1203
1376
1178
1358
1204
1326
1137
928
1217
969
1329
1124
1364
1359
1372
1420
1326
1014
1201
1087
1172
1487
1214
1065
1103
1036
1121
999
1248
1237
1267
1453
1273
1468
1162
1157
1193
1192
1116
1513
1235
1083
1175
965
1204
1305
1327
1372
1430
1426
1419
1533
1340
1144
1242
1215
1264
1513
1351
1071
1233
1046
1282
1343
1348
1344
1403
1474
1396
1177
1313
1114
1329
1101
1316
1555
1306
1139
1280
1078
1246
1431
1359
1530
1395
1576
1386
1229
1216
1219
1280
1170
1186
1491
1267
1043
1208
982
1197
1153
1280
1447
1346
1458
1273
1057
1209
1401
1120
1023
1227
1405
1128
917
1159
939
1184
1146
1244
1371
1291
1437
1268
1024
1128
1405
1109
1021
1194
1457
1165
991
1193
1019
1274
1219
1295
1460
1331
1471
1295
1064
1199
1300
1182
991
1241
1438
1217
968
1229
1057
1282
1200
1300
1442
1331
1458
1226
1053
1193
1249
1156
1323
1233
1203
1144
918
1212
865
1368
1065
1380
1312
1399
1336
1316
976
1300
1236
1230
1218
1308
1155
1220
895
1293
1217
1388
1214
1433
1463
1438
1495
1344
1073
1350
1128
1218
1468
1305
1098
1284
981
1247
1236
1331
1295
1358
1443
1335
1487
1211
1113
1156
1137
1162
1537
1198
1170
1144
1173
1190
1515
1251
1539
1312
1674
1296
1367
1228
1436
1209
1230
1212
1618
1226
1192
1203
1144
1190
1493
1310
1566
1347
1631
1332
1325
1229
1218
1219
1260
1172
1581
1221
1148
1207
1078
1200
1409
1302
1489
1341
1509
1326
1136
1188
1450
1208
992
1125
1382
1232
911
1192
777
1291
1045
1314
1246
1364
1265
1346
853
1220
1181
1269
825
1272
1212
1206
801
1230
749
1386
952
1369
1228
1412
1287
1305
940
1274
1214
1228
947
1271
1353
1213
954
1215
934
1355
1161
1344
1413
1372
1452
1314
1057
1195
1203
1169
1389
1220
1300
1123
1075
1182
1073
1284
1308
1301
1554
1310
1550
1173
1184
1219
1213
1103
1428
1197
1329
1148
1098
1242
1384
1312
1277
1332
1538
1359
1571
1244
1194
1287
1176
1173
1565
1267
1145
1179
1138
1265
1393
1344
1448
1392
1637
1387
1276
1250
1499
1295
1227
1158
1553
1256
1105
1198
1066
1312
1422
1331
1322
1397
1456
1371
1076
1241
1328
1274
984
1204
1338
1263
947
1197
904
1262
1220
1323
1255
1381
1339
1351
1032
1217
991
1255
930
1189
1354
1252
904
1233
954
1253
1218
1322
1403
1371
1414
1362
1093
1258
1468
1240
1098
1203
1520
1232
1119
1218
1101
1304
1297
1327
1565
1340
1612
1317
1247
1233
1536
1188
1104
1198
1529
1151
1060
1203
1084
1245
1245
1250
1518
1291
1502
1247
1040
1211
1346
1113
1041
1155
1369
1101
967
1170
949
1286
1226
1298
1399
1327
1435
1235
1051
1252
1111
1142
1315
1228
1204
1195
998
1228
967
1376
1192
1421
1436
1437
1436
1359
1005
1372
1020
1253
1219
1316
1135
1233
969
1348
1217
1363
1207
1415
1419
1404
1410
1315
994
1304
989
1146
1100
1274
1145
1250
992
1228
1359
1335
1270
1391
1447
1381
1076
1238
1417
1281
1039
1201
1466
1262
1115
1204
1094
1195
1491
1294
1509
1328
1608
1316
1294
1208
1514
1222
1234
1093
1586
1167
1227
1183
1164
1220
1375
1245
1554
1301
1624
1283
1232
1237
1580
1174
1114
1196
1537
1244
1087
1182
1129
1212
1453
1322
1482
1380
1496
1355
1022
1215
1417
1201
1010
1191
1397
1222
985
1172
925
1275
1090
1314
1356
1352
1369
1344
913
1322
1275
1214
906
1312
1290
1261
864
1337
903
1335
1173
1433
1341
1458
1373
1393
969
1343
1225
1247
977
1265
1368
1180
931
1157
950
1242
1176
1250
1400
1299
1434
1211
1064
1226
1092
1148
1012
1253
1443
1234
1087
1274
1367
1336
1332
1366
1536
1388
1550
1258
1171
1309
1168
1146
1384
1229
1306
1173
1157
1159
1241
1267
1362
1298
1577
1304
1573
1186
1197
1251
1204
1178
1210
1235
1222
1165
1103
1246
1511
1314
1337
1363
1569
1359
1231
1283
1494
1276
1099
1136
1474
1229
1129
1198
1079
1229
1379
1290
1376
1351
1472
1362
1175
1301
1387
1302
994
1219
1391
1302
1037
1254
951
1288
1306
1356
1336
1403
1419
1387
954
1269
1392
1246
935
1202
1349
1169
880
1191
932
1220
1289
1302
1342
1361
1424
1348
996
1225
1422
1195
1037
1157
1445
1243
1010
1223
1024
1275
1171
1291
1514
1340
1561
1256
1174
1283
1549
1213
1126
1177
1537
1221
1101
1174
1102
1300
1280
1304
1497
1353
1498
1299
1014
1304
1244
1226
927
1233
1352
1146
965
1156
981
1293
1192
1312
1429
1343
1415
1258
1116
1319
1174
1212
1049
1264
1401
1248
1047
1296
1350
1315
1240
1354
1503
1367
1517
1298
1275
1307
1102
1152
1339
1244
1177
1145
1122
1238
1294
1310
1337
1333
1599
1360
1611
1272
1249
1324
1141
1171
1248
1273
1195
1244
1061
1215
1390
1322
1113
1366
1437
1367
1051
1235
1398
1296
958
1151
1364
1232
959
1169
962
1226
1328
1264
1349
1348
1501
1371
1232
1341
1502
1250
1147
1209
1520
1294
1138
1226
1075
1251
1419
1342
1434
1386
1518
1378
1102
1287
1522
1246
1140
1207
1511
1154
1117
1183
1090
1173
1428
1241
1501
1313
1576
1316
1070
1207
1513
1182
1111
1158
1458
1239
1018
1195
985
1232
1158
1320
1437
1382
1479
1298
1077
1309
1438
1188
1028
1176
1389
1203
926
1161
977
1242
1171
1240
1392
1292
1426
1168
1046
1241
1273
1169
980
1215
1348
1134
981
1169
988
1318
1182
1340
1429
1375
1462
1321
1307
1240
1129
1185
1061
1242
1406
1220
982
1189
1296
1278
1348
1294
1498
1365
1508
1260
1449
1325
1110
1189
1281
1283
1094
1209
1036
1294
1186
1342
1256
1403
1492
1423
1117
1300
1497
1357
1153
1244
1169
1290
1072
1191
1058
1262
1429
1274
1260
1325
1527
1337
1194
1227
1537
1275
1146
1141
1525
1222
1135
1169
1099
1177
1461
1250
1461
1327
1607
1336
1275
1217
1564
1278
1126
1168
1512
1270
1064
1185
1078
1212
1344
1319
1376
1359
1489
1362
1102
1321
1473
1213
1088
1198
1399
1265
1025
1149
927
1293
1196
1251
1330
1333
1411
1327
1047
1238
1394
1198
909
1110
1333
1110
891
1166
889
1206
1002
1247
1325
1310
1385
1273
1007
1275
1432
1205
1024
1201
1445
1159
1043
1142
997
1298
1260
1304
1482
1362
1554
1311
1175
1333
1411
1218
1155
1300
1475
1278
1026
1298
994
1389
1251
1398
1507
1424
1528
1317
1424
1371
1365
1249
1205
1275
1527
1232
1092
1214
1349
1279
1197
1276
1514
1327
1520
1271
1459
1296
1174
1191
1354
1250
1100
1152
1039
1241
1103
1334
1291
1346
1497
1360
1166
1272
1506
1311
1093
1182
1219
1244
1093
1151
979
1139
1325
1228
1162
1278
1415
1294
1089
1188
1405
1251
1018
1197
1369
1234
986
1184
938
1224
1257
1262
1247
1290
1421
1328
1198
1254
1482
1243
1104
1179
1441
1210
1019
1133
1012
1111
1276
1248
1336
1325
1468
1330
1092
1310
1497
1256
1085
1208
1412
1294
1063
1228
984
1362
1180
1370
1380
1422
1516
1419
1163
1379
1546
1255
1198
1221
1561
1254
1056
1236
1006
1228
1202
1306
1468
1362
1510
1313
1146
1314
1558
1251
1104
1211
1498
1244
1017
1250
990
1331
1187
1325
1434
1377
1502
1329
1108
1315
1354
1170
1132
1229
1408
1125
1006
1141
942
1258
1121
1313
1346
1306
1364
1213
1331
1270
1186
1130
1046
1197
1352
1179
984
1178
1151
1252
1128
1295
1400
1347
1446
1223
1427
1311
1114
1171
1310
1273
1098
1164
1060
1262
1041
1342
1244
1349
1498
1370
1192
1283
1578
1325
1190
1183
1253
1254
1208
1211
1117
1238
1401
1267
1223
1337
1483
1348
1176
1270
1528
1316
1187
1257
1133
1307
1163
1248
1065
1276
1238
1324
1319
1389
1477
1382
1163
1294
1570
1311
1201
1227
1500
1260
1105
1197
958
1243
1307
1275
1292
1289
1417
1323
1098
1238
1517
1202
1118
1147
1459
1205
1100
1134
1000
1217
1100
1242
1324
1282
1446
1289
1087
1235
1507
1139
1127
1135
1484
1101
1033
1128
944
1161
1094
1249
1265
1312
1335
1233
968
1312
1380
1258
972
1215
1399
1277
917
1248
875
1321
1120
1336
1358
1398
1434
1380
1113
1365
1401
1276
1172
1340
1532
1242
1142
1252
1064
1355
1194
1355
1492
1403
1546
1317
1510
1342
1439
1264
1183
1280
1482
1212
1125
1244
1301
1283
1225
1315
1450
1347
1506
1233
1478
1316
1189
1208
1297
1272
1159
1214
1079
1206
995
1317
1235
1316
1412
1356
1127
1253
1504
1281
1146
1136
1168
1214
1148
1167
1019
1157
1328
1232
1182
1283
1418
1297
1089
1186
1497
1240
1103
1143
1137
1224
1048
1167
974
1161
1135
1244
1212
1304
1379
1308
1059
1257
1515
1293
1173
1216
1470
1280
1048
1223
1030
1221
1323
1315
1282
1378
1407
1370
1043
1347
1475
1284
1077
1230
1457
1295
994
1207
983
1307
1100
1311
1338
1387
1465
1373
1117
1345
1557
1295
1174
1226
1563
1278
1075
1264
998
1268
1208
1354
1397
1362
1461
1295
1077
1300
1520
1186
1149
1168
1493
1198
981
1210
940
1268
1102
1269
1313
1313
1380
1280
1066
1316
1335
1238
1136
1278
1444
1209
1121
1182
997
1327
1238
1333
1462
1374
1468
1248
1463
1314
1397
1227
1159
1229
1407
1173
1057
1181
1017
1271
1173
1264
1436
1292
1490
1211
1475
1275
1158
1155
1380
1266
1125
1192
1059
1208
953
1331
1126
1326
1342
1322
1051
1249
1447
1278
1164
1186
1091
1225
1145
1197
1068
1228
1334
1228
1155
1316
1445
1331
1165
1252
1551
1294
1176
1179
1223
1306
1207
1243
1038
1269
1354
1305
1242
1344
1434
1348
1071
1329
1530
1285
1159
1223
1493
1264
1084
1189
951
1208
1291
1310
1250
1360
1363
1363
1052
1349
1475
1280
1147
1256
1456
1294
1041
1300
1015
1241
1092
1266
1270
1333
1366
1280
985
1321
1472
1249
1090
1201
1473
1285
995
1252
908
1318
999
1335
1287
1389
1390
1280
1013
1325
1456
1227
1084
1165
1495
1223
1021
1216
994
1258
1180
1239
1376
1285
1440
1223
1144
1274
1430
1215
1175
1254
1505
1181
1195
1206
1005
1333
1270
1331
1476
1372
1484
1243
1499
1321
1373
1227
1177
1268
1429
1175
1130
1254
1152
1283
1242
1323
1442
1362
1471
1248
1470
1329
1192
1233
1172
1285
1304
1197
1038
1253
1359
1286
1131
1314
1409
1321
1055
1182
1492
1230
1206
1156
1232
1185
1199
1163
1089
1178
1367
1208
1168
1277
1408
1293
1134
1197
1476
1268
1125
1160
1052
1266
1109
1238
924
1264
1182
1335
1125
1365
1286
1357
888
1307
1400
1312
1003
1216
1417
1294
1043
1273
977
1239
1293
1336
1296
1368
1430
1373
1117
1320
1548
1308
1172
1200
1525
1281
1148
1215
1036
1324
1128
1313
1286
1371
1398
1321
1054
1354
1526
1310
1110
1263
1526
1256
1062
1287
978
1239
1101
1330
1307
1365
1340
1312
978
1314
1406
1234
1041
1150
1437
1195
989
1207
940
1269
1079
1251
1309
1299
1363
1260
1095
1251
1331
1157
1124
1204
1477
1167
1097
1194
1090
1240
1217
1261
1473
1277
1514
1197
1492
1236
1405
1115
1274
1196
1524
1183
1219
1180
1142
1316
1286
1334
1514
1365
1552
1246
1557
1340
1230
1207
1256
1293
1429
1263
1106
1250
1383
1335
1146
1361
1405
1378
1039
1244
1439
1313
1102
1188
1121
1265
1114
1235
1011
1212
1301
1284
1063
1353
1358
1360
1075
1273
1448
1307
1069
1202
1070
1288
1075
1201
944
1235
1218
1299
1050
1349
1220
1335
833
1306
1339
1297
949
1142
1326
1270
908
1241
860
1222
1165
1312
1132
1375
1322
1378
918
1351
1413
1298
1067
1244
1443
1287
1029
1243
999
1293
1140
1278
1327
1313
1491
1230
1174
1289
1661
1210
1303
1184
1704
1173
1275
1211
1128
1188
1382
1273
1490
1298
1538
1271
1175
1266
1581
1209
1208
1120
1601
1157
1163
1182
1106
1274
1221
1254
1413
1327
1455
1261
1126
1311
1521
1296
1532
1286
1327
1245
1082
1221
1044
1289
933
1321
951
1356
1385
1362
1406
1319
1413
1297
1259
1258
1222
1256
1162
1281
958
1298
845
1291
889
1251
964
1239
1389
1279
1461
1242
1421
1219
1410
1192
1166
1206
1120
1235
1091
1235
873
1179
948
1186
1002
1216
1002
1236
1471
1269
1436
1310
1372
1343
1187
1351
1154
1362
1199
1379
1134
1363
1173
1334
1240
1235
1252
1266
1614
1318
1569
1332
1462
1349
1379
1325
1232
1309
1286
1295
1344
1204
1201
1178
1178
1189
1147
1243
1066
1312
1410
1341
1355
1344
1300
1321
1225
1267
1261
1222
1277
1197
1105
1185
994
1138
959
1202
885
1240
1225
1310
1317
1307
1293
1282
1317
1235
1181
1235
1187
1240
1155
1228
906
1271
914
1308
857
1257
883
1330
1449
1306
1445
1273
1456
1198
1297
1224
1244
1238
1175
1263
1030
1291
1002
1241
1102
1278
1166
1254
1602
1264
1668
1258
1626
1255
1561
1236
1358
1255
1327
1270
1321
1266
1193
1260
1228
1229
1263
1157
1242
1255
1643
1287
1569
1332
1459
1374
1270
1372
1253
1376
1310
1369
1211
1330
1215
1297
1216
1207
1179
1246
1509
1310
1457
1310
1402
1321
1329
1295
1192
1241
1232
1245
1242
1159
1048
1178
1083
1224
953
1266
881
1342
1298
1368
1276
1354
1302
1322
1193
1265
1153
1229
1179
1209
923
1148
909
1211
752
1228
712
1210
1162
1343
1227
1348
1259
1295
1274
1254
1132
1245
1075
1266
996
1234
799
1241
770
1247
814
1279
924
1290
1447
1248
1502
1225
1490
1215
1321
1190
1246
1218
1212
1262
1046
1211
1087
1215
1192
1281
1201
1200
1674
1300
1718
1322
1672
1370
1597
1359
1392
1355
1391
1347
1461
1308
1313
1267
1409
1229
1321
1198
1302
1232
1638
1265
1558
1264
1462
1294
1300
1264
1305
1257
1372
1225
1275
1184
1273
1143
1196
1159
1071
1146
1342
1266
1376
1290
1308
1284
1334
1241
1212
1221
1231
1231
1221
1184
1029
1221
938
1262
768
1248
762
1342
1154
1400
1182
1400
1221
1367
1162
1275
1135
1280
1122
1261
932
1187
849
1250
761
1196
792
1199
1130
1246
1248
1197
1275
1171
1254
1141
1061
1150
1011
1164
983
1157
834
1220
863
1206
879
1146
1026
1173
1481
1164
1499
1151
1423
1173
1285
1208
1087
1280
1089
1358
985
1369
1062
1443
1204
1342
1385
1349
1692
1420
1822
1412
1737
1415
1598
1427
1365
1448
1358
1483
1437
1442
1421
1409
1484
1349
1604
1302
1534
1242
1828
1237
1642
1223
1426
1249
1242
1270
1075
1352
1083
1415
1055
1363
1079
1367
1087
1287
1095
1195
970
1197
1262
1151
1105
1149
1029
1206
873
1263
925
1386
1033
1436
958
1394
1061
1393
1016
1214
1003
1091
1414
1110
1410
1048
1359
1103
1412
1172
1328
1300
1462
1393
1577
1416
1472
1377
1500
1209
1461
992
1353
970
1678
927
1555
956
1454
1093
1244
1242
1245
1412
1324
1498
1293
1514
1321
1348
1258
1139
1217
978
1509
996
1401
1016
1241
1122
1134
1264
936
1418
982
1535
1096
1484
1013
1393
1077
1257
1114
1124
947
1105
1240
1073
1059
1177
915
1309
726
1411
789
1537
934
1573
954
1510
1064
1366
1074
1220
991
1118
1186
1049
1111
1099
975
1161
931
1321
845
1424
1034
1510
1233
1499
1233
1429
1199
1303
1188
1152
1007
1054
1263
1052
1156
1069
1133
1169
1163
1286
1239
1416
1507
1496
1567
1438
1629
1366
1542
1237
1420
1103
1266
1090
1463
1100
1412
1194
1418
1344
1397
1473
1579
1581
1761
1589
1712
1469
1694
1281
1553
1149
1390
987
1591
1039
1467
1113
1377
1263
1367
1403
1273
1536
1449
1576
1547
1439
1495
1343
1405
1150
1226
956
1039
984
1251
1035
1108
1160
1016
1308
921
1409
1005
1483
1156
1459
1150
1296
1157
1246
1127
1097
1051
1056
1237
1146
1169
1226
1098
1350
1088
1468
1054
1531
1250
1541
1459
1445
1418
1342
1529
1238
1372
1051
1231
1053
1445
1108
1287
1170
1189
1271
1190
1376
1129
1447
1287
1477
1353
1443
1274
1341
1291
1224
1113
1102
962
1116
1201
1128
1081
1203
1056
1312
941
1411
1082
1498
1258
1527
1190
1372
1284
1267
1205
1161
1055
994
1314
1090
1210
1135
1134
1251
1111
1344
1074
1424
1223
1467
1378
1416
1333
1253
1354
1105
1252
1010
1108
985
1395
1022
1253
1134
1155
1277
1079
1372
1184
1463
1368
1474
1387
1364
1449
1300
1442
1119
1378
1076
1507
1124
1398
1194
1262
1259
1221
1363
1196
1435
1363
1488
1579
1488
1572
1420
1628
1270
1514
1240
1332
1177
1451
1214
1269
1275
1160
1346
1177
1395
1188
1471
1431
1492
1591
1441
1515
1333
1415
1186
1153
1013
852
1047
1057
1075
918
1154
909
1266
895
1366
1094
1446
1307
1476
1284
1379
1260
1218
1113
1136
853
960
1012
1066
940
1139
905
1232
990
1343
1023
1426
1275
1462
1440
1419
1330
1288
1356
1136
1154
1015
1015
944
1242
1091
1119
1197
1047
1322
1122
1420
1165
1477
1406
1420
1522
1278
1430
1167
1357
1084
1146
1008
952
1083
1175
1161
1062
1278
1050
1412
1036
1480
1271
1515
1529
1483
1542
1393
1585
1236
1373
1115
1163
1090
1302
1180
1155
1259
1056
1377
1112
1468
1175
1532
1464
1546
1722
1466
1681
1383
1591
1182
1341
1145
1042
1118
1182
1214
1015
1300
1035
1415
1152
1487
1366
1521
1711
1480
1805
1305
1603
1161
1461
1048
1083
945
887
989
1037
1070
987
1198
1114
1336
1227
1422
1527
1443
1763
1374
1699
1198
1555
1031
1290
976
937
882
1107
1049
1021
1175
1042
1312
1190
1439
1272
1489
1527
1474
1660
1360
1432
1228
1278
1064
963
1025
729
1058
911
1175
853
1298
941
1413
1055
1489
1237
1453
1466
1397
1582
1221
1325
1086
1140
1036
851
1034
597
1119
888
1222
901
1360
1033
1467
1142
1507
1422
1490
1620
1433
1486
1275
1337
1123
1092
1089
797
1008
915
1188
899
1286
969
1399
1164
1470
1290
1489
1580
1437
1647
1324
1476
1142
1211
1064
923
961
628
1001
937
1184
972
1346
1150
1396
1416
1430
1581
1407
1753
1279
1770
1120
1422
1007
1180
949
731
937
608
1067
997
1217
1097
1358
1322
1470
1467
1474
1695
1446
1796
1310
1595
1209
1314
1117
958
1021
818
1075
974
1263
1081
1386
1216
1496
1439
1509
1549
1486
1724
1415
1765
1294
1454
1142
1271
1078
947
1028
715
1081
1055
1290
1112
1386
1267
1464
1480
1464
1558
1415
1742
1335
1678
1194
1359
1102
1118
1058
780
1008
651
1171
954
1294
1039
1408
1238
1505
1361
1506
1490
1470
1569
1357
1488
1221
1100
1091
918
1079
640
1119
635
1236
961
1357
1110
1439
1310
1521
1353
1485
1481
1393
1512
1262
1248
1062
1010
1052
825
973
723
1078
1045
1234
1160
1342
1318
1425
1488
1464
1504
1367
1573
1270
1595
1107
1288
957
1095
1007
875
961
746
1059
1185
1269
1275
1386
1408
1470
1562
1450
1570
1414
1647
1308
1615
1184
1371
1097
1169
1060
796
1034
785
1182
1163
1301
1236
1386
1376
1472
1430
1451
1564
1398
1636
1298
1465
1109
1232
1095
960
1000
794
1044
686
1256
1051
1363
1174
1477
1385
1538
1439
1507
1588
1391
1588
1269
1274
1073
976
1054
714
995
551
1120
869
1302
993
1429
1250
1542
1463
1546
1542
1438
1626
1348
1541
1222
1131
1062
847
986
703
1014
585
1089
1058
1319
1248
1447
1482
1514
1674
1466
1689
1380
1710
1272
1601
1101
1269
1028
1050
1018
817
1099
794
1242
1272
1381
1417
1485
1600
1531
1619
1472
1670
1378
1602
1253
1433
1102
1093
1063
788
1041
674
1059
586
1310
1082
1443
1177
1554
1410
1576
1433
1493
1512
1355
1470
1224
1161
1035
908
980
689
1014
503
1093
913
1278
1134
1430
1351
1530
1584
1524
1611
1416
1623
1269
1476
1118
1078
998
765
959
620
963
565
1136
1108
1399
1353
1530
1609
1599
1808
1546
1749
1418
1675
1252
1462
1072
1027
982
819
990
756
1134
754
1343
1395
1537
1562
1638
1862
1657
1957
1542
1863
1382
1741
1198
1527
1054
1099
944
938
972
967
1118
994
1343
1542
1490
1711
1564
1839
1551
1762
1409
1675
1257
1521
1100
1208
1002
854
931
747
1035
609
1160
889
1367
1222
1511
1393
1561
1535
1512
1427
1361
1380
1198
1205
1049
812
878
564
903
398
1022
342
1161
902
1392
1201
1542
1484
1586
1673
1497
1563
1334
1427
1135
1173
1012
745
931
473
927
451
1090
573
1292
1200
1502
1514
1597
1775
1590
1874
1438
1673
1260
1465
1102
1165
1017
793
973
642
1024
731
1223
900
1483
1522
1592
1777
1671
1927
1604
1902
1419
1663
1245
1443
1104
1207
991
846
972
804
1065
917
1274
1002
1451
1668
1542
1845
1563
1941
1476
1803
1303
1639
1149
1419
1033
1214
912
808
960
759
1087
718
1267
910
1457
1449
1537
1628
1534
1733
1422
1572
1258
1403
1097
1176
976
815
936
531
943
519
1120
497
1296
1018
1506
1385
1590
1647
1573
1757
1467
1540
1269
1330
1127
1046
1025
629
1061
492
1037
513
1259
726
1388
1355
1638
1686
1678
1924
1603
1940
1429
1633
1230
1375
1074
1100
1003
775
1013
741
1117
794
1301
996
1432
1711
1649
1939
1641
2045
1533
1960
1346
1624
1171
1374
1050
1099
1012
802
1040
759
1171
885
1297
1050
1454
1676
1589
1823
1565
1865
1431
1775
1246
1439
1096
1211
997
982
927
665
981
579
1107
734
1296
852
1459
1525
1516
1733
1472
1774
1327
1642
1148
1291
1010
1000
930
745
921
389
939
382
1103
636
1295
852
1487
1634
1551
1845
1479
1858
1355
1564
1160
1199
1029
911
967
682
951
532
1075
587
1215
952
1405
1379
1612
1957
1620
2077
1534
1958
1414
1541
1209
1166
1083
895
1046
729
1101
633
1204
935
1392
1181
1549
1831
1655
2054
1620
2077
1490
1901
1340
1448
1148
1144
1080
955
1025
745
1139
809
1195
980
1368
1281
1475
1806
1636
1888
1599
1874
1440
1661
1266
1244
1084
974
989
802
974
563
1069
645
1203
795
1332
1034
1457
1680
1556
1769
1486
1717
1331
1448
1163
1033
1008
758
933
578
952
337
1016
482
1185
778
1382
1138
1481
1757
1538
1864
1448
1766
1279
1488
1128
998
984
716
939
599
991
495
1131
609
1282
1043
1429
1374
1550
1984
1580
1959
1492
1749
1310
1424
1147
969
1016
803
994
802
1072
803
1205
1099
1345
1445
1550
1688
1640
2107
1582
2054
1456
1779
1288
1488
1106
1110
1006
1008
1007
1042
1079
988
1273
1264
1412
1453
1568
1647
1636
1924
1558
1916
1417
1688
1208
1414
1078
1048
972
922
1003
883
1055
767
1212
1031
1422
1207
1464
1384
1611
1725
1473
1687
1348
1510
1185
1157
1035
765
978
643
1000
657
1116
655
1241
901
1397
1238
1563
1346
1580
1685
1478
1570
1311
1250
1156
973
991
571
951
546
998
702
1086
873
1333
1198
1448
1436
1507
1565
1542
1718
1404
1517
1253
1217
1078
967
980
722
967
814
1049
1040
1173
1163
1370
1465
1531
1555
1586
1737
1566
1690
1427
1505
1278
1311
1112
1108
997
934
955
1042
1079
1201
1172
1259
1381
1432
1468
1542
1469
1818
1468
1606
1360
1500
1200
1284
1040
1084
956
867
963
898
1056
1052
1161
1062
1301
1255
1422
1431
1457
1696
1420
1575
1313
1401
1164
1142
1031
936
921
712
965
767
1077
943
1185
1007
1378
1331
1511
1371
1530
1700
1493
1447
1312
1229
1173
978
1055
821
986
711
1034
895
1176
1065
1300
1296
1515
1536
1607
1522
1595
1744
1514
1441
1370
1242
1230
1037
1123
985
1051
971
1113
1181
1246
1411
1388
1522
1573
1597
1603
1541
1561
1663
1525
1460
1363
1266
1234
1130
1120
1089
1064
1048
1098
1219
1228
1345
1384
1417
1454
1416
1494
1412
1460
1563
1393
1308
1235
1185
1083
1043
976
1010
925
923
974
1100
1127
1238
1262
1317
1412
1332
1428
1318
1381
1447
1333
1207
1172
1050
1015
920
923
859
907
867
983
1088
1150
1277
1334
1399
1498
1420
1499
1345
1434
1393
1371
1153
1203
1016
1062
955
988
1015
999
1042
1089
1313
1270
1497
1432
1494
1582
1496
1587
1303
1472
1183
1382
1115
1215
1085
1082
1141
1005
1256
1020
1319
1121
1529
1279
1539
1488
1549
1516
1454
1565
1256
1484
1221
1348
1153
1181
1136
1075
1190
1004
1283
1035
1275
1136
1416
1316
1472
1474
1434
1552
1329
1547
1225
1489
1187
1347
1131
1166
1127
1066
1120
997
1193
1049
1177
1169
1319
1371
1447
1558
1349
1672
1275
1636
1087
1470
1042
1293
986
1106
940
957
1005
933
1125
989
1209
1132
1377
1331
1505
1479
1352
1504
1224
1458
1052
1357
936
1173
905
1005
973
909
1092
928
1289
1019
1384
1182
1529
1398
1610
1558
1420
1609
1237
1529
1045
1429
984
1246
1048
1118
1173
1018
1352
1026
1495
1128
1578
1278
1573
1482
1564
1618
1297
1645
1189
1585
955
1397
947
1226
1057
1067
1196
973
1318
951
1441
1040
1515
1212
1455
1382
1475
1496
1217
1564
1161
1415
1077
1292
1028
1109
1085
938
1167
885
1285
911
1426
1051
1543
1235
1495
1488
1554
1605
1273
1626
1221
1536
979
1357
909
1174
1010
1056
1093
1000
1314
1052
1482
1205
1621
1386
1597
1601
1550
1711
1279
1626
1035
1541
844
1315
848
1163
867
1012
1123
965
1377
1034
1553
1179
1652
1373
1547
1534
1459
1651
1157
1563
958
1479
885
1321
950
1113
1037
991
1261
929
1492
999
1591
1155
1632
1357
1471
1521
1368
1639
1130
1548
995
1454
874
1241
985
1067
1115
941
1291
899
1377
969
1512
1145
1518
1343
1475
1508
1311
1614
1217
1561
1031
1413
911
1156
918
988
1136
868
1232
837
1418
968
1512
1126
1555
1387
1420
1547
1337
1617
1246
1558
934
1338
848
1172
943
974
1045
901
1276
911
1483
1027
1624
1227
1630
1431
1533
1616
1324
1629
1202
1544
970
1352
903
1189
946
1023
1132
949
1381
974
1580
1103
1646
1289
1603
1485
1487
1609
1233
1650
1138
1568
945
1384
939
1184
984
1028
1192
941
1308
986
1432
1114
1448
1300
1434
1497
1357
1636
1149
1656
1121
1576
965
1326
1002
1167
995
1016
1081
951
1206
1003
1272
1134
1363
1311
1385
1515
1369
1642
1276
1638
1178
1559
1059
1368
1012
1165
952
978
1044
938
1238
981
1385
1132
1509
1316
1506
1493
1496
1599
1389
1577
1251
1468
1193
1266
1152
1105
1002
931
1159
902
1347
968
1505
1149
1519
1303
1511
1460
1455
1565
1349
1548
1198
1436
1196
1250
1021
1112
1166
977
1173
928
1290
986
1356
1118
1461
1299
1369
1458
1319
1544
1287
1539
1185
1439
1190
1272
1068
1129
1073
996
1147
965
1160
1025
1248
1121
1316
1307
1290
1479
1335
1539
1308
1529
1243
1420
1195
1262
1052
1084
1076
967
1029
955
1097
1004
1187
1122
1203
1287
1309
1429
1357
1497
1349
1494
1254
1397
1148
1242
1146
1108
1093
1031
1019
1004
1151
1077
1230
1188
1468
1353
1364
1485
1377
1559
1349
1522
1321
1461
1219
1331
1251
1197
1221
1111
1222
1092
1245
1159
1257
1273
1323
1412
1329
1504
1326
1552
1368
1531
1318
1429
1298
1308
1298
1191
1188
1112
1168
1092
1191
1101
1111
1223
1104
1293
1213
1387
1309
1440
1330
1433
1354
1364
1299
1256
1214
1172
1064
1092
1082
1015
1024
1071
1039
1150
1099
1220
1155
1309
1245
1371
1258
1384
1271
1330
1276
1257
1125
1154
1143
1071
1043
1034
1083
1034
1062
1112
1137
1192
1220
1272
1244
1340
1295
1349
1311
1344
1315
1267
1330
1179
1335
1114
1289
1092
1223
1121
1178
1153
1204
1237
1214
1314
1292
1397
1344
1432
1397
1417
1466
1365
1481
1294
1455
1235
1312
1193
1342
1190
1115
1189
1142
1268
1146
1357
1272
1440
1322
1446
1415
1443
1453
1391
1413
1330
1335
1264
1206
1210
1135
1194
1012
1205
948
1166
989
1261
1146
1320
1216
1361
1260
1393
1275
1384
1215
1327
1211
1268
1141
1209
1066
1183
1020
1135
1026
1196
966
1260
1050
1311
1128
1371
1201
1413
1243
1381
1292
1314
1313
1238
1298
1186
1151
1146
1095
1160
1104
1154
1072
1201
1054
1261
1176
1309
1309
1310
1410
1320
1541
1293
1540
1247
1481
1218
1333
1182
1234
1166
1105
1176
1090
1195
1127
1233
1298
1298
1444
1314
1579
1336
1605
1314
1606
1305
1440
1268
1326
1239
1096
1200
1078
1156
1029
1188
1073
1229
1167
1279
1233
1326
1404
1355
1436
1361
1399
1307
1375
1256
1248
1187
1144
1121
1059
1134
958
1112
948
1165
995
1222
1126
1242
1295
1317
1344
1329
1408
1303
1378
1240
1284
1208
1088
1168
1021
1168
944
1121
895
1177
997
1238
1130
1279
1371
1329
1493
1352
1547
1351
1484
1327
1314
1305
1127
1268
951
1231
890
1172
929
1222
1033
1243
1217
1303
1416
1355
1567
1411
1578
1445
1505
1425
1388
1395
1205
1350
1043
1280
961
1241
1061
1220
1136
1243
1302
1296
1454
1370
1532
1415
1591
1453
1498
1437
1399
1358
1328
1290
1094
1213
981
1167
983
1147
1057
1165
1212
1230
1312
1347
1528
1355
1541
1386
1502
1366
1381
1330
1245
1243
1008
1181
883
1154
862
1111
913
1112
1086
1139
1297
1198
1484
1250
1564
1298
1508
1310
1321
1322
1150
1307
1030
1205
890
1150
878
1089
1024
1076
1209
1104
1458
1151
1635
1222
1624
1330
1558
1345
1333
1340
1201
1278
1062
1209
990
1135
1054
1081
1192
1080
1381
1113
1509
1203
1622
1312
1588
1406
1461
1461
1291
1474
1122
1424
1025
1375
1052
1258
1032
1219
1183
1197
1283
1221
1416
1297
1502
1380
1481
1443
1315
1497
1230
1471
1060
1459
934
1393
920
1289
975
1201
1049
1138
1250
1131
1376
1166
1456
1232
1431
1305
1337
1373
1146
1407
953
1403
894
1322
840
1260
939
1075
1136
1080
1321
1060
1478
1103
1559
1148
1450
1301
1318
1396
1105
1462
969
1440
861
1373
881
1286
1019
1181
1278
1092
1485
1066
1630
1113
1610
1203
1548
1306
1355
1396
1176
1449
998
1429
930
1361
1043
1236
1215
1126
1440
1045
1583
986
1692
1056
1660
1148
1575
1233
1359
1335
1180
1404
1056
1430
877
1409
986
1366
1137
1237
1308
1184
1493
1143
1624
1148
1675
1200
1602
1293
1361
1409
1116
1483
916
1522
807
1479
869
1392
927
1277
1137
1155
1389
1086
1542
1040
1579
1105
1519
1185
1241
1332
935
1404
722
1450
646
1417
653
1339
917
1176
1211
1078
1413
1039
1605
1011
1606
1062
1521
1163
1257
1293
1004
1378
830
1438
805
1439
901
1351
1070
1267
1345
1191
1562
1147
1722
1127
1720
1175
1616
1277
1442
1335
1217
1424
1013
1525
878
1530
902
1419
1080
1323
1279
1239
1517
1163
1679
1126
1743
1159
1642
1203
1470
1299
1227
1368
954
1446
798
1472
711
1448
785
1356
1063
1256
1364
1173
1629
1120
1707
1111
1664
1153
1483
1255
1186
1357
931
1421
764
1458
691
1431
820
1348
1011
1243
1323
1144
1568
1096
1680
1072
1660
1106
1477
1185
1264
1292
943
1334
805
1338
768
1327
933
1241
989
1182
1271
1097
1471
1046
1605
1037
1628
1060
1556
1126
1356
1205
1139
1274
1021
1314
922
1317
814
1293
973
1223
1228
1175
1410
1134
1589
1104
1716
1071
1703
1187
1557
1267
1350
1349
1150
1420
946
1446
908
1441
1038
1370
1103
1312
1295
1237
1555
1198
1621
1184
1654
1214
1519
1284
1307
1361
1026
1435
871
1435
823
1425
795
1396
897
1322
1097
1250
1342
1228
1388
1225
1444
1191
1393
1290
1262
1336
1085
1395
929
1419
836
1423
705
1412
896
1331
974
1266
1130
1190
1293
1143
1396
1169
1387
1175
1401
1216
1291
1241
1154
1289
1034
1285
943
1289
925
1263
1007
1210
1183
1151
1363
1120
1488
1115
1593
1124
1653
1150
1583
1191
1431
1224
1253
1270
1103
1291
1059
1282
1087
1255
1227
1205
1406
1179
1591
1165
1678
1187
1702
1208
1655
1253
1522
1302
1328
1357
1182
1344
1068
1353
1040
1335
1099
1294
1210
1233
1326
1219
1387
1213
1474
1196
1471
1225
1397
1249
1284
1288
1182
1301
1026
1349
884
1346
854
1344
886
1282
991
1248
1085
1221
1214
1202
1300
1204
1316
1227
1231
1276
1100
1318
933
1383
836
1385
767
1376
756
1331
897
1289
1075
1217
1255
1199
1376
1184
1448
1189
1415
1210
1363
1251
1191
1296
1108
1329
1005
1341
1001
1334
1086
1274
1187
1234
1350
1193
1498
1154
1585
1144
1621
1185
1553
1231
1492
1263
1389
1326
1251
1385
1154
1389
1077
1347
1146
1301
1282
1253
1411
1190
1559
1162
1702
1148
1641
1207
1561
1257
1428
1311
1242
1372
1033
1401
956
1397
922
1351
1010
1278
1170
1202
1320
1160
1431
1120
1440
1143
1411
1178
1306
1266
1089
1305
922
1387
794
1394
749
1355
816
1287
971
1196
1045
1109
1284
1063
1397
1078
1382
1158
1304
1220
1191
1325
1049
1414
936
1450
822
1427
934
1360
1060
1258
1285
1144
1442
1091
1534
1072
1604
1124
1552
1196
1488
1281
1371
1363
1225
1419
1128
1425
1108
1363
1157
1273
1246
1204
1424
1112
1586
1079
1598
1093
1653
1148
1552
1222
1390
1352
1242
1424
1080
1465
1027
1444
1023
1409
1138
1301
1295
1198
1423
1124
1530
1112
1487
1112
1418
1252
1247
1347
1130
1454
1007
1530
948
1514
901
1474
976
1339
1061
1234
1173
1118
1267
1067
1314
1086
1266
1147
1154
1248
1073
1359
995
1431
902
1447
959
1414
847
1339
950
1240
1048
1131
1220
1073
1298
1062
1329
1085
1372
1157
1287
1292
1165
1378
1100
1434
1082
1428
1006
1368
1116
1290
1198
1188
1340
1096
1481
1051
1565
1053
1573
1107
1533
1193
1435
1312
1349
1408
1257
1421
1236
1419
1146
1361
1331
1242
1358
1117
1487
1044
1561
1021
1582
1045
1572
1141
1494
1242
1381
1359
1271
1424
1053
1446
1090
1391
1145
1304
1181
1217
1292
1131
1343
1105
1417
1092
1438
1167
1369
1268
1260
1369
1127
1455
990
1485
955
1484
845
1445
898
1366
978
1256
1078
1186
1223
1148
1324
1135
1295
1176
1218
1267
1057
1372
933
1425
820
1472
840
1442
901
1376
1038
1265
1189
1173
1289
1098
1438
1065
1486
1084
1425
1158
1306
1254
1167
1358
1080
1428
987
1449
1047
1404
1161
1319
1307
1261
1479
1159
1579
1101
1691
1086
1646
1135
1505
1221
1354
1327
1126
1410
1010
1453
985
1448
1047
1392
1211
1305
1365
1218
1583
1148
1684
1105
1654
1021
1449
1141
1300
1226
1083
1299
916
1393
856
1437
893
1435
1069
1370
1283
1276
1490
1212
1613
1094
1545
1035
1495
1062
1313
1159
1102
1232
892
1345
810
1424
826
1472
956
1408
1171
1318
1390
1224
1542
1126
1615
1076
1550
1084
1424
1134
1189
1233
998
1338
842
1423
811
1465
882
1460
1095
1401
1341
1299
1625
1207
1567
1173
1652
1096
1514
1105
1345
1149
1126
1230
984
1296
921
1390
923
1431
1062
1414
1278
1346
1388
1280
1589
1164
1666
1074
1590
1049
1414
1085
1206
1149
997
1256
886
1375
845
1462
902
1490
1061
1454
1259
1374
1420
1251
1494
1170
1533
1111
1414
1112
1285
1176
1104
1254
972
1351
806
1433
897
1476
987
1461
1130
1400
1273
1318
1391
1217
1472
1138
1471
1085
1388
1112
1244
1163
1069
1231
1001
1320
937
1383
965
1426
1014
1417
1216
1355
1349
1273
1478
1176
1548
1113
1515
1083
1453
1124
1328
1201
1184
1299
1102
1401
1089
1452
1099
1491
1166
1431
1257
1329
1405
1221
1470
1119
1535
1052
1494
1060
1434
1103
1367
1194
1226
1289
1077
1364
1134
1367
1076
1371
1097
1314
1216
1215
1356
1077
1448
1051
1485
1032
1475
1056
1405
1131
1278
1228
1165
1327
1016
1405
1005
1423
1005
1402
1063
1350
1155
1261
1212
1173
1363
1115
1365
1096
1324
1124
1283
1218
1143
1324
1065
1398
1004
1458
975
1457
1006
1445
1028
1363
1210
1246
1309
1164
1382
1114
1438
1150
1346
1199
1406
1296
1288
1430
1213
1500
1156
1535
1059
1512
1153
1444
1249
1333
1306
1209
1392
1154
1440
1127
1428
1144
1433
1210
1349
1296
1297
1388
1153
1434
1096
1427
1055
1417
1087
1356
1151
1254
1257
1163
1288
1093
1352
1067
1343
1099
1306
1170
1226
1279
1169
1377
1122
1422
1069
1429
1053
1369
1114
1274
1217
1163
1405
1066
1323
1018
1334
982
1316
1078
1273
1156
1229
1266
1215
1345
1103
1355
1124
1331
1120
1243
1195
1148
1203
1089
1293
1025
1362
1010
1358
1050
1394
1136
1355
1235
1325
1328
1284
1378
1242
1423
1240
1411
1317
1348
1316
1286
1342
1218
1374
1171
1395
1164
1350
1187
1255
1277
1263
1371
1231
1440
1218
1491
1116
1511
1209
1460
1210
1389
1211
1295
1200
1216
1208
1159
1251
1166
1212
1202
1214
1272
1211
1347
1168
1394
1203
1442
1144
1425
1173
1368
1150
1298
1117
1223
1211
1164
1253
1131
1287
1147
1254
1220
1191
1283
1211
1381
1145
1395
1117
1418
1124
1391
1135
1349
1149
1281
1213
1212
1227
1138
1256
1109
1249
1114
1202
1179
1153
1194
1122
1265
1110
1304
1100
1315
1140
1291
1191
1247
1186
1173
1255
1098
1287
1063
1305
1049
1342
1088
1306
1182
1339
1238
1272
1322
1270
1341
1252
1372
1252
1349
1268
1310
1320
1269
1371
1226
1437
1222
1472
1228
1462
1260
1421
1306
1386
1366
1206
1407
1180
1405
1157
1404
1163
1412
1197
1332
1238
1265
1365
1225
1393
1206
1436
1188
1423
1191
1349
1268
1229
1295
1158
1337
1105
1360
1057
1363
1011
1328
1144
1281
1175
1235
1252
1203
1313
1164
1321
1163
1293
1196
1276
1241
1178
1294
1042
1326
1010
1348
1041
1309
918
1335
995
1225
1074
1179
1221
1140
1272
1132
1423
1120
1452
1154
1361
1207
1275
1224
1142
1255
1086
1271
999
1259
1012
1234
1134
1214
1259
1194
1348
1149
1509
1200
1549
1219
1545
1263
1349
1334
1333
1364
1189
1386
1103
1398
1017
1390
1023
1374
1102
1277
1184
1290
1301
1261
1436
1267
1541
1279
1548
1311
1528
1359
1323
1397
1265
1407
1044
1381
952
1356
919
1317
992
1276
1166
1247
1365
1231
1540
1239
1637
1274
1661
1286
1461
1309
1335
1315
1129
1314
971
1286
866
1263
904
1218
1038
1203
1203
1171
1410
1163
1597
1164
1619
1176
1524
1213
1403
1216
1220
1239
1015
1233
895
1220
825
1205
843
1156
977
1140
1235
1124
1303
1129
1462
1156
1530
1181
1507
1228
1380
1254
1246
1245
1091
1270
926
1256
884
1245
946
1215
1103
1225
1300
1250
1514
1274
1700
1300
1726
1317
1660
1334
1486
1359
1304
1354
1117
1345
1010
1342
1067
1364
1106
1304
1288
1314
1519
1317
1600
1315
1661
1282
1565
1270
1398
1347
1220
1354
1105
1356
1020
1355
1013
1357
1045
1350
1094
1319
1205
1323
1294
1317
1359
1306
1317
1307
1232
1311
1213
1322
1130
1312
1058
1245
983
1306
1013
1275
1021
1243
1091
1228
1188
1211
1306
1192
1384
1177
1378
1172
1316
1140
1243
1169
1071
1178
1132
1164
1080
1160
1091
1125
1179
1151
1252
1144
1320
1144
1375
1128
1326
1124
1289
1126
1101
1157
1063
1164
1104
1193
1155
1233
1220
1249
1288
1259
1375
1242
1381
1258
1385
1240
1379
1234
1355
1256
1319
1271
1323
1306
1344
1356
1371
1383
1419
1391
1456
1375
1480
1354
1431
1329
1438
1303
1424
1290
1394
1306
1216
1315
1336
1353
1287
1371
1269
1395
1236
1400
1224
1376
1246
1356
1166
1337
1236
1316
1197
1294
1161
1280
1134
1299
1125
1290
1076
1295
1014
1324
985
1315
1015
1294
1011
1270
1103
1243
1131
1211
1202
1182
1146
1164
1201
1153
1149
1166
1137
1187
1115
1212
1060
1234
1074
1245
1090
1230
1172
1199
1201
1170
1210
1190
1318
1137
1291
1145
1285
1181
1311
1218
1316
1243
1278
1286
1216
1321
1137
1296
1130
1280
1164
1257
1160
1252
1239
1235
1403
1245
1519
1265
1539
1278
1535
1303
1456
1308
1325
1316
1217
1319
1167
1316
1093
1314
1325
1306
1360
1302
1492
1342
1605
1275
1614
1241
1603
1255
1481
1264
1301
1281
1225
1322
1100
1351
1079
1344
1024
1360
1179
1317
1258
1277
1363
1248
1430
1231
1444
1223
1424
1212
1294
1257
1116
1288
952
1307
827
1312
742
1317
827
1279
981
1263
1206
1211
1367
1204
1497
1154
1527
1161
1442
1163
1303
1181
1062
1195
852
1216
779
1251
801
1267
915
1270
1113
1252
1355
1239
1535
1212
1652
1185
1612
1178
1476
1158
1239
1227
860
1259
888
1310
835
1345
870
1352
1038
1340
1243
1309
1468
1278
1576
1249
1686
1236
1631
1251
1527
1268
1307
1297
1210
1340
1059
1332
991
1331
1013
1319
1147
1291
1336
1265
1516
1277
1658
1268
1731
1270
1744
1286
1574
1330
1371
1300
1186
1313
1010
1322
886
1328
935
1321
1049
1326
1200
1299
1289
1287
1472
1241
1521
1232
1313
1197
1344
1194
1243
1192
1080
1209
950
1234
897
1240
906
1248
979
1248
1070
1224
1206
1207
1326
1184
1408
1176
1477
1221
1467
1175
1385
1205
1315
1164
1108
1236
1029
1225
924
1250
935
1261
1009
1258
1215
1265
1303
1258
1467
1273
1575
1261
1540
1253
1422
1259
1205
1253
1069
1284
909
1310
892
1285
954
1349
1079
1303
1330
1309
1405
1269
1532
1220
1635
1190
1571
1186
1462
1213
1252
1212
1200
1294
1082
1332
1078
1342
1143
1331
1246
1291
1388
1259
1528
1227
1635
1221
1629
1238
1556
1269
1394
1310
1279
1335
1136
1361
1061
1370
995
1333
1051
1348
1163
1308
1321
1293
1365
1284
1429
1270
1464
1283
1301
1277
1166
1281
1033
1281
1014
1284
897
1298
954
1272
1063
1257
1204
1230
1314
1188
1388
1189
1376
1188
1268
1191
1154
1205
1025
1220
1002
1245
943
1228
985
1216
1117
1174
1238
1156
1325
1120
1405
1143
1397
1165
1363
1204
1271
1248
1122
1272
950
1296
1059
1296
1054
1263
1134
1235
1278
1195
1373
1224
1493
1244
1572
1275
1573
1318
1501
1331
1538
1337
1350
1323
1222
1312
1158
1289
1183
1271
1233
1275
1362
1276
1495
1299
1507
1335
1553
1318
1494
1324
1423
1317
1266
1314
1218
1291
1166
1297
1106
1299
1125
1264
1215
1264
1263
1239
1304
1225
1334
1219
1275
1250
1294
1275
1217
1269
1149
1304
1110
1312
1071
1304
1100
1285
1109
1274
1098
1255
1178
1241
1187
1246
1155
1333
1198
1275
1179
1284
1157
1284
1137
1287
1111
1261
1134
1269
1134
1269
1133
1255
1146
1244
1141
1238
1148
1207
1186
1191
1158
1173
1166
1166
1184
1143
1207
1209
1189
1240
1266
1265
1296
1298
1330
1278
1328
1256
1344
1216
1380
1198
1284
1222
1277
1199
1249
1230
1263
1272
1354
1324
1416
1347
1493
1375
1548
1386
1479
1382
1496
1335
1474
1308
1405
1301
1270
1289
1206
1287
1184
1300
1193
1307
1241
1317
1306
1324
1376
1338
1409
1361
1401
1317
1334
1308
1307
1282
1190
1254
1089
1239
1028
1215
977
1204
981
1218
1051
1244
1170
1271
1227
1307
1321
1320
1390
1308
1356
1288
1300
1258
1217
1229
1099
1189
1024
1182
976
1179
967
1171
1042
1190
1150
1199
1316
1210
1362
1218
1467
1201
1470
1220
1428
1202
1303
1209
1162
1196
1042
1189
983
1180
1011
1169
1053
1181
1116
1193
1334
1235
1494
1273
1533
1324
1521
1347
1484
1346
1394
1321
1268
1303
1161
1275
1095
1264
1090
1260
1164
1290
1194
1310
1319
1379
1417
1420
1515
1435
1558
1431
1528
1384
1459
1351
1331
1294
1218
1278
1136
1258
1093
1258
1076
1271
1147
1280
1234
1305
1341
1309
1361
1292
1467
1310
1455
1288
1499
1273
1340
1249
1202
1217
1142
1205
1068
1198
1049
1206
1024
1178
1107
1256
1153
1290
1233
1291
1319
1292
1396
1266
1355
1259
1295
1202
1260
1197
1176
1185
1097
1184
1065
1204
1014
1230
1032
1243
1100
1252
1167
1230
1214
1251
1331
1213
1399
1174
1443
1161
1351
1163
1309
1168
1215
1193
1136
1214
1087
1213
1104
1256
1119
1255
1215
1258
1291
1267
1377
1264
1430
1266
1472
1249
1471
1283
1452
1289
1394
1295
1323
1312
1226
1321
1187
1343
1233
1350
1211
1360
1270
1368
1345
1361
1441
1354
1459
1342
1518
1333
1506
1326
1443
1328
1350
1353
1248
1358
1218
1381
1163
1372
1204
1354
1236
1333
1305
1299
1329
1283
1335
1260
1314
1240
1291
1207
1241
1230
1208
1249
1100
1216
1077
1219
1089
1215
1065
1195
1106
1172
1111
1179
1134
1167
1103
1170
1148
1149
1166
1147
1159
1154
1173
1176
1159
1202
1154
1218
1159
1244
1170
1245
1157
1250
1183
1242
1197
1237
1195
1220
1238
1149
1155
1235
1223
1245
1220
1272
1222
1305
1240
1331
1243
1340
1280
1326
1318
1329
1286
1346
1291
1298
1183
1307
1257
1290
1236
1295
1248
1297
1287
1317
1315
1335
1317
1329
1391
1309
1417
1299
1436
1302
1416
1285
1414
1253
1431
1262
1405
1279
1393
1283
1337
1296
1363
1302
1360
1314
1365
1300
1356
1288
1374
1275
1386
1267
1356
1292
1371
1251
1297
1245
1254
1250
1193
1254
1187
1258
1139
1262
1094
1267
1193
1229
1162
1235
1161
1216
1182
1203
1197
1187
1179
1190
1156
1206
1091
1209
1039
1236
1018
1258
1009
1271
959
1259
1070
1248
1092
1246
1196
1225
1195
1205
1210
1232
1181
1233
1141
1252
1102
1272
1092
1304
1079
1321
946
1321
1132
1324
1219
1313
1251
1300
1305
1292
1317
1300
1302
1306
1293
1321
1234
1314
1252
1332
1258
1345
1301
1346
1351
1342
1302
1336
1409
1324
1434
1316
1446
1281
1456
1297
1411
1280
1360
1257
1338
1249
1328
1247
1285
1269
1309
1245
1464
1244
1496
1257
1505
1268
1501
1229
1468
1243
1347
1230
1303
1215
1257
1201
1238
1211
1213
1199
1236
1221
1285
1214
1319
1236
1290
1246
1260
1240
1263
1230
1141
1218
1081
1240
1033
1238
1028
1244
977
1267
1106
1251
1076
1236
1119
1235
1085
1241
1045
1231
1031
1179
1037
1227
1017
1231
1027
1240
1090
1247
1200
1261
1218
1271
1232
1276
1219
1291
1204
1266
1182
1276
1154
1308
1203
1280
1168
1294
1257
1291
1314
1287
1507
1315
1436
1350
1458
1369
1464
1372
1442
1381
1380
1350
1335
1332
1330
1291
1288
1261
1282
1244
1316
1243
1465
1249
1461
1277
1496
1301
1537
1313
1492
1309
1424
1294
1324
1237
1256
1236
1180
1215
1169
1202
1067
1222
1251
1211
1234
1228
1282
1248
1300
1273
1293
1270
1264
1276
1225
1271
1133
1249
1079
1235
1083
1234
994
1218
1073
1218
969
1222
1046
1228
1022
1229
1091
1224
1151
1234
1190
1222
1226
1237
1202
1223
1198
1246
1167
1261
1220
1248
1191
1256
1147
1252
1163
1254
1183
1238
1237
1253
1293
1242
1374
1252
1399
1265
1421
1293
1343
1355
1510
1345
1412
1351
1388
1347
1368
1313
1315
1278
1278
1201
1314
1206
1337
1201
1378
1191
1449
1247
1451
1288
1494
1329
1447
1346
1462
1327
1393
1299
1275
1263
1241
1223
1215
1208
1209
1170
1224
1238
1262
1261
1310
1312
1361
1332
1325
1344
1292
1341
1254
1325
1181
1314
1094
1309
1075
1287
1045
1282
1069
1282
1106
1291
1158
1281
1185
1301
1140
1302
1162
1278
1103
1267
1027
1241
999
1200
970
1208
989
1204
959
1215
1090
1218
1136
1226
1167
1228
1121
1248
1150
1230
1130
1198
1083
1188
1075
1172
1123
1169
1131
1227
1184
1236
1224
1275
1337
1308
1393
1326
1501
1318
1432
1294
1389
1272
1348
1234
1296
1210
1230
1209
1305
1228
1338
1260
1436
1297
1519
1331
1546
1345
1588
1309
1530
1289
1545
1261
1389
1228
1342
1236
1271
1238
1270
1263
1308
1281
1332
1330
1350
1328
1361
1315
1383
1313
1362
1298
1292
1286
1248
1243
1204
1296
1123
1294
1080
1301
1137
1304
1122
1332
1115
1308
1124
1310
1090
1300
1147
1284
1138
1280
1119
1281
1156
1258
1089
1262
1080
1274
1050
1279
1076
1261
1075
1284
1076
1280
1110
1210
1131
1204
1131
1176
1132
1153
1126
1146
1150
1169
1158
1201
1167
1237
1176
1262
1199
1305
1171
1273
1154
1251
1182
1224
1201
1204
1258
1182
1298
1197
1289
1245
1349
1264
1327
1303
1334
1317
1205
1313
1294
1303
1291
1313
1271
1274
1291
1273
1318
1274
1398
1270
1363
1295
1432
1301
1429
1307
1421
1291
1453
1259
1364
1287
1284
1278
1274
1270
1246
1288
1301
1298
1315
1313
1303
1309
1285
1313
1297
1286
1337
1299
1251
1290
1227
1276
1205
1274
1187
1258
1173
1272
1167
1279
1159
1293
1173
1302
1176
1309
1106
1331
1154
1312
1151
1291
1170
1265
1146
1224
1136
1210
1155
1192
1193
1189
1149
1192
1211
1201
1256
1204
1270
1194
1220
1193
1192
1147
1163
1160
1138
1145
1162
1138
1185
1149
1186
1168
1215
1199
1284
1213
1277
1239
1261
1226
1263
1230
1180
1220
1161
1212
1141
1226
1179
1248
1154
1268
1170
1311
1216
1341
1255
1356
1258
1351
1280
1332
1279
1367
1236
1311
1229
1318
1232
1311
1193
1352
1218
1379
1266
1384
1301
1384
1319
1375
1348
1353
1359
1323
1354
1305
1339
1288
1309
1272
1304
1271
1275
1276
1262
1280
1315
1281
1301
1285
1324
1292
1291
1259
1298
1311
1261
1291
1237
1281
1208
1264
1184
1239
1172
1238
1150
1225
1172
1228
1210
1221
1221
1221
1219
1223
1181
1221
1172
1226
1139
1212
1108
1150
1103
1180
1104
1176
1141
1144
1168
1159
1220
1148
1264
1160
1282
1165
1261
1175
1219
1191
1199
1211
1136
1223
1134
1216
1168
1207
1185
1208
1191
1210
1225
1209
1242
1230
1226
1243
1215
1264
1217
1289
1194
1313
1191
1326
1199
1331
1206
1301
1210
1334
1206
1318
1211
1327
1182
1336
1204
1359
1207
1387
1254
1382
1308
1394
1348
1417
1360
1380
1370
1345
1397
1333
1379
1317
1333
1301
1298
1305
1275
1323
1238
1372
1256
1323
1276
1308
1314
1301
1343
1260
1373
1250
1384
1240
1336
1216
1222
1218
1172
1214
1097
1214
1025
1220
1048
1219
1061
1209
1148
1210
1222
1188
1232
1197
1242
1152
1206
1151
1152
1152
1066
1161
1032
1159
1005
1187
1011
1197
1051
1216
1140
1189
1213
1188
1220
1177
1228
1160
1216
1168
1096
1184
1113
1210
1102
1243
1086
1370
1116
1310
1140
1324
1250
1315
1267
1312
1314
1273
1310
1305
1276
1331
1247
1342
1220
1379
1183
1411
1232
1418
1260
1423
1381
1409
1411
1374
1480
1330
1512
1326
1478
1309
1441
1311
1383
1324
1332
1336
1247
1342
1285
1326
1314
1322
1334
1336
1397
1266
1416
1233
1444
1234
1387
1221
1373
1214
1312
1230
1232
1257
1160
1256
1112
1241
1092
1225
1097
1205
1089
1178
1117
1148
1150
1142
1146
1136
1114
1152
1086
1172
1076
1196
1027
1219
1010
1220
1016
1214
1026
1198
1028
1180
1026
1181
1057
1158
1033
1169
1028
1193
1089
1218
1098
1243
1148
1281
1147
1291
1162
1293
1175
1285
1185
1276
1170
1266
1141
1260
1123
1288
1179
1327
1197
1350
1253
1384
1288
1406
1313
1405
1318
1375
1368
1338
1409
1317
1399
1285
1418
1284
1416
1296
1413
1341
1399
1371
1439
1384
1457
1392
1463
1380
1476
1338
1482
1286
1479
1259
1483
1244
1463
1246
1448
1257
1419
1291
1388
1318
1380
1326
1322
1307
1289
1291
1214
1251
1179
1196
1121
1163
1107
1149
1088
1151
1046
1160
1077
1202
1047
1214
1050
1245
1048
1234
1034
1215
1007
1180
891
1138
917
1117
913
1105
903
1126
928
1151
956
1186
1008
1223
1060
1241
1116
1232
1220
1221
1194
1215
1187
1191
1148
1121
1145
1194
1099
1251
1112
1286
1162
1328
1199
1356
1255
1377
1278
1351
1338
1344
1392
1318
1345
1306
1344
1289
1306
1311
1308
1348
1280
1387
1327
1395
1357
1425
1368
1416
1400
1386
1375
1332
1413
1298
1458
1260
1428
1240
1426
1249
1380
1249
1418
1329
1386
1355
1406
1353
1418
1351
1373
1307
1347
1260
1312
1212
1274
1193
1212
1188
1181
1199
1164
1243
1125
1278
1117
1309
1130
1309
1119
1272
1117
1246
1098
1196
1069
1145
1001
1120
980
1123
984
1152
965
1176
989
1230
1011
1258
1061
1261
1091
1249
1149
1208
1155
1169
1150
1129
1157
1130
1147
1148
1143
1187
1177
1227
1214
1275
1245
1313
1264
1307
1316
1291
1321
1269
1280
1239
1272
1235
1256
1224
1258
1279
1226
1328
1313
1362
1356
1404
1393
1408
1395
1405
1357
1368
1319
1321
1267
1284
1231
1252
1203
1235
1201
1251
1243
1294
1272
1326
1324
1348
1361
1356
1351
1358
1344
1303
1312
1252
1272
1212
1208
1183
1185
1167
1173
1194
1124
1246
1135
1282
1136
1317
1180
1328
1204
1320
1239
1281
1244
1241
1214
1218
1174
1183
1119
1193
1075
1193
1051
1234
1007
1267
1044
1291
1083
1289
1130
1221
1160
1233
1176
1192
1203
1149
1183
1160
1171
1187
1138
1199
1209
1237
1198
1294
1188
1345
1207
1296
1221
1277
1194
1251
1208
1241
1242
1220
1263
1238
1291
1287
1341
1311
1373
1375
1385
1382
1375
1390
1330
1370
1289
1345
1254
1296
1226
1247
1213
1243
1238
1249
1277
1275
1280
1315
1331
1323
1318
1345
1351
1322
1283
1291
1239
1263
1202
1204
1132
1168
1137
1149
1144
1164
1143
1191
1154
1255
1167
1288
1191
1302
1171
1296
1183
1271
1186
1233
1172
1171
1179
1177
1167
1182
1142
1196
1132
1249
1096
1297
1081
1329
1084
1327
1141
1300
1158
1278
1225
1229
1284
1215
1282
1224
1269
1210
1192
1240
1249
1284
1214
1316
1205
1325
1210
1317
1214
1297
1220
1259
1254
1220
1276
1198
1295
1202
1243
1220
1303
1259
1266
1300
1278
1333
1264
1352
1218
1338
1209
1318
1179
1282
1195
1243
1200
1218
1230
1201
1234
1227
1211
1260
1211
1289
1207
1326
1178
1336
1162
1322
1168
1288
1217
1248
1192
1233
1224
1175
1241
1175
1204
1212
1173
1240
1150
1278
1140
1314
1146
1333
1174
1314
1267
1283
1266
1255
1307
1204
1296
1195
1289
1192
1244
1222
1225
1252
1178
1290
1166
1322
1183
1325
1197
1303
1240
1270
1294
1241
1289
1222
1285
1218
1278
1229
1262
1224
1228
1288
1207
1313
1206
1322
1189
1327
1224
1299
1260
1272
1261
1238
1283
1228
1280
1211
1282
1250
1260
1267
1270
1301
1235
1321
1212
1344
1195
1317
1188
1291
1179
1270
1178
1225
1203
1211
1207
1195
1162
1194
1155
1211
1150
1243
1095
1268
1068
1274
1058
1271
1064
1254
1048
1219
1100
1181
1163
1180
1151
1152
1145
1181
1127
1192
1107
1271
1091
1313
1110
1327
1140
1319
1193
1290
1255
1257
1296
1215
1324
1198
1351
1216
1352
1254
1329
1298
1317
1334
1333
1376
1372
1368
1343
1354
1377
1321
1377
1290
1356
1262
1337
1242
1362
1257
1376
1283
1357
1305
1373
1335
1346
1350
1320
1351
1295
1325
1281
1279
1256
1251
1174
1222
1227
1221
1232
1217
1227
1257
1228
1274
1205
1294
1198
1307
1167
1312
1141
1292
1179
1255
1170
1225
1192
1206
1170
1151
1189
1203
1159
1237
1138
1265
1120
1295
1080
1294
1066
1307
1060
1264
1092
1238
1136
1194
1173
1166
1189
1171
1189
1175
1164
1203
1136
1244
1106
1251
1093
1259
1102
1269
1136
1223
1170
1191
1210
1151
1276
1150
1293
1164
1295
1176
1283
1210
1288
1265
1237
1300
1232
1298
1245
1290
1236
1272
1230
1260
1258
1221
1299
1238
1318
1259
1337
1281
1354
1308
1331
1347
1312
1371
1285
1387
1248
1374
1221
1398
1216
1366
1234
1350
1238
1332
1290
1329
1336
1338
1347
1335
1356
1351
1314
1390
1265
1371
1217
1350
1226
1314
1221
1302
1219
1261
1243
1240
1270
1236
1254
1232
1239
1219
1233
1239
1211
1248
1180
1245
1179
1232
1193
1207
1191
1175
1181
1162
1167
1137
1163
1145
1122
1166
1141
1177
1127
1186
1158
1191
1184
1209
1164
1240
1165
1201
1174
1211
1184
1210
1174
1211
1203
1205
1222
1225
1234
1243
1253
1231
1284
1250
1283
1267
1253
1277
1231
1277
1228
1277
1155
1284
1213
1274
1239
1271
1225
1322
1233
1288
1197
1300
1211
1305
1184
1327
1186
1323
1183
1326
1174
1356
1157
1338
1221
1333
1224
1323
1228
1312
1204
1315
1204
1326
1208
1340
1223
1312
1247
1342
1240
1338
1269
1330
1278
1314
1281
1292
1242
1281
1287
1260
1278
1259
1258
1296
1273
1250
1270
1244
1286
1239
1291
1239
1290
1211
1277
1205
1255
1227
1241
1208
1233
1195
1254
1189
1269
1200
1295
1205
1273
1202
1277
1189
1263
1208
1240
1214
1228
1205
1228
1215
1197
1216
1226
1208
1242
1216
1271
1217
1276
1242
1256
1264
1250
1269
1210
1281
1201
1295
1194
1270
1176
1270
1178
1276
1161
1278
1154
1278
1162
1297
1174
1324
1176
1347
1175
1347
1190
1354
1197
1371
1172
1321
1174
1310
1145
1305
1125
1311
1101
1311
1174
1318
1277
1346
1276
1345
1340
1346
1344
1315
1334
1299
1275
1267
1261
1233
1216
1208
1201
1213
1228
1237
1274
1242
1328
1267
1371
1271
1385
1262
1360
1232
1295
1197
1219
1172
1189
1144
1140
1126
1166
1138
1156
1200
1239
1189
1279
1218
1331
1236
1326
1241
1290
1218
1253
1220
1174
1183
1132
1186
1130
1179
1155
1212
1201
1231
1176
1272
1315
1298
1326
1332
1327
1354
1311
1332
1248
1301
1194
1277
1118
1252
1083
1244
1142
1237
1128
1283
1172
1333
1212
1306
1274
1358
1244
1401
1244
1370
1208
1335
1138
1291
1067
1278
1018
1265
1045
1293
1089
1323
1161
1356
1265
1382
1320
1378
1350
1356
1338
1324
1296
1259
1238
1246
1188
1224
1182
1229
1201
1240
1289
1258
1416
1283
1464
1278
1506
1265
1498
1214
1458
1219
1349
1189
1322
1159
1298
1159
1260
1167
1292
1181
1340
1201
1383
1233
1386
1241
1396
1215
1366
1225
1274
1196
1210
1178
1162
1159
1121
1147
1109
1180
1122
1211
1167
1249
1169
1280
1220
1274
1243
1308
1217
1277
1165
1255
1091
1219
1036
1219
1003
1214
1022
1236
1044
1269
1114
1297
1202
1340
1240
1350
1247
1344
1230
1310
1173
1284
1091
1255
1020
1236
1010
1246
1027
1286
1092
1341
1198
1368
1270
1392
1335
1401
1312
1387
1304
1330
1235
1296
1174
1255
1130
1260
1131
1271
1172
1290
1248
1331
1352
1349
1430
1349
1487
1321
1483
1309
1438
1277
1329
1224
1341
1194
1277
1184
1285
1189
1321
1209
1374
1232
1414
1260
1499
1256
1531
1262
1486
1258
1433
1209
1347
1176
1293
1149
1222
1146
1195
1147
1193
1182
1210
1242
1249
1276
1274
1304
1289
1305
1288
1298
1193
1262
1130
1219
1067
1192
1008
1102
971
1201
978
1231
1039
1290
1077
1340
1130
1366
1138
1377
1183
1348
1135
1316
1051
1329
1016
1262
957
1253
993
1271
1036
1306
1166
1334
1230
1377
1294
1393
1340
1374
1335
1341
1299
1306
1247
1268
1190
1234
1190
1224
1246
1234
1320
1216
1355
1253
1435
1281
1479
1288
1460
1274
1413
1242
1382
1221
1332
1180
1289
1158
1254
1180
1243
1156
1230
1181
1304
1207
1339
1243
1363
1267
1361
1288
1341
1279
1287
1251
1225
1222
1165
1199
1126
1209
1110
1206
1157
1247
1193
1293
1245
1316
1302
1351
1297
1355
1269
1335
1215
1299
1188
1268
1117
1291
1131
1224
1167
1249
1210
1305
1226
1296
1265
1340
1297
1346
1256
1330
1216
1299
1147
1269
1116
1257
1087
1252
1107
1253
1144
1270
1192
1300
1229
1322
1263
1336
1253
1328
1257
1322
1229
1303
1169
1262
1164
1256
1156
1252
1201
1256
1268
1256
1346
1265
1399
1289
1413
1293
1424
1284
1402
1281
1355
1252
1310
1226
1282
1189
1287
1179
1295
1171
1341
1186
1395
1201
1416
1236
1424
1244
1396
1265
1347
1261
1297
1236
1211
1198
1150
1165
1108
1144
1123
1177
1125
1202
1196
1240
1266
1298
1276
1319
1254
1331
1205
1306
1135
1286
1045
1257
983
1221
985
1218
983
1240
1046
1272
1139
1296
1221
1332
1265
1361
1263
1350
1239
1314
1152
1284
1093
1245
1083
1218
1040
1199
1064
1218
1122
1226
1216
1299
1276
1323
1361
1348
1395
1357
1370
1367
1346
1303
1295
1271
1247
1268
1218
1233
1249
1256
1299
1276
1334
1309
1412
1347
1502
1369
1529
1370
1531
1351
1498
1306
1441
1262
1346
1213
1314
1184
1330
1179
1300
1190
1326
1235
1364
1237
1404
1283
1406
1291
1411
1264
1369
1220
1300
1176
1232
1157
1177
1141
1091
1132
1087
1178
1104
1237
1133
1272
1163
1290
1215
1296
1252
1323
1200
1259
1177
1243
1108
1227
1041
1231
991
1240
1010
1264
1032
1291
1057
1315
1128
1325
1155
1308
1189
1316
1201
1296
1201
1265
1180
1252
1130
1236
1097
1249
1079
1250
1094
1273
1126
1288
1161
1295
1245
1300
1295
1297
1331
1295
1391
1264
1381
1247
1365
1244
1309
1228
1302
1253
1277
1287
1295
1305
1367
1320
1400
1300
1444
1309
1477
1295
1501
1282
1517
1260
1471
1251
1433
1244
1365
1264
1343
1263
1307
1274
1303
1263
1299
1249
1302
1238
1292
1226
1280
1217
1294
1203
1289
1208
1260
1214
1218
1221
1168
1230
1146
1227
1073
1227
1077
1225
1081
1209
1078
1206
1079
1221
1106
1240
1133
1246
1139
1264
1137
1275
1144
1281
1118
1280
1120
1278
1110
1283
1092
1264
1116
1272
1117
1277
1135
1286
1144
1293
1204
1290
1231
1319
1269
1316
1299
1314
1289
1344
1256
1330
1219
1294
1221
1276
1208
1279
1211
1283
1268
1300
1326
1328
1380
1333
1417
1344
1476
1330
1472
1315
1434
1281
1395
1276
1345
1239
1305
1223
1298
1241
1295
1261
1342
1278
1371
1301
1434
1300
1449
1289
1486
1251
1452
1225
1354
1248
1275
1180
1197
1184
1148
1193
1100
1221
1133
1237
1169
1261
1212
1269
1247
1257
1278
1227
1237
1205
1166
1186
1066
1173
989
1169
866
1194
917
1178
957
1251
1013
1305
1074
1276
1168
1273
1233
1250
1240
1239
1219
1203
1151
1206
1071
1221
1046
1227
1046
1261
1097
1291
1204
1323
1298
1339
1388
1346
1466
1342
1481
1276
1422
1288
1327
1275
1255
1277
1199
1294
1189
1322
1205
1320
1334
1386
1437
1393
1472
1421
1547
1367
1500
1325
1468
1291
1380
1266
1299
1249
1235
1262
1225
1279
1255
1313
1322
1353
1389
1330
1507
1321
1474
1289
1464
1252
1392
1230
1276
1171
1170
1189
1099
1198
1081
1224
1071
1250
1163
1270
1246
1272
1317
1255
1340
1215
1296
1214
1236
1180
1090
1159
1018
1156
961
1173
945
1187
995
1217
1066
1263
1151
1272
1242
1269
1269
1247
1238
1216
1165
1176
1098
1169
1074
1176
992
1182
1028
1213
1087
1276
1175
1313
1239
1334
1352
1326
1391
1311
1345
1273
1331
1256
1248
1224
1198
1247
1166
1267
1198
1290
1265
1324
1340
1339
1421
1350
1461
1325
1507
1311
1472
1278
1407
1261
1355
1249
1304
1259
1273
1280
1320
1293
1330
1311
1382
1321
1393
1313
1425
1297
1398
1282
1367
1276
1329
1267
1245
1255
1269
1281
1188
1275
1188
1310
1208
1319
1247
1314
1275
1311
1206
1285
1258
1267
1228
1259
1186
1266
1145
1254
1119
1263
1116
1284
1099
1293
1135
1279
1237
1269
1206
1250
1199
1221
1191
1131
1217
1186
1155
1170
1178
1189
1214
1217
1252
1235
1241
1264
1242
1243
1270
1262
1260
1243
1234
1212
1236
1190
1225
1177
1232
1191
1261
1225
1292
1232
1350
1298
1380
1296
1388
1337
1352
1316
1304
1297
1317
1263
1239
1230
1221
1213
1232
1227
1304
1261
1290
1294
1374
1313
1421
1349
1398
1346
1368
1334
1317
1296
1227
1272
1152
1234
1123
1207
1126
1215
1138
1232
1203
1269
1273
1292
1311
1303
1314
1330
1265
1296
1190
1280
1075
1252
1018
1229
978
1218
993
1210
1070
1244
1135
1283
1244
1309
1316
1336
1374
1340
1327
1324
1273
1290
1202
1274
1116
1248
1076
1235
1110
1225
1193
1249
1296
1269
1401
1287
1502
1297
1538
1306
1518
1293
1465
1282
1355
1262
1278
1251
1202
1247
1228
1236
1273
1243
1377
1252
1460
1279
1510
1298
1541
1291
1491
1298
1398
1281
1290
1264
1203
1257
1162
1261
1097
1264
1137
1243
1205
1264
1258
1270
1322
1274
1340
1264
1304
1292
1176
1279
1168
1269
1066
1266
992
1314
984
1271
1000
1247
1093
1246
1168
1252
1240
1231
1261
1235
1237
1264
1182
1261
1087
1275
1043
1273
1016
1285
1024
1282
1076
1265
1179
1248
1263
1167
1309
1233
1325
1228
1318
1241
1234
1322
1170
1288
1106
1298
1158
1304
1205
1301
1270
1347
1381
1256
1436
1235
1521
1195
1516
1225
1490
1251
1434
1254
1361
1306
1318
1310
1318
1314
1367
1296
1409
1295
1459
1252
1536
1224
1567
1213
1523
1211
1455
1207
1364
1237
1294
1276
1171
1299
1158
1314
1151
1323
1202
1297
1251
1284
1290
1275
1289
1241
1229
1233
1188
1242
1112
1258
1037
1288
982
1316
963
1359
996
1340
1051
1330
1113
1309
1162
1272
1197
1245
1198
1239
1153
1243
1099
1238
1067
1272
1007
1303
1002
1319
1020
1309
1101
1306
1162
1295
1249
1252
1321
1235
1317
1239
1299
1235
1273
1240
1259
1257
1225
1270
1225
1282
1256
1269
1300
1255
1353
1249
1430
1222
1492
1206
1520
1210
1516
1222
1505
1238
1510
1237
1490
1254
1469
1258
1435
1240
1451
1234
1428
1219
1439
1213
1473
1212
1479
1210
1457
1263
1410
1267
1376
1290
1328
1301
1228
1295
1185
1274
1086
1253
1100
1232
1081
1224
1078
1231
1078
1231
1066
1258
1059
1292
1030
1305
1024
1313
1064
1263
1013
1291
1015
1259
1005
1202
1043
1231
1021
1234
1071
1249
1120
1288
1126
1317
1148
1349
1190
1322
1215
1341
1218
1321
1235
1287
1252
1256
1208
1241
1211
1250
1229
1260
1243
1275
1277
1315
1310
1340
1360
1324
1375
1310
1409
1281
1448
1248
1397
1213
1399
1202
1374
1171
1363
1241
1359
1261
1414
1277
1450
1289
1476
1275
1540
1263
1529
1230
1501
1221
1485
1205
1459
1207
1408
1218
1343
1237
1334
1262
1316
1292
1303
1287
1308
1296
1301
1274
1281
1252
1233
1215
1190
1204
1198
1196
1131
1202
1095
1236
1031
1244
1027
1298
1010
1320
1018
1338
1053
1294
1107
1266
1098
1244
1098
1223
1098
1225
1093
1236
1054
1280
1033
1313
1023
1331
1038
1341
1087
1329
1125
1292
1187
1249
1211
1195
1244
1194
1232
1200
1250
1200
1252
1233
1209
1254
1219
1278
1221
1276
1258
1278
1293
1261
1344
1223
1416
1208
1458
1194
1464
1197
1485
1210
1488
1246
1443
1306
1407
1304
1399
1326
1414
1334
1380
1323
1437
1270
1474
1285
1508
1271
1502
1267
1519
1277
1447
1306
1398
1323
1317
1349
1224
1345
1177
1350
1145
1331
1151
1301
1179
1259
1238
1233
1272
1226
1245
1227
1232
1242
1174
1272
1069
1277
991
1288
943
1278
921
1265
911
1238
995
1216
1075
1210
1168
1209
1215
1206
1217
1264
1198
1286
1125
1298
1089
1295
1030
1279
1013
1252
1036
1209
1083
1233
1170
1215
1259
1232
1353
1244
1396
1253
1393
1260
1373
1270
1310
1266
1244
1227
1215
1229
1199
1216
1236
1204
1297
1202
1415
1207
1472
1233
1557
1234
1586
1256
1528
1337
1461
1278
1369
1278
1332
1260
1264
1249
1272
1217
1318
1231
1366
1248
1412
1260
1444
1281
1432
1299
1395
1321
1322
1325
1235
1319
1157
1301
1121
1239
1098
1272
1082
1268
1095
1297
1147
1306
1191
1322
1205
1334
1246
1327
1222
1327
1153
1341
1108
1292
1063
1291
1034
1286
1024
1293
1074
1304
1107
1323
1177
1336
1229
1321
1262
1296
1262
1283
1249
1240
1188
1234
1149
1214
1072
1217
1118
1211
1138
1203
1180
1246
1250
1210
1262
1203
1338
1178
1367
1186
1376
1166
1352
1168
1315
1195
1302
1196
1270
1214
1276
1226
1303
1242
1297
1255
1358
1267
1395
1272
1422
1223
1416
1264
1409
1234
1378
1276
1318
1286
1275
1308
1223
1332
1218
1335
1230
1349
1231
1380
1258
1335
1260
1306
1324
1290
1323
1270
1302
1248
1273
1250
1208
1277
1132
1284
1086
1287
1089
1282
1090
1275
1105
1254
1173
1228
1221
1233
1244
1216
1257
1239
1226
1253
1180
1282
1113
1301
1089
1297
1067
1289
1087
1276
1129
1269
1192
1254
1214
1242
1247
1252
1322
1265
1310
1254
1313
1278
1289
1299
1237
1297
1216
1275
1200
1256
1229
1242
1249
1228
1304
1185
1372
1214
1417
1218
1423
1221
1445
1248
1370
1266
1328
1278
1249
1267
1226
1248
1223
1234
1235
1214
1280
1211
1318
1198
1364
1240
1355
1281
1345
1311
1303
1347
1236
1365
1158
1337
1120
1322
1115
1303
1127
1276
1144
1256
1206
1260
1242
1283
1254
1321
1290
1338
1252
1370
1207
1388
1140
1362
1118
1326
1074
1275
1092
1233
1141
1212
1182
1185
1241
1205
1278
1220
1312
1268
1307
1282
1295
1279
1260
1265
1159
1225
1162
1172
1163
1138
1183
1135
1212
1119
1279
1128
1357
1171
1364
1235
1383
1244
1441
1247
1340
1282
1273
1262
1201
1189
1207
1216
1177
1188
1234
1186
1311
1201
1338
1236
1384
1295
1391
1326
1411
1364
1337
1376
1296
1361
1245
1325
1178
1272
1184
1257
1178
1233
1195
1236
1246
1264
1256
1305
1270
1345
1264
1351
1278
1355
1317
1343
1193
1305
1157
1278
1109
1227
1083
1252
1061
1265
1120
1278
1167
1332
1192
1330
1236
1353
1279
1345
1239
1349
1213
1328
1179
1305
1148
1277
1116
1270
1127
1268
1149
1260
1203
1255
1257
1286
1283
1282
1310
1276
1310
1273
1311
1258
1312
1233
1280
1199
1284
1189
1249
1155
1261
1173
1284
1168
1314
1202
1333
1182
1374
1178
1381
1188
1365
1187
1338
1198
1330
1190
1296
1205
1268
1220
1250
1232
1247
1244
1275
1251
1301
1255
1319
1266
1314
1261
1324
1264
1271
1292
1251
1293
1242
1309
1217
1316
1183
1332
1198
1313
1209
1306
1211
1294
1217
1274
1229
1259
1214
1258
1166
1271
1134
1293
1120
1314
1105
1326
1094
1336
1113
1330
1120
1306
1153
1289
1164
1273
1180
1261
1187
1259
1168
1273
1163
1292
1125
1311
1165
1324
1180
1338
1189
1324
1234
1319
1270
1294
1305
1262
1319
1233
1354
1207
1364
1205
1301
1215
1316
1230
1309
1251
1287
1258
1282
1268
1298
1271
1335
1241
1343
1220
1375
1206
1376
1185
1389
1182
1366
1199
1308
1265
1259
1262
1204
1287
1219
1297
1227
1299
1249
1271
1298
1274
1309
1269
1329
1248
1341
1247
1323
1261
1264
1323
1207
1295
1184
1303
1173
1311
1125
1281
1138
1290
1148
1256
1165
1237
1166
1233
1192
1219
1172
1237
1185
1239
1158
1264
1098
1307
1064
1283
1025
1278
1028
1279
1039
1264
1062
1245
1146
1247
1195
1247
1246
1248
1283
1264
1276
1286
1264
1294
1245
1310
1228
1311
1216
1305
1236
1266
1285
1260
1310
1240
1362
1228
1385
1233
1423
1235
1414
1255
1423
1254
1427
1269
1348
1299
1307
1251
1261
1242
1247
1215
1226
1205
1252
1198
1255
1199
1293
1224
1330
1232
1331
1242
1333
1253
1317
1265
1263
1272
1218
1265
1116
1261
1164
1257
1147
1255
1160
1294
1215
1272
1224
1285
1275
1292
1300
1307
1305
1310
1258
1327
1192
1349
1139
1323
1079
1317
1053
1308
1046
1298
1026
1313
1090
1302
1132
1317
1150
1301
1166
1311
1154
1323
1133
1315
1072
1301
1065
1278
1037
1269
1048
1286
1088
1232
1135
1282
1198
1236
1229
1234
1310
1220
1355
1232
1368
1220
1369
1218
1359
1214
1331
1236
1321
1211
1338
1209
1364
1205
1379
1196
1431
1220
1474
1212
1495
1198
1466
1219
1465
1236
1420
1240
1361
1249
1335
1247
1298
1243
1288
1233
1313
1236
1299
1241
1286
1245
1291
1254
1306
1266
1274
1280
1232
1277
1212
1285
1171
1291
1133
1283
1125
1280
1124
1278
1130
1285
1112
1288
1135
1291
1141
1300
1134
1287
1134
1295
1084
1289
1066
1297
1013
1300
1012
1304
1026
1307
1045
1316
1089
1326
1106
1309
1140
1325
1184
1331
1193
1327
1202
1314
1198
1313
1177
1325
1158
1314
1183
1312
1226
1309
1252
1299
1306
1296
1352
1281
1383
1276
1464
1269
1401
1256
1425
1244
1344
1232
1334
1214
1285
1207
1307
1191
1374
1200
1356
1170
1385
1186
1409
1165
1418
1189
1395
1179
1369
1160
1358
1160
1220
1158
1247
1159
1238
1175
1236
1208
1234
1221
1259
1242
1278
1257
1285
1268
1295
1271
1347
1271
1266
1267
1223
1282
1163
1227
1150
1312
1103
1331
1123
1367
1156
1354
1155
1339
1180
1346
1183
1333
1167
1334
1138
1318
1118
1279
1084
1306
1051
1290
1053
1292
1067
1299
1062
1278
1098
1291
1139
1287
1159
1286
1156
1273
1200
1246
1247
1238
1226
1219
1234
1211
1227
1189
1236
1237
1232
1259
1272
1268
1307
1287
1338
1266
1383
1267
1412
1235
1414
1227
1429
1215
1410
1233
1395
1243
1353
1254
1341
1286
1305
1305
1301
1274
1314
1284
1311
1269
1306
1251
1304
1238
1325
1230
1333
1234
1315
1239
1315
1249
1260
1270
1230
1291
1183
1297
1181
1284
1165
1282
1161
1242
1177
1261
1204
1250
1229
1252
1228
1258
1215
1260
1196
1286
1143
1303
1082
1317
1058
1319
1046
1307
1046
1298
1046
1267
1097
1243
1114
1233
1155
1217
1170
1228
1197
1236
1181
1275
1137
1311
1136
1302
1138
1294
1156
1275
1193
1237
1251
1214
1300
1199
1348
1206
1373
1211
1379
1265
1371
1264
1368
1293
1343
1298
1299
1289
1272
1281
1323
1244
1334
1244
1361
1267
1401
1231
1354
1238
1376
1235
1354
1256
1355
1267
1275
1285
1243
1303
1231
1304
1221
1281
1223
1264
1277
1239
1282
1225
1302
1223
1305
1226
1272
1163
1237
1254
1183
1278
1151
1296
1120
1295
1131
1299
1122
1293
1183
1255
1230
1260
1239
1330
1232
1290
1189
1305
1179
1335
1123
1356
1077
1353
1066
1343
1060
1348
1066
1312
1111
1291
1160
1276
1191
1292
1191
1282
1222
1296
1258
1299
1180
1289
1172
1298
1150
1265
1152
1242
1147
1220
1197
1206
1212
1194
1299
1185
1348
1201
1341
1249
1350
1218
1327
1236
1317
1247
1278
1246
1252
1236
1286
1240
1268
1239
1294
1220
1327
1213
1323
1221
1314
1250
1309
1248
1321
1278
1292
1302
1284
1306
1290
1310
1275
1285
1277
1278
1247
1250
1255
1227
1242
1223
1250
1227
1240
1248
1224
1283
1241
1249
1231
1319
1255
1318
1269
1301
1285
1284
1233
1267
1228
1243
1206
1238
1162
1232
1117
1241
1100
1252
1086
1270
1092
1287
1129
1298
1170
1292
1202
1295
1197
1288
1204
1277
1159
1251
1156
1233
1119
1230
1096
1215
1102
1230
1111
1256
1154
1285
1206
1301
1293
1297
1345
1311
1352
1308
1368
1272
1359
1257
1310
1249
1258
1242
1231
1238
1235
1280
1227
1298
1257
1322
1361
1323
1391
1316
1409
1310
1397
1272
1378
1280
1289
1262
1250
1250
1213
1260
1164
1260
1150
1272
1158
1270
1179
1274
1236
1273
1254
1263
1264
1256
1232
1240
1242
1238
1205
1232
1154
1186
1158
1216
1139
1223
1129
1230
1132
1229
1183
1238
1246
1245
1237
1240
1267
1235
1251
1194
1242
1232
1206
1235
1212
1227
1214
1232
1205
1233
1216
1258
1222
1235
1256
1244
1244
1243
1243
1240
1244
1243
1224
1246
1223
1272
1226
1273
1242
1277
1265
1293
1243
1299
1259
1278
1240
1276
1260
1287
1239
1282
1213
1264
1223
1316
1205
1301
1235
1339
1270
1335
1302
1320
1321
1299
1330
1284
1319
1270
1271
1264
1230
1267
1194
1282
1172
1299
1177
1309
1179
1303
1217
1288
1305
1275
1298
1259
1315
1246
1287
1234
1266
1239
1187
1247
1152
1241
1151
1250
1125
1247
1119
1258
1133
1237
1202
1252
1230
1254
1239
1246
1293
1237
1264
1239
1252
1240
1215
1248
1179
1254
1171
1262
1140
1271
1157
1277
1169
1301
1221
1246
1310
1251
1332
1235
1324
1226
1312
1172
1283
1251
1228
1262
1186
1265
1240
1275
1212
1261
1235
1256
1251
1238
1265
1228
1252
1229
1300
1235
1300
1257
1277
1275
1273
1297
1263
1302
1231
1282
1216
1284
1200
1267
1202
1247
1198
1247
1203
1246
1246
1267
1245
1284
1269
1320
1262
1323
1250
1318
1227
1316
1239
1288
1211
1273
1203
1234
1212
1238
1207
1244
1198
1249
1221
1250
1235
1279
1222
1285
1185
1286
1232
1278
1215
1272
1194
1231
1194
1220
1174
1216
1163
1214
1139
1224
1154
1235
1163
1279
1192
1282
1211
1303
1199
1319
1212
1301
1196
1288
1191
1292
1181
1242
1195
1238
1235
1255
1206
1278
1248
1291
1279
1325
1301
1328
1308
1315
1307
1297
1294
1273
1279
1228
1282
1223
1280
1232
1269
1245
1290
1266
1284
1282
1307
1283
1302
1284
1321
1251
1302
1238
1268
1255
1233
1229
1203
1231
1190
1234
1189
1262
1190
1277
1187
1278
1214
1294
1212
1279
1193
1258
1182
1243
1180
1239
1132
1273
1131
1237
1074
1249
1174
1259
1178
1280
1201
1322
1240
1292
1215
1289
1228
1276
1236
1257
1229
1228
1221
1240
1193
1252
1197
1241
1202
1268
1231
1291
1243
1310
1252
1308
1284
1315
1286
1302
1266
1195
1264
1237
1245
1239
1222
1236
1216
1252
1235
1272
1219
1303
1260
1317
1297
1314
1294
1352
1283
1283
1244
1257
1258
1230
1235
1235
1231
1226
1257
1250
1257
1263
1240
1286
1241
1296
1239
1300
1214
1281
1154
1269
1176
1261
1153
1253
1158
1244
1181
1246
1169
1258
1199
1263
1202
1281
1220
1276
1187
1271
1193
1250
1216
1254
1171
1264
1176
1237
1191
1225
1229
1236
1256
1247
1295
1249
1319
1259
1328
1274
1315
1273
1297
1269
1266
1257
1230
1254
1192
1247
1191
1244
1203
1257
1235
1287
1268
1295
1267
1303
1290
1313
1247
1317
1231
1307
1213
1281
1187
1270
1163
1298
1136
1275
1172
1277
1207
1293
1221
1298
1278
1307
1313
1260
1309
1274
1305
1268
1302
1250
1284
1247
1250
1255
1249
1261
1232
1262
1244
1269
1272
1273
1267
1257
1270
1238
1258
1236
1250
1241
1178
1234
1192
1238
1192
1259
1148
1262
1146
1274
1147
1263
1147
1279
1125
1265
1147
1250
1160
1243
1129
1262
1133
1246
1163
1246
1155
1267
1164
1281
1179
1292
1204
1286
1207
1287
1217
1273
1269
1257
1235
1228
1252
1229
1230
1200
1249
1240
1245
1239
1300
1292
1332
1320
1336
1312
1372
1324
1337
1299
1326
1283
1309
1250
1300
1233
1274
1265
1228
1236
1270
1261
1305
1294
1300
1316
1326
1343
1350
1327
1346
1299
1302
1276
1308
1230
1320
1205
1261
1193
1246
1204
1208
1190
1226
1254
1215
1290
1232
1301
1255
1295
1262
1275
1260
1263
1227
1222
1204
1201
1191
1193
1146
1201
1122
1219
1113
1241
1107
1287
1094
1324
1116
1313
1145
1325
1127
1312
1134
1290
1113
1259
1130
1239
1150
1237
1124
1244
1160
1268
1112
1274
1118
1343
1110
1345
1149
1328
1171
1307
1191
1283
1213
1257
1256
1221
1297
1223
1317
1226
1307
1230
1314
1206
1288
1268
1260
1277
1222
1272
1267
1262
1261
1250
1263
1239
1328
1232
1340
1239
1386
1240
1416
1257
1409
1258
1382
1276
1326
1271
1286
1278
1248
1278
1241
1261
1249
1260
1245
1240
1307
1247
1354
1250
1367
1261
1367
1258
1355
1263
1312
1268
1235
1255
1189
1242
1185
1228
1133
1246
1135
1236
1158
1236
1244
1257
1162
1276
1230
1265
1241
1283
1208
1275
1163
1282
1116
1272
1069
1287
1043
1275
1019
1281
1057
1288
1074
1300
1147
1314
1185
1321
1207
1299
1206
1303
1212
1289
1180
1269
1148
1266
1155
1251
1131
1258
1175
1263
1230
1274
1247
1310
1279
1300
1289
1288
1340
1283
1337
1268
1327
1249
1326
1241
1303
1278
1293
1248
1291
1258
1292
1259
1293
1266
1290
1277
1294
1274
1299
1260
1254
1233
1294
1246
1260
1232
1263
1229
1229
1236
1217
1236
1191
1236
1218
1239
1219
1246
1190
1287
1206
1250
1197
1259
1209
1258
1208
1258
1228
1254
1235
1270
1230
1288
1230
1287
1239
1263
1220
1282
1208
1287
1193
1272
1191
1269
1206
1279
1208
1286
1216
1304
1229
1302
1237
1310
1223
1309
1190
1288
1156
1278
1159
1252
1142
1239
1137
1252
1163
1235
1168
1267
1219
1255
1271
1265
1281
1268
1266
1268
1272
1264
1260
1238
1250
1215
1240
1205
1265
1201
1280
1205
1326
1219
1322
1247
1414
1251
1434
1248
1419
1320
1384
1281
1309
1260
1294
1237
1238
1243
1230
1226
1249
1237
1254
1273
1261
1318
1272
1304
1295
1318
1326
1327
1184
1318
1172
1313
1128
1304
1084
1222
1077
1269
1093
1268
1121
1284
1143
1300
1194
1317
1195
1323
1231
1321
1226
1297
1180
1325
1156
1270
1108
1253
1124
1243
1113
1239
1164
1249
1219
1278
1239
1305
1268
1295
1289
1295
1273
1281
1227
1258
1179
1237
1156
1220
1133
1210
1117
1195
1157
1218
1173
1244
1208
1263
1239
1269
1281
1264
1279
1266
1284
1242
1284
1223
1249
1219
1247
1205
1235
1208
1267
1222
1300
1229
1350
1241
1389
1252
1399
1252
1421
1239
1415
1244
1389
1229
1380
1220
1351
1209
1327
1216
1319
1218
1329
1222
1324
1253
1295
1256
1297
1266
1259
1267
1242
1264
1241
1265
1206
1255
1190
1269
1179
1275
1165
1297
1142
1325
1156
1333
1150
1343
1142
1335
1125
1328
1142
1308
1133
1324
1136
1305
1156
1309
1173
1321
1154
1352
1170
1319
1202
1325
1189
1309
1190
1300
1186
1280
1202
1275
1172
1263
1202
1258
1257
1250
1235
1246
1229
1278
1225
1237
1219
1250
1199
1244
1199
1230
1209
1214
1149
1209
1216
1209
1230
1209
1243
1217
1265
1223
1269
1236
1268
1241
1258
1227
1267
1227
1318
1222
1268
1201
1269
1193
1282
1144
1278
1216
1275
1229
1322
1243
1327
1280
1298
1279
1301
1287
1311
1275
1248
1281
1228
1261
1230
1258
1229
1264
1213
1277
1239
1298
1235
1322
1237
1314
1243
1345
1212
1337
1204
1323
1176
1307
1172
1278
1199
1245
1181
1231
1217
1244
1200
1211
1245
1251
1247
1272
1265
1280
1268
1262
1267
1238
1253
1234
1230
1216
1219
1218
1224
1209
1208
1219
1233
1234
1241
1246
1256
1255
1268
1268
1263
1263
1269
1268
1251
1262
1244
1273
1201
1269
1211
1264
1247
1277
1245
1281
1250
1294
1248
1276
1258
1304
1245
1305
1251
1284
1261
1267
1265
1257
1244
1253
1240
1250
1260
1252
1248
1280
1227
1272
1244
1272
1215
1262
1202
1262
1189
1254
1195
1228
1189
1225
1168
1227
1168
1262
1128
1257
1147
1267
1149
1288
1145
1286
1146
1292
1143
1302
1136
1289
1136
1281
1176
1266
1194
1275
1186
1286
1206
1298
1228
1313
1269
1327
1225
1327
1236
1275
1256
1291
1236
1284
1258
1268
1269
1247
1299
1237
1317
1239
1316
1257
1325
1237
1300
1242
1314
1235
1301
1229
1316
1200
1327
1196
1308
1202
1306
1173
1319
1176
1338
1186
1324
1198
1303
1202
1334
1218
1321
1242
1295
1214
1293
1238
1281
1241
1248
1242
1247
1242
1276
1248
1240
1265
1277
1277
1288
1305
1301
1370
1255
1332
1199
1329
1201
1324
1171
1309
1163
1284
1152
1281
1139
1306
1141
1278
1146
1297
1146
1302
1141
1311
1143
1293
1135
1324
1122
1339
1099
1281
1140
1286
1084
1276
1095
1266
1092
1263
1121
1258
1121
1285
1192
1283
1241
1306
1237
1346
1251
1315
1237
1306
1248
1290
1235
1259
1236
1263
1240
1252
1257
1261
1284
1263
1297
1265
1316
1260
1324
1268
1297
1270
1280
1280
1269
1247
1256
1230
1236
1220
1224
1201
1255
1203
1237
1201
1258
1205
1269
1211
1312
1218
1317
1231
1301
1261
1320
1236
1313
1236
1317
1231
1315
1230
1324
1225
1315
1208
1314
1231
1333
1230
1335
1233
1342
1249
1329
1258
1300
1256
1286
1261
1249
1252
1231
1251
1205
1248
1178
1241
1180
1252
1126
1248
1161
1252
1174
1270
1168
1292
1176
1288
1172
1297
1171
1304
1132
1307
1141
1289
1139
1304
1124
1302
1133
1307
1172
1314
1201
1358
1237
1334
1268
1342
1295
1337
1296
1334
1306
1332
1298
1348
1276
1301
1255
1309
1229
1306
1225
1303
1217
1291
1286
1282
1281
1266
1303
1247
1326
1246
1302
1232
1264
1229
1235
1220
1209
1243
1168
1219
1132
1214
1152
1210
1171
1212
1196
1169
1236
1205
1269
1201
1268
1215
1243
1198
1240
1225
1254
1234
1176
1244
1210
1256
1182
1221
1198
1283
1204
1265
1232
1257
1269
1254
1288
1255
1291
1268
1271
1264
1253
1278
1249
1292
1212
1303
1189
1304
1178
1297
1178
1312
1184
1286
1215
1268
1245
1259
1230
1263
1235
1261
1203
1275
1209
1283
1183
1295
1212
1288
1221
1281
1239
1246
1283
1262
1290
1248
1330
1231
1362
1233
1355
1258
1338
1246
1348
1241
1345
1258
1330
1252
1351
1241
1370
1229
1361
1221
1366
1219
1400
1219
1367
1223
1351
1238
1312
1254
1293
1270
1234
1285
1237
1288
1245
1290
1212
1283
1207
1288
1195
1250
1179
1268
1161
1264
1163
1279
1145
1284
1085
1284
1116
1294
1118
1294
1090
1332
1101
1275
1113
1276
1121
1258
1116
1248
1123
1205
1166
1254
1133
1261
1091
1255
1135
1251
1138
1296
1113
1300
1154
1294
1184
1286
1184
1274
1198
1272
1195
1271
1202
1284
1209
1296
1218
1299
1236
1293
1253
1293
1287
1290
1295
1283
1311
1242
1332
1251
1335
1244
1310
1236
1311
1236
1335
1228
1349
1228
1395
1216
1431
1203
1419
1204
1424
1207
1405
1203
1404
1202
1365
1208
1344
1203
1335
1219
1316
1226
1294
1236
1339
1238
1341
1236
1345
1249
1309
1253
1295
1258
1276
1260
1251
1250
1208
1271
1179
1273
1188
1280
1168
1286
1178
1278
1190
1285
1229
1270
1229
1267
1196
1282
1188
1266
1145
1273
1127
1273
1108
1275
1112
1270
1118
1281
1136
1292
1169
1287
1198
1278
1209
1286
1196
1296
1177
1298
1149
1299
1137
1318
1124
1311
1123
1307
1147
1309
1182
1305
1181
1297
1238
1277
1259
1292
1282
1289
1276
1295
1261
1321
1259
1301
1229
1299
1246
1271
1276
1250
1290
1238
1306
1223
1344
1223
1361
1221
1346
1229
1336
1228
1330
1242
1303
1246
1295
1245
1228
1247
1281
1260
1279
1228
1268
1274
1267
1230
1226
1239
1245
1241
1196
1275
1213
1272
1217
1285
1204
1307
1183
1287
1190
1270
1221
1264
1248
1260
1208
1251
1243
1261
1263
1263
1245
1191
1240
1265
1244
1262
1239
1270
1230
1256
1252
1235
1235
1221
1295
1206
1324
1165
1311
1263
1322
1223
1260
1246
1300
1261
1282
1263
1294
1256
1296
1266
1275
1268
1294
1244
1300
1250
1290
1255
1275
1267
1262
1251
1274
1292
1260
1304
1266
1303
1271
1293
1255
1293
1241
1278
1221
1266
1243
1252
1213
1255
1228
1259
1249
1261
1240
1289
1240
1286
1218
1290
1225
1307
1216
1280
1203
1277
1218
1274
1157
1268
1157
1280
1152
1283
1142
1289
1184
1296
1168
1303
1160
1322
1176
1327
1195
1312
1204
1319
1158
1308
1175
1294
1144
1286
1152
1277
1170
1279
1198
1266
1226
1277
1237
1278
1275
1277
1287
1257
1316
1244
1317
1233
1298
1216
1285
1202
1280
1206
1268
1235
1273
1212
1313
1218
1336
1232
1324
1268
1344
1223
1378
1223
1346
1215
1306
1216
1275
1210
1263
1223
1211
1225
1239
1228
1305
1235
1305
1211
1340
1250
1342
1243
1349
1250
1325
1256
1277
1254
1272
1250
1210
1234
1228
1244
1223
1246
1229
1247
1261
1255
1281
1273
1285
1286
1287
1280
1301
1286
1312
1284
1231
1274
1205
1272
1157
1240
1125
1292
1088
1296
1136
1297
1173
1317
1186
1309
1234
1313
1284
1297
1244
1314
1216
1299
1194
1311
1172
1310
1117
1313
1129
1311
1140
1297
1177
1275
1226
1285
1249
1282
1296
1265
1310
1235
1315
1266
1336
1263
1293
1254
1290
1262
1231
1218
1229
1253
1228
1257
1258
1247
1277
1243
1301
1223
1341
1237
1338
1221
1330
1239
1338
1239
1308
1247
1278
1253
1227
1253
1204
1251
1186
1252
1180
1236
1193
1240
1201
1229
1229
1233
1216
1230
1216
1221
1252
1231
1212
1235
1176
1247
1132
1220
1130
1256
1110
1261
1118
1244
1095
1238
1177
1228
1188
1235
1209
1232
1234
1242
1234
1252
1220
1270
1229
1278
1216
1275
1219
1282
1235
1290
1261
1275
1313
1282
1320
1276
1360
1287
1354
1289
1394
1275
1425
1282
1403
1267
1392
1268
1382
1272
1366
1280
1349
1276
1375
1265
1407
1261
1400
1266
1425
1260
1424
1254
1444
1272
1352
1259
1316
1243
1284
1261
1219
1262
1202
1267
1200
1264
1206
1264
1225
1268
1221
1287
1219
1286
1181
1294
1173
1294
1139
1298
1104
1255
1054
1273
1049
1278
1041
1265
1049
1267
1077
1280
1076
1289
1066
1288
1130
1298
1139
1298
1114
1281
1111
1272
1088
1267
1062
1259
1030
1251
1066
1244
1074
1261
1141
1259
1191
1264
1230
1291
1265
1268
1251
1265
1273
1254
1259
1244
1258
1231
1256
1234
1257
1232
1297
1232
1346
1218
1388
1238
1427
1243
1449
1261
1466
1267
1447
1267
1429
1238
1422
1250
1389
1239
1384
1230
1376
1237
1398
1220
1389
1228
1441
1194
1459
1241
1428
1287
1406
1255
1379
1256
1350
1248
1314
1241
1291
1231
1263
1225
1258
1240
1276
1239
1260
1235
1264
1246
1262
1270
1228
1277
1188
1285
1144
1292
1119
1292
1073
1298
1038
1290
1049
1296
1023
1294
1046
1291
1054
1293
1099
1300
1104
1316
1072
1354
1074
1339
1049
1351
1045
1333
1045
1318
1076
1309
1084
1279
1143
1282
1164
1262
1201
1253
1239
1265
1258
1261
1260
1274
1282
1271
1247
1272
1295
1254
1306
1236
1315
1253
1339
1235
1316
1210
1381
1232
1414
1256
1434
1252
1453
1264
1437
1277
1431
1271
1387
1269
1380
1261
1351
1255
1299
1250
1324
1253
1337
1248
1339
1221
1348
1246
1350
1251
1326
1244
1290
1249
1273
1251
1226
1256
1213
1239
1202
1248
1171
1272
1153
1253
1141
1249
1162
1254
1149
1265
1156
1244
1163
1242
1175
1244
1110
1231
1107
1205
1099
1223
1079
1228
1068
1227
1080
1240
1099
1294
1116
1247
1157
1254
1208
1247
1194
1246
1183
1238
1202
1242
1211
1244
1217
1254
1240
1270
1239
1266
1289
1283
1316
1294
1379
1290
1404
1278
1431
1235
1433
1294
1410
1290
1365
1299
1378
1305
1359
1308
1358
1310
1366
1303
1375
1305
1388
1303
1405
1292
1414
1294
1387
1295
1365
1301
1315
1287
1293
1283
1280
1289
1237
1280
1228
1286
1216
1269
1225
1295
1226
1293
1238
1282
1254
1273
1223
1284
1177
1283
1148
1273
1117
1290
1069
1285
1054
1279
1081
1272
1076
1260
1097
1243
1190
1197
1165
1218
1150
1214
1088
1218
1100
1221
1038
1231
1043
1234
1066
1233
1069
1215
1115
1216
1171
1188
1205
1203
1241
1213
1277
1217
1284
1232
1202
1241
1273
1256
1276
1269
1265
1283
1295
1265
1337
1268
1374
1267
1396
1259
1444
1251
1537
1263
1502
1261
1479
1247
1451
1196
1430
1277
1365
1270
1383
1264
1404
1256
1392
1248
1407
1245
1421
1234
1421
1236
1405
1244
1380
1247
1341
1245
1287
1254
1259
1274
1228
1274
1208
1255
1224
1271
1210
1283
1197
1278
1182
1276
1181
1286
1168
1299
1127
1303
1105
1291
1055
1291
1029
1324
1016
1284
1051
1301
1047
1295
1046
1282
1078
1275
1075
1270
1075
1277
1078
1274
1081
1267
1089
1269
