982
1237
1376
1268
1381
1277
1346
1242
1156
1253
1151
1252
1167
1245
1086
1300
1123
1278
1188
1281
1197
1289
1188
1298
1229
1276
1241
1291
1261
1303
1248
1297
1230
1308
1274
1315
1283
1306
1278
1311
1277
1273
1357
1289
1309
1294
1333
1295
1328
1286
1311
1284
1326
1283
1301
1277
1290
1261
1290
1280
1318
1259
1274
1257
1263
1262
1304
1251
1257
1249
1284
1238
1372
1237
1232
1223
1278
1225
1278
1233
1307
1234
1226
1212
1227
1202
1211
1197
1159
1194
1192
1202
1183
1210
1163
1203
1216
1206
1130
1221
1175
1224
1157
1221
1152
1238
1110
1250
1171
1241
1171
1258
1170
1298
1177
1278
1176
1287
1191
1289
1195
1301
1201
1329
1230
1309
1226
1320
1228
1336
1320
1319
1255
1367
1268
1335
1233
1340
1267
1337
1289
1327
1297
1332
1299
1326
1306
1313
1322
1314
1267
1314
1289
1299
1334
1287
1370
1274
1281
1301
1292
1251
1301
1271
1285
1270
1289
1262
1293
1262
1303
1245
1291
1246
1312
1241
1288
1244
1276
1237
1277
1233
1254
1231
1177
1261
1240
1225
1238
1224
1207
1218
1218
1209
1217
1211
1209
1216
1153
1212
1184
1201
1203
1207
1201
1196
1171
1208
1174
1196
1163
1211
1155
1220
1102
1217
1201
1243
1098
1227
1143
1249
1177
1250
1152
1269
1155
1234
1158
1279
1119
1282
1163
1290
1156
1299
1125
1304
1173
1306
1191
1315
1151
1387
1205
1316
1166
1324
1226
1313
1221
1318
1262
1314
1276
1327
1270
1340
1289
1334
1284
1327
1297
1322
1297
1317
1282
1307
1290
1299
1299
1297
1331
1258
1240
1277
1288
1263
1301
1263
1253
1259
1273
1250
1259
1239
1279
1238
1250
1234
1259
1264
1272
1240
1252
1237
1224
1223
1182
1238
1299
1212
1242
1212
1243
1209
1216
1197
1203
1195
1200
1182
1176
1197
1198
1185
1187
1184
1154
1204
1165
1203
1168
1218
1178
1232
1105
1282
1152
1247
1157
1271
1209
1283
1195
1279
1228
1294
1236
1293
1234
1314
1250
1313
1285
1309
1283
1310
1312
1304
1317
1302
1368
1286
1314
1300
1274
1305
1255
1304
1258
1351
1241
1347
1233
1367
1309
1382
1265
1399
1301
1423
1296
1378
1336
1421
1332
1410
1360
1372
1371
1336
1449
1281
1385
1272
1342
1226
1350
1197
1327
1161
1306
1121
1283
1062
1257
1011
1210
971
1123
933
1096
886
1011
906
907
947
932
949
727
1001
685
1027
692
1073
692
1096
704
1134
734
1175
765
1229
760
1286
839
1343
933
1411
1016
1455
1126
1470
1294
1484
1444
1462
1509
1422
1617
1378
1675
1336
1674
1314
1701
1304
1712
1311
1715
1304
1726
1329
1702
1341
1640
1346
1551
1333
1468
1347
1315
1364
1271
1345
1194
1371
1146
1415
1036
1413
994
1432
965
1448
903
1443
890
1435
847
1414
822
1396
847
1372
881
1349
898
1332
1078
1333
1186
1321
1285
1301
1405
1267
1508
1226
1570
1184
1587
1131
1591
1076
1565
1065
1569
1038
1510
1032
1471
1035
1410
1048
1421
1064
1248
1094
1284
1128
1258
1155
1253
1176
1229
1185
1219
1204
1210
1191
1199
1150
1189
1196
1169
1199
1200
1200
1170
1189
1195
1199
1266
1216
1196
1213
1193
1237
1201
1229
1185
1308
1154
1334
1173
1321
1205
1386
1181
1394
1124
1405
1129
1393
1067
1407
1003
1411
866
1419
1010
1428
917
1369
971
1355
1015
1322
1032
1306
1080
1310
1093
1302
1111
1286
1104
1280
1130
1271
1145
1232
1179
1192
1253
1185
1284
1173
1341
1177
1342
1164
1461
1150
1419
1156
1418
1153
1430
1177
1355
1204
1299
1225
1282
1228
1196
1245
1231
1248
1172
1244
1178
1226
1171
1226
1325
1202
1279
1208
1334
1252
1322
1232
1336
1240
1334
1237
1323
1237
1299
1238
1262
1254
1246
1268
1256
1282
1231
1320
1252
1313
1267
1310
1191
1310
1143
1310
1079
1315
1073
1286
983
1294
997
1302
985
1303
979
1299
1015
1298
989
1327
1048
1327
1020
1329
1059
1404
1095
1412
1145
1428
1321
1443
1373
1472
1433
1456
1517
1450
1545
1423
1580
1385
1596
1337
1608
1284
1607
1250
1577
1231
1545
1212
1516
1193
1491
1192
1442
1187
1438
1162
1402
1155
1297
1149
1307
1128
1276
1114
1233
1108
1200
1120
1116
1109
1095
1122
1064
1162
1090
1175
1064
1195
1088
1202
1089
1226
1095
1242
1151
1255
1102
1264
1061
1278
1023
1296
1040
1276
1031
1274
1088
1231
1052
1253
1076
1239
1054
1233
1086
1237
1042
1238
1077
1243
1177
1264
1183
1285
1190
1315
1228
1318
1253
1346
1214
1360
1244
1351
1250
1331
1272
1320
1265
1326
1343
1314
1396
1328
1415
1340
1438
1358
1425
1366
1386
1383
1315
1401
1330
1407
1361
1383
1432
1375
1403
1393
1450
1342
1461
1269
1491
1282
1459
1253
1463
1217
1449
1188
1386
1184
1368
1162
1320
1157
1312
1154
1284
1156
1206
1168
1208
1166
1177
1178
1149
1186
1125
1207
1072
1209
1048
1222
986
1246
981
1245
970
1241
1000
1234
1010
1231
1011
1244
1018
1212
1099
1203
1100
1194
1144
1187
1168
1202
1179
1193
1195
1200
1187
1198
1182
1201
1208
1219
1263
1227
1285
1235
1325
1257
1313
1284
1342
1289
1286
1295
1219
1308
1176
1319
1129
1298
1163
1342
1205
1352
1187
1349
1185
1363
1231
1359
1219
1376
1188
1369
1184
1366
1225
1355
1253
1332
1284
1318
1387
1276
1348
1253
1332
1240
1301
1215
1234
1176
1182
1171
1160
1180
1222
1192
1182
1219
1190
1249
1247
1251
1191
1280
1123
1289
1113
1283
1101
1281
1098
1268
1117
1270
1159
1249
1223
1251
1244
1230
1255
1203
1251
1192
1269
1182
1324
1193
1288
1197
1312
1205
1389
1227
1411
1239
1416
1246
1379
1237
1394
1245
1350
1250
1311
1256
1258
1280
1261
1314
1176
1370
1306
1367
1256
1377
1248
1383
1191
1374
1159
1380
1143
1383
1146
1372
1176
1362
1209
1355
1234
1345
1238
1327
1254
1311
1248
1294
1248
1251
1228
1249
1181
1250
1211
1245
1184
1257
1216
1250
1174
1250
1164
1230
1150
1237
1128
1254
1099
1217
1102
1213
1155
1210
1195
1206
1218
1194
1162
1209
1268
1207
1221
1196
1164
1212
1191
1218
1203
1244
1234
1232
1263
1266
1287
1259
1332
1244
1289
1238
1230
1223
1221
1194
1209
1192
1144
1169
1233
1171
1245
1181
1276
1183
1262
1182
1253
1188
1227
1204
1177
1220
1219
1244
1186
1266
1221
1296
1233
1320
1229
1302
1238
1338
1173
1335
1165
1336
1119
1331
1132
1331
1207
1344
1234
1346
1294
1347
1365
1322
1347
1372
1280
1363
1295
1354
1276
1363
1239
1343
1267
1338
1256
1327
1362
1314
1337
1293
1328
1263
1381
1234
1250
1218
1220
1180
1204
1213
1172
1218
1160
1245
1192
1251
1162
1246
1137
1253
1175
1247
1191
1260
1159
1216
1220
1230
1202
1219
1253
1221
1277
1212
1292
1196
1285
1182
1195
1152
1178
1167
1133
1181
1143
1196
1157
1206
1217
1229
1118
1248
1127
1263
1213
1242
1134
1258
1118
1257
1108
1264
1080
1274
1116
1285
1114
1287
1172
1276
1160
1265
1189
1250
1157
1254
1134
1255
1175
1261
1221
1295
1253
1298
1286
1308
1265
1306
1366
1304
1360
1271
1339
1292
1307
1293
1278
1311
1317
1318
1337
1325
1403
1339
1480
1326
1478
1364
1420
1313
1377
1353
1307
1307
1274
1313
1303
1316
1316
1321
1279
1302
1306
1284
1286
1267
1198
1233
1143
1203
1194
1182
1095
1154
1061
1176
1132
1185
1187
1181
1210
1162
1216
1179
1181
1170
1155
1161
1090
1182
1088
1198
1141
1211
1152
1221
1183
1234
1206
1198
1209
1210
1090
1223
1125
1210
1138
1214
1150
1218
1182
1247
1235
1264
1286
1278
1330
1299
1281
1314
1215
1324
1219
1322
1193
1323
1244
1339
1250
1342
1283
1329
1316
1323
1344
1309
1334
1285
1283
1253
1279
1213
1226
1255
1212
1275
1200
1257
1267
1309
1276
1316
1292
1304
1283
1288
1284
1290
1208
1279
1209
1279
1248
1277
1214
1284
1246
1284
1274
1264
1255
1244
1227
1232
1127
1218
1109
1193
1094
1204
1040
1280
1101
1248
1202
1240
1274
1241
1274
1234
1246
1210
1211
1184
1144
1188
1101
1173
1105
1179
1173
1188
1217
1194
1199
1201
1269
1203
1209
1209
1241
1167
1211
1236
1154
1252
1194
1288
1250
1319
1326
1328
1374
1321
1456
1309
1417
1310
1354
1323
1317
1302
1291
1332
1314
1349
1366
1380
1384
1383
1462
1382
1422
1370
1381
1354
1318
1335
1263
1329
1235
1334
1246
1337
1308
1343
1302
1338
1332
1300
1311
1283
1256
1262
1127
1273
1135
1247
1108
1237
1137
1262
1151
1263
1207
1258
1225
1245
1222
1234
1113
1220
1101
1213
1061
1221
1037
1232
1077
1261
1181
1258
1196
1252
1246
1224
1233
1198
1216
1172
1173
1158
1145
1154
1202
1186
1168
1189
1233
1216
1323
1177
1350
1214
1302
1214
1239
1227
1228
1243
1189
1231
1205
1279
1181
1304
1248
1321
1303
1319
1341
1298
1308
1278
1192
1248
1240
1248
1197
1260
1181
1289
1276
1305
1337
1316
1364
1316
1416
1314
1437
1339
1339
1290
1288
1292
1254
1295
1235
1315
1282
1313
1284
1312
1333
1282
1359
1254
1293
1219
1204
1201
1146
1207
1112
1210
1112
1236
1220
1268
1236
1287
1254
1288
1263
1273
1224
1261
1169
1216
1114
1221
1078
1222
1089
1250
1105
1249
1205
1260
1245
1249
1271
1231
1107
1209
1138
1246
1134
1220
1094
1236
1138
1255
1219
1278
1263
1271
1327
1272
1328
1251
1270
1226
1210
1213
1160
1219
1142
1212
1284
1262
1197
1301
1321
1287
1379
1275
1382
1266
1350
1240
1299
1227
1231
1218
1219
1260
1346
1301
1359
1293
1405
1313
1421
1294
1404
1289
1276
1308
1252
1289
1187
1302
1223
1324
1268
1359
1295
1372
1352
1379
1375
1349
1353
1322
1283
1278
1179
1272
1125
1261
1145
1276
1128
1283
1155
1282
1237
1226
1312
1243
1204
1215
1175
1174
1142
1175
1088
1168
1089
1194
1135
1191
1263
1235
1306
1227
1305
1210
1331
1188
1225
1175
1183
1182
1152
1201
1139
1228
1166
1269
1230
1295
1324
1290
1287
1276
1273
1222
1214
1243
1156
1227
1116
1257
1120
1279
1203
1305
1260
1307
1388
1309
1331
1287
1347
1263
1314
1257
1231
1270
1194
1288
1197
1297
1277
1338
1345
1331
1388
1305
1425
1274
1374
1248
1314
1218
1237
1248
1159
1300
1234
1298
1306
1332
1361
1338
1433
1329
1438
1308
1380
1296
1316
1286
1188
1289
1154
1321
1145
1335
1229
1353
1329
1325
1340
1328
1334
1282
1272
1240
1197
1213
1127
1208
1126
1225
1119
1234
1210
1242
1229
1243
1285
1205
1289
1170
1218
1188
1129
1147
1041
1146
1084
1169
1132
1208
1156
1214
1283
1218
1324
1218
1337
1183
1264
1156
1206
1151
1155
1163
1058
1204
1166
1228
1248
1258
1319
1266
1366
1264
1281
1261
1263
1286
1293
1206
1151
1294
1141
1324
1211
1348
1308
1382
1367
1377
1414
1344
1381
1322
1353
1293
1258
1282
1212
1277
1245
1325
1246
1356
1284
1378
1361
1366
1387
1335
1334
1326
1232
1280
1156
1268
1086
1287
1063
1304
1158
1333
1218
1332
1294
1317
1318
1278
1307
1211
1175
1219
1057
1222
1077
1239
1045
1252
1118
1308
1189
1312
1277
1285
1346
1246
1314
1214
1234
1199
1153
1182
1123
1207
1140
1244
1196
1253
1291
1269
1395
1240
1444
1208
1417
1186
1317
1149
1237
1177
1174
1176
1192
1246
1259
1269
1376
1285
1452
1273
1455
1220
1431
1198
1329
1190
1259
1222
1198
1249
1289
1285
1372
1315
1519
1311
1538
1303
1543
1266
1455
1249
1333
1249
1222
1247
1155
1299
1142
1325
1220
1360
1314
1348
1357
1316
1399
1279
1228
1300
1165
1243
1072
1254
1049
1295
1078
1325
1175
1288
1262
1334
1277
1296
1269
1247
1194
1216
1078
1198
999
1214
938
1238
997
1272
1126
1291
1260
1200
1316
1214
1282
1188
1216
1172
1089
1166
1023
1187
1007
1245
1105
1277
1217
1284
1281
1299
1358
1257
1294
1228
1207
1229
1121
1195
1083
1244
1142
1305
1242
1317
1363
1336
1427
1322
1482
1260
1447
1235
1330
1205
1234
1209
1130
1242
1175
1250
1281
1314
1310
1371
1491
1355
1575
1289
1447
1262
1346
1240
1252
1243
1186
1272
1146
1350
1197
1370
1282
1370
1389
1352
1371
1312
1312
1267
1216
1235
1082
1246
1008
1304
1087
1333
1137
1330
1273
1325
1335
1293
1414
1243
1295
1201
1213
1173
1101
1144
1063
1221
1166
1263
1215
1289
1318
1278
1424
1238
1457
1190
1354
1173
1296
1173
1113
1158
1211
1207
1172
1254
1275
1293
1388
1283
1481
1269
1475
1229
1390
1208
1265
1202
1168
1235
1159
1286
1196
1321
1279
1363
1428
1361
1463
1318
1466
1273
1400
1234
1280
1240
1124
1278
1179
1286
1263
1338
1324
1348
1439
1344
1470
1297
1472
1295
1296
1241
1182
1197
1074
1269
1045
1311
1162
1355
1261
1367
1345
1332
1392
1271
1327
1245
1213
1209
1116
1227
951
1225
964
1261
1061
1281
1165
1305
1262
1278
1291
1232
1258
1190
1165
1163
1048
1172
968
1196
997
1255
1054
1294
1176
1313
1290
1283
1355
1234
1300
1189
1216
1198
1117
1153
977
1213
1087
1251
1192
1309
1324
1330
1451
1282
1513
1264
1403
1218
1343
1160
1246
1250
1188
1266
1178
1328
1321
1355
1386
1364
1532
1333
1542
1277
1475
1227
1337
1261
1186
1197
1082
1280
1193
1322
1227
1365
1410
1367
1488
1323
1522
1285
1368
1262
1335
1196
1162
1199
1029
1314
1184
1337
1239
1365
1401
1303
1503
1332
1485
1239
1428
1216
1227
1250
1151
1254
1132
1271
1150
1298
1258
1322
1317
1284
1428
1256
1365
1177
1256
1136
1114
1166
1001
1166
1052
1203
1008
1233
1146
1279
1242
1268
1364
1216
1340
1184
1212
1148
1100
1183
1009
1156
1113
1247
1069
1309
1214
1323
1323
1314
1436
1263
1406
1227
1281
1207
1181
1196
1014
1240
1153
1305
1137
1350
1265
1383
1406
1349
1522
1311
1500
1246
1402
1220
1261
1319
1138
1253
1302
1340
1264
1390
1381
1402
1511
1358
1597
1306
1544
1259
1413
1185
1229
1217
1087
1273
1267
1321
1236
1354
1370
1359
1496
1321
1533
1251
1519
1177
1260
1147
1215
1217
1053
1179
1068
1259
1195
1329
1299
1313
1417
1274
1405
1200
1443
1117
1248
1089
1094
1160
971
1177
1015
1246
1118
1275
1237
1263
1386
1235
1343
1172
1359
1126
1145
1150
996
1177
895
1231
905
1274
1092
1313
1220
1329
1349
1278
1327
1216
1325
1127
1169
1147
1054
1176
845
1246
987
1337
1134
1383
1305
1374
1453
1321
1419
1292
1361
1244
1183
1296
1096
1312
967
1313
1126
1398
1300
1413
1410
1410
1559
1355
1538
1302
1459
1204
1315
1272
1146
1260
1037
1299
1164
1373
1333
1402
1482
1377
1607
1298
1570
1249
1386
1240
1273
1283
1166
1200
969
1272
1201
1326
1338
1329
1465
1296
1580
1215
1505
1177
1341
1168
1152
1128
1029
1110
813
1247
1072
1274
1253
1271
1357
1239
1447
1177
1408
1126
1229
1116
1059
1083
874
1152
754
1258
1144
1300
1216
1326
1345
1300
1405
1245
1413
1214
1195
1205
1083
1216
938
1271
820
1348
1112
1383
1283
1381
1445
1331
1472
1256
1532
1216
1358
1198
1199
1231
1047
1257
928
1356
1277
1384
1409
1392
1540
1350
1524
1286
1582
1252
1346
1196
1254
1258
1057
1289
915
1377
1304
1396
1390
1368
1532
1319
1501
1237
1473
1207
1283
1213
994
1157
886
1231
911
1344
1161
1383
1282
1339
1425
1281
1409
1211
1420
1151
1191
1205
966
1175
862
1274
970
1337
1164
1344
1323
1327
1459
1259
1431
1203
1451
1147
1189
1184
1005
1225
875
1245
1060
1330
1220
1348
1346
1322
1506
1260
1476
1208
1475
1104
1196
1204
1026
1234
884
1260
1122
1377
1253
1380
1412
1344
1564
1270
1546
1229
1451
1180
1218
1196
1035
1252
935
1301
1222
1382
1333
1371
1490
1346
1635
1275
1606
1244
1448
1211
1258
1217
1135
1223
911
1256
1280
1387
1387
1380
1524
1329
1605
1231
1601
1192
1393
1103
1164
1170
1063
1153
816
1220
1193
1368
1275
1323
1426
1255
1449
1207
1454
1183
1224
1178
1086
1194
803
1235
739
1285
1088
1355
1206
1342
1349
1296
1386
1220
1391
1182
1118
1116
1000
1212
810
1191
644
1265
1084
1372
1211
1361
1373
1317
1392
1232
1444
1219
1238
1224
1011
1184
864
1245
728
1288
1208
1405
1347
1384
1531
1372
1545
1261
1550
1234
1318
1214
1098
1189
926
1252
820
1287
1302
1409
1404
1373
1599
1322
1570
1240
1581
1214
1244
1229
1119
1263
935
1238
845
1358
1270
1376
1412
1360
1598
1263
1582
1213
1568
1192
1175
1185
1080
1187
841
1229
778
1350
1269
1375
1411
1325
1586
1274
1542
1214
1537
1191
1269
1198
1060
1153
821
1210
785
1335
1254
1350
1413
1308
1553
1229
1514
1181
1496
1160
1134
1143
967
1241
845
1244
746
1359
1269
1370
1418
1321
1609
1261
1557
1221
1516
1163
1185
1223
970
1195
775
1277
762
1389
1292
1380
1469
1349
1634
1266
1558
1218
1513
1199
1125
1214
939
1207
774
1294
965
1364
1270
1369
1436
1318
1574
1239
1507
1194
1426
1174
1138
1132
889
1200
689
1219
1061
1354
1241
1324
1415
1286
1514
1201
1479
1195
1338
1111
1068
1156
875
1222
674
1239
1068
1368
1254
1344
1463
1301
1500
1210
1504
1184
1337
1104
1071
1186
815
1237
747
1289
1125
1351
1294
1322
1465
1272
1519
1190
1514
1170
1265
1149
1108
1155
829
1221
760
1252
1198
1368
1404
1345
1546
1292
1564
1197
1584
1217
1331
1209
1109
1265
944
1265
788
1331
1261
1412
1419
1382
1602
1339
1594
1253
1602
1237
1269
1215
1073
1243
878
1285
765
1377
1279
1414
1439
1381
1623
1322
1597
1247
1590
1236
1238
1262
1100
1299
909
1284
807
1373
1246
1397
1413
1354
1591
1296
1549
1226
1518
1222
1244
1191
997
1265
846
1257
738
1356
1213
1350
1370
1308
1551
1242
1487
1190
1444
1120
1104
1144
870
1187
747
1255
634
1323
1159
1322
1344
1273
1526
1196
1474
1164
1445
1124
1070
1131
947
1167
714
1231
704
1360
1262
1337
1444
1296
1630
1227
1576
1189
1531
1149
1194
1146
993
1179
754
1255
985
1363
1296
1346
1436
1307
1644
1245
1586
1195
1460
1210
1132
1237
926
1279
829
1327
1115
1401
1301
1387
1485
1344
1615
1269
1559
1252
1374
1193
1088
1262
930
1276
701
1319
1115
1427
1275
1398
1453
1341
1517
1258
1523
1225
1297
1198
1047
1252
913
1222
692
1289
1128
1371
1286
1342
1456
1296
1479
1206
1499
1187
1279
1195
984
1175
812
1204
647
1285
1111
1368
1295
1339
1486
1268
1509
1210
1544
1191
1303
1109
1076
1191
853
1215
727
1310
1215
1356
1370
1310
1580
1252
1379
1236
1774
1184
1281
1161
1094
1162
891
1234
797
1351
1247
1371
1400
1343
1586
1276
1399
1243
1628
1173
1254
1185
1083
1199
802
1253
736
1383
1110
1382
1349
1336
1554
1199
1643
1275
1583
1210
1263
1192
1030
1256
777
1282
707
1391
1164
1361
1332
1348
1199
1224
1592
1267
1573
1144
1149
1166
947
1243
752
1295
1121
1368
1215
1366
1377
1322
1318
1220
1626
1237
1342
1145
1144
1184
916
1250
697
1226
1084
1344
1170
1317
1349
1270
1141
1198
1589
1201
1322
1150
1154
1154
938
1204
763
1276
1097
1315
1201
1311
1389
1185
1196
1161
1734
1221
1411
1125
1117
1175
928
1189
788
1333
1121
1357
1214
1341
1399
1306
1310
1176
1704
1228
1381
1163
1144
1229
962
1172
785
1341
1152
1370
1246
1342
1436
1246
1260
1168
1755
1276
1425
1233
1163
1191
928
1246
1072
1404
1113
1418
1221
1393
1412
1316
1224
1294
1736
1302
1264
1205
1070
1286
831
1318
1038
1451
1129
1416
1225
1379
1060
1266
1220
1222
1730
1222
1277
1191
1006
1165
815
1246
1066
1341
1076
1345
1239
1305
1089
1192
1194
1154
1696
1164
1260
1123
944
1148
808
1236
1075
1339
1111
1319
1245
1291
1031
1127
1264
1210
1730
1162
1199
1160
1028
1202
806
1171
1103
1301
1118
1310
1273
1260
1164
1111
1311
1201
1796
1119
1190
1133
1019
1181
788
1319
1150
1361
1191
1372
1370
1269
1153
1196
1315
1294
1784
1243
1242
1285
1047
1267
783
1423
1123
1458
1175
1443
1336
1387
1223
1296
1638
1309
1518
1246
1216
1281
1004
1282
836
1368
1142
1412
1191
1386
1349
1304
1159
1238
1639
1250
1622
1172
1132
1159
940
1183
1088
1333
1067
1358
1126
1335
1309
1183
1152
1167
1656
1221
1327
1160
1148
1169
913
1172
873
1311
1069
1313
1164
1307
1010
1140
1129
1116
1698
1187
1293
1081
1063
1149
890
1159
1068
1284
1036
1294
1139
1278
1037
1152
1188
1141
1714
1191
1316
1168
1152
1200
855
1214
1156
1327
1137
1367
1241
1346
1038
1215
1272
1249
1804
1258
1338
1259
1181
1306
924
1345
1168
1444
1170
1451
1294
1375
1162
1332
1374
1308
1855
1340
1407
1272
1188
1321
950
1406
1213
1452
1231
1464
1347
1381
1148
1256
1299
1296
1866
1230
1334
1169
1089
1210
882
1303
1149
1332
1155
1316
1210
1221
1068
1170
1279
1173
1735
1095
1183
1113
949
1116
1079
1217
1020
1269
1035
1279
1181
1228
961
1126
1160
1196
1667
1139
1117
1119
923
1207
1040
1285
1055
1317
1094
1312
899
1182
1100
1178
1634
1193
1703
1110
1216
1143
947
1130
1164
1267
1111
1310
1150
1307
919
1253
1132
1216
1579
1256
1494
1153
1083
1216
937
1285
1061
1407
1032
1429
1080
1438
876
1387
1123
1312
1527
1380
1567
1303
1092
1351
909
1372
1108
1449
1124
1458
1211
1409
1025
1304
1236
1277
1746
1294
1348
1242
1217
1272
956
1339
1232
1384
1207
1369
1271
1326
1003
1217
1243
1166
1738
1229
1329
1189
1155
1141
1052
1275
1188
1301
1205
1256
1280
1156
1057
1143
1282
1103
1735
1125
1278
1030
1041
1143
1013
1203
1133
1261
1152
1269
1196
1176
1082
1094
1238
1161
1699
1183
1225
1161
1007
1214
1204
1284
1143
1348
1166
1349
1264
1226
1058
1212
1168
1243
1662
1257
1161
1276
968
1301
1206
1407
1207
1448
1259
1444
1362
1370
1133
1290
1320
1319
1746
1211
1204
1281
1005
1292
1249
1380
1236
1410
1266
1409
1038
1375
1193
1252
1296
1299
1690
1197
1120
1228
962
1263
1006
1393
1182
1414
1202
1315
1009
1227
1039
1160
1491
1235
1378
1187
1078
1149
851
1152
1164
1291
1176
1313
1246
1292
953
1137
1100
1108
1567
1163
1502
1134
1107
1127
867
1196
1115
1244
1166
1255
1214
1228
965
1137
1106
1051
1454
1133
1197
1083
1000
1116
881
1239
1068
1313
1173
1344
1237
1275
960
1201
1133
1158
1657
1263
1280
1196
1124
1241
1046
1358
1246
1391
1304
1404
1394
1321
1131
1281
1309
1262
1737
1302
1280
1218
1088
1314
1235
1390
1309
1461
1331
1464
1365
1388
1160
1301
1247
1358
1650
1337
1147
1301
1012
1320
1217
1350
1191
1364
1217
1356
1285
1206
1006
1142
1071
1162
1525
1171
1032
1156
834
1168
1130
1228
1150
1326
1196
1333
1038
1254
1128
1166
1270
1243
1665
1208
1146
1191
1039
1167
1041
1252
1265
1302
1303
1275
1062
1158
1118
1076
1219
1159
1596
1059
1025
1079
934
1101
1033
1229
1299
1246
1368
1252
1072
1087
1203
1132
1488
1197
1682
1165
1130
1190
949
1262
1108
1293
1284
1328
1297
1314
1022
1268
1119
1222
1465
1303
1306
1217
913
1252
883
1400
1069
1424
1212
1436
1287
1358
1032
1275
1105
1285
1499
1291
1220
1233
946
1194
925
1318
1110
1346
1228
1339
1291
1273
1004
1179
1043
1146
1449
1189
1185
1147
942
1179
1111
1249
1153
1320
1257
1308
1322
1204
1039
1213
1083
1212
1531
1224
1060
1193
944
1211
1207
1242
1264
1315
1351
1307
1442
1175
1126
1156
1182
1160
1667
1228
1274
1133
1128
1205
1335
1247
1440
1263
1523
1271
1205
1144
1187
1142
1429
1232
1627
1260
1130
1182
985
1244
1263
1338
1316
1392
1357
1404
1072
1310
1058
1245
1108
1347
1446
1371
957
1314
814
1328
1139
1375
1268
1388
1305
1347
1033
1231
1043
1245
1085
1253
1412
1213
905
1239
791
1325
1002
1352
1296
1380
1339
1425
1035
1257
1009
1238
1387
1331
1431
1225
922
1225
942
1303
1145
1293
1382
1275
1419
1198
1106
1062
1111
1098
1449
1135
1395
1087
1002
1075
974
1177
1133
1227
1455
1208
1537
1129
1189
1139
1229
1111
1637
1211
1235
1127
1011
1182
987
1303
1318
1309
1440
1311
1466
1224
1081
1210
1161
1230
1497
1321
1038
1244
876
1319
1143
1375
1220
1439
1370
1426
1437
1339
1133
1294
1116
1317
1486
1306
1043
1192
918
1247
1049
1316
1236
1361
1322
1361
1374
1250
956
1254
966
1245
1376
1347
937
1265
805
1320
1148
1365
1261
1388
1390
1377
1140
1307
1219
1294
1309
1290
1617
1310
1107
1276
1032
1186
1201
1299
1449
1301
1545
1303
1271
1137
1272
1184
1287
1227
1635
1169
1152
1173
1068
1152
1210
1167
1444
1202
1506
1219
1189
1097
1209
1148
1249
1185
1497
1136
958
1143
848
1275
1015
1270
1325
1311
1429
1289
1150
1184
1140
1173
1529
1239
1397
1196
985
1214
889
1281
1015
1289
1405
1296
1477
1234
1095
1173
1410
1234
1420
1345
1258
1309
836
1301
801
1431
1000
1445
1276
1427
1347
1331
987
1292
985
1323
1405
1353
1014
1225
810
1297
842
1312
1073
1310
1317
1271
1390
1199
1089
1161
1087
1116
1432
1258
970
1228
869
1245
1222
1265
1267
1301
1465
1301
1581
1217
1223
1232
1321
1208
1574
1273
1124
1250
936
1209
1360
1270
1389
1284
1528
1256
1293
1134
1223
1214
1305
1178
1618
1254
1072
1211
1048
1194
1405
1244
1441
1294
1559
1270
1277
1226
1260
1226
1157
1242
1521
1286
997
1262
961
1254
1153
1313
1361
1351
1409
1339
1020
1220
1379
1236
987
1338
1342
1326
815
1256
750
1286
1075
1334
1282
1340
1372
1314
986
1174
1115
1193
1028
1260
1365
1305
885
1251
858
1321
1014
1283
1342
1270
1428
1194
1057
1220
1387
1207
1023
1272
1413
1224
925
1195
967
1304
1186
1267
1473
1252
1540
1143
1188
1160
1516
1158
1480
1203
1344
1214
1011
1200
961
1302
1207
1322
1489
1289
1551
1216
1131
1191
1391
1242
1455
1275
1264
1275
962
1309
1324
1320
1235
1340
1543
1325
1641
1196
1202
1269
1257
1178
1534
1333
1007
1282
889
1331
1190
1337
1209
1353
1394
1324
1464
1191
1054
1167
1076
1169
1439
1313
939
1270
879
1234
1268
1324
1297
1339
1453
1325
1187
1218
1142
1300
1107
1300
1406
1333
881
1243
862
1287
1198
1304
1294
1305
1419
1259
1170
1185
1151
1195
1091
1220
1442
1251
998
1212
875
1229
1244
1266
1366
1280
1503
1254
1142
1121
1527
1166
1113
1142
1467
1255
1000
1220
907
1269
1007
1239
1383
1253
1467
1216
1155
1131
1467
1162
1008
1247
1446
1207
926
1242
893
1325
1246
1290
1433
1394
1535
1226
1155
1240
1510
1269
1166
1317
1524
1272
1006
1256
958
1383
1246
1352
1488
1358
1583
1255
1179
1261
1370
1231
1465
1362
1283
1283
959
1291
931
1383
1191
1359
1466
1345
1475
1186
1125
1266
1223
1221
1385
1297
1195
1205
881
1281
1076
1315
1080
1335
1371
1316
1434
1216
1118
1254
1156
1221
1457
1309
1041
1216
932
1235
999
1301
1257
1280
1459
1235
1220
1093
1473
1193
1229
1195
1520
1222
1084
1227
921
1221
1287
1251
1342
1286
1479
1260
1161
1158
1313
1250
1145
1183
1500
1326
1021
1317
976
1280
1129
1334
1341
1337
1496
1310
1230
1186
1244
1235
1196
1280
1567
1357
1115
1284
980
1278
1322
1326
1435
1344
1534
1327
1218
1223
1569
1314
1181
1267
1518
1333
967
1349
881
1422
1068
1367
1387
1366
1480
1339
1161
1206
1507
1209
1158
1304
1457
1245
947
1222
926
1267
1112
1259
1445
1279
1498
1175
1151
1164
1386
1147
963
1209
1424
1174
920
1147
869
1270
1098
1221
1363
1216
1444
1156
1081
1115
1166
1121
1408
1218
1256
1177
945
1200
954
1321
1143
1315
1422
1310
1504
1234
1133
1268
1224
1145
1436
1272
1161
1235
954
1269
1213
1285
1181
1314
1450
1301
1501
1237
1202
1280
1180
1239
1324
1348
1147
1280
1013
1329
1326
1357
1207
1388
1453
1357
1172
1286
1537
1298
1132
1224
1511
1347
1083
1311
954
1344
1303
1310
1336
1345
1452
1316
1111
1175
1430
1267
1175
1237
1482
1334
1028
1289
1001
1295
1267
1313
1330
1316
1491
1279
1200
1182
1617
1152
1179
1245
1592
1252
1042
1238
1065
1298
1346
1300
1429
1289
1516
1260
1140
1173
1597
1192
1248
1123
1580
1226
1083
1199
1029
1258
1140
1202
1409
1235
1486
1126
1104
1203
1557
1205
1177
1279
1483
1234
961
1300
888
1352
1047
1385
1339
1393
1413
1336
1109
1307
1365
1217
1151
1288
1455
1236
948
1196
900
1309
1077
1277
1350
1280
1444
1229
1119
1263
1259
1240
1139
1318
1528
1342
1027
1344
1336
1365
1147
1381
1442
1360
1518
1229
1178
1293
1225
1243
1443
1309
1303
1218
1088
1251
1051
1318
1154
1294
1412
1282
1500
1177
1181
1256
1258
1164
1410
1308
1216
1293
1030
1303
1347
1337
1198
1326
1446
1307
1195
1164
1550
1257
1258
1159
1552
1240
1042
1211
947
1200
1263
1247
1211
1274
1383
1256
1163
1132
1478
1248
1212
1212
1519
1313
1037
1262
972
1280
1167
1312
1253
1327
1403
1294
1086
1222
1581
1233
1238
1258
1558
1272
1031
1245
1005
1335
1251
1317
1342
1348
1452
1331
1182
1196
1606
1245
1215
1268
1626
1321
1097
1275
1067
1368
1127
1299
1411
1316
1476
1272
1184
1263
1621
1212
1262
1238
1623
1292
1146
1215
1090
1333
1226
1299
1434
1313
1505
1252
1173
1263
1410
1232
1219
1285
1517
1198
980
1247
901
1295
1156
1254
1366
1268
1435
1135
1272
1247
1224
1151
1128
1270
1498
1224
1026
1254
1235
1297
1073
1311
1318
1312
1372
1168
1227
1253
1174
1173
1309
1311
1175
1192
986
1250
924
1307
1083
1324
1372
1329
1444
1246
1142
1304
1210
1220
1371
1352
1217
1285
1023
1358
1289
1364
1103
1365
1372
1337
1138
1229
1524
1280
1230
1228
1590
1299
1140
1242
1017
1260
1321
1258
1291
1365
1457
1363
1210
1304
1613
1347
1344
1307
1680
1342
1232
1348
1157
1351
1354
1355
1355
1364
1475
1318
1153
1223
1628
1171
1221
1202
1663
1204
1146
1245
1078
1184
1403
1236
1431
1253
1516
1237
1135
1186
1609
1135
1235
1173
1608
1209
1061
1194
1018
1294
1121
1270
1329
1294
1383
1243
1082
1233
1461
1139
1079
1191
1488
1192
957
1187
963
1272
1100
1235
1338
1248
1398
1224
1071
1220
1364
1191
1178
1249
1487
1249
1031
1261
976
1350
1089
1341
1344
1348
1342
1261
1251
1323
1288
1213
1127
1319
1442
1246
1005
1292
1269
1310
1118
1314
1369
1320
1404
1248
1360
1279
1201
1240
1411
1293
1215
1209
1041
1278
920
1316
1089
1345
1355
1326
1079
1229
1520
1299
1196
1239
1185
1301
1154
1211
1055
1242
1328
1291
1128
1310
1361
1287
1045
1175
1492
1244
1158
1140
1563
1272
1170
1171
1093
1178
1345
1256
1299
1306
1451
1275
1181
1167
1590
1255
1268
1151
1612
1282
1140
1216
1093
1248
1124
1268
1310
1304
1426
1285
1019
1229
1534
1219
1192
1213
1543
1278
1086
1220
1036
1339
1123
1312
1366
1348
1462
1336
1142
1256
1596
1187
1206
1217
1593
1232
1066
1252
962
1305
1214
1304
1310
1374
1408
1282
1088
1317
1537
1248
1175
1230
1562
1207
1036
1243
1044
1319
1135
1270
1386
1307
1451
1200
1058
1228
1320
1190
1179
1236
1484
1181
978
1198
921
1321
1084
1311
1297
1342
1335
1234
1252
1306
1204
1226
1128
1285
1392
1271
1011
1222
1220
1278
1029
1290
1359
1304
1404
1186
1365
1269
1154
1225
1382
1287
1181
1223
1079
1265
1062
1351
1176
1337
1442
1331
1086
1247
1560
1303
1280
1165
1313
1274
1247
1171
1096
1220
1378
1234
1165
1276
1415
1262
1070
1208
1485
1215
1120
1147
1501
1280
1033
1214
994
1228
1278
1297
1201
1342
1396
1326
1160
1242
1525
1220
1151
1201
1574
1272
1171
1238
1012
1196
1276
1269
1321
1298
1444
1281
1071
1192
1540
1228
1203
1169
1503
1275
1060
1205
984
1275
1129
1291
1362
1300
1474
1303
1117
1254
1593
1227
1274
1160
1591
1220
1085
1181
1006
1203
1097
1284
1347
1324
1411
1277
1059
1293
1509
1265
1139
1224
1503
1310
1095
1325
1021
1387
1179
1352
1418
1369
1473
1276
1102
1328
1303
1232
1151
1288
1426
1213
999
1205
978
1319
1026
1305
1351
1334
1383
1217
1372
1291
1221
1241
1130
1307
1339
1296
979
1242
1151
1351
1123
1348
1382
1359
1440
1302
1433
1327
1141
1232
1346
1296
1188
1197
1024
1277
1149
1281
1211
1292
1461
1288
1193
1149
1585
1227
1279
1190
1329
1224
1218
1198
1062
1200
1398
1214
1226
1265
1473
1285
1163
1233
1557
1284
1194
1176
1182
1302
1184
1246
1004
1249
1241
1313
1247
1349
1432
1322
1101
1231
1567
1245
1204
1180
1554
1228
1099
1189
1050
1214
1350
1250
1303
1285
1440
1299
1093
1269
1528
1218
1139
1241
1472
1296
1076
1292
973
1297
1068
1330
1291
1369
1392
1343
1064
1271
1505
1268
1175
1177
1529
1174
997
1151
983
1203
1105
1262
1364
1314
1428
1237
997
1269
1456
1194
1111
1177
1512
1222
1018
1204
995
1330
1160
1351
1382
1343
1449
1290
1104
1312
1332
1182
1145
1282
1415
1232
1041
1231
983
1316
1092
1327
1388
1339
1445
1203
1423
1296
1210
1176
1104
1275
1340
1225
969
1275
1260
1292
1151
1322
1406
1344
1465
1296
1465
1280
1151
1232
1357
1302
1099
1249
992
1260
984
1327
1100
1332
1411
1344
1113
1205
1513
1290
1144
1210
1263
1269
1115
1224
1020
1196
1386
1258
1263
1328
1526
1325
1235
1263
1608
1281
1244
1226
1259
1272
1185
1232
1107
1212
1379
1264
1348
1289
1544
1281
1187
1255
1640
1249
1289
1147
1586
1242
1168
1164
1033
1203
1342
1262
1309
1325
1424
1311
1012
1270
1496
1238
1105
1158
1416
1280
1016
1246
940
1276
1097
1280
1262
1334
1388
1313
1057
1291
1480
1197
1101
1213
1514
1224
1050
1252
1006
1295
1154
1316
1438
1354
1498
1327
1169
1312
1577
1261
1226
1154
1553
1272
1111
1264
970
1331
1183
1327
1397
1378
1470
1329
1152
1367
1315
1288
1211
1361
1461
1311
1082
1312
1044
1396
1157
1401
1452
1416
1515
1272
1505
1352
1314
1201
1153
1272
1417
1187
1039
1268
1049
1281
1191
1300
1483
1335
1529
1274
1530
1302
1260
1254
1430
1289
1160
1221
1082
1195
1023
1305
1211
1303
1495
1294
1170
1218
1593
1143
1257
1155
1361
1192
1251
1086
1169
1099
1435
1197
1311
1256
1556
1247
1240
1143
1644
1221
1269
1104
1211
1194
1220
1201
1081
1167
1316
1216
1248
1279
1444
1281
1084
1263
1518
1256
1083
1161
1460
1271
978
1243
961
1261
1281
1321
1248
1385
1365
1393
987
1343
1481
1302
1046
1244
1411
1324
1002
1270
923
1351
1034
1330
1216
1378
1343
1351
1006
1362
1445
1332
1122
1304
1456
1342
1016
1327
899
1332
1123
1388
1311
1408
1391
1321
1023
1357
1477
1277
1154
1247
1507
1220
1052
1171
1030
1251
1189
1246
1436
1285
1492
1215
1135
1246
1512
1147
1189
1230
1550
1150
1114
1170
1128
1283
1274
1279
1535
1307
1606
1168
1582
1252
1402
1190
1296
1211
1501
1122
1103
1213
1235
1263
1230
1265
1476
1310
1514
1255
1496
1310
1205
1233
1212
1291
1383
1250
1073
1310
1370
1272
1198
1378
1436
1381
1079
1261
1520
1319
1143
1241
1145
1294
1066
1221
982
1292
1299
1308
1178
1365
1468
1368
1130
1268
1558
1322
1210
1255
1208
1318
1185
1282
978
1234
1309
1317
1183
1347
1405
1341
1012
1287
1510
1309
1179
1189
1521
1261
1084
1247
979
1185
1341
1275
1316
1327
1460
1327
1097
1274
1588
1207
1196
1207
1549
1243
1114
1191
1013
1245
1141
1267
1297
1303
1409
1290
1057
1292
1525
1226
1147
1191
1549
1251
1089
1216
988
1290
1128
1273
1393
1325
1461
1230
1102
1275
1568
1149
1173
1169
1582
1147
1066
1154
1086
1269
1181
1274
1397
1316
1451
1260
1157
1299
1410
1245
1192
1287
1472
1245
1073
1246
1021
1324
1190
1316
1377
1347
1378
1300
1369
1319
1184
1210
1076
1274
1278
1258
985
1225
1027
1361
1138
1353
1406
1372
1482
1254
1518
1328
1227
1194
1208
1268
1434
1207
1121
1232
1389
1275
1230
1292
1455
1299
1146
1238
1510
1254
1245
1121
1241
1233
1131
1163
1037
1224
1315
1285
1161
1351
1453
1361
1211
1228
1560
1331
1226
1256
1258
1305
1197
1212
1023
1202
1324
1293
1191
1334
1402
1336
1063
1299
1501
1297
1116
1225
1484
1264
1005
1198
1005
1268
1304
1309
1274
1367
1410
1363
1108
1313
1559
1276
1163
1282
1528
1306
1137
1269
1035
1337
1157
1302
1313
1366
1418
1290
1054
1346
1551
1300
1223
1237
1580
1275
1070
1208
987
1257
1191
1296
1376
1306
1466
1298
1104
1305
1553
1203
1179
1228
1553
1276
1109
1243
964
1305
1171
1274
1362
1324
1434
1291
1147
1284
1526
1259
1543
1223
1325
1193
1022
1197
1050
1191
953
1199
955
1305
1448
1263
1503
1245
1492
1197
1333
1186
1289
1216
1212
1253
998
1270
959
1285
1003
1263
1049
1226
1467
1309
1612
1288
1593
1259
1519
1232
1279
1240
1205
1250
1153
1184
995
1257
1069
1226
1169
1195
1186
1237
1573
1248
1487
1264
1375
1298
1126
1296
1099
1314
1133
1323
1091
1246
1075
1214
1132
1238
1118
1271
1490
1324
1426
1344
1325
1357
1261
1343
1138
1346
1202
1304
1243
1326
1096
1310
1092
1317
1092
1330
973
1382
1352
1401
1309
1396
1347
1368
1277
1312
1366
1208
1400
1238
1212
1195
1147
1216
1069
1219
988
1205
1356
1322
1428
1326
1478
1312
1500
1268
1393
1258
1356
1294
1279
1277
1036
1283
1023
1280
1078
1276
1106
1313
1613
1285
1648
1252
1561
1233
1418
1206
1322
1214
1250
1251
1085
1210
1009
1220
1089
1269
1167
1278
1685
1308
1688
1296
1614
1277
1482
1258
1235
1256
1198
1251
1194
1263
1043
1223
1100
1200
1205
1177
1165
1264
1515
1236
1410
1268
1277
1288
1059
1303
1076
1309
1142
1294
1094
1204
1083
1140
1066
1199
1012
1225
1379
1276
1333
1293
1279
1304
1279
1280
1180
1284
1221
1261
1223
1182
1133
1190
1046
1217
903
1255
823
1390
1277
1405
1311
1401
1375
1378
1277
1336
1335
1281
1302
1272
1049
1220
1009
1276
960
1300
950
1262
1354
1385
1482
1368
1553
1361
1565
1306
1400
1317
1347
1324
1290
1314
998
1360
993
1351
1135
1315
1215
1318
1682
1285
1706
1243
1640
1208
1381
1181
1270
1197
1209
1206
990
1219
1060
1201
1138
1222
1214
1130
1612
1260
1586
1285
1481
1286
1363
1268
1167
1272
1178
1279
1250
1210
1161
1219
1226
1195
1217
1136
1134
1211
1481
1237
1372
1265
1222
1263
1155
1255
1219
1260
1307
1261
1234
1246
1206
1177
1147
1236
1054
1173
1329
1310
1342
1314
1333
1316
1383
1279
1262
1234
1317
1216
1294
1224
996
1199
880
1195
832
1242
801
1301
1213
1329
1298
1314
1361
1305
1272
1237
1268
1216
1215
1191
950
1142
943
1175
874
1145
912
1126
1299
1201
1420
1194
1407
1169
1357
1140
1112
1154
992
1174
928
1183
773
1202
757
1215
896
1208
924
1160
1459
1186
1405
1169
1269
1179
1002
1207
888
1282
881
1362
841
1380
930
1383
1085
1408
1217
1385
1556
1468
1677
1444
1578
1440
1502
1496
1253
1507
1297
1555
1424
1539
1348
1474
1559
1478
1654
1365
1544
1317
1855
1275
1709
1238
1557
1267
1381
1299
1184
1374
1355
1433
1293
1422
1203
1397
1241
1279
1130
1166
1124
1176
1383
1111
1279
1102
1189
1175
1034
1247
1058
1358
1126
1453
1023
1378
1048
1356
1127
1223
1119
1079
1553
1050
1534
1026
1485
1059
1403
1153
1313
1276
1372
1373
1423
1340
1398
1249
1399
1130
1421
968
1333
882
1650
873
1472
909
1292
1068
1035
1218
1048
1388
1138
1477
1109
1379
1170
1292
1205
1129
1123
1031
1410
1004
1289
1019
1102
1128
970
1267
809
1435
918
1545
1081
1546
1069
1438
1222
1305
1057
1166
943
1132
1180
1153
1014
1201
907
1332
759
1461
835
1563
1018
1629
1014
1582
1109
1482
1116
1269
1008
1148
1182
1105
1159
1098
1086
1182
1075
1300
1020
1430
1185
1534
1374
1532
1339
1434
1349
1294
1346
1140
1166
972
1536
972
1424
1000
1354
1116
1297
1248
1335
1408
1516
1492
1541
1496
1633
1332
1564
1207
1463
1029
1387
1037
1520
1055
1352
1156
1257
1323
1125
1464
1293
1573
1499
1571
1480
1435
1533
1241
1417
1107
1292
999
1472
1051
1287
1109
1134
1291
1070
1448
1045
1610
1247
1600
1464
1510
1405
1410
1416
1225
1315
1088
1064
1056
1217
1092
1051
1201
986
1349
885
1457
1031
1532
1225
1527
1194
1408
1272
1265
1191
1181
1079
1010
1286
1109
1203
1172
1133
1294
1163
1401
1117
1488
1283
1528
1458
1428
1434
1313
1463
1192
1439
1013
1241
1006
1547
1020
1392
1111
1270
1236
1115
1348
1138
1453
1260
1484
1337
1331
1317
1289
1340
1133
1232
1027
1224
1010
1309
1050
1129
1161
999
1304
822
1403
948
1489
1155
1503
1222
1356
1265
1233
1265
1133
1138
1119
1375
1150
1186
1228
1031
1352
948
1445
913
1539
1101
1559
1323
1512
1298
1353
1394
1181
1318
1094
1157
1103
1362
1164
1192
1259
1104
1363
1010
1484
1164
1577
1399
1583
1439
1523
1560
1399
1574
1191
1400
1124
1505
1115
1406
1143
1267
1208
1211
1297
1153
1368
1317
1433
1526
1424
1497
1292
1520
1235
1458
1095
1217
1021
1424
1074
1253
1152
1110
1237
1035
1362
1048
1405
1276
1421
1494
1363
1378
1235
1348
1078
1226
965
987
957
1115
1008
975
1113
875
1262
792
1375
967
1468
1199
1476
1220
1349
1327
1213
1237
1111
1053
958
1163
1033
993
1143
856
1261
875
1372
885
1467
1148
1494
1428
1466
1506
1377
1447
1200
1354
1119
1104
1061
1277
1193
1077
1284
1011
1380
993
1494
1179
1554
1494
1553
1679
1440
1688
1327
1561
1213
1396
1110
1115
1158
1197
1206
1048
1322
1033
1440
989
1470
1248
1588
1538
1550
1616
1451
1605
1265
1469
1183
1228
1002
1294
1118
1063
1183
910
1281
937
1377
979
1458
1283
1465
1586
1354
1594
1184
1632
1030
1351
917
1091
970
1163
1048
924
1172
834
1327
841
1421
1117
1457
1475
1442
1673
1228
1737
1127
1537
1027
1278
924
952
1011
1000
1121
848
1230
911
1424
1021
1491
1394
1513
1786
1439
1839
1305
1763
1124
1483
1066
1089
996
1083
1136
880
1251
883
1386
973
1466
1145
1518
1511
1496
1745
1395
1634
1263
1325
1111
1006
1083
601
1145
735
1238
618
1339
701
1454
871
1515
1170
1525
1494
1450
1642
1297
1419
1138
1224
1002
838
955
607
1076
822
1177
786
1308
992
1424
1139
1471
1477
1468
1710
1387
1656
1241
1475
1074
1210
1035
944
932
1051
1118
936
1240
943
1363
1121
1411
1264
1446
1564
1387
1755
1286
1613
1081
1432
1037
1162
968
776
1053
986
1213
895
1349
1008
1453
1180
1470
1448
1431
1756
1351
1903
1229
1660
1030
1372
987
919
974
576
1156
863
1269
891
1403
1107
1497
1280
1497
1644
1466
1852
1393
1779
1226
1390
1118
1064
1043
661
1096
804
1240
799
1352
936
1445
1225
1497
1420
1498
1708
1444
1808
1338
1512
1217
1270
1127
919
1015
635
1040
850
1242
867
1391
1070
1449
1340
1476
1510
1444
1699
1342
1740
1191
1456
1029
1105
997
837
968
484
1097
849
1240
907
1378
1085
1461
1265
1461
1504
1384
1670
1306
1576
1068
1340
1007
977
986
699
1013
630
1181
878
1322
1002
1423
1239
1508
1389
1421
1644
1356
1731
1253
1473
1070
1278
1070
950
1083
675
1107
870
1306
950
1417
1128
1480
1413
1479
1559
1439
1724
1362
1741
1281
1418
1153
1091
1115
798
1079
562
1134
898
1333
1049
1431
1329
1514
1583
1525
1743
1477
1864
1398
1795
1277
1337
1141
1054
1037
789
1075
670
1208
1090
1317
1262
1426
1502
1511
1604
1498
1750
1443
1774
1325
1572
1124
1197
1073
853
1052
670
1064
739
1209
975
1332
1155
1415
1405
1488
1476
1417
1633
1310
1609
1150
1300
1001
952
886
651
889
435
1007
817
1213
974
1353
1211
1459
1476
1461
1642
1416
1758
1320
1682
1198
1232
1033
902
1014
632
1090
417
1155
908
1340
1111
1457
1412
1517
1660
1481
1781
1460
1811
1323
1615
1195
1095
1060
812
1026
500
1076
472
1258
1018
1392
1287
1502
1600
1558
1724
1515
1809
1430
1687
1295
1392
1093
977
1012
597
976
458
1066
637
1267
1103
1416
1389
1542
1665
1593
1701
1530
1746
1389
1616
1230
1198
1075
870
990
677
886
532
1110
970
1299
1223
1459
1475
1566
1716
1566
1717
1479
1712
1312
1545
1151
1157
975
782
957
610
1069
563
1193
1123
1417
1373
1557
1686
1580
1934
1537
1915
1405
1834
1221
1595
1022
1095
977
779
933
550
1041
659
1282
1232
1449
1551
1560
1874
1591
1951
1502
1958
1367
1755
1204
1421
1021
845
996
598
996
559
1108
692
1289
1350
1440
1677
1537
1924
1547
1848
1438
1711
1310
1419
1153
1025
983
636
961
419
1021
505
1112
955
1345
1375
1503
1631
1586
1777
1566
1626
1424
1450
1245
1189
1068
718
891
470
888
390
999
485
1096
1074
1428
1360
1554
1558
1613
1752
1540
1586
1361
1437
1165
1196
1014
755
946
617
950
523
1021
694
1239
1247
1503
1545
1588
1799
1596
1925
1457
1734
1277
1533
1100
1230
963
789
947
616
1035
576
1155
758
1433
1433
1569
1792
1626
1989
1582
1989
1416
1719
1249
1409
1086
1049
977
625
1008
456
1081
601
1224
793
1423
1538
1561
1853
1584
2011
1518
1832
1353
1520
1194
1184
1052
889
994
527
942
402
1038
650
1203
990
1436
1660
1566
1876
1593
1899
1510
1608
1308
1304
1114
998
988
609
899
507
954
534
1113
763
1279
1321
1522
1672
1632
1850
1626
1871
1501
1568
1296
1311
1115
990
999
681
903
615
1062
660
1163
864
1403
1535
1639
1802
1714
1981
1668
1966
1489
1654
1257
1331
1103
1068
1013
678
1030
595
1094
707
1283
944
1390
1667
1610
1940
1611
2064
1533
1964
1345
1553
1154
1199
1010
883
941
519
956
582
1019
729
1189
1079
1424
1813
1550
1974
1584
2001
1493
1771
1274
1269
1091
942
955
699
900
467
917
534
1062
825
1301
1074
1498
1765
1606
1896
1589
1835
1468
1564
1241
1157
1059
896
936
734
860
588
963
667
1180
925
1351
1101
1569
1755
1618
1837
1553
1761
1376
1454
1148
1124
988
890
898
706
876
566
1036
729
1242
919
1438
1334
1664
1811
1683
1919
1585
1816
1388
1431
1199
1073
1061
782
1012
553
1010
526
1205
686
1402
1045
1565
1686
1704
1952
1673
2000
1542
1836
1346
1353
1143
984
992
740
977
504
1035
571
1200
938
1342
1255
1540
1945
1621
2082
1599
1963
1459
1697
1252
1207
1044
905
913
760
880
618
838
856
1132
1138
1330
1462
1456
1991
1573
1994
1545
1820
1390
1543
1185
1074
994
866
897
803
926
737
1054
866
1229
1099
1464
1309
1561
1828
1632
1799
1526
1665
1334
1410
1110
1008
942
821
885
731
943
646
1049
745
1275
1020
1528
1242
1617
1823
1638
1796
1502
1681
1299
1411
1105
978
982
785
934
753
1033
697
1208
926
1338
1188
1522
1516
1624
1981
1670
1931
1471
1679
1290
1352
1103
915
982
768
958
800
1089
837
1255
1055
1397
1332
1550
1600
1668
1916
1601
1793
1433
1547
1264
1257
1032
905
910
859
911
917
997
909
1115
1188
1446
1377
1516
1438
1648
1752
1527
1620
1343
1400
1125
1156
949
844
883
805
922
892
1031
900
1311
1008
1476
1248
1632
1325
1638
1610
1513
1514
1316
1315
1145
1077
995
793
964
759
1058
841
1185
831
1440
1090
1574
1372
1656
1693
1636
1769
1431
1671
1282
1402
1092
1103
956
855
951
851
1041
999
1214
1140
1332
1409
1515
1541
1532
1877
1557
1840
1417
1613
1235
1327
1050
1106
899
870
919
941
1011
1118
1105
1208
1343
1479
1495
1597
1534
1826
1491
1641
1343
1459
1184
1203
1011
1042
884
809
899
946
1024
1066
1180
1166
1392
1242
1523
1338
1538
1609
1469
1423
1284
1296
1087
1135
931
977
839
803
881
861
1057
924
1281
977
1479
1193
1571
1270
1553
1572
1435
1386
1276
1267
1111
1086
989
927
926
764
1016
854
1207
947
1363
1114
1499
1286
1571
1353
1507
1706
1479
1484
1359
1292
1176
1095
1082
950
1053
834
1127
987
1267
1130
1373
1323
1579
1443
1618
1509
1568
1717
1474
1438
1317
1285
1152
1110
1046
1050
1002
983
1066
1176
1209
1333
1385
1430
1507
1560
1555
1457
1531
1533
1461
1446
1260
1326
1090
1229
1003
1218
936
1146
1022
1299
1188
1341
1341
1399
1525
1465
1572
1457
1479
1608
1315
1414
1127
1309
951
1207
858
1165
889
1038
1015
1138
1206
1186
1343
1232
1526
1362
1534
1362
1422
1452
1276
1268
1115
1174
994
1058
941
972
987
910
1111
1066
1298
1135
1414
1270
1494
1379
1491
1261
1457
1276
1314
1212
1172
1071
1064
997
1017
1003
1037
974
1137
1162
1301
1334
1435
1372
1546
1311
1568
1214
1477
1162
1387
1089
1212
1006
1083
1026
1018
1109
1047
1113
1151
1312
1357
1442
1493
1343
1616
1298
1584
1204
1480
1187
1314
1159
1112
1130
1000
1162
952
1229
1017
1206
1163
1384
1375
1474
1532
1372
1526
1332
1501
1235
1341
1225
1191
1193
1019
1164
900
1159
931
1210
1033
1186
1168
1355
1384
1500
1525
1444
1507
1408
1501
1323
1329
1300
1164
1166
1014
1140
968
1158
968
1218
1065
1252
1193
1410
1382
1525
1506
1408
1536
1390
1479
1128
1310
1000
1220
1023
1090
1023
1002
1087
1006
1203
1101
1291
1247
1380
1429
1479
1569
1268
1577
1233
1581
1083
1408
974
1235
960
1071
1057
973
1201
985
1341
1096
1391
1266
1463
1484
1530
1646
1334
1665
1189
1516
1068
1358
1027
1175
1070
1009
1038
958
1210
1050
1363
1135
1462
1326
1443
1527
1519
1629
1328
1595
1284
1485
1132
1229
1052
1067
1029
951
1072
918
1192
971
1319
1115
1447
1278
1443
1458
1504
1537
1297
1493
1128
1379
1051
1229
954
1106
901
1037
1053
974
1219
1019
1410
1148
1560
1324
1539
1478
1577
1593
1317
1612
1202
1492
1055
1321
1038
1162
1008
1024
1141
969
1325
1012
1492
1164
1595
1363
1516
1527
1500
1646
1327
1670
1137
1466
963
1311
963
1118
1050
966
1175
937
1356
1030
1487
1197
1552
1410
1497
1574
1460
1658
1384
1552
1151
1378
1028
1225
964
1018
1001
909
1197
901
1313
1001
1447
1174
1569
1373
1561
1490
1475
1549
1417
1454
1134
1304
1016
1133
847
979
979
905
1136
890
1365
1035
1473
1201
1561
1402
1548
1503
1410
1561
1326
1487
963
1355
870
1201
848
1042
928
950
1092
966
1300
1063
1466
1224
1581
1416
1445
1577
1387
1631
1286
1588
1019
1386
845
1213
725
1069
915
972
1115
984
1307
1107
1533
1302
1602
1488
1582
1642
1384
1662
1247
1605
987
1359
856
1180
921
1006
1005
941
1196
1001
1409
1146
1549
1355
1590
1541
1578
1653
1457
1655
1261
1551
1056
1292
1023
1171
968
997
962
957
1194
983
1408
1125
1564
1301
1629
1420
1635
1524
1506
1509
1296
1428
1174
1252
1008
1129
938
1025
1076
953
1240
984
1455
1084
1603
1266
1663
1427
1656
1516
1506
1538
1282
1462
1184
1303
964
1121
1047
1031
1147
934
1267
970
1518
1096
1626
1280
1652
1466
1564
1560
1456
1594
1239
1476
1126
1320
998
1162
967
990
1124
946
1196
1003
1362
1122
1487
1306
1434
1456
1397
1543
1276
1523
1116
1335
991
1265
860
1067
888
949
973
968
1155
1036
1183
1160
1304
1290
1317
1427
1293
1514
1241
1471
1071
1377
980
1252
938
1119
870
1007
888
971
975
1091
1164
1169
1266
1288
1328
1414
1308
1506
1238
1497
1152
1418
1000
1340
1052
1199
1065
1058
1056
1093
1240
1042
1308
1179
1361
1312
1466
1424
1467
1511
1378
1544
1316
1482
1208
1359
1224
1240
1213
1137
1270
1024
1328
1118
1429
1217
1428
1340
1449
1443
1484
1518
1403
1528
1379
1460
1338
1332
1390
1219
1244
1131
1402
1075
1351
1148
1324
1205
1372
1289
1372
1357
1405
1400
1443
1408
1436
1342
1432
1279
1359
1182
1373
1116
1271
1086
1256
1105
1304
1101
1251
1192
1280
1259
1288
1316
1343
1355
1314
1329
1279
1276
1232
1190
1186
1119
1112
1039
1130
1024
1115
1044
1125
1103
1127
1158
1133
1264
1117
1307
1095
1327
1099
1282
1093
1185
1097
1132
1044
1036
1067
1092
1091
1111
1075
1199
1037
1288
1026
1354
1101
1400
1153
1403
1174
1336
1179
1283
1249
1222
1220
1210
1199
1200
1223
1238
1099
1279
1093
1319
1134
1372
1230
1387
1272
1415
1323
1386
1389
1345
1394
1317
1410
1277
1316
1256
1234
1240
1173
1258
1144
1294
1230
1353
1297
1364
1361
1407
1431
1418
1471
1396
1484
1327
1425
1275
1320
1239
1261
1176
1178
1167
1144
1191
1169
1241
1253
1273
1344
1319
1422
1333
1438
1312
1429
1241
1414
1175
1351
1129
1250
1118
1133
1102
1095
1141
1036
1193
1085
1239
1196
1267
1322
1297
1399
1284
1414
1243
1431
1219
1345
1170
1202
1154
1058
1166
963
1161
901
1184
1000
1225
1167
1244
1334
1294
1448
1337
1498
1344
1465
1303
1355
1263
1145
1228
1050
1174
929
1142
991
1176
1077
1216
1226
1225
1391
1340
1483
1400
1502
1402
1457
1350
1359
1287
1201
1216
1088
1127
994
1131
953
1213
1006
1227
1084
1305
1325
1366
1395
1407
1471
1392
1424
1359
1388
1292
1255
1239
1082
1189
942
1168
860
1171
837
1236
1019
1288
1201
1340
1411
1389
1539
1397
1561
1384
1491
1324
1294
1276
1122
1216
944
1186
890
1153
947
1178
1018
1231
1357
1297
1515
1365
1638
1417
1654
1433
1525
1393
1343
1340
1130
1265
990
1175
974
1140
1039
1150
1223
1207
1397
1284
1581
1369
1706
1437
1647
1447
1538
1399
1376
1285
1229
1214
1033
1134
1054
1073
1120
1091
1213
1154
1424
1265
1544
1353
1630
1418
1622
1430
1452
1391
1460
1308
1232
1200
1093
1149
1077
1101
1077
1110
1190
1144
1328
1212
1475
1286
1593
1342
1615
1382
1553
1360
1353
1318
1182
1234
975
1133
913
1085
908
1066
1053
1074
1248
1140
1426
1237
1540
1339
1518
1412
1416
1441
1214
1407
1014
1312
920
1208
840
1110
914
1079
1075
1103
1196
1156
1432
1300
1494
1415
1485
1508
1350
1530
1183
1472
1065
1376
986
1255
991
1171
1019
1133
1186
1154
1327
1234
1502
1334
1497
1428
1490
1495
1455
1510
1274
1466
1212
1381
1079
1241
1092
1115
1114
1094
1258
1065
1403
1124
1530
1189
1602
1282
1587
1362
1399
1446
1319
1451
1175
1340
1027
1247
1041
1149
1099
1039
1277
1036
1447
1073
1589
1144
1620
1249
1568
1362
1412
1429
1220
1432
1016
1365
913
1230
998
1106
1058
1015
1241
985
1405
1012
1532
1111
1537
1244
1418
1368
1254
1428
1062
1463
916
1417
843
1290
894
1172
1051
1086
1266
1077
1418
1103
1546
1207
1562
1326
1434
1444
1283
1512
1110
1524
967
1487
887
1377
952
1266
1088
1196
1285
1127
1468
1143
1590
1195
1711
1306
1603
1356
1406
1455
1139
1515
1046
1473
900
1396
932
1304
1075
1197
1278
1109
1512
1078
1702
1106
1749
1174
1652
1321
1383
1448
1197
1513
908
1461
831
1386
891
1251
1074
1125
1336
1019
1584
1038
1737
1066
1782
1157
1664
1301
1407
1404
1108
1441
927
1430
838
1363
852
1242
1032
1157
1285
1090
1552
1097
1676
1119
1740
1182
1604
1286
1371
1364
1077
1414
895
1416
804
1391
829
1323
977
1246
1234
1184
1536
1154
1672
1161
1775
1195
1695
1273
1589
1358
1248
1394
1006
1463
819
1453
760
1416
935
1338
1180
1235
1469
1199
1694
1152
1868
1169
1779
1293
1600
1334
1309
1419
953
1439
798
1440
750
1366
869
1188
1137
1151
1469
1087
1762
1075
1845
1098
1836
1159
1641
1255
1327
1311
1036
1320
820
1312
755
1313
822
1215
1099
1148
1347
1105
1585
1083
1698
1113
1699
1138
1564
1193
1317
1240
1073
1274
865
1293
759
1291
777
1278
898
1246
1117
1170
1373
1152
1534
1150
1582
1147
1521
1188
1431
1235
1134
1308
916
1365
732
1401
704
1408
753
1370
958
1305
1235
1242
1479
1215
1548
1228
1626
1293
1507
1326
1295
1413
1102
1457
905
1460
851
1450
907
1402
1058
1335
1305
1267
1570
1229
1716
1236
1744
1313
1671
1311
1536
1358
1326
1381
1158
1404
1102
1382
1125
1365
1183
1339
1347
1263
1515
1212
1677
1174
1737
1146
1704
1134
1665
1154
1519
1202
1335
1246
1085
1264
1154
1270
1031
1277
1078
1210
1243
1146
1346
1091
1521
1054
1600
1058
1567
1117
1451
1165
1224
1243
1027
1301
879
1319
785
1295
836
1244
937
1155
1129
1100
1207
1099
1372
1090
1380
1130
1277
1227
1129
1288
984
1332
843
1304
776
1364
806
1326
830
1258
985
1247
1117
1220
1230
1219
1377
1196
1369
1257
1286
1294
1188
1359
1150
1381
993
1430
941
1444
939
1396
1010
1354
1127
1295
1268
1250
1442
1203
1560
1211
1610
1267
1583
1309
1549
1402
1341
1465
1162
1473
1063
1436
1088
1313
1173
1260
1301
1201
1517
1159
1722
1160
1770
1200
1713
1284
1629
1329
1423
1432
1163
1420
1098
1379
1035
1306
1070
1222
1205
1164
1338
1117
1478
1109
1602
1131
1650
1185
1552
1243
1435
1290
1270
1331
1131
1357
832
1296
865
1273
953
1198
1073
1146
1242
1094
1463
1079
1596
1097
1638
1160
1564
1231
1364
1318
1115
1368
910
1394
764
1333
939
1269
873
1160
1090
1089
1391
1052
1623
1072
1716
1153
1638
1261
1449
1355
1144
1446
915
1454
688
1417
744
1332
866
1244
1099
1198
1366
1155
1513
1195
1701
1206
1643
1297
1505
1356
1259
1426
1011
1447
837
1441
746
1374
772
1303
1005
1223
1248
1163
1482
1124
1557
1154
1734
1180
1618
1252
1420
1385
1159
1424
888
1470
768
1459
750
1414
893
1304
1146
1227
1404
1158
1653
1121
1763
1153
1723
1224
1552
1326
1275
1429
965
1492
726
1490
699
1430
832
1326
1073
1212
1371
1114
1628
1071
1758
1091
1723
1163
1557
1252
1285
1352
1039
1430
822
1429
734
1410
905
1326
1143
1223
1407
1126
1629
1074
1748
1064
1752
1074
1611
1151
1436
1227
1180
1314
1008
1375
945
1398
961
1389
1087
1273
1253
1231
1479
1134
1643
1092
1710
1062
1641
1094
1530
1152
1283
1301
1055
1417
905
1470
859
1499
907
1431
1088
1316
1278
1197
1499
1085
1720
1021
1608
1074
1450
1164
1209
1282
987
1400
790
1474
730
1483
856
1431
1058
1341
1215
1213
1432
1132
1530
1090
1496
1099
1246
1120
1142
1216
1000
1309
885
1370
893
1416
957
1422
1032
1384
1170
1272
1318
1207
1405
1143
1449
1078
1420
1074
1317
1120
1196
1218
1007
1355
1042
1460
984
1492
1021
1489
1069
1424
1217
1309
1405
1189
1533
1100
1553
1090
1549
1077
1382
1167
1218
1290
1090
1396
998
1452
1023
1468
1101
1443
1214
1329
1416
1212
1556
1117
1602
1076
1546
1068
1420
1138
1229
1239
1071
1303
971
1401
990
1448
1034
1440
1152
1410
1242
1298
1339
1227
1414
1151
1395
1105
1342
1100
1274
1168
1151
1255
1074
1352
1047
1436
1018
1481
1068
1480
1159
1409
1243
1337
1389
1179
1467
1092
1583
1041
1542
1074
1470
1169
1303
1288
1131
1389
1022
1470
981
1498
1042
1439
1156
1339
1386
1222
1570
1125
1661
1067
1734
1078
1538
1147
1314
1259
1121
1352
1009
1411
929
1438
989
1388
1161
1336
1352
1243
1471
1167
1631
1104
1624
1072
1551
1070
1461
1108
1247
1244
1131
1324
1023
1382
1006
1416
1015
1346
1141
1342
1239
1246
1396
1144
1488
1071
1516
1043
1453
1086
1279
1154
1202
1262
875
1382
775
1435
723
1445
843
1376
974
1289
1202
1188
1400
1107
1490
1073
1522
1120
1369
1191
1122
1291
911
1380
775
1454
751
1461
806
1411
1004
1363
1228
1275
1404
1211
1542
1166
1561
1171
1497
1193
1290
1263
1153
1323
1039
1379
982
1423
1026
1426
1114
1395
1245
1359
1309
1326
1458
1255
1560
1169
1573
1184
1524
1202
1435
1250
1310
1294
1183
1392
1094
1435
1090
1417
1157
1386
1242
1331
1380
1219
1444
1150
1571
1105
1634
1105
1588
1142
1403
1214
1231
1294
1075
1346
999
1347
1006
1328
1131
1295
1216
1238
1363
1181
1441
1159
1484
1141
1449
1161
1322
1188
1255
1234
1100
1293
1003
1314
1007
1331
993
1323
1048
1315
1092
1256
1173
1223
1209
1181
1270
1152
1325
1155
1260
1185
1249
1256
1172
1329
1011
1398
968
1425
926
1422
940
1376
993
1286
1153
1172
1361
1158
1441
1153
1457
1162
1442
1199
1320
1334
1147
1408
1006
1439
930
1447
989
1387
1105
1321
1257
1245
1418
1195
1526
1139
1580
1183
1561
1220
1426
1298
1324
1351
1222
1389
1151
1422
1116
1418
1190
1382
1212
1317
1309
1255
1376
1189
1458
1146
1524
1120
1522
1162
1493
1222
1385
1286
1239
1354
1124
1391
1063
1389
1177
1271
1118
1255
1222
1162
1381
1102
1533
1071
1537
1100
1480
1154
1331
1274
1181
1350
961
1402
894
1393
914
1341
1006
1310
1158
1177
1284
1127
1370
1088
1393
1119
1329
1167
1187
1250
1042
1339
945
1371
930
1375
948
1360
1052
1314
1129
1257
1233
1211
1292
1177
1266
1158
1297
1161
1327
1189
1184
1249
1162
1311
1140
1365
1122
1400
1152
1387
1202
1376
1211
1305
1276
1236
1329
1177
1409
1152
1423
1168
1381
1217
1302
1288
1231
1397
1099
1412
1042
1433
1118
1382
1174
1322
1261
1250
1384
1193
1494
1154
1475
1154
1372
1226
1248
1279
1116
1345
1046
1390
1093
1393
1193
1387
1258
1354
1342
1314
1430
1246
1445
1239
1389
1218
1347
1184
1313
1214
1225
1227
1177
1272
1147
1308
1239
1331
1228
1367
1219
1348
1261
1311
1267
1248
1328
1199
1384
1157
1358
1138
1294
1153
1291
1182
1177
1256
1049
1302
1022
1317
1032
1307
1077
1258
1236
1199
1273
1151
1433
1110
1413
1105
1383
1132
1280
1189
1143
1236
1001
1296
944
1320
940
1321
1043
1298
1131
1267
1329
1220
1392
1211
1408
1199
1388
1204
1338
1208
1277
1247
1158
1349
1073
1334
1015
1357
1036
1397
1044
1395
1124
1360
1270
1334
1348
1302
1472
1269
1408
1271
1514
1276
1389
1309
1257
1353
1143
1401
1007
1418
988
1404
1027
1376
1146
1315
1310
1275
1466
1228
1556
1219
1519
1234
1501
1252
1272
1289
1099
1311
962
1307
889
1292
942
1238
1079
1210
1237
1193
1391
1184
1444
1190
1490
1196
1401
1195
1397
1201
1155
1216
1091
1235
1023
1212
998
1213
1018
1199
1067
1215
1114
1214
1256
1204
1321
1188
1425
1188
1479
1194
1481
1195
1363
1222
1247
1242
1121
1289
976
1305
962
1298
998
1302
1084
1267
1277
1262
1456
1267
1517
1284
1529
1302
1437
1321
1301
1368
1109
1361
1009
1365
1000
1362
963
1370
1056
1372
1200
1346
1336
1376
1410
1377
1445
1385
1417
1365
1361
1346
1298
1353
1198
1344
1148
1340
1055
1368
1060
1378
1124
1370
1173
1329
1312
1310
1417
1273
1532
1219
1569
1206
1529
1210
1452
1236
1313
1269
1192
1279
1087
1298
1031
1283
1195
1235
1275
1208
1435
1142
1569
1112
1605
1091
1568
1107
1470
1151
1299
1192
1173
1223
1083
1265
1038
1241
1105
1221
1252
1175
1290
1172
1293
1162
1327
1151
1278
1158
1224
1194
1139
1222
1097
1269
1057
1297
971
1314
1023
1325
1038
1271
1070
1277
1037
1287
1082
1239
1127
1234
1174
1260
1238
1303
1144
1358
1121
1393
1087
1460
1029
1464
1026
1431
1078
1375
1140
1332
1128
1283
1283
1271
1411
1282
1329
1313
1315
1365
1224
1375
1189
1417
1188
1398
1254
1357
1343
1293
1426
1245
1496
1226
1493
1207
1455
1236
1398
1276
1337
1307
1265
1322
1248
1321
1365
1318
1430
1288
1515
1178
1548
1232
1507
1206
1446
1198
1323
1179
1224
1189
1233
1202
1160
1195
1261
1208
1232
1180
1251
1236
1270
1224
1308
1198
1314
1184
1256
1165
1243
1156
1175
1164
1113
1210
1043
1244
1057
1271
1056
1304
1067
1361
1107
1294
1197
1260
1291
1229
1298
1228
1277
1230
1228
1252
1117
1280
1051
1323
998
1342
1010
1331
1073
1343
1226
1346
1289
1327
1372
1313
1400
1309
1311
1308
1237
1301
1146
1309
1067
1315
1060
1295
1065
1273
1153
1286
1223
1291
1269
1292
1325
1300
1232
1309
1140
1284
1262
1258
1179
1278
1158
1224
1139
1224
1215
1223
1245
1245
1304
1259
1292
1298
1270
1315
1277
1289
1282
1271
1277
1230
1290
1180
1284
1177
1332
1182
1288
1200
1269
1210
1234
1243
1207
1273
1251
1291
1210
1286
1232
1279
1221
1273
1268
1239
1262
1230
1261
1224
1258
1259
1279
1250
1300
1277
1311
1327
1286
1355
1215
1389
1212
1388
1166
1395
1112
1353
1170
1302
1231
1266
1332
1233
1425
1230
1434
1260
1390
1287
1325
1356
1198
1393
1086
1408
1006
1387
1014
1348
1121
1292
1210
1239
1360
1200
1458
1185
1444
1236
1399
1267
1357
1292
1117
1319
1014
1312
975
1308
987
1271
1064
1239
1176
1205
1324
1185
1371
1193
1452
1162
1476
1167
1417
1174
1302
1179
1289
1177
1160
1177
1058
1206
1024
1211
1116
1203
1159
1205
1253
1190
1376
1207
1464
1208
1491
1225
1438
1254
1359
1275
1207
1281
1041
1309
932
1343
912
1307
990
1311
1069
1297
1224
1294
1375
1288
1451
1288
1428
1288
1361
1283
1277
1267
1120
1267
998
1319
921
1282
863
1286
1035
1310
1030
1333
1193
1315
1291
1318
1357
1306
1389
1258
1386
1226
1350
1216
1253
1230
1130
1253
1051
1289
1003
1334
1020
1350
1020
1335
1101
1303
1235
1288
1381
1231
1525
1200
1540
1196
1450
1215
1405
1233
1193
1310
1049
1317
950
1330
948
1311
1028
1283
1202
1237
1322
1224
1508
1202
1556
1189
1550
1202
1436
1226
1280
1258
1144
1272
1017
1305
969
1334
988
1298
1084
1279
1168
1244
1348
1200
1316
1206
1465
1212
1508
1223
1454
1258
1353
1311
1176
1346
1056
1393
973
1388
950
1351
1077
1309
1207
1257
1351
1227
1483
1208
1604
1226
1494
1299
1346
1323
1188
1359
1063
1358
953
1338
1027
1320
1071
1260
1218
1225
1369
1164
1473
1216
1482
1241
1441
1256
1338
1274
1159
1310
1090
1262
983
1243
1039
1222
1104
1197
1208
1192
1309
1167
1285
1189
1418
1200
1388
1216
1323
1203
1211
1221
1138
1234
1025
1232
1013
1241
1102
1231
1096
1240
1141
1222
1249
1220
1346
1234
1388
1234
1415
1228
1351
1255
1270
1271
1124
1288
1041
1298
982
1302
991
1283
1017
1300
1211
1283
1317
1277
1410
1291
1500
1307
1421
1319
1345
1304
1255
1314
1141
1304
1091
1306
1023
1299
1050
1302
1105
1317
1114
1344
1319
1376
1355
1362
1423
1328
1429
1318
1396
1308
1342
1302
1248
1294
1159
1303
1107
1329
1032
1326
1025
1305
1088
1286
1105
1290
1282
1241
1433
1211
1475
1212
1502
1216
1426
1234
1315
1257
1175
1267
978
1259
1000
1244
1001
1210
1080
1173
1204
1162
1324
1153
1352
1149
1457
1171
1407
1207
1385
1227
1271
1243
1176
1274
1062
1285
985
1212
1001
1262
994
1249
1076
1224
1141
1202
1291
1205
1418
1224
1272
1226
1480
1270
1341
1314
1212
1350
1088
1348
1024
1319
956
1295
1015
1213
1116
1207
1238
1196
1418
1234
1480
1267
1511
1309
1435
1351
1336
1379
1175
1420
1152
1345
1134
1307
1172
1271
1167
1239
1239
1204
1253
1235
1317
1250
1267
1273
1315
1283
1280
1313
1246
1336
1223
1326
1173
1313
1230
1299
1165
1307
1180
1268
1135
1254
1132
1233
1119
1230
1146
1214
1159
1228
1227
1243
1241
1254
1295
1243
1206
1283
1274
1261
1267
1249
1239
1266
1219
1219
1072
1199
1056
1179
1047
1176
1094
1179
1112
1209
1208
1246
1288
1255
1361
1273
1402
1294
1363
1296
1245
1283
1132
1276
1046
1254
898
1206
892
1193
947
1190
1092
1198
1235
1227
1443
1277
1501
1326
1567
1350
1427
1378
1384
1403
1151
1296
989
1233
946
1193
929
1175
1045
1148
1188
1213
1341
1289
1493
1364
1554
1412
1551
1411
1486
1396
1277
1371
1281
1315
1109
1219
1044
1193
1024
1192
1045
1218
1153
1261
1234
1318
1389
1356
1507
1367
1557
1363
1522
1337
1399
1272
1283
1246
1148
1246
1013
1195
953
1206
995
1205
1082
1249
1202
1283
1316
1316
1404
1320
1414
1318
1362
1304
1261
1256
1195
1222
1284
1165
1027
1199
1098
1198
1143
1236
1164
1283
1142
1308
1239
1310
1297
1308
1327
1268
1342
1237
1400
1170
1401
1173
1379
1173
1305
1182
1312
1230
1131
1224
1109
1250
1080
1241
1109
1232
1177
1222
1264
1217
1344
1203
1413
1209
1386
1239
1341
1262
1251
1269
1199
1291
1105
1341
1064
1302
1093
1300
1113
1340
1152
1319
1196
1323
1304
1333
1281
1352
1283
1342
1270
1331
1231
1319
1207
1314
1166
1302
1128
1293
1126
1303
1105
1270
1150
1308
1209
1304
1260
1313
1296
1316
1323
1297
1296
1283
1262
1264
1196
1249
1145
1262
1136
1222
1148
1218
1210
1235
1308
1239
1368
1249
1384
1267
1379
1273
1289
1259
1162
1228
1087
1211
1069
1197
1083
1188
1177
1224
1271
1259
1326
1290
1363
1328
1366
1333
1301
1335
1171
1309
1046
1270
1052
1213
1041
1176
1101
1175
1202
1190
1270
1244
1338
1283
1396
1323
1427
1336
1389
1323
1334
1297
1293
1244
1212
1220
1219
1199
1149
1217
1150
1238
1188
1283
1313
1318
1459
1344
1493
1385
1528
1358
1458
1270
1374
1294
1231
1276
1106
1252
1055
1251
1038
1242
1086
1271
1197
1294
1311
1332
1402
1336
1440
1304
1398
1297
1319
1254
1194
1204
1110
1162
1041
1137
1070
1174
1105
1216
1171
1268
1189
1306
1367
1331
1278
1334
1210
1291
1145
1239
1129
1190
1115
1158
1079
1149
1078
1171
1123
1216
1137
1264
1156
1317
1186
1337
1223
1317
1226
1275
1253
1224
1262
1178
1259
1162
1230
1174
1215
1203
1195
1256
1214
1265
1238
1340
1320
1360
1303
1350
1396
1335
1378
1304
1362
1265
1264
1252
1273
1266
1179
1253
1183
1272
1218
1301
1251
1330
1311
1345
1373
1354
1377
1345
1363
1315
1321
1274
1267
1233
1233
1217
1141
1199
1184
1263
1150
1244
1176
1271
1255
1292
1156
1304
1194
1266
1161
1257
1219
1216
1228
1194
1243
1182
1215
1195
1142
1224
1095
1247
1019
1261
1000
1269
966
1257
1011
1223
1107
1209
1204
1188
1267
1111
1354
1187
1265
1252
1208
1269
1107
1285
1068
1288
1079
1285
1055
1248
1201
1214
1212
1171
1293
1200
1297
1201
1364
1206
1366
1235
1329
1249
1313
1269
1294
1280
1234
1299
1172
1304
1245
1275
1239
1273
1244
1269
1182
1288
1236
1282
1342
1284
1396
1312
1379
1328
1339
1335
1281
1319
1263
1349
1219
1323
1162
1294
1201
1301
1196
1289
1250
1298
1173
1336
1323
1313
1231
1326
1208
1317
1174
1296
1097
1281
1088
1253
1147
1228
1160
1225
1238
1238
1228
1260
1222
1279
1164
1308
1131
1309
1020
1289
1036
1267
1039
1214
1038
1187
1124
1160
1192
1168
1245
1194
1331
1237
1300
1301
1288
1304
1256
1309
1261
1280
1276
1235
1221
1189
1274
1171
1263
1135
1307
1124
1279
1151
1296
1196
1320
1240
1345
1255
1395
1289
1388
1301
1406
1270
1355
1239
1280
1253
1182
1196
1101
1175
1028
1204
1079
1232
1153
1268
1263
1311
1325
1362
1346
1381
1402
1397
1353
1351
1336
1323
1179
1316
1170
1276
1121
1264
1087
1269
1006
1316
1091
1362
1117
1325
1145
1333
1268
1313
1310
1290
1350
1224
1355
1271
1267
1251
1201
1276
1121
1295
1027
1291
991
1291
1007
1242
1110
1251
1140
1225
1263
1229
1338
1226
1364
1246
1343
1267
1256
1274
1178
1266
1166
1278
1071
1265
1085
1230
1133
1225
1205
1219
1225
1210
1315
1198
1429
1199
1368
1194
1313
1206
1262
1187
1242
1213
1212
1216
1221
1204
1242
1225
1232
1231
1218
1246
1318
1248
1328
1247
1369
1250
1289
1267
1307
1258
1275
1261
1249
1246
1218
1278
1189
1271
1230
1273
1249
1327
1265
1310
1329
1327
1379
1336
1330
1340
1253
1331
1135
1318
1085
1315
1028
1279
1016
1273
1155
1271
1168
1290
1222
1273
1287
1359
1298
1392
1255
1366
1163
1378
1065
1325
1039
1277
918
1252
1052
1210
1078
1196
1204
1213
1251
1250
1201
1317
1251
1302
1199
1310
1136
1288
1136
1249
1206
1199
1210
1170
1227
1161
1244
1146
1241
1163
1198
1172
1204
1199
1238
1197
1268
1210
1299
1219
1311
1208
1317
1183
1314
1151
1301
1214
1244
1203
1235
1206
1240
1220
1247
1221
1286
1250
1260
1259
1360
1262
1279
1251
1314
1247
1329
1255
1293
1260
1280
1279
1307
1290
1305
1317
1266
1345
1202
1357
1155
1336
1111
1318
1110
1297
1250
1277
1201
1250
1264
1264
1263
1234
1267
1340
1208
1390
1187
1424
1108
1431
1059
1375
1054
1361
1053
1293
1097
1262
1224
1234
1290
1230
1350
1242
1195
1300
1272
1319
1234
1326
1166
1324
1133
1298
1127
1257
1164
1223
1178
1198
1231
1172
1271
1180
1361
1191
1370
1213
1377
1235
1308
1242
1289
1246
1289
1216
1244
1196
1216
1164
1193
1149
1191
1144
1232
1141
1296
1160
1300
1197
1387
1222
1380
1241
1382
1251
1195
1269
1231
1251
1170
1176
1113
1152
1087
1145
1101
1149
1182
1188
1204
1244
1249
1282
1296
1339
1191
1372
1141
1328
1065
1302
1069
1257
1045
1232
1073
1218
1110
1246
1117
1297
1144
1334
1092
1375
1085
1397
1069
1394
1085
1365
1070
1352
1094
1317
1153
1294
1214
1272
1216
1307
1242
1303
1214
1315
1210
1322
1202
1321
1207
1298
1209
1295
1191
1282
1226
1259
1252
1253
1289
1230
1329
1220
1359
1212
1398
1219
1418
1218
1408
1147
1372
1230
1315
1208
1274
1198
1210
1181
1217
1156
1297
1152
1339
1154
1421
1174
1472
1169
1497
1229
1419
1241
1371
1237
1291
1227
1183
1192
1140
1176
1147
1154
1188
1185
1257
1205
1330
1247
1378
1284
1318
1312
1274
1321
1185
1301
1100
1245
1052
1224
1027
1214
1051
1209
1083
1241
1154
1267
1222
1317
1207
1331
1213
1362
1148
1338
1087
1340
1041
1320
1012
1306
1001
1306
1010
1304
1060
1345
1110
1341
1176
1346
1247
1339
1276
1313
1280
1297
1227
1270
1168
1241
1107
1240
1089
1228
1085
1237
1119
1234
1228
1239
1304
1265
1405
1269
1468
1266
1477
1262
1405
1258
1298
1252
1225
1210
1152
1205
1139
1182
1189
1184
1288
1197
1337
1227
1403
1258
1423
1246
1403
1259
1350
1243
1276
1216
1194
1185
1166
1177
1147
1188
1180
1201
1231
1230
1261
1317
1286
1270
1278
1297
1321
1278
1304
1269
1272
1241
1256
1237
1222
1259
1175
1278
1143
1305
1159
1317
1172
1340
1196
1321
1258
1308
1283
1283
1297
1265
1287
1268
1239
1277
1192
1288
1129
1299
1128
1319
1157
1317
1204
1304
1270
1303
1289
1269
1311
1276
1289
1284
1236
1282
1179
1273
1151
1259
1142
1269
1174
1254
1237
1258
1313
1251
1371
1256
1403
1260
1385
1249
1349
1225
1346
1236
1261
1193
1235
1182
1216
1175
1238
1193
1218
1213
1278
1210
1339
1234
1326
1226
1321
1216
1316
1175
1313
1191
1275
1186
1263
1195
1236
1194
1124
1247
1151
1274
1141
1282
1153
1279
1154
1268
1208
1251
1255
1243
1263
1237
1275
1251
1249
1280
1213
1287
1185
1310
1132
1331
1111
1302
1108
1279
1145
1269
1142
1266
1147
1256
1168
1272
1156
1304
1146
1308
1182
1311
1203
1301
1214
1297
1204
1289
1226
1260
1207
1283
1170
1284
1138
1280
1116
1270
1135
1268
1162
1256
1245
1232
1290
1200
1390
1183
1409
1217
1346
1252
1257
1224
1229
1239
1182
1239
1174
1243
1205
1231
1247
1248
1294
1256
1359
1247
1404
1245
1393
1242
1367
1225
1348
1226
1299
1228
1250
1244
1266
1257
1250
1270
1250
1294
1252
1311
1230
1332
1278
1284
1304
1271
1305
1244
1305
1243
1289
1242
1246
1285
1162
1312
1149
1324
1144
1341
1128
1331
1161
1313
1231
1270
1272
1254
1299
1234
1279
1240
1239
1251
1145
1280
1082
1310
1106
1329
1070
1311
1125
1299
1182
1229
1259
1257
1294
1233
1332
1222
1283
1222
1239
1209
1174
1228
1109
1238
1087
1271
1123
1273
1171
1283
1218
1279
1235
1263
1288
1235
1287
1207
1276
1183
1268
1177
1236
1175
1221
1197
1190
1232
1202
1250
1224
1289
1234
1270
1254
1259
1255
1218
1300
1203
1304
1187
1327
1174
1330
1191
1341
1223
1306
1269
1288
1303
1298
1307
1302
1302
1326
1287
1338
1241
1340
1234
1321
1244
1295
1279
1264
1288
1245
1328
1227
1358
1246
1374
1248
1358
1314
1342
1328
1323
1327
1343
1296
1268
1233
1293
1161
1272
1080
1283
1092
1283
1117
1318
1170
1327
1239
1337
1295
1337
1296
1319
1264
1293
1205
1258
1134
1232
1066
1208
1055
1201
1058
1208
1137
1214
1216
1269
1245
1317
1275
1311
1246
1313
1231
1277
1169
1236
1151
1182
1150
1175
1141
1175
1187
1214
1255
1230
1319
1273
1349
1305
1348
1309
1373
1305
1330
1266
1273
1216
1227
1203
1160
1199
1139
1210
1147
1237
1212
1258
1357
1289
1422
1288
1486
1306
1500
1246
1475
1273
1347
1256
1244
1230
1157
1217
1083
1224
1076
1245
1166
1262
1296
1303
1421
1322
1521
1338
1558
1336
1485
1315
1371
1283
1232
1244
1122
1195
1056
1186
1047
1190
1118
1245
1191
1275
1344
1329
1416
1370
1423
1356
1401
1340
1323
1277
1218
1227
1127
1171
1093
1151
1073
1167
1073
1209
1113
1260
1172
1336
1210
1348
1188
1361
1266
1330
1245
1277
1201
1215
1156
1171
1077
1155
1096
1161
1094
1195
1132
1277
1145
1283
1176
1260
1226
1311
1237
1292
1204
1264
1238
1251
1168
1242
1144
1211
1149
1219
1174
1256
1219
1250
1283
1262
1376
1284
1332
1298
1315
1220
1273
1286
1203
1250
1171
1249
1166
1233
1216
1232
1271
1245
1381
1268
1423
1292
1425
1341
1402
1338
1305
1333
1256
1315
1221
1278
1210
1244
1223
1230
1281
1230
1334
1246
1351
1264
1363
1289
1347
1305
1269
1302
1218
1291
1190
1265
1163
1239
1177
1226
1169
1218
1208
1225
1198
1247
1239
1251
1274
1274
1224
1264
1234
1278
1194
1253
1160
1274
1142
1268
1144
1272
1145
1316
1173
1267
1203
1275
1263
1261
1291
1257
1320
1243
1306
1248
1269
1250
1216
1254
1193
1255
1223
1263
1209
1255
1269
1251
1323
1245
1366
1245
1353
1236
1349
1232
1309
1227
1236
1224
1170
1227
1133
1213
1160
1225
1204
1224
1259
1225
1324
1236
1341
1250
1321
1266
1275
1258
1222
1250
1157
1237
1108
1227
1107
1222
1133
1226
1174
1266
1189
1258
1258
1285
1263
1284
1221
1341
1198
1281
1131
1253
1133
1237
1121
1227
1123
1225
1147
1248
1180
1294
1196
1301
1206
1307
1236
1281
1234
1291
1199
1265
1186
1252
1180
1248
1141
1238
1120
1271
1142
1294
1199
1314
1203
1310
1271
1312
1307
1293
1317
1268
1305
1257
1225
1272
1179
1232
1132
1236
1153
1238
1193
1233
1284
1237
1378
1252
1434
1258
1457
1263
1443
1261
1347
1265
1255
1256
1164
1212
1111
1225
1108
1220
1160
1196
1246
1227
1300
1247
1354
1271
1347
1289
1328
1270
1289
1266
1209
1239
1141
1221
1103
1187
1095
1213
1128
1232
1181
1248
1248
1264
1258
1287
1294
1293
1311
1276
1298
1281
1248
1262
1192
1282
1150
1264
1091
1284
1076
1304
1171
1319
1167
1311
1234
1315
1278
1256
1312
1295
1293
1275
1283
1284
1231
1281
1158
1278
1130
1296
1126
1294
1147
1298
1213
1281
1307
1282
1351
1279
1333
1276
1352
1278
1320
1289
1250
1259
1224
1291
1215
1264
1237
1257
1255
1244
1318
1232
1337
1221
1359
1225
1348
1247
1301
1273
1278
1242
1240
1241
1270
1230
1232
1212
1260
1157
1266
1209
1249
1217
1256
1204
1259
1211
1226
1211
1231
1216
1226
1216
1218
1244
1201
1255
1198
1264
1214
1270
1173
1282
1165
1277
1151
1260
1172
1240
1184
1231
1205
1231
1204
1246
1183
1304
1167
1323
1129
1349
1154
1343
1175
1341
1198
1314
1221
1309
1265
1267
1300
1266
1255
1274
1246
1300
1240
1326
1208
1355
1215
1369
1289
1356
1314
1335
1355
1311
1356
1263
1352
1261
1299
1258
1271
1260
1267
1270
1255
1265
1276
1288
1291
1295
1312
1304
1358
1294
1371
1284
1332
1299
1308
1262
1285
1225
1250
1207
1220
1176
1238
1204
1248
1231
1254
1254
1238
1273
1257
1271
1297
1265
1252
1239
1244
1224
1203
1134
1196
1161
1158
1163
1153
1175
1169
1198
1184
1234
1192
1268
1226
1273
1266
1274
1280
1262
1252
1240
1232
1220
1174
1228
1116
1252
1079
1258
1094
1269
1142
1303
1188
1325
1267
1334
1307
1320
1342
1313
1323
1311
1277
1293
1216
1282
1150
1297
1127
1282
1136
1272
1206
1272
1295
1271
1357
1288
1407
1292
1417
1311
1385
1313
1309
1299
1257
1275
1210
1269
1165
1246
1170
1238
1163
1231
1275
1236
1312
1253
1336
1311
1347
1274
1298
1271
1285
1257
1236
1238
1208
1217
1192
1213
1159
1228
1161
1209
1148
1222
1240
1224
1247
1220
1254
1206
1276
1209
1241
1214
1189
1177
1160
1235
1116
1233
1086
1248
1086
1262
1137
1243
1176
1245
1213
1230
1237
1236
1190
1240
1161
1276
1077
1303
1046
1332
1052
1324
1075
1317
1131
1306
1199
1276
1268
1257
1298
1272
1287
1275
1259
1289
1191
1312
1132
1329
1118
1333
1149
1317
1198
1301
1252
1293
1332
1273
1350
1261
1384
1256
1374
1263
1335
1260
1291
1279
1244
1272
1225
1303
1215
1298
1260
1296
1318
1293
1348
1270
1390
1253
1432
1238
1410
1226
1395
1208
1375
1215
1334
1223
1275
1232
1258
1227
1275
1274
1284
1255
1317
1248
1356
1219
1387
1208
1360
1189
1362
1185
1297
1192
1245
1200
1195
1236
1156
1260
1144
1262
1172
1267
1207
1257
1237
1236
1230
1231
1240
1231
1177
1231
1123
1205
1087
1251
1038
1269
1023
1286
1049
1294
1100
1300
1077
1308
1149
1287
1164
1296
1137
1345
1102
1283
1069
1275
1084
1268
1089
1272
1129
1275
1156
1304
1178
1327
1200
1330
1192
1329
1182
1307
1184
1258
1170
1265
1173
1244
1193
1239
1242
1219
1268
1255
1293
1274
1325
1285
1303
1333
1315
1278
1329
1249
1346
1217
1315
1212
1293
1185
1303
1188
1286
1204
1321
1215
1346
1231
1356
1227
1373
1242
1369
1229
1331
1225
1309
1207
1273
1237
1228
1217
1216
1215
1216
1218
1291
1228
1260
1230
1295
1219
1293
1251
1258
1256
1173
1264
1157
1258
1137
1259
1113
1239
1141
1239
1169
1210
1222
1234
1260
1246
1279
1256
1250
1272
1124
1282
1139
1307
1097
1300
1081
1292
1114
1281
1133
1266
1194
1262
1242
1280
1263
1295
1298
1320
1250
1321
1217
1335
1138
1332
1115
1285
1086
1297
1115
1276
1121
1278
1224
1258
1290
1264
1329
1279
1349
1281
1333
1289
1306
1283
1247
1282
1189
1274
1147
1265
1155
1258
1174
1254
1225
1242
1317
1225
1366
1220
1361
1213
1367
1212
1302
1204
1239
1258
1154
1237
1084
1279
1082
1242
1065
1243
1149
1190
1234
1220
1317
1213
1301
1226
1339
1243
1277
1243
1187
1266
1129
1288
1070
1297
1048
1288
1100
1295
1165
1299
1234
1282
1315
1285
1325
1291
1298
1309
1236
1303
1213
1291
1153
1301
1127
1295
1151
1304
1166
1313
1214
1318
1258
1316
1312
1294
1335
1284
1325
1270
1294
1265
1277
1253
1244
1277
1221
1290
1195
1302
1230
1287
1251
1310
1281
1296
1388
1266
1374
1229
1368
1208
1321
1129
1302
1191
1236
1213
1204
1225
1216
1204
1227
1248
1263
1262
1289
1246
1324
1238
1328
1216
1327
1202
1289
1199
1202
1219
1201
1200
1190
1227
1220
1223
1216
1259
1249
1278
1265
1294
1241
1292
1261
1278
1257
1272
1211
1247
1199
1244
1198
1241
1212
1261
1205
1278
1250
1306
1259
1322
1256
1342
1237
1358
1203
1345
1176
1305
1163
1290
1156
1262
1166
1242
1179
1255
1209
1278
1203
1327
1207
1317
1224
1339
1164
1343
1138
1314
1105
1278
1129
1249
1111
1233
1160
1204
1210
1230
1220
1276
1230
1275
1239
1289
1250
1284
1217
1267
1193
1270
1159
1257
1150
1242
1168
1228
1168
1214
1218
1196
1275
1199
1298
1209
1307
1209
1294
1214
1293
1219
1232
1221
1174
1229
1176
1208
1149
1206
1186
1188
1261
1182
1328
1171
1367
1194
1362
1232
1342
1224
1298
1244
1228
1264
1157
1262
1091
1248
1108
1228
1147
1251
1177
1238
1243
1254
1284
1276
1289
1290
1247
1299
1233
1291
1211
1284
1109
1297
1095
1318
1078
1277
1101
1341
1097
1359
1186
1357
1254
1362
1292
1343
1321
1334
1317
1293
1295
1295
1275
1296
1234
1303
1206
1305
1195
1314
1200
1331
1219
1323
1273
1295
1314
1279
1309
1249
1319
1218
1293
1207
1275
1208
1245
1211
1229
1214
1242
1239
1194
1258
1201
1217
1208
1235
1235
1217
1248
1203
1249
1181
1248
1159
1262
1172
1252
1181
1235
1191
1228
1197
1215
1221
1175
1231
1152
1228
1103
1231
1156
1193
1160
1199
1173
1228
1208
1192
1187
1205
1219
1222
1211
1250
1201
1280
1177
1309
1135
1332
1127
1306
1129
1287
1146
1264
1151
1246
1192
1233
1241
1254
1249
1284
1235
1246
1229
1342
1204
1358
1160
1362
1131
1345
1142
1329
1139
1313
1173
1286
1223
1289
1252
1312
1270
1319
1263
1342
1289
1322
1277
1331
1222
1297
1239
1275
1218
1252
1227
1240
1254
1238
1283
1274
1323
1247
1347
1255
1363
1262
1362
1254
1361
1237
1323
1234
1282
1226
1274
1221
1248
1216
1262
1218
1314
1228
1311
1251
1318
1253
1280
1235
1276
1262
1226
1263
1214
1246
1206
1234
1188
1206
1186
1197
1205
1191
1207
1206
1199
1217
1186
1246
1183
1275
1139
1282
1128
1277
1161
1271
1126
1225
1153
1217
1171
1201
1182
1212
1144
1230
1184
1252
1191
1302
1178
1317
1182
1345
1175
1334
1176
1328
1181
1298
1214
1276
1215
1261
1222
1273
1247
1301
1245
1328
1253
1335
1262
1360
1240
1360
1239
1344
1229
1310
1243
1283
1203
1256
1236
1225
1333
1226
1337
1286
1354
1243
1359
1252
1377
1271
1362
1270
1362
1258
1358
1245
1324
1249
1330
1220
1328
1203
1332
1190
1333
1202
1332
1219
1336
1241
1328
1269
1330
1260
1295
1285
1265
1261
1246
1274
1224
1231
1174
1204
1141
1147
1137
1197
1132
1218
1135
1228
1174
1251
1176
1268
1215
1265
1223
1263
1199
1279
1162
1245
1127
1247
1099
1240
1050
1283
1065
1318
1089
1342
1123
1347
1170
1356
1262
1352
1248
1334
1259
1323
1223
1322
1169
1339
1084
1331
1095
1330
1112
1345
1110
1327
1182
1290
1245
1284
1306
1291
1351
1276
1396
1253
1394
1249
1287
1243
1321
1249
1267
1262
1236
1257
1243
1252
1252
1221
1314
1218
1375
1207
1447
1195
1521
1183
1537
1173
1521
1186
1422
1191
1355
1204
1265
1217
1215
1228
1196
1222
1235
1203
1282
1197
1332
1189
1380
1177
1399
1165
1365
1182
1308
1207
1208
1236
1142
1261
1076
1284
1068
1283
1075
1272
1124
1254
1181
1248
1184
1242
1223
1237
1207
1268
1200
1294
1143
1328
1081
1397
1038
1370
980
1363
1000
1339
1022
1289
1064
1286
1120
1281
1173
1291
1207
1292
1212
1315
1202
1334
1178
1344
1110
1332
1084
1314
1068
1310
1114
1265
1158
1256
1214
1244
1275
1242
1310
1228
1381
1251
1373
1294
1347
1261
1321
1266
1279
1261
1226
1253
1215
1194
1252
1212
1275
1202
1310
1210
1363
1212
1389
1223
1373
1255
1380
1268
1349
1300
1322
1260
1280
1240
1242
1207
1281
1174
1244
1163
1258
1168
1255
1123
1324
1217
1316
1250
1335
1271
1350
1277
1325
1256
1262
1247
1179
1213
1139
1217
1102
1219
1090
1233
1109
1266
1126
1292
1187
1329
1236
1330
1229
1326
1232
1306
1200
1289
1158
1267
1070
1253
1059
1242
1081
1263
1083
1290
1133
1306
1187
1321
1240
1337
1250
1326
1305
1296
1312
1277
1279
1247
1241
1236
1221
1227
1189
1234
1174
1249
1198
1268
1230
1285
1274
1299
1331
1303
1373
1291
1391
1250
1391
1243
1330
1211
1258
1194
1193
1196
1167
1216
1108
1251
1160
1269
1233
1304
1276
1371
1326
1296
1372
1261
1385
1232
1333
1206
1287
1173
1223
1192
1164
1223
1098
1251
1137
1276
1173
1291
1236
1305
1262
1292
1296
1272
1303
1255
1304
1242
1251
1241
1177
1256
1140
1229
1070
1305
1058
1317
1082
1325
1120
1320
1157
1320
1202
1310
1246
1293
1261
1305
1234
1271
1223
1264
1156
1250
1134
1260
1105
1263
1109
1238
1131
1270
1183
1273
1219
1277
1262
1265
1316
1270
1368
1261
1303
1246
1282
1239
1245
1203
1218
1257
1161
1259
1232
1247
1285
1254
1307
1249
1361
1244
1393
1244
1390
1263
1383
1270
1372
1266
1341
1294
1300
1269
1279
1263
1269
1254
1280
1244
1299
1258
1311
1271
1319
1282
1332
1287
1370
1316
1366
1315
1307
1303
1345
1287
1271
1272
1240
1254
1199
1247
1185
1267
1181
1276
1219
1291
1269
1313
1287
1323
1308
1311
1302
1284
1273
1262
1236
1246
1158
1232
1124
1224
1062
1250
1114
1265
1128
1327
1152
1333
1203
1281
1221
1285
1226
1265
1225
1195
1224
1226
1187
1222
1098
1240
1135
1238
1101
1251
1106
1259
1144
1262
1166
1261
1229
1256
1285
1248
1326
1149
1344
1216
1316
1224
1273
1217
1209
1222
1136
1246
1145
1278
1187
1283
1242
1299
1307
1311
1348
1290
1369
1261
1404
1239
1373
1227
1306
1226
1253
1210
1209
1281
1183
1296
1189
1345
1250
1351
1294
1341
1320
1315
1350
1286
1353
1253
1321
1230
1269
1243
1202
1255
1173
1292
1151
1323
1157
1340
1211
1334
1235
1308
1282
1271
1279
1232
1295
1231
1267
1224
1233
1219
1197
1235
1171
1248
1148
1273
1146
1283
1181
1288
1222
1277
1248
1249
1279
1226
1275
1199
1262
1190
1265
1190
1205
1196
1168
1211
1149
1240
1168
1273
1162
1290
1240
1283
1303
1277
1353
1248
1347
1225
1333
1211
1303
1208
1233
1214
1214
1236
1203
1269
1191
1296
1225
1317
1271
1318
1305
1310
1331
1287
1316
1274
1308
1259
1232
1257
1234
1223
1183
1300
1201
1307
1191
1335
1226
1395
1243
1339
1251
1313
1288
1296
1276
1280
1292
1256
1292
1267
1307
1291
1237
1276
1228
1286
1219
1296
1204
1290
1128
1281
1214
1262
1214
1254
1239
1216
1252
1205
1242
1223
1240
1231
1203
1237
1202
1239
1132
1246
1166
1243
1159
1247
1156
1245
1183
1223
1199
1212
1221
1192
1249
1192
1262
1195
1254
1213
1255
1226
1251
1238
1244
1257
1233
1262
1231
1253
1231
1233
1236
1220
1262
1230
1290
1214
1301
1224
1300
1258
1311
1288
1266
1319
1265
1334
1268
1341
1217
1322
1212
1303
1214
1266
1226
1276
1246
1262
1296
1250
1325
1286
1235
1301
1287
1325
1277
1333
1223
1347
1186
1330
1176
1308
1169
1291
1176
1261
1216
1240
1287
1227
1273
1222
1286
1235
1263
1229
1219
1247
1164
1253
1154
1266
1124
1254
1118
1236
1143
1240
1151
1232
1181
1231
1234
1230
1260
1241
1265
1252
1270
1257
1259
1267
1211
1270
1188
1238
1178
1257
1147
1254
1162
1258
1168
1263
1222
1257
1253
1267
1328
1259
1345
1268
1323
1280
1293
1242
1212
1235
1184
1226
1163
1231
1161
1237
1169
1247
1226
1234
1293
1254
1333
1248
1353
1236
1359
1229
1319
1227
1277
1233
1243
1247
1208
1249
1186
1278
1185
1302
1213
1310
1213
1306
1242
1301
1287
1297
1317
1272
1334
1268
1298
1282
1245
1268
1221
1268
1194
1273
1168
1288
1145
1287
1177
1268
1231
1286
1255
1276
1258
1271
1321
1243
1304
1239
1254
1235
1208
1236
1196
1244
1133
1251
1119
1267
1159
1228
1210
1273
1242
1275
1297
1247
1334
1231
1314
1224
1275
1229
1193
1219
1150
1244
1120
1251
1098
1258
1115
1258
1150
1243
1203
1242
1242
1226
1271
1215
1284
1214
1252
1223
1214
1238
1160
1260
1131
1253
1149
1260
1126
1249
1158
1237
1196
1211
1254
1233
1273
1228
1320
1233
1343
1256
1302
1277
1246
1295
1200
1303
1165
1319
1104
1308
1135
1294
1196
1273
1238
1263
1297
1248
1365
1248
1388
1252
1374
1279
1313
1301
1258
1319
1171
1308
1158
1294
1138
1280
1174
1233
1227
1220
1263
1230
1289
1211
1318
1212
1335
1236
1324
1263
1253
1284
1218
1291
1186
1301
1124
1282
1130
1249
1146
1241
1165
1207
1183
1224
1224
1226
1184
1266
1244
1270
1230
1291
1179
1329
1139
1294
1083
1284
1081
1260
1084
1239
1125
1208
1166
1224
1195
1235
1224
1251
1277
1272
1265
1285
1253
1306
1197
1297
1196
1291
1172
1274
1179
1244
1200
1242
1200
1244
1230
1239
1252
1264
1281
1276
1282
1291
1309
1292
1310
1285
1295
1249
1280
1267
1245
1280
1262
1235
1267
1234
1265
1239
1250
1251
1274
1236
1286
1291
1282
1287
1246
1271
1314
1258
1278
1233
1261
1208
1252
1199
1222
1186
1208
1211
1199
1232
1203
1245
1176
1268
1203
1271
1248
1268
1230
1244
1223
1239
1217
1204
1205
1215
1201
1228
1233
1247
1200
1260
1202
1272
1210
1302
1237
1315
1183
1316
1195
1299
1198
1292
1190
1282
1198
1264
1217
1270
1220
1285
1211
1296
1239
1311
1211
1324
1208
1339
1180
1332
1193
1317
1208
1300
1237
1277
1292
1272
1248
1298
1271
1246
1283
1289
1270
1290
1275
1284
1250
1285
1251
1251
1254
1261
1251
1213
1235
1235
1212
1240
1207
1246
1211
1260
1230
1262
1212
1268
1267
1249
1282
1235
1253
1277
1221
1212
1164
1209
1164
1219
1128
1246
1150
1251
1181
1263
1226
1288
1258
1271
1286
1244
1323
1218
1313
1197
1262
1187
1240
1168
1226
1215
1172
1233
1127
1271
1157
1285
1217
1295
1230
1292
1296
1268
1341
1244
1349
1217
1361
1218
1287
1216
1231
1252
1173
1270
1128
1335
1120
1358
1107
1376
1196
1353
1243
1345
1313
1316
1373
1283
1376
1280
1332
1253
1277
1260
1202
1290
1176
1322
1095
1341
1105
1350
1132
1340
1213
1321
1269
1286
1369
1242
1446
1222
1416
1207
1375
1261
1290
1236
1224
1286
1159
1307
1123
1304
1158
1319
1144
1267
1273
1234
1369
1197
1436
1199
1445
1188
1416
1205
1369
1227
1265
1289
1186
1266
1164
1267
1130
1246
1153
1227
1188
1205
1267
1182
1300
1175
1367
1186
1360
1204
1304
1212
1244
1251
1154
1275
1062
1272
1019
1267
1037
1255
1060
1243
1116
1225
1180
1220
1249
1239
1261
1259
1257
1280
1211
1308
1150
1327
1071
1335
1085
1317
1056
1305
1132
1300
1205
1267
1245
1297
1304
1277
1328
1299
1386
1325
1324
1341
1311
1336
1287
1353
1266
1334
1266
1295
1277
1267
1272
1247
1290
1237
1307
1247
1301
1264
1290
1292
1294
1271
1279
1295
1251
1285
1250
1265
1222
1256
1235
1242
1225
1240
1237
1233
1246
1247
1222
1267
1214
1291
1195
1289
1196
1283
1196
1280
1175
1263
1177
1249
1193
1244
1191
1246
1184
1244
1140
1248
1173
1257
1129
1256
1131
1253
1193
1245
1150
1234
1170
1226
1191
1167
1229
1212
1199
1230
1224
1230
1242
1263
1219
1268
1185
1293
1202
1288
1209
1289
1231
1287
1266
1275
1288
1306
1284
1265
1324
1289
1324
1309
1306
1329
1324
1347
1309
1352
1309
1360
1303
1318
1356
1288
1364
1274
1339
1254
1362
1257
1336
1257
1329
1311
1300
1338
1314
1337
1319
1341
1323
1316
1321
1287
1328
1251
1320
1217
1299
1221
1257
1228
1243
1247
1210
1280
1152
1303
1173
1311
1183
1292
1199
1278
1188
1244
1216
1213
1199
1190
1189
1172
1145
1166
1142
1188
1103
1224
1060
1279
1070
1266
1075
1252
1134
1254
1198
1233
1234
1203
1274
1186
1289
1189
1260
1197
1237
1214
1200
1246
1172
1294
1130
1312
1166
1297
1193
1311
1286
1279
1353
1246
1413
1240
1421
1209
1387
1220
1365
1236
1313
1261
1249
1284
1205
1312
1180
1323
1203
1300
1192
1287
1305
1259
1364
1229
1346
1221
1386
1237
1341
1261
1290
1273
1240
1312
1166
1329
1115
1350
1102
1312
1134
1300
1191
1284
1204
1261
1276
1255
1274
1232
1269
1282
1234
1293
1217
1310
1192
1309
1151
1301
1172
1290
1159
1277
1191
1283
1213
1266
1237
1245
1229
1248
1250
1247
1236
1262
1232
1254
1263
1255
1225
1299
1210
1264
1235
1263
1214
1244
1212
1248
1246
1249
1236
1235
1230
1250
1210
1248
1225
1250
1228
1253
1265
1242
1290
1242
1298
1250
1303
1245
1303
1262
1298
1272
1258
1274
1252
1286
1242
1281
1227
1252
1280
1233
1302
1219
1341
1195
1383
1196
1380
1215
1372
1237
1289
1252
1283
1270
1264
1285
1218
1270
1219
1268
1210
1253
1225
1225
1219
1221
1276
1228
1277
1242
1248
1274
1246
1311
1201
1339
1168
1261
1148
1333
1141
1314
1121
1284
1141
1273
1187
1250
1162
1241
1237
1247
1264
1267
1231
1334
1218
1318
1181
1331
1184
1372
1171
1318
1182
1288
1203
1256
1196
1238
1199
1216
1204
1222
1187
1224
1201
1261
1152
1269
1165
1288
1185
1300
1214
1287
1221
1275
1223
1233
1258
1224
1218
1226
1207
1223
1226
1237
1197
1259
1198
1284
1197
1270
1228
1288
1260
1280
1309
1259
1354
1243
1350
1225
1337
1246
1311
1261
1271
1280
1230
1297
1216
1329
1200
1304
1210
1277
1267
1274
1364
1262
1351
1245
1379
1240
1387
1259
1363
1271
1278
1283
1259
1279
1228
1289
1182
1273
1206
1274
1246
1252
1272
1261
1322
1224
1352
1261
1387
1273
1331
1286
1335
1300
1287
1299
1250
1308
1229
1304
1203
1297
1220
1267
1251
1258
1299
1249
1306
1247
1349
1255
1356
1279
1289
1326
1233
1309
1225
1309
1214
1298
1201
1281
1229
1246
1257
1243
1277
1256
1300
1265
1311
1282
1302
1310
1282
1344
1225
1326
1208
1309
1172
1284
1201
1241
1199
1223
1221
1208
1253
1226
1223
1256
1242
1276
1210
1303
1226
1305
1179
1303
1151
1273
1153
1254
1141
1229
1186
1216
1223
1208
1256
1195
1261
1256
1263
1274
1227
1284
1193
1293
1161
1296
1140
1282
1109
1254
1183
1241
1205
1229
1257
1207
1306
1219
1320
1231
1306
1230
1256
1263
1250
1271
1214
1310
1183
1260
1186
1249
1186
1218
1221
1215
1262
1214
1314
1209
1345
1225
1358
1257
1343
1285
1311
1297
1282
1321
1259
1295
1228
1281
1234
1263
1240
1246
1257
1238
1352
1244
1337
1264
1369
1290
1361
1241
1379
1307
1341
1322
1328
1293
1320
1276
1275
1248
1264
1251
1245
1240
1265
1254
1273
1273
1292
1272
1304
1273
1293
1259
1284
1251
1295
1242
1269
1208
1239
1209
1160
1216
1184
1221
1139
1221
1145
1218
1159
1226
1170
1219
1203
1195
1221
1225
1243
1216
1216
1214
1237
1213
1208
1226
1156
1225
1112
1246
1088
1259
1065
1268
1078
1285
1109
1283
1155
1320
1186
1272
1222
1271
1230
1268
1217
1250
1206
1273
1141
1291
1095
1311
1058
1332
1084
1330
1091
1325
1195
1295
1255
1281
1289
1290
1325
1267
1337
1272
1330
1295
1279
1321
1255
1340
1230
1353
1214
1350
1230
1315
1266
1301
1314
1270
1364
1264
1387
1254
1400
1259
1400
1277
1369
1287
1308
1288
1255
1277
1239
1268
1207
1262
1233
1217
1304
1198
1342
1188
1366
1193
1372
1199
1379
1207
1331
1226
1288
1233
1246
1233
1196
1225
1186
1221
1196
1208
1250
1168
1285
1175
1314
1202
1332
1209
1293
1212
1235
1237
1242
1259
1162
1260
1126
1260
1102
1209
1106
1237
1124
1221
1204
1200
1276
1208
1250
1214
1291
1199
1274
1274
1227
1308
1178
1329
1153
1337
1131
1334
1131
1318
1158
1304
1212
1309
1276
1301
1333
1325
1333
1345
1340
1366
1296
1384
1275
1388
1229
1375
1218
1346
1221
1323
1206
1306
1241
1282
1296
1247
1336
1261
1351
1262
1371
1252
1358
1261
1305
1265
1256
1259
1217
1238
1183
1233
1180
1224
1183
1210
1213
1193
1197
1196
1281
1186
1280
1188
1275
1240
1252
1217
1179
1230
1181
1234
1172
1242
1181
1226
1182
1219
1207
1204
1238
1208
1240
1211
1256
1215
1262
1227
1235
1249
1229
1269
1224
1277
1214
1229
1222
1274
1222
1279
1241
1272
1227
1273
1255
1268
1234
1291
1248
1275
1260
1291
1237
1298
1224
1305
1222
1306
1259
1346
1270
1344
1281
1341
1309
1346
1325
1343
1307
1330
1303
1275
1306
1286
1287
1266
1234
1278
1283
1294
1295
1304
1316
1314
1312
1336
1331
1331
1343
1320
1307
1292
1303
1254
1298
1224
1258
1205
1243
1210
1212
1185
1229
1228
1241
1255
1244
1259
1266
1268
1270
1260
1246
1257
1225
1237
1215
1226
1202
1217
1187
1200
1183
1202
1174
1202
1187
1219
1234
1255
1214
1269
1208
1275
1215
1289
1238
1291
1196
1268
1228
1244
1254
1242
1236
1227
1241
1238
1242
1255
1241
1300
1212
1317
1233
1336
1247
1341
1240
1331
1214
1319
1284
1292
1293
1270
1307
1270
1311
1278
1308
1287
1286
1312
1289
1323
1244
1341
1279
1327
1302
1335
1294
1361
1302
1286
1291
1262
1351
1256
1327
1247
1341
1229
1339
1248
1297
1272
1256
1248
1221
1236
1239
1229
1218
1221
1227
1191
1270
1194
1298
1195
1274
1171
1322
1197
1289
1196
1267
1228
1201
1229
1179
1245
1157
1219
1187
1216
1207
1210
1220
1215
1269
1207
1278
1216
1278
1225
1268
1234
1250
1269
1203
1275
1188
1284
1171
1281
1175
1286
1198
1286
1232
1264
1258
1283
1275
1300
1278
1323
1271
1336
1233
1349
1198
1366
1167
1367
1114
1356
1149
1349
1200
1349
1220
1333
1278
1335
1306
1325
1313
1346
1278
1341
1255
1320
1215
1328
1084
1298
1113
1294
1120
1268
1153
1283
1190
1278
1286
1271
1332
1274
1355
1271
1352
1262
1361
1254
1263
1234
1213
1230
1154
1190
1154
1212
1166
1213
1244
1214
1319
1204
1383
1186
1429
1203
1412
1194
1389
1196
1353
1184
1285
1186
1232
1183
1201
1172
1204
1180
1238
1191
1277
1174
1343
1212
1357
1229
1379
1246
1341
1259
1311
1245
1243
1258
1222
1253
1174
1255
1147
1285
1166
1281
1161
1298
1227
1306
1273
1312
1330
1316
1316
1317
1315
1283
1290
1299
1239
1290
1201
1296
1170
1301
1146
1307
1165
1330
1199
1349
1207
1358
1260
1342
1266
1337
1267
1340
1210
1303
1224
1293
1156
1291
1157
1276
1163
1291
1148
1306
1141
1292
1152
1286
1191
1281
1186
1265
1188
1246
1201
1227
1199
1214
1198
1196
1207
1196
1198
1200
1196
1205
1190
1222
1178
1224
1226
1220
1224
1221
1254
1209
1255
1181
1279
1197
1269
1199
1279
1218
1296
1209
1299
1228
1323
1254
1281
1250
1299
1276
1303
1280
1309
1267
1283
1261
1321
1245
1301
1247
1305
1254
1306
1246
1307
1284
1290
1323
1295
1322
1275
1321
1265
1321
1322
1321
1278
1310
1275
1298
1272
1257
1283
1305
1254
1301
1284
1296
1302
1306
1283
1297
1296
1301
1285
1283
1281
1294
1262
1289
1277
1284
1271
1272
1235
1264
1225
1267
1215
1257
1194
1248
1178
1253
1170
1259
1176
1252
1173
1249
1196
1245
1221
1236
1246
1208
1253
1206
1234
1215
1184
1198
1171
1182
1172
1210
1155
1215
1174
1228
1224
1234
1245
1240
1264
1241
1299
1239
1286
1256
1269
1248
1234
1247
1218
1242
1130
1249
1189
1257
1204
1254
1202
1305
1240
1280
1252
1297
1289
1307
1318
1314
1333
1313
1316
1345
1288
1322
1259
1301
1256
1301
1193
1296
1194
1303
1206
1324
1222
1341
1288
1362
1339
1305
1343
1351
1328
1341
1307
1324
1239
1332
1205
1289
1165
1285
1171
1298
1183
1280
1205
1293
1236
1299
1255
1289
1311
1284
1325
1274
1300
1245
1298
1229
1274
1215
1236
1231
1220
1202
1235
1200
1238
1214
1241
1215
1276
1225
1312
1229
1328
1193
1340
1201
1347
1202
1342
1182
1297
1178
1292
1163
1299
1160
1271
1170
1276
1197
1253
1184
1272
1229
1287
1251
1313
1254
1311
1248
1312
1225
1293
1251
1259
1249
1233
1267
1243
1281
1215
1304
1202
1324
1198
1332
1202
1335
1221
1334
1184
1318
1192
1306
1176
1301
1183
1305
1155
1305
1171
1302
1189
1320
1187
1318
1168
1327
1154
1330
1153
1334
1131
1329
1133
1319
1158
1311
1165
1312
1179
1308
1218
1303
1246
1309
1244
1307
1241
1305
1249
1316
1226
1307
1198
1291
1196
1288
1255
1254
1278
1250
1284
1308
1291
1254
1305
1251
1358
1258
1361
1269
1373
1251
1323
1250
1369
1253
1335
1220
1330
1201
1342
1205
1325
1210
1312
1217
1352
1229
1375
1251
1377
1226
1385
1209
1371
1211
1353
1226
1293
1224
1292
1212
1253
1212
1278
1219
1275
1238
1261
1292
1284
1257
1274
1270
1270
1263
1261
1256
1257
1256
1236
1261
1194
1257
1198
1252
1204
1264
1182
1265
1177
1276
1191
1283
1189
1303
1189
1315
1202
1314
1209
1317
1200
1304
1198
1315
1169
1306
1189
1290
1209
1292
1181
1288
1187
1293
1194
1292
1213
1327
1203
1324
1229
1329
1250
1312
1188
1294
1233
1280
1253
1259
1250
1278
1251
1259
1262
1269
1288
1266
1263
1269
1256
1266
1322
1255
1266
1239
1262
1232
1255
1189
1266
1216
1266
1223
1315
1220
1336
1220
1327
1201
1339
1176
1305
1226
1267
1233
1246
1234
1252
1247
1230
1246
1232
1243
1278
1259
1298
1260
1324
1218
1333
1255
1319
1270
1306
1287
1263
1248
1266
1282
1251
1285
1256
1271
1263
1275
1250
1283
1268
1278
1262
1291
1276
1289
1287
1303
1304
1322
1289
1324
1284
1327
1268
1304
1268
1295
1240
1285
1234
1274
1235
1284
1223
1296
1218
1308
1239
1299
1246
1314
1226
1309
1233
1300
1220
1273
1221
1262
1204
1262
1222
1240
1226
1235
1219
1270
1208
1253
1186
1254
1196
1259
1194
1273
1188
1255
1205
1268
1242
1275
1253
1267
1272
1253
1282
1244
1288
1243
1230
1241
1210
1244
1205
1254
1192
1268
1187
1278
1221
1276
1249
1264
1274
1263
1315
1252
1336
1234
1331
1230
1333
1250
1289
1256
1257
1273
1244
1294
1234
1299
1250
1300
1254
1286
1282
1289
1296
1285
1308
1259
1350
1286
1311
1292
1305
1306
1266
1303
1244
1291
1268
1290
1218
1281
1228
1278
1224
1236
1235
1287
1258
1297
1288
1282
1310
1289
1302
1282
1268
1283
1252
1266
1243
1273
1222
1265
1228
1257
1264
1248
1260
1244
1270
1244
1287
1230
1293
1229
1286
1235
1252
1240
1259
1234
1224
1229
1255
1226
1285
1223
1285
1178
1301
1200
1291
1223
1281
1217
1255
1221
1251
1237
1249
1273
1235
1260
1247
1271
1269
1280
1251
1275
1261
1269
1270
1252
1249
1281
1204
1292
1202
1304
1136
1327
1169
1327
1174
1319
1165
1372
1173
1326
1166
1323
1206
1321
1204
1314
1224
1313
1230
1321
1216
1339
1191
1300
1182
1308
1170
1303
1174
1296
1200
1302
1229
1305
1258
1324
1296
1242
1320
1297
1298
1285
1274
1276
1236
1257
1216
1247
1194
1247
1214
1244
1238
1244
1253
1257
1293
1264
1313
1265
1335
1244
1334
1240
1323
1221
1304
1213
1283
1209
1277
1211
1263
1211
1291
1211
1320
1227
1320
1236
1339
1249
1375
1251
1383
1246
1359
1257
1332
1230
1317
1234
1251
1222
1186
1211
1271
1213
1238
1210
1255
1233
1247
1248
1260
1273
1266
1294
1268
1292
1256
1285
1230
1262
1212
1253
1186
1242
1155
1244
1159
1252
1165
1277
1159
1297
1149
1314
1190
1319
1222
1341
1187
1307
1210
1300
1215
1287
1197
1280
1162
1277
1177
1280
1181
1293
1171
1301
1177
1311
1156
1307
1161
1311
1175
1305
1182
1283
1210
1265
1204
1255
1207
1251
1220
1245
1222
1236
1214
1251
1182
1262
1185
1254
1196
1268
1198
1259
1168
1253
1263
1231
1289
1200
1290
1264
1302
1222
1263
1230
1272
1246
1254
1267
1249
1270
1257
1274
1267
1268
1278
1270
1297
1257
1329
1246
1344
1251
1313
1245
1318
1259
1321
1288
1290
1285
1262
1306
1255
1306
1248
1309
1223
1303
1264
1289
1258
1280
1321
1270
1332
1271
1309
1302
1289
1284
1223
1294
1225
1297
1194
1297
1192
1292
1199
1297
1201
1292
1231
1277
1269
1277
1276
1269
1260
1265
1237
1235
1209
1268
1166
1272
1135
1273
1147
1281
1141
1288
1177
1292
1179
1301
1231
1289
1283
1263
1259
1241
1291
1237
1219
1215
1201
1199
1168
1236
1167
1227
1191
1241
1157
1242
1223
1245
1264
1236
1329
1256
1313
1243
1298
1241
1287
1238
1230
1239
1194
1238
1208
1239
1179
1241
1184
1262
1198
1248
1253
1291
1253
1307
1297
1308
1310
1305
1281
1278
1264
1278
1238
1269
1183
1264
1183
1261
1211
1290
1250
1310
1253
1319
1311
1330
1346
1338
1325
1307
1281
1305
1311
1280
1274
1273
1226
1268
1228
1257
1206
1309
1236
1281
1260
1298
1261
1323
1273
1306
1261
1301
1263
1286
1244
1258
1239
1241
1222
1240
1190
1238
1200
1221
1212
1234
1203
1241
1222
1243
1240
1243
1248
1246
1253
1240
1267
1215
1270
1216
1244
1212
1238
1204
1213
1209
1225
1216
1215
1233
1248
1257
1263
1245
1256
1279
1259
1262
1241
1261
1250
1245
1248
1256
1228
1257
1233
1258
1262
1286
1270
1288
1261
1287
1269
1290
1285
1291
1252
1285
1240
1279
1238
1275
1236
1255
1230
1276
1225
1285
1243
1287
1204
1292
1227
1303
1233
1292
1216
1270
1177
1280
1193
1275
1186
1276
1185
1285
1193
1286
1170
1264
1154
1268
1177
1278
1185
1268
1177
1236
1180
1251
1198
1262
1208
1272
1187
1273
1211
1270
1246
1282
1206
1279
1225
1277
1211
1228
1226
1268
1226
1265
1263
1241
1301
1243
1318
1242
1327
1249
1333
1235
1340
1257
1338
1279
1318
1267
1320
1261
1311
1264
1305
1281
1306
1257
1329
1242
1365
1249
1325
1257
1349
1265
1321
1263
1318
1262
1301
1266
1272
1248
1246
1250
1209
1243
1188
1235
1178
1233
1213
1223
1231
1232
1249
1234
1253
1236
1257
1251
1226
1251
1190
1247
1168
1237
1145
1251
1119
1259
1124
1255
1116
1280
1183
1288
1216
1305
1228
1349
1237
1317
1198
1313
1199
1305
1165
1289
1164
1275
1163
1279
1150
1313
1166
1294
1179
1305
1237
1312
1248
1308
1256
1291
1278
1291
1256
1284
1239
1203
1233
1255
1206
1253
1186
1268
1181
1256
1214
1269
1203
1283
1252
1288
1297
1285
1285
1299
1285
1275
1263
1265
1266
1246
1263
1236
1255
1254
1275
1247
1289
1250
1300
1248
1302
1276
1311
1274
1292
1275
1302
1266
1289
1254
1288
1239
1299
1223
1294
1256
1289
1241
1313
1247
1267
1256
1284
1260
1310
1264
1278
1246
1258
1244
1231
1216
1240
1242
1229
1245
1252
1242
1284
1271
1285
1254
1297
1265
1306
1263
1289
1270
1267
1256
1262
1258
1240
1255
1216
1251
1233
1243
1290
1258
1247
1264
1263
1271
1268
1272
1267
1286
1214
1281
1232
1277
1232
1274
1199
1260
1195
1268
1188
1258
1186
1269
1206
1256
1228
1280
1236
1272
1223
1274
1252
1277
1232
1272
1222
1241
1223
1253
1181
1261
1185
1253
1169
1254
1177
1262
1153
1272
1197
1237
1217
1268
1189
1292
1198
1257
1182
1240
1197
1235
1201
1238
1213
1237
1220
1254
1220
1280
1229
1300
1226
1283
1244
1278
1249
1279
1230
1271
1262
1266
1292
1257
1306
1268
1298
1263
1300
1268
1304
1286
1255
1292
1257
1287
1245
1283
1264
1249
1277
1268
1276
1298
1303
1264
1291
1272
1305
1275
1313
1282
1298
1278
1283
1289
1268
1295
1243
1286
1236
1279
1243
1274
1231
1269
1237
1255
1270
1263
1294
1263
1286
1262
1300
1270
1283
1278
1259
1278
1198
1284
1207
1284
1200
1262
1193
1242
1221
1252
1228
1230
1259
1259
1271
1269
1289
1263
1292
1270
1247
1265
1237
1263
1207
1243
1191
1243
1197
1242
1188
1243
1221
1246
1244
1252
1244
1258
1335
1261
1301
1260
1285
1265
1239
1214
1239
1261
1201
1255
1201
1256
1214
1253
1224
1256
1254
1275
1256
1273
1276
1286
1272
1282
1265
1285
1262
1284
1194
1273
1189
1270
1179
1273
1167
1237
1162
1271
1189
1260
1206
1282
1188
1280
1203
1274
1226
1275
1213
1266
1192
1267
1166
1283
1151
1284
1125
1297
1160
1304
1194
1311
1219
1323
1253
1294
1276
1324
1277
1302
1277
1297
1266
1292
1240
1281
1226
1273
1237
1285
1240
1298
1270
1283
1355
1291
1351
1275
1369
1275
1375
1260
1404
1251
1364
1241
1354
1226
1361
1229
1328
1267
1323
1252
1328
1254
1355
1253
1373
1250
1404
1245
1379
1233
1394
1226
1379
1229
1341
1223
1290
1219
1262
1242
1221
1244
1192
1246
1205
1245
1234
1267
1244
1242
1239
1235
1264
1226
1222
1229
1217
1225
1195
1236
1162
1229
1140
1257
1119
1264
1120
1275
1121
1280
1145
1285
1155
1284
1152
1271
1168
1282
1169
1291
1149
1255
1151
1297
1141
1317
1127
1327
1095
1328
1122
1321
1208
1323
1138
1308
1170
1306
1183
1245
1218
1296
1187
1291
1247
1288
1269
1292
1267
1288
1276
1293
1269
1300
1278
1284
1284
1277
1318
1275
1298
1266
1302
1280
1315
1285
1323
1282
1357
1249
1375
1281
1349
1282
1350
1280
1323
1271
1313
1267
1292
1285
1282
1269
1278
1282
1239
1295
1262
1282
1272
1264
1294
1253
1313
1245
1314
1232
1302
1240
1291
1223
1270
1224
1233
1220
1201
1221
1224
1236
1187
1232
1201
1232
1187
1231
1252
1235
1254
1232
1249
1279
1258
1249
1201
1256
1191
1267
1178
1266
1177
1262
1180
1276
1185
1292
1198
1261
1213
1261
1249
1261
1241
1259
1229
1254
1250
1284
1231
1288
1219
1219
1220
1280
1222
1311
1217
1285
1220
1273
1273
1279
1267
1292
1298
1290
1319
1297
1311
1330
1284
1328
1251
1333
1266
1321
1269
1321
1276
1312
1303
1313
1316
1298
1322
1302
1320
1308
1298
1288
1276
1300
1236
1293
1239
1284
1197
1261
1216
1207
1224
1238
1225
1226
1261
1214
1243
1213
1246
1231
1253
1217
1217
1215
1179
1270
1135
1214
1129
1249
1159
1236
1155
1238
1192
1245
1222
1243
1239
1252
1250
1256
1236
1271
1210
1270
1199
1285
1184
1294
1159
1326
1178
1285
1246
1290
1255
1289
1287
1289
1327
1284
1355
1298
1319
1303
1339
1303
1337
1292
1308
1281
1294
1287
1298
1276
1310
1282
1332
1284
1373
1291
1398
1290
1409
1296
1416
1329
1399
1312
1386
1291
1343
1286
1293
1285
1253
1273
1205
1253
1259
1258
1215
1260
1267
1255
1288
1257
1254
1320
1227
1266
1184
1255
1193
1226
1140
1238
1130
1243
1126
1223
1123
1236
1116
1231
1140
1239
1147
1241
1160
1251
1153
1258
1148
1263
1161
1257
1169
1233
1159
1244
1153
1238
1174
1224
1158
1250
1173
1257
1147
1273
1229
1285
1242
1306
1238
1335
1275
1319
1267
1324
1294
1310
1314
1304
1332
1268
1335
1280
1350
1235
1355
1289
1355
1287
1355
1302
1347
1313
1333
1304
1342
1311
1363
1312
1357
1312
1355
1300
1365
1302
1392
1301
1300
1305
1314
1301
1322
1310
1292
1309
1294
1319
1295
1298
1294
1318
1287
1313
1312
1295
1319
1274
1209
1250
1265
1246
1250
1226
1244
1237
1232
1225
1236
1228
1236
1224
1234
1214
1240
1224
1274
1216
1229
1195
1233
1192
1189
1163
1190
1180
1171
1179
1188
1199
1198
1192
1221
1199
1278
1214
1231
1225
1235
1201
1234
1238
1196
1241
1204
1240
1179
1243
1175
1237
1192
1249
1202
1231
1208
1257
1226
1266
1253
1285
1229
1297
1242
1301
1228
1299
1230
1306
1211
1319
1198
1347
1205
1334
1188
1335
1229
1352
1261
1343
1282
1340
1300
1342
1304
1355
1289
1342
1270
1346
1228
1343
1219
1344
1204
1334
1217
1345
1240
1338
1262
1321
1301
1313
1306
1309
1288
1300
1242
1290
1256
1278
1201
1286
1192
1261
1200
1259
1195
1275
1209
1247
1229
1240
1274
1220
1288
1208
1295
1198
1286
1193
1266
1185
1240
1191
1225
1190
