1196
1308
1577
1294
1566
1283
1550
1257
1385
1264
1360
1257
1379
1271
1371
1251
1354
1283
1329
1283
1353
1286
1369
1291
1313
1332
1331
1280
1347
1297
1349
1309
1276
1307
1299
1304
1284
1314
1275
1305
1238
1310
1261
1308
1220
1306
1217
1305
1215
1295
1171
1305
1162
1303
1192
1296
1158
1288
1160
1279
1179
1283
1159
1279
1146
1269
1107
1285
1170
1264
1113
1259
1073
1252
1162
1256
1155
1228
1159
1255
1117
1255
1169
1278
1185
1244
1176
1239
1246
1240
1172
1247
1240
1201
1255
1237
1194
1308
1241
1245
1261
1249
1277
1238
1277
1250
1291
1241
1324
1251
1292
1262
1295
1261
1289
1262
1316
1258
1327
1270
1309
1272
1332
1273
1301
1274
1318
1280
1307
1286
1291
1291
1297
1292
1258
1294
1284
1294
1285
1301
1246
1293
1255
1303
1229
1308
1234
1310
1201
1299
1175
1300
1200
1303
1190
1284
1174
1294
1195
1288
1163
1279
1169
1264
1248
1259
1172
1263
1149
1254
1142
1246
1215
1248
1153
1238
1169
1223
1164
1233
1208
1229
1166
1233
1197
1224
1227
1220
1232
1214
1184
1233
1267
1208
1261
1219
1255
1226
1338
1220
1301
1216
1295
1170
1328
1232
1318
1227
1323
1231
1360
1236
1337
1240
1341
1247
1337
1247
1325
1256
1331
1264
1313
1270
1378
1288
1325
1291
1327
1291
1277
1293
1294
1295
1283
1278
1263
1314
1276
1301
1227
1323
1226
1322
1204
1317
1189
1315
1229
1323
1181
1343
1144
1320
1128
1322
1159
1279
1114
1315
1112
1294
1121
1310
1088
1303
1059
1296
1069
1284
1093
1273
1081
1273
1086
1306
1085
1264
1090
1266
1094
1262
1152
1252
1153
1238
1176
1251
1191
1256
1204
1242
1274
1233
1256
1242
1287
1238
1285
1231
1286
1233
1305
1234
1325
1225
1359
1218
1395
1227
1365
1224
1321
1227
1378
1215
1395
1226
1408
1222
1405
1216
1398
1216
1408
1238
1401
1265
1429
1266
1401
1278
1423
1297
1386
1310
1397
1308
1349
1334
1317
1332
1344
1336
1334
1329
1313
1324
1311
1324
1348
1321
1275
1304
1273
1298
1185
1261
1162
1311
1096
1316
1087
1329
1086
1354
1091
1355
1152
1381
1178
1394
1144
1421
1139
1401
1202
1386
1224
1361
1221
1320
1244
1270
1263
1256
1251
1225
1243
1200
1267
1165
1269
1126
1256
1096
1180
1069
1297
1044
1234
964
1151
959
1124
987
1024
961
937
968
885
1037
848
1064
858
1096
901
1144
897
1188
943
1208
877
1278
1028
1350
1063
1389
1122
1442
1236
1497
1321
1531
1450
1520
1563
1495
1633
1455
1699
1416
1722
1366
1721
1338
1731
1328
1723
1314
1707
1318
1690
1326
1606
1340
1581
1344
1464
1326
1347
1332
1252
1328
1101
1332
1017
1341
922
1365
835
1383
788
1408
762
1398
695
1410
668
1402
687
1376
651
1345
773
1335
737
1292
820
1318
935
1314
1114
1313
1275
1312
1343
1263
1548
1231
1593
1186
1644
1150
1643
1111
1690
1075
1659
1063
1600
1050
1638
1050
1521
1066
1486
1078
1499
1102
1503
1137
1470
1153
1442
1205
1450
1202
1459
1217
1410
1222
1421
1227
1404
1193
1420
1247
1405
1241
1412
1245
1368
1248
1364
1256
1347
1280
1284
1291
1271
1319
1236
1345
1209
1367
1210
1389
1158
1410
1141
1417
1101
1450
1038
1412
999
1425
894
1406
852
1403
770
1385
799
1350
816
1341
850
1312
893
1292
928
1276
961
1277
951
1256
974
1240
1020
1197
1041
1190
1086
1187
1259
1163
1166
1143
1286
1136
1373
1125
1395
1132
1380
1136
1388
1152
1335
1171
1320
1191
1365
1214
1294
1269
1266
1252
1236
1261
1274
1257
1289
1240
1345
1242
1390
1248
1400
1256
1454
1255
1498
1271
1528
1276
1531
1274
1458
1276
1476
1282
1402
1286
1404
1219
1402
1302
1379
1316
1371
1334
1300
1341
1309
1333
1228
1333
1107
1315
1093
1324
999
1266
993
1307
950
1310
957
1310
948
1307
985
1302
966
1317
967
1317
921
1363
1072
1410
1087
1392
1157
1412
1257
1417
1329
1428
1410
1420
1459
1378
1506
1350
1524
1327
1518
1274
1481
1245
1498
1219
1485
1211
1465
1181
1575
1198
1421
1201
1412
1183
1360
1169
1361
1151
1319
1138
1292
1125
1271
1106
1255
1133
1189
1130
1169
1135
1179
1149
1156
1161
1153
1184
1184
1191
1153
1222
1194
1233
1162
1256
1168
1310
1149
1282
1107
1292
1104
1291
1049
1289
1101
1285
1106
1280
1079
1286
1095
1268
1104
1268
1029
1260
1073
1273
1083
1292
1119
1318
1104
1333
1128
1331
1139
1357
1137
1357
1181
1362
1150
1335
1186
1319
1226
1316
1246
1305
1299
1317
1326
1315
1275
1371
1330
1406
1346
1388
1329
1410
1334
1399
1330
1398
1363
1391
1394
1388
1471
1364
1491
1344
1494
1316
1492
1279
1492
1248
1492
1212
1457
1173
1449
1173
1428
1172
1449
1164
1368
1170
1322
1176
1373
1168
1300
1166
1276
1182
1217
1164
1164
1190
1105
1209
1136
1213
1117
1213
1093
1203
1062
1213
1093
1203
1108
1169
1084
1180
1156
1178
1162
1180
1181
1175
1183
1180
1246
1183
1174
1189
1213
1192
1184
1200
1196
1222
1188
1242
1173
1246
1312
1272
1264
1286
1224
1302
1176
1317
1138
1325
1084
1336
1073
1340
1057
1351
1039
1375
1129
1395
1175
1408
1186
1419
1166
1426
1133
1429
1284
1391
1207
1412
1206
1392
1192
1377
1329
1333
1339
1312
1315
1322
1295
1261
1242
1231
1231
1221
1196
1234
1194
1230
1231
1248
1309
1277
1292
1292
1254
1291
1228
1289
1185
1280
1153
1265
1178
1255
1215
1252
1275
1230
1325
1214
1364
1188
1386
1177
1373
1168
1431
1151
1461
1187
1419
1159
1469
1181
1452
1172
1494
1193
1485
1199
1453
1198
1383
1197
1406
1207
1339
1230
1278
1274
1303
1283
1311
1317
1310
1340
1283
1362
1248
1367
1170
1373
1196
1372
1117
1361
1142
1357
1141
1358
1173
1371
1170
1348
1195
1329
1237
1325
1204
1293
1191
1276
1177
1257
1268
1250
1208
1272
1194
1262
1221
1274
1188
1277
1144
1276
1143
1265
1112
1267
1098
1270
1136
1264
1163
1256
1160
1260
1187
1245
1198
1241
1217
1224
1203
1233
1205
1285
1211
1247
1179
1258
1232
1281
1265
1272
1307
1245
1348
1223
1288
1242
1242
1207
1227
1175
1239
1166
1211
1163
1227
1157
1191
1173
1321
1160
1285
1129
1269
1155
1280
1157
1204
1176
1178
1204
1193
1223
1219
1258
1256
1262
1259
1293
1198
1310
1184
1310
1142
1320
1041
1322
1134
1326
1145
1338
1228
1362
1268
1372
1322
1380
1321
1392
1285
1390
1249
1390
1242
1374
1218
1373
1205
1362
1288
1345
1311
1339
1338
1319
1350
1297
1262
1273
1252
1259
1256
1256
1223
1250
1202
1262
1208
1264
1210
1306
1147
1314
1219
1305
1206
1308
1205
1305
1219
1299
1271
1295
1229
1297
1331
1279
1270
1276
1346
1234
1336
1214
1295
1203
1299
1186
1260
1182
1293
1183
1276
1204
1346
1208
1274
1213
1361
1223
1341
1220
1305
1214
1296
1216
1168
1245
1201
1223
1237
1233
1240
1232
1228
1228
1226
1209
1218
1213
1139
1213
1131
1207
1147
1226
1147
1246
1213
1267
1225
1276
1319
1266
1255
1281
1271
1259
1257
1257
1182
1312
1172
1287
1149
1303
1201
1313
1248
1304
1298
1342
1262
1351
1258
1356
1234
1355
1190
1356
1170
1365
1130
1377
1138
1381
1250
1376
1231
1374
1238
1322
1183
1298
1088
1275
1083
1255
1059
1246
1142
1245
1172
1249
1257
1233
1315
1244
1333
1237
1302
1228
1388
1229
1324
1235
1297
1253
1281
1268
1337
1280
1355
1284
1373
1278
1321
1250
1352
1261
1316
1240
1277
1236
1311
1237
1400
1249
1420
1251
1500
1256
1427
1217
1443
1279
1377
1285
1332
1269
1294
1271
1273
1265
1292
1277
1351
1252
1346
1249
1360
1243
1329
1206
1284
1192
1193
1180
1154
1198
1096
1204
1148
1208
1141
1247
1153
1253
1149
1260
1108
1249
1065
1250
1039
1254
1014
1260
997
1269
970
1296
1076
1299
1058
1294
1095
1299
1021
1282
988
1259
980
1263
970
1288
1010
1304
1066
1323
1154
1276
1227
1334
1239
1313
1200
1296
1194
1273
1148
1240
1145
1260
1195
1262
1272
1270
1276
1291
1346
1282
1320
1279
1363
1263
1351
1283
1295
1315
1270
1319
1341
1331
1406
1346
1463
1341
1524
1321
1550
1310
1464
1286
1444
1260
1414
1256
1416
1251
1395
1259
1421
1268
1462
1268
1491
1269
1405
1251
1395
1240
1334
1202
1255
1230
1206
1227
1222
1233
1279
1255
1211
1262
1321
1267
1252
1206
1209
1209
1118
1203
1058
1205
1041
1210
976
1259
1074
1261
1142
1263
1165
1266
1153
1252
1104
1250
1064
1254
1020
1267
1011
1290
1076
1316
1127
1312
1194
1320
1253
1282
1268
1288
1234
1259
1230
1245
1168
1266
1222
1261
1268
1284
1316
1304
1362
1303
1313
1288
1431
1266
1358
1278
1240
1266
1228
1282
1216
1297
1224
1347
1278
1325
1329
1308
1297
1297
1273
1263
1237
1241
1163
1215
1147
1219
1157
1237
1190
1272
1238
1257
1293
1255
1323
1236
1284
1215
1256
1175
1188
1200
1113
1216
1116
1222
1155
1242
1165
1241
1201
1225
1226
1197
1189
1186
1017
1183
1170
1171
1026
1175
1041
1239
1095
1254
1150
1272
1221
1270
1246
1260
1230
1256
1199
1242
1126
1257
1115
1284
1121
1300
1212
1319
1181
1352
1347
1328
1442
1327
1379
1291
1294
1320
1247
1331
1221
1354
1260
1376
1308
1394
1377
1415
1421
1382
1412
1339
1387
1324
1299
1285
1233
1296
1187
1302
1106
1343
1290
1364
1361
1300
1343
1296
1354
1255
1276
1229
1221
1202
1161
1199
1124
1209
1105
1212
1225
1221
1240
1218
1278
1176
1270
1191
1206
1171
1143
1166
1046
1192
1078
1214
1154
1236
1224
1263
1316
1279
1289
1240
1278
1205
1186
1223
1114
1206
1062
1213
1069
1230
1094
1250
1174
1259
1264
1252
1279
1225
1324
1217
1235
1199
1201
1189
1137
1219
1152
1256
1227
1280
1322
1302
1419
1317
1433
1313
1382
1289
1327
1293
1271
1308
1212
1323
1232
1352
1236
1402
1310
1419
1351
1422
1382
1390
1346
1372
1238
1339
1179
1333
1129
1346
1142
1357
1154
1368
1240
1365
1290
1338
1362
1311
1178
1293
1150
1241
1064
1236
1106
1264
1036
1304
1133
1260
1195
1257
1266
1235
1238
1203
1261
1152
1219
1138
1123
1152
1117
1163
1162
1165
1210
1213
1396
1221
1394
1205
1419
1197
1400
1181
1333
1177
1256
1179
1224
1211
1246
1233
1280
1260
1379
1264
1430
1267
1455
1245
1384
1221
1321
1207
1237
1229
1124
1258
1229
1279
1314
1298
1327
1306
1405
1296
1347
1264
1266
1255
1117
1270
1092
1262
1078
1282
1119
1313
1197
1343
1311
1340
1310
1304
1308
1289
1206
1278
1149
1254
1049
1265
1035
1290
1071
1329
1124
1331
1213
1343
1248
1305
1187
1308
1067
1275
1062
1280
999
1296
978
1322
983
1363
1148
1355
1243
1352
1273
1321
1337
1266
1221
1238
1143
1228
1022
1234
1126
1240
1171
1255
1262
1272
1365
1239
1422
1238
1360
1199
1308
1212
1273
1167
1202
1192
1274
1225
1298
1261
1418
1243
1520
1278
1514
1248
1470
1228
1428
1205
1313
1228
1264
1268
1310
1308
1306
1353
1423
1354
1488
1347
1498
1319
1462
1284
1393
1274
1267
1263
1234
1276
1191
1349
1251
1339
1291
1348
1378
1321
1388
1295
1309
1253
1294
1259
1073
1220
958
1284
1023
1300
1114
1329
1174
1335
1239
1310
1223
1258
1178
1234
1086
1174
987
1232
982
1259
1011
1276
1112
1295
1263
1306
1296
1302
1324
1238
1253
1228
1146
1242
1013
1240
982
1269
1046
1304
1126
1323
1239
1316
1344
1288
1319
1252
1268
1223
1192
1203
1168
1173
1172
1217
1085
1267
1226
1267
1309
1265
1404
1214
1390
1193
1311
1169
1198
1176
1115
1186
1148
1211
1209
1250
1328
1258
1440
1257
1421
1241
1514
1203
1365
1201
1229
1183
1182
1224
1167
1264
1236
1300
1304
1328
1401
1314
1413
1293
1365
1262
1297
1230
1145
1224
1063
1264
1251
1286
1175
1331
1285
1344
1398
1306
1415
1296
1337
1254
1263
1234
1152
1239
1060
1250
1057
1300
1119
1330
1222
1339
1286
1333
1359
1288
1312
1261
1165
1275
1071
1225
1057
1317
1027
1344
1113
1385
1209
1375
1307
1350
1304
1316
1243
1264
1116
1239
1027
1257
1028
1276
1009
1290
1152
1313
1209
1318
1383
1269
1323
1229
1320
1198
1235
1168
1076
1178
1012
1223
1156
1258
1253
1282
1375
1257
1448
1246
1481
1204
1405
1176
1316
1155
1158
1175
1131
1212
1132
1264
1264
1275
1389
1272
1465
1259
1502
1201
1407
1170
1299
1184
1206
1187
1175
1230
1146
1279
1285
1304
1382
1301
1438
1279
1422
1246
1328
1218
1174
1207
1088
1266
1111
1277
1130
1320
1239
1356
1355
1349
1406
1301
1389
1310
1284
1304
1117
1269
1013
1306
1028
1373
1067
1421
1182
1426
1299
1426
1349
1395
1286
1342
1152
1317
1062
1288
934
1320
989
1351
1078
1352
1201
1378
1317
1360
1376
1299
1329
1245
1232
1216
1114
1211
992
1261
1071
1276
1193
1296
1294
1307
1433
1259
1497
1215
1437
1165
1333
1136
1266
1136
1123
1160
1188
1202
1288
1237
1438
1240
1528
1216
1569
1169
1566
1117
1407
1063
1227
1136
1151
1153
1245
1150
1283
1246
1393
1256
1478
1241
1454
1185
1386
1152
1296
1155
1055
1133
956
1208
1069
1278
1189
1334
1280
1339
1389
1320
1355
1289
1272
1252
1123
1240
1006
1251
987
1349
966
1363
1075
1441
1204
1429
1315
1397
1318
1359
1240
1318
1092
1330
1029
1335
960
1395
867
1411
1118
1442
1260
1422
1362
1354
1348
1291
1268
1257
1138
1248
959
1227
1078
1302
1023
1349
1164
1365
1356
1334
1485
1278
1471
1240
1398
1169
1305
1243
1156
1213
1232
1247
1271
1265
1414
1265
1532
1244
1661
1176
1616
1116
1508
1046
1402
1121
1237
1073
1257
1173
1324
1224
1435
1243
1551
1240
1681
1201
1603
1157
1446
1166
1317
1168
1127
1181
1130
1285
1244
1327
1386
1362
1483
1271
1547
1301
1477
1254
1339
1261
1153
1297
986
1264
1058
1416
1063
1413
1212
1425
1322
1395
1365
1358
1341
1288
1144
1345
1004
1279
811
1336
945
1421
1021
1433
1159
1424
1287
1385
1313
1303
1348
1278
1113
1263
981
1219
894
1270
961
1288
1194
1339
1284
1339
1439
1276
1420
1214
1462
1168
1258
1187
1136
1185
1046
1203
1191
1262
1227
1281
1418
1263
1582
1215
1554
1157
1573
1081
1345
1113
1238
1140
1075
1121
1190
1212
1342
1193
1462
1239
1562
1200
1472
1153
1420
1103
1217
1125
1121
1131
857
1210
968
1278
1137
1320
1313
1307
1478
1278
1385
1245
1210
1221
1158
1223
934
1296
833
1359
993
1408
1147
1455
1249
1424
1394
1381
1339
1347
1221
1305
1061
1302
915
1345
760
1413
1057
1437
1257
1447
1351
1416
1499
1335
1462
1303
1298
1247
1189
1308
1063
1255
877
1364
1147
1407
1345
1391
1506
1344
1631
1272
1601
1242
1411
1151
1278
1164
1119
1188
966
1286
1388
1302
1491
1302
1602
1237
1644
1193
1634
1147
1427
1100
1244
1110
1026
1179
909
1252
1260
1267
1386
1266
1519
1228
1519
1157
1541
1106
1273
1047
1106
1111
953
1191
748
1270
1119
1300
1278
1296
1409
1269
1396
1207
1419
1163
1171
1177
1066
1229
816
1216
729
1351
1090
1373
1232
1379
1382
1332
1353
1266
1385
1235
1162
1267
923
1242
809
1329
770
1405
1131
1425
1257
1406
1443
1363
1433
1305
1485
1229
1289
1225
1119
1254
882
1294
985
1420
1290
1425
1449
1399
1605
1337
1585
1279
1601
1200
1350
1231
1184
1260
987
1232
1242
1357
1347
1347
1492
1310
1640
1245
1591
1192
1544
1096
1322
1123
1048
1145
857
1200
1136
1307
1252
1305
1345
1271
1516
1202
1484
1176
1331
1131
1093
1181
968
1157
763
1183
1083
1308
1184
1271
1341
1287
1466
1210
1438
1190
1287
1168
1139
1145
895
1212
805
1256
1162
1398
1284
1342
1455
1312
1543
1240
1528
1213
1380
1196
1151
1233
1040
1209
802
1256
1219
1388
1340
1378
1507
1331
1549
1280
1564
1270
1312
1195
1212
1277
1011
1307
884
1377
1276
1436
1397
1415
1567
1372
1596
1297
1622
1270
1359
1171
1235
1249
1004
1274
897
1309
1264
1381
1396
1354
1541
1301
1528
1224
1567
1214
1272
1180
1061
1176
858
1229
761
1278
1204
1368
1328
1364
1480
1305
1468
1232
1486
1214
1192
1213
1024
1215
856
1211
743
1288
1184
1335
1286
1311
1458
1262
1433
1200
1419
1173
1209
1135
930
1174
785
1264
726
1326
1191
1358
1363
1332
1531
1270
1518
1220
1526
1212
1246
1236
1088
1235
838
1260
775
1371
1305
1392
1479
1356
1656
1307
1626
1252
1621
1254
1298
1184
1108
1282
964
1268
878
1373
1357
1377
1497
1342
1671
1280
1623
1210
1589
1199
1276
1244
1005
1190
830
1294
736
1376
1288
1372
1454
1336
1621
1264
1547
1229
1495
1173
1159
1246
899
1214
772
1301
818
1359
1260
1340
1418
1287
1575
1225
1500
1199
1445
1128
1068
1174
863
1194
718
1288
936
1330
1263
1321
1431
1268
1563
1199
1510
1164
1442
1157
1110
1155
883
1201
711
1218
1079
1343
1298
1333
1470
1301
1586
1236
1528
1221
1413
1236
1081
1255
876
1269
816
1357
1161
1413
1377
1391
1577
1338
1665
1260
1633
1237
1448
1194
1230
1234
927
1294
882
1337
1238
1381
1411
1371
1599
1331
1630
1262
1646
1246
1380
1182
1091
1236
900
1267
758
1286
1208
1407
1355
1374
1538
1313
1534
1251
1523
1233
1255
1247
968
1211
811
1210
731
1254
1161
1384
1347
1333
1518
1290
1508
1225
1507
1222
1180
1158
972
1185
771
1243
697
1276
1193
1331
1379
1290
1555
1245
1539
1167
1526
1175
1260
1152
990
1217
832
1243
787
1308
1239
1340
1383
1294
1552
1255
1553
1206
1526
1186
1194
1145
972
1231
831
1289
732
1351
1245
1352
1474
1316
1597
1257
1539
1177
1511
1216
1146
1187
993
1259
742
1255
725
1372
1248
1369
1426
1339
1589
1287
1547
1242
1504
1194
1198
1232
948
1313
789
1268
806
1402
1284
1385
1490
1318
1661
1266
1607
1226
1543
1239
1241
1178
1028
1216
781
1274
1055
1370
1330
1395
1523
1293
1689
1253
1613
1232
1476
1243
1157
1262
953
1286
773
1264
1159
1371
1324
1341
1491
1301
1600
1217
1579
1215
1389
1205
1135
1251
944
1266
784
1282
1176
1362
1336
1341
1533
1289
1581
1228
1572
1212
1297
1198
1035
1179
778
1229
670
1246
1097
1365
1255
1339
1461
1296
1489
1278
1493
1207
1278
1234
1034
1207
799
1279
727
1282
1136
1360
1302
1334
1492
1282
1510
1216
1540
1206
1258
1224
1081
1228
877
1214
759
1253
1181
1346
1348
1341
1541
1269
1327
1245
1764
1189
1294
1160
1134
1156
837
1257
828
1356
1265
1361
1434
1333
1633
1292
1394
1283
1700
1159
1314
1236
1113
1276
857
1252
792
1367
1258
1362
1423
1333
1623
1209
1719
1264
1654
1164
1254
1252
1042
1275
895
1296
810
1375
1221
1366
1377
1335
1264
1277
1618
1301
1509
1268
1189
1247
881
1232
712
1271
1037
1406
1134
1387
1306
1339
1221
1194
1554
1278
1276
1182
1133
1241
881
1206
738
1261
1076
1350
1176
1344
1352
1302
1233
1180
1611
1241
1409
1167
1190
1168
887
1190
748
1314
1152
1339
1268
1326
1463
1242
1286
1166
1830
1246
1517
1185
1257
1239
1109
1259
874
1339
1295
1352
1411
1338
1616
1303
1407
1215
1942
1258
1543
1155
1295
1221
1086
1210
974
1340
1312
1353
1373
1318
1526
1171
1409
1190
1805
1255
1432
1176
1120
1198
884
1257
1082
1354
1126
1344
1220
1349
1387
1285
1226
1247
1674
1229
1242
1259
1013
1217
749
1309
912
1389
1012
1373
1137
1349
949
1268
1167
1210
1626
1267
1172
1155
889
1222
740
1261
979
1371
1021
1343
1158
1319
1078
1234
1170
1208
1705
1175
1211
1178
972
1273
801
1252
1098
1366
1143
1354
1310
1317
1124
1171
1422
1255
1865
1228
1348
1225
1196
1261
999
1249
1295
1349
1345
1344
1502
1314
1355
1170
1516
1264
1955
1174
1467
1183
1184
1210
938
1286
1290
1362
1321
1346
1479
1302
1325
1216
1447
1270
1878
1239
1337
1204
1088
1266
854
1363
1170
1379
1223
1360
1372
1300
1199
1194
1627
1280
1495
1188
1174
1249
965
1274
730
1356
1042
1366
1101
1352
1250
1206
1127
1185
1547
1308
1506
1160
1015
1205
791
1222
1005
1335
1010
1356
1137
1343
1276
1273
1141
1251
1655
1282
1245
1164
1048
1240
867
1283
1022
1368
1107
1380
1210
1349
1087
1197
1247
1176
1743
1256
1475
1178
1180
1183
1025
1262
1271
1338
1251
1332
1358
1321
1218
1188
1442
1191
1909
1263
1459
1231
1274
1188
979
1210
1262
1364
1236
1360
1357
1335
1186
1218
1408
1223
1894
1245
1459
1141
1151
1191
886
1313
1192
1342
1180
1373
1278
1268
1094
1280
1362
1255
1810
1293
1302
1256
1109
1232
850
1340
1094
1372
1105
1379
1278
1262
1063
1212
1253
1285
1753
1275
1261
1165
945
1217
929
1316
1099
1341
1125
1328
1260
1182
1096
1157
1239
1238
1723
1175
1197
1180
974
1181
1081
1311
1045
1338
1083
1341
1227
1243
1098
1205
1249
1290
1759
1272
1213
1240
999
1269
1178
1385
1178
1414
1220
1443
1053
1330
1281
1233
1724
1304
1828
1219
1347
1245
1082
1203
1294
1333
1186
1337
1284
1308
1045
1219
1253
1196
1707
1215
1616
1140
1202
1130
1025
1211
1187
1297
1173
1300
1232
1314
999
1195
1148
1159
1665
1245
1593
1241
1200
1258
927
1316
1056
1346
1169
1343
1230
1334
989
1170
1217
1167
1728
1221
1371
1132
1190
1174
919
1260
1181
1346
1178
1352
1255
1231
998
1242
1231
1200
1693
1273
1359
1179
1080
1279
1098
1355
1145
1397
1166
1381
1249
1301
1043
1268
1229
1239
1701
1271
1173
1254
1037
1259
825
1374
1128
1409
1110
1406
1148
1339
1076
1237
1245
1300
1705
1304
1222
1274
1042
1307
1237
1372
1200
1409
1174
1393
1322
1261
1113
1223
1211
1249
1715
1262
1224
1273
1023
1284
1291
1327
1288
1376
1342
1361
1478
1281
1249
1205
1490
1212
1867
1127
1380
1131
1190
1171
1374
1237
1384
1255
1394
1243
1126
1098
1267
1064
1411
1162
1829
1155
1275
1109
1071
1200
1183
1322
1314
1349
1341
1347
1188
1226
1130
1217
1579
1281
1484
1171
1093
1244
918
1315
1192
1378
1205
1374
1242
1298
926
1189
1053
1182
1523
1230
1397
1203
1073
1229
765
1297
1038
1341
1092
1359
1129
1337
755
1195
935
1181
1365
1265
1088
1201
874
1222
791
1393
1019
1410
1111
1416
1194
1325
898
1265
1113
1170
1599
1275
1209
1237
1101
1212
1098
1268
1267
1342
1376
1342
1456
1287
1156
1193
1345
1139
1823
1212
1404
1170
1260
1157
1281
1293
1450
1332
1472
1327
1547
1243
1255
1223
1365
1218
1780
1241
1275
1192
1126
1256
1351
1273
1325
1353
1354
1335
1431
1181
1133
1149
1180
1213
1632
1184
1113
1232
925
1255
1209
1332
1218
1388
1267
1398
972
1276
1102
1298
1181
1312
1627
1294
1092
1290
984
1283
986
1363
1202
1391
1166
1361
914
1217
943
1198
1082
1254
1428
1173
867
1194
813
1227
964
1309
1177
1376
1268
1300
967
1214
1146
1201
1412
1215
1620
1112
1073
1135
1020
1254
1047
1277
1350
1279
1382
1263
1145
1184
1186
1120
1591
1234
1431
1215
1133
1277
979
1329
1281
1360
1447
1359
1514
1219
1194
1185
1284
1128
1715
1241
1467
1179
1167
1226
1098
1311
1294
1322
1394
1320
1438
1284
1068
1206
1176
1192
1541
1251
1251
1188
1028
1204
1214
1311
1211
1368
1323
1365
1384
1289
1057
1198
1137
1273
1492
1298
1038
1211
886
1283
1140
1349
1215
1408
1284
1403
1362
1339
1109
1263
1176
1251
1576
1312
1179
1196
1036
1276
1307
1301
1409
1333
1480
1313
1149
1209
1235
1216
1453
1237
1622
1231
1114
1222
1007
1197
1336
1280
1367
1346
1416
1310
1103
1238
1112
1207
1047
1261
1485
1217
941
1212
925
1279
1126
1303
1354
1323
1416
1266
1084
1143
1105
1109
1366
1219
1533
1143
994
1159
1005
1289
1157
1330
1448
1348
1483
1337
1093
1246
1166
1251
1493
1320
1510
1220
1027
1262
937
1326
1063
1320
1429
1313
1462
1222
1057
1123
1114
1102
1433
1209
1358
1146
841
1143
901
1293
1125
1314
1394
1291
1478
1243
1104
1251
1187
1190
1566
1291
1185
1231
1024
1309
1005
1361
1291
1359
1469
1355
1450
1222
1137
1248
1319
1178
1525
1295
1138
1207
991
1237
1288
1321
1291
1369
1451
1361
1493
1250
1175
1247
1133
1255
1538
1254
1013
1142
793
1251
1170
1278
1237
1342
1346
1345
1386
1251
995
1217
980
1292
1364
1331
889
1293
766
1261
1178
1337
1279
1377
1403
1369
1090
1270
1160
1231
1191
1282
1546
1307
1026
1202
943
1310
1181
1318
1455
1351
1558
1324
1299
1185
1269
1203
1275
1248
1682
1199
1209
1211
1149
1140
1284
1187
1563
1253
1641
1225
1317
1120
1258
1165
1249
1231
1570
1191
1047
1246
921
1342
1105
1334
1447
1349
1517
1298
1134
1220
1209
1207
1558
1248
1495
1140
981
1156
942
1256
1083
1262
1391
1259
1453
1160
1065
1187
1384
1172
1320
1257
1172
1268
795
1270
759
1349
877
1394
1199
1386
1272
1347
945
1270
956
1268
1330
1320
942
1203
722
1240
711
1312
1052
1301
1299
1275
1339
1148
1009
1173
1102
1179
1409
1271
970
1215
834
1296
1172
1308
1308
1375
1514
1366
1588
1262
1230
1233
1335
1301
1632
1360
1202
1307
1058
1260
1454
1334
1500
1352
1699
1319
1445
1177
1378
1268
1420
1195
1737
1288
1274
1210
1063
1295
1502
1300
1605
1318
1711
1299
1460
1184
1313
1267
1335
1260
1640
1276
1048
1241
1032
1236
1183
1284
1412
1316
1452
1293
1027
1193
1373
1236
976
1272
1281
1255
745
1212
720
1264
923
1275
1259
1313
1345
1277
1014
1152
1307
1167
981
1262
1346
1239
835
1233
855
1307
975
1315
1356
1335
1447
1255
1056
1249
1326
1183
1026
1300
1386
1235
862
1238
873
1329
1173
1304
1462
1290
1552
1226
1190
1122
1430
1157
1464
1268
1349
1237
1011
1268
953
1338
1192
1346
1476
1340
1532
1290
1194
1199
1360
1273
1335
1313
1284
1220
933
1281
1258
1312
1194
1326
1538
1310
1582
1206
1232
1240
1281
1222
1515
1284
999
1216
839
1272
1124
1277
1196
1291
1373
1268
1427
1141
1037
1186
1120
1197
1381
1253
924
1219
823
1216
1247
1275
1281
1315
1462
1300
1189
1177
1212
1276
1137
1301
1449
1349
933
1241
936
1268
1294
1302
1385
1328
1541
1308
1322
1214
1213
1256
1245
1269
1579
1309
1127
1266
925
1252
1374
1312
1537
1345
1616
1322
1269
1248
1664
1191
1254
1241
1541
1321
1054
1225
955
1316
1065
1295
1403
1324
1462
1305
1060
1181
1402
1174
965
1284
1324
1302
843
1275
809
1362
920
1314
1299
1326
1399
1224
1050
1194
1409
1202
1071
1251
1399
1263
926
1235
875
1296
1126
1284
1393
1265
1493
1187
1101
1202
1242
1187
1401
1262
1232
1217
919
1249
868
1284
1130
1253
1446
1246
1494
1181
1252
1212
1185
1128
1408
1242
1263
1224
984
1197
1223
1278
1324
1314
1482
1323
1551
1221
1165
1282
1221
1226
1562
1325
1139
1249
1004
1304
1103
1394
1367
1384
1552
1387
1249
1295
1558
1323
1221
1231
1538
1366
999
1318
882
1310
1258
1361
1248
1393
1415
1357
1130
1224
1306
1294
1039
1239
1342
1355
888
1228
731
1254
927
1314
1188
1333
1367
1296
1144
1227
1122
1222
1090
1196
1453
1221
926
1204
944
1205
1192
1237
1404
1264
1503
1254
1126
1173
1581
1225
1191
1181
1509
1237
979
1196
966
1290
1164
1264
1533
1275
1655
1198
1296
1181
1684
1194
1315
1242
1638
1174
1092
1167
1039
1250
1246
1231
1544
1252
1605
1222
1255
1167
1393
1134
1127
1246
1424
1189
900
1256
863
1296
1038
1282
1324
1307
1355
1282
1041
1208
1132
1246
1270
1334
1112
1279
754
1320
779
1378
1015
1418
1286
1417
1345
1357
1040
1368
1025
1260
1264
1366
1042
1322
850
1259
968
1350
1021
1343
1323
1348
1385
1234
1054
1277
1045
1180
1206
1309
1001
1218
852
1232
1171
1281
1165
1299
1441
1266
1204
1117
1543
1221
1253
1186
1584
1240
1144
1147
1087
1155
1410
1214
1403
1262
1578
1253
1278
1209
1608
1223
1260
1193
1619
1315
1182
1219
1084
1229
1420
1272
1489
1281
1633
1280
1253
1202
1722
1195
1258
1287
1628
1268
1114
1304
1073
1327
1381
1353
1417
1369
1507
1342
1149
1202
1512
1251
1106
1210
1430
1286
934
1262
847
1286
898
1251
1265
1264
1339
1225
1015
1249
1365
1234
1010
1301
1311
1292
834
1349
736
1288
961
1383
1277
1404
1321
1273
958
1315
1263
1300
1032
1311
1353
1211
860
1225
850
1273
1075
1259
1373
1253
1507
1232
1212
1230
1287
1160
1206
1264
1575
1209
1127
1232
1343
1282
1226
1285
1516
1296
1584
1211
1267
1253
1330
1130
1490
1251
1252
1183
1037
1143
1002
1220
1174
1242
1439
1254
1521
1175
1158
1262
1230
1188
1268
1340
1115
1307
942
1291
1273
1348
1138
1394
1393
1370
1081
1318
1474
1358
1109
1310
1438
1356
971
1319
901
1333
1137
1321
1158
1296
1326
1315
1070
1259
1429
1263
1087
1246
1443
1329
1043
1283
865
1282
1049
1313
1234
1323
1405
1302
1095
1200
1573
1165
1165
1205
1536
1243
996
1213
988
1254
1291
1263
1335
1299
1386
1289
1187
1199
1592
1227
1215
1226
1597
1229
1070
1226
956
1303
1114
1246
1398
1273
1472
1192
1162
1222
1588
1184
1214
1189
1544
1211
999
1254
1099
1245
1149
1269
1371
1293
1411
1243
1055
1253
1290
1220
1043
1272
1365
1246
912
1206
822
1269
976
1240
1205
1262
1330
1160
1113
1276
1170
1196
1001
1311
1324
1311
857
1326
1174
1327
1018
1325
1306
1343
1377
1280
1176
1314
1127
1261
1339
1319
1179
1210
966
1268
1131
1299
1169
1323
1459
1326
1550
1212
1246
1324
1249
1277
1395
1344
1298
1265
1153
1337
1427
1319
1249
1359
1533
1327
1219
1243
1653
1289
1359
1231
1699
1271
1239
1232
1104
1238
1398
1252
1346
1286
1492
1283
1223
1168
1578
1255
1203
1143
1542
1322
1025
1238
974
1252
1134
1274
1159
1304
1263
1297
878
1207
1376
1242
981
1233
1386
1234
908
1255
772
1179
1150
1250
1164
1279
1290
1258
1026
1196
1432
1189
1068
1169
1443
1264
1008
1259
899
1249
975
1238
1297
1293
1367
1208
985
1267
1491
1219
1143
1208
1503
1202
1014
1255
1016
1294
1142
1260
1359
1295
1443
1232
1086
1278
1346
1252
1238
1330
1602
1246
1101
1270
1091
1379
1283
1359
1529
1362
1553
1294
1488
1350
1479
1256
1348
1321
1658
1232
1157
1272
1373
1324
1283
1299
1484
1315
1497
1143
1433
1292
1219
1190
1355
1306
1058
1263
917
1222
1051
1288
925
1320
1219
1317
909
1183
1323
1297
1045
1171
1068
1336
925
1234
806
1176
1151
1259
913
1264
1190
1261
846
1180
1309
1232
1026
1127
1369
1257
927
1188
881
1207
1228
1205
1200
1278
1395
1276
1160
1243
1539
1254
1202
1235
1614
1332
1262
1275
1035
1246
1358
1309
1369
1348
1511
1327
1144
1286
1690
1266
1363
1258
1694
1330
1284
1267
1141
1318
1191
1299
1515
1319
1615
1316
1304
1207
1719
1243
1344
1234
1673
1302
1177
1285
1047
1268
1050
1333
1319
1366
1377
1255
991
1319
1466
1207
1075
1236
1453
1259
956
1191
865
1298
1061
1246
1251
1274
1333
1235
1008
1239
1249
1189
1032
1226
1299
1223
871
1225
695
1292
887
1271
1117
1303
1164
1248
1109
1274
968
1231
952
1252
1243
1218
866
1205
1130
1215
1013
1244
1278
1254
1334
1200
1339
1254
1123
1231
1370
1285
1175
1240
1083
1259
1062
1349
1201
1348
1507
1353
1161
1206
1638
1330
1307
1285
1438
1323
1318
1264
1177
1277
1484
1297
1277
1318
1554
1325
1293
1204
1635
1314
1284
1212
1642
1352
1177
1315
1090
1285
1361
1321
1281
1367
1447
1351
1216
1266
1542
1287
1188
1185
1532
1291
1067
1212
1030
1249
1168
1256
1264
1292
1374
1309
1010
1235
1464
1192
1066
1188
1388
1251
938
1162
815
1265
961
1233
1179
1265
1277
1242
955
1183
1404
1137
1005
1134
1397
1147
866
1127
792
1172
934
1245
1210
1297
1287
1263
985
1278
1402
1197
1026
1236
1442
1275
976
1249
937
1379
1132
1353
1358
1380
1440
1357
1079
1345
1301
1264
1172
1304
1475
1224
982
1218
975
1322
1069
1297
1368
1336
1411
1209
1392
1295
1297
1219
1168
1295
1405
1260
1055
1228
1280
1287
1169
1319
1442
1353
1507
1301
1513
1328
1238
1319
1436
1345
1230
1301
1055
1246
1135
1340
1220
1338
1516
1318
1222
1191
1646
1318
1356
1147
1334
1249
1288
1136
1134
1142
1329
1168
1179
1224
1410
1236
1120
1095
1491
1214
1099
1192
1156
1261
1020
1165
935
1210
1100
1258
1077
1298
1326
1285
984
1222
1484
1257
1194
1162
1442
1259
970
1148
906
1244
1029
1290
1120
1338
1298
1336
986
1291
1422
1262
1020
1240
1370
1364
988
1328
900
1353
1064
1313
1224
1389
1357
1383
1052
1340
1493
1254
1165
1266
1523
1226
1023
1240
934
1263
1081
1287
1288
1328
1370
1233
999
1300
1478
1239
1088
1189
1505
1211
1014
1202
982
1314
1163
1281
1402
1319
1493
1227
1179
1279
1471
1185
1309
1250
1586
1218
1235
1232
1081
1300
1322
1268
1528
1305
1532
1203
1547
1264
1379
1195
1255
1250
1467
1186
1054
1226
1214
1278
1134
1283
1389
1306
1444
1249
1407
1278
1146
1163
1369
1292
1067
1196
867
1293
939
1342
961
1332
1216
1326
874
1257
1324
1287
1019
1154
1098
1284
957
1237
819
1254
1149
1281
1021
1340
1281
1334
1046
1202
1426
1296
1099
1188
1117
1303
1041
1199
918
1217
1151
1304
1151
1329
1404
1315
1033
1251
1564
1258
1176
1238
1536
1263
1057
1196
1063
1267
1354
1280
1310
1312
1463
1294
1078
1289
1594
1264
1258
1160
1561
1255
1104
1193
1024
1288
1288
1240
1392
1337
1522
1287
1236
1251
1658
1165
1257
1199
1644
1260
1199
1212
1066
1289
1253
1259
1453
1341
1532
1272
1185
1303
1595
1257
1225
1207
1540
1223
1017
1253
907
1328
1032
1309
1271
1361
1370
1315
988
1346
1230
1245
1052
1336
1322
1327
970
1338
834
1372
1082
1350
1291
1362
1300
1263
1322
1286
1180
1193
1091
1234
1278
1180
988
1146
927
1254
1079
1248
1335
1277
1414
1214
1422
1269
1116
1196
1204
1274
1142
1234
1031
1265
931
1324
1203
1301
1397
1323
1090
1232
1554
1269
1249
1199
1327
1260
1264
1153
1145
1167
1410
1240
1228
1291
1517
1304
1248
1236
1645
1258
1324
1164
1250
1283
1163
1201
1095
1260
1287
1292
1201
1338
1421
1266
1016
1290
1525
1302
1133
1236
1467
1315
993
1232
972
1330
1153
1346
1210
1390
1358
1387
1039
1343
1465
1290
1104
1276
1440
1292
967
1230
866
1275
1025
1271
1185
1308
1307
1267
966
1269
1467
1211
1075
1191
1447
1259
1009
1256
920
1309
1007
1304
1265
1350
1356
1284
982
1304
1490
1230
1106
1151
1485
1157
1022
1144
1001
1244
1137
1199
1377
1257
1458
1229
1106
1244
1496
1137
1190
1236
1522
1222
1100
1227
1050
1298
1157
1303
1440
1336
1481
1278
1506
1285
1423
1185
1200
1255
1513
1177
1099
1266
1118
1325
1270
1318
1432
1339
1500
1255
1520
1330
1222
1243
1216
1330
1375
1247
1104
1263
1367
1329
1180
1364
1444
1363
1133
1225
1566
1294
1264
1182
1233
1264
1173
1198
1053
1193
1284
1275
1129
1341
1402
1333
1149
1230
1519
1292
1131
1225
1178
1292
1053
1184
916
1229
926
1308
1070
1327
1258
1311
941
1250
1406
1264
1043
1206
1411
1267
946
1181
912
1258
1218
1259
1193
1327
1348
1306
922
1269
1527
1207
1118
1174
1491
1299
1080
1209
950
1220
1014
1250
1198
1305
1321
1275
1021
1279
1479
1176
1115
1173
1534
1221
1012
1192
939
1220
1141
1276
1349
1319
1426
1286
1073
1279
1550
1190
1164
1150
1571
1222
1084
1236
979
1291
1173
1275
1379
1336
1475
1258
1147
1309
1419
1194
1246
1289
1497
1235
1171
1241
1046
1302
1275
1220
1470
1327
1528
1210
1516
1273
1462
1214
1282
1236
1446
1223
1146
1224
1017
1340
1157
1348
1442
1380
1490
1297
1505
1346
1227
1286
1238
1299
1364
1227
1054
1238
1269
1314
1064
1336
1289
1286
959
1200
1398
1252
1090
1183
1118
1240
1010
1123
871
1175
1114
1269
994
1335
1233
1336
1002
1259
1413
1307
1050
1213
1137
1296
1045
1218
995
1288
1180
1302
1105
1335
1358
1333
1057
1281
1556
1284
1248
1172
1588
1271
1154
1268
1013
1227
1387
1299
1339
1359
1510
1355
1218
1309
1693
1228
1286
1235
1663
1267
1224
1227
1100
1270
1171
1279
1366
1332
1499
1278
1197
1305
1657
1269
1328
1221
1654
1269
1140
1200
978
1247
1147
1308
1323
1323
1389
1261
1056
1291
1482
1199
1056
1169
1495
1244
1014
1226
835
1283
940
1294
1221
1325
1281
1232
1003
1286
1422
1277
1418
1247
1173
1222
908
1167
804
1190
783
1204
747
1283
1310
1259
1378
1241
1427
1223
1285
1195
1166
1209
1175
1252
975
1240
958
1284
956
1240
1038
1288
1597
1311
1731
1293
1745
1279
1655
1253
1415
1267
1337
1278
1304
1257
1109
1291
1190
1272
1296
1218
1311
1282
1702
1300
1613
1320
1474
1353
1197
1355
1131
1372
1175
1368
1124
1298
1153
1264
1181
1272
1183
1281
1525
1301
1401
1327
1266
1326
1185
1296
1042
1286
1119
1265
1197
1202
1132
1178
1021
1211
996
1264
876
1328
1220
1350
1141
1352
1228
1334
1170
1265
1263
1246
1316
1222
1074
1253
1074
1187
900
1161
808
1228
1215
1298
1315
1283
1407
1280
1459
1229
1378
1220
1363
1228
1242
1174
1075
1215
948
1245
1013
1271
1068
1301
1605
1290
1687
1249
1698
1239
1496
1212
1435
1227
1300
1246
1037
1257
1124
1279
1164
1202
1201
1190
1764
1291
1778
1278
1699
1293
1523
1259
1264
1274
1183
1286
1163
1211
1064
1250
1112
1252
1204
1225
1146
1262
1520
1288
1381
1319
1229
1359
990
1344
993
1360
1072
1351
1032
1278
1045
1269
1085
1263
993
1204
1270
1330
1194
1344
1136
1338
1101
1306
1026
1284
1119
1275
1180
1255
932
1253
970
1269
915
1266
844
1353
1185
1375
1251
1362
1341
1335
1304
1270
1385
1237
1383
1215
1217
1150
1020
1163
971
1240
958
1250
1439
1325
1551
1299
1635
1271
1662
1241
1508
1242
1436
1254
1321
1266
1126
1240
1031
1255
1118
1269
1257
1287
1746
1253
1809
1210
1729
1208
1450
1175
1308
1214
1202
1219
1047
1169
1006
1183
1069
1233
1151
1225
1625
1283
1607
1293
1495
1313
1349
1269
1132
1314
1130
1324
1200
1257
1088
1263
1160
1222
1248
1236
1187
1278
1480
1316
1333
1368
1234
1364
1061
1350
1181
1330
1234
1316
1202
1269
1218
1293
1141
1201
999
1279
1298
1347
1254
1343
1251
1333
1298
1296
1220
1258
1281
1230
1282
1217
1032
1226
892
1222
820
1220
665
1308
1161
1319
1234
1308
1315
1285
1256
1224
1264
1204
1231
1190
978
1104
918
1190
854
1115
770
1220
1272
1168
1410
1173
1445
1176
1421
1121
1186
1092
1082
1157
976
1163
806
1196
798
1197
941
1145
1008
1137
1528
1138
1514
1130
1403
1145
1126
1165
997
1227
978
1308
917
1370
996
1348
1198
1366
1373
1328
1731
1425
1842
1414
1725
1427
1591
1457
1346
1501
1378
1535
1507
1543
1486
1525
1708
1493
1704
1385
1696
1371
1926
1328
1746
1283
1534
1325
1309
1359
1226
1444
1267
1499
1219
1441
1183
1458
1237
1333
1102
1208
1175
1197
1297
1130
1168
1115
1068
1135
916
1228
988
1332
1047
1371
891
1320
916
1292
987
1174
953
1036
1358
997
1358
969
1343
1016
1309
1106
1214
1233
1252
1342
1301
1350
1246
1236
1265
1103
1185
954
1158
914
1526
865
1417
878
1288
1068
1049
1260
1057
1399
1141
1506
1053
1485
1219
1361
1312
1161
1305
993
1572
1028
1459
1037
1282
1147
1145
1294
980
1475
1080
1588
1237
1586
1204
1522
1302
1369
1331
1251
1215
1169
1411
1174
1189
1216
1059
1336
881
1459
985
1579
1159
1633
1145
1603
1236
1398
1224
1284
1161
1081
1328
1104
1221
1113
1090
1193
1061
1310
987
1448
1164
1541
1357
1561
1267
1403
1343
1290
1185
1069
1084
1013
1320
954
1213
985
1173
1095
1110
1220
1206
1362
1378
1459
1458
1448
1398
1298
1368
1162
1261
1003
1145
1028
1313
1011
1200
1144
1169
1301
1089
1448
1260
1566
1443
1580
1437
1511
1536
1347
1468
1126
1332
985
1541
1058
1405
1138
1282
1297
1223
1438
1198
1623
1398
1676
1569
1592
1585
1438
1633
1249
1439
1065
1226
1098
1460
1143
1270
1257
1195
1409
1072
1529
1209
1601
1408
1589
1447
1479
1499
1293
1449
1204
1315
1050
1457
1124
1320
1204
1221
1326
1208
1426
1177
1487
1356
1526
1573
1380
1549
1292
1560
1098
1456
987
1204
869
1418
982
1221
1070
1093
1188
964
1297
992
1386
1125
1409
1134
1333
1117
1155
1049
1030
945
913
795
951
1023
981
883
1085
809
1210
735
1307
824
1393
1012
1421
999
1354
1174
1214
1125
1092
1030
1057
1331
1106
1201
1198
1100
1327
1054
1452
1009
1576
1211
1628
1443
1574
1475
1454
1575
1319
1551
1123
1357
1153
1643
1199
1443
1304
1365
1436
1286
1552
1412
1571
1639
1663
1709
1542
1842
1381
1790
1270
1671
1092
1788
1149
1618
1178
1425
1273
1367
1366
1287
1467
1472
1514
1663
1465
1639
1383
1629
1211
1497
1135
1196
1019
1365
1109
1137
1173
998
1281
954
1354
955
1418
1175
1418
1346
1279
1263
1131
1211
972
936
890
646
908
902
943
751
1040
714
1176
664
1268
867
1357
1091
1385
1101
1236
1141
1190
1058
966
804
955
1013
1007
880
1069
824
1193
877
1302
918
1439
1184
1490
1469
1440
1497
1337
1555
1201
1402
1070
1270
1076
1449
1162
1259
1279
1200
1376
1166
1537
1345
1623
1643
1633
1899
1452
1898
1353
1763
1226
1580
1135
1336
1161
1403
1238
1195
1377
1162
1517
1124
1611
1421
1665
1700
1616
1721
1432
1730
1263
1550
1153
1229
1054
1313
1137
1069
1224
910
1335
948
1427
1029
1479
1359
1489
1650
1392
1595
1220
1552
1026
1241
964
949
1037
1019
1092
836
1207
829
1359
887
1430
1176
1489
1511
1435
1680
1270
1595
1139
1501
939
1107
857
879
983
949
1076
848
1217
941
1361
1050
1444
1414
1472
1741
1433
1703
1212
1632
1109
1348
940
956
958
1057
1053
900
1174
873
1325
1053
1447
1227
1527
1567
1511
1821
1408
1656
1213
1517
1145
1161
993
778
1088
931
1211
806
1338
893
1511
1035
1556
1350
1566
1678
1482
1829
1247
1656
1093
1316
992
998
978
729
1073
879
1197
861
1342
1042
1467
1182
1490
1543
1480
1770
1383
1665
1219
1422
1059
1119
966
739
997
891
1137
836
1236
917
1381
1128
1430
1310
1437
1601
1379
1762
1297
1563
1116
1360
1014
970
971
733
1019
940
1197
899
1308
1071
1414
1259
1446
1507
1431
1756
1353
1802
1179
1456
1123
1197
1033
865
972
586
1110
838
1222
893
1365
1094
1493
1262
1579
1572
1521
1755
1426
1661
1254
1390
1182
1040
1028
706
1096
797
1217
847
1357
1002
1482
1292
1554
1487
1560
1773
1502
1885
1362
1625
1177
1350
1044
961
1040
672
1117
970
1291
1026
1421
1232
1532
1528
1547
1720
1499
1943
1369
1949
1193
1628
1018
1282
996
938
953
657
1138
997
1277
1102
1398
1342
1479
1499
1444
1687
1381
1865
1264
1686
1054
1381
1018
1036
992
771
1027
718
1153
939
1259
1099
1355
1332
1406
1438
1369
1622
1311
1636
1210
1315
1036
1080
1038
785
953
492
1082
801
1220
891
1333
1077
1417
1327
1438
1417
1424
1555
1343
1543
1206
1200
1123
951
1009
659
997
486
1039
895
1280
1031
1409
1292
1540
1529
1555
1660
1518
1796
1425
1725
1266
1329
1163
1036
1100
830
1104
596
1292
1098
1401
1282
1534
1537
1582
1664
1599
1845
1515
1874
1382
1647
1206
1316
1082
940
1099
732
1120
828
1297
1148
1418
1366
1507
1668
1529
1728
1474
1846
1356
1770
1212
1433
1076
1069
981
776
972
605
1010
933
1213
1116
1329
1373
1420
1649
1427
1697
1381
1737
1289
1590
1174
1127
982
803
1002
575
942
432
1021
901
1240
1110
1359
1391
1451
1588
1474
1672
1416
1672
1308
1488
1172
998
1046
692
971
544
1072
518
1195
1049
1347
1355
1481
1596
1558
1686
1497
1764
1403
1682
1230
1357
1052
870
975
691
915
474
1004
657
1251
1091
1438
1401
1529
1664
1603
1698
1526
1750
1394
1636
1214
1201
1032
892
991
646
1059
593
1137
1012
1385
1280
1542
1584
1641
1843
1611
1837
1513
1813
1355
1626
1179
1205
998
824
989
687
1086
653
1158
1236
1387
1515
1532
1797
1584
1983
1529
1922
1402
1786
1251
1488
1087
1005
946
695
1021
612
1027
618
1250
1256
1453
1549
1590
1815
1648
1903
1560
1823
1423
1631
1241
1316
1066
829
984
650
1010
572
1070
708
1333
1351
1510
1626
1633
1841
1649
1753
1518
1657
1332
1390
1141
997
952
599
924
531
929
478
1073
917
1369
1380
1518
1642
1597
1815
1562
1667
1393
1516
1192
1250
1015
820
904
532
859
442
936
475
1081
1145
1381
1457
1519
1739
1559
1889
1460
1681
1282
1520
1093
1245
960
749
882
607
916
616
987
752
1151
1377
1449
1665
1554
1927
1560
2017
1439
1773
1271
1522
1097
1211
986
725
869
620
1014
688
1112
816
1354
1515
1585
1795
1674
1977
1637
1930
1494
1622
1279
1317
1128
995
1013
534
980
458
1046
535
1259
800
1518
1459
1654
1729
1738
1854
1661
1681
1464
1452
1256
1137
1091
816
1013
497
1015
430
1167
622
1375
1028
1592
1554
1719
1774
1698
1847
1562
1596
1321
1350
1119
1036
973
685
942
536
953
512
1134
765
1307
1364
1523
1776
1581
1945
1556
1960
1363
1655
1201
1383
1028
1046
928
720
833
629
974
752
1103
949
1305
1655
1517
1939
1576
2143
1562
2082
1378
1714
1176
1424
1010
1125
925
743
905
748
1023
898
1206
1140
1349
1796
1618
2021
1653
2104
1577
1975
1375
1546
1168
1221
1002
960
886
651
954
618
1034
762
1306
986
1547
1694
1698
1822
1687
1849
1533
1638
1324
1181
1112
874
989
632
902
383
1023
443
1155
620
1397
962
1633
1644
1711
1788
1648
1769
1461
1535
1218
1135
1037
851
936
658
869
430
1041
540
1196
822
1410
1147
1588
1790
1617
1898
1517
1891
1334
1602
1112
1161
959
886
890
743
906
552
1053
759
1239
1104
1415
1538
1585
2019
1591
2128
1519
1955
1330
1519
1146
1144
1008
878
960
644
1017
645
1076
858
1323
1214
1509
1862
1680
2099
1680
2105
1557
1871
1345
1383
1120
1062
991
847
959
634
1047
712
1187
992
1403
1274
1590
1925
1735
1991
1662
1907
1485
1635
1264
1138
1035
830
919
692
934
559
1041
642
1175
906
1434
1203
1550
1801
1645
1798
1546
1693
1353
1404
1152
927
992
695
901
592
944
506
1023
617
1222
948
1446
1230
1532
1809
1568
1824
1440
1681
1240
1416
1071
975
894
811
835
713
898
625
1054
901
1226
1145
1355
1439
1558
1939
1561
1886
1445
1721
1270
1430
1089
1001
971
853
910
867
1002
892
1168
1155
1388
1393
1558
1665
1737
2005
1687
1958
1568
1695
1345
1385
1148
989
1048
878
1030
911
1130
866
1296
1172
1615
1431
1718
1552
1808
1864
1708
1820
1514
1519
1281
1244
1063
894
976
827
1015
868
1138
902
1375
1072
1551
1339
1664
1364
1656
1698
1521
1603
1318
1348
1116
1095
943
759
891
712
957
779
1094
789
1237
1088
1386
1269
1494
1437
1515
1702
1363
1576
1178
1319
1011
1064
882
761
827
740
895
888
1027
967
1252
1261
1419
1518
1462
1702
1503
1787
1355
1599
1190
1340
1016
1104
881
850
847
903
949
1082
1099
1163
1375
1429
1550
1618
1591
1769
1606
1718
1430
1545
1233
1264
1061
1078
927
890
942
964
1112
1108
1259
1212
1493
1476
1630
1485
1655
1824
1625
1599
1464
1433
1251
1183
1094
998
1005
812
1052
881
1210
994
1349
1088
1541
1226
1643
1313
1591
1608
1546
1435
1350
1268
1174
1078
1038
917
978
739
1013
830
1146
957
1295
1093
1413
1196
1494
1285
1469
1579
1397
1340
1233
1209
1057
1036
937
912
872
798
940
938
1109
1096
1216
1198
1452
1440
1496
1436
1466
1692
1395
1453
1252
1299
1066
1153
907
1071
916
1007
998
1188
1174
1335
1334
1504
1525
1575
1623
1616
1564
1775
1440
1510
1260
1396
1096
1275
1001
1216
989
1130
1107
1266
1301
1402
1502
1426
1584
1472
1627
1466
1547
1637
1406
1347
1247
1282
1097
1194
1010
1130
1028
1004
1143
1107
1324
1219
1412
1238
1611
1336
1599
1294
1485
1476
1346
1227
1185
1109
1049
968
976
937
975
855
1069
998
1227
1104
1390
1226
1414
1268
1456
1213
1354
1222
1274
1169
1122
1059
996
964
928
948
942
984
1046
1180
1221
1278
1358
1383
1505
1368
1541
1308
1422
1225
1288
1177
1108
1117
995
1088
946
1141
1009
1133
1129
1317
1349
1400
1530
1391
1576
1356
1581
1193
1469
1205
1311
1189
1160
1155
1089
1197
1042
1236
1115
1241
1261
1390
1464
1536
1616
1434
1670
1389
1638
1331
1479
1305
1329
1204
1178
1182
1076
1163
1050
1209
1137
1191
1264
1351
1427
1512
1519
1393
1589
1330
1509
1230
1345
1135
1179
1078
1047
1046
958
1079
951
1177
1005
1215
1145
1383
1318
1512
1468
1406
1476
1319
1445
1115
1287
955
1134
980
997
1000
885
1137
882
1233
976
1288
1118
1432
1326
1501
1463
1310
1471
1224
1443
991
1291
927
1145
1011
1001
1113
934
1254
965
1332
1089
1347
1259
1369
1436
1411
1580
1178
1573
1196
1504
1027
1326
1028
1168
1113
1053
1108
1025
1273
1070
1330
1215
1385
1399
1369
1583
1423
1666
1271
1654
1205
1558
1094
1379
1085
1243
1066
1123
1092
1077
1132
1109
1275
1223
1368
1370
1396
1509
1494
1604
1391
1562
1210
1481
1040
1362
949
1164
936
1042
1015
979
1207
1004
1379
1120
1524
1269
1495
1437
1506
1535
1292
1472
1081
1379
979
1254
891
1087
998
902
1166
906
1343
994
1521
1102
1599
1292
1515
1451
1482
1553
1285
1467
1122
1384
989
1224
1071
1054
1116
938
1285
918
1425
1017
1493
1161
1574
1359
1478
1514
1466
1603
1324
1528
1182
1408
1092
1232
1086
1098
1131
980
1134
1015
1357
1095
1449
1232
1528
1424
1460
1517
1458
1591
1379
1480
1163
1402
943
1208
970
1097
950
1007
1080
980
1225
1071
1375
1217
1519
1388
1418
1505
1405
1597
1293
1528
1020
1399
829
1214
760
1083
849
974
1026
927
1292
1047
1430
1212
1508
1403
1458
1538
1299
1615
1177
1564
909
1441
834
1249
836
1035
991
958
1151
968
1365
1092
1496
1282
1494
1472
1433
1598
1308
1649
1209
1558
1013
1379
973
1191
952
1010
943
978
1220
974
1408
1139
1488
1328
1572
1499
1602
1601
1450
1607
1390
1538
1140
1363
1099
1188
997
1087
1157
1012
1239
1028
1413
1108
1585
1277
1656
1433
1634
1542
1536
1551
1358
1501
1161
1359
1023
1132
970
1005
1198
944
1183
967
1439
1059
1583
1197
1644
1384
1575
1504
1343
1527
1195
1499
1072
1246
990
1108
871
993
1049
926
1121
936
1373
1071
1471
1270
1483
1447
1412
1562
1265
1567
1110
1452
1072
1318
939
1158
1020
1003
1117
961
1260
1025
1318
1158
1412
1298
1425
1469
1406
1574
1344
1563
1216
1462
1186
1334
1018
1160
1014
1084
1033
1018
1075
1082
1231
1197
1366
1329
1405
1451
1446
1542
1370
1547
1255
1475
1093
1377
942
1241
918
1120
965
1109
1076
1100
1199
1194
1220
1326
1384
1442
1485
1510
1374
1525
1206
1477
1116
1336
973
1171
936
1054
1015
992
1134
1008
1264
1103
1367
1241
1384
1362
1348
1459
1255
1467
1169
1395
1061
1259
1109
1125
990
1024
1120
981
1250
1025
1310
1139
1319
1270
1354
1392
1361
1454
1377
1473
1359
1404
1303
1303
1297
1199
1186
1107
1191
1075
1207
1106
1247
1195
1316
1288
1381
1378
1405
1436
1443
1467
1399
1417
1352
1333
1272
1252
1107
1140
1070
1114
1152
1134
1206
1176
1284
1259
1351
1348
1298
1441
1405
1461
1336
1429
1281
1366
1180
1260
1144
1174
1130
1108
1183
1103
1198
1145
1238
1230
1279
1324
1241
1392
1253
1434
1264
1421
1170
1313
1139
1209
1174
1147
1169
1120
1197
1082
1114
1134
1116
1196
1068
1279
1108
1356
1110
1385
1158
1379
1133
1340
1142
1255
1144
1188
1110
1152
1159
1087
1038
1198
1079
1219
1074
1287
1170
1330
1261
1361
1336
1370
1361
1351
1321
1300
1283
1233
1250
1212
1207
1204
1170
1195
1204
1221
1247
1275
1329
1324
1384
1366
1427
1408
1370
1413
1362
1383
1359
1311
1352
1235
1342
1194
1324
1121
1303
1140
1294
1220
1312
1289
1312
1344
1321
1376
1372
1386
1391
1368
1471
1262
1405
1217
1447
1163
1339
1141
1208
1169
1136
1186
1032
1253
1124
1298
1194
1331
1285
1320
1382
1306
1364
1273
1357
1208
1249
1167
1105
1143
1015
1143
901
1146
926
1166
1001
1249
1084
1278
1277
1300
1384
1305
1344
1281
1257
1235
1152
1190
1046
1150
967
1116
915
1126
956
1153
1015
1219
1105
1237
1231
1370
1332
1407
1362
1384
1375
1372
1321
1309
1269
1236
1149
1177
1129
1231
1061
1220
1134
1292
1231
1370
1368
1429
1478
1409
1599
1452
1566
1368
1576
1317
1413
1252
1263
1197
1112
1185
1027
1203
1048
1270
1131
1326
1316
1388
1488
1403
1631
1395
1632
1355
1503
1282
1312
1209
1097
1144
912
1131
761
1139
901
1166
1047
1230
1204
1285
1397
1334
1402
1373
1438
1399
1376
1294
1134
1205
963
1152
835
1092
814
1078
903
1094
1047
1152
1222
1237
1365
1336
1459
1383
1441
1399
1377
1350
1267
1254
1099
1171
1094
1061
930
1083
994
1107
1122
1183
1261
1280
1426
1366
1547
1419
1622
1415
1566
1374
1449
1281
1277
1196
1070
1169
896
1087
1013
1166
1119
1212
1340
1314
1567
1401
1730
1463
1749
1491
1654
1473
1430
1403
1171
1316
1022
1252
952
1201
1010
1193
1141
1225
1359
1319
1538
1403
1664
1502
1600
1514
1425
1495
1232
1418
1017
1310
891
1183
839
1113
873
1053
1047
1084
1191
1178
1375
1273
1503
1362
1356
1450
1282
1418
1111
1359
969
1231
878
1109
862
1030
900
1000
1009
975
1180
1110
1309
1231
1400
1337
1446
1399
1365
1416
1248
1359
1098
1260
978
1151
907
1080
935
1037
1100
1068
1286
1139
1513
1246
1609
1354
1653
1439
1519
1458
1262
1432
1156
1364
1007
1269
1034
1198
1141
1134
1300
1135
1576
1179
1741
1266
1867
1373
1720
1473
1539
1523
1304
1518
1125
1416
985
1333
1057
1207
1231
1131
1448
1116
1676
1151
1723
1207
1715
1359
1567
1483
1404
1523
1155
1517
1012
1404
919
1310
984
1175
1093
1082
1244
1005
1346
1086
1442
1158
1432
1288
1327
1323
1051
1447
974
1434
888
1352
770
1246
764
1124
865
1046
976
1024
1213
1042
1388
1127
1444
1213
1358
1348
1184
1453
961
1448
777
1410
673
1330
754
1217
916
1117
1198
1076
1533
1086
1659
1135
1723
1241
1617
1364
1363
1469
1083
1523
940
1493
907
1404
1004
1282
1231
1187
1516
1118
1793
1114
1924
1174
1915
1270
1745
1397
1501
1481
1225
1554
1050
1511
975
1424
1119
1301
1316
1183
1545
1100
1703
1105
1847
1144
1810
1232
1700
1334
1451
1443
1176
1512
963
1485
842
1394
864
1282
989
1188
1206
1099
1441
1082
1586
1113
1661
1172
1554
1265
1303
1345
981
1414
733
1412
530
1362
551
1278
704
1162
964
1101
1293
1045
1511
1043
1578
1089
1516
1174
1268
1274
914
1380
757
1374
506
1378
561
1300
784
1205
1136
1152
1495
1085
1744
1084
1873
1134
1771
1231
1531
1328
1243
1419
1053
1471
795
1510
852
1387
1069
1315
1331
1233
1618
1170
1836
1174
1926
1208
1930
1273
1679
1366
1476
1440
1226
1474
1006
1467
977
1409
919
1357
1204
1277
1330
1248
1598
1176
1787
1181
1817
1222
1698
1287
1435
1339
1152
1390
800
1411
650
1383
671
1330
791
1260
1045
1215
1281
1134
1561
1119
1623
1151
1504
1160
1277
1260
965
1293
710
1340
573
1323
610
1287
708
1251
929
1182
1224
1132
1423
1099
1509
1106
1515
1141
1343
1243
1148
1290
947
1338
835
1285
814
1317
887
1285
1046
1223
1235
1159
1514
1123
1680
1134
1709
1164
1712
1215
1611
1277
1426
1354
1195
1375
1098
1395
1089
1374
1154
1336
1353
1288
1565
1244
1738
1233
1856
1208
1868
1278
1730
1323
1554
1361
1313
1402
1104
1418
1030
1375
981
1399
1091
1312
1292
1244
1413
1201
1553
1177
1554
1192
1460
1214
1297
1274
1082
1338
886
1359
769
1350
766
1319
806
1267
907
1193
1070
1122
1143
1108
1226
1114
1233
1139
1208
1192
1098
1262
963
1310
879
1334
784
1332
730
1298
825
1241
954
1219
1145
1155
1234
1135
1429
1149
1465
1204
1477
1241
1358
1307
1176
1363
1048
1370
949
1364
986
1303
1103
1267
1304
1206
1531
1163
1687
1179
1755
1118
1746
1245
1633
1306
1410
1381
1335
1398
1156
1411
1135
1375
1180
1306
1320
1239
1441
1184
1566
1163
1630
1176
1681
1206
1655
1274
1527
1337
1373
1400
1194
1422
984
1401
973
1357
996
1292
1065
1220
1188
1159
1396
1139
1517
1146
1513
1208
1440
1270
1257
1329
1042
1364
788
1369
658
1327
648
1266
785
1170
937
1122
1165
1076
1365
1092
1463
1120
1458
1189
1304
1267
1101
1317
903
1361
762
1363
735
1327
837
1248
1037
1191
1277
1146
1489
1116
1641
1162
1731
1216
1571
1292
1424
1377
1229
1437
1066
1465
972
1425
967
1362
1068
1275
1305
1192
1513
1157
1723
1154
1839
1193
1829
1292
1706
1365
1455
1439
1153
1484
999
1491
879
1434
924
1349
1103
1252
1342
1187
1603
1142
1767
1149
1809
1217
1615
1281
1314
1344
1133
1393
858
1460
680
1400
716
1325
894
1241
1145
1158
1413
1073
1603
1066
1597
1122
1530
1172
1282
1253
1002
1324
781
1388
655
1407
680
1331
839
1269
1078
1166
1273
1100
1484
1042
1598
1053
1544
1114
1408
1199
1218
1309
1026
1387
898
1436
855
1419
926
1346
1102
1254
1343
1100
1600
1077
1720
1058
1780
1123
1707
1196
1477
1309
1227
1407
1058
1500
942
1511
958
1458
1125
1377
1429
1280
1616
1176
1806
1123
1852
1078
1751
1187
1468
1263
1258
1359
1018
1453
899
1494
894
1480
1016
1398
1204
1312
1383
1208
1554
1124
1602
1076
1491
1083
1324
1170
1097
1260
933
1370
877
1442
839
1463
894
1420
1051
1336
1190
1226
1303
1124
1379
1059
1357
1047
1285
1108
1107
1200
974
1307
887
1406
856
1473
816
1473
987
1409
1143
1304
1302
1192
1435
1095
1503
1056
1479
1062
1353
1146
1173
1236
1070
1346
1015
1412
1004
1440
1100
1408
1280
1357
1428
1278
1586
1179
1653
1119
1669
1098
1540
1136
1394
1229
1241
1304
1115
1388
1119
1444
1198
1454
1271
1411
1409
1336
1567
1232
1585
1126
1548
1091
1497
1084
1396
1127
1261
1202
1173
1309
1101
1400
1046
1440
1097
1434
1147
1387
1220
1300
1292
1177
1397
1100
1364
1051
1420
1057
1358
1121
1201
1214
1062
1330
940
1405
927
1425
938
1411
949
1298
1162
1268
1325
1172
1405
1128
1419
1109
1342
1141
1219
1203
1116
1294
922
1394
925
1439
923
1456
1030
1429
1153
1332
1306
1262
1397
1203
1462
1150
1399
1145
1392
1174
1265
1264
1149
1355
1117
1437
1053
1506
1043
1481
1093
1450
1230
1334
1393
1226
1529
1145
1597
1099
1591
1110
1509
1169
1378
1267
1172
1361
1068
1420
1004
1450
1054
1411
1164
1335
1370
1256
1533
1128
1659
1089
1706
1076
1648
1098
1441
1164
1194
1243
1014
1337
905
1375
881
1379
999
1341
1192
1269
1372
1183
1543
1114
1513
1084
1563
1061
1466
1109
1240
1216
1055
1267
916
1336
891
1376
900
1400
1023
1332
1222
1260
1327
1192
1428
1126
1522
1090
1459
1095
1361
1185
1185
1276
1014
1363
907
1426
858
1451
897
1421
1051
1348
1195
1268
1371
1207
1513
1169
1601
1168
1560
1208
1392
1288
1227
1331
1060
1424
956
1455
965
1447
1092
1414
1262
1349
1431
1296
1607
1235
1671
1209
1647
1209
1554
1230
1408
1284
1204
1349
1133
1383
1076
1410
1101
1371
1176
1364
1282
1316
1365
1244
1434
1176
1516
1136
1554
1133
1463
1152
1360
1214
1210
1274
1066
1345
898
1371
1013
1332
978
1311
1089
1233
1231
1173
1378
1112
1482
1093
1497
1105
1397
1165
1232
1232
1039
1294
921
1343
811
1347
867
1327
1058
1274
1136
1257
1279
1173
1358
1137
1436
1135
1400
1155
1292
1183
1183
1269
1055
1345
1017
1386
989
1403
1032
1399
1140
1364
1277
1299
1378
1236
1473
1187
1456
1174
1491
1181
1430
1242
1371
1323
1227
1397
1150
1442
1146
1454
1145
1410
1227
1326
1333
1237
1472
1166
1544
1125
1565
1114
1495
1181
1407
1252
1287
1353
1155
1409
1056
1426
1025
1408
1093
1324
1225
1245
1322
1165
1450
1119
1481
1102
1454
1101
1353
1210
1265
1265
1066
1335
1005
1390
1007
1380
1084
1351
1114
1277
1206
1202
1255
1115
1302
1098
1298
1094
1267
1113
1215
1189
1128
1272
1076
1351
1007
1403
1098
1415
1021
1377
1091
1290
1155
1215
1230
1131
1297
1116
1344
1125
1362
1199
1278
1292
1145
1373
1105
1434
1038
1453
1073
1405
1173
1338
1315
1255
1368
1195
1442
1173
1488
1161
1445
1211
1362
1271
1273
1314
1187
1381
1132
1413
1156
1411
1221
1377
1317
1309
1403
1260
1418
1226
1476
1187
1466
1165
1367
1193
1324
1223
1270
1268
1195
1328
1184
1365
1129
1361
1175
1325
1240
1278
1313
1202
1381
1151
1462
1117
1413
1116
1338
1154
1288
1217
1172
1277
1041
1327
1015
1318
1036
1329
1067
1293
1230
1225
1332
1179
1413
1143
1379
1154
1391
1182
1259
1262
1080
1261
1033
1312
961
1326
955
1339
1045
1323
1181
1297
1367
1267
1434
1216
1472
1230
1434
1224
1371
1235
1302
1251
1225
1266
1153
1311
1106
1341
1093
1355
1231
1369
1270
1353
1359
1320
1425
1269
1478
1248
1454
1237
1397
1234
1361
1262
1234
1300
1120
1363
885
1389
1106
1366
1089
1350
1160
1301
1280
1254
1408
1214
1465
1214
1446
1182
1387
1229
1239
1256
1112
1286
1022
1292
952
1275
978
1266
945
1285
1125
1236
1298
1210
1405
1247
1406
1218
1362
1209
1344
1197
1246
1211
1145
1213
1076
1229
998
1273
968
1273
1001
1283
1122
1273
1280
1252
1371
1235
1486
1219
1508
1204
1487
1175
1426
1243
1269
1272
1141
1295
1000
1315
992
1320
1033
1303
1193
1263
1373
1253
1524
1273
1620
1244
1646
1258
1603
1272
1432
1291
1293
1291
1140
1302
1029
1306
975
1310
1082
1304
1173
1305
1333
1306
1473
1295
1482
1279
1539
1276
1484
1248
1310
1259
1197
1268
1064
1311
915
1350
895
1366
993
1386
1072
1354
1220
1317
1363
1250
1479
1239
1441
1218
1519
1234
1306
1271
1141
1314
937
1344
841
1350
844
1332
928
1283
1097
1246
1309
1199
1479
1176
1562
1176
1605
1207
1436
1238
1233
1275
1158
1265
1000
1299
933
1295
1029
1261
1151
1243
1286
1211
1463
1206
1505
1202
1517
1205
1420
1211
1354
1223
1240
1245
1153
1270
1120
1293
1060
1312
1106
1288
1190
1266
1312
1223
1379
1194
1402
1172
1416
1186
1374
1212
1310
1260
1237
1322
1133
1389
1092
1345
975
1357
1149
1293
1228
1236
1318
1195
1421
1205
1385
1239
1379
1261
1308
1304
1210
1356
1108
1370
1137
1344
1156
1312
1184
1301
1322
1241
1325
1235
1308
1248
1295
1272
1224
1294
1201
1298
1171
1312
1158
1310
1177
1311
1219
1311
1280
1298
1282
1294
1311
1274
1322
1273
1343
1252
1271
1250
1277
1275
1239
1277
1252
1282
1271
1300
1318
1310
1335
1302
1359
1275
1435
1260
1399
1216
1368
1213
1336
1157
1304
1237
1219
1250
1263
1269
1250
1279
1206
1264
1235
1262
1299
1230
1292
1223
1301
1186
1267
1229
1241
1246
1117
1268
1089
1285
1037
1283
1032
1220
1072
1254
1123
1242
1143
1229
1207
1259
1238
1272
1246
1287
1200
1286
1152
1277
1068
1256
1056
1245
1043
1234
1122
1234
1189
1251
1228
1279
1251
1310
1252
1326
1341
1303
1182
1296
1218
1269
1202
1256
1193
1250
1226
1272
1262
1295
1289
1295
1301
1334
1319
1318
1329
1325
1295
1297
1301
1277
1319
1259
1335
1237
1350
1243
1398
1277
1345
1263
1349
1264
1377
1265
1381
1279
1372
1278
1362
1302
1375
1295
1326
1290
1303
1273
1315
1249
1327
1225
1327
1201
1357
1201
1324
1221
1351
1247
1329
1290
1243
1316
1196
1314
1145
1294
1135
1249
1170
1198
1199
1155
1288
1163
1284
1172
1290
1231
1261
1297
1090
1324
1047
1336
952
1329
992
1309
965
1271
1033
1168
1143
1218
1268
1223
1288
1238
1270
1266
1214
1286
1189
1311
1006
1327
947
1357
971
1265
1019
1311
1021
1300
1170
1284
1313
1277
1403
1265
1464
1263
1458
1248
1439
1288
1348
1314
1239
1346
1163
1359
1096
1357
1230
1360
1168
1332
1298
1273
1453
1263
1578
1255
1690
1251
1628
1260
1553
1256
1395
1301
1247
1290
1056
1293
1038
1287
1061
1253
1152
1211
1322
1214
1456
1209
1608
1193
1653
1200
1588
1199
1435
1192
1254
1181
1100
1183
950
1202
922
1212
949
1234
982
1237
1174
1236
1356
1224
1351
1290
1456
1190
1426
1191
1335
1181
1171
1221
1045
1263
909
1311
823
1351
869
1333
923
1331
1045
1301
1262
1264
1485
1208
1487
1230
1538
1254
1411
1276
1238
1299
1027
1333
884
1357
800
1350
834
1345
974
1321
1159
1318
1369
1292
1543
1272
1623
1284
1578
1274
1477
1267
1297
1299
1110
1303
1031
1322
984
1329
1062
1345
1141
1331
1316
1295
1497
1274
1587
1243
1692
1205
1681
1222
1589
1235
1451
1284
1330
1315
1125
1328
1047
1332
1077
1308
1177
1266
1283
1216
1449
1197
1536
1161
1598
1194
1548
1215
1439
1250
1263
1273
1095
1272
959
1283
868
1265
905
1251
969
1229
1159
1216
1280
1226
1349
1212
1375
1209
1318
1222
1207
1217
1053
1256
934
1263
846
1293
817
1311
887
1298
1012
1273
1167
1259
1259
1256
1324
1244
1349
1239
1355
1257
1230
1270
1141
1249
998
1313
995
1325
972
1320
1078
1291
1215
1263
1383
1251
1460
1257
1582
1277
1628
1260
1480
1290
1403
1293
1239
1306
1109
1387
1056
1329
1086
1311
1242
1304
1444
1299
1613
1281
1746
1278
1730
1283
1732
1292
1513
1257
1354
1257
1184
1272
1057
1289
1063
1305
1127
1299
1231
1286
1416
1288
1505
1262
1567
1239
1531
1229
1451
1243
1252
1232
1166
1248
948
1277
826
1281
781
1281
826
1268
964
1241
1130
1209
1311
1183
1420
1187
1421
1204
1335
1237
1210
1256
982
1285
798
1295
699
1285
652
1276
806
1251
928
1230
1145
1215
1313
1222
1458
1216
1469
1259
1380
1271
1283
1298
1117
1309
987
1332
896
1312
979
1330
1029
1343
1170
1295
1360
1272
1531
1257
1633
1260
1695
1229
1662
1293
1545
1319
1437
1353
1288
1357
1159
1356
1136
1343
1106
1315
1340
1274
1433
1248
1553
1263
1670
1255
1681
1275
1678
1284
1544
1333
1375
1334
1243
1333
1131
1331
1047
1294
1048
1255
1077
1227
1223
1213
1319
1204
1413
1201
1424
1223
1353
1201
1278
1256
1165
1269
1059
1274
974
1275
974
1256
960
1221
1022
1192
1080
1169
1145
1187
1163
1143
1175
1158
1165
1183
1170
1216
1158
1254
1105
1285
1077
1303
1106
1293
1087
1269
1066
1243
1106
1224
1140
1201
1172
1209
1062
1212
1300
1257
1231
1275
1256
1315
1297
1346
1270
1361
1304
1365
1318
1370
1300
1334
1249
1314
1268
1291
1239
1285
1210
1284
1249
1291
1381
1322
1329
1361
1428
1393
1474
1406
1507
1388
1457
1381
1395
1307
1294
1294
1171
1248
1161
1220
1180
1210
1154
1220
1234
1250
1340
1230
1350
1364
1415
1341
1468
1332
1397
1301
1309
1247
1224
1216
1111
1168
1001
1154
1009
1147
1021
1161
1067
1188
1148
1213
1246
1239
1368
1259
1345
1256
1384
1243
1324
1220
1204
1195
1067
1178
982
1155
917
1160
929
1171
995
1192
1090
1236
1219
1254
1315
1287
1398
1295
1428
1298
1358
1290
1294
1275
1216
1254
1145
1249
1094
1248
1067
1252
1143
1292
1186
1311
1282
1342
1388
1378
1470
1375
1476
1395
1491
1383
1418
1363
1368
1330
1286
1310
1179
1300
1123
1279
1107
1282
1142
1342
1198
1305
1292
1337
1374
1351
1472
1352
1485
1328
1425
1294
1413
1267
1236
1241
1137
1202
1069
1188
1039
1202
1012
1222
1087
1238
1196
1272
1286
1279
1336
1286
1362
1263
1352
1231
1255
1205
1313
1153
1212
1179
1111
1158
1118
1189
1060
1206
1081
1235
1136
1264
1204
1244
1219
1249
1247
1223
1305
1208
1272
1184
1235
1173
1243
1188
1195
1216
1161
1240
1116
1286
1150
1307
1239
1319
1252
1308
1287
1289
1280
1239
1241
1266
1225
1254
1204
1242
1208
1270
1252
1298
1267
1336
1301
1349
1369
1386
1329
1399
1322
1376
1297
1357
1271
1335
1244
1315
1248
1290
1259
1292
1287
1301
1271
1312
1324
1319
1313
1324
1334
1318
1236
1318
1390
1278
1309
1242
1250
1250
1216
1217
1186
1214
1206
1219
1167
1219
1145
1223
1254
1208
1285
1231
1309
1218
1352
1214
1374
1221
1338
1228
1176
1231
1155
1225
1082
1239
1060
1219
1080
1215
1130
1248
1200
1216
1286
1190
1349
1236
1370
1254
1383
1271
1328
1291
1219
1297
1172
1274
1011
1297
1121
1258
1066
1228
1123
1235
1169
1244
1229
1262
1282
1264
1312
1297
1286
1309
1262
1305
1204
1301
1166
1306
1085
1291
1074
1280
1055
1275
1059
1257
1182
1302
1150
1307
1257
1306
1327
1318
1326
1308
1326
1297
1280
1289
1214
1288
1130
1277
1065
1268
1130
1277
1139
1281
1221
1289
1296
1288
1339
1293
1361
1284
1358
1267
1313
1235
1256
1242
1225
1205
1217
1202
1198
1198
1213
1236
1231
1240
1267
1268
1294
1278
1347
1261
1337
1232
1341
1208
1390
1172
1317
1211
1233
1174
1208
1193
1209
1236
1211
1275
1242
1276
1285
1294
1287
1295
1367
1277
1355
1254
1311
1243
1275
1251
1091
1291
1142
1269
1141
1300
1136
1317
1194
1323
1237
1327
1291
1312
1316
1304
1303
1285
1254
1266
1171
1275
1164
1282
1136
1293
1116
1290
1121
1294
1115
1291
1110
1311
1254
1292
1243
1285
1219
1282
1268
1258
1277
1261
1260
1318
1244
1274
1203
1268
1232
1274
1199
1292
1179
1267
1209
1256
1202
1258
1279
1244
1249
1228
1281
1221
1332
1236
1291
1248
1284
1259
1264
1270
1215
1296
1170
1250
1172
1236
1159
1220
1130
1210
1191
1206
1245
1193
1294
1210
1260
1246
1358
1257
1335
1245
1309
1252
1248
1251
1236
1249
1209
1225
1193
1261
1179
1271
1184
1282
1242
1295
1233
1293
1279
1296
1294
1285
1298
1290
1361
1293
1318
1302
1296
1313
1221
1333
1204
1345
1150
1339
1172
1318
1219
1311
1185
1272
1192
1258
1212
1227
1244
1258
1227
1256
1243
1264
1338
1273
1226
1296
1239
1312
1227
1289
1221
1299
1194
1283
1184
1245
1186
1234
1196
1210
1190
1201
1262
1205
1282
1202
1166
1231
1286
1306
1285
1298
1251
1324
1266
1315
1254
1300
1254
1236
1261
1205
1233
1220
1215
1197
1210
1210
1216
1235
1198
1269
1227
1294
1260
1314
1355
1361
1338
1274
1403
1288
1343
1260
1268
1264
1205
1249
1151
1241
1104
1262
1150
1262
1156
1291
1207
1318
1286
1316
1329
1329
1412
1328
1345
1317
1317
1315
1219
1310
1175
1306
1140
1292
1131
1280
1112
1276
1159
1240
1213
1278
1238
1286
1275
1287
1319
1283
1325
1274
1309
1265
1216
1283
1177
1263
1212
1248
1232
1245
1168
1223
1166
1212
1177
1184
1218
1205
1238
1202
1320
1192
1331
1197
1302
1202
1293
1217
1315
1222
1157
1228
1190
1222
1199
1210
1231
1206
1194
1198
1241
1163
1317
1206
1313
1216
1320
1238
1271
1232
1267
1269
1216
1296
1237
1289
1287
1300
1265
1286
1250
1322
1274
1333
1262
1339
1250
1347
1231
1339
1208
1320
1234
1290
1222
1296
1222
1291
1246
1284
1269
1308
1302
1331
1256
1364
1170
1396
1234
1365
1206
1352
1205
1320
1235
1295
1194
1306
1197
1267
1174
1260
1187
1251
1160
1271
1212
1278
1217
1287
1225
1298
1280
1295
1277
1284
1222
1274
1202
1264
1222
1243
1194
1223
1188
1211
1218
1187
1213
1197
1244
1201
1257
1212
1238
1216
1248
1233
1226
1237
1154
1232
1256
1215
1271
1213
1248
1199
1239
1193
1263
1204
1264
1220
1277
1225
1258
1241
1252
1280
1254
1266
1285
1265
1290
1269
1303
1276
1266
1291
1217
1298
1284
1305
1225
1297
1210
1296
1225
1224
1223
1283
1233
1253
1255
1274
1310
1275
1253
1288
1281
1317
1227
1314
1238
1333
1161
1351
1156
1343
1194
1318
1165
1299
1261
1296
1198
1281
1217
1258
1237
1272
1201
1277
1226
1277
1226
1282
1226
1290
1205
1296
1189
1286
1103
1270
1149
1274
1134
1263
1126
1245
1178
1224
1226
1227
1254
1222
1269
1226
1281
1227
1255
1240
1206
1240
1190
1230
1164
1230
1138
1217
1295
1211
1247
1219
1276
1224
1269
1236
1295
1236
1332
1232
1294
1237
1308
1241
1273
1239
1305
1228
1311
1256
1275
1301
1260
1286
1262
1299
1242
1310
1328
1299
1299
1279
1332
1288
1372
1286
1353
1285
1353
1272
1353
1300
1326
1301
1285
1297
1256
1300
1199
1298
1195
1290
1224
1292
1226
1305
1242
1316
1210
1306
1282
1329
1313
1329
1328
1312
1305
1301
1268
1266
1229
1247
1176
1244
1124
1233
1098
1230
1104
1261
1131
1265
1196
1271
1271
1206
1320
1269
1321
1265
1303
1244
1228
1222
1145
1216
1092
1183
1009
1209
1006
1216
980
1189
1141
1251
1188
1237
1287
1258
1338
1267
1293
1255
1243
1238
1170
1224
1104
1230
1051
1225
1092
1215
1152
1244
1223
1255
1326
1278
1405
1284
1424
1289
1412
1298
1359
1289
1306
1327
1218
1288
1214
1260
1219
1276
1263
1279
1330
1299
1367
1316
1404
1305
1408
1314
1396
1311
1332
1303
1278
1290
1217
1310
1152
1315
1137
1319
1176
1321
1219
1328
1268
1323
1323
1298
1358
1290
1292
1277
1300
1252
1231
1239
1120
1287
1064
1260
1042
1267
1066
1259
1128
1276
1230
1271
1298
1267
1336
1256
1320
1226
1256
1209
1183
1195
1113
1195
1065
1206
1045
1226
1093
1246
1172
1190
1232
1264
1267
1256
1300
1233
1271
1216
1241
1201
1195
1205
1180
1199
1173
1245
1178
1251
1218
1294
1214
1298
1224
1296
1293
1288
1293
1244
1309
1234
1313
1223
1299
1271
1305
1248
1334
1281
1335
1308
1324
1330
1336
1313
1339
1325
1318
1295
1298
1282
1293
1252
1253
1249
1236
1262
1256
1282
1285
1299
1284
1325
1308
1353
1300
1335
1303
1353
1273
1335
1255
1302
1203
1260
1154
1228
1115
1232
1101
1230
1128
1252
1180
1279
1196
1303
1226
1330
1223
1307
1187
1331
1145
1264
1085
1227
1077
1201
1038
1196
1069
1215
1115
1229
1204
1255
1264
1278
1280
1276
1254
1262
1193
1252
1137
1221
1073
1193
1075
1178
1119
1190
1162
1212
1273
1237
1383
1255
1429
1256
1425
1274
1387
1236
1325
1254
1225
1240
1126
1242
1128
1246
1191
1250
1260
1276
1335
1349
1413
1298
1449
1303
1487
1295
1484
1289
1381
1267
1294
1238
1190
1283
1111
1280
1048
1289
1128
1309
1185
1317
1286
1302
1392
1328
1448
1366
1439
1303
1391
1291
1260
1281
1141
1276
1015
1289
981
1288
1011
1310
1078
1316
1186
1335
1263
1306
1327
1312
1340
1296
1310
1262
1240
1237
1158
1236
1084
1254
1073
1261
1112
1301
1173
1315
1217
1316
1281
1284
1293
1260
1254
1218
1293
1192
1217
1167
1189
1172
1170
1192
1202
1224
1209
1240
1275
1251
1329
1255
1329
1234
1323
1218
1282
1198
1240
1204
1194
1204
1205
1227
1177
1252
1148
1271
1205
1289
1250
1292
1281
1305
1307
1289
1323
1277
1312
1270
1241
1258
1200
1255
1156
1254
1146
1257
1165
1284
1190
1349
1237
1330
1278
1338
1313
1341
1327
1324
1322
1298
1288
1285
1239
1287
1214
1268
1230
1289
1256
1314
1281
1336
1308
1354
1348
1360
1307
1347
1268
1317
1235
1282
1177
1262
1172
1250
1182
1256
1250
1282
1294
1286
1363
1287
1398
1288
1336
1305
1286
1246
1198
1247
1153
1225
1135
1235
1161
1243
1176
1260
1287
1271
1357
1277
1391
1287
1405
1244
1387
1228
1313
1218
1228
1212
1167
1215
1125
1241
1102
1243
1112
1251
1170
1259
1202
1272
1296
1272
1362
1273
1351
1262
1344
1273
1267
1257
1174
1276
1091
1273
1057
1271
1058
1274
1005
1271
1156
1288
1253
1301
1306
1293
1343
1308
1334
1305
1253
1296
1141
1280
1075
1266
1077
1275
1041
1289
1119
1306
1202
1290
1304
1330
1354
1316
1400
1297
1382
1266
1312
1248
1238
1252
1170
1262
1158
1298
1192
1315
1230
1332
1311
1315
1381
1300
1426
1263
1429
1229
1395
1189
1374
1195
1294
1212
1251
1236
1199
1263
1195
1285
1179
1293
1234
1276
1270
1247
1281
1261
1308
1200
1301
1187
1302
1192
1268
1210
1219
1227
1169
1246
1145
1279
1130
1286
1127
1288
1162
1276
1210
1298
1211
1276
1238
1270
1238
1267
1212
1262
1182
1270
1176
1267
1184
1277
1168
1298
1216
1287
1238
1289
1235
1272
1217
1270
1180
1261
1122
1251
1108
1271
1136
1285
1179
1307
1247
1318
1336
1334
1390
1322
1364
1291
1335
1208
1259
1251
1167
1236
1107
1246
1112
1274
1196
1320
1224
1344
1339
1348
1404
1314
1470
1299
1453
1253
1443
1196
1392
1185
1304
1188
1261
1222
1186
1242
1200
1302
1228
1315
1268
1305
1340
1284
1379
1266
1404
1245
1419
1220
1396
1233
1328
1251
1221
1269
1156
1284
1085
1290
1081
1285
1133
1286
1186
1265
1256
1269
1286
1264
1315
1268
1273
1259
1242
1266
1170
1278
1095
1267
1079
1270
1076
1285
1126
1288
1197
1278
1261
1258
1283
1264
1246
1247
1208
1245
1195
1258
1148
1266
1140
1294
1154
1309
1212
1329
1225
1327
1277
1303
1265
1270
1257
1236
1223
1234
1167
1253
1146
1239
1145
1284
1208
1311
1244
1315
1315
1315
1354
1300
1351
1293
1336
1211
1322
1193
1319
1199
1239
1224
1216
1211
1227
1294
1230
1322
1273
1321
1325
1296
1317
1275
1351
1251
1341
1235
1354
1216
1342
1245
1307
1264
1278
1291
1245
1306
1237
1317
1224
1311
1243
1278
1277
1261
1281
1248
1273
1237
1259
1229
1235
1221
1181
1260
1133
1279
1141
1293
1126
1316
1159
1325
1262
1327
1269
1304
1273
1284
1237
1215
1196
1227
1116
1216
1079
1225
1091
1250
1114
1264
1196
1305
1277
1321
1330
1326
1368
1293
1361
1265
1330
1232
1225
1196
1182
1169
1147
1209
1133
1235
1182
1275
1240
1299
1295
1305
1316
1313
1370
1266
1374
1275
1350
1223
1318
1231
1255
1250
1221
1268
1181
1266
1181
1303
1200
1295
1220
1283
1274
1282
1297
1277
1328
1267
1353
1278
1308
1296
1272
1295
1222
1278
1172
1282
1071
1280
1141
1260
1173
1266
1192
1316
1236
1287
1245
1292
1274
1294
1243
1293
1233
1278
1207
1263
1190
1277
1204
1272
1219
1285
1253
1291
1276
1307
1247
1315
1234
1302
1210
1296
1190
1262
1166
1269
1185
1259
1241
1265
1268
1272
1328
1265
1362
1257
1347
1237
1308
1230
1245
1209
1204
1213
1152
1220
1174
1234
1258
1248
1283
1224
1340
1244
1365
1226
1355
1203
1327
1191
1254
1186
1197
1198
1136
1211
1127
1242
1130
1264
1146
1255
1189
1271
1218
1254
1213
1237
1204
1224
1235
1221
1231
1234
1181
1255
1161
1290
1116
1296
1109
1316
1108
1321
1152
1303
1193
1300
1230
1292
1243
1302
1261
1296
1249
1321
1220
1320
1164
1316
1149
1309
1138
1307
1166
1307
1237
1335
1312
1300
1366
1311
1372
1309
1378
1313
1309
1308
1259
1294
1212
1286
1196
1284
1219
1303
1257
1326
1329
1321
1378
1318
1417
1307
1410
1292
1337
1270
1302
1245
1258
1245
1221
1197
1215
1240
1239
1243
1273
1252
1275
1243
1314
1226
1279
1217
1293
1191
1268
1191
1208
1251
1195
1230
1131
1229
1154
1237
1164
1239
1187
1217
1215
1229
1217
1235
1219
1223
1218
1248
1193
1263
1153
1274
1116
1278
1104
1282
1085
1276
1109
1248
1153
1249
1200
1253
1231
1256
1244
1267
1268
1286
1245
1298
1198
1271
1173
1297
1124
1268
1131
1282
1174
1279
1256
1264
1345
1277
1375
1264
1382
1328
1357
1294
1299
1312
1237
1305
1186
1298
1191
1305
1222
1301
1286
1293
1428
1280
1440
1291
1452
1273
1422
1269
1364
1268
1253
1278
1209
1282
1205
1289
1208
1287
1261
1298
1303
1278
1358
1267
1377
1259
1371
1238
1349
1241
1245
1226
1207
1250
1156
1264
1113
1264
1131
1252
1154
1251
1189
1232
1209
1214
1267
1201
1286
1216
1253
1220
1240
1242
1162
1297
1077
1274
1019
1267
1038
1253
1046
1252
1098
1238
1170
1245
1212
1266
1260
1265
1268
1269
1247
1289
1155
1291
1087
1261
1059
1297
1059
1291
1113
1270
1201
1283
1262
1283
1339
1287
1346
1298
1333
1298
1262
1293
1245
1285
1222
1302
1192
1326
1235
1301
1284
1293
1362
1281
1412
1274
1430
1253
1404
1247
1370
1256
1343
1275
1284
1273
1282
1288
1317
1304
1330
1291
1379
1268
1409
1247
1417
1224
1378
1216
1340
1215
1296
1252
1203
1279
1185
1292
1210
1301
1175
1292
1221
1278
1244
1228
1269
1218
1279
1215
1279
1216
1265
1231
1154
1243
1135
1280
1078
1288
1050
1291
1069
1275
1096
1250
1139
1218
1182
1201
1246
1205
1287
1217
1218
1224
1187
1247
1100
1257
1054
1296
1007
1282
1070
1293
1132
1289
1208
1273
1292
1261
1303
1251
1320
1255
1281
1268
1218
1272
1168
1300
1133
1319
1140
1332
1188
1325
1281
1312
1340
1289
1369
1267
1407
1238
1376
1257
1340
1266
1239
1294
1292
1316
1274
1333
1258
1374
1282
1322
1287
1325
1328
1259
1323
1232
1368
1209
1325
1222
1320
1257
1281
1277
1258
1285
1252
1305
1254
1308
1205
1283
1225
1253
1235
1241
1232
1223
1227
1218
1240
1226
1222
1257
1160
1284
1183
1291
1195
1293
1194
1277
1224
1255
1243
1227
1241
1218
1213
1214
1228
1205
1182
1202
1143
1219
1124
1250
1106
1266
1144
1270
1210
1265
1247
1257
1283
1228
1285
1199
1257
1193
1243
1193
1133
1207
1111
1233
1072
1209
1109
1295
1170
1306
1274
1304
1356
1311
1386
1266
1389
1245
1318
1231
1250
1249
1178
1270
1150
1281
1167
1326
1198
1347
1279
1352
1362
1339
1434
1290
1441
1300
1414
1277
1379
1262
1273
1283
1206
1301
1167
1319
1178
1334
1186
1349
1245
1375
1316
1331
1352
1314
1354
1291
1371
1272
1318
1248
1241
1257
1159
1283
1093
1285
1076
1284
1105
1297
1161
1295
1239
1274
1337
1262
1377
1248
1349
1224
1303
1212
1181
1215
1069
1218
964
1224
974
1202
1001
1233
1109
1223
1237
1225
1321
1229
1370
1203
1340
1200
1271
1191
1162
1190
1075
1203
1000
1230
999
1236
1060
1255
1174
1262
1267
1265
1360
1256
1403
1254
1374
1252
1325
1249
1228
1246
1137
1258
1058
1255
1061
1279
1109
1303
1199
1297
1324
1309
1418
1306
1479
1311
1477
1304
1411
1322
1316
1324
1222
1319
1159
1324
1165
1323
1144
1317
1240
1319
1340
1306
1432
1325
1485
1323
1490
1332
1383
1329
1294
1317
1229
1307
1104
1290
1067
1298
1092
1243
1191
1282
1267
1284
1369
1284
1419
1280
1391
1262
1327
1259
1212
1250
1102
1230
1039
1221
1041
1216
1066
1218
1159
1212
1242
1218
1304
1253
1334
1219
1321
1218
1238
1210
1120
1200
1053
1177
1034
1188
1019
1192
1078
1199
1159
1224
1206
1269
1268
1259
1270
1264
1267
1252
1231
1237
1188
1220
1129
1218
1108
1222
1116
1202
1154
1258
1202
1284
1274
1325
1319
1326
1328
1321
1288
1311
1304
1297
1249
1280
1201
1292
1202
1270
1188
1279
1255
1298
1318
1320
1373
1324
1404
1343
1387
1354
1343
1345
1279
1318
1232
1305
1198
1294
1175
1281
1205
1288
1279
1300
1306
1290
1341
1315
1339
1324
1292
1319
1193
1275
1148
1271
1149
1255
1104
1228
1125
1222
1176
1173
1228
1258
1244
1253
1281
1259
1260
1277
1201
1234
1143
1243
1100
1210
1075
1207
1098
1191
1133
1192
1198
1193
1263
1208
1301
1229
1302
1244
1288
1248
1251
1255
1166
1281
1110
1235
1084
1230
1112
1212
1175
1216
1247
1216
1338
1246
1374
1269
1392
1291
1362
1303
1303
1304
1224
1297
1158
1281
1111
1268
1128
1271
1192
1268
1278
1286
1358
1306
1423
1329
1414
1338
1338
1336
1249
1317
1197
1305
1109
1283
1064
1313
1096
1262
1125
1268
1224
1282
1303
1302
1358
1318
1357
1329
1285
1339
1205
1298
1109
1277
1064
1238
1043
1235
1052
1221
1124
1251
1226
1258
1288
1206
1346
1274
1336
1287
1279
1278
1197
1245
1135
1225
1115
1208
1064
1189
1104
1176
1149
1208
1223
1236
1276
1264
1360
1274
1372
1286
1349
1285
1295
1267
1213
1240
1151
1230
1119
1226
1122
1229
1171
1234
1229
1256
1306
1279
1363
1283
1399
1294
1402
1293
1296
1269
1243
1258
1156
1254
1122
1243
1169
1252
1183
1257
1249
1296
1282
1286
1332
1320
1334
1320
1305
1309
1267
1265
1213
1277
1148
1266
1118
1275
1164
1288
1192
1291
1226
1312
1258
1324
1233
1320
1244
1298
1247
1293
1224
1279
1193
1254
1184
1240
1190
1262
1157
1265
1190
1273
1208
1273
1204
1259
1207
1258
1201
1253
1186
1259
1168
1223
1171
1210
1180
1207
1150
1227
1195
1247
1211
1271
1219
1209
1241
1264
1231
1259
1209
1237
1197
1219
1196
1214
1142
1213
1206
1211
1250
1225
1272
1304
1304
1275
1319
1283
1341
1282
1313
1280
1285
1261
1255
1244
1210
1250
1204
1261
1226
1261
1264
1268
1308
1297
1337
1313
1340
1321
1342
1309
1309
1281
1273
1277
1198
1261
1192
1200
1170
1269
1188
1283
1248
1296
1290
1314
1302
1332
1277
1323
1263
1312
1207
1340
1170
1271
1147
1258
1157
1244
1109
1261
1126
1275
1145
1281
1168
1300
1192
1324
1183
1313
1160
1290
1154
1266
1194
1259
1105
1227
1106
1219
1112
1231
1125
1249
1115
1257
1179
1259
1234
1274
1220
1265
1235
1263
1210
1224
1190
1231
1179
1231
1191
1221
1218
1221
1221
1262
1301
1264
1353
1277
1369
1279
1374
1283
1314
1275
1271
1240
1237
1237
1229
1230
1226
1232
1294
1230
1369
1257
1388
1306
1416
1294
1389
1266
1361
1281
1291
1278
1231
1253
1193
1243
1155
1263
1182
1264
1223
1279
1275
1284
1314
1301
1301
1297
1297
1287
1206
1286
1209
1269
1129
1264
1093
1256
1085
1263
1054
1278
1090
1284
1119
1282
1204
1279
1216
1282
1213
1322
1213
1261
1155
1253
1118
1249
1087
1243
1057
1240
1051
1251
1082
1258
1126
1286
1200
1262
1271
1268
1297
1266
1294
1245
1284
1253
1235
1259
1172
1241
1147
1247
1123
1256
1161
1266
1197
1280
1308
1269
1385
1273
1409
1260
1434
1254
1387
1231
1334
1248
1266
1258
1243
1255
1204
1263
1171
1287
1237
1292
1290
1280
1352
1288
1394
1272
1393
1265
1386
1259
1346
1267
1278
1290
1267
1301
1187
1300
1166
1313
1117
1278
1171
1298
1197
1276
1258
1252
1309
1252
1319
1249
1308
1272
1259
1291
1188
1306
1118
1335
1077
1297
1066
1284
1108
1258
1131
1236
1205
1237
1246
1233
1286
1250
1286
1271
1263
1289
1170
1304
1141
1297
1103
1286
1114
1261
1145
1244
1181
1247
1228
1205
1237
1202
1296
1210
1297
1229
1285
1250
1271
1268
1251
1314
1232
1293
1229
1280
1203
1258
1230
1223
1235
1197
1266
1194
1270
1216
1293
1230
1319
1279
1307
1309
1295
1327
1266
1339
1272
1288
1237
1250
1243
1205
1248
1192
1234
1212
1241
1229
1254
1280
1263
1308
1268
1345
1267
1349
1248
1365
1236
1307
1235
1272
1240
1238
1202
1217
1203
1200
1180
1240
1156
1281
1181
1313
1162
1333
1163
1334
1172
1291
1215
1299
1204
1274
1236
1234
1260
1223
1220
1202
1183
1219
1142
1234
1131
1271
1137
1300
1195
1317
1254
1313
1291
1288
1364
1268
1398
1233
1364
1201
1324
1191
1254
1205
1194
1231
1132
1261
1171
1283
1273
1306
1272
1301
1376
1258
1391
1247
1419
1243
1382
1225
1359
1209
1286
1226
1220
1242
1169
1275
1148
1292
1168
1305
1226
1300
1287
1282
1354
1255
1395
1242
1403
1237
1362
1239
1308
1231
1235
1272
1139
1279
1086
1293
1059
1295
1111
1304
1174
1291
1308
1271
1382
1280
1390
1295
1364
1271
1276
1269
1185
1267
1082
1274
1040
1276
1025
1285
1077
1301
1176
1294
1270
1282
1345
1275
1371
1270
1310
1252
1241
1235
1138
1267
1078
1249
1030
1254
1034
1274
1099
1283
1139
1287
1241
1273
1314
1263
1338
1241
1324
1244
1277
1236
1218
1236
1160
1251
1150
1256
1155
1261
1168
1253
1241
1267
1294
1242
1339
1229
1377
1259
1360
1266
1314
1263
1250
1258
1220
1257
1221
1257
1188
1241
1228
1237
1269
1222
1308
1258
1340
1259
1386
1271
1370
1275
1256
1265
1275
1259
1215
1240
1188
1247
1187
1253
1216
1256
1278
1278
1315
1290
1335
1294
1338
1285
1320
1277
1271
1272
1196
1257
1176
1249
1145
1262
1171
1275
1224
1290
1268
1288
1294
1307
1268
1299
1263
1287
1216
1273
1182
1258
1157
1254
1160
1247
1178
1266
1218
1278
1251
1283
1280
1275
1297
1302
1294
1285
1273
1268
1233
1254
1169
1257
1202
1271
1217
1235
1227
1296
1251
1266
1236
1275
1294
1276
1294
1292
1293
1280
1281
1283
1257
1268
1225
1257
1200
1252
1206
1242
1216
1241
1222
1254
1273
1276
1296
1290
1318
1261
1328
1286
1281
1272
1242
1247
1195
1232
1182
1219
1156
1223
1157
1230
1253
1261
1260
1280
1286
1303
1281
1300
1276
1317
1241
1270
1199
1240
1177
1229
1158
1228
1167
1253
1186
1253
1230
1278
1262
1299
1257
1306
1257
1291
1260
1272
1251
1236
1216
1232
1218
1216
1239
1231
1215
1257
1239
1268
1301
1283
1292
1295
1284
1305
1277
1229
1286
1268
1272
1250
1271
1231
1297
1218
1292
1206
1296
1232
1285
1251
1299
1283
1295
1291
1306
1312
1296
1312
1279
1281
1298
1260
1287
1240
1269
1214
1271
1215
1259
1236
1248
1274
1219
1309
1267
1333
1260
1350
1232
1335
1255
1317
1225
1287
1210
1244
1188
1222
1200
1208
1209
1235
1202
1256
1232
1309
1255
1331
1225
1305
1219
1337
1166
1291
1152
1260
1140
1234
1145
1214
1120
1210
1216
1209
1240
1244
1215
1318
1227
1281
1192
1294
1188
1311
1162
1280
1182
1241
1188
1224
1201
1216
1213
1211
1219
1204
1233
1229
1243
1260
1214
1276
1227
1286
1252
1297
1258
1285
1258
1267
1280
1218
1291
1229
1251
1229
1275
1227
1309
1241
1280
1255
1291
1274
1306
1260
1314
1281
1298
1277
1311
1258
1315
1239
1301
1230
1300
1233
1291
1251
1295
1263
1302
1284
1294
1291
1265
1285
1243
1265
1234
1269
1257
1269
1210
1259
1244
1269
1287
1277
1258
1304
1251
1286
1269
1282
1260
1272
1220
1252
1199
1252
1156
1242
1140
1273
1151
1287
1185
1296
1222
1312
1228
1316
1265
1312
1274
1286
1276
1276
1245
1257
1209
1242
1205
1226
1177
1249
1168
1259
1170
1274
1233
1283
1267
1289
1284
1327
1327
1273
1318
1256
1337
1226
1320
1239
1308
1199
1282
1216
1239
1250
1227
1270
1231
1294
1271
1320
1312
1331
1335
1306
1388
1287
1401
1260
1357
1206
1312
1199
1256
1208
1205
1209
1148
1263
1174
1296
1191
1329
1260
1327
1319
1318
1347
1318
1336
1261
1260
1232
1271
1225
1206
1214
1166
1230
1134
1270
1126
1301
1148
1318
1194
1323
1215
1312
1249
1283
1264
1261
1267
1242
1236
1235
1219
1226
1201
1245
1133
1268
1061
1298
1097
1318
1128
1301
1180
1324
1229
1306
1276
1294
1296
1251
1303
1253
1291
1238
1263
1235
1234
1200
1156
1263
1172
1280
1197
1292
1238
1315
1266
1295
1314
1276
1358
1260
1339
1239
1342
1215
1384
1210
1308
1215
1274
1236
1263
1225
1266
1279
1252
1278
1273
1265
1310
1262
1316
1241
1350
1235
1348
1228
1344
1250
1339
1225
1333
1232
1285
1239
1242
1243
1219
1247
1189
1261
1186
1239
1212
1250
1228
1262
1262
1253
1247
1246
1317
1237
1274
1228
1263
1216
1228
1233
1148
1306
1119
1270
1077
1293
1114
1299
1143
1315
1212
1264
1247
1299
1282
1285
1289
1264
1262
1260
1210
1259
1164
1265
1144
1285
1092
1334
1107
1314
1152
1317
1190
1323
1225
1320
1294
1307
1297
1307
1334
1282
1321
1273
1324
1260
1263
1274
1213
1288
1168
1303
1178
1315
1216
1316
1271
1317
1329
1303
1390
1281
1438
1258
1432
1240
1399
1217
1350
1233
1294
1237
1219
1248
1210
1261
1290
1274
1265
1267
1328
1257
1371
1172
1406
1222
1355
1208
1350
1211
1363
1211
1235
1226
1195
1253
1164
1260
1162
1259
1182
1265
1202
1253
1220
1229
1218
1221
1234
1221
1214
1230
1197
1217
1201
1263
1161
1276
1146
1308
1141
1294
1167
1296
1166
1288
1189
1274
1223
1266
1205
1265
1203
1265
1208
1268
1216
1288
1210
1300
1207
1311
1202
1320
1222
1332
1234
1299
1294
1294
1264
1271
1280
1260
1278
1250
1264
1250
1299
1268
1306
1284
1297
1305
1315
1320
1334
1322
1296
1344
1303
1282
1287
1247
1302
1221
1292
1216
1269
1241
1276
1223
1279
1248
1309
1265
1315
1266
1325
1251
1314
1246
1286
1235
1239
1207
1215
1184
1197
1186
1174
1194
1171
1200
1197
1211
1229
1232
1220
1230
1219
1181
1203
1262
1171
1257
1060
1264
1144
1255
1139
1264
1141
1258
1170
1266
1179
1263
1202
1270
1211
1282
1213
1285
1213
1289
1156
1293
1196
1317
1200
1309
1218
1301
1244
1318
1239
1316
1280
1310
1286
1312
1291
1303
1321
1312
1298
1283
1282
1288
1242
1250
1248
1299
1246
1303
1272
1311
1321
1286
1343
1303
1368
1285
1341
1267
1357
1260
1318
1231
1290
1232
1253
1242
1196
1255
1210
1271
1247
1288
1279
1283
1326
1273
1352
1248
1361
1230
1301
1203
1273
1187
1238
1185
1171
1190
1132
1217
1134
1238
1152
1234
1175
1244
1220
1236
1249
1215
1268
1201
1258
1204
1259
1224
1180
1205
1146
1221
1104
1242
1078
1253
1072
1254
1116
1271
1086
1279
1195
1270
1256
1268
1252
1319
1248
1274
1217
1271
1218
1271
1178
1286
1167
1287
1170
1306
1179
1337
1223
1331
1265
1328
1313
1305
1358
1301
1363
1291
1352
1281
1341
1276
1320
1236
1289
1304
1261
1318
1281
1325
1269
1329
1281
1316
1316
1299
1352
1274
1338
1251
1309
1242
1299
1248
1249
1262
1244
1271
1228
1284
1215
1274
1206
1278
1214
1267
1205
1255
1204
1230
1222
1240
1228
1220
1204
1214
1221
1221
1218
1233
1192
1229
1196
1247
1177
1257
1170
1290
1136
1259
1176
1240
1231
1244
1219
1225
1262
1233
1253
1209
1259
1252
1254
1281
1257
1284
1260
1294
1266
1303
1260
1312
1257
1295
1268
1280
1275
1276
1266
1272
1275
1257
1276
1277
1285
1303
1300
1311
1306
1317
1331
1328
1303
1321
1298
1318
1282
1302
1287
1291
1283
1291
1285
1280
1296
1282
1291
1292
1289
1290
1286
1291
1289
1279
1283
1282
1243
1302
1245
1271
1239
1279
1245
1262
1231
1257
1214
1241
1213
1232
1174
1227
1164
1218
1129
1221
1178
1225
1174
1238
1168
1249
1207
1244
1170
1220
1149
1233
1184
1230
1182
1215
1191
1222
1160
1240
1159
1231
1172
1246
1195
1247
1234
1252
1204
1240
1234
1235
1257
1252
1251
1238
1278
1250
1294
1268
1287
1274
1269
1278
1292
1277
1281
1301
1263
1275
1281
1274
1269
1277
1284
1297
1290
1316
1320
1318
1349
1331
1357
1330
1344
1338
1317
1319
1280
1323
1253
1320
1202
1313
1193
1308
1187
1293
1197
1303
1271
1304
1262
1288
1289
1293
1243
1290
1262
1279
1207
1286
1183
1267
1151
1262
1111
1233
1094
1233
1088
1210
1112
1227
1137
1224
1204
1231
1251
1238
1236
1243
1279
1239
1273
1246
1238
1229
1192
1205
1129
1200
1151
1195
1132
1195
1185
1199
1261
1228
1327
1231
1380
1235
1393
1250
1411
1236
1346
1228
1316
1229
1267
1224
1227
1231
1220
1252
1230
1278
1256
1276
1303
1286
1347
1294
1365
1299
1343
1288
1330
1292
1286
1297
1227
1294
1194
1273
1155
1312
1145
1318
1131
1321
1186
1321
1185
1318
1247
1314
1287
1315
1254
1358
1237
1319
1179
1318
1195
1304
1119
1310
1104
1314
1112
1306
1124
1311
1124
1306
1189
1296
1176
1279
1204
1274
1191
1258
1163
1242
1153
1234
1162
1234
1166
1240
1170
1241
1212
1231
1214
1264
1243
1218
1271
1205
1285
1174
1271
1173
1262
1155
1286
1179
1290
1216
1333
1208
1370
1221
1351
1216
1393
1224
1395
1213
1373
1214
1345
1202
1325
1209
1310
1234
1286
1247
1322
1269
1401
1297
1349
1313
1363
1302
1355
1247
1314
1292
1231
1282
1217
1268
1181
1278
1149
1278
1116
1301
1112
1310
1125
1341
1143
1356
1169
1355
1174
1344
1138
1329
1135
1316
1096
1297
1062
1249
1049
1293
1021
1318
1039
1315
1068
1321
1131
1336
1166
1330
1222
1299
1270
1288
1234
1272
1223
1234
1188
1214
1185
1209
1173
1220
1199
1226
1247
1247
1267
1263
1307
1246
1343
1240
1356
1209
1343
1199
1317
1178
1335
1167
1349
1187
1360
1195
1371
1218
1377
1232
1405
1254
1382
1255
1386
1240
1367
1217
1382
1215
1362
1214
1351
1242
1363
1234
1341
1255
1354
1276
1352
1291
1324
1290
1297
1303
1269
1293
1238
1277
1203
1274
1181
1291
1160
1288
1132
1290
1145
1317
1171
1355
1143
1330
1149
1326
1147
1311
1115
1324
1064
1306
1075
1287
1062
1287
1027
1278
1063
1291
1078
1284
1101
1307
1125
1316
1175
1306
1195
1298
1195
1284
1187
1271
1178
1232
1174
1233
1188
1246
1183
1252
1226
1244
1253
1257
1328
1255
1347
1247
1364
1237
1382
1230
1352
1206
1367
1228
1362
1231
1366
1231
1376
1239
1385
1227
1388
1251
1389
1224
1391
1224
1390
1210
1382
1220
1382
1233
1353
1240
1349
1253
1333
1225
1316
1269
1296
1263
1208
1250
1250
1252
1174
1241
1187
1237
1198
1260
1195
1279
1197
1309
1194
1341
1189
1338
1162
1339
1155
1319
1129
1300
1112
1277
1090
1266
1085
1267
1086
1257
1097
1274
1108
1322
1120
1316
1155
1319
1155
1331
1086
1323
1159
1290
1184
1263
1169
1304
1170
1246
1161
1240
1218
1256
1228
1278
1266
1284
1331
1299
1337
1293
1355
1292
1367
1285
1382
1252
1379
1243
1334
1237
1370
1242
1381
1251
1395
1245
1399
1293
1395
1292
1413
1305
1384
1296
1360
1269
1358
1239
1346
1223
1321
1231
1286
1212
1296
1243
1264
1270
1255
1299
1246
1303
1226
1287
1188
1281
1151
1259
1136
1244
1125
1202
1129
1209
1124
1217
1107
1229
1118
1247
1119
1267
1091
1262
1076
1266
1064
1258
1063
1245
1024
1221
1073
1195
1145
1204
1138
1209
1173
1236
1204
1224
1206
1277
1193
1295
1217
1291
1229
1286
1224
1268
1237
1262
1274
1260
1297
1252
1343
1263
1372
1279
1379
1290
1415
1311
1423
1326
1404
1332
1389
1316
1390
1319
1354
1312
1363
1306
1359
1291
1421
1302
1412
1312
1442
1304
1442
1330
1399
1344
1355
1330
1315
1313
1276
1300
1259
1292
1213
1274
1241
1270
1263
1274
1269
1265
1252
1274
1219
1267
1180
1268
1095
1263
1023
1243
976
1228
1016
1221
1011
1218
1027
1266
1078
1236
1072
1245
1115
1244
1106
1237
1097
1236
1066
1226
1044
1223
1033
1206
1043
1206
1076
1206
1117
1226
1146
1227
1166
1245
1243
1255
1262
1244
1277
1249
1267
1246
1255
1247
1207
1236
1237
1242
1271
1258
1285
1251
1339
1260
1363
1279
1395
1302
1397
1311
1423
1299
1409
1293
1379
1286
1363
1284
1344
1281
1340
1290
1341
1299
1383
1309
1370
1316
1359
1322
1345
1318
1382
1303
1330
1288
1312
1285
1256
1275
1246
1281
1209
1272
1210
1309
1210
1278
1197
1266
1201
1266
1154
1251
1149
1260
1143
1244
1141
1236
1143
1229
1116
1226
1149
1237
1161
1238
1157
1244
1146
1229
1134
1234
1139
1225
1108
1220
1117
1204
1146
1216
1171
1218
1192
1230
1212
1270
1238
1254
1208
1260
1249
1255
1243
1278
1235
1253
1249
1261
1234
1278
1243
1283
1257
1294
1282
1299
1298
1310
1293
1316
1318
1319
1318
1316
1300
1298
1293
1293
1272
1294
1252
1292
1245
1289
1275
1298
1248
1308
1300
1305
1318
1313
1321
1343
1248
1305
1216
1294
1202
1299
1164
1278
1166
1265
1177
1264
1183
1274
1203
1275
1223
1273
1216
1276
1211
1270
1190
1256
1160
1243
1146
1245
1148
1216
1164
1216
1161
1215
1201
1229
1209
1240
1227
1214
1259
1235
1250
1229
1224
1229
1207
1208
1208
1215
1196
1221
1217
1219
1268
1216
1286
1240
1333
1266
1367
1259
1382
1284
1363
1278
1325
1282
1306
1282
1257
1268
1250
1276
1328
1283
1273
1288
1318
1292
1346
1248
1360
1324
1332
1328
1347
1321
1327
1323
1266
1308
1235
1305
1209
1286
1182
1293
1174
1291
1197
1287
1224
1297
1210
1291
1232
1293
1220
1294
1180
1256
1177
1289
1139
1280
1105
1270
1087
1274
1100
1267
1116
1258
1156
1251
1200
1258
1185
1248
1201
1251
1194
1249
1187
1254
1161
1258
1174
1256
1165
1260
1168
1267
1182
1251
1213
1230
1237
1250
1258
1228
1267
1223
1262
1222
1266
1249
1264
1264
1253
1270
1250
1284
1272
1298
1242
1290
1273
1267
1282
1251
1346
1234
1307
1238
1297
1204
1292
1271
1268
1293
1244
1310
1281
1324
1291
1325
1281
1321
1279
1302
1265
1270
1247
1245
1233
1239
1232
1243
1194
1245
1210
1274
1222
1306
1236
1286
1261
1307
1251
1305
1230
1282
1196
1250
1204
1224
1178
1208
1149
1195
1161
1216
1161
1235
1176
1280
1203
1293
1284
1293
1257
1293
1258
1267
1234
1249
1220
1205
1205
1177
1186
1202
1164
1209
1181
1231
1181
1272
1203
1325
1310
1299
1301
1294
1326
1290
1292
1232
1299
1251
1260
1250
1229
1249
1220
1265
1210
1286
1209
1316
1228
1334
1252
1342
1290
1328
1313
1313
1309
1299
1280
1274
1255
1264
1222
1274
1180
1276
1165
1289
1151
1319
1165
1341
1142
1312
1209
1287
1214
1281
1205
1252
1199
1248
1168
1252
1132
1245
1099
1258
1104
1259
1116
1261
1139
1258
1156
1242
1200
1243
1219
1201
1239
1212
1225
1213
1212
1207
1210
1224
1187
1242
1140
1261
1223
1241
1259
1241
1301
1280
1291
1218
1293
1206
1326
1208
1300
1222
1318
1233
1325
1258
1292
1296
1278
1305
1283
1305
1297
1295
1321
1282
1287
1267
1333
1268
1342
1259
1330
1249
1300
1296
1257
1311
1241
1325
1204
1356
1192
1346
1227
1330
1229
1306
1228
1287
1226
1242
1233
1263
1181
1278
1172
1295
1175
1310
1155
1325
1139
1338
1138
1321
1142
1308
1155
1280
1168
1262
1165
1242
1146
1222
1160
1235
1160
1248
1140
1255
1167
1262
1168
1266
1165
1267
1163
1254
1207
1229
1286
1222
1211
1205
1243
1215
1233
1210
1237
1241
1193
1260
1260
1263
1272
1270
1283
1264
1289
1258
1307
1241
1318
1235
1324
1232
1334
1239
1294
1249
1278
1267
1260
1289
1258
1296
1277
1300
1303
1285
1271
1266
1295
1252
1267
1245
1266
1247
1227
1261
1221
1262
1225
1292
1169
1330
1173
1320
1190
1310
1213
1297
1231
1286
1211
1271
1234
1255
1218
1268
1181
1247
1143
1280
1118
1294
1113
1304
1098
1286
1130
1296
1142
1277
1218
1252
1247
1240
1262
1271
1273
1241
1204
1257
1222
1266
1209
1271
1198
1275
1200
1284
1215
1281
1239
1256
1278
1262
1320
1245
1359
1239
1339
1247
1348
1231
1321
1283
1280
1283
1251
1296
1229
1300
1213
1298
1211
1279
1262
1275
1300
1281
1323
1269
1344
1280
1309
1268
1271
1307
1235
1291
1210
1299
1183
1296
1154
1274
1167
1269
1176
1252
1202
1260
1227
1257
1225
1257
1229
1270
1210
1274
1177
1274
1205
1264
1154
1252
1157
1242
1118
1231
1142
1197
1127
1219
1148
1239
1187
1265
1198
1264
1208
1282
1201
1276
1216
1265
1205
1247
1209
1223
1200
1208
1180
1210
1188
1210
1204
1238
1204
1260
1220
1272
1242
1290
1263
1290
1250
1277
1268
1258
1253
1243
1267
1221
1279
1221
1255
1288
1261
1258
1200
1261
1233
1294
1268
1321
1251
1312
1277
1303
1289
1310
1321
1284
1319
1278
1336
1263
1305
1257
1274
1271
1247
1294
1213
1348
1184
1291
1208
1321
1217
1317
1252
1301
1267
1291
1301
1272
1290
1259
1293
1242
1273
1260
1230
1269
1176
1282
1147
1293
1152
1297
1165
1280
1196
1274
1222
1260
1255
1246
1261
1239
1264
1235
1236
1229
1221
1219
1170
1231
1152
1252
1182
1269
1160
1262
1160
1258
1159
1249
1205
1252
1179
1283
1209
1245
1249
1248
1220
1254
1202
1272
1184
1259
1182
1284
1155
1293
1173
1293
1190
1286
1157
1280
1222
1289
1244
1286
1250
1286
1258
1291
1258
1296
1247
1298
1229
1289
1246
1291
1258
1292
1252
1280
1289
1283
1270
1289
1276
1274
1233
1266
1296
1259
1294
1261
1297
1253
1312
1260
1301
1306
1292
1264
1285
1259
1276
1246
1251
1247
1230
1212
1233
1230
1243
1226
1267
1236
1279
1228
1272
1224
1289
1222
1253
1230
1244
1226
1197
1222
1217
1217
1204
1231
1169
1268
1202
1237
1196
1250
1222
1251
1228
1260
1235
1253
1210
1269
1186
1287
1167
1289
1145
1288
1146
1296
1145
1306
1139
1305
1170
1304
1188
1319
1207
1320
1208
1326
1211
1331
1210
1345
1147
1349
1176
1338
1183
1343
1169
1325
1186
1326
1204
1303
1229
1322
1245
1322
1267
1318
1276
1307
1242
1304
1251
1301
1236
1280
1225
1268
1238
1258
1235
1250
1263
1242
1277
1238
1323
1238
1384
1233
1341
1214
1344
1219
1299
1148
1270
1202
1234
1191
1289
1190
1270
1195
1294
1143
1302
1193
1303
1202
1302
1231
1298
1228
1282
1220
1259
1223
1219
1222
1219
1215
1225
1215
1223
1201
1211
1233
1202
1238
1206
1258
1151
1274
1167
1274
1180
1259
1189
1269
1181
1271
1161
1283
1178
1265
1142
1277
1149
1290
1142
1311
1133
1314
1131
1338
1135
1354
1148
1339
1160
1329
1189
1308
1192
1307
1202
1280
1196
1289
1238
1301
1226
1304
1247
1315
1242
1334
1238
1378
1213
1330
1264
1306
1251
1293
1296
1262
1337
1256
1349
1262
1357
1255
1338
1270
1339
1270
1312
1281
1277
1280
1261
1277
1254
1252
1263
1232
1295
1217
1296
1204
1321
1192
1321
1203
1299
1222
1270
1260
1239
1212
1206
1259
1143
1250
1137
1257
1147
1253
1176
1231
1202
1225
1234
1210
1245
1238
1231
1241
1209
1274
1183
1290
1159
1304
1146
1315
1122
1304
1131
1289
1164
1258
1186
1248
1199
1265
1225
1263
1241
1282
1202
1297
1210
1303
1262
1311
1219
1299
1216
1295
1231
1241
1281
1274
1269
1270
1324
1249
1364
1269
1372
1276
1372
1298
1358
1303
1344
1297
1335
1292
1338
1287
1332
1290
1342
1253
1369
1262
1363
1264
1379
1254
1382
1275
1337
1279
1288
1279
1232
1265
1236
1265
1202
1258
1214
1242
1251
1247
1244
1270
1250
1256
1219
1265
1200
1267
1157
1279
1130
1285
1100
1286
1071
1281
1083
1247
1097
1270
1105
1281
1134
1275
1154
1279
1120
1287
1069
1292
1113
1299
1089
1288
1068
1328
1079
1285
1062
1284
1107
1269
1138
1266
1193
1248
1232
1268
1239
1250
1258
1284
1256
1284
1265
1276
1262
1273
1231
1251
1274
1252
1306
1251
1332
1248
1380
1276
1419
1273
1432
1281
1405
1279
1415
1267
1409
1261
1362
1245
1351
1243
1342
1195
1356
1230
1338
1249
1398
1251
1419
1265
1406
1264
1375
1282
1330
1303
1288
1265
1259
1256
1222
1248
1206
1240
1203
1243
1210
1259
1217
1272
1227
1285
1245
1300
1195
1322
1176
1307
1121
1296
1104
1289
1092
1283
1079
1266
1096
1276
1090
1282
1111
1305
1117
1320
1136
1324
1155
1328
1156
1319
1149
1309
1156
1283
1154
1265
1142
1245
1157
1239
1183
1251
1187
1263
1224
1281
1240
1292
1298
1293
1314
1287
1318
1296
1326
1264
1295
1240
1317
1240
1320
1235
1346
1239
1378
1266
1376
1307
1379
1301
1402
1304
1395
1291
1368
1285
1348
1265
1352
1255
1339
1257
1324
1182
1332
1256
1311
1276
1274
1282
1244
1289
1234
1298
1173
1294
1188
1278
1187
1260
1181
1282
1193
1250
1168
1256
1182
1252
1165
1269
1153
1279
1134
1291
1113
1286
1097
1297
1108
1279
1115
1261
1130
1252
1135
1246
1148
1247
1174
1253
1193
1260
1194
1274
1183
1280
1194
1275
1164
1282
1175
1263
1222
1259
1213
1236
1237
1241
1262
1222
1307
1259
1330
1306
1365
1273
1379
1282
1368
1272
1339
1269
1329
1253
1303
1257
1296
1240
1324
1252
1362
1261
1359
1265
1393
1281
1447
1303
1379
1305
1351
1306
1306
1296
1268
1310
1201
1285
1214
1277
1225
1277
1212
1279
1225
1300
1221
1299
1207
1315
1191
1317
1186
1308
1162
1293
1139
1283
1139
1283
1120
1278
1120
1265
1131
1277
1126
1289
1118
1286
1130
1283
1149
1287
1121
1284
1155
1263
1218
1255
1191
1310
1202
1252
1197
1247
1220
1281
1227
1269
1252
1255
1293
1256
1278
1275
1298
1250
1308
1250
1310
1240
1323
1248
1319
1241
1326
1247
1348
1256
1368
1244
1359
1269
1365
1267
1354
1267
1321
1267
1315
1249
1315
1244
1319
1246
1326
1259
1320
1263
1338
1282
1305
1295
1295
1313
1292
1292
1253
1278
1226
1277
1199
1269
1180
1269
1184
1261
1187
1276
1187
1282
1179
1282
1190
1261
1207
1315
1154
1283
1131
1275
1132
1271
1108
1263
1077
1258
1120
1221
1154
1256
1157
1252
1188
1269
1201
1252
1218
1285
1227
1291
1246
1275
1244
1265
1159
1248
1225
1252
1227
1237
1243
1259
1284
1257
1292
1264
1340
1273
1364
1286
1364
1292
1384
1279
1362
1256
1352
1259
1298
1250
1295
1256
1273
1258
1279
1273
1309
1292
1343
1299
1341
1305
1339
1320
1312
1315
1289
1297
1278
1290
1253
1287
1202
1287
1206
1283
1216
1305
1204
1316
1189
1318
1188
1300
1197
1322
1147
1308
1120
1287
1155
1267
1174
1252
1177
1273
1172
1293
1186
1266
1149
1285
1164
1290
1167
1293
1174
1281
1192
1273
1194
1267
1216
1226
1241
1216
1252
1212
1248
1209
1257
1215
1277
1219
1275
1258
1285
1258
1317
1261
1309
1260
1283
1249
1298
1232
1336
1214
1333
1210
1354
1212
1375
1220
1369
1244
1371
1267
1354
1289
1354
1284
1346
1293
1328
1286
1315
1277
1321
1257
1324
1259
1318
1260
1299
1259
1318
1278
1269
1293
1229
1305
1239
1313
1216
1295
1198
1321
1173
1261
1183
1306
1148
1316
1159
1301
1159
1304
1166
1291
1113
1310
1098
1280
1091
1335
1101
1324
1128
1328
1131
1329
1115
1312
1150
1301
1163
1293
1145
1287
1155
1267
1167
1272
1194
1269
1166
1266
1213
1254
1285
1261
1287
1249
1319
1255
1333
1259
1343
1267
1341
1268
1350
1263
1359
1252
1368
1242
1368
1243
1380
1240
1398
1228
1423
1229
1417
1232
1425
1235
1422
1250
1416
1259
1383
1260
1334
1246
1369
1245
1323
1234
1318
1242
1289
1219
1323
1225
1287
1239
1307
1241
1318
1262
1274
1298
1241
1245
1209
1296
1181
1291
1111
1285
1147
1273
1118
1262
1144
1268
1130
1255
1113
1305
1101
1285
1114
1303
1081
1308
1044
1311
1065
1304
1085
1296
1090
1285
1082
1284
1101
1267
1072
1269
1091
1274
1110
1279
1138
1276
1169
1294
1187
1293
1207
1290
1240
1288
1266
1284
1317
1275
1265
1261
1289
1254
1295
1274
1292
1252
1321
1275
1340
1284
1353
1281
1360
1271
1389
1251
1435
1288
1393
1236
1415
1231
1387
1192
1387
1226
1355
1263
1366
1261
1373
1264
1365
1251
1354
1263
1346
1237
1344
1245
1343
1243
1316
1242
1313
1245
1289
1260
1253
1277
1235
1279
1232
1272
1215
1279
1178
1267
1179
1264
1155
1239
1161
1234
1166
1242
1152
1236
1179
1260
1161
1279
1161
1293
1143
1283
1153
1287
1159
1274
1152
1254
1155
1238
1163
1230
1164
1249
1177
1247
1169
1270
1214
1291
1197
1304
1215
1299
1192
1311
1248
1291
1252
1279
1252
1308
1295
1258
1227
1260
1263
1225
1267
1282
1290
1290
1317
1317
1301
1339
1326
1311
1337
1303
1335
1285
1325
1281
1315
1256
1321
1256
1308
1265
1292
1229
1304
1296
1293
1303
1278
1308
1271
1299
1288
1278
1279
1263
1280
1235
1291
1221
1258
1213
1251
1225
1221
1242
1218
1253
1211
1268
1223
1270
1208
1276
1204
1265
1216
1272
1216
1240
1208
1234
1218
1237
1199
1243
1176
1251
1178
1253
1182
1253
1166
1281
1157
1262
1179
1263
1199
1267
1178
1254
1247
1221
1227
1247
1252
1256
1246
1241
1262
1269
1240
1283
1255
1281
1254
1284
1238
1313
1245
1275
1264
1267
1282
1270
1304
1262
1335
1271
1355
1279
1331
1276
1344
1277
1339
1286
1290
1275
1294
1274
1272
1273
1266
1281
1248
1259
1296
1270
1309
1280
1327
1270
1346
1278
1325
1283
1303
1272
1274
1262
1263
1258
1237
1244
1215
1257
1231
1259
1236
1263
1254
1207
1270
1273
1250
1281
1257
1264
1244
1265
1228
1253
1159
1246
1190
1232
1180
1243
1145
1305
1176
1264
1151
1257
1179
1269
1190
1274
1211
1259
1217
1267
1192
1265
1190
1254
1175
1256
1167
1255
1167
1271
1146
1278
1173
1279
1201
1293
1225
1288
1229
1285
1242
1272
1261
1271
1225
1269
1228
1262
1250
1268
1235
1295
1238
1288
1256
1290
1262
1302
1247
1309
1284
1314
1314
1274
1319
1275
1324
1277
1332
1267
1327
1268
1330
1282
1326
1293
1310
1301
1291
1262
1313
1287
1365
1281
1327
1258
1362
1250
1342
1248
1356
1252
1326
1250
1348
1248
1342
1257
1305
1250
1311
1257
1288
1233
1273
1241
1280
1236
1295
1225
1291
1231
1240
1241
1264
1255
1246
1258
1242
1283
1217
1281
1181
1277
1180
1269
1166
1263
1162
1252
1169
1250
1188
1245
1191
1261
1155
1301
1167
1287
1133
1303
1123
1304
1112
1291
1129
1277
1134
1282
1138
1288
1164
1272
1183
1270
1215
1276
1225
1290
1201
1296
1223
1301
1208
1317
1205
1299
1210
1292
1213
1263
1235
1271
1223
1266
1262
1254
1293
1268
1322
1265
1342
1284
1331
1306
1324
1285
1298
1285
1302
1270
1307
1254
1307
1248
1310
1264
1329
1253
1354
1244
1372
1259
1375
1272
1369
1261
1373
1259
1355
1262
1315
1266
1313
1240
1308
1234
1286
1243
1275
1246
1253
1250
1276
1259
1285
1265
1271
1264
1283
1265
1257
1244
1243
1263
1216
1257
1202
1240
1184
1242
1143
1245
1137
1252
1140
1252
1143
1276
1137
1278
1136
1268
1152
1284
1122
1273
1123
1258
1194
1246
1153
1243
1150
1246
1145
1203
1170
1265
1150
1293
1188
1288
1224
1297
1255
1282
1266
1289
1276
1279
1300
1275
1316
1269
1338
1270
1329
1274
1319
1266
1344
1277
1353
1287
1346
1293
1365
1282
1382
1288
1388
1287
1341
1280
1382
1265
1374
1265
1365
1255
1373
1249
1346
1281
1334
1274
1302
1277
1322
1278
1310
1290
1297
1279
1280
1284
1252
1281
1233
1271
1219
1271
1201
1266
1172
1257
1169
1240
1166
1273
1155
1273
1183
1262
1182
1254
1140
1268
1132
1271
1104
1264
1103
1267
1053
1261
1098
1247
1123
1256
1117
1269
1146
1216
1174
1250
1206
1244
1227
1252
1221
1248
1225
1240
1240
1247
1236
1249
1228
1273
1254
1230
1281
1242
1304
1243
1327
1242
1390
1270
1403
1250
1406
1251
1405
1237
1414
1262
1363
1266
1373
1267
1386
1270
