1167
1303
1592
1311
1581
1308
1566
1291
1351
1261
1383
1250
1374
1254
1378
1233
1397
1233
1384
1255
1381
1227
1360
1219
1393
1222
1377
1211
1378
1211
1346
1224
1344
1243
1315
1235
1312
1233
1284
1242
1303
1243
1264
1246
1274
1243
1261
1256
1257
1221
1251
1267
1219
1272
1194
1282
1155
1296
1112
1302
1128
1278
1159
1295
1160
1310
1147
1319
1127
1302
1070
1306
1122
1302
1113
1292
1105
1288
1169
1286
1072
1293
1103
1289
1143
1294
1133
1293
1123
1290
1167
1274
1183
1282
1170
1281
1192
1269
1304
1260
1240
1280
1235
1286
1258
1292
1276
1273
1310
1273
1294
1267
1335
1264
1304
1238
1322
1267
1393
1248
1317
1256
1346
1262
1302
1259
1331
1255
1293
1244
1287
1255
1299
1248
1257
1242
1286
1238
1272
1237
1221
1245
1247
1233
1249
1224
1249
1232
1230
1236
1245
1231
1216
1240
1215
1244
1255
1250
1295
1239
1309
1243
1288
1273
1317
1264
1309
1262
1313
1265
1316
1274
1310
1272
1316
1267
1281
1278
1289
1274
1280
1266
1279
1247
1218
1270
1260
1264
1248
1255
1206
1263
1255
1248
1230
1255
1242
1302
1214
1263
1154
1268
1185
1261
1113
1291
1197
1262
1186
1269
1177
1287
1192
1276
1175
1279
1167
1277
1174
1270
1119
1261
1188
1272
1189
1271
1171
1290
1203
1263
1232
1264
1204
1266
1193
1257
1163
1260
1225
1265
1213
1255
1226
1257
1235
1244
1198
1271
1159
1273
1201
1232
1212
1278
1134
1268
1129
1278
1202
1269
1195
1290
1022
1280
1149
1282
1214
1278
1171
1275
1207
1275
1221
1283
1200
1240
1205
1277
1255
1271
1267
1270
1258
1274
1259
1278
1302
1279
1300
1251
1321
1273
1303
1258
1363
1270
1327
1279
1337
1277
1344
1276
1332
1265
1396
1271
1353
1268
1319
1267
1322
1259
1323
1255
1304
1237
1319
1239
1289
1241
1272
1241
1290
1237
1185
1264
1328
1258
1252
1249
1238
1259
1263
1254
1238
1263
1279
1264
1268
1270
1235
1301
1257
1272
1243
1266
1199
1284
1242
1252
1275
1253
1241
1260
1206
1265
1196
1273
1187
1278
1123
1292
1146
1328
1142
1332
1182
1353
1173
1386
1200
1391
1213
1409
1232
1407
1268
1399
1282
1371
1303
1334
1324
1302
1340
1267
1313
1235
1363
1206
1333
1169
1294
1150
1303
1105
1313
1059
1264
1025
1206
992
1147
973
1089
988
986
991
948
1020
870
1062
810
1098
809
1139
871
1130
861
1209
897
1245
894
1290
956
1347
937
1447
1033
1462
1162
1507
1299
1509
1388
1509
1489
1448
1583
1424
1626
1368
1683
1324
1695
1295
1687
1257
1730
1254
1684
1258
1668
1259
1632
1252
1572
1262
1483
1258
1371
1259
1224
1276
1171
1288
1082
1299
1009
1326
1029
1373
906
1389
837
1403
846
1407
817
1408
840
1378
837
1376
832
1372
888
1345
1000
1352
1167
1331
1257
1333
1337
1322
1480
1300
1567
1265
1666
1205
1658
1165
1667
1132
1658
1105
1613
1087
1556
1093
1494
1101
1438
1104
1388
1124
1349
1175
1288
1184
1285
1202
1339
1219
1319
1241
1313
1240
1398
1220
1250
1267
1298
1241
1271
1243
1305
1230
1262
1236
1162
1242
1227
1242
1202
1237
1218
1238
1176
1275
1222
1326
1167
1315
1135
1345
1133
1352
1133
1365
1100
1366
1052
1383
953
1338
902
1372
898
1363
893
1376
847
1327
890
1295
943
1283
941
1261
1025
1260
1001
1236
1042
1229
1048
1219
1034
1201
1099
1181
1125
1170
1214
1166
1277
1147
1333
1147
1399
1186
1393
1179
1410
1180
1426
1210
1469
1230
1406
1265
1353
1304
1337
1321
1312
1338
1321
1331
1305
1322
1366
1330
1385
1304
1422
1307
1446
1292
1523
1295
1525
1287
1544
1278
1544
1260
1506
1257
1468
1267
1433
1239
1412
1249
1383
1261
1363
1281
1277
1317
1312
1295
1241
1301
1166
1287
1103
1280
1022
1311
986
1267
924
1274
962
1263
974
1267
1031
1265
957
1262
980
1276
1000
1292
996
1307
1028
1310
1081
1345
1139
1365
1207
1380
1306
1378
1354
1359
1420
1330
1404
1307
1444
1273
1406
1245
1417
1221
1421
1210
1377
1187
1345
1202
1321
1187
1283
1204
1255
1202
1264
1185
1224
1181
1183
1163
1201
1165
1189
1174
1194
1177
1153
1190
1161
1209
1146
1238
1134
1235
1183
1271
1211
1288
1205
1297
1216
1309
1207
1282
1190
1315
1128
1311
1168
1304
1160
1299
1023
1288
1120
1289
1152
1253
1179
1241
1183
1238
1178
1231
1174
1223
1148
1235
1193
1273
1196
1271
1229
1278
1320
1298
1274
1326
1253
1327
1244
1323
1252
1314
1169
1312
1281
1293
1335
1291
1343
1361
1377
1313
1282
1361
1398
1350
1387
1364
1378
1361
1362
1344
1361
1358
1393
1340
1402
1323
1419
1288
1475
1274
1365
1264
1343
1233
1356
1214
1338
1167
1312
1198
1280
1180
1278
1187
1246
1188
1193
1191
1192
1196
1108
1198
1145
1212
1043
1212
1027
1242
1012
1259
1029
1265
1068
1271
1069
1258
1074
1260
1083
1254
1156
1247
1084
1241
1114
1240
1131
1241
1154
1235
1240
1221
1235
1227
1253
1211
1258
1216
1263
1200
1230
1232
1232
1233
1289
1228
1367
1248
1342
1260
1362
1271
1276
1267
1259
1291
1180
1327
1162
1306
1128
1330
1179
1324
1201
1337
1215
1350
1239
1340
1228
1350
1179
1348
1163
1332
1146
1317
1178
1311
1133
1315
1233
1278
1311
1254
1340
1264
1331
1251
1279
1222
1239
1215
1207
1222
1196
1215
1205
1232
1201
1279
1219
1278
1224
1288
1247
1292
1215
1312
1170
1311
1188
1322
1178
1314
1201
1293
1251
1269
1320
1244
1390
1221
1397
1213
1377
1202
1349
1195
1390
1190
1433
1166
1463
1214
1478
1204
1449
1229
1505
1234
1469
1231
1434
1229
1387
1257
1327
1279
1290
1300
1299
1318
1307
1355
1246
1385
1288
1376
1260
1380
1197
1360
1149
1350
1224
1306
1134
1315
1091
1302
1099
1288
1127
1276
1188
1268
1161
1256
1163
1246
1136
1174
1149
1240
1166
1254
1191
1253
1196
1258
1168
1267
1162
1275
1106
1252
1086
1267
1058
1265
1060
1258
1086
1255
1016
1272
1154
1254
1232
1234
1279
1192
1271
1229
1238
1234
1268
1245
1217
1259
1241
1272
1270
1308
1367
1283
1380
1274
1352
1284
1341
1262
1295
1243
1294
1226
1277
1221
1299
1214
1312
1218
1319
1221
1289
1229
1296
1223
1301
1214
1282
1219
1210
1221
1273
1223
1307
1241
1291
1253
1277
1267
1277
1274
1278
1273
1158
1268
1127
1253
1074
1260
1098
1256
1140
1271
1210
1320
1238
1314
1252
1333
1282
1342
1228
1355
1204
1374
1239
1351
1234
1352
1247
1351
1283
1327
1359
1315
1341
1283
1307
1244
1326
1221
1384
1196
1255
1199
1244
1230
1232
1259
1264
1292
1196
1314
1194
1321
1262
1345
1226
1339
1226
1350
1164
1341
1306
1370
1265
1332
1350
1326
1355
1287
1328
1256
1294
1244
1243
1206
1190
1199
1161
1196
1167
1200
1248
1237
1234
1203
1285
1209
1331
1211
1237
1196
1215
1209
1153
1215
1120
1215
1075
1231
1104
1234
1133
1238
1125
1230
1163
1225
1118
1231
1070
1229
1049
1221
1080
1242
1087
1261
1170
1262
1247
1286
1285
1262
1416
1256
1329
1238
1240
1232
1218
1238
1207
1238
1248
1254
1250
1269
1361
1283
1433
1301
1434
1348
1422
1314
1403
1331
1371
1349
1367
1360
1416
1366
1446
1387
1424
1399
1465
1360
1461
1343
1386
1308
1296
1265
1267
1263
1234
1248
1222
1246
1254
1252
1281
1246
1274
1242
1209
1246
1182
1235
1110
1224
1092
1243
1103
1260
1122
1292
1122
1279
1172
1254
1148
1281
1158
1256
1141
1248
1117
1206
1091
1230
1118
1224
1157
1254
1241
1266
1288
1264
1321
1270
1279
1271
1268
1256
1221
1263
1191
1276
1186
1279
1168
1263
1265
1263
1286
1234
1316
1215
1328
1195
1247
1171
1202
1170
1142
1161
1144
1217
1137
1232
1319
1261
1199
1297
1243
1268
1255
1276
1224
1277
1187
1285
1162
1289
1148
1299
1255
1317
1256
1308
1424
1304
1369
1306
1321
1250
1288
1274
1251
1234
1230
1283
1246
1293
1213
1313
1309
1308
1363
1301
1344
1283
1302
1298
1267
1241
1142
1230
1117
1230
1121
1233
1148
1228
1222
1251
1235
1266
1258
1274
1219
1251
1181
1257
1163
1271
1113
1272
1206
1293
1251
1317
1328
1289
1399
1292
1412
1265
1423
1254
1284
1226
1269
1211
1286
1220
1283
1225
1339
1237
1369
1265
1396
1273
1341
1277
1235
1285
1230
1274
1234
1264
1231
1299
1257
1309
1303
1332
1339
1339
1353
1326
1324
1301
1281
1281
1186
1297
1184
1281
1151
1267
1194
1301
1221
1299
1275
1322
1300
1312
1279
1309
1237
1298
1166
1271
1137
1281
1094
1276
1124
1293
1200
1284
1263
1278
1304
1249
1312
1209
1274
1204
1213
1199
1195
1214
1161
1237
1158
1292
1265
1278
1280
1282
1307
1263
1283
1241
1185
1217
1168
1224
1093
1212
1095
1227
1120
1245
1156
1242
1254
1237
1293
1208
1268
1201
1175
1202
1140
1178
1004
1210
1107
1234
1157
1267
1244
1277
1316
1287
1353
1287
1348
1265
1310
1246
1239
1240
1215
1229
1207
1253
1266
1280
1265
1274
1393
1256
1402
1238
1345
1270
1276
1234
1201
1235
1189
1260
1230
1306
1289
1340
1358
1364
1392
1381
1416
1372
1320
1351
1320
1309
1260
1314
1156
1332
1199
1345
1256
1361
1298
1359
1322
1347
1324
1330
1273
1300
1144
1278
1156
1284
1162
1295
1163
1303
1199
1310
1252
1278
1298
1287
1245
1242
1248
1218
1189
1204
1103
1223
1102
1212
1127
1238
1203
1282
1257
1267
1313
1247
1319
1247
1212
1222
1176
1207
1142
1208
1089
1195
1194
1236
1251
1243
1278
1250
1303
1238
1289
1196
1241
1194
1166
1203
1134
1219
1128
1259
1185
1290
1334
1321
1311
1339
1335
1321
1329
1300
1272
1297
1172
1288
1118
1286
1139
1305
1199
1317
1260
1326
1372
1291
1377
1280
1375
1262
1323
1186
1296
1170
1247
1224
1243
1252
1272
1279
1382
1294
1413
1302
1422
1281
1396
1264
1324
1261
1218
1245
1141
1226
1184
1269
1258
1279
1290
1286
1339
1287
1329
1262
1271
1239
1162
1231
1091
1231
1024
1235
1050
1244
1121
1291
1246
1295
1291
1274
1342
1280
1262
1220
1188
1238
1153
1235
1113
1254
1143
1280
1207
1265
1287
1287
1324
1258
1350
1256
1296
1230
1166
1199
1259
1221
1179
1232
1227
1275
1267
1304
1351
1297
1443
1339
1431
1330
1342
1299
1252
1290
1174
1303
1103
1324
1163
1349
1270
1380
1335
1379
1382
1334
1372
1336
1288
1303
1245
1278
1182
1266
1137
1292
1142
1311
1213
1308
1240
1295
1287
1262
1283
1225
1229
1172
1169
1159
1081
1175
1099
1198
1158
1210
1326
1233
1376
1258
1362
1221
1353
1196
1279
1182
1211
1166
1142
1181
1136
1256
1172
1254
1206
1264
1363
1248
1328
1253
1353
1207
1245
1191
1144
1163
1112
1217
1082
1253
1150
1285
1257
1313
1341
1303
1372
1302
1378
1252
1318
1250
1191
1240
1146
1249
1156
1282
1198
1303
1296
1318
1416
1314
1471
1283
1417
1254
1339
1231
1286
1250
1209
1267
1228
1325
1300
1356
1342
1367
1466
1359
1444
1336
1353
1324
1236
1291
1188
1296
1175
1316
1061
1350
1244
1384
1329
1369
1363
1371
1418
1328
1366
1280
1267
1250
1225
1243
1093
1266
1125
1295
1224
1309
1311
1260
1352
1321
1323
1259
1240
1226
1149
1190
1064
1214
1106
1188
1045
1228
1134
1255
1225
1251
1277
1242
1313
1212
1203
1190
1156
1162
1115
1170
1047
1229
1115
1206
1213
1308
1372
1323
1403
1304
1371
1274
1318
1240
1240
1176
1139
1221
1098
1247
1143
1241
1226
1291
1304
1294
1382
1265
1409
1243
1322
1158
1225
1214
1148
1233
1129
1268
1194
1305
1268
1320
1324
1319
1421
1277
1407
1239
1341
1199
1220
1171
1118
1199
1158
1227
1196
1266
1310
1287
1413
1295
1517
1270
1369
1252
1320
1231
1218
1224
1110
1262
1083
1297
1133
1336
1278
1358
1344
1332
1413
1297
1381
1254
1225
1266
1158
1221
1064
1246
1095
1297
1141
1323
1250
1339
1341
1326
1416
1285
1347
1241
1262
1241
1132
1208
1006
1234
1066
1251
1146
1291
1269
1300
1369
1296
1384
1270
1344
1239
1214
1216
1135
1232
1025
1285
1166
1361
1213
1369
1314
1386
1445
1365
1396
1322
1321
1258
1193
1252
1030
1234
1038
1287
1103
1336
1175
1357
1334
1361
1426
1334
1430
1289
1332
1237
1245
1183
1167
1204
1085
1249
1163
1300
1248
1320
1359
1333
1380
1308
1471
1244
1369
1186
1272
1201
1168
1147
1076
1219
1165
1257
1245
1287
1335
1287
1430
1229
1398
1190
1395
1155
1180
1152
1103
1168
1110
1232
1131
1292
1214
1320
1305
1326
1400
1281
1354
1235
1269
1177
1171
1172
1097
1157
1068
1231
1118
1282
1296
1307
1402
1301
1483
1261
1455
1252
1387
1222
1269
1252
1077
1235
1095
1297
1214
1341
1303
1369
1418
1353
1477
1321
1437
1249
1325
1257
1211
1269
1037
1284
1098
1333
1198
1366
1338
1392
1409
1374
1451
1334
1352
1287
1245
1230
1143
1278
1019
1274
1039
1309
1058
1337
1266
1348
1336
1324
1351
1280
1315
1210
1220
1169
1117
1141
945
1193
1028
1243
1195
1293
1295
1306
1356
1283
1461
1230
1370
1212
1155
1152
1082
1158
1115
1222
1083
1274
1161
1315
1241
1321
1377
1307
1366
1254
1193
1202
1187
1181
1022
1142
952
1226
1072
1275
1176
1237
1304
1330
1408
1316
1410
1260
1322
1238
1189
1165
1124
1235
1154
1242
1141
1294
1255
1350
1383
1337
1484
1299
1506
1254
1415
1216
1314
1162
1216
1235
1065
1309
1211
1328
1302
1355
1421
1348
1518
1324
1458
1232
1373
1196
1204
1162
1134
1222
1176
1263
1194
1323
1235
1346
1354
1337
1449
1309
1407
1248
1282
1216
1173
1197
1018
1229
1126
1296
1103
1354
1191
1374
1386
1391
1502
1290
1440
1233
1311
1189
1129
1200
1011
1192
1021
1252
1093
1309
1231
1323
1377
1326
1525
1290
1460
1219
1342
1172
1220
1211
1066
1250
1205
1293
1211
1347
1332
1374
1438
1352
1534
1293
1449
1226
1295
1231
1134
1177
988
1196
1086
1297
1154
1323
1260
1380
1367
1355
1436
1339
1380
1280
1174
1240
1083
1268
961
1308
1174
1358
1142
1383
1291
1373
1425
1353
1455
1281
1457
1188
1229
1156
1156
1172
989
1154
1181
1238
1305
1281
1351
1295
1467
1257
1446
1201
1449
1114
1243
1096
1096
1140
914
1134
1176
1281
1181
1306
1328
1294
1405
1264
1366
1218
1343
1144
1105
1123
1038
1195
889
1175
1093
1289
1205
1344
1324
1330
1459
1297
1424
1237
1395
1155
1221
1200
1073
1150
978
1250
1254
1314
1283
1387
1459
1323
1585
1313
1463
1253
1413
1203
1317
1174
1177
1253
1014
1240
1209
1361
1323
1403
1440
1392
1559
1346
1504
1307
1351
1211
1180
1278
1014
1251
875
1291
1107
1396
1254
1405
1377
1392
1480
1360
1414
1278
1254
1205
1140
1182
964
1233
847
1313
1140
1349
1181
1363
1320
1343
1444
1269
1356
1141
1164
1142
1077
1140
876
1151
792
1236
1124
1320
1197
1342
1328
1313
1418
1263
1403
1223
1219
1164
1035
1167
959
1236
763
1338
1120
1350
1298
1366
1444
1329
1486
1258
1496
1211
1255
1201
1173
1147
989
1157
923
1300
1286
1336
1398
1352
1544
1312
1545
1258
1594
1169
1406
1183
1243
1156
1052
1180
982
1319
1377
1355
1460
1356
1590
1316
1552
1262
1561
1212
1272
1172
1136
1185
1006
1267
852
1369
1259
1379
1355
1372
1497
1332
1448
1261
1453
1171
1167
1143
1019
1173
843
1185
876
1321
1214
1345
1328
1325
1455
1276
1421
1205
1420
1160
1185
1165
963
1136
834
1236
978
1346
1168
1375
1288
1355
1441
1318
1393
1273
1352
1204
1083
1192
971
1281
798
1284
1029
1400
1196
1408
1331
1380
1476
1318
1452
1261
1422
1144
1171
1222
953
1178
834
1260
1151
1371
1288
1372
1406
1355
1598
1279
1548
1243
1405
1223
1262
1183
1086
1238
922
1227
1278
1400
1371
1391
1516
1361
1622
1299
1554
1257
1397
1217
1184
1201
1010
1210
835
1274
1239
1371
1353
1378
1493
1334
1574
1260
1520
1220
1305
1197
1173
1115
994
1183
855
1197
1198
1325
1309
1322
1446
1293
1488
1216
1458
1181
1213
1159
1085
1117
849
1149
753
1214
1101
1349
1216
1350
1367
1306
1405
1231
1421
1194
1173
1115
1063
1150
825
1170
788
1257
1191
1372
1314
1388
1469
1350
1466
1279
1496
1247
1238
1198
1135
1232
909
1249
841
1287
1310
1398
1448
1389
1625
1344
1611
1270
1540
1209
1351
1143
1194
1220
971
1254
832
1302
1307
1385
1447
1364
1601
1327
1583
1258
1597
1243
1351
1155
1144
1234
996
1286
830
1355
1334
1390
1470
1387
1612
1340
1559
1262
1540
1229
1224
1224
1030
1200
816
1230
827
1363
1226
1396
1352
1379
1518
1323
1455
1249
1416
1185
1108
1220
931
1243
718
1265
664
1362
1112
1382
1265
1349
1421
1289
1362
1220
1341
1168
1036
1181
906
1207
730
1242
669
1346
1195
1367
1355
1346
1514
1303
1474
1220
1461
1178
1117
1110
926
1174
794
1202
890
1352
1327
1373
1511
1340
1681
1278
1618
1240
1570
1202
1265
1210
1045
1178
935
1276
1165
1368
1403
1366
1562
1332
1710
1261
1608
1203
1566
1117
1227
1119
1105
1210
957
1263
1257
1361
1448
1368
1604
1328
1727
1248
1635
1208
1452
1188
1136
1164
979
1200
846
1258
1169
1364
1328
1353
1499
1320
1591
1240
1508
1200
1296
1190
1097
1137
872
1232
710
1211
1090
1397
1234
1391
1403
1355
1424
1286
1402
1236
1128
1238
993
1230
732
1243
677
1330
1100
1379
1252
1421
1410
1365
1436
1280
1447
1240
1164
1144
1010
1175
867
1269
768
1292
1218
1416
1387
1373
1566
1355
1583
1269
1573
1228
1267
1223
1060
1201
945
1289
808
1350
1302
1397
1472
1367
1645
1317
1608
1229
1611
1199
1266
1171
1129
1188
879
1206
860
1324
1309
1370
1468
1345
1636
1286
1615
1216
1591
1158
1254
1174
1102
1218
890
1236
848
1337
1302
1350
1454
1322
1613
1267
1554
1195
1522
1115
1210
1161
1009
1215
792
1244
747
1362
1254
1370
1450
1343
1592
1258
1525
1197
1494
1147
1147
1156
950
1187
751
1244
856
1340
1208
1361
1370
1332
1543
1253
1479
1211
1402
1122
1091
1219
878
1188
769
1338
1058
1437
1197
1448
1421
1412
1581
1341
1516
1298
1258
1264
1089
1274
876
1289
793
1380
1145
1456
1332
1451
1531
1388
1680
1288
1630
1213
1384
1163
1213
1142
1006
1231
819
1207
1223
1359
1370
1322
1570
1293
1663
1212
1654
1169
1394
1161
1197
1167
916
1181
766
1289
1184
1380
1327
1378
1452
1334
1542
1260
1562
1220
1264
1079
1103
1201
861
1254
702
1323
1159
1406
1314
1396
1512
1301
1287
1281
1726
1156
1283
1182
1042
1160
842
1249
719
1326
1167
1376
1282
1341
1472
1316
1248
1248
1648
1141
1251
1105
1002
1154
759
1178
705
1342
1138
1389
1287
1382
1489
1290
1612
1302
1608
1239
1301
1192
1029
1238
810
1280
833
1433
1222
1437
1381
1408
1327
1287
1654
1285
1694
1141
1304
1163
1153
1245
904
1235
1256
1394
1338
1395
1495
1344
1481
1165
1761
1234
1542
1131
1304
1134
1052
1136
844
1218
1173
1309
1228
1344
1388
1321
1174
1224
1632
1232
1483
1112
1235
1179
974
1169
771
1323
1108
1371
1178
1377
1348
1337
1148
1208
1692
1275
1381
1149
1176
1221
899
1270
699
1393
1073
1449
1199
1444
1331
1350
1127
1256
1693
1286
1313
1188
1152
1186
880
1256
800
1396
1151
1436
1243
1429
1459
1324
1284
1297
1765
1282
1370
1199
1190
1227
906
1209
1099
1375
1160
1402
1287
1403
1492
1287
1277
1270
1832
1259
1379
1111
1216
1198
936
1265
1115
1364
1181
1396
1299
1358
1203
1269
1303
1178
1841
1203
1404
1126
1170
1065
934
1139
1187
1303
1209
1332
1340
1307
1196
1162
1350
1195
1831
1148
1361
1116
1127
1117
887
1184
1180
1333
1203
1362
1304
1358
1142
1275
1296
1261
1792
1126
1314
1180
1082
1155
831
1311
1085
1389
1098
1405
1228
1392
1061
1281
1253
1288
1707
1190
1203
1197
966
1215
794
1384
1090
1448
1132
1470
1291
1408
1157
1341
1316
1321
1798
1203
1304
1212
1036
1268
897
1396
1173
1441
1185
1471
1355
1352
1171
1311
1636
1273
1515
1180
1286
1192
1015
1180
831
1331
1191
1399
1248
1407
1391
1312
1226
1200
1694
1251
1726
1143
1212
1097
1009
1206
1147
1355
1104
1358
1187
1356
1361
1215
1241
1218
1779
1193
1470
1125
1206
1111
1000
1176
802
1316
1141
1431
1215
1376
1042
1265
1292
1233
1804
1188
1454
1102
1201
1102
1023
1173
1199
1333
1168
1384
1239
1387
1217
1278
1297
1243
1765
1238
1333
1123
1109
1109
882
1266
1152
1387
1102
1429
1240
1423
1042
1268
1282
1311
1788
1271
1338
1201
1116
1171
900
1343
1137
1415
1120
1450
1244
1398
1109
1344
1337
1297
1866
1275
1429
1182
1189
1184
1000
1328
1217
1406
1205
1442
1308
1382
1093
1284
1381
1251
1843
1192
1356
1111
1173
1122
907
1287
1147
1340
1133
1352
1184
1271
1032
1196
1222
1202
1715
1139
1186
1083
996
1081
1088
1255
1053
1328
1081
1362
1223
1266
1038
1192
1328
1241
1800
1152
1243
1127
1081
1249
1217
1356
1210
1425
1212
1472
1008
1360
1235
1266
1778
1282
1896
1203
1421
1196
1183
1235
1295
1347
1222
1399
1234
1406
964
1327
1111
1222
1611
1275
1552
1137
1109
1147
909
1261
1119
1374
1056
1412
1075
1420
879
1351
1069
1249
1563
1286
1581
1197
1089
1216
904
1313
1100
1379
1164
1411
1225
1391
1033
1257
1220
1156
1795
1184
1462
1139
1272
1092
1070
1229
1242
1303
1227
1295
1267
1237
1036
1221
1125
1110
1739
1176
1402
1067
1193
1088
1050
1252
1241
1322
1238
1352
1314
1276
1005
1198
1268
1251
1740
1226
1323
1183
1103
1206
928
1335
1200
1415
1181
1438
1222
1371
1009
1273
1249
1283
1730
1267
1217
1153
1080
1229
1268
1333
1185
1440
1172
1471
1214
1401
980
1300
1206
1306
1675
1314
1215
1243
1064
1300
1288
1354
1250
1444
1248
1459
1323
1315
1144
1291
1283
1267
1767
1184
1285
1145
1166
1202
1338
1263
1303
1360
1296
1367
1060
1250
1170
1209
1314
1215
1752
1158
1264
1123
1039
1171
1052
1295
1189
1351
1158
1358
943
1247
951
1154
1439
1212
1498
1133
1127
1113
961
1145
1059
1280
1226
1322
1268
1307
1010
1230
1140
1111
1638
1164
1663
1041
1230
1105
1079
1209
1206
1297
1268
1349
1285
1354
974
1282
1151
1228
1528
1253
1350
1181
1063
1250
977
1355
1160
1433
1207
1478
1246
1386
986
1384
1092
1264
1617
1316
1261
1216
1087
1256
1104
1370
1219
1425
1245
1454
1299
1391
1021
1288
1151
1183
1682
1240
1277
1109
1171
1145
1182
1274
1330
1376
1325
1404
1356
1323
1134
1309
1201
1274
1701
1235
1218
1101
1125
1196
1251
1225
1276
1327
1254
1339
1284
1278
957
1151
1148
1189
1586
1169
1141
1120
999
1161
1219
1268
1220
1355
1229
1395
946
1302
1031
1269
1152
1279
1671
1250
1244
1203
1075
1212
1157
1275
1286
1345
1264
1374
1021
1231
1007
1165
1168
1217
1512
1083
1107
1138
1022
1170
1087
1226
1282
1342
1313
1379
1043
1289
1176
1236
1441
1261
1700
1178
1250
1156
1122
1279
1206
1342
1344
1391
1330
1400
929
1281
1059
1266
1525
1303
1412
1182
1093
1257
1024
1322
1196
1384
1375
1407
1363
1310
1056
1269
1163
1186
1590
1227
1360
1109
1113
1136
988
1275
1235
1313
1298
1343
1345
1352
952
1222
1108
1221
1497
1243
1266
1131
1061
1226
1301
1267
1251
1403
1292
1401
1336
1333
983
1256
1102
1255
1544
1261
1080
1146
1031
1239
1303
1278
1306
1374
1323
1442
1356
1344
1046
1254
1145
1189
1609
1232
1259
1157
1175
1181
1455
1209
1437
1308
1454
1321
1144
1285
1107
1179
1464
1264
1637
1187
1111
1135
1077
1210
1397
1289
1410
1387
1417
1424
1060
1341
1116
1336
1177
1333
1602
1263
1163
1235
1108
1223
1389
1304
1443
1356
1423
1347
1008
1209
1129
1228
1246
1209
1544
1126
1040
1125
985
1237
1174
1281
1354
1341
1331
1378
937
1283
982
1278
1304
1299
1394
1204
987
1190
958
1268
994
1305
1289
1333
1291
1263
850
1193
992
1179
1294
1204
1330
1086
912
1106
879
1254
1125
1322
1361
1365
1398
1353
1067
1262
1105
1254
1578
1288
1308
1224
1134
1191
1092
1322
1397
1364
1470
1387
1426
1318
1128
1315
1289
1276
1522
1278
1145
1176
1036
1227
1384
1288
1402
1361
1514
1386
1559
1339
1175
1271
1242
1290
1667
1249
1218
1137
1162
1178
1298
1246
1427
1343
1484
1375
1493
1316
1100
1280
1071
1212
1476
1255
1004
1144
897
1149
1280
1247
1318
1347
1370
1377
1052
1302
1015
1261
1098
1275
1513
1277
1067
1173
965
1206
1198
1273
1384
1338
1422
1338
1160
1267
1057
1189
1118
1240
1507
1209
1027
1142
948
1208
1225
1269
1391
1339
1401
1343
1047
1274
1035
1284
1032
1263
1415
1235
967
1213
936
1264
1051
1347
1363
1380
1399
1396
1060
1304
1081
1237
1516
1276
1505
1191
1117
1142
1096
1232
1270
1257
1506
1297
1545
1274
1133
1235
1530
1222
1495
1304
1484
1191
1107
1223
1034
1336
1247
1389
1459
1409
1478
1368
1063
1249
1069
1253
1511
1264
1126
1187
1008
1044
949
1239
1224
1274
1402
1284
1420
1243
1044
1215
1111
1182
1415
1230
991
1149
938
1159
1197
1274
1184
1356
1396
1412
1431
1321
1082
1308
1085
1307
1463
1350
1073
1272
929
1261
1286
1341
1288
1408
1361
1405
1042
1297
1050
1355
1109
1275
1502
1296
1106
1219
1029
1210
1413
1284
1408
1359
1547
1369
1235
1296
1147
1319
1170
1240
1575
1273
1109
1206
1111
1136
1370
1254
1521
1305
1556
1347
1169
1243
1510
1288
1162
1261
1550
1211
1116
1189
1004
1165
1267
1250
1493
1309
1535
1303
1131
1208
1394
1233
1150
1255
1542
1144
1114
1192
1079
1252
1166
1277
1483
1349
1474
1323
1037
1271
1312
1237
949
1309
1352
1216
923
1230
890
1339
1079
1336
1346
1366
1374
1270
948
1212
1208
1231
1237
1256
1256
1202
855
1162
827
1288
1118
1343
1360
1379
1375
1334
960
1268
1195
1239
1295
1332
1207
1248
898
1265
1263
1386
1212
1415
1507
1436
1607
1369
1160
1387
1246
1318
1550
1314
1151
1248
975
1220
1240
1247
1345
1288
1507
1294
1539
1235
1167
1164
1226
1097
1597
1189
1186
1121
1169
1168
1508
1212
1507
1295
1626
1314
1264
1212
1333
1278
1193
1246
1539
1254
1086
1212
1022
1205
1365
1256
1388
1315
1532
1323
1233
1255
1161
1271
1195
1210
1530
1263
1087
1231
1042
1218
1338
1312
1432
1379
1469
1386
1081
1302
1428
1254
1034
1247
1364
1305
852
1173
843
1281
953
1313
1244
1372
1285
1386
864
1287
1236
1271
867
1332
1253
1285
836
1266
786
1261
1003
1341
1347
1385
1422
1303
1087
1266
1306
1259
1137
1271
1469
1167
1004
1205
1006
1302
1275
1287
1520
1349
1583
1325
1193
1258
1396
1189
1472
1267
1430
1211
1089
1138
1054
1253
1307
1269
1548
1275
1577
1212
1194
1224
1195
1120
1393
1184
1240
1147
937
1148
1189
1244
1124
1331
1422
1354
1481
1336
1096
1345
1121
1215
1517
1309
1117
1205
969
1249
1251
1313
1378
1350
1566
1361
1280
1276
1460
1312
1244
1241
1543
1257
1113
1269
958
1212
1285
1314
1308
1389
1435
1401
1137
1309
1275
1340
1088
1254
1399
1315
919
1161
818
1286
1199
1309
1227
1368
1354
1377
1093
1269
1061
1315
1041
1230
1429
1277
959
1207
905
1199
1324
1305
1405
1374
1474
1374
1130
1300
1530
1261
1172
1214
1525
1230
1081
1203
993
1222
1174
1208
1480
1283
1556
1276
1248
1211
1585
1148
1210
1217
1566
1138
1106
1161
974
1141
1173
1221
1459
1267
1490
1237
1099
1201
1397
1180
1019
1194
1408
1094
925
1159
898
1241
995
1271
1356
1342
1416
1357
1059
1328
1236
1297
1384
1335
1256
1267
970
1318
1016
1394
1209
1433
1471
1450
1494
1326
1140
1387
1172
1232
1402
1333
1238
1239
999
1234
1074
1332
1144
1356
1420
1381
1449
1270
1095
1338
1139
1274
1148
1301
1119
1235
863
1214
1235
1306
1113
1358
1352
1352
1013
1231
1355
1294
1122
1224
1454
1256
1038
1162
940
1166
1311
1239
1312
1306
1460
1322
1180
1234
1506
1250
1188
1162
1524
1219
1133
1184
1033
1153
1178
1207
1369
1271
1517
1281
1134
1145
1620
1191
1200
1143
1615
1242
1162
1227
1107
1227
1403
1305
1463
1349
1545
1364
1207
1238
1606
1161
1204
1193
1563
1169
1070
1185
952
1225
1085
1244
1398
1321
1466
1300
1088
1328
1490
1248
1091
1342
1408
1315
939
1360
784
1386
1000
1452
1296
1509
1423
1402
990
1413
1237
1263
1086
1310
1410
1245
854
1189
807
1270
1089
1275
1289
1310
1361
1269
989
1275
1159
1214
1086
1264
1422
1200
990
1201
1212
1278
1096
1315
1376
1370
1445
1219
1166
1264
1258
1162
1419
1182
1246
1075
1030
1089
978
1173
1162
1230
1447
1260
1538
1205
1242
1239
1268
1157
1400
1241
1307
1163
1126
1141
1487
1271
1322
1331
1580
1343
1288
1229
1651
1264
1269
1176
1627
1256
1158
1158
1030
1220
1334
1275
1272
1365
1439
1373
1167
1320
1503
1321
1109
1256
1461
1337
982
1244
879
1326
1188
1346
1200
1400
1319
1389
998
1290
1457
1283
1053
1220
1417
1338
925
1261
837
1251
1101
1344
1219
1407
1342
1407
1031
1290
1507
1242
1164
1199
1518
1283
1021
1185
937
1282
1041
1258
1297
1305
1378
1245
1048
1260
1511
1208
1122
1142
1521
1197
1017
1187
1008
1220
1124
1254
1375
1311
1451
1271
1127
1258
1378
1133
1219
1219
1533
1154
1033
1159
989
1236
1155
1243
1455
1299
1485
1226
1324
1287
1399
1230
1245
1262
1599
1232
1135
1198
1320
1317
1178
1346
1417
1359
1463
1282
1289
1315
1198
1210
1377
1257
1203
1180
970
1256
965
1326
1170
1370
1389
1401
1457
1299
1312
1380
1205
1305
1220
1354
1094
1244
929
1259
1234
1345
1045
1402
1280
1373
1011
1275
1459
1308
1141
1180
1515
1265
1096
1173
957
1225
1237
1237
1196
1355
1367
1361
1092
1247
1491
1316
1138
1211
1533
1286
1074
1195
991
1276
1211
1280
1264
1287
1378
1320
1097
1245
1552
1203
1228
1129
1637
1211
1156
1158
1087
1183
1395
1249
1428
1322
1525
1318
1181
1209
1664
1220
1306
1199
1656
1239
1154
1143
1107
1252
1145
1273
1394
1328
1469
1284
1161
1275
1576
1166
1213
1170
1561
1225
1016
1198
958
1285
1013
1281
1261
1341
1308
1279
928
1322
1304
1180
1101
1298
1425
1255
953
1233
862
1353
1077
1363
1249
1413
1293
1341
1219
1358
1184
1264
1087
1276
1451
1248
967
1231
1153
1310
1106
1301
1355
1321
1410
1229
1360
1266
1205
1151
1402
1209
1139
1134
1008
1153
1001
1283
1004
1318
1305
1355
1004
1242
1508
1342
1206
1214
1263
1307
1215
1215
1122
1245
1400
1294
1188
1356
1408
1381
1177
1272
1550
1281
1293
1206
1664
1255
1301
1194
1120
1181
1424
1232
1371
1341
1519
1335
1310
1278
1642
1290
1316
1201
1660
1278
1227
1240
1095
1234
1285
1280
1253
1286
1367
1322
1025
1267
1514
1216
1187
1202
1499
1254
1039
1145
926
1257
974
1275
1177
1369
1270
1337
946
1309
1444
1323
1068
1295
1496
1289
974
1305
897
1383
968
1362
1217
1405
1303
1315
1022
1344
1476
1263
1137
1192
1488
1163
1094
1180
961
1264
1113
1251
1338
1316
1400
1288
1072
1224
1315
1134
1153
1211
1492
1131
986
1176
971
1239
1108
1255
1338
1291
1378
1187
1431
1289
1362
1202
1253
1255
1626
1228
1130
1247
1266
1313
1184
1336
1393
1375
1448
1301
1447
1351
1239
1240
1394
1294
1316
1202
1156
1216
1114
1320
1200
1324
1397
1347
1099
1258
1505
1290
1209
1207
1309
1245
1157
1153
1015
1125
1295
1251
1078
1361
1269
1365
1066
1267
1434
1328
1078
1217
1486
1307
1015
1200
963
1273
1211
1286
1082
1380
1269
1377
1004
1257
1427
1317
1148
1247
1537
1277
1076
1210
960
1272
1273
1328
1215
1340
1294
1375
953
1276
1498
1256
1200
1226
1560
1257
1156
1215
1073
1283
1122
1269
1350
1324
1458
1310
1112
1249
1614
1189
1256
1168
1675
1140
1150
1148
1101
1141
1277
1252
1359
1310
1425
1264
1084
1284
1539
1192
1176
1132
1586
1175
1151
1177
1020
1299
1123
1300
1343
1382
1405
1340
1030
1348
1401
1230
1203
1278
1503
1189
1077
1198
981
1287
1073
1289
1271
1334
1270
1238
1274
1295
1215
1230
1077
1248
1372
1172
1013
1203
1038
1342
1072
1365
1307
1400
1364
1354
1370
1383
1138
1270
1334
1328
1183
1215
1112
1226
1067
1336
1243
1354
1413
1363
1084
1248
1577
1300
1334
1225
1365
1253
1228
1130
1121
1205
1386
1245
1123
1335
1359
1363
1054
1279
1489
1331
1140
1219
1173
1302
1205
1276
1070
1216
1210
1302
1205
1334
1322
1318
940
1235
1483
1241
1124
1101
1552
1191
1112
1113
979
1158
1309
1220
1200
1279
1344
1293
1040
1264
1535
1203
1191
1159
1566
1232
1172
1212
1046
1287
1113
1273
1340
1368
1390
1374
1095
1351
1531
1272
1210
1197
1564
1221
1097
1252
927
1266
964
1315
1197
1358
1265
1324
937
1315
1382
1247
1079
1192
1478
1115
1003
1203
948
1260
964
1266
1262
1341
1310
1318
990
1330
1415
1281
1215
1296
1559
1217
1204
1261
1093
1338
1152
1343
1401
1389
1411
1263
1438
1339
1375
1262
1236
1273
1468
1199
1118
1203
1112
1314
1164
1303
1365
1349
1409
1247
1405
1320
1138
1173
1370
1256
1217
1200
1031
1249
959
1279
1091
1298
1296
1318
972
1204
1413
1264
1140
1133
1214
1208
1137
1129
1102
1208
1347
1260
1150
1357
1373
1390
1081
1279
1536
1346
1256
1250
1245
1291
1261
1205
1110
1189
1236
1298
1124
1386
1370
1376
1059
1338
1559
1313
1062
1170
1548
1244
1082
1165
960
1243
1227
1278
1154
1343
1250
1389
866
1319
1380
1246
1015
1155
1433
1238
1058
1154
906
1177
1051
1258
1186
1307
1304
1336
974
1324
1494
1267
1206
1236
1634
1238
1212
1281
1086
1358
1179
1360
1408
1412
1440
1383
1119
1364
1558
1231
1217
1199
1607
1204
1085
1177
960
1257
1095
1269
1265
1338
1299
1299
1005
1321
1312
1211
1110
1317
1430
1271
1028
1250
989
1343
1077
1379
1327
1413
1376
1337
1385
1335
1301
1176
1218
1216
1480
1162
1104
1187
1134
1243
1157
1267
1389
1311
1441
1182
1456
1286
1264
1208
1427
1242
1274
1183
1104
1217
1019
1303
1147
1352
1413
1355
1032
1250
1501
1294
1250
1220
1314
1240
1203
1133
1138
1222
1363
1270
1162
1351
1418
1370
1198
1275
1570
1309
1238
1190
1280
1258
1283
1214
1149
1225
1351
1272
1172
1367
1290
1372
930
1323
1403
1308
1042
1196
1462
1282
1026
1173
932
1191
1219
1311
1146
1391
1246
1394
875
1327
1429
1276
1137
1175
1479
1237
1042
1147
990
1190
1030
1284
1164
1354
1260
1297
832
1330
1428
1220
1072
1177
1537
1179
1102
1257
977
1328
1036
1345
1266
1400
1327
1347
984
1363
1503
1250
1203
1174
1636
1152
1176
1187
1120
1225
1250
1237
1413
1306
1469
1238
1201
1282
1523
1201
1297
1265
1609
1172
1268
1258
1119
1333
1234
1354
1439
1409
1436
1303
1473
1324
1385
1194
1281
1250
1495
1183
1122
1198
994
1295
1142
1307
1340
1343
1374
1302
1390
1316
1192
1216
1189
1253
1358
1193
1086
1266
1326
1282
1102
1364
1314
1388
1005
1307
1426
1306
1171
1204
1156
1241
1118
1174
991
1149
1192
1287
990
1350
1236
1375
992
1301
1360
1331
1087
1254
1120
1275
1125
1207
1024
1248
1245
1296
1095
1336
1272
1333
927
1276
1427
1265
1139
1179
1511
1225
1102
1174
1019
1191
1302
1294
1258
1370
1402
1437
1124
1338
1618
1265
1350
1230
1656
1254
1270
1196
1063
1268
1152
1288
1263
1330
1341
1318
1083
1377
1537
1221
1195
1191
1647
1197
1154
1188
1124
1231
1150
1317
1343
1366
1382
1301
1038
1333
1528
1212
1160
1153
1614
1216
1156
1202
983
1273
1079
1302
1271
1361
1277
1341
1006
1314
1201
1179
1018
1265
1321
1189
915
1185
820
1278
864
1311
1153
1354
1171
1252
1212
1296
1164
1155
1075
1219
1371
1140
1087
1159
978
1281
1159
1289
1381
1334
1452
1233
1533
1316
1350
1229
1362
1287
1614
1245
1229
1196
1508
1280
1283
1319
1470
1328
1086
1182
1485
1256
1277
1190
1256
1211
1254
1172
1088
1152
1378
1263
1112
1364
1339
1392
1073
1345
1470
1357
1113
1228
1232
1313
1162
1226
1035
1291
1305
1333
1088
1379
1273
1367
968
1301
1452
1289
1097
1153
1504
1233
1120
1206
984
1247
1219
1280
1107
1368
1203
1384
890
1310
1387
1266
1100
1239
1466
1295
1055
1194
1013
1295
1080
1362
1210
1381
1301
1273
1038
1330
1433
1277
1148
1219
1625
1213
1124
1173
1067
1257
1156
1292
1337
1369
1392
1260
1053
1300
1589
1184
1241
1117
1700
1195
1231
1136
1116
1250
1245
1253
1395
1307
1428
1334
1204
1247
1608
1241
1719
1216
1442
1153
1170
1229
1054
1225
930
1302
850
1347
1353
1344
1404
1312
1455
1271
1355
1231
1315
1252
1240
1279
996
1314
857
1278
876
1310
917
1303
1413
1334
1552
1299
1587
1273
1530
1246
1274
1261
1174
1284
1117
1280
871
1270
965
1219
1081
1211
1116
1217
1581
1223
1545
1230
1423
1222
1151
1282
1052
1308
992
1280
958
1232
1103
1265
1162
1227
1233
1198
1584
1322
1529
1356
1385
1334
1268
1369
1089
1348
1106
1332
1231
1272
1224
1201
1216
1199
1152
1170
1106
1291
1401
1333
1325
1342
1298
1323
1225
1258
1277
1235
1395
1215
1279
1142
1224
1219
1066
1224
950
1227
1278
1349
1328
1290
1378
1312
1463
1259
1396
1242
1430
1244
1359
1260
1106
1244
1030
1318
960
1280
905
1328
1460
1267
1566
1280
1602
1255
1404
1248
1354
1282
1232
1316
945
1279
887
1349
896
1311
935
1251
1490
1303
1563
1277
1541
1273
1445
1258
1175
1286
1040
1295
988
1250
895
1256
936
1167
1026
1152
1157
1223
1553
1254
1464
1280
1349
1321
1114
1302
1093
1298
1166
1280
1119
1196
1240
1130
1332
1210
1246
1193
1586
1288
1479
1311
1346
1338
1266
1308
1139
1262
1238
1221
1330
1226
1260
1204
1198
1205
1101
1207
1034
1334
1341
1346
1312
1328
1342
1306
1281
1238
1371
1226
1426
1208
1248
1241
1058
1209
1039
1276
897
1312
1311
1350
1410
1332
1500
1345
1568
1288
1438
1295
1390
1321
1271
1357
1055
1311
890
1329
847
1280
917
1335
1461
1308
1540
1298
1529
1293
1341
1277
1205
1317
1064
1337
837
1342
786
1246
886
1231
979
1228
1442
1243
1531
1276
1488
1298
1365
1291
1119
1298
1055
1281
1080
1229
1020
1228
1154
1114
1245
1151
1284
1205
1620
1261
1506
1287
1384
1303
1186
1279
1183
1242
1290
1213
1233
1124
1353
1127
1291
1134
1253
1154
1469
1291
1394
1328
1311
1321
1295
1279
1210
1223
1302
1196
1372
1167
1150
1129
1081
1201
930
1209
782
1307
1209
1318
1199
1295
1327
1242
1353
1181
1367
1176
1368
1182
1149
1128
1001
1170
932
1232
807
1176
1157
1254
1341
1243
1423
1226
1434
1215
1254
1211
1154
1254
1008
1238
703
1244
644
1202
748
1188
840
1201
1407
1200
1467
1179
1399
1213
1202
1246
985
1321
903
1378
767
1407
891
1362
1106
1388
1286
1299
1639
1391
1843
1385
1733
1383
1538
1422
1249
1434
1242
1433
1329
1425
1305
1417
1536
1396
1658
1353
1603
1286
1869
1315
1618
1320
1364
1330
1174
1355
1005
1427
1092
1473
1131
1451
1215
1421
1252
1311
1241
1248
1090
1197
1285
1132
1112
1119
1036
1168
937
1223
1046
1330
1195
1424
1126
1435
1165
1288
1076
1196
1053
1040
1374
1038
1367
999
1406
1051
1472
1153
1430
1275
1545
1395
1593
1379
1422
1372
1338
1144
1274
1001
1246
928
1600
887
1531
949
1453
1108
1259
1278
1228
1447
1284
1529
1119
1440
1135
1273
1171
1076
1217
916
1537
943
1452
982
1266
1139
1100
1267
836
1439
846
1538
949
1492
948
1433
1141
1327
1154
1170
1061
1119
1316
1134
1092
1171
888
1314
681
1419
707
1528
896
1566
977
1461
1194
1340
1235
1202
1181
1082
1259
1104
1165
1127
987
1212
964
1335
930
1450
1173
1580
1446
1511
1436
1543
1500
1398
1334
1221
1128
1076
1283
1059
1159
1077
1151
1186
1258
1311
1363
1445
1617
1553
1708
1547
1614
1425
1506
1250
1344
1124
1088
1076
1391
1076
1354
1170
1391
1335
1384
1473
1548
1592
1666
1599
1504
1463
1396
1243
1398
1092
1187
970
1480
1002
1387
1098
1296
1254
1263
1451
1158
1584
1271
1641
1374
1506
1319
1339
1303
1183
1177
973
1053
1006
1352
1066
1162
1126
1031
1335
873
1429
949
1493
1149
1468
1214
1273
1350
1170
1414
1087
1271
984
1445
1085
1260
1163
1119
1277
1084
1384
1046
1447
1284
1466
1556
1407
1601
1291
1632
1160
1469
1024
1273
1016
1438
1078
1214
1149
1146
1283
1101
1389
1182
1446
1382
1525
1400
1508
1324
1369
1240
1157
1103
1096
885
1075
1205
1065
1126
1176
1107
1319
1031
1418
1152
1518
1278
1532
1156
1433
1202
1329
1171
1166
1013
1053
1347
1114
1275
1188
1199
1314
1157
1435
1019
1547
1107
1581
1210
1462
1206
1345
1258
1158
1279
1084
1200
1033
1442
1112
1273
1227
1138
1387
980
1489
1034
1574
1231
1562
1342
1479
1541
1255
1609
1126
1533
1016
1529
1088
1456
1133
1224
1227
1051
1333
1028
1402
1246
1451
1547
1466
1648
1371
1694
1263
1561
1132
1326
1091
1418
1181
1166
1200
1028
1293
1029
1338
1124
1382
1438
1392
1683
1312
1607
1256
1441
1061
1223
1013
940
1011
1087
1042
975
1121
996
1250
1002
1363
1214
1466
1429
1484
1349
1414
1292
1267
1155
1101
885
1001
1074
1031
1049
1102
1024
1219
1092
1344
1084
1448
1259
1484
1397
1407
1351
1283
1304
1135
1158
988
1038
1005
1227
1120
1169
1250
1093
1399
1084
1493
1134
1563
1273
1538
1485
1430
1437
1260
1441
1128
1296
1085
986
1149
1229
1243
1028
1376
977
1507
946
1578
1212
1584
1522
1549
1594
1394
1640
1259
1477
1147
1198
1085
1198
1204
973
1249
855
1341
927
1417
1029
1461
1393
1461
1700
1373
1641
1309
1571
1185
1280
1105
923
1029
1010
1152
898
1260
948
1364
1147
1489
1408
1506
1763
1481
1942
1328
1752
1180
1486
1040
1130
901
876
1008
1100
1099
1094
1241
1253
1398
1397
1473
1686
1516
1973
1437
1837
1271
1672
1103
1344
930
1048
884
1166
1003
1088
1137
1097
1284
1202
1375
1270
1444
1498
1398
1655
1293
1459
1171
1352
1057
1087
1002
786
1004
942
1184
823
1362
856
1438
991
1471
1215
1441
1451
1357
1559
1212
1426
1045
1172
974
822
935
569
1102
756
1216
731
1339
876
1443
1033
1467
1357
1458
1627
1378
1482
1297
1320
1206
928
1087
645
1102
752
1209
745
1301
862
1391
1132
1464
1328
1493
1650
1467
1772
1360
1536
1260
1232
1131
865
1051
614
1100
917
1270
991
1388
1269
1482
1531
1523
1706
1525
1863
1427
1835
1226
1452
1065
1112
982
766
909
586
1080
985
1217
1103
1364
1343
1480
1503
1510
1727
1467
1818
1356
1606
1181
1385
1034
1059
1009
853
1029
939
1228
1088
1353
1222
1468
1451
1505
1578
1463
1784
1362
1844
1231
1539
1077
1275
1008
1028
1046
678
1108
1010
1280
1005
1382
1177
1439
1430
1431
1573
1363
1777
1269
1789
1109
1437
1059
1073
994
762
1064
506
1177
813
1296
957
1356
1229
1481
1461
1487
1657
1468
1763
1386
1603
1215
1192
1150
860
1108
584
1068
524
1229
985
1340
1197
1416
1470
1468
1540
1454
1635
1397
1576
1268
1191
1141
907
1045
673
1004
508
1060
892
1237
1112
1369
1258
1472
1477
1511
1457
1446
1501
1343
1423
1191
1132
1042
873
952
783
984
677
1102
1158
1330
1287
1442
1470
1527
1661
1515
1685
1459
1785
1341
1736
1209
1437
1083
1191
1046
962
1065
842
1227
1242
1325
1350
1394
1522
1440
1601
1401
1743
1335
1790
1246
1541
1110
1272
1037
966
1092
688
1073
733
1271
973
1359
1195
1483
1432
1544
1507
1518
1611
1448
1574
1332
1193
1205
897
1101
555
1044
425
1092
802
1281
1017
1407
1301
1513
1584
1553
1594
1506
1598
1383
1446
1218
1036
973
780
1001
557
977
538
1027
1058
1250
1273
1382
1544
1466
1706
1436
1700
1353
1602
1186
1438
1026
1057
966
789
918
709
1052
730
1205
1256
1427
1472
1538
1698
1577
1780
1488
1785
1362
1734
1208
1495
1071
1201
944
985
990
832
1077
823
1334
1338
1430
1564
1532
1812
1551
1801
1468
1840
1369
1731
1226
1331
1068
962
1079
720
1058
537
1176
950
1327
1223
1479
1476
1589
1687
1620
1650
1546
1598
1414
1382
1259
885
1090
605
1073
449
1135
373
1192
977
1439
1277
1593
1550
1670
1727
1624
1601
1499
1466
1298
1235
1114
782
935
553
953
561
1023
599
1260
1267
1446
1518
1578
1743
1616
1800
1525
1674
1347
1540
1158
1329
979
979
909
794
943
771
1060
928
1328
1507
1494
1710
1579
1889
1549
1832
1374
1760
1214
1632
1052
1323
885
1099
884
954
1043
957
1124
1111
1394
1580
1532
1769
1577
1910
1527
1803
1362
1716
1193
1497
1087
1090
915
788
940
608
965
652
1146
1166
1358
1468
1504
1693
1561
1817
1504
1644
1359
1479
1214
1170
1029
678
936
505
960
417
1072
458
1219
1133
1469
1418
1594
1622
1613
1682
1496
1418
1311
1183
1141
887
987
423
956
350
1008
364
1147
579
1362
1229
1620
1502
1712
1681
1673
1680
1493
1435
1276
1198
1096
949
961
544
956
508
1027
603
1233
824
1507
1541
1611
1789
1624
1949
1519
1888
1331
1705
1153
1482
1032
1249
981
863
1033
785
1093
916
1307
1101
1513
1761
1589
1994
1588
2114
1482
1942
1313
1717
1169
1433
1057
1046
1013
765
1068
750
1139
885
1342
1427
1545
1810
1639
1997
1628
2034
1523
1736
1336
1462
1161
1161
1035
761
961
599
1009
630
1106
862
1320
1481
1540
1766
1621
1879
1587
1810
1422
1434
1200
1133
1019
847
922
535
874
486
938
588
1125
816
1357
1455
1565
1670
1596
1721
1488
1622
1282
1232
1064
1008
941
796
912
529
918
525
1048
763
1282
895
1479
1584
1599
1743
1619
1786
1490
1689
1286
1351
1113
1065
1020
919
996
649
1080
716
1215
906
1405
1154
1572
1808
1642
1987
1581
2035
1476
1875
1284
1511
1179
1203
1044
976
1042
760
1095
731
1189
964
1406
1303
1600
1947
1639
2085
1583
2036
1449
1724
1236
1287
1075
980
955
782
979
585
1018
765
1249
989
1409
1305
1598
1909
1661
1964
1561
1790
1397
1378
1147
997
986
796
906
529
895
558
1025
744
1234
1051
1422
1514
1588
1811
1562
1779
1461
1589
1234
1175
1042
932
931
755
919
571
940
637
1186
884
1361
1096
1505
1717
1617
1818
1559
1777
1384
1598
1215
1264
995
1008
950
902
960
746
1029
844
1216
1085
1390
1286
1543
1899
1669
1923
1578
1874
1450
1649
1283
1240
1099
1024
1011
908
1021
783
1105
863
1219
1137
1450
1340
1599
1945
1668
1935
1588
1840
1430
1528
1233
1104
1008
889
953
790
984
724
1054
896
1329
1141
1514
1359
1632
1886
1646
1884
1530
1662
1329
1397
1113
999
928
858
882
851
980
761
1137
1021
1378
1199
1539
1388
1655
1805
1610
1690
1454
1485
1255
1238
1057
907
931
814
921
844
1006
803
1221
984
1415
1146
1509
1300
1626
1623
1550
1634
1408
1465
1211
1258
1071
961
985
899
995
935
1122
904
1263
1135
1461
1326
1552
1464
1657
1825
1590
1799
1447
1603
1246
1394
1069
1070
970
997
983
1051
1079
1055
1240
1198
1402
1442
1570
1577
1635
1839
1574
1731
1401
1518
1186
1289
1004
977
914
946
959
1040
1090
1067
1278
1213
1471
1365
1577
1424
1632
1621
1470
1519
1269
1294
1059
1091
845
857
866
885
973
985
1093
1010
1306
1220
1541
1294
1561
1457
1553
1522
1383
1388
1181
1205
994
1072
877
886
883
915
1010
1004
1189
1055
1364
1132
1490
1188
1536
1465
1531
1489
1356
1375
1205
1202
1041
1096
946
869
943
928
1030
943
1219
1027
1388
1141
1551
1204
1545
1531
1569
1495
1423
1432
1242
1277
1091
1182
1010
936
1002
990
1137
1030
1295
1140
1496
1281
1670
1357
1631
1699
1582
1644
1406
1476
1190
1312
1028
1187
943
1002
972
1075
1155
1135
1375
1161
1532
1334
1633
1391
1588
1665
1502
1467
1310
1390
1107
1282
993
1196
939
1065
1055
1161
1205
1184
1428
1244
1576
1338
1557
1369
1540
1651
1407
1480
1212
1408
1044
1315
963
1254
939
1117
1018
1194
1175
1252
1328
1236
1505
1288
1514
1292
1482
1601
1345
1398
1216
1334
1054
1223
941
1166
912
1012
997
1097
1165
1177
1312
1163
1550
1194
1564
1197
1533
1494
1384
1312
1211
1200
1025
1133
907
1104
910
1001
1014
1112
1258
1178
1385
1280
1574
1313
1647
1249
1508
1433
1378
1299
1171
1218
1013
1121
952
1109
1000
1007
1155
1133
1395
1196
1601
1273
1665
1353
1698
1278
1487
1355
1334
1278
1133
1221
1003
1154
960
1095
1016
1055
1143
1172
1344
1223
1515
1284
1528
1313
1575
1223
1392
1281
1284
1258
1132
1249
1029
1162
982
1176
1023
1118
1126
1247
1319
1350
1473
1362
1516
1407
1569
1304
1386
1314
1287
1273
1130
1265
1008
1232
947
1257
1016
1228
1146
1344
1358
1476
1486
1346
1588
1419
1517
1288
1397
1289
1241
1265
1043
1178
912
1217
896
1268
987
1213
1144
1322
1383
1423
1528
1334
1599
1226
1488
1125
1356
1041
1162
1126
1000
1166
912
1257
949
1265
1100
1258
1273
1338
1495
1433
1623
1275
1652
1223
1523
1140
1382
1314
1172
1153
1055
1163
999
1206
1049
1248
1139
1259
1332
1289
1510
1359
1620
1255
1643
1171
1508
1025
1298
1173
1162
1015
1009
1072
936
1136
950
1194
1075
1268
1232
1246
1430
1388
1553
1218
1622
1225
1511
1047
1297
1100
1188
1123
1004
1158
924
1248
967
1367
1083
1483
1292
1467
1522
1565
1658
1386
1642
1303
1550
1175
1326
1150
1107
1183
966
1241
925
1366
983
1457
1162
1542
1369
1465
1557
1491
1684
1284
1627
1178
1487
1073
1243
1122
1061
1110
951
1235
931
1285
1036
1407
1201
1461
1400
1425
1595
1405
1624
1261
1510
1128
1447
1055
1205
1187
1058
1142
975
1147
978
1280
1056
1344
1209
1449
1402
1393
1557
1481
1644
1314
1635
1205
1461
1122
1296
1007
1118
1094
985
1172
960
1284
1045
1357
1185
1454
1396
1409
1543
1346
1635
1296
1563
1106
1387
937
1168
1020
974
992
869
1065
851
1277
995
1335
1187
1417
1423
1365
1585
1312
1663
1271
1578
1028
1405
993
1154
876
988
983
914
1213
923
1338
1058
1439
1265
1481
1458
1487
1588
1344
1612
1311
1485
1040
1299
1035
1130
1055
961
1134
905
1229
937
1409
1075
1462
1260
1495
1436
1502
1572
1356
1594
1315
1529
1035
1314
986
1215
915
1023
1067
985
1195
1015
1348
1118
1501
1334
1568
1522
1598
1650
1437
1674
1379
1603
1115
1405
1017
1239
1065
1072
1096
984
1222
1016
1350
1147
1521
1347
1572
1564
1553
1678
1384
1683
1234
1584
988
1378
916
1169
921
1004
960
948
1144
995
1305
1141
1426
1337
1429
1505
1392
1605
1273
1566
1125
1450
1075
1221
931
1070
982
954
1061
897
1216
972
1329
1102
1426
1298
1443
1452
1420
1536
1372
1512
1200
1410
1211
1252
1181
1082
1113
943
1154
960
1267
999
1363
1124
1394
1298
1456
1446
1421
1555
1410
1519
1297
1448
1257
1356
1064
1164
1078
1062
1233
993
1167
1023
1351
1167
1413
1312
1397
1484
1388
1573
1291
1568
1174
1445
1117
1306
1027
1113
1098
989
1168
982
1236
1016
1278
1134
1302
1310
1303
1454
1212
1532
1178
1520
1112
1418
1064
1274
1005
1144
1081
1034
1088
994
1189
1097
1141
1216
1153
1362
1139
1472
1153
1553
1153
1544
1169
1449
1157
1369
1238
1182
1231
1111
1187
1028
1194
1099
1151
1182
1171
1300
1220
1381
1306
1450
1347
1460
1444
1388
1406
1261
1436
1146
1300
1035
1246
1012
1172
1016
1152
1099
1179
1226
1265
1340
1371
1432
1397
1460
1483
1425
1473
1287
1432
1209
1266
1115
1198
1071
1181
1086
1136
1172
1298
1293
1201
1402
1297
1468
1308
1467
1359
1393
1378
1330
1346
1205
1330
1118
1232
1078
1116
1096
993
1143
954
1248
975
1332
1033
1389
1183
1417
1312
1404
1369
1322
1376
1258
1297
1175
1122
1152
931
1137
827
1193
815
1243
803
1329
1022
1405
1222
1438
1382
1434
1452
1390
1445
1302
1317
1210
1135
1154
978
1123
881
1149
912
1190
998
1281
1150
1347
1304
1412
1440
1385
1529
1350
1494
1263
1382
1165
1311
1095
1081
1091
1008
1106
954
1172
1074
1252
1265
1317
1360
1367
1528
1379
1603
1364
1592
1283
1512
1242
1427
1210
1230
1161
1061
1171
1055
1217
1058
1275
1223
1340
1376
1388
1541
1434
1679
1381
1682
1339
1631
1297
1471
1192
1273
1145
1054
1135
936
1149
947
1189
1022
1268
1280
1323
1460
1357
1624
1375
1614
1350
1490
1290
1258
1220
1021
1178
785
1155
688
1191
749
1237
877
1308
1117
1383
1338
1406
1409
1417
1435
1358
1329
1301
1101
1228
925
1174
781
1147
708
1145
766
1179
895
1214
1157
1275
1242
1299
1423
1305
1482
1288
1419
1244
1235
1213
1130
1162
967
1123
907
1131
881
1163
1011
1207
1231
1251
1460
1287
1657
1323
1714
1302
1690
1285
1526
1272
1322
1219
1095
1181
1008
1171
983
1196
1143
1199
1377
1259
1611
1321
1775
1375
1807
1371
1714
1372
1468
1347
1230
1298
1022
1253
863
1231
962
1199
1123
1220
1289
1272
1501
1295
1597
1329
1617
1355
1515
1355
1331
1327
1057
1340
904
1281
875
1239
889
1244
972
1237
1127
1248
1260
1284
1393
1340
1413
1384
1338
1409
1155
1417
1035
1386
894
1316
805
1255
807
1216
893
1191
978
1183
1201
1225
1340
1262
1408
1340
1358
1387
1275
1388
1139
1357
990
1282
911
1221
898
1165
1094
1127
1170
1081
1463
1148
1609
1208
1665
1261
1634
1314
1451
1345
1282
1341
1107
1291
1039
1226
1092
1166
1215
1128
1372
1115
1627
1075
1734
1162
1712
1239
1563
1334
1428
1355
1217
1377
1136
1343
1116
1285
1174
1206
1308
1161
1405
1126
1508
1131
1482
1201
1519
1263
1390
1353
1262
1414
1130
1467
1043
1423
1021
1310
1059
1269
1115
1181
1231
1132
1347
1084
1392
1214
1322
1256
1272
1360
1182
1436
1016
1455
931
1448
853
1371
923
1263
1052
1172
1115
1136
1323
1089
1392
1158
1367
1264
1279
1371
1120
1456
975
1492
845
1468
853
1401
976
1300
1011
1166
1294
1157
1402
1085
1445
1120
1377
1188
1259
1286
1141
1393
985
1450
950
1460
1024
1405
1100
1320
1315
1203
1516
1090
1610
1057
1637
1062
1537
1147
1433
1270
1300
1410
1191
1489
1182
1494
1098
1447
1287
1325
1415
1173
1498
1055
1626
993
1615
1012
1566
1129
1428
1238
1314
1382
1194
1486
1050
1527
1099
1448
1180
1329
1259
1223
1405
1098
1502
1066
1562
1062
1498
1150
1405
1248
1265
1403
1058
1503
910
1506
881
1444
936
1342
1060
1207
1210
1090
1364
1027
1455
1040
1357
1110
1258
1214
1056
1350
828
1485
731
1540
761
1507
866
1411
998
1270
1178
1165
1310
1070
1387
1088
1364
1124
1292
1230
1161
1392
1022
1469
989
1542
962
1521
998
1420
1110
1282
1245
1158
1358
1071
1490
1052
1573
1099
1623
1203
1543
1329
1435
1447
1286
1535
1160
1490
1074
1399
1165
1287
1271
1170
1454
1079
1663
1037
1709
1113
1757
1190
1632
1306
1455
1407
1237
1486
1038
1472
943
1423
956
1305
1127
1193
1318
1111
1527
1094
1643
1071
1665
1144
1521
1256
1322
1353
1128
1422
922
1444
851
1396
876
1288
909
1190
1168
1104
1361
1035
1458
1028
1526
1111
1477
1226
1397
1361
1161
1453
1022
1489
867
1462
762
1366
864
1244
968
1147
1134
1018
1330
1093
1499
1158
1581
1253
1498
1369
1349
1428
1161
1463
903
1421
724
1393
734
1234
903
1165
1092
1116
1397
1112
1667
1148
1786
1226
1758
1317
1561
1389
1240
1425
923
1422
888
1357
807
1283
925
1209
1186
1159
1467
1145
1748
1113
1854
1202
1807
1272
1640
1338
1332
1389
1119
1394
904
1369
845
1293
871
1217
1021
1162
1259
1135
1468
1129
1690
1170
1738
1236
1686
1330
1460
1343
1193
1360
914
1345
701
1295
652
1234
745
1184
953
1150
1275
1163
1616
1191
1753
1251
1768
1292
1589
1335
1267
1360
884
1361
657
1327
573
1302
677
1267
944
1266
1285
1248
1638
1309
1856
1280
1802
1318
1667
1311
1329
1309
1014
1319
757
1318
642
1312
735
1281
1015
1237
1284
1269
1530
1206
1739
1193
1811
1206
1688
1232
1478
1273
1201
1326
948
1350
745
1376
794
1333
934
1296
1169
1250
1398
1216
1651
1189
1810
1169
1794
1193
1636
1226
1330
1273
1058
1299
874
1339
759
1332
789
1303
1098
1260
1292
1231
1569
1195
1763
1145
1795
1163
1593
1187
1358
1198
1060
1238
763
1300
710
1297
740
1306
949
1283
1239
1254
1494
1186
1651
1177
1652
1167
1500
1196
1264
1241
1077
1290
908
1367
838
1436
914
1442
1030
1409
1207
1347
1364
1291
1462
1211
1516
1168
1440
1166
1338
1228
1253
1244
1098
1312
1027
1389
982
1359
1039
1391
1049
1343
1188
1268
1327
1205
1405
1116
1513
1169
1415
1138
1339
1190
1203
1261
1101
1333
1009
1384
987
1392
1044
1351
1164
1308
1232
1256
1358
1155
1438
1099
1413
1099
1323
1127
1253
1192
1206
1289
1178
1358
1182
1398
1209
1424
1299
1357
1200
1303
1296
1199
1310
1125
1304
1090
1324
1115
1382
1164
1393
1269
1392
1359
1391
1418
1226
1461
1181
1409
1155
1336
1099
1256
1112
1158
1181
1119
1297
1117
1404
1180
1455
1255
1471
1347
1378
1427
1269
1456
1097
1460
971
1427
963
1348
979
1250
1138
1181
1259
1158
1390
1155
1471
1201
1436
1279
1355
1369
1252
1436
1138
1469
1078
1454
998
1383
1013
1302
1145
1189
1196
1110
1295
1100
1333
1146
1492
1190
1440
1289
1370
1387
1268
1440
1129
1427
982
1384
891
1265
904
1155
1013
1055
1280
999
1455
1024
1618
1082
1672
1202
1528
1331
1359
1425
1099
1478
895
1461
786
1389
843
1259
1017
1183
1335
1087
1606
1054
1783
1102
1797
1175
1629
1299
1321
1411
1146
1475
953
1489
926
1435
1060
1341
1152
1280
1444
1138
1666
1082
1806
1090
1778
1137
1702
1239
1461
1375
1230
1473
1062
1523
993
1488
956
1420
1031
1285
1190
1148
1369
1060
1464
1027
1613
1047
1583
1146
1403
1297
1188
1411
980
1491
800
1507
725
1447
795
1281
969
1185
1221
1065
1452
1012
1575
1014
1592
1071
1478
1199
1134
1328
923
1431
710
1458
652
1405
746
1341
994
1205
1221
1098
1510
1021
1630
1017
1799
1047
1465
1147
1174
1282
932
1369
804
1494
743
1516
838
1477
1017
1383
1333
1264
1523
1186
1618
1129
1644
1138
1569
1189
1390
1269
1214
1384
1075
1474
1014
1506
1044
1488
1109
1387
1313
1305
1495
1209
1646
1133
1716
1103
1705
1116
1591
1200
1398
1291
1175
1377
1020
1446
849
1466
925
1402
1150
1316
1404
1219
1617
1136
1749
1085
1805
1083
1605
1134
1358
1196
1086
1282
842
1383
856
1404
863
1415
1042
1386
1266
1290
1470
1246
1595
1187
1557
1146
1422
1133
1256
1146
1142
1208
917
1298
883
1350
888
1417
965
1412
1079
1371
1172
1308
1344
1235
1412
1159
1432
1120
1363
1130
1307
1166
1147
1236
1038
1316
944
1400
871
1437
921
1453
1085
1421
1276
1383
1504
1279
1576
1203
1627
1170
1506
1181
1367
1227
1183
1294
981
1354
923
1432
887
1476
1154
1448
1348
1390
1593
1306
1724
1206
1748
1119
1704
1094
1507
1098
1308
1144
1152
1215
1078
1314
1024
1379
1122
1379
1268
1350
1433
1287
1478
1181
1542
1096
1502
1025
1455
1024
1313
1062
1320
1101
1132
1233
1045
1344
1003
1431
1024
1449
1116
1397
1180
1317
1351
1217
1436
1122
1464
1084
1295
1123
1314
1152
1130
1279
995
1381
890
1463
880
1488
977
1449
1124
1380
1220
1271
1397
1159
1495
1094
1438
1144
1331
1138
1174
1235
1102
1358
1030
1447
1006
1495
1066
1504
1105
1458
1202
1370
1305
1242
1321
1147
1375
1104
1383
1122
1417
1189
1411
1285
1345
1397
1227
1475
1120
1489
1076
1458
972
1383
1162
1278
1226
1170
1379
1100
1524
1084
1574
1096
1550
1180
1452
1284
1300
1353
1139
1397
974
1404
1001
1338
1043
1252
1181
1175
1338
1109
1468
1073
1533
1077
1492
1130
1416
1218
1308
1285
1238
1345
1021
1421
1035
1365
1038
1315
1081
1239
1159
1160
1286
1107
1348
1092
1407
1118
1438
1177
1450
1250
1247
1350
1189
1393
1065
1418
965
1400
937
1350
931
1287
1082
1223
1230
1169
1382
1154
1552
1166
1489
1226
1435
1300
1260
1354
1075
1397
898
1434
885
1418
967
1382
1066
1316
1279
1258
1475
1219
1561
1180
1559
1196
1454
1268
1300
1307
1150
1354
1052
1396
1047
1409
1080
1381
1190
1326
1323
1267
1407
1193
1486
1140
1513
1140
1471
1135
1371
1176
1274
1237
1181
1289
1162
1314
1137
1320
1150
1297
1174
1238
1226
1161
1354
1070
1456
1060
1464
1045
1410
1094
1349
1154
1243
1258
1145
1376
1020
1428
979
1450
1054
1412
1188
1322
1308
1270
1417
1187
1443
1134
1388
1131
1250
1182
1075
1250
970
1357
980
1453
964
1497
1071
1476
1202
1381
1326
1342
1365
1239
1389
1143
1328
1107
1221
1117
1116
1196
1068
1275
1066
1390
1114
1457
1199
1488
1272
1444
1361
1358
1414
1247
1411
1134
1415
1072
1386
1062
1327
1110
1264
1194
1214
1315
1202
1409
1182
1473
1239
1465
1317
1410
1385
1323
1446
1196
1406
1110
1433
1059
1361
1077
1261
1130
1174
1230
1052
1346
1083
1409
1137
1424
1241
1393
1344
1321
1425
1217
1461
1124
1392
1076
1322
1039
1211
1111
1097
1184
1080
1279
1094
1364
1162
1406
1228
1404
1325
1362
1412
1296
1350
1250
1338
1169
1269
1158
1214
1171
1174
1217
1170
1276
1125
1369
1102
1396
1094
1410
1117
1396
1130
1348
1198
1287
1216
1230
1277
1197
1304
1191
1381
1156
1299
1240
1188
1291
1109
1345
1056
1376
1045
1375
1149
1367
1204
1317
1317
1272
1388
1227
1500
1215
1389
1214
1375
1215
1332
1250
1259
1288
1212
1317
1162
1334
1187
1352
1192
1349
1224
1317
1275
1273
1295
1250
1279
1226
1308
1174
1296
1171
1292
1177
1177
1198
1221
1222
1155
1240
1142
1269
1136
1292
1182
1270
1192
1250
1231
1178
1352
1173
1388
1134
1468
1115
1462
1137
1397
1175
1321
1229
1247
1297
1183
1338
1169
1350
1210
1317
1276
1274
1337
1212
1389
1165
1389
1144
1444
1176
1398
1194
1358
1303
1344
1339
1176
1396
1148
1428
1057
1391
1072
1354
1109
1308
1148
1256
1266
1196
1280
1173
1351
1192
1387
1248
1343
1316
1325
1400
1175
1456
1052
1455
981
1425
918
1369
956
1297
1103
1224
1227
1192
1335
1197
1390
1230
1392
1303
1314
1393
1206
1452
1066
1485
1051
1421
1027
1350
995
1249
1088
1172
1195
1113
1278
1115
1332
1159
1386
1222
1395
1309
1353
1378
1227
1430
1283
1429
1192
1273
1180
1260
1180
1180
1205
1114
1293
1084
1377
1114
1507
1159
1542
1223
1628
1294
1548
1325
1463
1351
1340
1324
1280
1274
1204
1212
1254
1144
1315
1111
1376
1117
1471
1124
1572
1191
1530
1276
1489
1330
1401
1360
1321
1356
1234
1330
1213
1248
1199
1228
1204
1182
1257
1175
1357
1172
1208
1240
1217
1280
1212
1323
1165
1365
1105
1404
1128
1367
1086
1342
1081
1294
1085
1255
1035
1235
1117
1239
1056
1268
1061
1282
1073
1317
1070
1343
1053
1354
1135
1347
1147
1342
1135
1318
1145
1302
1179
1279
1185
1281
1192
1289
1179
1297
1239
1303
1185
1313
1203
1328
1195
1325
1340
1335
1237
1333
1287
1311
1336
1276
1381
1263
1422
1245
1402
1234
1377
1229
1302
1248
1240
1262
1059
1265
1240
1268
1311
1267
1387
1253
1537
1232
1556
1205
1549
1192
1487
1181
1428
1177
1303
1169
1294
1181
1256
1190
1213
1186
1254
1208
1321
1209
1390
1248
1435
1226
1463
1221
1541
1182
1337
1223
1327
1176
1255
1185
1138
1203
1037
1217
1036
1255
985
1298
1006
1327
1096
1323
1186
1317
1282
1286
1310
1259
1289
1254
1213
1251
1056
1270
906
1305
857
1325
846
1370
927
1409
1129
1420
1230
1396
1366
1367
1443
1335
1433
1307
1284
1284
1218
1297
1102
1326
997
1347
959
1365
1071
1370
1075
1413
1190
1377
1359
1352
1413
1318
1482
1266
1535
1239
1468
1250
1384
1213
1247
1244
1156
1247
1147
1281
1117
1297
1196
1319
1337
1313
1479
1281
1609
1247
1727
1205
1730
1167
1621
1136
1535
1157
1315
1194
1150
1226
1063
1269
1052
1284
1125
1279
1308
1256
1468
1217
1612
1164
1657
1110
1576
1121
1424
1086
1235
1163
1048
1208
929
1259
851
1293
914
1300
1011
1322
1120
1300
1094
1275
1335
1255
1355
1246
1322
1246
1238
1221
1125
1284
1037
1312
941
1355
901
1376
858
1393
962
1395
1089
1381
1244
1347
1368
1311
1460
1276
1459
1276
1408
1278
1317
1291
1171
1322
1024
1339
1012
1350
1012
1353
1115
1350
1185
1335
1298
1295
1428
1274
1467
1249
1527
1236
1489
1229
1412
1246
1356
1235
1283
1222
1213
1229
1164
1208
1162
1202
1171
1193
1235
1187
1326
1198
1515
1166
1487
1208
1580
1203
1556
1183
1478
1177
1354
1174
1204
1193
1061
1221
969
1246
957
1270
1113
1262
1164
1314
1305
1263
1429
1246
1518
1229
1472
1227
1378
1238
1217
1253
1015
1291
867
1327
923
1313
805
1388
887
1386
1048
1382
1210
1357
1321
1350
1456
1326
1476
1339
1396
1338
1282
1340
1172
1361
1026
1375
884
1392
865
1396
923
1399
1083
1367
1312
1337
1489
1299
1612
1250
1676
1222
1729
1208
1486
1212
1289
1233
1107
1228
1015
1301
967
1300
1013
1283
1271
1256
1477
1210
1652
1163
1720
1136
1774
1121
1631
1132
1455
1153
1284
1188
1123
1208
1060
1233
1097
1242
1158
1216
1303
1197
1390
1178
1544
1139
1552
1147
1557
1152
1427
1195
1347
1213
1182
1241
1091
1333
999
1307
937
1318
1010
1308
1080
1297
1163
1264
1286
1242
1322
1238
1314
1225
1255
1238
1156
1264
1040
1294
976
1334
859
1358
900
1356
942
1322
1049
1313
1139
1290
1231
1266
1229
1265
1209
1291
1143
1335
925
1350
1010
1384
982
1383
988
1384
1007
1320
1084
1307
1166
1282
1236
1262
1300
1267
1313
1268
1356
1276
1326
1279
1317
1277
1247
1262
1196
1244
1167
1235
1150
1228
1173
1204
1295
1229
1399
1233
1523
1234
1538
1242
1601
1219
1581
1220
1449
1217
1332
1220
1194
1195
1116
1228
1154
1231
1235
1229
1359
1217
1533
1220
1625
1225
1610
1232
1557
1197
1423
1254
1206
1259
1076
1262
971
1253
959
1263
963
1246
1076
1229
1260
1252
1367
1277
1473
1306
1504
1313
1477
1320
1343
1321
1235
1301
1119
1306
937
1312
926
1289
947
1299
1086
1303
1314
1322
1460
1332
1594
1312
1654
1332
1595
1325
1373
1325
1188
1325
984
1337
826
1341
772
1327
789
1303
1052
1267
1253
1246
1427
1244
1656
1198
1514
1236
1433
1256
1269
1288
1108
1294
942
1309
864
1302
904
1277
999
1237
1165
1213
1298
1195
1489
1182
1582
1202
1582
1253
1510
1295
1429
1322
1324
1344
1196
1350
1107
1325
1107
1279
1240
1242
1264
1204
1390
1170
1471
1101
1511
1189
1459
1219
1424
1271
1327
1316
1188
1337
1119
1339
1088
1310
1047
1271
1102
1223
1165
1164
1244
1138
1257
1148
1295
1195
1277
1272
1242
1272
1245
1405
1255
1429
1240
1405
1264
1345
1304
1276
1309
1218
1341
1168
1260
1154
1304
1234
1283
1275
1263
1328
1337
1374
1346
1399
1366
1376
1399
1306
1388
1300
1313
1236
1257
1199
1196
1184
1180
1188
1073
1223
1052
1262
1108
1287
1151
1266
1205
1331
1246
1314
1288
1288
1282
1260
1286
1223
1203
1186
1200
1174
1114
1201
1063
1252
1031
1234
1046
1298
1086
1315
1127
1323
1263
1303
1371
1292
1352
1262
1439
1242
1422
1213
1354
1243
1197
1266
1096
1275
1075
1289
1042
1283
1109
1258
1211
1249
1302
1270
1419
1237
1464
1249
1516
1256
1453
1284
1397
1292
1262
1297
1128
1253
1098
1266
947
1286
1040
1231
1166
1220
1253
1239
1342
1277
1388
1289
1438
1309
1430
1318
1341
1302
1268
1265
1190
1240
1110
1233
1047
1234
1048
1228
1127
1260
1191
1287
1272
1315
1355
1325
1396
1331
1408
1327
1429
1290
1351
1282
1233
1267
1153
1257
1120
1250
1110
1260
1147
1285
1173
1312
1205
1303
1283
1334
1356
1324
1348
1304
1326
1257
1315
1229
1271
1204
1215
1193
1097
1222
1164
1257
1124
1297
1133
1363
1291
1270
1148
1300
1261
1251
1296
1208
1359
1157
1363
1162
1333
1192
1339
1219
1303
1272
1318
1314
1360
1342
1294
1343
1346
1306
1351
1264
1324
1224
1302
1183
1291
1185
1271
1213
1259
1243
1284
1274
1447
1308
1291
1357
1350
1353
1338
1304
1263
1321
1124
1296
1150
1256
1124
1245
1078
1242
1105
1269
1218
1271
1271
1332
1276
1364
1334
1399
1342
1375
1319
1347
1267
1337
1217
1295
1149
1208
1112
1257
1008
1289
1053
1303
1100
1325
1187
1354
1282
1366
1287
1348
1396
1320
1404
1279
1376
1244
1280
1213
1146
1202
1168
1215
1047
1223
1054
1246
1075
1273
1144
1264
1239
1250
1377
1215
1461
1192
1475
1170
1423
1173
1326
1184
1277
1156
1153
1196
1113
1213
1061
1232
1118
1243
1216
1251
1303
1239
1480
1218
1481
1231
1592
1248
1515
1202
1408
1213
1264
1224
1117
1259
1048
1285
1033
1323
1053
1337
1164
1323
1297
1297
1432
1271
1434
1249
1402
1236
1389
1239
1252
1270
1113
1300
1053
1344
990
1370
1021
1384
1158
1348
1192
1356
1302
1312
1353
1285
1391
1302
1340
1271
1289
1314
1183
1339
1092
1345
1047
1342
1088
1321
1006
1319
1114
1280
1197
1269
1256
1266
1305
1268
1301
1273
1279
1283
1226
1270
1218
1287
1182
1271
1142
1285
1084
1260
1073
1255
1118
1236
1195
1231
1259
1236
1287
1225
1305
1228
1290
1226
1285
1243
1250
1240
1209
1240
1213
1247
1207
1234
1169
1223
1252
1209
1289
1209
1315
1197
1350
1197
1456
1195
1406
1222
1396
1229
1387
1231
1399
1205
1370
1213
1315
1241
1293
1209
1244
1218
1251
1238
1250
1261
1363
1265
1447
1283
1496
1313
1524
1285
1480
1279
1425
1272
1328
1279
1191
1285
1171
1319
1139
1345
1147
1343
1216
1329
1290
1318
1342
1304
1318
1274
1302
1260
1251
1271
1155
1281
1072
1299
985
1343
945
1343
909
1361
994
1325
1071
1309
1092
1280
1163
1265
1212
1235
1193
1237
1077
1243
1105
1249
1072
1264
1016
1282
1013
1286
1038
1302
1084
1271
1161
1270
1208
1249
1175
1214
1199
1176
1204
1165
1209
1175
1115
1191
1122
1215
1122
1216
1165
1309
1232
1317
1343
1308
1333
1284
1394
1222
1342
1187
1315
1158
1206
1163
1205
1180
1192
1221
1249
1256
1326
1288
1444
1311
1578
1303
1601
1286
1576
1271
1493
1244
1404
1220
1235
1208
1228
1207
1204
1208
1291
1217
1459
1230
1492
1301
1520
1290
1553
1314
1526
1320
1423
1312
1341
1286
1211
1283
1089
1277
1015
1251
1075
1249
997
1286
1045
1317
1084
1342
1129
1365
1174
1377
1184
1363
1147
1350
1073
1330
1029
1317
988
1292
973
1279
961
1283
1024
1279
1085
1289
1131
1293
1158
1294
1173
1294
1163
1277
1173
1274
1136
1268
1158
1260
1221
1236
1250
1233
1293
1227
1271
1204
1254
1211
1195
1218
1150
1227
1180
1235
1097
1240
1193
1237
1271
1234
1359
1225
1385
1217
1381
1216
1384
1230
1325
1237
1242
1259
1246
1267
1176
1290
1204
1261
1278
1225
1372
1190
1455
1176
1510
1174
1516
1205
1473
1270
1416
1279
1397
1313
1268
1334
1238
1321
1206
1295
1271
1262
1283
1233
1331
1225
1331
1252
1344
1272
1228
1322
1321
1349
1143
1385
1113
1385
1071
1398
1045
1394
1066
1353
1109
1326
1162
1293
1279
1267
1219
1277
1248
1244
1221
1261
1169
1280
1098
1296
1103
1330
1079
1340
1117
1317
1219
1284
1273
1254
1401
1223
1433
1174
1383
1208
1355
1191
1201
1223
1127
1262
1114
1294
1089
1298
1151
1298
1306
1221
1228
1249
1347
1231
1385
1226
1364
1243
1324
1273
1279
1307
1235
1337
1206
1301
1188
1314
1083
1310
1173
1241
1250
1207
1330
1205
1423
1212
1421
1223
1441
1251
1437
1240
1410
1292
1311
1281
1275
1300
1164
1278
1178
1251
1202
1253
1246
1248
1258
1268
1345
1276
1359
1303
1346
1326
1288
1348
1159
1385
1201
1378
1105
1353
1090
1365
1061
1340
1090
1311
1100
1286
1159
1259
1202
1244
1229
1242
1172
1276
1212
1296
1194
1294
1174
1298
1135
1286
1115
1248
1085
1217
1118
1213
1117
1206
1184
1189
1308
1197
1331
1212
1342
1212
1364
1203
1358
1215
1295
1227
1216
1224
1189
1245
1104
1264
1126
1257
1034
1305
1254
1263
1287
1248
1374
1230
1401
1226
1383
1252
1328
1258
1273
1291
1245
1302
1216
1316
1194
1330
1199
1322
1268
1299
1317
1247
1346
1258
1323
1263
1371
1249
1357
1255
1358
1255
1343
1265
1317
1256
1278
1262
1233
1266
1236
1267
1160
1267
1164
1274
1187
1282
1160
1272
1205
1273
1217
1260
1226
1268
1206
1260
1174
1258
1170
1271
1099
1278
1061
1283
1061
1285
988
1308
1105
1282
1087
1272
1111
1277
1102
1283
1158
1287
1212
1295
1198
1308
1196
1315
1182
1273
1185
1293
1104
1276
1090
1258
1096
1244
1108
1232
1140
1239
1176
1247
1270
1245
1324
1247
1342
1249
1360
1244
1318
1230
1270
1229
1226
1226
1215
1231
1240
1224
1293
1230
1364
1239
1410
1274
1470
1243
1446
1266
1451
1275
1398
1272
1341
1299
1310
1273
1255
1252
1304
1222
1336
1220
1368
1211
1409
1233
1405
1259
1397
1303
1336
1332
1306
1346
1261
1330
1167
1303
1168
1272
1159
1234
1161
1198
1188
1199
1219
1211
1261
1231
1265
1263
1261
1279
1242
1295
1185
1279
1132
1277
1062
1262
1024
1269
1005
1261
1075
1263
1128
1270
1179
1286
1226
1293
1217
1310
1155
1334
1095
1341
1054
1348
1004
1350
961
1332
1020
1312
1091
1292
1153
1248
1175
1253
1236
1254
1235
1279
1192
1304
1185
1320
1221
1329
1185
1307
1218
1289
1227
1234
1270
1213
1278
1204
1297
1203
1290
1217
1292
1222
1299
1258
1309
1270
1319
1261
1342
1240
1349
1228
1335
1208
1325
1188
1331
1193
1297
1209
1289
1205
1301
1219
1325
1234
1289
1242
1271
1246
1312
1240
1289
1248
1307
1246
1318
1248
1295
1330
1283
1266
1263
1263
1256
1252
1249
1257
1252
1250
1254
1257
1268
1266
1286
1267
1330
1269
1282
1262
1250
1256
1199
1257
1136
1276
1042
1257
1091
1267
1119
1292
1119
1304
1204
1307
1201
1298
1221
1289
1168
1280
1119
1260
1053
1265
964
1272
955
1288
997
1302
1087
1307
1192
1312
1201
1307
1331
1299
1308
1295
1241
1299
1130
1295
1036
1288
981
1286
968
1285
1036
1273
1232
1262
1324
1261
1468
1260
1475
1206
1478
1256
1371
1270
1247
1257
1150
1249
1054
1233
1015
1274
1031
1217
1147
1227
1286
1242
1397
1254
1496
1262
1513
1278
1462
1278
1357
1271
1226
1236
1106
1239
1028
1221
1036
1223
1094
1227
1236
1247
1380
1279
1504
1285
1541
1283
1499
1303
1395
1282
1214
1294
1118
1260
1060
1237
1075
1230
1152
1245
1284
1266
1413
1280
1483
1283
1493
1290
1430
1298
1274
1302
1131
1295
1047
1280
1028
1268
1072
1249
1196
1253
1336
1248
1440
1261
1515
1280
1472
1303
1397
1346
1272
1318
1123
1340
1027
1300
982
1280
1063
1245
1168
1237
1291
1219
1426
1235
1484
1260
1454
1277
1365
1279
1245
1287
1092
1284
949
1263
894
1263
925
1244
1006
1235
1123
1254
1243
1262
1341
1283
1335
1268
1322
1288
1250
1288
1105
1274
1006
1279
938
1247
952
1275
1019
1282
1145
1280
1277
1279
1344
1281
1381
1263
1352
1266
1267
1258
1207
1247
1166
1240
1152
1230
1181
1212
1275
1219
1393
1235
1403
1241
1430
1246
1394
1280
1329
1291
1239
1287
1230
1270
1224
1257
1247
1239
1319
1243
1359
1259
1399
1282
1395
1300
1367
1331
1301
1348
1227
1339
1165
1322
1125
1291
1133
1267
1174
1251
1215
1250
1262
1264
1303
1255
1318
1321
1241
1326
1248
1319
1212
1293
1137
1310
1111
1234
1092
1218
1157
1214
1179
1221
1265
1221
1317
1272
1301
1303
1290
1293
1248
1284
1184
1282
1161
1255
1115
1234
1190
1242
1208
1255
1269
1255
1322
1265
1309
1271
1323
1281
1257
1284
1196
1267
1160
1256
1158
1241
1194
1237
1243
1220
1341
1244
1388
1252
1430
1258
1437
1275
1365
1280
1275
1282
1181
1262
1137
1258
1134
1242
1161
1237
1247
1203
1309
1222
1366
1248
1377
1277
1327
1276
1232
1316
1123
1314
1048
1297
979
1255
1002
1226
1109
1213
1177
1210
1276
1229
1323
1240
1340
1324
1252
1339
1181
1327
1085
1310
986
1272
942
1234
985
1212
1069
1212
1182
1218
1314
1239
1408
1270
1402
1303
1346
1328
1265
1334
1121
1313
1006
1310
926
1297
1003
1259
1076
1275
1248
1272
1383
1278
1556
1273
1525
1291
1437
1331
1298
1303
1133
1297
1037
1286
988
1268
1035
1242
1176
1228
1347
1236
1550
1221
1615
1228
1652
1256
1577
1270
1427
1262
1274
1245
1164
1230
1092
1194
1116
1170
1200
1161
1346
1179
1404
1200
1510
1221
1502
1276
1448
1292
1345
1303
1198
1284
1083
1263
995
1237
1006
1222
1082
1224
1132
1243
1223
1270
1280
1314
1297
1335
1284
1342
1228
1332
1156
1317
1102
1272
1090
1258
1175
1244
1173
1236
1262
1252
1312
1291
1332
1284
1329
1293
1299
1294
1240
1296
1168
1277
1153
1260
1176
1256
1163
1273
1196
1271
1239
1272
1245
1281
1193
1288
1145
1299
1058
1330
991
1301
963
1293
1008
1267
1037
1253
1119
1245
1197
1241
1265
1236
1284
1240
1255
1284
1167
1304
1097
1260
1047
1256
1066
1232
1124
1206
1256
1181
1394
1199
1486
1233
1568
1239
1588
1269
1543
1295
1450
1310
1353
1296
1324
1282
1304
1274
1334
1227
1418
1258
1476
1292
1527
1327
1532
1347
1493
1348
1386
1351
1330
1325
1233
1300
1150
1308
1142
1258
1131
1270
1201
1268
1275
1283
1324
1290
1311
1296
1260
1285
1199
1255
1099
1241
1013
1223
930
1205
967
1209
1023
1225
1102
1243
1191
1239
1251
1277
1242
1291
1216
1300
1118
1295
1031
1282
1004
1274
954
1247
985
1233
1049
1191
1163
1251
1255
1253
1350
1274
1398
1265
1338
1323
1260
1325
1168
1307
1100
1298
1053
1263
1095
1227
1179
1219
1290
1237
1351
1247
1457
1251
1455
1289
1402
1307
1324
1303
1254
1265
1159
1273
1140
1204
1186
1190
1284
1180
1329
1207
1390
1231
1445
1266
1431
1284
1412
1289
1332
1287
1258
1259
1204
1252
1190
1248
1202
1242
1254
1236
1326
1259
1370
1272
1379
1280
1390
1288
1355
1302
1267
1304
1212
1297
1157
1288
1137
1282
1105
1263
1182
1254
1219
1249
1273
1248
1300
1279
1282
1329
1239
1334
1170
1352
1133
1346
1097
1324
1092
1295
1120
1274
1165
1254
1217
1233
1272
1251
1283
1262
1277
1305
1241
1327
1218
1335
1183
1325
1135
1284
1183
1258
1206
1243
1234
1238
1247
1235
1310
1260
1311
1286
1262
1290
1239
1298
1178
1276
1144
1278
1116
1251
1160
1225
1196
1211
1177
1205
1297
1207
1327
1196
1317
1229
1292
1170
1230
1209
1183
1207
1123
1220
1121
1225
1193
1226
1200
1228
1282
1236
1327
1198
1374
1233
1370
1253
1364
1255
1305
1268
1245
1272
1190
1292
1126
1340
1118
1303
1177
1293
1221
1288
1256
1285
1301
1282
1349
1279
1332
1302
1288
1279
1243
1302
1162
1317
1109
1286
1069
1275
1096
1262
1103
1258
1204
1281
1267
1297
1288
1347
1316
1296
1259
1286
1245
1292
1201
1237
1186
1222
1165
1234
1160
1257
1202
1267
1237
1299
1266
1310
1308
1305
1321
1291
1306
1275
1280
1247
1260
1199
1242
1238
1202
1254
1199
1280
1198
1298
1223
1308
1254
1318
1284
1296
1304
1277
1290
1253
1261
1234
1201
1214
1194
1197
1184
1192
1171
1215
1176
1228
1212
1247
1262
1271
1286
1278
1318
1270
1337
1262
1304
1244
1238
1222
1208
1200
1174
1189
1145
1219
1123
1248
1212
1286
1222
1323
1277
1336
1348
1334
1350
1294
1311
1262
1255
1219
1202
1223
1141
1233
1135
1255
1124
1299
1142
1319
1182
1347
1225
1343
1243
1313
1258
1262
1260
1226
1229
1205
1161
1192
1171
1210
1156
1244
1141
1268
1156
1291
1180
1301
1198
1295
1180
1271
1220
1230
1224
1238
1228
1197
1214
1213
1205
1257
1201
1278
1194
1304
1224
1324
1234
1327
1264
1320
1269
1301
1272
1292
1255
1255
1244
1238
1229
1238
1220
1245
1227
1267
1271
1310
1280
1350
1323
1353
1366
1350
1338
1347
1302
1295
1250
1241
1247
1209
1219
1206
1218
1202
1271
1250
1304
1304
1334
1355
1362
1374
1385
1365
1357
1310
1263
1271
1262
1216
1210
1183
1183
1185
1192
1212
1216
1254
1283
1306
1304
1332
1341
1342
1393
1313
1347
1265
1314
1223
1227
1133
1181
1188
1131
1197
1129
1224
1159
1258
1182
1274
1227
1302
1233
1284
1230
1266
1244
1232
1213
1195
1154
1174
1094
1134
1062
1204
1035
1224
1048
1257
1084
1291
1105
1308
1150
1310
1158
1291
1176
1255
1177
1229
1147
1192
1126
1206
1091
1221
1111
1252
1106
1301
1157
1331
1212
1348
1260
1348
1279
1333
1279
1295
1289
1247
1283
1220
1265
1213
1275
1257
1289
1288
1327
1375
1348
1385
1381
1390
1393
1383
1363
1327
1353
1278
1319
1229
1309
1201
1282
1211
1337
1230
1372
1284
1393
1369
1428
1351
1423
1364
1429
1341
1369
1298
1364
1242
1291
1203
1285
1193
1282
1201
1329
1219
1329
1250
1364
1291
1365
1303
1351
1302
1334
1282
1291
1251
1221
1224
1142
1185
1125
1180
1118
1187
1092
1206
1147
1240
1171
1265
1184
1301
1168
1298
1155
1317
1098
1303
1062
1239
1031
1228
1001
1200
1005
1210
1036
1234
1081
1286
1127
1330
1180
1374
1198
1386
1173
1362
1172
1331
1199
1285
1130
1243
1125
1218
1156
1229
1206
1272
1224
1318
1301
1345
1350
1368
1330
1350
1312
1323
1275
1266
1240
1239
1227
1211
1239
1193
1282
1207
1318
1234
1356
1262
1398
1282
1387
1282
1360
1272
1314
1253
1276
1219
1244
1197
1231
1190
1270
1187
1348
1182
1400
1205
1446
1271
1484
1257
1394
1261
1374
1223
1305
1277
1246
1247
1231
1234
1216
1233
1225
1199
1260
1197
1329
1209
1353
1246
1309
1273
1310
1310
1251
1336
1158
1327
1079
1308
1038
1277
1024
1278
1049
1234
1103
1224
1158
1254
1221
1290
1250
1326
1213
1368
1132
1363
1060
1356
1027
1336
1006
1310
1036
1283
1105
1296
1179
1305
1256
1327
1305
1355
1346
1366
1313
1363
1243
1346
1204
1337
1141
1320
1127
1289
1174
1290
1226
1288
1298
1304
1351
1284
1415
1271
1449
1266
1373
1251
1326
1244
1242
1194
1179
1235
1167
1233
1215
1213
1279
1203
1337
1197
1391
1196
1406
1186
1415
1198
1365
1212
1293
1214
1227
1213
1167
1213
1149
1205
1161
1185
1224
1151
1297
1175
1328
1185
1373
1199
1354
1220
1318
1237
1238
1242
1191
1228
1156
1233
1109
1261
1134
1250
1181
1266
1257
1284
1303
1320
1335
1338
1316
1349
1274
1364
1204
1313
1134
1335
1091
1326
1079
1336
1096
1361
1147
1364
1229
1378
1273
1376
1289
1368
1249
1345
1226
1319
1145
1297
1106
1280
1094
1274
1144
1275
1196
1292
1242
1311
1340
1299
1390
1292
1353
1284
1335
1268
1299
1260
1241
1258
1191
1254
1192
1249
1210
1280
1256
1242
1306
1248
1346
1238
1386
1247
1429
1264
1374
1261
1320
1251
1268
1251
1226
1244
1162
1234
1195
1207
1256
1211
1275
1208
1330
1221
1351
1211
1357
1249
1304
1252
1265
1237
1227
1222
1147
1207
1128
1216
1153
1196
1192
1216
1230
1241
1267
1269
1296
1272
1269
1274
1238
1262
1221
1246
1145
1220
1119
1224
1109
1234
1138
1269
1145
1292
1216
1317
1241
1331
1234
1316
1244
1307
1215
1307
1161
1295
1137
1284
1151
1286
1162
1306
1163
1314
1222
1320
1279
1338
1294
1267
1299
1344
1299
1318
1284
1315
1221
1313
1213
1301
1175
1289
1226
1277
1219
1274
1295
1324
1344
1275
1348
1279
1379
1287
1359
1284
1344
1264
1289
1226
1245
1251
1213
1209
1221
1196
1259
1194
1279
1206
1320
1219
1364
1253
1363
1276
1335
1270
1309
1272
1250
1264
1189
1246
1140
1236
1171
1222
1198
1240
1217
1251
1277
1270
1290
1263
1290
1297
1256
1292
1256
1273
1257
1265
1212
1248
1208
1245
1209
1237
1238
1217
1262
1243
1286
1243
1281
1242
1272
1231
1261
1267
1232
1273
1230
1265
1214
1273
1181
1293
1184
1281
1176
1268
1252
1269
1236
1275
1238
1287
1257
1314
1226
1318
1220
1353
1198
1352
1189
1379
1178
1319
1171
1291
1183
1271
1210
1267
1235
1276
1266
1286
1290
1295
1295
1306
1282
1298
1261
1274
1251
1240
1252
1213
1248
1200
1242
1191
1272
1206
1265
1230
1296
1250
1293
1266
1309
1270
1292
1278
1252
1293
1248
1251
1227
1250
1223
1234
1231
1234
1260
1245
1258
1245
1270
1262
1281
1266
1292
1277
1277
1294
1270
1303
1236
1300
1256
1288
1218
1274
1275
1237
1277
1219
1279
1208
1297
1221
1272
1239
1282
1264
1284
1298
1257
1313
1240
1322
1228
1300
1233
1283
1220
1262
1238
1226
1273
1229
1230
1244
1264
1274
1270
1303
1262
1345
1237
1352
1210
1356
1217
1343
1192
1302
1203
1301
1287
1289
1255
1268
1269
1266
1244
1217
1258
1282
1214
1287
1223
1285
1236
1295
1213
1277
1231
1276
1240
1261
1238
1261
1241
1236
1263
1220
1255
1215
1215
1214
1217
1224
1219
1245
1204
1253
1206
1271
1217
1288
1227
1260
1208
1237
1233
1217
1237
1212
1231
1207
1217
1230
1194
1269
1203
1279
1180
1299
1220
1293
1243
1277
1288
1252
1328
1244
1344
1246
1338
1228
1338
1244
1319
1270
1281
1288
1247
1292
1266
1302
1280
1302
1312
1278
1370
1263
1413
1266
1423
1271
1405
1275
1412
1282
1325
1294
1299
1305
1271
1319
1232
1356
1225
1334
1219
1333
1279
1328
1304
1318
1330
1298
1332
1290
1299
1315
1259
1274
1208
1290
1158
1302
1124
1314
1114
1329
1126
1324
1159
1299
1212
1263
1249
1239
1243
1213
1247
1194
1208
1214
1195
1230
1178
1260
1141
1279
1144
1301
1117
1274
1144
1277
1166
1247
1201
1208
1230
1185
1238
1171
1236
1209
1220
1210
1225
1256
1197
1273
1181
1290
1198
1304
1203
1296
1228
1277
1285
1257
1280
1229
1284
1217
1288
1202
1309
1219
1286
1237
1287
1251
1338
1278
1361
1302
1364
1315
1353
1312
1365
1245
1355
1267
1332
1232
1312
1207
1356
1223
1356
1228
1381
1262
1403
1295
1419
1329
1408
1349
1386
1346
1342
1315
1296
1281
1216
1255
1251
1219
1244
1225
1237
1278
1261
1264
1243
1291
1276
1312
1273
1325
1258
1303
1222
1298
1166
1293
1138
1263
1087
1253
1086
1241
1093
1253
1087
1260
1121
1276
1161
1299
1180
1322
1180
1323
1122
1323
1162
1312
1116
1298
1109
1279
1125
1263
1154
1239
1187
1247
1211
1262
1248
1283
1241
1300
1231
1317
1271
1325
1242
1295
1252
1283
1248
1252
1256
1245
1291
1233
1345
1246
1381
1264
1362
1284
1393
1302
1384
1307
1337
1283
1320
1273
1308
1247
1307
1230
1303
1200
1365
1209
1458
1231
1442
1238
1460
1255
1425
1237
1378
1264
1287
1260
1241
1240
1199
1227
1179
1217
1209
1208
1246
1221
1291
1231
1342
1244
1363
1255
1339
1262
1300
1263
1228
1277
1145
1274
1085
1248
1074
1258
1070
1249
1100
1239
1132
1235
1243
1235
1275
1246
1302
1251
1287
1275
1198
1327
1122
1311
1036
1306
1008
1290
1000
1279
1047
1261
1127
1266
1208
1269
1289
1274
1349
1288
1347
1292
1328
1302
1261
1315
1200
1326
1163
1325
1145
1316
1219
1328
1257
1301
1353
1308
1422
1304
1490
1296
1496
1296
1501
1240
1458
1291
1367
1308
1312
1300
1276
1300
1263
1309
1279
1292
1333
1271
1380
1258
1412
1248
1429
1217
1421
1231
1369
1237
1257
1241
1219
1240
1153
1232
1163
1231
1129
1219
1167
1203
1190
1178
1252
1192
1250
1204
1264
1200
1232
1211
1206
1216
1150
1231
1091
1217
1079
1245
1073
1260
1099
1260
1166
1256
1182
1265
1224
1259
1234
1245
1227
1245
1189
1245
1137
1263
1111
1290
1105
1305
1088
1349
1152
1351
1197
1330
1220
1311
1248
1290
1267
1285
1234
1287
1256
1263
1243
1281
1219
1291
1216
1310
1228
1339
1257
1330
1290
1321
1360
1274
1415
1277
1424
1258
1446
1243
1452
1240
1404
1180
1379
1261
1348
1272
1350
1287
1339
1291
1371
1285
1366
1274
1441
1246
1450
1239
1415
1289
1392
1226
1303
1221
1274
1230
1222
1251
1199
1247
1212
1271
1216
1291
1231
1280
1252
1260
1275
1247
1257
1235
1211
1217
1177
1216
1165
1229
1116
1214
1114
1248
1119
1268
1120
1280
1106
1280
1152
1253
1190
1249
1181
1235
1173
1240
1176
1220
1155
1276
1121
1296
1147
1322
1161
1336
1166
1331
1189
1279
1195
1300
1212
1282
1203
1276
1217
1275
1213
1320
1220
1291
1244
1321
1262
1336
1288
1321
1334
1291
1333
1329
1319
1311
1306
1285
1301
1256
1295
1255
1253
1233
1275
1231
1286
1220
1308
1246
1335
1273
1389
1264
1395
1272
1378
1262
1346
1246
1297
1232
1243
1203
1206
1163
1192
1169
1212
1179
1250
1191
1310
1217
1355
1240
1388
1254
1402
1273
1338
1270
1285
1250
1195
1240
1151
1224
1110
1218
1146
1211
1192
1240
1212
1290
1256
1280
1311
1300
1333
1316
1309
1308
1293
1295
1243
1292
1195
1294
1161
1288
1168
1275
1179
1278
1212
1282
1243
1292
1279
1288
1271
1306
1314
1307
1301
1318
1254
1309
1178
1320
1174
1310
1179
1294
1211
1291
1248
1288
1277
1331
1287
1315
1323
1339
1291
1341
1257
1330
1234
1319
1158
1297
1176
1285
1183
1264
1213
1263
1249
1253
1265
1257
1290
1223
1289
1250
1269
1223
1286
1235
1207
1215
1187
1206
1170
1144
1181
1218
1185
1225
1234
1228
1288
1253
1293
1247
1291
1245
1272
1232
1249
1246
1202
1260
1186
1237
1193
1247
1164
1251
1191
1261
1243
1272
1273
1276
1293
1285
1302
1286
1316
1298
1277
1287
1256
1269
1247
1254
1244
1236
1239
1241
1240
1255
1260
1252
1267
1267
1322
1278
1335
1287
1344
1278
1352
1287
1344
1286
1326
1260
1314
1243
1318
1255
1310
1253
1284
1260
1322
1286
1327
1312
1313
1311
1316
1309
1325
1300
1314
1292
1280
1276
1294
1250
1278
1265
1287
1247
1298
1265
1244
1302
1214
1280
1164
1283
1166
1277
1148
1265
1147
1251
1160
1258
1162
1255
1174
1252
1176
1259
1175
1291
1147
1305
1128
1273
1112
1285
1094
1284
1089
1264
1119
1243
1130
1262
1160
1259
1169
1248
1232
1252
1264
1264
1252
1257
1265
1270
1237
1244
1205
1275
1185
1278
1205
1267
1216
1262
1226
1258
1258
1257
1284
1262
1304
1272
1325
1279
1332
1280
1317
1282
1292
1282
1274
1271
1304
1256
1271
1250
1277
1252
1274
1266
1307
1274
1312
1285
1344
1283
1365
1272
1375
1239
1379
1247
1337
1231
1329
1237
1305
1257
1281
1282
1256
1297
1242
1300
1229
1306
1215
1293
1214
1272
1228
1234
1219
1217
1235
1214
1214
1233
1207
1273
1189
1272
1180
1293
1191
1308
1111
1341
1105
1278
1063
1273
1097
1239
1131
1227
1195
1219
1225
1241
1254
1268
1280
1286
1266
1306
1221
1314
1184
1316
1115
1306
1107
1284
1108
1267
1150
1234
1207
1256
1262
1213
1333
1227
1370
1237
1386
1260
1340
1283
1321
1284
1262
1281
1215
1297
1172
1261
1147
1267
1212
1228
1290
1209
1357
1233
1421
1258
1453
1297
1443
1318
1381
1329
1320
1322
1246
1314
1156
1291
1131
1269
1155
1256
1192
1255
1241
1265
1304
1276
1356
1289
1329
1292
1305
1284
1300
1284
1186
1246
1129
1234
1060
1182
1056
1222
1054
1228
1125
1229
1200
1243
1242
1240
1276
1257
1285
1255
1246
1267
1203
1267
1184
1278
1101
1274
1061
1282
1041
1298
1129
1305
1166
1301
1215
1303
1278
1309
1299
1316
1274
1309
1287
1267
1259
1307
1209
1297
1187
1301
1162
1311
1187
1298
1199
1289
1268
1267
1314
1253
1349
1236
1360
1195
1359
1229
1344
1222
1278
1254
1305
1254
1286
1262
1273
1274
1294
1278
1305
1272
1323
1240
1353
1232
1350
1219
1352
1216
1328
1228
1339
1260
1291
1308
1292
1306
1299
1325
1307
1340
1241
1297
1211
1262
1245
1240
1223
1230
1213
1233
1213
1243
1197
1281
1185
1295
1179
1309
1165
1308
1157
1293
1150
1267
1145
1235
1153
1204
1148
1196
1162
1207
1147
1228
1161
1254
1143
1304
1163
1312
1194
1317
1206
1305
1224
1309
1208
1270
1221
1271
1237
1268
1239
1264
1246
1278
1216
1292
1263
1324
1266
1342
1275
1364
1287
1347
1277
1328
1279
1302
1274
1259
1288
1227
1340
1217
1308
1218
1317
1233
1305
1226
1294
1288
1250
1305
1244
1283
1250
1263
1238
1224
1235
1201
1250
1174
1285
1186
1305
1213
1313
1239
1306
1287
1263
1320
1250
1346
1213
1341
1191
1245
1166
1287
1145
1257
1168
1229
1182
1219
1216
1226
1225
1250
1287
1264
1286
1296
1241
1370
1205
1327
1135
1309
1119
1288
1098
1276
1114
1220
1148
1198
1147
1208
1256
1205
1294
1226
1333
1254
1335
1295
1284
1320
1245
1322
1214
1323
1171
1296
1150
1270
1173
1242
1229
1235
1249
1242
1315
1246
1365
1274
1378
1297
1353
1326
1293
1334
1248
1337
1176
1323
1123
1299
1187
1274
1215
1244
1270
1244
1315
1243
1341
1246
1357
1255
1351
1221
1330
1281
1237
1275
1209
1285
1178
1285
1159
1258
1178
1254
1212
1247
1247
1238
1247
1228
1286
1175
1329
1238
1282
1242
1251
1257
1202
1255
1153
1341
1104
1305
1098
1287
1154
1291
1137
1260
1177
1236
1217
1238
1242
1249
1246
1262
1241
1283
1189
1297
1160
1307
1145
1315
1163
1302
1142
1276
1184
1268
1215
1263
1263
1253
1289
1251
1352
1262
1347
1273
1362
1267
1374
1291
1327
1326
1289
1314
1268
1303
1271
1299
1263
1285
1285
1266
1316
1255
1348
1268
1363
1267
1381
1282
1370
1298
1327
1318
1268
1330
1231
1329
1125
1312
1173
1283
1179
1267
1175
1314
1235
1230
1255
1236
1314
1251
1298
1265
1308
1278
1280
1299
1218
1303
1176
1257
1162
1259
1159
1260
1175
1230
1212
1222
1254
1237
1280
1256
1302
1270
1306
1282
1261
1291
1217
1293
1163
1272
1129
1286
1112
1240
1115
1225
1190
1219
1163
1199
1212
1251
1217
1269
1245
1271
1267
1287
1239
1285
1189
1302
1153
1246
1139
1249
1129
1242
1150
1236
1207
1241
1263
1269
1292
1299
1341
1310
1376
1311
1361
1345
1319
1332
1297
1314
1245
1301
1227
1281
1265
1279
1270
1272
1295
1290
1334
1288
1369
1326
1358
1325
1373
1316
1356
1304
1299
1273
1268
1256
1230
1248
1191
1253
1183
1252
1194
1249
1207
1272
1196
1280
1215
1270
1241
1273
1223
1245
1199
1254
1191
1241
1182
1254
1134
1262
1144
1270
1128
1281
1161
1324
1176
1292
1191
1323
1215
1271
1201
1254
1218
1232
1214
1225
1221
1207
1223
1221
1215
1243
1207
1283
1220
1257
1231
1267
1231
1269
1217
1253
1230
1255
1225
1244
1206
1223
1216
1235
1215
1252
1209
1275
1175
1293
1222
1312
1256
1332
1232
1322
1256
1310
1260
1290
1257
1285
1265
1272
1295
1266
1311
1272
1302
1282
1303
1304
1319
1306
1301
1313
1301
1307
1333
1286
1351
1252
1362
1225
1376
1225
1416
1225
1373
1204
1339
1228
1286
1245
1248
1258
1208
1273
1222
1276
1228
1265
1224
1247
1241
1247
1239
1230
1239
1246
1230
1256
1212
1267
1179
1307
1150
1300
1125
1323
1116
1330
1119
1335
1141
1317
1160
1305
1188
1282
1192
1281
1218
1267
1211
1267
1169
1259
1155
1286
1104
1297
1103
1288
1066
1287
1082
1268
1101
1253
1154
1237
1188
1245
1187
1260
1202
1253
1203
1262
1168
1269
1165
1281
1147
1272
1150
1306
1165
1267
1199
1193
1251
1241
1274
1250
1278
1263
1313
1276
1334
1285
1314
1293
1359
1287
1372
1312
1373
1309
1409
1264
1391
1251
1423
1242
1439
1243
1444
1235
1434
1242
1422
1248
1410
1255
1377
1296
1366
1256
1367
1253
1343
1243
1315
1235
1309
1237
1292
1206
1272
1231
1220
1248
1204
1262
1168
1295
1167
1276
1199
1288
1171
1271
1175
1264
1151
1228
1149
1258
1101
1255
1117
1264
1117
1276
1087
1290
1104
1309
1115
1306
1114
1321
1131
1304
1153
1296
1164
1294
1134
1287
1148
1313
1149
1310
1127
1302
1110
1324
1115
1328
1121
1338
1103
1333
1130
1320
1177
1309
1187
1290
1206
1289
1201
1286
1206
1287
1190
1295
1205
1295
1215
1294
1225
1290
1259
1274
1282
1291
1296
1270
1330
1262
1342
1253
1335
1245
1330
1233
1346
1241
1353
1252
1365
1238
1394
1258
1401
1246
1405
1240
1369
1227
1395
1213
1360
1213
1356
1197
1365
1168
1346
1239
1339
1221
1320
1230
1344
1219
1318
1222
1327
1215
1286
1215
1266
1222
1238
1229
1237
1204
1213
1253
1205
1257
1151
1265
1182
1270
1178
1267
1176
1263
1184
1263
1157
1260
1156
1265
1131
1248
1151
1288
1146
1301
1117
1297
1144
1310
1114
1293
1118
1303
1130
1312
1132
1287
1163
1287
1075
1276
1137
1292
1132
1302
1116
1315
1141
1324
1145
1333
1166
1336
1164
1328
1220
1312
1253
1293
1219
1268
1215
1250
1203
1212
1228
1278
1220
1297
1260
1345
1278
1314
1309
1317
1323
1320
1299
1297
1301
1280
1293
1265
1274
1241
1285
1235
1285
1231
1333
1251
1378
1258
1397
1212
1409
1274
1376
1278
1340
1269
1280
1241
1250
1212
1204
1203
1230
1184
1241
1198
1258
1242
1295
1202
1284
1236
1309
1241
1291
1263
1270
1259
1222
1258
1184
1256
1147
1233
1114
1258
1113
1207
1132
1238
1132
1233
1175
1253
1208
1268
1239
1295
1221
1315
1195
1309
1167
1302
1102
1298
1078
1271
1060
1268
1089
1255
1134
1272
1172
1310
1237
1296
1260
1322
1301
1341
1295
1338
1268
1331
1233
1294
1211
1281
1194
1272
1197
1251
1237
1254
1267
1266
1276
1265
1315
1276
1333
1287
1321
1284
1317
1276
1300
1265
1290
1260
1240
1254
1266
1254
1307
1252
1284
1255
1301
1275
1290
1257
1292
1294
1273
1300
1294
1290
1342
1273
1296
1250
1304
1238
1308
1211
1284
1211
1318
1223
1310
1242
1288
1259
1264
1260
1260
1273
1241
1266
1224
1235
1226
1214
1213
1217
1201
1198
1180
1202
1212
1210
1197
1249
1182
1254
1179
1280
1170
1304
1102
1304
1078
1307
1083
1293
1089
1290
1105
1287
1146
1289
1149
1295
1157
1303
1165
1313
1140
1293
1126
1317
1107
1329
1105
1322
1068
1312
1169
1298
1220
1296
1223
1332
1263
1274
1255
1274
1277
1271
1247
1259
1277
1241
1277
1248
1254
1264
1257
1248
1286
1251
1294
1254
1298
1263
1299
1260
1327
1269
1330
1274
1327
1291
1337
1270
1317
1266
1314
1271
1297
1270
1291
1259
1318
1272
1325
1279
1374
1286
1350
1271
1380
1292
1357
1281
1369
1239
1375
1217
1360
1186
1327
1183
1303
1164
1308
1185
1302
1201
1270
1217
1278
1232
1260
1232
1234
1233
1213
1228
1216
1190
1191
1209
1162
1203
1155
1219
1124
1225
1116
1257
1144
1292
1107
1315
1096
1333
1072
1321
1085
1357
1079
1350
1111
1318
1132
1328
1138
1312
1128
1304
1137
1292
1112
1321
1117
1323
1140
1323
1167
1333
1165
1333
1190
1319
1226
1300
1239
1265
1226
1265
1222
1259
1230
1245
1203
1246
1229
1250
1239
1267
1294
1258
1322
1298
1317
1319
1346
1287
1311
1282
1318
1288
1298
1288
1299
1246
1318
1276
1326
1284
1335
1275
1352
1269
1380
1277
1385
1282
1372
1273
1383
1266
1381
1273
1364
1249
1341
1236
1309
1216
1287
1207
1232
1186
1256
1176
1271
1182
1277
1185
1290
1208
1297
1212
1283
1224
1243
1228
1223
1219
1167
1209
1126
1207
1105
1217
1083
1224
1096
1242
1137
1272
1158
1295
1176
1312
1189
1318
1199
1332
1228
1335
1164
1322
1169
1316
1142
1314
1131
1306
1123
1300
1180
1295
1211
1292
1225
1280
1270
1283
1274
1270
1282
1307
1270
1278
1289
1280
1254
1279
1227
1276
1214
1282
1210
1274
1215
1284
1244
1293
1285
1294
1286
1302
1290
1303
1290
1318
1273
1309
1270
1277
1242
1304
1187
1324
1182
1304
1170
1311
1225
1308
1218
1306
1279
1291
1316
1279
1312
1274
1319
1240
1316
1225
1297
1225
1264
1216
1230
1215
1251
1217
1240
1224
1247
1183
1265
1208
1265
1199
1280
1195
1272
1189
1277
1228
1252
1195
1276
1209
1259
1228
1214
1276
1203
1262
1171
1280
1183
1278
1209
1283
1249
1280
1255
1311
1272
1283
1311
1282
1305
1287
1289
1298
1281
1291
1263
1304
1245
1316
1242
1320
1255
1314
1262
1338
1254
1305
1266
1295
1250
1279
1256
1269
1298
1277
1267
1271
1289
1274
1264
1237
1252
1299
1204
1299
1211
1283
1204
1286
1153
1275
1144
1268
1155
1272
1165
1281
1172
1282
1201
1274
1220
1281
1191
1278
1166
1270
1180
1258
1161
1250
1135
1253
1122
1257
1131
1259
1110
1260
1145
1258
1179
1253
1209
1253
1235
1247
1243
1254
1249
1243
1244
1255
1260
1256
1246
1263
1236
1254
1246
1261
1250
1270
1260
1265
1318
1259
1353
1243
1385
1270
1392
1269
1413
1271
1415
1278
1352
1269
1356
1266
1325
1267
1308
1267
1271
1269
1312
1263
1318
1272
1339
1259
1340
1268
1318
1285
1289
1267
1238
1270
1215
1276
1178
1279
1168
1284
1179
1299
1178
1305
1199
1313
1178
1299
1223
1304
1213
1301
1203
1303
1204
1311
1192
1318
1174
1306
1192
1278
1184
1299
1182
1287
1172
1265
1217
1263
1231
1260
1222
1243
1231
1249
1211
1240
1182
1251
1152
1245
1152
1236
1141
1229
1079
1224
1156
1223
1175
1215
1202
1230
1216
1233
1217
1233
1224
1241
1204
1234
1195
1260
1253
1266
1212
1276
1250
1284
1246
1244
1295
1287
1311
1295
1343
1280
1368
1279
1381
1272
1384
1291
1361
1298
1349
1306
1362
1312
1365
1308
1352
1305
1313
1287
1388
1281
1338
1273
1338
1202
1337
1265
1314
1289
1307
1278
1270
1287
1256
1282
1212
1279
1227
1270
1218
1262
1183
1302
1195
1272
1164
1244
1182
1259
1190
1272
1208
1270
1190
1280
1167
1287
1173
1279
1197
1283
1135
1277
1133
1274
1112
1267
1118
1261
1130
1259
1146
1239
1155
1250
1156
1251
1177
1264
1171
1269
1182
1276
1176
1276
1181
1264
1180
1257
1183
1251
1172
1243
1162
1241
1215
1235
1272
1237
1298
1248
1331
1257
1357
1265
1357
1269
1325
1269
1313
1265
1292
1272
1262
1272
1272
1274
1322
1283
1355
1275
1396
1280
1402
1284
1441
1274
1389
1276
1372
1270
1367
1275
1293
1302
1251
1289
1224
1271
1243
1292
1223
1291
1281
1276
1296
1268
1302
1253
1304
1262
1289
1266
1240
1282
1186
1276
1151
1290
1102
1290
1065
1278
1090
1266
1105
1280
1135
1265
1180
1258
1214
1259
1228
1265
1195
1259
1202
1255
1181
1265
1155
1259
1147
1266
1132
1306
1144
1277
1171
1282
1224
1277
1249
1271
1288
1248
1285
1246
1327
1247
1264
1239
1245
1244
1221
1260
1199
1263
1195
1278
1197
1276
1148
1271
1218
1253
1256
1256
1244
1270
1258
1253
1242
1256
1276
1271
1267
1278
1277
1272
1290
1299
1267
1305
1278
1307
1271
1307
1299
1306
1304
1311
1271
1282
1336
1296
1342
1287
1346
1293
1354
1286
1335
1281
1330
1287
1309
1291
1307
1270
1348
1270
1313
1266
1323
1251
1286
1183
1299
1225
1268
1226
1260
1266
1267
1223
1258
1225
1252
1244
1227
1211
1231
1243
1237
1238
1220
1224
1210
1219
1216
1212
1207
1218
1196
1229
1194
1230
1184
1256
1171
1278
1164
1274
1157
1284
1159
1273
1200
1283
1204
1279
1207
1272
1192
1275
1194
1288
1142
1305
1139
1295
1119
1305
1140
1315
1142
1325
1166
1323
1198
1323
1207
1318
1242
1285
1239
1273
1217
1266
1200
1272
1193
1275
1196
1276
1185
1297
1180
1308
1218
1304
1220
1299
1258
1281
1253
1270
1289
1234
1297
1239
1273
1296
1256
1268
1217
1269
1234
1279
1242
1285
1251
1269
1278
1256
1311
1253
1314
1237
1316
1219
1326
1231
1316
1241
1270
1248
1265
1248
1285
1262
1290
1246
1310
1245
1305
1228
1357
1219
1330
1213
1357
1207
1377
1205
1348
1205
1351
1224
1316
1219
1305
1247
1282
1262
1305
1268
1297
1265
1289
1258
1283
1271
1270
1267
1244
1274
1235
1276
1217
1307
1179
1302
1160
1298
1166
1314
1203
1320
1140
1309
1146
1303
1122
1302
1119
1300
1066
1303
1092
1294
1093
1303
1081
1297
1102
1300
1111
1281
1117
1290
1119
1297
1133
1283
1132
1281
1125
1287
1113
1303
1115
1300
1125
1304
1154
1305
1176
1292
1197
1251
1183
1236
1253
1224
1230
1214
1262
1208
1276
1238
1256
1300
1256
1285
1255
1273
1299
1280
1310
1261
1357
1231
1410
1211
1396
1223
1418
1204
1440
1205
1456
1206
1431
1222
1397
1235
1424
1237
1432
1251
1434
1229
1445
1265
1439
1267
1443
1254
1410
1249
1385
1241
1310
1239
1316
1243
1281
1261
1229
1302
1238
1285
1220
1299
1225
1332
1223
1295
1230
1281
1171
1288
1106
1279
1068
1284
1044
1280
1010
1297
1013
1302
1021
1299
1075
1304
1108
1299
1127
1282
1139
1283
1105
1282
1068
1286
1006
1287
982
1270
1017
1275
998
1265
1043
1260
1088
1201
1158
1252
1176
1276
1223
1246
1254
1252
1219
1267
1174
1282
1145
1278
1145
1290
1142
1318
1178
1270
1258
1255
1317
1255
1378
1262
1434
1258
1470
1260
1447
1274
1416
1284
1382
1283
1324
1275
1331
1269
1348
1263
1390
1241
1449
1239
1490
1251
1525
1246
1519
1246
1522
1249
1481
1258
1416
1256
1360
1253
1323
1259
1272
1250
1254
1233
1239
1224
1291
1228
1278
1232
1284
1241
1285
1261
1249
1270
1194
1282
1139
1284
1094
1285
1022
1273
1018
1269
1003
1259
1030
1248
1050
1266
1055
1306
1061
1299
1056
1315
1050
1321
1031
1319
1028
1292
976
1285
1016
1274
1004
1251
1047
1245
1076
1254
1085
1265
1108
1265
1150
1247
1194
1288
1198
1278
1198
1272
1248
1269
1256
1269
1237
1255
1282
1251
1311
1253
1299
1256
1337
1274
1350
1255
1365
1286
1363
1301
1428
1294
1459
1291
1402
1284
1470
1285
1470
1262
1455
1270
1445
1250
1423
1254
1406
1246
1402
1254
1424
1256
1469
1267
1442
1242
1473
1241
1435
1191
1394
1229
1340
1221
1326
1226
1286
1235
1259
1231
1263
1249
1235
1264
1221
1270
1223
1266
1224
1267
1163
1267
1133
1261
1110
1278
1081
1281
1035
1225
1042
1284
1019
1279
1025
1283
1024
1286
1029
1282
1013
1282
1051
1273
1039
1290
996
1343
941
1287
972
1286
980
1278
1001
1284
1060
1264
1093
1267
1122
1285
1168
1273
1193
1287
1192
1292
1138
1297
1180
1294
1195
1301
1223
1303
1266
1277
1319
1300
1371
1301
1434
1269
1456
1297
1494
1296
1454
1294
1511
1290
1501
1282
1475
1275
1477
1280
1460
1271
1488
1253
1522
1208
1526
1241
1523
1238
1521
1227
1506
1243
1455
1282
1406
1251
1376
1243
1324
1236
1272
1233
1269
1219
1268
1210
1255
1221
1189
1235
1244
1242
1197
1259
1196
1263
1177
1271
1165
1258
1125
1253
1088
1193
1072
1245
1042
1242
1052
1248
1065
1259
1040
1262
1046
1287
1041
1283
1014
1286
996
1270
1000
1224
992
1270
963
1264
967
1267
992
1284
1004
1283
1022
1300
1051
1317
1085
1318
1094
1319
1143
1308
1174
1297
1217
1281
1267
1259
1293
1303
1322
1291
1339
1292
1383
1300
1409
1302
1443
1302
1472
1281
1495
1311
1505
1284
1532
1267
1544
1248
1524
1237
1503
1222
1501
1233
1437
1248
1452
1257
1441
1291
1398
1296
1375
1287
1272
1274
1348
1250
1319
1236
1307
1213
1290
1216
1261
1218
1242
1235
1216
1217
1201
1256
1192
1273
1084
1272
1166
1277
1148
1260
1153
1257
1160
1233
1140
1219
1143
1210
1140
1212
1132
1219
1178
1231
1142
1240
1139
1257
1105
1208
1106
1261
1082
1270
1082
1253
1101
1240
1086
1218
1105
1230
1096
1222
1118
1250
1143
1259
1153
1274
1169
1291
1163
1293
1157
1292
1159
1290
1170
1291
1182
1289
1195
1284
1200
1299
1241
1306
1266
1304
1309
1316
1319
1323
1319
1337
1297
1338
1311
1325
1270
1352
1282
1337
1298
1333
1335
1324
1343
1323
1364
1321
1379
1306
1390
1303
1383
1303
1364
1268
1335
1298
1306
1300
1295
1298
1296
1273
1299
1255
1308
1243
1328
1205
1319
1204
1335
1190
1312
1199
1313
1195
1293
1203
1257
1251
1237
1228
1192
1223
1215
1210
1237
1222
1251
1194
1266
1187
1286
1196
1284
1207
1261
1213
1216
1225
1232
1246
1173
1259
1146
1276
1156
1278
1156
1268
1163
1269
1192
1268
1198
1245
1183
1253
1204
1258
1228
1271
1201
1272
1193
1299
1165
1296
1152
1314
1125
1308
1148
1285
1157
1282
1159
1261
1187
1261
1216
1267
1207
1331
1215
1296
1218
1324
1210
1334
1179
1327
1189
1317
1261
1329
1223
1281
1268
1272
1283
1265
1300
1274
1281
1292
1317
1293
1366
1310
1323
1306
1324
1310
1309
1283
1321
1272
1324
1258
1347
1237
1350
1197
1361
1215
1362
1231
1350
1241
1328
1242
1296
1250
1287
1251
1256
1239
1246
1213
1255
1198
1226
1189
1259
1173
1287
1178
1269
1242
1247
1230
1181
1248
1216
1259
1162
1275
1144
1261
1143
1249
1128
1253
1136
1219
1148
1215
1173
1211
1183
1234
1105
1259
1183
1268
1153
1305
1132
1288
1108
1319
1076
1304
1072
1281
1071
1256
1087
1256
1092
1246
1121
1250
1188
1288
1154
1317
1172
1309
1133
1319
1135
1317
1116
1309
1136
1281
1157
1276
1173
1263
1186
1264
1262
1259
1290
1269
1317
1284
1306
1295
1319
1294
1315
1306
1307
1255
1319
1297
1332
1281
1349
1274
1371
1270
1406
1250
1472
1253
1456
1256
1438
1268
1403
1223
1396
1233
1336
1286
1334
1265
1345
1254
1360
1246
1361
1249
1359
1243
1375
1254
1358
1264
1311
1274
1285
1260
1239
1282
1207
1285
1183
1287
1188
1259
1188
1267
1191
1272
1194
1278
1170
1275
1177
1277
1156
1267
1156
1277
1112
1262
1088
1290
1100
1280
1072
1275
1118
1263
1133
1294
1138
1265
1132
1261
1143
1220
1131
1268
1095
1259
1104
1261
1111
1258
1091
1262
1111
1267
1142
1269
1186
1269
1214
1271
1229
1257
1259
1273
1214
1273
1273
1277
1253
1281
1284
1269
1307
1282
1311
1310
1382
1288
1360
1290
1408
1276
1421
1290
1428
1259
1428
1270
1420
1260
1389
1257
1382
1245
1382
1253
1380
1268
1353
1272
1372
1264
1397
1290
1346
1309
1335
1284
1312
1266
1281
1265
1219
1257
1227
1248
1243
1254
1207
1258
1212
1291
1200
1276
1192
1301
1179
1310
1179
1305
1166
1295
1119
1267
1166
1259
1210
1248
1173
1231
1192
1235
1188
1261
1174
1264
1162
1266
1162
1266
1172
1286
1132
1233
1160
1217
1152
1189
1158
1214
1149
1199
1201
1193
1201
1215
1196
1223
1205
1252
1186
1279
1181
1280
1175
1281
1186
1265
1200
1258
1209
1234
1262
1252
1302
1254
1313
1181
1329
1285
1307
1304
1306
1316
1284
1326
1274
1324
1232
1309
1301
1274
1329
1288
1321
1335
1332
1281
1327
1289
1323
1300
1284
1317
1270
1315
1242
1331
1199
1342
1195
1320
1200
1304
1207
1288
1212
1304
1210
1279
1246
1279
1218
1290
1196
1262
1174
1302
1150
1288
1150
1300
1125
1289
1147
1259
1193
1251
1222
1232
1231
1228
1222
1213
1230
1216
1184
1236
1173
1240
1173
1238
1165
1233
1146
1230
1183
1220
1222
1217
1244
1206
1258
1211
1275
1213
1249
1224
1224
1240
1202
1226
1194
1246
1207
1263
1188
1257
1262
1260
1278
1250
1347
1250
1417
1260
1395
1259
1394
1272
1365
1233
1325
1301
1277
1307
1292
1280
1314
1289
1318
1280
1353
1270
1390
1266
1392
1273
1369
1280
1351
1274
1311
1308
1238
1309
1190
1327
1179
1319
1169
1315
1163
1318
1168
1314
1182
1312
1153
1302
1161
1305
1132
1315
1132
1301
1120
1316
1095
1346
1086
1309
1105
1297
1113
1275
1121
1272
1147
1247
1169
1237
1184
1248
1164
1239
1190
1229
1190
1240
1184
1253
1172
1222
1201
1213
1227
1212
1231
1198
1237
1154
1244
1203
1248
1217
1202
1224
1240
1229
1238
1245
1260
1239
1286
1253
1324
1240
1308
1237
1314
1232
1322
1220
1305
1213
1237
1215
1275
1245
1256
1264
1268
1274
1292
1277
1303
1271
1330
1237
1345
1204
1354
1247
1384
1245
1321
1243
1313
1258
1269
1208
1257
1280
1236
1287
1299
1297
1300
1309
1302
1316
1315
1333
1282
1324
1262
1336
1238
1330
1196
1345
1165
1315
1141
1318
1151
1325
1186
1324
1216
1330
1239
1347
1235
1326
1231
1320
1193
1317
1153
1305
1129
1288
1118
1276
1114
1268
1115
1273
1164
1263
1186
1266
1230
1258
1255
1266
1288
1253
1250
1259
1210
1265
1184
1251
1165
1235
1152
1229
1157
1225
1179
1216
1222
1217
1259
1230
1286
1237
1289
1231
1271
1241
1258
1248
1199
1249
1182
1235
1131
1242
1203
1208
1230
1230
1264
1258
1320
1245
1323
1254
1339
1261
1351
1269
1329
1280
1283
1284
1253
1287
1260
1286
1251
1287
1276
1286
1313
1286
1350
1291
1382
1293
1391
1289
1384
1281
1353
1293
1295
1301
1284
1304
1220
1296
1231
1318
1268
1296
1293
1277
1279
1274
1282
1206
1267
1286
1245
1282
1213
1287
1222
1300
1179
1296
1164
1297
1168
1297
1157
1302
1158
1292
1189
1282
1206
1285
1185
1274
1155
1272
1217
1271
1191
1270
1187
1278
1185
1275
1194
1274
1181
1271
1223
1264
1245
1256
1261
1234
1227
1245
1258
1238
1241
1229
1234
1236
1239
1235
1232
1236
1240
1232
1267
1249
1272
1256
1273
1244
1277
1235
1284
1236
1248
1234
1230
1223
1222
1226
1165
1235
1218
1237
1251
1228
1253
1299
1262
1268
1241
1278
1281
1272
1263
1281
1268
1275
1271
1281
1251
1296
1258
1287
1257
1301
1275
1296
1282
1296
1280
1295
1298
1300
1296
1292
1295
1283
1301
1301
1263
1289
1280
1286
1236
1272
1232
1292
1223
1289
1234
1273
1257
1276
1225
1264
1238
1268
1213
1262
1227
1260
1227
1268
1215
1214
1207
1276
1208
1272
1204
1286
1219
1284
1222
1274
1225
1276
1203
1269
1211
1259
1214
1252
1218
1272
1217
1272
1210
1266
1230
1279
1218
1281
1221
1272
1269
1262
1245
1249
1251
1240
1215
1197
1233
1215
1212
1252
1225
1238
1253
1252
1275
1253
1273
1271
1265
1273
1266
1268
1281
1261
1257
1258
1240
1253
1234
1243
1245
1250
1269
1263
1274
1251
1277
1303
1276
1284
1274
1293
1235
1296
1228
1282
1206
1284
1213
1273
1206
1271
1200
1303
1213
1282
1184
1326
1211
1277
1234
1281
1237
1291
1215
1279
1212
1280
1209
1268
1186
1277
1183
1273
1197
1272
1184
1276
1225
1277
1253
1280
1277
1257
1289
1259
1276
1255
1274
1253
1222
1238
1227
1249
1201
1258
1214
1246
1221
1253
1225
1268
1239
1278
1243
1265
1278
1262
1272
1251
1238
1240
1226
1229
1216
1227
1191
1240
1182
1240
1205
1248
1224
1264
1207
1262
1228
1266
1324
1260
1276
1250
1274
1251
