996
1374
1423
1381
1416
1377
1394
1367
1167
1315
1145
1325
1212
1327
1190
1308
1196
1311
1194
1306
1202
1309
1160
1304
1202
1300
1212
1293
1227
1289
1219
1293
1278
1294
1264
1288
1252
1297
1288
1291
1282
1289
1340
1280
1337
1295
1338
1302
1341
1297
1396
1304
1379
1309
1399
1311
1393
1271
1412
1312
1471
1312
1400
1307
1435
1306
1413
1320
1400
1316
1394
1310
1409
1309
1422
1312
1398
1264
1407
1314
1409
1292
1352
1321
1344
1324
1279
1334
1386
1320
1347
1320
1282
1325
1282
1320
1285
1327
1275
1332
1245
1314
1234
1338
1228
1331
1164
1337
1188
1325
1214
1316
1200
1326
1177
1332
1184
1310
1180
1313
1162
1312
1161
1317
1085
1322
1138
1307
1158
1323
1178
1307
1166
1303
1192
1300
1160
1317
1140
1298
1181
1294
1217
1301
1137
1315
1173
1288
1226
1287
1223
1294
1222
1292
1224
1286
1216
1294
1288
1284
1270
1285
1284
1310
1348
1286
1284
1294
1308
1285
1339
1285
1346
1291
1399
1287
1344
1290
1363
1293
1365
1301
1366
1301
1285
1320
1389
1301
1380
1314
1385
1315
1384
1304
1367
1339
1359
1332
1380
1333
1338
1334
1334
1336
1405
1344
1338
1336
1336
1339
1308
1276
1309
1349
1246
1347
1230
1335
1282
1343
1227
1333
1257
1333
1232
1326
1230
1334
1202
1330
1203
1331
1206
1319
1150
1322
1148
1325
1184
1314
1136
1319
1199
1309
1185
1310
1261
1312
1186
1308
1199
1310
1211
1309
1218
1304
1237
1296
1136
1354
1194
1304
1251
1295
1288
1296
1283
1294
1286
1279
1295
1282
1335
1296
1323
1285
1316
1283
1285
1291
1399
1282
1336
1282
1356
1278
1360
1290
1380
1260
1378
1288
1373
1286
1380
1294
1351
1279
1264
1322
1398
1295
1375
1291
1371
1301
1344
1292
1380
1295
1296
1302
1300
1297
1276
1294
1272
1291
1239
1300
1254
1299
1222
1323
1207
1317
1222
1330
1217
1338
1148
1346
1195
1361
1225
1372
1183
1366
1221
1378
1207
1386
1173
1389
1154
1377
1199
1376
1207
1375
1210
1362
1211
1360
1193
1344
1333
1344
1177
1365
1198
1372
1194
1399
1204
1377
1233
1442
1229
1458
1292
1471
1354
1477
1407
1469
1324
1453
1485
1408
1519
1373
1511
1330
1543
1273
1558
1262
1551
1253
1524
1188
1545
1146
1527
1096
1502
1054
1503
989
1434
975
1369
978
1267
928
1190
976
1068
1008
1022
1044
899
1080
937
1110
976
1161
950
1207
965
1231
956
1283
982
1346
988
1417
1032
1473
1140
1523
1231
1544
1366
1543
1425
1516
1539
1474
1594
1431
1598
1382
1621
1369
1615
1336
1617
1340
1576
1339
1641
1335
1548
1404
1457
1368
1382
1366
1256
1367
1170
1378
1066
1395
992
1359
930
1425
871
1457
809
1489
837
1522
782
1510
769
1507
740
1484
758
1464
777
1402
869
1435
908
1427
1092
1415
1325
1396
1409
1396
1509
1360
1615
1316
1705
1268
1737
1214
1772
1180
1798
1133
1760
1114
1738
1109
1628
1111
1649
1099
1603
1120
1567
1140
1580
1161
1549
1185
1599
1199
1545
1211
1566
1209
1549
1226
1542
1258
1519
1228
1464
1234
1497
1234
1434
1239
1383
1240
1351
1255
1365
1284
1331
1302
1260
1305
1293
1336
1278
1366
1183
1390
1161
1410
1149
1428
1073
1433
1028
1445
830
1471
850
1455
807
1447
801
1431
815
1417
830
1394
822
1383
869
1342
903
1352
888
1354
956
1331
942
1314
935
1298
970
1277
1014
1264
1067
1255
1166
1244
1254
1236
1312
1228
1348
1208
1353
1244
1391
1248
1365
1253
1365
1262
1312
1294
1278
1305
1269
1300
1316
1295
1293
1320
1377
1260
1434
1257
1533
1251
1543
1252
1550
1242
1636
1246
1695
1254
1705
1251
1583
1277
1684
1255
1609
1268
1588
1283
1564
1303
1564
1322
1535
1361
1490
1359
1392
1361
1341
1359
1185
1378
1202
1403
1111
1353
1050
1357
1068
1354
1054
1357
1054
1341
1096
1365
1049
1401
1048
1400
1073
1419
1082
1441
1100
1473
1083
1467
1227
1491
1316
1495
1350
1493
1409
1448
1420
1420
1425
1387
1419
1350
1410
1322
1400
1306
1362
1297
1368
1290
1336
1257
1309
1275
1256
1259
1236
1225
1223
1204
1222
1182
1286
1179
1212
1159
1224
1171
1220
1185
1222
1188
1209
1196
1238
1204
1224
1225
1269
1233
1278
1168
1323
1235
1309
1245
1294
1238
1273
1243
1270
1247
1260
1257
1349
1216
1251
1243
1262
1237
1281
1250
1241
1254
1269
1256
1278
1282
1273
1293
1267
1316
1291
1353
1218
1421
1342
1415
1338
1413
1313
1420
1294
1418
1283
1415
1265
1399
1301
1382
1299
1421
1310
1436
1264
1471
1334
1485
1309
1502
1250
1510
1270
1481
1258
1494
1232
1507
1262
1455
1271
1432
1306
1403
1387
1376
1362
1342
1329
1316
1327
1302
1296
1283
1299
1263
1358
1256
1313
1262
1309
1254
1343
1247
1397
1239
1336
1233
1310
1243
1294
1244
1293
1264
1235
1250
1235
1233
1299
1239
1275
1228
1276
1226
1273
1173
1331
1226
1259
1197
1314
1185
1354
1182
1366
1176
1397
1190
1423
1186
1413
1191
1409
1202
1440
1207
1349
1219
1394
1226
1425
1251
1425
1272
1455
1285
1442
1306
1390
1334
1342
1356
1245
1363
1207
1387
1203
1411
1179
1421
1184
1442
1185
1454
1188
1471
1130
1482
1111
1469
1066
1463
1035
1448
986
1446
1058
1416
1109
1394
1136
1371
1151
1351
1097
1322
1078
1300
1041
1287
957
1281
1021
1284
1020
1313
1068
1374
1118
1352
1110
1369
1157
1386
1169
1367
1133
1344
1169
1347
1162
1338
1299
1328
1281
1300
1370
1290
1427
1274
1461
1215
1534
1225
1590
1211
1572
1213
1616
1207
1656
1211
1709
1213
1704
1215
1685
1201
1728
1205
1626
1195
1593
1231
1513
1202
1543
1297
1515
1334
1538
1372
1452
1399
1521
1403
1456
1418
1404
1401
1368
1400
1303
1391
1283
1377
1212
1371
1252
1359
1265
1362
1242
1348
1220
1334
1235
1334
1160
1331
1139
1334
1124
1327
1121
1334
1111
1341
1087
1342
1040
1360
1010
1347
960
1328
909
1323
933
1300
941
1298
1004
1288
1051
1273
1110
1278
1193
1242
1147
1267
1113
1273
1112
1284
1101
1303
1217
1314
1243
1334
1286
1337
1330
1332
1343
1338
1282
1323
1301
1273
1286
1265
1277
1259
1339
1241
1395
1246
1400
1264
1417
1241
1401
1241
1403
1234
1366
1234
1351
1225
1365
1238
1380
1214
1399
1275
1418
1282
1445
1292
1418
1296
1373
1283
1329
1286
1314
1296
1334
1292
1306
1338
1357
1395
1403
1401
1380
1427
1389
1434
1401
1444
1252
1453
1317
1454
1233
1421
1275
1437
1265
1429
1282
1397
1322
1364
1291
1302
1279
1296
1244
1275
1204
1267
1179
1277
1158
1298
1154
1318
1171
1330
1199
1348
1194
1364
1168
1352
1180
1359
1225
1365
1248
1358
1395
1347
1313
1338
1354
1319
1376
1288
1365
1264
1305
1275
1248
1248
1211
1243
1261
1232
1293
1233
1349
1243
1388
1243
1374
1245
1342
1236
1311
1224
1268
1237
1214
1238
1215
1243
1237
1254
1173
1259
1286
1228
1239
1251
1259
1246
1201
1247
1161
1269
1195
1276
1242
1295
1270
1297
1372
1316
1386
1314
1416
1315
1373
1304
1334
1299
1271
1305
1287
1318
1307
1331
1337
1341
1358
1363
1393
1374
1412
1407
1382
1391
1343
1396
1307
1412
1329
1421
1265
1437
1311
1437
1302
1369
1340
1409
1254
1385
1253
1337
1167
1311
1126
1278
1092
1277
1110
1285
1165
1287
1226
1296
1198
1297
1219
1294
1134
1294
1179
1320
1111
1316
1135
1336
1193
1349
1202
1359
1242
1359
1268
1339
1273
1319
1233
1283
1242
1274
1258
1265
1259
1307
1309
1275
1387
1275
1440
1274
1473
1286
1459
1269
1426
1265
1352
1279
1330
1276
1256
1298
1430
1271
1407
1276
1473
1257
1441
1246
1449
1215
1418
1168
1356
1226
1297
1244
1307
1271
1364
1303
1367
1328
1403
1335
1411
1331
1399
1307
1333
1312
1289
1329
1236
1335
1247
1340
1277
1354
1257
1375
1300
1339
1288
1323
1233
1317
1172
1305
1159
1305
1103
1313
1078
1329
1128
1342
1076
1374
1200
1342
1188
1329
1139
1304
1100
1286
1015
1277
1013
1263
1060
1278
1083
1294
1129
1313
1097
1324
1140
1335
1142
1346
1136
1353
1142
1366
1136
1378
1160
1408
1278
1417
1357
1410
1409
1393
1370
1374
1441
1331
1341
1294
1320
1279
1312
1275
1382
1249
1408
1275
1484
1284
1514
1280
1481
1285
1424
1265
1417
1264
1405
1262
1426
1246
1454
1337
1479
1329
1526
1341
1572
1330
1583
1316
1550
1292
1423
1294
1363
1301
1327
1317
1324
1301
1366
1344
1394
1349
1390
1350
1360
1341
1255
1327
1298
1308
1184
1323
1184
1328
1182
1333
1246
1329
1303
1321
1325
1289
1302
1248
1194
1265
1238
1222
1153
1245
1156
1266
1186
1294
1233
1320
1267
1319
1287
1318
1230
1327
1170
1288
1176
1322
1050
1311
1052
1329
1084
1331
1154
1327
1247
1319
1233
1292
1205
1275
1126
1213
1079
1270
1036
1266
1055
1309
1166
1337
1248
1343
1324
1354
1347
1342
1363
1317
1325
1298
1271
1286
1189
1285
1239
1280
1313
1284
1394
1274
1441
1258
1467
1240
1413
1225
1297
1224
1261
1233
1224
1262
1240
1302
1306
1344
1388
1362
1439
1430
1430
1343
1351
1368
1324
1352
1245
1354
1218
1354
1244
1368
1320
1403
1328
1412
1371
1389
1383
1360
1345
1347
1233
1332
1225
1320
1198
1348
1225
1376
1262
1387
1312
1372
1413
1354
1325
1307
1269
1297
1228
1282
1176
1265
1180
1285
1155
1297
1249
1328
1273
1333
1334
1335
1248
1300
1257
1266
1222
1263
1168
1255
1185
1275
1196
1294
1319
1300
1399
1311
1414
1282
1401
1250
1280
1274
1266
1219
1227
1268
1258
1299
1312
1336
1418
1351
1446
1356
1480
1347
1435
1328
1352
1304
1315
1278
1227
1291
1180
1319
1251
1313
1334
1316
1421
1291
1406
1282
1395
1253
1330
1220
1289
1201
1164
1237
1220
1261
1261
1290
1348
1297
1385
1351
1381
1334
1336
1307
1250
1299
1151
1334
1199
1314
1127
1338
1144
1365
1210
1371
1268
1342
1238
1365
1147
1326
1067
1298
1005
1293
955
1329
874
1347
1051
1374
1138
1388
1227
1394
1239
1384
1200
1349
1127
1321
1051
1309
1026
1330
1125
1356
1150
1340
1251
1357
1361
1328
1360
1296
1307
1253
1306
1238
1239
1242
1253
1240
1329
1282
1430
1291
1559
1324
1526
1334
1642
1303
1553
1297
1484
1251
1399
1279
1372
1310
1419
1342
1461
1371
1593
1382
1660
1353
1604
1326
1567
1300
1483
1282
1400
1282
1361
1310
1386
1332
1413
1342
1416
1339
1451
1304
1417
1233
1325
1221
1213
1210
1116
1230
1119
1256
1164
1297
1222
1318
1315
1320
1363
1301
1336
1295
1201
1273
1103
1269
1051
1281
1001
1312
1024
1346
1084
1349
1136
1356
1135
1360
1101
1312
1049
1285
964
1283
832
1312
872
1336
938
1360
1041
1396
1160
1376
1181
1354
1173
1323
1123
1313
998
1317
987
1319
1052
1350
1182
1369
1290
1388
1404
1355
1458
1334
1454
1297
1397
1264
1295
1260
1309
1271
1343
1297
1434
1327
1550
1318
1645
1317
1638
1284
1609
1265
1493
1240
1417
1259
1313
1322
1382
1314
1467
1359
1519
1387
1575
1373
1570
1333
1509
1314
1428
1290
1319
1272
1277
1305
1380
1335
1373
1367
1465
1382
1514
1351
1472
1330
1389
1287
1262
1255
1171
1246
1107
1273
1150
1286
1157
1360
1323
1341
1299
1321
1320
1282
1244
1253
1134
1232
1050
1242
984
1283
1070
1319
1141
1357
1247
1358
1314
1343
1290
1286
1215
1273
1089
1252
1007
1252
986
1289
1024
1321
1100
1348
1194
1349
1301
1305
1273
1295
1188
1263
1109
1260
1046
1268
1045
1329
1106
1366
1246
1391
1367
1385
1423
1336
1326
1330
1339
1267
1237
1258
1162
1271
1216
1304
1261
1335
1439
1353
1518
1351
1547
1325
1547
1251
1387
1287
1261
1268
1197
1282
1223
1317
1300
1368
1391
1366
1482
1356
1483
1320
1423
1301
1284
1245
1211
1226
1168
1249
1112
1299
1191
1317
1311
1336
1402
1335
1399
1302
1375
1258
1232
1203
1104
1239
941
1266
1056
1296
1167
1331
1258
1340
1345
1354
1405
1311
1318
1292
1235
1276
1076
1278
1067
1329
1124
1375
1202
1419
1347
1417
1440
1412
1418
1372
1340
1327
1254
1290
1159
1242
1136
1305
1156
1338
1249
1382
1386
1378
1481
1349
1493
1310
1416
1273
1319
1256
1241
1276
1156
1294
1296
1368
1355
1407
1448
1411
1518
1377
1529
1326
1491
1289
1347
1270
1255
1255
1204
1281
1123
1364
1338
1368
1469
1361
1540
1321
1503
1271
1369
1240
1273
1227
1092
1229
1109
1266
1177
1305
1269
1329
1339
1332
1401
1303
1345
1257
1255
1187
1122
1198
993
1264
1013
1287
1017
1307
1141
1340
1214
1342
1298
1289
1236
1262
1116
1238
996
1225
848
1253
912
1308
1030
1359
1147
1375
1258
1353
1360
1335
1264
1299
1182
1260
1033
1214
1025
1275
1028
1334
1160
1382
1363
1407
1476
1394
1535
1367
1491
1294
1402
1291
1257
1268
1140
1322
1227
1373
1351
1405
1494
1433
1590
1411
1632
1352
1749
1315
1502
1271
1470
1275
1333
1288
1396
1338
1456
1378
1582
1389
1650
1368
1644
1321
1554
1312
1368
1201
1301
1280
1280
1286
1250
1337
1341
1356
1440
1398
1508
1353
1422
1264
1313
1269
1193
1285
1079
1240
927
1265
1092
1320
1138
1364
1233
1380
1321
1343
1284
1292
1106
1242
1113
1243
962
1235
806
1254
896
1316
1121
1351
1201
1346
1292
1319
1302
1266
1168
1229
1067
1213
926
1214
1014
1285
1021
1343
1156
1374
1270
1381
1377
1358
1343
1297
1256
1258
1093
1278
1033
1301
1089
1323
1174
1376
1314
1416
1361
1406
1532
1400
1525
1328
1397
1206
1291
1315
1212
1314
1332
1363
1311
1409
1471
1443
1606
1406
1710
1359
1640
1288
1480
1271
1329
1202
1168
1229
1319
1314
1316
1378
1440
1387
1545
1363
1644
1326
1582
1273
1429
1279
1313
1235
1155
1284
1312
1326
1292
1378
1396
1397
1498
1358
1564
1324
1480
1279
1321
1189
1126
1197
989
1241
1194
1320
1170
1355
1278
1369
1374
1365
1430
1309
1340
1262
1095
1213
988
1242
887
1292
1009
1340
1087
1405
1233
1414
1365
1383
1396
1320
1389
1251
1225
1206
1062
1240
944
1270
1127
1326
1213
1375
1322
1385
1459
1352
1437
1292
1421
1197
1302
1193
1182
1271
1041
1293
1276
1374
1300
1414
1383
1425
1507
1380
1482
1313
1445
1231
1233
1252
1111
1257
994
1269
1089
1346
1295
1380
1416
1381
1535
1343
1506
1282
1464
1213
1266
1231
1154
1201
1052
1220
1233
1333
1340
1362
1487
1342
1582
1302
1531
1240
1397
1150
1215
1215
1125
1239
996
1256
1267
1371
1302
1410
1413
1399
1518
1371
1433
1326
1240
1267
1155
1229
949
1258
804
1284
1188
1387
1225
1422
1340
1406
1465
1342
1403
1305
1247
1314
1089
1213
968
1244
827
1359
1098
1428
1282
1440
1426
1424
1550
1363
1498
1321
1306
1225
1244
1268
1062
1308
952
1359
1312
1413
1399
1412
1539
1398
1618
1292
1579
1285
1410
1218
1297
1272
1145
1283
1017
1394
1384
1401
1453
1408
1622
1375
1600
1295
1609
1235
1398
1166
1214
1175
1051
1226
908
1336
1246
1400
1406
1382
1535
1344
1515
1284
1526
1241
1269
1202
1169
1235
1026
1261
866
1353
1273
1375
1337
1362
1467
1333
1398
1262
1400
1216
1189
1222
990
1145
770
1207
712
1343
1119
1389
1205
1390
1334
1355
1295
1287
1309
1208
1071
1236
927
1233
749
1229
800
1398
1158
1423
1299
1406
1445
1355
1409
1299
1431
1261
1169
1206
1042
1210
875
1284
953
1434
1324
1442
1473
1434
1630
1396
1588
1341
1598
1226
1372
1266
1236
1328
1069
1355
1310
1474
1475
1470
1603
1446
1738
1378
1684
1319
1649
1286
1414
1198
1235
1259
1061
1272
1254
1400
1454
1405
1569
1372
1719
1294
1649
1257
1505
1168
1345
1183
1090
1198
972
1217
1298
1369
1421
1361
1533
1343
1634
1277
1527
1240
1324
1147
1113
1216
972
1258
831
1309
1135
1391
1242
1400
1354
1375
1446
1297
1366
1259
1143
1207
1002
1172
805
1211
674
1258
1087
1397
1201
1407
1351
1359
1427
1311
1370
1281
1130
1254
1016
1269
846
1305
760
1340
1135
1445
1270
1433
1423
1398
1483
1321
1456
1274
1259
1238
1006
1262
952
1250
839
1337
1281
1448
1413
1449
1574
1415
1576
1324
1605
1296
1387
1284
1199
1216
1010
1284
907
1327
1402
1427
1518
1405
1686
1321
1661
1260
1653
1220
1337
1177
1180
1163
989
1243
873
1336
1390
1392
1520
1394
1679
1349
1627
1284
1635
1240
1361
1173
1110
1185
928
1272
838
1353
1347
1404
1488
1386
1629
1375
1584
1254
1572
1193
1319
1241
1121
1251
912
1253
845
1394
1291
1442
1432
1392
1576
1373
1499
1310
1477
1237
1196
1260
939
1248
775
1335
755
1432
1222
1471
1367
1457
1497
1416
1411
1342
1384
1277
1092
1291
927
1343
815
1344
719
1468
1245
1483
1399
1449
1554
1370
1492
1298
1455
1199
1171
1242
932
1221
816
1281
949
1374
1328
1381
1500
1318
1650
1257
1573
1200
1538
1139
1170
1169
989
1181
872
1233
1164
1353
1410
1337
1569
1324
1704
1233
1610
1188
1545
1154
1184
1171
1002
1175
892
1274
1207
1380
1453
1389
1616
1349
1740
1276
1622
1241
1421
1231
1164
1231
995
1286
878
1352
1208
1464
1379
1436
1546
1399
1638
1318
1536
1280
1351
1201
1102
1224
868
1320
768
1347
1185
1469
1319
1469
1481
1420
1499
1348
1527
1303
1227
1247
1019
1270
872
1314
723
1395
1212
1504
1365
1502
1529
1479
1524
1365
1510
1327
1281
1269
1064
1335
910
1345
823
1398
1228
1480
1420
1448
1600
1394
1594
1290
1599
1243
1283
1248
1174
1231
969
1279
885
1359
1376
1369
1530
1337
1688
1288
1642
1208
1630
1168
1281
1122
1095
1149
888
1181
874
1318
1334
1355
1479
1340
1631
1280
1575
1203
1552
1159
1252
1188
998
1155
789
1212
819
1364
1227
1380
1401
1368
1532
1294
1468
1250
1430
1174
1085
1194
954
1268
751
1281
694
1439
1269
1460
1400
1436
1561
1378
1509
1308
1486
1226
1215
1225
963
1330
842
1396
857
1476
1299
1485
1508
1453
1642
1379
1571
1314
1517
1218
1226
1241
1019
1308
852
1363
1133
1486
1347
1472
1515
1428
1716
1339
1617
1291
1462
1170
1256
1232
980
1265
856
1310
1240
1433
1392
1410
1570
1376
1700
1297
1648
1230
1457
1136
1184
1194
1052
1214
895
1279
1275
1362
1408
1341
1579
1329
1672
1210
1649
1165
1424
1154
1192
1170
1044
1186
875
1278
1266
1377
1404
1380
1572
1350
1606
1281
1583
1248
1282
1238
1060
1206
851
1268
699
1354
1184
1459
1310
1452
1501
1380
1262
1356
1695
1261
1271
1268
1004
1267
826
1328
744
1436
1182
1481
1306
1461
1485
1418
1277
1354
1650
1212
1212
1249
1019
1300
841
1359
685
1452
1170
1480
1325
1456
1513
1352
1609
1357
1635
1275
1295
1204
1077
1263
833
1314
857
1443
1224
1457
1378
1426
1308
1321
1665
1304
1646
1141
1266
1131
1064
1185
920
1189
1259
1338
1365
1349
1517
1307
1441
1175
1797
1193
1600
1111
1365
1050
1138
1117
1005
1201
1303
1343
1370
1360
1526
1353
1348
1247
1713
1268
1609
1166
1264
1165
1023
1202
828
1343
1222
1443
1290
1460
1444
1344
1201
1282
1760
1368
1444
1256
1135
1285
956
1282
793
1485
1136
1515
1214
1517
1374
1459
1216
1359
1699
1383
1276
1267
1148
1255
835
1371
694
1467
1081
1505
1200
1491
1362
1392
1182
1288
1697
1364
1363
1253
1144
1231
937
1302
1124
1428
1182
1451
1288
1440
1469
1345
1290
1233
1859
1272
1383
1150
1158
1202
937
1245
1133
1353
1251
1374
1336
1358
1226
1190
1383
1227
1859
1202
1387
1120
1223
1158
1007
1144
1252
1324
1273
1353
1383
1342
1274
1258
1317
1165
1865
1210
1387
1091
1123
1133
957
1207
1254
1341
1271
1391
1384
1381
1212
1294
1374
1281
1842
1180
1328
1151
1067
1187
882
1375
1192
1456
1201
1486
1310
1470
1158
1346
1237
1379
1750
1255
1234
1235
964
1281
828
1476
1128
1514
1166
1553
1311
1465
1149
1380
1336
1369
1777
1272
1263
1218
1043
1296
998
1428
1206
1479
1249
1490
1404
1409
1239
1282
1698
1330
1572
1189
1320
1168
1069
1282
883
1433
1241
1448
1290
1457
1394
1319
1281
1257
1732
1309
1723
1211
1305
1206
1048
1249
1238
1364
1228
1406
1276
1397
1448
1325
1310
1247
1790
1233
1432
1124
1235
1165
972
1195
1075
1310
1198
1357
1271
1372
1099
1275
1266
1208
1783
1208
1430
1136
1207
1116
931
1200
1145
1338
1163
1400
1241
1410
1100
1180
1271
1282
1758
1289
1388
1235
1177
1234
904
1239
1190
1460
1168
1497
1285
1496
1114
1408
1299
1353
1812
1336
1319
1251
1148
1268
887
1374
1208
1421
1174
1522
1306
1418
1108
1411
1350
1378
1841
1404
1386
1246
1203
1275
1015
1408
1231
1465
1234
1509
1351
1460
1180
1356
1388
1339
1892
1287
1409
1223
1214
1170
997
1344
1294
1410
1279
1420
1337
1351
1152
1282
1340
1271
1844
1133
1286
1147
1065
1177
1209
1288
1170
1337
1185
1339
1284
1246
1138
1207
1346
1226
1813
1140
1288
1149
1058
1192
1236
1319
1263
1389
1260
1410
1047
1266
1205
1242
1754
1290
1874
1156
1311
1184
1187
1271
1319
1374
1278
1429
1305
1431
1048
1352
1251
1290
1649
1312
1626
1170
1180
1216
995
1269
1196
1426
1130
1482
1162
1538
905
1400
1102
1320
1556
1386
1567
1344
1135
1312
897
1387
1063
1440
1144
1473
1203
1449
987
1363
1179
1252
1695
1285
1356
1162
1138
1193
964
1323
1166
1375
1196
1407
1256
1309
1051
1281
1218
1262
1748
1264
1421
1197
1248
1159
1073
1279
1363
1364
1356
1387
1434
1338
1208
1244
1385
1195
1873
1234
1469
1158
1294
1155
1129
1302
1380
1387
1370
1428
1440
1340
1158
1311
1310
1313
1845
1303
1400
1225
1186
1281
1389
1298
1297
1451
1269
1470
1283
1359
1087
1333
1214
1326
1682
1328
1226
1231
1036
1264
1249
1383
1228
1467
1236
1486
1310
1417
1041
1324
1204
1322
1681
1261
1214
1179
1039
1251
1250
1333
1230
1402
1251
1423
976
1339
1074
1258
1222
1306
1674
1181
1182
1192
1014
1264
1072
1384
1243
1446
1251
1439
1051
1369
1072
1319
1540
1308
1550
1177
1172
1164
1064
1191
1366
1341
1402
1380
1445
1386
1116
1229
1274
1174
1773
1219
1748
1095
1292
1082
1183
1220
1357
1293
1373
1360
1408
1353
1120
1256
1205
1233
1587
1252
1392
1136
1111
1180
975
1321
1268
1412
1302
1452
1331
1375
1051
1362
1177
1328
1637
1325
1234
1215
1065
1288
1054
1384
1247
1414
1272
1468
1323
1407
1059
1360
1195
1294
1627
1311
1219
1241
1030
1236
1272
1311
1298
1424
1299
1477
1343
1416
1040
1389
1138
1368
1617
1343
1120
1237
1030
1218
1257
1320
1226
1421
1231
1448
1292
1366
953
1315
1072
1324
1573
1272
1078
1208
1025
1236
1295
1325
1303
1403
1352
1433
1050
1305
1163
1281
1364
1276
1813
1241
1322
1118
1204
1100
1239
1230
1420
1296
1406
1319
1147
1211
1136
1191
1246
1205
1684
1133
1218
1133
1119
1204
1185
1289
1406
1328
1464
1356
1102
1249
1197
1217
1572
1299
1777
1202
1286
1235
1136
1307
1219
1376
1383
1418
1358
1458
980
1340
1049
1308
1500
1365
1409
1257
1001
1296
976
1383
1087
1436
1308
1471
1357
1434
994
1379
1095
1285
1568
1360
1389
1287
1113
1236
1019
1370
1242
1428
1355
1459
1326
1423
967
1323
1038
1293
1503
1343
1318
1216
1085
1207
1311
1298
1284
1376
1370
1412
1414
1366
1066
1314
1100
1320
1579
1304
1152
1235
1050
1239
1344
1277
1340
1395
1376
1393
1414
1329
1083
1300
1165
1239
1659
1255
1265
1173
1198
1119
1545
1201
1545
1299
1566
1325
1209
1267
1242
1243
1569
1271
1747
1170
1277
1167
1250
1156
1541
1247
1537
1351
1533
1390
1204
1351
1174
1311
1154
1344
1633
1308
1162
1257
1114
1243
1220
1321
1428
1385
1393
1408
1036
1326
1065
1279
1195
1321
1485
1276
1041
1243
907
1326
1003
1369
1284
1444
1285
1470
856
1364
897
1335
1324
1413
1429
1335
1021
1316
942
1353
1098
1373
1398
1398
1406
1368
1037
1291
1079
1269
1464
1292
1479
1193
1035
1180
1101
1289
1230
1337
1452
1382
1431
1321
1111
1285
1178
1302
1631
1327
1300
1259
1191
1242
1136
1345
1426
1387
1535
1409
1502
1361
1101
1352
1277
1268
1589
1313
1209
1233
1103
1247
1422
1274
1447
1340
1570
1367
1560
1263
1177
1268
1296
1316
1702
1279
1254
1144
1193
1182
1395
1257
1482
1350
1495
1401
1466
1333
1057
1354
1050
1276
1395
1352
1019
1217
921
1281
1283
1304
1321
1404
1370
1431
1093
1389
1082
1338
1125
1387
1537
1362
1064
1292
1029
1236
1159
1313
1418
1382
1445
1410
1103
1294
1063
1275
1158
1328
1574
1272
1152
1199
1038
1215
1284
1238
1485
1329
1496
1363
1116
1257
1096
1312
1167
1357
1558
1305
1100
1251
1071
1321
1141
1346
1523
1403
1548
1407
1214
1293
1227
1316
1653
1313
1652
1222
1231
1200
1166
1251
1227
1283
1568
1332
1580
1275
1133
1294
1422
1250
1508
1338
1529
1195
1050
1265
1034
1283
1220
1350
1433
1386
1439
1389
1060
1346
1157
1276
1489
1339
1109
1264
1049
1222
992
1293
1148
1314
1404
1352
1376
1270
1001
1297
1114
1328
1455
1371
1096
1306
995
1297
1350
1330
1321
1411
1468
1460
1478
1415
1090
1415
1188
1386
1522
1432
1092
1335
1043
1279
1394
1350
1362
1411
1462
1406
1103
1355
1095
1376
1113
1362
1525
1324
1071
1185
1085
1240
1439
1256
1500
1323
1547
1348
1212
1300
1198
1329
1165
1313
1622
1301
1198
1244
1154
1242
1312
1253
1512
1296
1542
1330
1085
1226
1480
1255
1130
1304
1532
1218
1088
1217
1114
1157
1264
1254
1540
1321
1577
1342
1226
1252
1362
1276
1228
1321
1611
1217
1157
1193
1185
1309
1349
1316
1546
1360
1529
1342
1070
1284
1380
1328
1065
1374
1478
1325
1074
1270
1044
1376
1280
1384
1509
1423
1506
1405
1152
1352
1222
1311
1460
1388
1373
1268
976
1326
1001
1379
1136
1398
1412
1431
1419
1371
1011
1304
1240
1321
1299
1415
1218
1330
938
1344
1300
1349
1217
1418
1476
1437
1488
1397
1128
1414
1129
1309
1492
1354
1056
1221
983
1229
1194
1257
1312
1274
1460
1274
1473
1173
1047
1223
1158
1198
1543
1274
1124
1185
1170
1161
1550
1250
1578
1332
1665
1356
1307
1310
1334
1340
1229
1277
1639
1313
1222
1205
1142
1233
1526
1233
1590
1301
1646
1301
1332
1256
1258
1283
1199
1241
1623
1319
1202
1248
1156
1239
1498
1293
1567
1363
1577
1385
1173
1301
1486
1318
1079
1292
1467
1304
988
1235
942
1311
1090
1313
1364
1402
1346
1416
964
1355
1254
1385
855
1442
1297
1360
847
1354
820
1413
1055
1430
1370
1444
1411
1386
963
1391
1353
1357
1046
1379
1444
1295
1034
1311
1035
1364
1302
1348
1528
1398
1560
1337
1145
1312
1326
1311
1471
1345
1393
1270
1129
1235
1135
1261
1344
1272
1631
1275
1582
1203
1228
1237
1209
1142
1491
1234
1412
1144
1144
1158
1403
1274
1280
1303
1596
1346
1591
1313
1202
1345
1217
1286
1526
1334
1105
1265
1048
1276
1229
1325
1442
1352
1579
1357
1239
1234
1507
1324
1156
1236
1515
1321
1047
1243
1011
1222
1359
1335
1348
1407
1464
1452
1100
1355
1291
1391
1006
1302
1390
1394
1001
1314
910
1307
1162
1353
1296
1399
1388
1410
1113
1365
1087
1386
1055
1318
1439
1370
1004
1336
938
1346
1388
1369
1474
1424
1532
1443
1158
1366
1532
1354
1149
1335
1533
1364
1104
1277
1050
1303
1242
1266
1549
1317
1593
1308
1198
1234
1560
1212
1229
1267
1608
1163
1115
1147
1159
1268
1289
1256
1599
1301
1591
1218
1124
1275
1374
1234
1092
1258
1502
1196
1016
1182
1017
1291
1267
1294
1524
1361
1559
1312
1119
1268
1252
1273
1456
1370
1342
1282
1044
1305
1055
1402
1320
1438
1527
1452
1511
1330
1125
1412
1188
1297
1347
1365
1254
1280
1030
1245
1112
1331
1201
1390
1459
1394
1404
1359
1042
1390
1050
1331
1196
1295
1100
1308
876
1301
1283
1359
1200
1381
1419
1397
1096
1262
1417
1341
1022
1211
1441
1329
1064
1232
984
1264
1348
1285
1354
1357
1476
1360
1147
1283
1412
1323
1111
1268
1476
1301
1008
1177
1013
1173
1402
1247
1496
1287
1593
1296
1162
1192
1597
1240
1223
1171
1588
1238
1086
1215
1113
1253
1421
1302
1560
1360
1611
1361
1246
1244
1650
1256
1219
1162
1611
1205
1134
1156
1082
1212
1329
1245
1587
1327
1638
1315
1242
1351
1610
1264
1176
1385
1539
1374
1092
1371
1071
1476
1238
1459
1510
1561
1543
1522
1138
1505
1294
1386
1060
1416
1484
1298
929
1316
890
1366
1144
1348
1405
1390
1420
1325
990
1323
1156
1292
1025
1356
1353
1325
935
1298
1195
1369
1137
1393
1415
1398
1438
1320
1043
1318
1081
1226
1302
1281
1065
1141
890
1179
1018
1217
1162
1245
1467
1249
1515
1222
1175
1257
1197
1200
1290
1252
1250
1255
1061
1248
1462
1264
1413
1331
1614
1333
1276
1253
1620
1272
1267
1165
1587
1238
1171
1177
1067
1215
1449
1242
1425
1325
1612
1350
1325
1236
1614
1317
1187
1239
1557
1358
1153
1334
1075
1355
1413
1387
1439
1443
1555
1448
1154
1340
1563
1368
1142
1295
1486
1405
1016
1360
879
1331
1184
1419
1360
1484
1436
1489
1101
1405
1473
1374
1110
1315
1403
1320
926
1262
881
1282
1063
1330
1363
1370
1412
1308
1006
1322
1455
1251
1082
1231
1468
1230
949
1240
1061
1280
1195
1302
1485
1351
1541
1292
1127
1314
1397
1207
1132
1265
1554
1198
1081
1153
1050
1272
1316
1278
1574
1330
1557
1275
1424
1319
1338
1246
1201
1288
1545
1244
1062
1264
1345
1330
1233
1343
1553
1368
1567
1242
1424
1314
1218
1231
1433
1258
1261
1159
1095
1215
1167
1334
1272
1366
1496
1400
1557
1310
1250
1386
1207
1286
1292
1377
1144
1281
1010
1363
1357
1321
1186
1428
1424
1433
1103
1363
1472
1372
1075
1288
1448
1337
1030
1236
951
1263
1200
1358
1229
1428
1387
1448
1104
1317
1413
1383
1009
1306
1420
1366
963
1245
930
1251
1181
1310
1306
1338
1438
1319
1066
1196
1529
1222
1125
1097
1574
1194
1135
1175
1061
1128
1497
1223
1518
1314
1598
1334
1240
1281
1616
1303
1240
1243
1526
1265
1070
1240
1084
1377
1235
1343
1517
1419
1578
1332
1154
1389
1598
1230
1193
1243
1608
1296
1121
1215
1100
1343
1307
1329
1565
1380
1614
1350
1244
1351
1473
1251
1259
1252
1626
1202
1128
1255
1098
1334
1332
1344
1570
1400
1572
1338
1442
1377
1304
1246
1128
1337
1430
1302
972
1321
1249
1350
1147
1402
1353
1446
1367
1371
1258
1412
991
1318
1118
1355
965
1237
801
1286
802
1371
955
1366
1242
1403
872
1291
1319
1370
1006
1211
1068
1304
963
1194
936
1211
1269
1251
1081
1319
1381
1326
1084
1258
1474
1292
1101
1187
1542
1252
1117
1201
1059
1211
1432
1283
1457
1364
1620
1375
1407
1276
1716
1362
1329
1188
1713
1363
1303
1271
1188
1260
1551
1351
1547
1393
1675
1396
1282
1309
1703
1286
1274
1199
1635
1305
1157
1214
1158
1277
1307
1328
1511
1375
1593
1384
1223
1299
1630
1255
1178
1263
1580
1279
1090
1261
935
1331
1093
1352
1383
1425
1418
1336
977
1413
1405
1347
1050
1313
1406
1334
944
1268
869
1368
1085
1353
1300
1407
1348
1349
918
1381
1207
1279
991
1295
1317
1262
887
1239
828
1301
993
1320
1344
1372
1325
1326
1307
1332
1178
1231
1059
1286
1409
1222
1023
1252
1212
1367
1283
1335
1529
1398
1620
1322
1528
1391
1303
1302
1523
1344
1296
1217
1176
1289
1137
1331
1431
1362
1640
1368
1325
1266
1669
1333
1345
1203
1251
1262
1262
1193
1086
1218
1412
1252
1259
1324
1498
1357
1101
1266
1503
1329
1089
1244
1467
1283
1043
1236
946
1266
1278
1278
1233
1358
1410
1373
1173
1302
1464
1324
1042
1227
1447
1316
1036
1274
938
1263
1279
1335
1281
1399
1410
1415
1018
1406
1461
1343
1091
1274
1399
1345
949
1224
970
1324
1089
1339
1321
1408
1443
1411
1083
1322
1520
1256
1082
1239
1513
1275
1050
1256
1004
1265
1163
1319
1424
1379
1491
1333
1111
1382
1546
1308
1153
1267
1551
1311
1124
1268
1124
1372
1280
1376
1591
1446
1660
1418
1271
1425
1557
1341
1329
1322
1597
1249
1208
1266
1108
1278
1330
1268
1566
1319
1558
1269
1515
1295
1355
1225
1197
1233
1442
1218
1060
1169
1160
1295
1197
1349
1484
1420
1515
1316
1481
1414
1125
1296
1301
1361
1049
1298
970
1240
871
1370
1160
1377
1391
1385
1034
1296
1472
1361
1149
1272
1241
1295
1096
1179
963
1222
1280
1276
1009
1347
1354
1378
1028
1268
1406
1364
991
1240
1065
1343
937
1238
907
1262
1130
1342
1222
1390
1454
1403
1075
1327
1580
1353
1178
1280
1530
1303
1054
1184
1026
1253
1351
1308
1381
1372
1543
1386
1219
1300
1683
1316
1249
1214
1588
1285
1159
1182
1087
1181
1299
1278
1522
1359
1646
1365
1314
1341
1726
1247
1306
1238
1676
1240
1201
1183
1121
1225
1224
1295
1521
1378
1586
1308
1146
1383
1602
1267
1152
1211
1541
1244
1034
1197
1001
1332
1310
1332
1443
1411
1496
1374
1092
1444
1371
1388
1136
1383
1381
1303
934
1285
909
1385
1062
1403
1315
1463
1354
1354
1262
1424
1125
1328
956
1320
1116
1244
780
1259
994
1325
1002
1356
1311
1413
1378
1342
1380
1415
1101
1256
1253
1331
1073
1262
993
1217
934
1335
1189
1344
1465
1371
1168
1302
1578
1317
1215
1154
1274
1228
1155
1125
1126
1126
1451
1228
1340
1318
1674
1359
1392
1294
1779
1314
1425
1236
1411
1258
1294
1082
1219
1166
1544
1259
1446
1318
1663
1336
1300
1300
1732
1327
1290
1235
1622
1280
1162
1250
1049
1240
1358
1346
1358
1408
1492
1434
1107
1421
1539
1356
1119
1317
1431
1354
1006
1298
919
1330
1012
1334
1214
1426
1358
1455
995
1428
1407
1391
1016
1337
1357
1322
854
1288
801
1322
1102
1415
1338
1466
1431
1371
1019
1431
1496
1333
1082
1248
1426
1280
969
1250
853
1315
1070
1304
1362
1389
1463
1392
1126
1400
1377
1278
1149
1336
1481
1303
1092
1273
1015
1317
1238
1336
1576
1330
1630
1253
1588
1325
1596
1179
1296
1207
1534
1155
1196
1107
1226
1237
1480
1258
1651
1324
1742
1251
1712
1319
1435
1215
1423
1284
1276
1232
1082
1185
989
1339
1212
1361
1468
1395
1136
1339
1541
1362
1176
1258
1100
1292
1055
1238
920
1247
1226
1272
1109
1377
1395
1401
1127
1269
1490
1362
1131
1263
1025
1321
998
1208
827
1215
1209
1318
1065
1387
1346
1406
939
1377
1444
1377
1062
1252
1392
1338
960
1297
834
1285
1237
1393
1290
1467
1449
1482
1096
1431
1606
1392
1180
1269
1552
1320
1086
1225
1001
1211
1300
1330
1404
1398
1541
1327
1177
1393
1621
1286
1265
1254
1647
1291
1182
1281
1121
1330
1249
1353
1563
1425
1659
1311
1305
1408
1713
1259
1260
1212
1650
1222
1184
1226
1038
1246
1164
1248
1552
1325
1573
1315
1274
1295
1467
1209
1184
1269
1459
1176
985
1210
989
1309
1080
1320
1445
1392
1508
1287
1495
1345
1302
1266
1135
1260
1325
1206
980
1151
870
1306
1063
1327
1359
1391
1409
1298
1398
1396
1050
1301
975
1330
1205
1301
859
1315
1212
1335
1157
1410
1386
1459
1050
1364
1499
1408
1128
1246
1217
1324
1083
1198
977
1224
1264
1329
1155
1411
1473
1444
1228
1385
1615
1398
1210
1279
1228
1306
1136
1178
1036
1215
1260
1258
1294
1313
1556
1324
1172
1276
1681
1285
1312
1178
1621
1186
1177
1137
1059
1201
1402
1292
1434
1384
1618
1415
1273
1429
1737
1336
1307
1297
1604
1315
1111
1218
1043
1219
1165
1314
1367
1402
1511
1318
1100
1391
1629
1331
1164
1251
1556
1227
1019
1193
947
1268
1307
1353
1402
1418
1499
1338
1124
1399
1532
1309
1175
1218
1512
1198
975
1192
932
1303
1118
1315
1361
1395
1422
1348
1117
1406
1302
1267
1010
1337
1266
1235
858
1220
839
1352
1026
1367
1268
1433
1318
1327
1337
1409
1232
1308
1045
1290
1270
1205
960
1209
948
1330
1135
1340
1453
1389
1557
1309
1596
1363
1338
1257
1319
1250
1459
1224
1115
1217
1450
1277
1324
1335
1613
1385
1298
1314
1700
1327
1313
1184
1303
1243
1214
1201
1048
1208
1396
1277
1248
1374
1532
1364
1250
1352
1641
1379
1217
1297
1202
1314
1187
1214
990
1212
1344
1324
1218
1413
1453
1422
1065
1335
1566
1365
1189
1208
1461
1272
968
1165
922
1288
1151
1294
1226
1395
1397
1423
1054
1409
1530
1334
1109
1271
1476
1325
1013
1231
924
1340
1099
1366
1320
1444
1490
1375
1166
1445
1621
1364
1222
1264
1571
1315
1116
1287
1040
1251
1228
1355
1446
1467
1557
1410
1223
1417
1647
1335
1290
1245
1618
1235
1108
1185
1063
1302
1209
1317
1465
1398
1527
1401
1274
1292
1586
1332
1573
1276
1259
1151
1016
1152
943
1194
892
1231
933
1364
1490
1390
1543
1342
1566
1297
1352
1219
1266
1195
1186
1216
968
1216
910
1231
985
1268
1086
1330
1613
1357
1704
1344
1672
1260
1567
1224
1326
1219
1245
1264
1228
1291
1132
1275
1177
1318
1203
1261
1176
1275
1563
1271
1457
1263
1340
1284
1117
1304
1077
1372
1133
1421
1018
1382
1079
1331
1114
1319
1066
1316
1420
1355
1361
1376
1283
1406
1253
1412
1167
1406
1267
1403
1302
1312
1205
1263
1180
1260
1108
1213
1013
1306
1398
1351
1415
1382
1453
1398
1396
1352
1444
1314
1460
1272
1219
1222
1117
1187
1025
1262
961
1317
1434
1414
1528
1433
1599
1412
1632
1362
1455
1314
1408
1288
1281
1207
1098
1265
1075
1335
1095
1344
1180
1406
1709
1402
1726
1337
1693
1286
1471
1242
1358
1244
1271
1278
1049
1292
1111
1309
1187
1348
1242
1326
1721
1347
1714
1308
1598
1278
1456
1254
1201
1274
1089
1314
1165
1341
997
1342
1071
1295
1117
1262
1056
1276
1397
1294
1266
1287
1181
1325
979
1346
1013
1359
1111
1364
995
1301
1040
1226
1011
1215
912
1196
1241
1273
1209
1298
1167
1340
1230
1347
1152
1344
1259
1318
1303
1233
1129
1242
1018
1225
1013
1246
997
1323
1399
1338
1431
1397
1537
1369
1477
1332
1504
1294
1488
1262
1237
1207
1110
1244
1067
1251
1082
1402
1584
1495
1715
1495
1775
1463
1783
1388
1584
1339
1503
1327
1378
1316
1212
1319
1213
1357
1287
1373
1355
1402
1820
1364
1824
1318
1713
1283
1448
1236
1310
1283
1236
1357
1088
1381
1110
1324
1169
1374
1190
1282
1560
1340
1520
1305
1383
1295
1267
1288
1046
1311
1068
1317
1145
1278
1102
1212
1133
1223
1086
1146
960
1207
1309
1228
1174
1260
1143
1302
1034
1298
1080
1308
1186
1298
1128
1225
1062
1153
967
1170
873
1198
1216
1323
1264
1375
1301
1413
1377
1399
1302
1366
1350
1326
1331
1280
1020
1222
980
1224
829
1242
833
1392
1336
1429
1437
1420
1553
1392
1490
1306
1429
1256
1384
1200
1144
1171
1096
1234
1074
1266
1125
1239
1511
1341
1685
1294
1694
1259
1619
1204
1355
1174
1250
1173
1172
1215
1004
1257
1001
1201
1076
1210
1229
1229
1661
1205
1594
1171
1463
1164
1250
1196
1027
1260
1037
1395
987
1382
1080
1434
1223
1437
1278
1438
1517
1447
1654
1429
1589
1436
1414
1483
1205
1540
1247
1592
1356
1574
1303
1514
1414
1466
1459
1425
1351
1291
1677
1318
1550
1318
1380
1372
1278
1430
1125
1506
1163
1549
1141
1466
1058
1463
1067
1282
1050
1226
905
1209
1288
1169
1201
1186
1137
1253
977
1314
1018
1389
1081
1444
1012
1402
1020
1336
1087
1267
1119
1167
1594
1141
1631
1108
1617
1143
1593
1200
1442
1303
1512
1380
1585
1410
1539
1315
1555
1178
1566
1025
1516
1007
1859
969
1685
991
1508
1079
1234
1251
1234
1414
1317
1506
1285
1490
1366
1317
1379
1143
1305
982
1579
971
1405
991
1197
1129
1046
1271
866
1459
958
1608
1110
1633
1050
1519
1184
1357
1066
1165
908
1125
1121
1135
963
1216
833
1367
727
1487
790
1617
951
1676
950
1582
1036
1446
1036
1235
948
1119
1027
1133
1111
1182
1039
1310
1050
1465
985
1581
1158
1643
1334
1637
1337
1491
1344
1321
1263
1139
1211
1079
1525
1109
1461
1154
1449
1264
1442
1379
1463
1506
1645
1585
1720
1509
1708
1496
1726
1361
1644
1218
1477
1188
1715
1187
1569
1261
1504
1400
1382
1491
1512
1580
1696
1580
1643
1486
1736
1308
1666
1165
1459
1021
1651
1046
1418
1096
1247
1273
1196
1430
1132
1574
1334
1623
1510
1514
1443
1361
1446
1161
1208
990
936
1058
1175
1049
1004
1191
929
1352
850
1479
1005
1534
1208
1540
1178
1418
1189
1211
1108
1084
928
1056
1159
1140
1099
1240
1006
1383
1077
1495
1033
1551
1217
1549
1398
1436
1318
1277
1381
1194
1337
1063
1165
1040
1486
1154
1394
1256
1295
1381
1251
1485
1193
1554
1288
1561
1337
1413
1355
1368
1360
1248
1344
1105
1246
1129
1492
1170
1304
1254
1172
1353
996
1426
1049
1500
1266
1520
1333
1412
1484
1286
1521
1176
1425
1079
1613
1177
1414
1235
1225
1352
1141
1450
1058
1535
1259
1564
1502
1501
1494
1345
1644
1174
1517
1031
1352
1062
1510
1146
1298
1257
1188
1414
1105
1526
1245
1608
1489
1605
1558
1488
1617
1298
1535
1157
1403
1047
1384
1145
1311
1196
1164
1271
1140
1409
1078
1469
1280
1498
1491
1441
1453
1374
1441
1264
1290
1108
1083
1104
1296
1201
1141
1265
1056
1340
1064
1382
1059
1429
1237
1433
1422
1291
1313
1252
1278
1151
1153
1074
929
1082
1153
1146
992
1234
972
1338
898
1427
1067
1552
1298
1518
1325
1375
1425
1287
1323
1189
1120
1019
1272
1117
1142
1170
1033
1261
1035
1371
1053
1460
1327
1495
1611
1458
1632
1358
1644
1208
1456
1079
1217
1035
1365
1205
1178
1311
1129
1440
1201
1527
1341
1581
1644
1556
1831
1447
1686
1326
1586
1210
1346
1140
1038
1200
1239
1299
1135
1414
1155
1543
1174
1595
1416
1619
1642
1557
1603
1426
1479
1260
1290
1178
1027
1114
1180
1214
1055
1282
989
1354
1073
1418
1080
1416
1290
1440
1484
1366
1371
1212
1321
1157
1138
1121
858
1108
1099
1217
956
1300
939
1404
1057
1462
1189
1505
1494
1490
1654
1318
1653
1181
1543
1061
1237
985
951
1084
1112
1155
1028
1288
1102
1428
1229
1505
1615
1549
1956
1492
1989
1366
1850
1128
1570
1021
1167
1033
1243
1127
1072
1238
1050
1407
1242
1486
1419
1539
1791
1513
2002
1395
1754
1223
1484
1123
1113
1099
718
1135
890
1276
842
1385
972
1476
1182
1518
1410
1504
1638
1413
1703
1187
1325
1144
1024
1032
726
1011
453
1143
796
1249
840
1364
1026
1446
1140
1470
1371
1454
1497
1388
1309
1281
1124
1125
904
1049
634
1104
846
1200
849
1283
893
1365
1087
1411
1196
1419
1453
1400
1582
1326
1398
1181
1305
1099
996
1007
776
1108
994
1263
991
1409
1080
1507
1336
1547
1563
1542
1850
1463
1964
1254
1661
1120
1389
1062
981
1042
638
1186
976
1355
1053
1452
1331
1570
1579
1577
1912
1537
2096
1436
1886
1227
1525
1129
1144
1085
758
1169
841
1337
1039
1431
1275
1520
1640
1571
1803
1509
1992
1401
1986
1292
1546
1194
1233
1101
889
1141
635
1215
1019
1368
1152
1457
1415
1496
1638
1479
1681
1403
1730
1311
1620
1181
1235
1100
923
984
655
1018
566
1170
947
1271
1055
1372
1226
1446
1333
1463
1446
1429
1524
1361
1444
1177
1176
1100
906
1059
695
1045
652
1214
992
1315
1073
1409
1251
1476
1323
1442
1505
1383
1593
1280
1360
1144
1090
1108
889
1043
634
1154
871
1323
987
1449
1197
1544
1464
1563
1574
1504
1753
1405
1715
1253
1302
1179
1079
1091
803
1099
663
1199
1063
1423
1264
1524
1554
1581
1821
1561
1866
1497
1901
1414
1757
1269
1322
1206
1056
1133
742
1157
817
1313
1342
1384
1545
1459
1760
1483
1804
1448
1821
1402
1744
1312
1518
1174
1225
1117
961
1071
807
1090
961
1286
1284
1358
1398
1432
1517
1471
1461
1440
1483
1372
1435
1259
1120
1062
973
1031
731
1014
582
978
918
1202
1033
1333
1192
1453
1358
1492
1414
1471
1510
1380
1461
1274
1157
1067
853
1026
630
1082
450
1163
946
1352
1144
1487
1418
1570
1678
1534
1739
1444
1786
1318
1635
1154
1183
1105
885
1057
644
1136
644
1356
1217
1489
1490
1591
1777
1611
1864
1535
1879
1434
1782
1314
1449
1194
955
1118
817
1112
736
1213
740
1356
1372
1473
1615
1554
1793
1592
1749
1507
1678
1437
1537
1337
1194
1205
1002
1138
821
1127
782
1102
1197
1319
1376
1439
1524
1532
1622
1519
1514
1482
1486
1358
1332
1191
1028
1081
884
1000
743
1019
666
1113
1136
1368
1279
1523
1442
1617
1611
1580
1566
1460
1551
1276
1424
1100
1045
989
770
906
591
1017
662
1254
1176
1500
1431
1643
1693
1697
1857
1592
1816
1441
1725
1257
1476
1136
991
1007
825
1066
684
1179
744
1439
1459
1588
1729
1693
1950
1655
1920
1495
1812
1332
1613
1183
1219
1043
901
1023
779
1119
828
1214
1130
1432
1601
1536
1799
1589
1911
1561
1737
1421
1596
1265
1382
1132
1002
970
828
984
710
1057
741
1135
1214
1393
1427
1529
1593
1601
1678
1562
1582
1421
1475
1231
1321
1099
961
990
792
985
685
1077
670
1200
1189
1492
1388
1609
1599
1623
1760
1490
1605
1295
1484
1076
1218
986
774
935
541
959
439
1135
549
1447
1168
1625
1454
1694
1708
1621
1804
1439
1603
1241
1369
1103
1055
1006
550
1009
486
1191
530
1329
690
1536
1496
1662
1810
1661
1996
1581
1919
1408
1651
1260
1355
1153
1066
1085
731
1087
685
1196
830
1291
1118
1525
1827
1592
1998
1615
2044
1559
1792
1385
1544
1263
1301
1153
997
1018
782
1110
857
1207
994
1349
1439
1572
1757
1652
1897
1690
1928
1591
1693
1380
1523
1202
1277
1055
950
951
826
1019
780
1181
888
1310
1450
1588
1723
1676
1938
1618
1966
1433
1715
1208
1482
993
1185
974
722
899
586
1013
679
1194
824
1440
1503
1631
1783
1603
1955
1482
1914
1275
1538
1082
1213
946
894
937
516
1032
538
1183
639
1329
885
1421
1606
1644
1828
1611
1884
1489
1744
1323
1293
1199
988
1100
764
1052
525
1157
596
1269
770
1359
1048
1539
1738
1651
1898
1619
1905
1518
1731
1356
1353
1211
1106
1112
986
1052
698
1047
810
1231
963
1378
1160
1604
1860
1691
1984
1645
2005
1498
1803
1285
1463
1115
1194
1010
936
989
688
1096
738
1276
957
1496
1313
1720
1927
1739
2078
1631
2052
1432
1708
1181
1310
1019
973
953
674
940
486
1157
685
1351
999
1505
1598
1631
1986
1574
2070
1422
1905
1235
1435
1025
1053
936
788
938
529
968
590
1121
856
1305
1153
1489
1856
1591
1964
1519
1926
1417
1675
1269
1176
1115
907
1054
778
1047
639
1060
781
1252
1000
1436
1252
1530
1818
1703
1860
1652
1737
1523
1484
1365
1105
1186
936
1031
865
1045
726
1122
792
1242
1000
1437
1234
1656
1827
1754
1873
1665
1829
1488
1638
1295
1250
1083
1031
996
911
1018
732
1121
830
1367
1051
1517
1335
1641
1922
1692
1940
1564
1861
1324
1593
1114
1115
956
879
942
757
1029
625
1130
849
1355
1158
1532
1517
1593
2005
1574
1962
1422
1725
1249
1394
1082
921
975
734
1005
735
1082
720
1195
1011
1401
1309
1544
1505
1564
1958
1550
1807
1443
1534
1301
1255
1152
913
1057
860
1059
918
1110
937
1249
1287
1457
1459
1534
1482
1685
1885
1600
1749
1502
1532
1312
1324
1120
1032
1009
982
984
1030
1065
989
1229
1148
1497
1348
1654
1440
1720
1795
1647
1722
1421
1519
1205
1309
1007
946
922
890
992
894
1125
857
1384
1045
1513
1308
1617
1479
1666
1733
1492
1698
1285
1431
1126
1149
956
804
925
763
1047
876
1235
978
1363
1228
1540
1454
1605
1487
1545
1703
1381
1538
1212
1254
1071
1026
961
775
967
834
1061
1003
1176
1073
1384
1294
1550
1447
1568
1673
1541
1549
1451
1412
1298
1228
1138
1095
1031
918
999
990
1105
1106
1221
1101
1500
1270
1627
1369
1678
1642
1653
1559
1522
1509
1312
1369
1130
1250
1007
1031
1014
1029
1140
1111
1341
1134
1500
1287
1641
1399
1648
1756
1585
1681
1374
1560
1165
1364
995
1178
919
919
989
915
1184
1013
1396
1180
1555
1386
1646
1468
1606
1823
1498
1688
1328
1461
1155
1186
1042
1036
1001
864
1090
997
1245
1186
1385
1339
1540
1549
1615
1607
1545
1781
1420
1526
1276
1320
1107
1128
999
1041
952
959
1013
1122
1172
1323
1304
1381
1446
1460
1571
1357
1538
1553
1464
1329
1289
1232
1119
1118
1022
1099
955
1008
1031
1171
1229
1170
1478
1170
1647
1270
1739
1290
1673
1538
1510
1390
1291
1317
1074
1206
985
1127
989
1025
1110
1117
1343
1175
1489
1315
1683
1413
1691
1404
1574
1503
1406
1465
1199
1363
1021
1212
961
1133
1017
1032
1149
1202
1381
1339
1579
1425
1674
1552
1625
1534
1460
1524
1311
1335
1118
1211
992
1067
962
1072
1004
1054
1148
1263
1369
1413
1512
1439
1580
1413
1544
1258
1469
1333
1337
1119
1184
1102
1064
1079
1002
1160
1016
1174
1150
1346
1346
1481
1462
1355
1659
1255
1625
1162
1501
1226
1338
1129
1151
1134
1018
1145
966
1211
1041
1182
1207
1291
1455
1398
1613
1264
1783
1257
1699
1168
1506
1281
1313
1217
1101
1192
979
1189
988
1221
1088
1210
1295
1346
1545
1514
1715
1455
1770
1404
1598
1280
1386
1253
1179
1141
1013
1110
947
1149
981
1267
1113
1338
1288
1521
1478
1695
1611
1619
1602
1424
1481
1212
1331
1077
1145
1006
1020
1045
970
1156
1007
1331
1123
1478
1293
1548
1496
1630
1606
1371
1571
1235
1529
1018
1369
925
1160
963
1007
1068
952
1214
987
1360
1118
1484
1303
1451
1509
1469
1704
1263
1733
1157
1621
1009
1384
967
1187
1023
1031
1129
985
1220
1037
1372
1208
1497
1435
1453
1651
1515
1772
1337
1689
1242
1584
1087
1309
1132
1118
1032
984
1130
965
1311
1079
1459
1265
1625
1480
1617
1648
1675
1721
1457
1661
1223
1450
1082
1208
1072
1066
1043
967
1234
960
1407
1085
1618
1253
1745
1438
1673
1570
1620
1644
1313
1587
1059
1453
932
1273
969
1104
990
1006
1224
980
1450
1061
1569
1213
1652
1410
1477
1547
1375
1614
1096
1574
962
1387
821
1155
861
1018
1086
919
1283
909
1486
1018
1519
1228
1521
1475
1367
1632
1272
1710
1124
1624
939
1423
968
1201
1016
996
1168
916
1297
951
1410
1108
1490
1349
1508
1576
1407
1701
1291
1714
1285
1593
986
1338
921
1173
913
1048
1079
980
1250
1047
1448
1197
1593
1385
1608
1550
1538
1636
1321
1610
1184
1475
937
1350
885
1162
944
1037
1037
1014
1368
1060
1547
1206
1647
1373
1627
1536
1521
1631
1248
1631
1124
1548
921
1395
927
1218
1062
1058
1312
948
1515
1074
1641
1138
1606
1314
1554
1494
1408
1616
1256
1624
1151
1537
983
1337
1115
1126
1196
970
1369
929
1431
985
1489
1135
1494
1337
1368
1573
1359
1648
1228
1617
1191
1485
1154
1252
1141
1115
1131
1015
1191
1007
1350
1073
1306
1265
1440
1399
1419
1568
1342
1624
1242
1554
1141
1433
1136
1272
1077
1146
1102
1041
1177
1032
1215
1114
1297
1243
1373
1386
1330
1513
1235
1579
1117
1560
1012
1493
1069
1344
1086
1207
1200
1102
1201
1044
1445
1135
1382
1217
1330
1358
1283
1492
1205
1597
1199
1565
1157
1483
1281
1347
1275
1176
1538
1034
1453
1064
1378
1108
1377
1168
1291
1351
1228
1494
1252
1541
1319
1526
1357
1414
1426
1269
1381
1110
1400
1063
1269
1005
1208
1080
1138
1201
1110
1362
1162
1493
1242
1532
1326
1509
1389
1399
1388
1324
1337
1230
1347
1128
1204
1128
1126
1180
1075
1282
1126
1378
1149
1473
1229
1514
1346
1494
1432
1437
1391
1386
1452
1243
1374
1147
1214
1154
1211
1122
1077
1201
1041
1283
1076
1386
1179
1459
1269
1488
1441
1448
1459
1352
1454
1260
1363
1141
1190
1087
1028
1106
888
1170
893
1273
1023
1410
1187
1500
1362
1528
1487
1474
1591
1361
1538
1254
1301
1144
1198
1096
1016
1169
888
1223
878
1314
1044
1425
1292
1484
1479
1481
1661
1429
1664
1344
1541
1250
1356
1188
1137
1147
987
1156
902
1226
1016
1264
1185
1316
1398
1354
1567
1387
1631
1378
1584
1348
1469
1279
1338
1208
1119
1173
935
1187
990
1162
1045
1274
1135
1318
1355
1408
1475
1473
1548
1486
1559
1443
1475
1322
1342
1254
1151
1164
1009
1124
912
1146
975
1217
1050
1281
1275
1400
1474
1462
1586
1475
1626
1438
1574
1344
1416
1268
1080
1205
963
1168
869
1192
896
1196
1046
1320
1188
1369
1460
1378
1571
1408
1542
1412
1517
1307
1279
1261
1118
1218
974
1198
926
1169
980
1226
1092
1284
1285
1325
1468
1364
1534
1400
1580
1420
1493
1374
1393
1321
1237
1254
1114
1203
1112
1151
1114
1153
1171
1181
1224
1305
1479
1364
1571
1438
1541
1459
1543
1441
1457
1326
1341
1276
1177
1208
1086
1155
1063
1165
1074
1181
1174
1314
1230
1387
1360
1446
1477
1448
1463
1398
1426
1324
1279
1231
1120
1187
951
1172
908
1200
886
1254
972
1307
1187
1364
1387
1385
1515
1398
1550
1378
1483
1329
1364
1276
1202
1267
1042
1210
946
1193
1005
1208
1038
1191
1227
1274
1457
1323
1562
1380
1581
1397
1480
1383
1335
1324
1244
1271
1085
1213
1000
1136
1026
1150
1097
1216
1207
1287
1338
1364
1487
1425
1558
1443
1555
1431
1443
1375
1335
1289
1183
1229
1058
1190
1017
1206
1052
1255
1196
1308
1379
1368
1556
1407
1673
1401
1675
1377
1544
1337
1343
1287
1167
1256
1042
1250
922
1243
1000
1271
1115
1310
1321
1348
1485
1378
1599
1403
1567
1426
1431
1431
1233
1400
1073
1361
949
1293
917
1269
972
1238
1134
1208
1294
1247
1469
1300
1551
1344
1636
1390
1453
1416
1268
1402
1152
1326
1074
1253
1033
1186
1081
1137
1074
1133
1306
1189
1429
1265
1520
1252
1546
1381
1436
1404
1280
1378
1159
1318
1059
1250
954
1219
1015
1192
1161
1195
1307
1235
1461
1271
1584
1347
1594
1390
1507
1420
1362
1402
1198
1383
1100
1316
1040
1265
1084
1211
1232
1166
1530
1154
1634
1182
1683
1267
1694
1342
1540
1385
1341
1479
1171
1461
1050
1418
1017
1313
1174
1223
1210
1148
1417
1121
1551
1173
1532
1267
1445
1403
1289
1503
1147
1539
1026
1520
978
1422
1023
1312
1108
1204
1223
1116
1368
1132
1461
1191
1509
1303
1428
1417
1352
1492
1204
1520
980
1466
1027
1404
1040
1307
1134
1170
1237
1113
1373
1096
1509
1126
1583
1210
1513
1321
1383
1419
1158
1475
1081
1459
1019
1408
994
1331
1103
1224
1258
1158
1451
1125
1614
1141
1659
1218
1580
1308
1438
1461
1209
1554
1021
1577
981
1527
984
1395
1150
1254
1378
1091
1553
1071
1645
1078
1682
1149
1527
1329
1355
1450
1147
1548
1018
1559
969
1497
972
1376
1166
1214
1383
1106
1544
1060
1625
1105
1639
1196
1508
1329
1345
1471
1153
1514
1014
1550
961
1480
964
1380
1061
1254
1273
1144
1535
1109
1564
1167
1645
1186
1539
1295
1407
1346
1201
1475
992
1495
898
1481
879
1409
1033
1330
1124
1158
1458
1098
1654
1060
1734
1090
1685
1159
1485
1313
1252
1440
980
1517
851
1512
849
1428
983
1298
1230
1153
1494
1062
1689
1039
1736
1082
1659
1204
1436
1392
1189
1519
987
1587
881
1579
894
1462
1062
1320
1276
1189
1433
1125
1608
1131
1740
1182
1690
1283
1530
1401
1380
1502
1119
1502
910
1535
975
1429
1012
1332
1123
1240
1290
1153
1508
1155
1671
1176
1724
1232
1621
1313
1437
1416
1214
1445
917
1462
828
1432
773
1368
963
1250
1171
1183
1414
1141
1666
1108
1849
1160
1757
1248
1529
1355
1241
1457
974
1501
781
1479
791
1383
921
1272
1151
1155
1414
1077
1648
1059
1755
1130
1716
1214
1572
1317
1324
1406
1057
1432
869
1409
775
1315
855
1214
1034
1149
1216
1084
1511
1108
1657
1175
1748
1215
1706
1343
1466
1398
1224
1431
988
1421
834
1376
834
1340
953
1282
1144
1260
1420
1236
1704
1259
1876
1295
1898
1333
1726
1382
1429
1438
1061
1481
795
1486
764
1436
730
1389
1000
1303
1375
1204
1709
1194
1928
1210
1910
1262
1724
1341
1400
1414
1018
1435
785
1439
613
1380
670
1307
881
1224
1238
1127
1583
1140
1758
1227
1849
1265
1725
1336
1461
1389
1191
1410
934
1382
735
1332
705
1272
834
1229
1050
1197
1420
1184
1710
1208
1878
1225
1864
1251
1698
1282
1404
1308
1018
1322
773
1326
661
1336
729
1311
942
1286
1382
1255
1719
1228
1930
1218
1957
1197
1803
1274
1410
1329
1034
1374
799
1419
680
1405
751
1384
1040
1306
1397
1285
1604
1222
1944
1212
1992
1241
1758
1291
1462
1357
1141
1400
874
1430
787
1405
803
1393
1037
1322
1279
1278
1533
1251
1688
1250
1680
1261
1633
1266
1426
1278
1196
1286
966
1299
870
1306
836
1311
957
1302
1148
1312
1322
1309
1578
1252
1627
1244
1608
1226
1469
1223
1200
1236
1036
1313
924
1336
860
1407
956
1416
1114
1412
1356
1358
1443
1289
1563
1234
1480
1201
1400
1205
1276
1226
1091
1288
1016
1354
994
1389
1127
1390
1307
1361
1389
1320
1462
1266
1435
1254
1319
1194
1277
1195
1273
1195
1241
1234
1273
1282
1323
1328
1373
1359
1410
1316
1477
1378
1300
1397
1273
1335
1233
1278
1243
1230
1309
1204
1342
1203
1454
1252
1432
1322
1428
1419
1231
1512
1270
1521
1139
1509
1125
1413
1131
1316
1197
1228
1296
1171
1411
1133
1480
1203
1499
1313
1457
1385
1401
1457
1288
1478
1181
1402
1102
1346
1148
1241
1106
1140
1206
1094
1333
1097
1427
1133
1581
1213
1587
1304
1505
1406
1365
1424
1140
1447
960
1406
888
1331
908
1237
1017
1177
1231
1143
1515
1137
1663
1182
1701
1269
1584
1391
1345
1474
1086
1542
862
1542
794
1442
779
1349
1001
1204
1322
1109
1583
1064
1776
1084
1811
1190
1630
1308
1361
1441
1081
1505
923
1521
815
1486
883
1313
1124
1173
1368
1093
1597
1055
1758
1087
1746
1211
1612
1352
1394
1487
1149
1570
952
1629
906
1547
938
1442
1075
1309
1280
1218
1510
1167
1729
1149
1748
1169
1704
1267
1560
1366
1265
1437
1067
1492
865
1512
876
1430
972
1323
1256
1197
1506
1096
1728
1032
1837
1043
1810
1117
1478
1239
1220
1373
965
1482
782
1539
739
1506
920
1402
1151
1265
1460
1142
1671
1039
1746
1081
1683
1127
1422
1251
1178
1391
983
1505
884
1545
898
1537
1008
1455
1219
1327
1450
1214
1645
1134
1659
1109
1561
1104
1500
1201
1303
1304
1122
1391
1043
1448
996
1479
1024
1459
1137
1411
1342
1306
1567
1225
1601
1157
1649
1131
1575
1120
1440
1220
1118
1335
1001
1436
899
1521
882
1586
974
1532
1187
1430
1410
1321
1612
1211
1689
1128
1670
1095
1454
1145
1198
1253
958
1388
935
1444
925
1494
1025
1471
1217
1403
1442
1302
1591
1194
1619
1123
1583
1088
1383
1152
1210
1228
1052
1299
965
1385
977
1449
1035
1479
1168
1428
1312
1392
1420
1324
1506
1243
1517
1178
1549
1151
1423
1166
1277
1225
1160
1303
1080
1387
1051
1466
1078
1498
1164
1465
1339
1394
1426
1311
1648
1210
1685
1138
1638
1113
1501
1163
1267
1243
1154
1349
1017
1439
1023
1492
1072
1471
1305
1417
1528
1325
1652
1235
1696
1123
1647
1152
1484
1172
1267
1236
1111
1325
1010
1399
1017
1453
1053
1463
1166
1453
1253
1414
1358
1337
1381
1285
1429
1223
1410
1194
1383
1169
1248
1218
1155
1263
1083
1359
1030
1425
1033
1458
1119
1458
1220
1409
1339
1319
1470
1216
1517
1138
1515
1094
1438
1106
1294
1171
1112
1275
954
1390
919
1467
1023
1478
1138
1432
1312
1368
1527
1229
1535
1133
1562
1081
1465
1094
1344
1139
1164
1252
1072
1369
1041
1432
1059
1459
1175
1428
1317
1367
1368
1275
1465
1190
1495
1136
1467
1123
1434
1147
1383
1222
1306
1325
1203
1424
1180
1498
1174
1541
1186
1511
1223
1451
1299
1362
1402
1257
1432
1186
1516
1150
1456
1193
1391
1262
1323
1386
1164
1483
1084
1558
1029
1549
1137
1483
1186
1380
1269
1251
1419
1191
1452
1154
1514
1153
1460
1245
1358
1355
1234
1457
1105
1492
1044
1492
1116
1432
1104
1339
1176
1239
1228
1134
1358
1124
1404
1133
1485
1178
1492
1251
1424
1312
1319
1370
1203
1407
1059
1422
1034
1373
1010
1310
1129
1239
1235
1174
1421
1145
1584
1125
1639
1150
1621
1210
1447
1294
1219
1378
1061
1432
937
1450
926
1416
1025
1332
1202
1255
1364
1200
1526
1136
1584
1145
1501
1222
1441
1295
1260
1370
1112
1450
994
1499
926
1477
1029
1408
1128
1337
1256
1262
1390
1216
1474
1201
1505
1231
1481
1281
1381
1315
1267
1413
1162
1453
1017
1473
1008
1450
1056
1395
1172
1323
1305
1252
1479
1186
1585
1153
1603
1165
1541
1211
1405
1272
1260
1360
1093
1440
937
1500
999
1450
1100
1389
1274
1283
1427
1179
1578
1095
1570
1091
1535
1121
1362
1223
1276
1312
1108
1431
1029
1489
1033
1482
1169
1422
1342
1328
1413
1210
1528
1135
1524
1085
1477
1127
1345
1195
1349
1283
1247
1384
1203
1463
1194
1488
1218
1466
1317
1405
1315
1310
1416
1227
1413
1154
1406
1124
1371
1144
1315
1201
1251
1288
1181
1389
1105
1487
1081
1523
1122
1475
1179
1401
1205
1287
1295
1164
1363
1096
1400
1079
1264
1126
1221
1222
1140
1344
1087
1474
1119
1513
1130
1532
1187
1469
1276
1358
1384
1230
1375
1144
1395
1118
1374
1125
1322
1212
1405
1332
1136
1436
1183
1481
1139
1509
1191
1457
1182
1382
1241
1286
1330
1220
1372
1167
1413
1168
1494
1175
1339
1264
1323
1329
1214
1392
1124
1429
1071
1437
1083
1417
1121
1355
1287
1267
1436
1205
1560
1171
1611
1138
1569
1151
1476
1217
1353
1266
1165
1370
1102
1418
1061
1397
1140
1403
1256
1337
1436
1243
1589
1195
1650
1158
1622
1174
1510
1218
1348
1293
1144
1362
1018
1396
1041
1403
1036
1426
1084
1366
1242
1325
1420
1270
1528
1240
1605
1215
1556
1199
1393
1217
1219
1245
1128
1268
906
1338
893
1381
914
1455
1075
1407
1295
1369
1464
1314
1593
1253
1623
1188
1517
1179
1307
1213
1115
1268
945
1345
876
1424
905
1472
1013
1467
1215
1411
1427
1330
1577
1226
1683
1183
1511
1155
1381
1187
1146
1250
1038
1333
985
1398
1008
1430
1090
1432
1209
1387
1404
1350
1453
1262
1490
1228
1465
1179
1421
1171
1323
1208
1236
1248
1169
1304
1189
1360
1203
1393
1251
1406
1298
1380
1336
1341
1480
1285
1416
1216
1450
1182
1407
1185
1370
1218
1308
1278
1306
1365
1261
1449
1258
1458
1267
1447
1259
1382
1244
1327
1222
1251
1253
1183
1270
1171
1285
1176
1234
1285
1353
1330
1380
1397
1386
1420
1345
1408
1241
1360
1124
1303
1107
1260
1067
1211
1137
1196
1225
1222
1337
1279
1427
1290
1462
1339
1498
1358
1409
1369
1286
1351
1233
1341
987
1350
945
1297
1017
1258
1168
1232
1328
1217
1447
1223
1568
1236
1553
1303
1443
1365
1218
1416
1147
1412
1007
1403
941
1359
997
1297
1111
1251
1269
1221
1460
1232
1516
1267
1540
1325
1463
1385
1317
1425
1212
1433
1105
1370
1053
1388
1053
1308
1131
1268
1253
1240
1337
1222
1545
1234
1470
1256
1500
1291
1350
1324
1216
1266
1153
1353
1064
1355
1056
1338
1136
1300
1223
1259
1399
1218
1460
1188
1483
1159
1413
1172
1271
1274
1158
1343
1112
1390
1098
1404
1111
1398
1267
1352
1378
1275
1482
1215
1517
1202
1510
1178
1407
1235
1228
1318
1100
1400
1060
1434
1067
1415
1239
1418
1341
1351
1502
1287
1553
1246
1514
1232
1425
1250
1341
1277
1199
1338
967
1403
984
1380
1056
1359
1173
1317
1330
1269
1464
1243
1560
1226
1533
1242
1447
1245
1306
1268
1159
1260
1002
1282
945
1295
927
1314
1027
1338
1183
1307
1353
1306
1470
1283
1535
1255
1411
1250
1360
1225
1206
1244
1038
1283
889
1339
837
1374
936
1372
1059
1372
1295
1330
1534
1274
1576
1240
1636
1223
1526
1234
1345
1278
1165
1321
1021
1378
941
1405
980
1384
1118
1352
1303
1326
1512
1279
1669
1274
1685
1291
1613
1319
1394
1343
1302
1376
1139
1394
1029
1377
1042
1336
1103
1319
1274
1320
1390
1312
1529
1307
1610
1307
1591
1307
1471
1315
1350
1304
1193
1317
1032
1308
1044
1318
1007
1303
1068
1315
1161
1284
1280
1299
1391
1277
1444
1273
1435
1298
1382
1295
1193
1304
1143
1321
1094
1339
1003
1314
1038
1315
1079
1304
1208
1262
1284
1260
1405
1261
1419
1288
1347
1307
1397
1316
1333
1317
1200
1299
1137
1240
1130
1224
1106
1207
1140
1217
1226
1242
1309
1294
1396
1314
1453
1320
1461
1319
1437
1280
1372
1236
1312
1215
1226
1214
1190
1227
1175
1280
1139
1361
1233
1359
1344
1377
1408
1379
1454
1349
1513
1315
1458
1303
1371
1307
1300
1241
1224
1315
1116
1332
1141
1352
1161
1340
1228
1358
1308
1361
1356
1359
1360
1345
1352
1304
1330
1336
1242
1325
1225
1299
1194
1300
1150
1273
1161
1319
1117
1339
1136
1372
1155
1389
1138
1382
1181
1351
1164
1338
1260
1302
1267
1278
1297
1228
1308
1301
1297
1326
1229
1348
1206
1362
1164
1341
1143
1334
1143
1275
1160
1251
1183
1275
1278
1252
1334
1262
1437
1275
1437
1291
1460
1266
1426
1241
1386
1221
1250
1207
1182
1199
1130
1226
1105
1262
1133
1295
1199
1311
1354
1310
1500
1271
1523
1260
1658
1239
1553
1241
1392
1262
1216
1310
1084
1330
994
1361
950
1380
1016
1363
1233
1344
1396
1358
1522
1305
1675
1297
1664
1295
1518
1305
1356
1305
1181
1329
1014
1325
894
1329
913
1348
964
1353
1160
1353
1410
1346
1539
1326
1648
1310
1644
1304
1501
1293
1261
1291
1093
1326
870
1373
821
1382
829
1431
935
1404
1152
1389
1353
1336
1501
1276
1658
1245
1613
1233
1475
1254
1269
1295
1088
1344
906
1371
835
1374
902
1350
1020
1308
1243
1257
1436
1213
1612
1183
1705
1206
1548
1279
1447
1271
1252
1302
1110
1303
996
1318
979
1302
1077
1291
1158
1297
1291
1320
1436
1277
1589
1283
1581
1296
1414
1299
1399
1288
1277
1306
1173
1311
1071
1307
1067
1309
1172
1355
1186
1307
1325
1287
1438
1279
1519
1241
1526
1268
1451
1261
1333
1288
1185
1320
1109
1328
993
1349
1034
1321
1105
1307
1203
1295
1332
1301
1428
1306
1466
1311
1423
1317
1318
1317
1208
1323
1076
1298
1032
1272
1036
1272
1025
1276
1135
1287
1178
1313
1323
1337
1428
1360
1424
1334
1489
1321
1351
1288
1213
1290
1078
1277
1003
1279
966
1303
1027
1321
1104
1347
1243
1368
1313
1348
1560
1333
1621
1301
1581
1275
1452
1254
1286
1259
1155
1265
968
1252
994
1298
1020
1304
1173
1321
1336
1320
1560
1320
1659
1327
1723
1316
1637
1331
1412
1368
1248
1330
1049
1332
933
1321
909
1318
970
1314
1177
1320
1364
1331
1494
1308
1616
1303
1596
1296
1500
1286
1352
1285
1175
1290
997
1321
849
1329
870
1350
934
1341
1101
1328
1266
1295
1419
1248
1573
1228
1571
1226
1420
1269
1316
1281
1132
1349
980
1376
913
1364
979
1316
1048
1256
1210
1196
1354
1154
1530
1143
1567
1194
1485
1235
1424
1323
1290
1375
1180
1411
1146
1407
1074
1355
1105
1299
1155
1254
1245
1227
1306
1216
1386
1262
1430
1294
1421
1335
1390
1378
1347
1405
1345
1416
1295
1389
1280
1351
1212
1316
1248
1269
1216
1243
1244
1223
1305
1251
1351
1280
1384
1320
1421
1372
1460
1436
1369
1416
1310
1385
1298
1328
1247
1285
1176
1274
1170
1212
1139
1222
1144
1256
1181
1310
1233
1342
1231
1387
1272
1405
1294
1368
1341
1325
1260
1288
1243
1268
1143
1259
1110
1275
1096
1303
1048
1343
1043
1342
1113
1334
1211
1335
1287
1311
1387
1292
1490
1290
1457
1278
1403
1285
1250
1270
1201
1288
1076
1289
1073
1237
1106
1258
1139
1254
1234
1267
1352
1266
1381
1330
1504
1308
1520
1316
1467
1315
1338
1315
1248
1308
1130
1311
1047
1278
1013
1288
1096
1267
1159
1305
1215
1263
1357
1286
1492
1315
1507
1335
1468
1353
1375
1356
1225
1379
1055
1316
1033
1274
959
1262
998
1229
1129
1229
1277
1263
1427
1302
1498
1355
1519
1379
1469
1390
1365
1366
1263
1326
1153
1282
1114
1242
1115
1251
1133
1286
1192
1321
1264
1374
1359
1410
1324
1414
1430
1388
1458
1358
1391
1350
1309
1281
1246
1276
1229
1278
1187
1308
1188
1325
1242
1364
1316
1385
1308
1373
1332
1340
1393
1302
1345
1267
1267
1240
1278
1222
1244
1235
1247
1248
1226
1298
1319
1332
1274
1358
1262
1361
1268
1338
1256
1308
1173
1263
1160
1243
1124
1196
1143
1231
1108
1276
1224
1318
1290
1357
1323
1389
1306
1403
1278
1362
1181
1313
1161
1247
1089
1192
1077
1168
1081
1172
1158
1221
1233
1282
1290
1344
1389
1378
1410
1382
1391
1352
1336
1280
1291
1214
1233
1173
1160
1161
1158
1191
1107
1264
1133
1322
1187
1397
1285
1422
1407
1418
1568
1360
1465
1353
1504
1288
1422
1264
1321
1267
1236
1288
1162
1332
1118
1380
1146
1398
1177
1415
1296
1397
1483
1360
1491
1362
1522
1244
1434
1250
1373
1248
1223
1264
1213
1285
1156
1338
1150
1375
1113
1396
1115
1390
1181
1360
1234
1278
1267
1270
1363
1226
1374
1229
1361
1251
1324
1275
1303
1315
1131
1380
1053
1399
1004
1388
1063
1364
1110
1310
1221
1266
1304
1193
1400
1232
1458
1253
1418
1280
1378
1312
1266
1329
1160
1347
1080
1297
1094
1294
1131
1265
1205
1240
1255
1230
1412
1231
1420
1257
1444
1274
1401
1215
1348
1292
1317
1314
1209
1287
1137
1276
1127
1268
1137
1278
1170
1288
1262
1295
1300
1331
1352
1331
1349
1327
1377
1312
1310
1300
1234
1276
1180
1281
1046
1277
1088
1284
1134
1307
1215
1320
1319
1345
1381
1353
1422
1361
1413
1347
1366
1285
1302
1291
1127
1290
1210
1261
1109
1275
1152
1305
1222
1351
1291
1386
1426
1415
1417
1449
1404
1410
1363
1378
1348
1319
1257
1276
1209
1236
1200
1251
1193
1284
1196
1340
1223
1373
1337
1421
1361
1424
1441
1393
1389
1333
1359
1266
1305
1197
1231
1173
1189
1149
1163
1207
1124
1285
1189
1341
1342
1384
1327
1394
1411
1371
1385
1284
1346
1241
1251
1176
1199
1141
1132
1146
1109
1191
1109
1267
1162
1328
1225
1383
1336
1401
1330
1380
1317
1321
1276
1243
1233
1185
1177
1151
1142
1147
1147
1188
1207
1254
1249
1337
1225
1387
1305
1416
1281
1408
1284
1341
1308
1291
1270
1252
1220
1192
1211
1189
1165
1215
1160
1265
1220
1332
1209
1391
1263
1425
1312
1415
1346
1394
1354
1345
1369
1292
1321
1266
1220
1257
1207
1274
1171
1300
1138
1345
1149
1382
1254
1374
1293
1396
1360
1377
1441
1350
1444
1303
1394
1294
1300
1287
1228
1294
1205
1302
1167
1301
1157
1314
1201
1301
1262
1295
1307
1288
1340
1285
1364
1271
1390
1275
1383
1285
1343
1292
1350
1287
1350
1297
1227
1281
1182
1271
1154
1243
1135
1292
1192
1272
1272
1281
1390
1303
1450
1329
1467
1361
1445
1363
1379
1370
1274
1353
1179
1322
1088
1301
1071
1271
1122
1270
1189
1244
1288
1284
1352
1329
1395
1359
1394
1380
1339
1372
1276
1356
1210
1325
1213
1290
1177
1260
1165
1270
1184
1254
1178
1272
1232
1284
1254
1324
1214
1357
1279
1318
1291
1321
1285
1296
1272
1283
1239
1264
1234
1265
1179
1266
1157
1289
1091
1304
1146
1274
1194
1277
1257
1269
1285
1248
1257
1256
1299
1259
1272
1277
1254
1282
1225
1320
1239
1309
1252
1307
1214
1290
1239
1273
1275
1255
1281
1231
1327
1248
1265
1258
1274
1286
1268
1293
1235
1339
1343
1356
1291
1363
1323
1352
1334
1337
1385
1297
1331
1306
1366
1302
1360
1313
1331
1331
1352
1346
1335
1375
1311
1378
1297
1354
1286
1354
1265
1355
1247
1332
1331
1313
1371
1305
1404
1308
1451
1313
1326
1339
1297
1351
1246
1355
1214
1345
1201
1321
1192
1317
1236
1287
1278
1279
1336
1276
1353
1294
1377
1314
1355
1323
1301
1303
1295
1304
1237
1278
1212
1238
1193
1217
1126
1255
1170
1224
1217
1241
1253
1264
1252
1301
1280
1289
1291
1314
1273
1304
1255
1281
1218
1252
1159
1211
1093
1214
1061
1219
1035
1245
1077
1270
1142
1296
1219
1334
1245
1345
1284
1347
1273
1339
1218
1353
1221
1301
1193
1286
1152
1309
1132
1312
1169
1345
1218
1368
1290
1376
1332
1379
1401
1356
1404
1333
1509
1318
1493
1310
1461
1304
1408
1324
1367
1338
1306
1376
1290
1377
1361
1375
1349
1336
1362
1329
1457
1222
1548
1226
1524
1225
1521
1244
1480
1275
1407
1339
1300
1391
1205
1411
1181
1422
1103
1366
1243
1314
1298
1256
1375
1212
1448
1207
1449
1216
1420
1257
1344
1305
1234
1351
1182
1370
1118
1370
1037
1339
1026
1300
1140
1222
1222
1208
1279
1263
1336
1219
1303
1243
1279
1278
1145
1344
1170
1342
1055
1346
1025
1340
1011
1314
986
1288
1115
1255
1182
1246
1233
1259
1311
1286
1411
1297
1352
1326
1283
1370
1231
1373
1195
1370
1177
1333
1110
1299
1226
1271
1259
1249
1464
1271
1363
1249
1397
1323
1388
1351
1417
1337
1420
1356
1372
1315
1364
1295
1370
1253
1353
1243
1355
1234
1371
1252
1386
1285
1323
1316
1326
1334
1334
1344
1332
1334
1341
1346
1350
1320
1345
1311
1294
1288
1291
1276
1295
1289
1225
1297
1212
1327
1177
1335
1185
1337
1186
1336
1230
1330
1274
1319
1324
1284
1347
1306
1331
1296
1292
1275
1260
1281
1216
1281
1181
1281
1168
1275
1205
1288
1237
1298
1289
1287
1347
1299
1357
1310
1341
1319
1277
1318
1262
1327
1189
1315
1175
1311
1194
1311
1213
1324
1259
1320
1301
1324
1360
1323
1379
1344
1355
1353
1309
1365
1249
1377
1197
1361
1190
1347
1195
1325
1246
1309
1312
1285
1388
1284
1475
1280
1450
1283
1415
1294
1316
1303
1235
1303
1139
1305
1126
1292
1156
1253
1217
1239
1321
1263
1377
1241
1438
1266
1419
1272
1383
1283
1270
1289
1153
1276
1059
1273
1014
1272
1030
1275
1119
1267
1221
1276
1316
1289
1379
1302
1397
1316
1364
1330
1289
1325
1199
1322
1097
1325
1081
1305
1072
1294
1158
1286
1259
1291
1366
1301
1423
1332
1425
1355
1406
1346
1350
1370
1274
1349
1228
1321
1197
1309
1236
1309
1292
1313
1365
1316
1424
1340
1451
1352
1447
1359
1407
1360
1355
1349
1280
1343
1272
1314
1280
1294
1293
1319
1347
1311
1368
1308
1444
1312
1476
1328
1442
1317
1394
1306
1326
1282
1259
1270
1206
1245
1205
1226
1247
1225
1262
1253
1330
1258
1381
1274
1373
1288
1326
1304
1242
1307
1177
1291
1083
1285
1051
1265
1095
1255
1118
1242
1177
1265
1203
1250
1243
1310
1198
1330
1201
1347
1160
1347
1098
1317
1078
1302
1082
1281
1110
1266
1162
1258
1227
1234
1259
1303
1253
1311
1253
1332
1224
1345
1172
1350
1148
1321
1165
1303
1234
1288
1233
1272
1333
1257
1395
1269
1449
1305
1459
1317
1430
1361
1379
1347
1300
1355
1278
1340
1266
1297
1310
1298
1386
1294
1474
1304
1544
1296
1597
1315
1585
1336
1531
1351
1443
1331
1362
1355
1284
1352
1253
1313
1289
1300
1334
1298
1401
1297
1432
1289
1499
1302
1476
1318
1406
1319
1334
1316
1225
1309
1153
1301
1107
1291
1142
1273
1183
1282
1229
1287
1273
1303
1291
1302
1250
1315
1199
1300
1145
1290
1084
1271
1066
1261
1089
1243
1187
1262
1208
1260
1267
1288
1308
1316
1281
1325
1222
1337
1195
1314
1158
1315
1117
1257
1138
1256
1135
1249
1191
1269
1254
1292
1329
1308
1344
1335
1343
1334
1323
1340
1267
1336
1217
1320
1194
1298
1184
1295
1205
1262
1251
1284
1331
1295
1376
1305
1449
1308
1454
1306
1423
1338
1389
1301
1304
1289
1286
1286
1272
1284
1303
1284
1340
1300
1363
1326
1397
1319
1391
1321
1356
1318
1312
1309
1269
1307
1248
1303
1247
1310
1271
1281
1309
1314
1321
1320
1269
1329
1306
1324
1252
1321
1178
1324
1149
1309
1140
1277
1132
1302
1182
1302
1229
1322
1326
1325
1382
1335
1392
1326
1372
1316
1306
1293
1240
1290
1214
1280
1157
1273
1183
1294
1199
1303
1294
1329
1395
1339
1472
1324
1505
1358
1484
1337
1436
1309
1333
1289
1233
1267
1190
1264
1170
1257
1161
1266
1197
1278
1305
1322
1367
1346
1441
1337
1454
1330
1410
1296
1330
1281
1237
1258
1164
1250
1129
1250
1145
1262
1202
1286
1259
1304
1333
1320
1386
1333
1380
1304
1340
1303
1258
1281
1245
1268
1160
1286
1167
1261
1173
1283
1226
1301
1255
1330
1263
1380
1273
1344
1236
1330
1192
1302
1205
1269
1178
1250
1172
1256
1170
1282
1210
1301
1179
1311
1191
1343
1199
1372
1210
1352
1228
1328
1233
1291
1278
1241
1321
1236
1326
1252
1362
1281
1307
1314
1337
1348
1345
1388
1327
1383
1348
1365
1374
1321
1395
1300
1409
1258
1453
1237
1497
1253
1454
1280
1445
1311
1423
1376
1389
1403
1346
1405
1323
1381
1309
1356
1285
1286
1297
1244
1378
1218
1360
1221
1374
1253
1359
1298
1331
1338
1259
1360
1239
1374
1197
1357
1166
1295
1185
1261
1183
1225
1231
1224
1286
1248
1338
1284
1339
1333
1310
1366
1276
1386
1214
1382
1156
1343
1146
1282
1167
1237
1177
1201
1208
1205
1252
1229
1231
1278
1262
1319
1233
1356
1183
1410
1155
1362
1106
1322
1143
1267
1158
1222
1203
1190
1247
1197
1232
1237
1251
1265
1238
1310
1230
1344
1229
1362
1240
1348
1293
1337
1306
1300
1334
1260
1378
1240
1358
1254
1343
1271
1315
1308
1302
1354
1290
1394
1300
1405
1336
1390
1350
1350
1379
1323
1378
1288
1432
1272
1410
1283
1368
1309
1339
1352
1288
1386
1263
1425
1259
1423
1280
1393
1322
1346
1362
1290
1382
1257
1401
1233
1391
1230
1351
1290
1280
1329
1240
1363
1198
1389
1178
1373
1251
1340
1296
1267
1350
1231
1372
1181
1392
1183
1346
1213
1298
1249
1221
1297
1179
1332
1152
1362
1161
1365
1210
1352
1282
1293
1357
1248
1370
1220
1351
1210
1309
1229
1251
1271
1186
1304
1145
1357
1150
1382
1199
1387
1223
1361
1305
1303
1347
1262
1402
1208
1389
1228
1332
1279
1284
1296
1194
1344
1173
1375
1177
1385
1224
1364
1250
1328
1302
1254
1361
1239
1381
1218
1357
1229
1331
1257
1258
1307
1199
1347
1152
1389
1148
1379
1165
1357
1203
1324
1256
1273
1281
1226
1343
1220
1381
1237
1329
1298
1282
1327
1219
1343
1189
1400
1154
1406
1200
1355
1261
1335
1292
1285
1339
1253
1374
1228
1353
1258
1310
1262
1276
1290
1270
1321
1222
1347
1210
1322
1269
1336
1306
1312
1349
1285
1365
1260
1361
1242
1329
1259
1331
1279
1300
1308
1299
1325
1311
1361
1316
1375
1345
1356
1368
1327
1401
1294
1382
1273
1377
1257
1359
1277
1334
1314
1315
1344
1333
1385
1355
1376
1388
1370
1360
1335
1367
1293
1292
1272
1316
1241
1278
1231
1230
1329
1202
1328
1147
1360
1196
1372
1219
1364
1271
1335
1301
1286
1298
1284
1282
1261
1232
1246
1177
1271
1100
1290
1058
1322
1079
1350
1103
1353
1177
1340
1267
1321
1321
1292
1344
1264
1321
1242
1281
1238
1241
1249
1155
1260
1137
1281
1116
1307
1161
1321
1210
1310
1325
1285
1380
1270
1384
1244
1373
1226
1306
1222
1245
1262
1182
1294
1157
1320
1173
1352
1209
1355
1277
1348
1349
1306
1403
1270
1427
1253
1383
1241
1345
1260
1281
1298
1245
1340
1237
1375
1272
1384
1327
1384
1366
1352
1394
1306
1452
1263
1458
1232
1403
1237
1342
1249
1268
1301
1207
1362
1174
1379
1202
1390
1269
1383
1354
1353
1404
1321
1445
1267
1436
1257
1362
1265
1268
1273
1156
1286
1085
1358
1041
1386
1058
1381
1127
1378
1267
1337
1365
1304
1420
1291
1445
1246
1382
1241
1308
1255
1224
1270
1140
1313
1082
1323
1079
1352
1157
1335
1244
1319
1348
1268
1401
1223
1438
1205
1384
1214
1348
1243
1269
1267
1201
1311
1141
1351
1122
1361
1108
1353
1184
1312
1275
1272
1311
1231
1324
1221
1329
1208
1304
1275
1235
1317
1216
1351
1194
1385
1168
1389
1191
1359
1244
1317
1291
1288
1335
1255
1333
1234
1336
1251
1283
1285
1242
1324
1226
1354
1224
1371
1224
1376
1246
1358
1286
1317
1286
1289
1309
1264
1302
1260
1273
1257
1215
1291
1183
1338
1164
1344
1158
1354
1197
1338
1233
1338
1283
1300
1309
1274
1341
1269
1329
1290
1320
1265
1295
1288
1302
1317
1230
1333
1241
1342
1227
1333
1312
1308
1362
1288
1397
1293
1421
1262
1384
1268
1391
1289
1363
1315
1332
1335
1302
1367
1280
1363
1270
1341
1291
1319
1332
1289
1354
1263
1336
1260
1350
1269
1319
1288
1276
1316
1208
1333
1215
1344
1205
1335
1207
1303
1251
1278
1325
1260
1301
1247
1314
1252
1276
1222
1228
1339
1157
1348
1157
1360
1149
1372
1138
1353
1182
1327
1217
1289
1236
1277
1253
1264
1257
1261
1229
1283
1142
1318
1130
1348
1087
1360
1065
1360
1082
1347
1100
1317
1153
1253
1183
1228
1222
1219
1235
1217
1248
1236
1242
1276
1176
1343
1158
1336
1137
1345
1175
1327
1207
1300
1287
1240
1362
1236
1403
1241
1431
1235
1447
1257
1420
1309
1370
1341
1318
1361
1310
1368
1314
1363
1338
1332
1388
1302
1422
1274
1453
1262
1442
1266
1439
1282
1400
1302
1371
1318
1330
1351
1283
1361
1285
1350
1273
1335
1293
1312
1322
1284
1337
1266
1327
1269
1310
1280
1303
1305
1286
1340
1243
1360
1210
1369
1218
1366
1218
1358
1221
1362
1228
1305
1252
1307
1213
1304
1208
1305
1179
1328
1175
1332
1159
1358
1175
1350
1178
1342
1172
1309
1170
1310
1142
1291
1160
1265
1158
1265
1137
1262
1116
1272
1083
1273
1125
1284
1123
1283
1152
1275
1190
1271
1203
1273
1212
1273
1233
1274
1244
1277
1234
1288
1186
1301
1233
1300
1212
1300
1257
1291
1294
1291
1360
1278
1402
1291
1385
1326
1389
1315
1365
1331
1359
1313
1345
1333
1347
1314
1351
1295
1372
1283
1389
1259
1402
1243
1416
1258
1413
1264
1376
1280
1367
1318
1348
1324
1345
1327
1322
1325
1308
1304
1307
1303
1260
1283
1280
1274
1293
1288
1271
1301
1263
1336
1247
1347
1229
1387
1218
1393
1210
1363
1220
1356
1139
1337
1208
1316
1196
1300
1186
1304
1180
1308
1168
1326
1157
1350
1148
1360
1167
1370
1243
1361
1210
1326
1256
1293
1269
1232
1256
1249
1221
1241
1235
1245
1226
1281
1205
1308
1230
1344
1248
1361
1279
1373
1318
1366
1364
1329
1375
1298
1349
1273
1336
1256
1301
1263
1268
1246
1248
1314
1233
1350
1243
1364
1254
1369
1269
1344
1286
1305
1360
1255
1380
1221
1336
1260
1315
1204
1269
1223
1255
1257
1218
1291
1205
1318
1252
1324
1257
1329
1287
1293
1314
1268
1329
1253
1304
1249
1270
1248
1252
1277
1208
1310
1163
1312
1162
1361
1150
1370
1161
1363
1166
1341
1204
1306
1237
1287
1210
1264
1200
1273
1152
1253
1138
1310
1103
1335
1117
1344
1153
1343
1187
1326
1203
1308
1228
1273
1252
1264
1259
1261
1234
1270
1233
1287
1239
1315
1264
1378
1291
1367
1344
1368
1392
1351
1405
1326
1417
1305
1395
1291
1387
1299
1364
1321
1338
1338
1339
1372
1333
1401
1354
1405
1369
1385
1418
1350
1444
1323
1444
1287
1409
1267
1377
1279
1331
1283
1270
1311
1238
1324
1240
1337
1247
1335
1284
1323
1344
1294
1400
1257
1414
1240
1385
1224
1346
1235
1236
1240
1170
1265
1114
1290
1126
1299
1151
1318
1174
1337
1235
1298
1273
1285
1302
1268
1264
1264
1201
1253
1119
1274
1038
1301
974
1327
955
1337
957
1342
1044
1334
1093
1310
1162
1284
1232
1268
1208
1251
1180
1247
1133
1270
1087
1285
1014
1304
1019
1310
1118
1308
1160
1289
1243
1281
1324
1245
1395
1267
1422
1284
1435
1292
1419
1319
1362
1341
1340
1371
1313
1354
1326
1341
1378
1325
1432
1314
1490
1280
1522
1306
1562
1316
1546
1338
1472
1343
1425
1363
1348
1380
1292
1366
1248
1341
1296
1303
1327
1286
1366
1253
1408
1250
1415
1273
1387
1282
1307
1307
1302
1334
1249
1341
1190
1341
1203
1330
1203
1308
1230
1210
1240
1257
1239
1254
1247
1262
1215
1298
1194
1330
1134
1366
1151
1384
1143
1392
1088
1412
1086
1337
1072
1275
1095
1267
1100
1251
1083
1243
1161
1286
1130
1323
1124
1369
1136
1387
1138
1387
1135
1360
1124
1311
1177
1258
1201
1224
1227
1196
1263
1198
1273
1225
1285
1277
1265
1323
1283
1349
1356
1371
1356
1347
1391
1330
1399
1239
1435
1255
1421
1230
1417
1244
1413
1224
1387
1266
1374
1306
1347
1335
1366
1362
1388
1384
1386
1364
1383
1318
1367
1269
1339
1239
1295
1213
1267
1188
1249
1241
1220
1293
1222
1344
1217
1380
1240
1393
1246
1379
1257
1326
1263
1278
1229
1260
1221
1217
1162
1225
1169
1247
1170
1306
1182
1330
1185
1386
1222
1405
1242
1387
1252
1360
1248
1307
1243
1273
1208
1255
1184
1253
1166
1276
1168
1306
1169
1351
1174
1382
1210
1401
1209
1398
1245
1384
1267
1349
1291
1305
1277
1284
1199
1278
1205
1270
1188
1285
1203
1314
1241
1350
1296
1354
1307
1373
1342
1358
1364
1341
1361
1295
1336
1262
1320
1240
1277
1238
1271
1241
1325
1272
1321
1298
1298
1324
1320
1293
1352
1330
1313
1307
1333
1261
1364
1226
1321
1201
1299
1206
1272
1193
1279
1251
1244
1266
1260
1267
1262
1290
1274
1287
1288
1288
1308
1266
1302
1278
1287
1243
1263
1244
1259
1247
1178
1257
1168
1271
1176
1309
1182
1297
1232
1330
1264
1367
1280
1371
1259
1314
1244
1289
1216
1277
1165
1263
1141
1278
1115
1317
1109
1337
1133
1370
1193
1380
1220
1389
1229
1378
1275
1357
1259
1328
1228
1297
1190
1306
1164
1312
1158
1331
1155
1363
1187
1385
1226
1397
1300
1385
1357
1377
1358
1357
1379
1334
1356
1316
1367
1304
1337
1294
1320
1276
1313
1284
1301
1281
1308
1291
1343
1294
1387
1301
1394
1320
1393
1293
1412
1285
1383
1266
1336
1246
1315
1232
1280
1216
1272
1230
1248
1253
1282
1272
1332
1303
1310
1319
1329
1336
1299
1273
1295
1307
1261
1294
1269
1276
1282
1270
1292
1269
1292
1304
1278
1319
1266
1335
1254
1346
1220
1364
1204
1331
1192
1310
1203
1301
1210
1291
1235
1254
1258
1261
1223
1259
1190
1271
1127
1274
1102
1304
1043
1302
1067
1300
1106
1301
1109
1336
1157
1299
1181
1275
1234
1249
1238
1251
1237
1256
1208
1279
1162
1321
1158
1345
1170
1370
1176
1364
1218
1368
1278
1332
1334
1312
1397
1295
1437
1281
1435
1328
1384
1326
1351
1348
1270
1367
1229
1372
1223
1362
1250
1322
1298
1299
1348
1261
1424
1256
1447
1252
1456
1281
1416
1284
1358
1293
1254
1315
1188
1313
1164
1326
1189
1301
1264
1300
1347
1293
1398
1277
1444
1272
1486
1285
1380
1295
1299
1320
1227
1333
1191
1359
1138
1375
1206
1349
1300
1333
1343
1302
1401
1285
1410
1260
1390
1265
1315
1284
1248
1310
1178
1329
1120
1342
1100
1350
1121
1331
1162
1294
1217
1260
1264
1230
1287
1223
1271
1224
1242
1252
1125
1292
1106
1314
1071
1333
1040
1382
1053
1333
1075
1282
1189
1276
1256
1270
1315
1260
1349
1280
1319
1321
1250
1336
1172
1353
1133
1354
1105
1355
1108
1347
1184
1299
1284
1316
1359
1302
1413
1287
1430
1282
1406
1281
1328
1290
1263
1298
1269
1300
1214
1295
1246
1283
1290
1258
1386
1272
1407
1262
1470
1257
1476
1280
1428
1263
1394
1293
1322
1299
1265
1323
1258
1312
1277
1313
1296
1302
1343
1284
1380
1287
1390
1300
1371
1294
1347
1336
1291
1356
1215
1366
1139
1355
1126
1327
1147
1299
1156
1297
1204
1269
1252
1271
1272
1299
1248
1332
1247
1349
1207
1347
1130
1340
1111
1325
1078
1298
1096
1264
1138
1254
1188
1255
1258
1270
1291
1263
1315
1332
1289
1361
1246
1351
1236
1362
1157
1351
1150
1328
1149
1301
1214
1287
1220
1287
1300
1291
1355
1308
1343
1364
1326
1366
1310
1376
1314
1367
1288
1348
1276
1336
1281
1283
1296
1256
1316
1245
1352
1239
1373
1246
1405
1277
1414
1296
1416
1317
1410
1307
1399
1283
1369
1259
1308
1228
1294
1200
1255
1197
1272
1208
1327
1237
1340
1259
1364
1297
1347
1283
1345
1300
1297
1286
1248
1263
1195
1250
1148
1238
1113
1265
1102
1286
1119
1325
1153
1338
1188
1352
1211
1354
1211
1336
1202
1310
1186
1306
1147
1309
1100
1320
1078
1344
1046
1378
1019
1408
1073
1395
1130
1386
1190
1363
1244
1343
1283
1328
1317
1301
1293
1299
1271
1305
1240
1324
1186
1341
1146
1371
1161
1383
1209
1369
1285
1344
1314
1318
1428
1287
1462
1261
1472
1258
1382
1279
1424
1291
1343
1330
1284
1402
1275
1383
1263
1366
1343
1337
1413
1299
1462
1274
1508
1218
1510
1209
1480
1236
1413
1273
1363
1294
1320
1341
1227
1349
1244
1338
1273
1297
1291
1259
1314
1210
1336
1176
1357
1176
1315
1199
1276
1232
1289
1269
1211
1300
1168
1314
1134
1254
1147
1291
1146
1264
1214
1229
1254
1211
1257
1202
1258
1236
1206
1265
1162
1316
1126
1352
1108
1378
1099
1390
1077
1367
1163
1350
1210
1333
1210
1304
1224
1304
1204
1317
1165
1345
1099
1373
1101
1388
1092
1424
1128
1408
1178
1387
1217
1378
1267
1326
1272
1301
1295
1285
1283
1282
1270
1293
1252
1318
1237
1337
1281
1327
1299
1314
1336
1303
1382
1275
1365
1254
1449
1261
1426
1272
1422
1285
1414
1311
1374
1321
1350
1330
1334
1321
1371
1308
1379
1297
1370
1277
1477
1271
1464
1293
1446
1295
1387
1304
1359
1317
1309
1323
1261
1269
1250
1303
1258
1307
1274
1288
1315
1276
1330
1274
1334
1287
1295
1295
1268
1300
1186
1292
1146
1286
1127
1284
1104
1272
1141
1277
1161
1270
1213
1279
1260
1297
1251
1301
1261
1335
1159
1307
1129
1331
1089
1337
1075
1321
1098
1305
1140
1281
1192
1292
1233
1294
1255
1319
1277
1343
1272
1375
1244
1391
1201
1384
1177
1361
1176
1337
1198
1291
1221
1266
1275
1238
1334
1248
1341
1273
1385
1294
1389
1330
1400
1343
1373
1349
1321
1350
1318
1291
1295
1235
1310
1223
1348
1216
1413
1229
1418
1267
1445
1315
1459
1339
1441
1363
1391
1367
1351
1350
1302
1313
1262
1290
1240
1271
1247
1238
1267
1259
1270
1287
1289
1326
1257
1346
1287
1364
1291
1367
1245
1341
1219
1317
1179
1278
1152
1266
1115
1247
1124
1241
1118
1263
1072
1286
1170
1318
1225
1331
1247
1356
1252
1339
1250
1314
1243
1287
1188
1264
1120
1249
1207
1270
1160
1266
1198
1303
1223
1291
1279
1367
1303
1387
1360
1359
1380
1349
1355
1301
1296
1279
1269
1260
1232
1263
1217
1273
1235
1294
1259
1311
1265
1329
1363
1310
1410
1338
1423
1276
1410
1286
1407
1268
1352
1278
1281
1257
1260
1258
1223
1280
1260
1292
1303
1310
1348
1373
1404
1327
1425
1329
1467
1307
1449
1304
1414
1284
1349
1287
1287
1292
1220
1283
1199
1304
1198
1307
1226
1307
1265
1314
1327
1324
1350
1326
1342
1294
1323
1302
1240
1295
1154
1289
1062
1283
1044
1288
1036
1302
1063
1304
1126
1322
1167
1316
1218
1345
1221
1340
1248
1331
1218
1330
1155
1317
1119
1314
1081
1307
1064
1326
1099
1332
1151
1337
1223
1346
1297
1349
1332
1344
1359
1331
1362
1314
1337
1307
1287
1287
1261
1269
1237
1266
1262
1267
1317
1272
1358
1289
1411
1309
1414
1315
1442
1319
1411
1312
1416
1292
1388
1266
1374
1233
1378
1239
1380
1256
1389
1279
1423
1302
1436
1342
1437
1384
1418
1373
1397
1360
1378
1335
1348
1293
1336
1261
1321
1237
1339
1242
1313
1258
1345
1279
1332
1313
1343
1334
1308
1334
1250
1361
1213
1315
1160
1278
1144
1229
1120
1192
1161
1183
1166
1198
1176
1233
1191
1275
1182
1329
1135
1366
1106
1382
1046
1375
1024
1346
994
1315
1042
1263
1081
1248
1107
1255
1160
1293
1171
1328
1215
1377
1240
1411
1218
1432
1212
1428
1181
1380
1199
1350
1196
1304
1248
1254
1289
1243
1280
1250
1360
1277
1404
1297
1421
1349
1411
1364
1394
1358
1390
1342
1352
1312
1334
1278
1384
1236
1363
1219
1377
1220
1384
1229
1411
1268
1390
1305
1420
1330
1419
1352
1416
1343
1411
1336
1377
1328
1365
1288
1347
1265
1341
1258
1328
1252
1288
1250
1308
1268
1313
1299
1305
1245
1321
1317
1320
1317
1314
1302
1268
1289
1252
1261
1178
1247
1174
1227
1139
1230
1117
1289
1122
1264
1102
1283
1157
1326
1198
1317
1216
1317
1214
1315
1203
1321
1176
1336
1124
1306
1106
1303
1128
1304
1093
1319
1133
1346
1185
1361
1241
1345
1306
1375
1346
1399
1355
1410
1327
1369
1318
1346
1327
1324
1257
1301
1273
1294
1278
1268
1307
1319
1331
1346
1417
1345
1461
1365
1451
1340
1450
1318
1416
1284
1366
1270
1317
1247
1285
1230
1260
1245
1260
1262
1281
1284
1318
1305
1345
1314
1374
1343
1367
1319
1346
1299
1294
1277
1276
1255
1249
1236
1236
1223
1235
1240
1224
1273
1255
1274
1266
1291
1300
1305
1291
1308
1300
1290
1304
1283
1266
1269
1248
1244
1236
1220
1220
1223
1201
1236
1185
1254
1191
1283
1195
1314
1193
1326
1231
1324
1237
1316
1255
1304
1231
1310
1258
1277
1253
1287
1242
1268
1219
1331
1187
1375
1190
1388
1186
1409
1215
1405
1252
1392
1313
1371
1345
1357
1366
1340
1377
1312
1375
1339
1326
1350
1250
1359
1260
1366
1242
1371
1291
1369
1302
1345
1364
1329
1389
1313
1433
1311
1419
1286
1427
1273
1402
1279
1334
1270
1285
1279
1241
1270
1229
1293
1260
1288
1294
1275
1362
1256
1385
1271
1416
1247
1425
1235
1382
1243
1314
1247
1240
1248
1208
1232
1199
1259
1175
1264
1236
1262
1286
1253
1320
1254
1326
1260
1332
1252
1260
1254
1208
1262
1147
1274
1107
1267
1091
1290
1076
1316
1113
1304
1159
1318
1227
1323
1246
1330
1235
1330
1233
1330
1199
1339
1147
1312
1122
1339
1121
1343
1152
1356
1181
1364
1256
1364
1305
1369
1375
1363
1399
1353
1384
1372
1363
1337
1289
1331
1302
1332
1315
1325
1332
1329
1364
1340
1404
1342
1448
1334
1463
1325
1458
1308
1447
1286
1379
1274
1349
1269
1321
1280
1297
1274
1321
1296
1330
1309
1353
1314
1346
1310
1362
1280
1378
1287
1305
1262
1285
1253
1249
1209
1222
1261
1204
1252
1279
1234
1323
1278
1331
1275
1347
1275
1348
1276
1306
1275
1258
1264
1223
1244
1193
1247
1164
1236
1189
1248
1240
1258
1270
1281
1292
1308
1296
1333
1281
1346
1204
1353
1155
1341
1096
1323
1077
1303
1089
1306
1086
1340
1153
1324
1203
1352
1266
1378
1291
1400
1306
1403
1294
1403
1241
1399
1189
1361
1167
1325
1166
1308
1188
1298
1227
1290
1322
1294
1386
1306
1434
1313
1462
1325
1442
1320
1403
1316
1305
1277
1278
1290
1244
1250
1245
1229
1283
1231
1309
1238
1365
1259
1397
1282
1456
1297
1420
1310
1397
1310
1345
1314
1288
1290
1258
1272
1250
1252
1232
1240
1252
1228
1288
1236
1325
1241
1395
1273
1373
1285
1384
1294
1353
1296
1329
1290
1280
1275
1279
1257
1279
1249
1253
1236
1263
1248
1249
1252
1255
1292
1253
1316
1271
1321
1279
1337
1263
1344
1245
1348
1238
1339
1222
1347
1189
1343
1158
1343
1119
1351
1127
1364
1105
1375
1142
1380
1203
1386
1246
1389
1259
1414
1296
1387
1288
1364
1292
1343
1257
1323
1257
1301
1231
1324
1201
1322
1214
1305
1283
1306
1303
1308
1342
1301
1357
1286
1409
1266
1402
1261
1375
1241
1326
1291
1269
1243
1250
1257
1190
1266
1201
1268
1233
1263
1310
1264
1374
1273
1401
1288
1430
1272
1367
1272
1342
1263
1303
1264
1256
1259
1219
1251
1224
1270
1269
1272
1321
1286
1378
1287
1430
1285
1438
1289
1440
1292
1401
1286
1353
1296
1297
1283
1243
1288
1232
1294
1217
1302
1256
1312
1331
1328
1326
1332
1358
1334
1342
1303
1309
1339
1231
1339
1207
1328
1171
1341
1119
1343
1114
1353
1132
1365
1153
1356
1182
1367
1223
1354
1249
1350
1231
1342
1221
1336
1201
1330
1164
1320
1142
1327
1142
1318
1187
1321
1175
1320
1235
1284
1258
1311
1316
1297
1338
1306
1320
1323
1304
1297
1277
1271
1287
1255
1295
1254
1288
1242
1309
1225
1344
1283
1347
1283
1364
1295
1391
1298
1384
1328
1374
1282
1377
1265
1373
1258
1347
1241
1350
1239
1345
1266
1345
1287
1315
1300
1364
1311
1378
1347
1385
1315
1393
1314
1370
1292
1349
1290
1308
1283
1293
1281
1284
1284
1274
1293
1266
1317
1267
1334
1275
1345
1287
1356
1273
1358
1254
1342
1225
1319
1215
1312
1226
1297
1180
1283
1191
1300
1177
1324
1191
1340
1183
1353
1267
1379
1246
1358
1236
1311
1247
1308
1224
1279
1211
1285
1200
1285
1191
1287
1204
1307
1202
1322
1223
1326
1230
1325
1248
1316
1260
1294
1254
1262
1257
1250
1231
1243
1216
1275
1197
1270
1226
1289
1252
1307
1244
1348
1292
1302
1305
1294
1344
1254
1355
1259
1396
1244
1406
1261
1385
1304
1386
1302
1392
1327
1409
1338
1410
1341
1417
1325
1437
1332
1442
1306
1444
1288
1425
1272
1392
1281
1371
1249
1325
1305
1313
1323
1291
1346
1295
1351
1275
1351
1249
1341
1236
1327
1202
1312
1187
1277
1194
1283
1174
1299
1149
1329
1142
1337
1131
1364
1135
1379
1138
1366
1155
1339
1156
1318
1176
1297
1192
1281
1217
1249
1202
1280
1208
1295
1219
1309
1200
1311
1214
1308
1254
1296
1240
1271
1270
1257
1275
1228
1292
1259
1276
1262
1301
1270
1320
1297
1308
1287
1306
1303
1312
1308
1316
1305
1311
1298
1283
1290
1350
1286
1348
1279
1373
1260
1402
1275
1414
1262
1409
1279
1404
1267
1392
1277
1364
1280
1348
1275
1330
1272
1355
1266
1371
1269
1361
1306
1377
1269
1354
1274
1359
1265
1338
1279
1302
1267
1264
1286
1222
1306
1180
1316
1169
1315
1152
1332
1150
1349
1128
1353
1141
1359
1143
1366
1112
1352
1102
1350
1087
1343
1067
1349
1024
1347
1054
1353
1086
1368
1086
1371
1117
1388
1129
1352
1154
1360
1158
1341
1195
1307
1219
1283
1227
1270
1239
1277
1266
1273
1287
1294
1299
1302
1346
1304
1373
1292
1395
1272
1411
1257
1450
1244
1413
1228
1430
1238
1421
1257
1425
1275
1380
1292
1462
1300
1482
1308
1486
1288
1502
1275
1483
1288
1459
1262
1448
1259
1432
1261
1414
1273
1364
1289
1416
1274
1422
1308
1424
1308
1422
1299
1407
1278
1385
1265
1334
1234
1301
1242
1222
1244
1242
1258
1245
1289
1201
1354
1197
1330
1162
1344
1167
1344
1130
1338
1131
1306
1116
1304
1069
1311
1052
1300
1042
1314
1029
1367
1003
1365
999
1376
1013
1386
1011
1385
1018
1369
1053
1341
1068
1327
1083
1322
1095
1315
1120
1311
1165
1328
1152
1331
1201
1334
1195
1302
1234
1322
1240
1310
1275
1283
1350
1274
1383
1261
1409
1265
1434
1249
1460
1241
1488
1267
1494
1266
1506
1266
1531
1267
1503
1268
1502
1262
1514
1238
1559
1264
1509
1273
1528
1277
1519
1280
1518
1283
1513
1291
1483
1284
1481
1290
1416
1276
1382
1303
1332
1304
1327
1302
1314
1315
1295
1315
1286
1323
1271
1337
1249
1332
1226
1328
1207
1315
1186
1288
1153
1307
1138
1306
1125
1305
1126
1296
1100
1318
1083
1321
1089
1322
1059
1327
1067
1318
1067
1297
1119
1296
1131
1298
1125
1332
1141
1300
1116
1320
1119
1305
1106
1306
1106
1291
1109
1295
1126
1306
1152
1313
1194
1307
1246
1314
1258
1319
1288
1313
1319
1311
1334
1309
1322
1299
1323
1290
1320
1290
1336
1300
1311
1298
1370
1292
1464
1301
1485
1288
1528
1291
1551
1258
1575
1284
1540
1278
1515
1261
1496
1262
1441
1256
1405
1264
1386
1257
1389
1274
1403
1285
1414
1295
1417
1302
1417
1308
1363
1319
1355
1321
1288
1303
1233
1306
1165
1306
1149
1303
1068
1301
1107
1309
1125
1318
1142
1315
1181
1327
1186
1346
1167
1338
1132
1331
1120
1307
1117
1309
1044
1309
1035
1289
1056
1313
1065
1313
1099
1316
1148
1316
1188
1328
1197
1320
1213
1318
1168
1312
1216
1304
1210
1298
1183
1346
1198
1298
1175
1296
1227
1300
1255
1325
1310
1291
1366
1304
1368
1314
1385
1298
1398
1290
1407
1289
1388
1285
1368
1271
1403
1272
1408
1276
1411
1284
1450
1279
1479
1293
1491
1292
1490
1292
1519
1284
1561
1283
1506
1274
1492
1267
1449
1216
1422
1280
1354
1291
1344
1288
1345
1294
1315
1298
1312
1308
1289
1292
1287
1307
1269
1312
1224
1312
1214
1308
1136
1298
1110
1319
1073
1322
1058
1318
1064
1336
1019
1345
1051
1344
1052
1338
1076
1339
1080
1336
1096
1318
1117
1318
1090
1341
1068
1327
1068
1324
1100
1322
1112
1354
1143
1323
1178
1325
1212
1333
1245
1276
1279
1300
1299
1287
1317
1291
1302
1298
1310
1301
1329
1307
1349
1300
1359
1327
1369
1296
1426
1284
1416
1284
1442
1272
1419
1270
1492
1253
1489
1272
1453
1292
1459
1290
1436
1297
1442
1303
1453
1294
1459
1288
1464
1287
1434
1282
1449
1276
1437
1267
1413
1271
1382
1285
1332
1289
1335
1302
1295
1305
1270
1320
1244
1324
1235
1314
1230
1315
1167
1325
1166
1279
1188
1282
1142
1271
1118
1287
1085
1265
1088
1317
1058
1332
1057
1333
1087
1333
1090
1321
1080
1313
1076
1303
1081
1295
1079
1293
1078
1298
1088
1299
1103
1319
1136
1325
1160
1334
1193
1328
1223
1326
1232
1320
1239
1315
1196
1301
1237
1293
1236
1290
1270
1278
1318
1294
1345
1330
1385
1322
1394
1328
1430
1321
1428
1328
1407
1314
1394
1306
1397
1303
1387
1299
1394
1302
1421
1306
1449
1325
1451
1334
1471
1344
1458
1343
1476
1330
1451
1318
1404
1301
1379
1294
1328
1287
1346
1292
1352
1301
1358
1314
1381
1323
1365
1323
1350
1322
1329
1316
1302
1294
1250
1278
1134
1253
1181
1248
1159
1250
1142
1265
1166
1268
1180
1293
1186
1311
1147
1316
1169
1308
1196
1312
1102
1291
1081
1281
1042
1223
1046
1276
1033
1267
1099
1295
1157
1311
1188
1319
1222
1340
1216
1329
1207
1342
1183
1312
1190
1294
1142
1280
1122
1265
1179
1290
1216
1296
1275
1265
1343
1325
1361
1339
1370
1334
1359
1319
1350
1307
1272
1299
1276
1281
1294
1281
1290
1345
1322
1311
1360
1323
1433
1367
1473
1350
1512
1342
1522
1338
1489
1356
1447
1312
1405
1311
1368
1303
1357
1311
1341
1315
1366
1359
1408
1329
1440
1297
1458
1332
1439
1319
1419
1329
1364
1304
1321
1289
1264
1278
1236
1265
1212
1285
1174
1253
1194
1292
1183
1306
1201
1309
1210
1317
1208
1298
1188
1304
1157
1292
1139
1276
1123
1290
1102
1304
1084
1306
1071
1306
1076
1310
1096
1315
1116
1302
1135
1303
1159
1300
1187
1299
1169
1294
1197
1286
1231
1257
1223
1281
1211
1282
1195
1269
1216
1285
1198
1302
1231
1294
1262
1321
1322
1306
1310
1319
1344
1326
1377
1320
1385
1319
1383
1311
1377
1301
1353
1298
1346
1303
1343
1317
1352
1308
1377
1324
1391
1335
1426
1345
1417
1339
1445
1331
1432
1319
1432
1289
1414
1280
1375
1300
1343
1296
1306
1271
1323
1280
1332
1295
1325
1297
1334
1297
1340
1298
1326
1294
1293
1276
1267
1262
1243
1266
1197
1270
1178
1280
1181
1296
1177
1336
1180
1336
1175
1344
1179
1346
1141
1339
1165
1327
1174
1314
1164
1291
1163
1302
1140
1293
1142
1320
1145
1338
1175
1355
1184
1338
1121
1346
1225
1339
1234
1318
1238
1309
1248
1285
1263
1283
1260
1299
1250
1308
1270
1327
1318
1353
1282
1364
1299
1365
1300
1332
1321
1339
1259
1316
1354
1282
1385
1274
1403
1269
1421
1290
1416
1309
1415
1330
1400
1368
1389
1346
1363
1329
1331
1312
1353
1287
1355
1258
1376
1160
1411
1217
1447
1218
1420
1227
1388
1242
1361
1250
1263
1270
1259
1262
1236
1258
1182
1307
1182
1243
1179
1206
1235
1216
1252
1226
1275
1237
1281
1261
1242
1305
1190
1322
1143
1337
1091
1343
1057
1346
1046
1341
1069
1324
1102
1320
1159
1284
1210
1335
1230
1341
1249
1362
1218
1383
1190
1394
1179
1382
1139
1372
1149
1369
1109
1317
1164
1337
1193
1334
1277
1325
1346
1327
1387
1322
1398
1352
1376
1350
1339
1361
1314
1355
1282
1345
1276
1337
1288
1307
1333
1289
1392
1280
1441
1271
1480
1277
1485
1283
1474
1297
1412
1303
1389
1291
1372
1287
1344
1289
1329
1258
1355
1247
1363
1237
1354
1235
1386
1230
1398
1224
1391
1246
1349
1263
1310
1277
1286
1274
1253
1279
1222
1276
1216
1265
1209
1260
1213
1272
1233
1278
1246
1272
1239
1293
1180
1313
1186
1324
1130
1325
1122
1332
1092
1363
1138
1327
1126
1327
1131
1342
1145
1331
1143
1326
1170
1329
1169
1343
1147
1384
1137
1356
1139
1362
1151
1387
1139
1362
1167
1345
1195
1340
1199
1325
1218
1325
1269
1296
1258
1316
1265
1321
1260
1327
1283
1336
1251
1339
1283
1326
1325
1319
1329
1287
1360
1297
1364
1258
1381
1261
1395
1264
1421
1265
1429
1270
1369
1266
1432
1284
1435
1278
1410
1281
1414
1265
1412
1262
1404
1254
1385
1247
1395
1238
1430
1250
1392
1253
1349
1260
1383
1275
1363
1292
1302
1300
1317
1292
1297
1292
1272
1282
1254
1283
1238
1295
1233
1295
1223
1309
1232
1320
1231
1364
1214
1353
1212
1367
1221
1374
1173
1284
1166
1334
1135
1349
1127
1333
1145
1321
1152
1325
1119
1345
1178
1337
1206
1340
1180
1410
1156
1365
1115
1346
1129
1339
1108
1322
1116
1297
1149
1286
1174
1298
1208
1288
1232
1303
1255
1303
1254
1319
1197
1329
1220
1322
1217
1301
1218
1262
1241
1267
1262
1246
1316
1242
1345
1246
1385
1257
1447
1273
1430
1289
1428
1307
1373
1272
1363
1306
1341
1300
1358
1277
1380
1262
1413
1241
1457
1251
1463
1253
1473
1282
1469
1275
1429
1312
1376
1322
1316
1311
1283
1301
1264
1292
1264
1262
1297
1260
1328
1257
1346
1271
1335
1292
1331
1297
1302
1323
1241
1329
1183
1339
1119
1350
1108
1329
1104
1320
1143
1305
1189
1299
1234
1304
1234
1350
1214
1347
1217
1355
1145
1361
1080
1381
1050
1372
1040
1362
1058
1352
1093
1339
1166
1313
1227
1328
1243
1318
1255
1324
1225
1324
1211
1330
1172
1333
1172
1312
1183
1299
1207
1305
1262
1277
1310
1261
1398
1250
1453
1256
1467
1287
1455
1270
1455
1283
1392
1293
1338
1292
1315
1286
1317
1275
1325
1283
1361
1280
1448
1275
1460
1285
1472
1292
1442
1296
1423
1303
1325
1287
1284
1305
1263
1308
1236
1293
1245
1306
1232
1276
1288
1297
1313
1292
1327
1289
1330
1283
1277
1270
1260
1269
1218
1267
1212
1269
1164
1260
1169
1257
1184
1273
1176
1276
1189
1285
1230
1293
1199
1305
1173
1292
1152
1303
1134
1304
1061
1309
1076
1306
1081
1320
1091
1326
1097
1351
1112
1369
1131
1370
1138
1369
1164
1359
1175
1343
1177
1331
1201
1328
1219
1342
1230
1266
1264
1326
1268
1336
1295
1333
1308
1331
1343
1319
1339
1312
1401
1284
1442
1277
1451
1302
1455
1279
1443
1277
1495
1292
1478
1304
1464
1305
1462
1300
1450
1317
1432
1310
1420
1290
1428
1281
1428
1288
1385
1278
1406
1285
1400
1292
1361
1303
1325
1325
1279
1319
1254
1312
1172
1298
1187
1279
1220
1287
1191
1236
1207
1234
1217
1200
1168
1255
1141
1281
1136
1291
1105
1304
1101
1291
1082
1298
1059
1289
1058
1278
1081
1264
1095
1266
1082
1277
1068
1292
1085
1314
1082
1337
1081
1342
1101
1352
1101
1388
1125
1350
1120
1343
1168
1335
1176
1325
1212
1309
1239
1320
1231
1350
1260
1335
1265
1339
1296
1357
1330
1318
1390
1302
1419
1299
1446
1291
1477
1280
1512
1275
1486
1278
1482
1276
1470
1280
1459
1294
1459
1280
1474
1264
1502
1274
1493
1274
1505
1277
1481
1276
1474
1291
1445
1301
1399
1297
1355
1315
1300
1317
1267
1319
1227
1314
1244
1304
1257
1306
1258
1300
1252
1300
1240
1303
1210
1313
1161
1317
1117
1308
1083
1310
1048
1300
1032
1292
1101
1282
1079
1276
1089
1279
1098
1283
1119
1291
1084
1303
1079
1299
1077
1258
1056
1303
1048
1310
1029
1306
1065
1317
1089
1360
1139
1331
1181
1337
1220
1332
1247
1338
1269
1322
1276
1333
1276
1340
1277
1321
1300
1319
1290
1321
1325
1308
1344
1318
1406
1304
1439
1304
1461
1330
1478
1300
1432
1292
1452
1278
1440
1270
1452
1273
1436
1251
1428
1282
1438
1277
1421
1279
1421
1272
1386
1271
1356
1268
1360
1268
1351
1264
1336
1258
1323
1267
1301
1273
1285
1280
1239
1287
1234
1296
1213
1302
1191
1290
1194
1288
1169
1286
1163
1290
1135
1285
1167
1289
1195
1305
1156
1301
1152
1315
1138
1320
1118
1307
1098
1325
1113
1313
1115
1310
1089
1306
1136
1310
1168
1313
1171
1321
1184
1317
1193
1344
1198
1373
1163
1362
1182
1356
1219
1344
1209
1331
1249
1318
1264
1291
1303
1315
1315
1324
1365
1322
1373
1340
1365
1320
1365
1329
1356
1329
1346
1315
1370
1314
1401
1303
1423
1293
1446
1280
1479
1281
1476
1316
1446
1266
1420
1273
1398
1279
1324
1275
1274
1277
1287
1259
1280
1264
1325
1259
1355
1267
1340
1336
1333
1286
1280
1291
1252
1292
1195
1282
1159
1274
1137
1275
1122
1268
1136
1260
1169
1265
1191
1265
1216
1267
1226
1281
1229
1287
1187
1293
1152
1280
1136
1291
1081
1291
1084
1282
1083
1281
1134
1302
1178
1310
1217
1308
1236
1330
1239
1333
1220
1362
1187
1360
1170
1356
1148
1355
1142
1345
1159
1340
1199
1333
1247
1341
1313
1340
1338
1338
1336
1349
1361
1355
1347
1348
1385
1333
1333
1319
1332
1325
1330
1299
1379
1259
1389
1290
1432
1286
1485
1288
1501
1279
1482
1295
1454
1286
1442
1280
1413
1280
1386
1263
1365
1263
1368
1250
1350
1258
1336
1269
1339
1271
1330
1304
1304
1289
1274
1298
1234
1291
1213
1289
1161
1282
1174
1282
1162
1274
1148
1322
1150
1291
1123
1297
1128
1286
1132
1306
1145
1311
1141
1315
1142
1325
1155
1302
1152
1299
1169
1289
1175
1280
1154
1283
1165
1293
1163
1311
1160
1319
1138
1335
1149
1342
1177
1340
1178
1331
1213
1326
1239
1324
1252
1305
1264
1313
1237
1314
1222
1355
1185
1345
1217
1356
1250
1361
1258
1346
1314
1338
1352
1322
1380
1323
1397
1315
1424
1294
1424
1294
1376
1292
1383
1292
1393
1286
1388
1271
1395
1291
1416
1280
1419
1274
1432
1269
1443
1222
1475
1243
1437
1236
1403
1239
1363
1223
1330
1247
1275
1263
1278
1265
1272
1272
1266
1255
1274
1229
1268
1276
1267
1272
1266
1273
1255
1282
1211
1306
1171
1294
1162
1305
1149
1320
1119
1302
1138
1307
1155
1320
1159
1323
1139
1320
1180
1312
1150
1351
1160
1322
1158
1330
1137
1365
1122
1349
1089
1339
1119
1360
1128
1348
1148
1347
1154
1347
1168
1348
1181
1328
1201
1325
1242
1324
1214
1319
1227
1333
1251
1337
1255
1342
1284
1327
1334
1334
1337
1341
1361
1306
1372
1281
1412
1272
1441
1265
1438
1248
1469
1255
1440
1247
1437
1279
1425
1278
1433
1274
1416
1278
1408
1263
1409
1253
1402
1238
1393
1243
1374
1239
1352
1238
1336
1252
1304
1264
1273
1287
1293
1280
1252
1288
1229
1299
1204
1298
1215
1294
1187
1299
1191
1290
1202
1268
1211
1294
1204
1300
1175
1306
1168
1292
1162
1311
1150
1321
1142
1323
1157
1316
1160
1323
1160
1327
1164
1326
1190
1326
1165
1333
1154
1334
1127
1353
1131
1349
1080
1359
1142
1354
1149
1340
1160
1378
1194
1340
1209
1339
1226
1334
1245
1348
1272
1334
1291
1342
1302
1334
1328
1323
1343
1323
1372
1298
1403
1281
1413
1269
1434
1264
1456
1252
1480
1241
1484
1243
1465
1253
1455
1242
1431
1253
1399
1251
1406
1253
1383
1242
1385
1243
1363
1225
1370
1248
1327
1249
1335
1255
1332
1270
1280
1271
1267
1288
1217
1286
1181
1311
1159
1318
1130
1314
1191
1317
1156
1312
1191
1312
1216
1307
1219
1289
1195
1321
1182
1306
1181
1322
1130
1330
1106
1327
1154
1326
1141
1328
1154
1326
1162
1312
1187
1327
1178
1332
1206
1331
1211
1336
1194
1326
1178
1337
1150
1345
1131
1341
1133
1331
1150
1336
1158
1339
1186
1323
1241
1321
1283
1330
1299
1301
1338
1315
1332
1316
1334
1315
1301
1306
1313
1287
1339
1287
1393
1270
1410
1268
1471
1291
1487
1256
1467
1259
1495
1256
1489
1255
1474
1249
1439
1255
1421
1254
1401
1244
1382
1249
1370
1253
1348
1260
1335
1268
1321
1285
1307
1294
1264
1288
1255
1294
1215
1303
1191
1302
1147
1299
1173
1301
1185
1320
1175
1298
1197
1313
1189
1294
1166
1327
1152
1325
1157
1318
1144
1320
1127
1312
1140
1302
1155
1298
1161
1300
1191
1299
1212
1299
1219
1311
1198
1318
1185
1329
1179
1330
1144
1327
1133
1330
1124
1334
1148
1317
1156
1318
1212
1313
1244
1312
1274
1302
1296
1327
1245
1340
1267
1336
1279
1343
1283
1327
1297
1322
1345
1304
1383
1298
1421
1293
1423
1284
1489
1292
1488
1280
1468
1283
1452
1283
1444
1283
1372
1294
1421
1296
1433
1278
1422
1319
1434
1272
1401
1266
1414
1301
1388
1271
1371
1269
1335
1288
1274
1309
1238
1319
1216
1305
1195
1320
1203
1315
1192
1313
1198
1319
1202
1305
1204
1299
1196
1302
1160
1306
1142
1305
1127
1308
1123
1311
1149
1315
1153
1303
1173
1306
1169
1263
1184
1297
1158
1297
1177
1293
1186
1294
1167
1287
1193
1293
1170
1287
1173
1304
1177
1306
1193
1300
1197
1307
1184
1303
1173
1299
1200
1299
1213
1289
1221
1301
1232
1296
1263
1299
1273
1298
1286
1282
1321
1290
1333
1290
1345
1294
1309
1295
1356
1296
1339
1303
1375
1293
1406
1291
1472
1278
1460
1285
1464
1304
1467
1283
1464
1290
1449
1298
1421
1305
1388
1336
1388
1322
1384
1326
1382
1314
1382
1306
1394
1293
1398
1301
1356
1297
1344
1291
1297
1302
1277
1305
1243
1315
1208
1346
1209
1333
1171
1331
1183
1308
1235
1312
1233
1295
1221
1290
1203
1279
1169
1298
1128
1298
1099
1310
1086
1317
1071
1338
1084
1346
1107
1337
1119
1316
1132
1309
1131
1297
1123
1282
1084
1271
1105
1273
1137
1281
1110
1277
1153
1303
1170
1278
1223
1306
1219
1295
1279
1281
1297
1271
1288
1236
1302
1238
1312
1235
1313
1247
1326
1255
1363
1267
1387
1285
1406
1292
1436
1283
1450
1290
1452
1287
1433
1282
1402
1277
1368
1272
1328
1284
1353
1285
1351
1295
1391
1298
1420
1323
1403
1349
1406
1329
1380
1332
1349
1328
1301
1315
1273
1300
1262
1310
1253
1323
1258
1316
1290
1320
1306
1339
1297
1347
1274
1359
1266
1346
1181
1350
1190
1320
1176
1325
1139
1363
1131
1326
1107
1322
1156
1327
1160
1328
1169
1320
1174
1332
1150
1329
1130
1335
1109
1329
1103
1316
1103
1305
1055
1296
1117
1296
1149
1278
1182
1275
1224
1270
1229
1271
1255
1261
1262
1261
1276
1262
1347
1263
1311
1245
1347
1257
1348
1206
1378
1268
1388
1269
1423
1272
1454
1278
1447
1269
