1016
1460
1449
1430
1213
1205
1221
1209
1240
1224
1202
1190
1207
1194
1153
1191
1209
1228
1196
1251
1205
1224
1207
1221
1211
1223
1232
1253
1239
1246
1255
1257
1285
1273
1276
1304
1237
1268
1278
1295
1279
1305
1295
1286
1277
1367
1212
1293
1298
1278
1286
1287
1271
1267
1273
1266
1271
1256
1266
1253
1262
1218
1260
1245
1238
1205
1252
1226
1221
1228
1202
1216
1210
1265
1224
1207
1233
1231
1229
1239
1225
1233
1239
1287
1248
1257
1239
1261
1240
1258
1261
1262
1232
1215
1229
1245
1263
1255
1263
1258
1265
1267
1312
1265
1240
1266
1270
1245
1256
1265
1244
1270
1231
1250
1256
1256
1247
1235
1212
1232
1223
1234
1224
1212
1231
1223
1222
1224
1205
1223
1202
1226
1208
1223
1223
1199
1221
1213
1238
1321
1287
1251
1224
1272
1262
1268
1271
1280
1291
1292
1334
1284
1281
1288
1275
1271
1256
1255
1256
1326
1287
1274
1256
1283
1258
1267
1273
1281
1296
1216
1283
1304
1302
1330
1321
1319
1313
1284
1274
1233
1212
1196
1178
1176
1212
1219
1266
1294
1330
1356
1332
1379
1369
1404
1355
1355
1349
1342
1308
1284
1182
1172
1106
1029
900
816
773
733
750
872
836
831
891
902
980
1091
1205
1318
1455
1647
1604
1731
1768
1770
1747
1752
1734
1747
1677
1680
1488
1342
1264
1171
1082
1005
945
885
840
794
772
714
749
799
886
969
1137
1253
1387
1476
1642
1626
1640
1667
1631
1545
1530
1480
1406
1428
1355
1353
1356
1400
1369
1293
1346
1354
1362
1344
1281
1307
1269
1263
1251
1257
1246
1220
1203
1122
1158
1156
1122
1062
1000
941
911
911
903
999
975
999
1027
1050
1049
1024
1055
1080
1133
1180
1298
1330
1369
1371
1370
1357
1342
1325
1202
1270
1221
1213
1229
1224
1268
1320
1385
1428
1456
1467
1472
1425
1406
1381
1379
1371
1295
1386
1310
1228
1161
1100
1050
1016
1009
1036
1062
1030
1052
1063
1080
1129
1138
1244
1295
1395
1455
1521
1547
1553
1568
1537
1544
1507
1443
1452
1395
1410
1332
1284
1267
1239
1204
1220
1207
1134
1106
1101
1065
1100
1126
1133
1109
1099
1033
1048
1045
1042
1065
1060
1101
1090
1098
1015
1086
1134
1175
1160
1242
1248
1254
1268
1260
1314
1258
1311
1333
1366
1391
1377
1363
1335
1253
1390
1381
1407
1459
1487
1495
1467
1472
1491
1431
1385
1396
1371
1327
1324
1282
1259
1245
1206
1179
1171
1116
1094
1050
1067
1064
1072
1120
1130
1190
1203
1218
1197
1220
1214
1199
1207
1220
1297
1301
1314
1283
1240
1216
1144
1119
1114
1100
1192
1188
1186
1181
1138
1116
1114
1155
1243
1245
1341
1336
1319
1266
1217
1244
1202
1230
1245
1245
1236
1247
1218
1184
1195
1212
1261
1300
1326
1365
1338
1339
1353
1389
1411
1435
1455
1446
1409
1368
1352
1321
1305
1324
1339
1314
1329
1256
1260
1225
1217
1183
1180
1188
1168
1182
1194
1163
1169
1172
1182
1173
1230
1235
1196
1172
1223
1112
1139
1157
1192
1193
1237
1295
1266
1261
1214
1219
1230
1272
1317
1355
1377
1323
1295
1248
1232
1223
1241
1239
1235
1198
1166
1138
1110
1171
1150
1115
1182
1203
1188
1194
1090
1099
1110
1162
1239
1295
1320
1335
1320
1236
1278
1247
1260
1292
1244
1349
1357
1333
1320
1335
1249
1312
1278
1295
1248
1286
1280
1272
1281
1318
1330
1382
1422
1395
1352
1353
1273
1244
1271
1275
1319
1305
1271
1234
1200
1175
1106
1111
1103
1126
1125
1081
1091
993
944
948
976
1062
1130
1175
1203
1124
1217
1138
1137
1155
1231
1313
1363
1416
1428
1372
1394
1373
1398
1415
1431
1453
1425
1398
1300
1247
1234
1236
1256
1314
1322
1309
1386
1196
1183
1141
1193
1167
1209
1190
1166
1159
1174
1103
1128
1168
1210
1279
1281
1278
1221
1211
1224
1215
1221
1280
1296
1307
1266
1263
1193
1056
1119
1186
1182
1225
1248
1223
1206
1179
1175
1174
1256
1272
1274
1280
1246
1202
1140
1134
1161
1334
1268
1299
1312
1297
1226
1178
1100
1139
1159
1180
1138
1198
1174
1104
1122
1157
1179
1258
1303
1348
1416
1346
1303
1248
1226
1268
1313
1361
1385
1376
1325
1346
1278
1268
1283
1332
1339
1302
1358
1267
1224
1201
1229
1211
1269
1283
1292
1271
1194
1142
1114
1115
1136
1204
1265
1308
1299
1207
1198
1168
1149
1198
1229
1259
1257
1238
1146
1107
1080
1081
1143
1167
1191
1244
1239
1177
1128
1081
1082
1128
1192
1255
1275
1273
1240
1158
1200
1187
1230
1268
1329
1313
1282
1223
1182
1121
1166
1200
1255
1309
1304
1295
1250
1210
1152
1143
1263
1315
1346
1347
1318
1266
1208
1190
1168
1288
1317
1347
1334
1243
1193
1182
1170
1211
1265
1314
1325
1325
1280
1229
1200
1185
1236
1307
1301
1293
1244
1177
1134
1056
1066
1121
1215
1323
1269
1302
1220
1150
1076
1083
1094
1179
1275
1335
1276
1229
1195
1171
1175
1251
1264
1310
1367
1288
1247
1185
1113
1083
1180
1235
1294
1246
1269
1214
1147
1123
1117
1165
1279
1314
1341
1358
1241
1171
1117
1134
1237
1285
1347
1356
1318
1244
1209
1192
1233
1301
1365
1390
1429
1377
1298
1212
1198
1250
1271
1336
1342
1283
1226
1157
1075
1110
1154
1216
1283
1283
1291
1184
1101
982
985
1050
1126
1229
1261
1249
1201
1142
1079
1118
1122
1195
1257
1277
1255
1212
1152
1101
1220
1227
1272
1354
1383
1296
1271
1178
1153
1157
1244
1306
1393
1419
1363
1292
1199
1154
1131
1235
1316
1374
1409
1351
1248
1150
1136
1143
1139
1314
1327
1351
1301
1238
1175
1127
1145
1230
1309
1372
1321
1284
1154
1109
1087
1136
1236
1290
1333
1334
1260
1181
1117
1104
1158
1261
1363
1419
1452
1358
1262
1202
1161
1183
1246
1318
1315
1275
1189
1152
1040
1024
1089
1168
1271
1295
1229
1178
1024
961
998
1102
1189
1260
1303
1316
1213
1137
1050
1199
1114
1269
1362
1375
1333
1247
1161
1073
1154
1227
1329
1417
1424
1360
1278
1171
1116
1198
1207
1346
1423
1427
1354
1252
1136
1081
1109
1253
1310
1374
1374
1297
1212
1096
1096
1131
1208
1349
1419
1389
1335
1197
1151
1102
1131
1237
1331
1399
1316
1251
1129
1027
995
1063
1170
1242
1336
1334
1240
1144
1043
1031
1105
1244
1332
1388
1373
1322
1157
1078
1121
1195
1278
1380
1452
1398
1307
1232
1127
1098
1205
1314
1392
1406
1375
1246
1127
1053
1080
1134
1265
1337
1342
1288
1162
1047
984
1015
1141
1263
1329
1406
1316
1217
1117
1038
1112
1235
1340
1441
1446
1371
1261
1111
1047
1115
1223
1328
1398
1377
1299
1192
1088
1044
1089
1197
1304
1384
1355
1277
1171
1067
975
1234
1236
1353
1443
1401
1286
1196
1095
930
1155
1271
1322
1420
1374
1236
1137
992
1051
1126
1223
1323
1404
1340
1237
1105
997
971
1111
1232
1343
1438
1387
1202
1163
1055
1169
1184
1303
1376
1504
1455
1280
1203
1135
1336
1304
1430
1535
1588
1498
1328
1196
1031
1250
1233
1314
1399
1451
1386
1198
1089
939
1072
1171
1257
1363
1374
1359
1147
1031
939
1132
1169
1286
1395
1379
1403
1168
1063
987
1237
1215
1320
1422
1358
1406
1132
1053
907
1208
1217
1320
1425
1361
1378
1143
1093
933
1258
1301
1397
1511
1461
1384
1197
1100
1000
1286
1314
1431
1526
1476
1355
1212
1054
963
1268
1299
1399
1487
1415
1175
1167
990
872
1230
1267
1381
1473
1406
1258
1114
1002
861
1255
1328
1437
1507
1481
1287
1147
1007
856
1275
1346
1460
1482
1494
1237
1129
982
886
1240
1296
1401
1365
1402
1193
1073
875
829
1236
1320
1434
1395
1419
1195
1080
901
795
1255
1346
1471
1417
1466
1192
1115
930
843
1294
1394
1515
1470
1488
1218
1096
969
904
1328
1413
1540
1467
1460
1227
1010
918
1024
1285
1394
1517
1449
1444
1168
990
897
918
1306
1417
1547
1458
1445
1140
1033
864
1137
1322
1431
1552
1471
1354
1149
935
840
1101
1280
1393
1507
1413
1230
1080
946
824
1198
1327
1461
1521
1486
1307
1100
919
877
1233
1358
1518
1552
1474
1256
1048
896
828
1219
1343
1470
1498
1469
1217
1096
911
802
1244
1359
1484
1485
1489
1259
1096
901
856
1287
1412
1553
1491
1510
1277
1093
942
834
1322
1435
1569
1515
1509
1234
1037
921
797
1304
1422
1567
1503
1489
1226
1060
851
836
1278
1415
1521
1458
1434
1096
1008
822
811
1302
1438
1565
1484
1458
1170
980
795
788
1273
1398
1500
1429
1384
1121
928
803
947
1304
1429
1546
1419
1372
1118
875
827
1147
1326
1460
1580
1488
1390
1113
914
868
1211
1368
1496
1609
1510
1304
1138
955
847
1270
1397
1540
1587
1522
1274
1120
947
823
1255
1382
1523
1519
1491
1243
1043
893
758
1234
1362
1508
1504
1471
1233
1037
884
780
1280
1407
1541
1508
1499
1249
1065
864
843
1287
1405
1536
1507
1456
1147
1027
831
799
1279
1406
1520
1463
1444
1111
940
859
806
1232
1411
1549
1480
1455
1120
973
812
1000
1310
1440
1578
1500
1441
1165
990
859
1118
1311
1451
1553
1469
1334
1075
943
784
1158
1288
1437
1551
1455
1308
1121
947
808
1227
1358
1517
1590
1540
1340
1166
954
905
1273
1407
1530
1567
1523
1300
1147
919
820
1231
1304
1488
1197
1639
1163
1024
900
784
1215
1322
1470
1203
1583
1180
1059
859
805
1246
1348
1498
1572
1605
1198
1025
825
811
1258
1374
1247
1532
1603
1170
1064
906
1218
1276
1386
1363
1600
1448
1204
1068
924
1228
1311
1397
1203
1538
1464
1155
1026
862
1227
1271
1383
1129
1652
1325
1128
994
860
1234
1278
1398
1133
1647
1320
1175
962
883
1252
1305
1395
1207
1646
1283
1135
967
1162
1228
1294
1417
1200
1680
1220
1121
992
1112
1281
1320
1134
1199
1684
1233
1067
958
1240
1247
1335
1237
1234
1691
1283
1064
898
1243
1277
1339
1129
1221
1712
1224
1113
943
1246
1240
1339
1103
1224
1678
1241
1034
918
1256
1264
1349
1110
1213
1677
1185
1021
1032
1237
1239
1342
1118
1524
1459
1239
1033
859
1239
1265
1374
1107
1535
1644
1176
1063
1237
1258
1286
1395
1142
1676
1314
1209
1083
1094
1294
1328
1125
1219
1683
1384
1193
988
1291
1257
1319
1159
1139
1654
1324
1124
945
1254
1253
1295
1009
1204
1664
1262
1073
918
1228
1208
1271
1038
1159
1667
1258
1091
1067
1266
1272
1336
1042
1265
1733
1324
1123
964
1351
1325
1354
1073
1255
1696
1182
1053
1218
1259
1256
1321
1073
1220
1697
1264
1102
1309
1322
1348
1057
1156
1594
1752
1295
1158
1375
1343
1331
1045
1114
1477
1541
1141
959
1219
1199
1208
892
1009
1404
1474
1075
933
1139
1236
1267
962
1081
1556
1257
1078
956
1280
1327
1363
1017
1210
1646
1335
1140
1203
1395
1410
1438
1124
1203
1658
1230
1073
980
1352
1393
1405
1126
1222
1701
1242
1161
1418
1436
1434
1446
1147
1154
1610
1138
1031
1303
1316
1329
1383
1084
1083
1543
1080
993
1241
1287
1289
981
1011
1109
1533
1117
961
1132
1350
1371
1141
1091
1445
1453
1090
1063
1388
1457
1503
1177
1194
1593
1590
1121
1059
1313
1413
1376
1067
1114
1376
1252
937
921
1199
1315
1347
967
1075
1473
1111
948
897
1285
1360
1396
1045
1098
1491
1071
1036
1138
1370
1430
1473
1085
1102
1541
1073
943
1262
1342
1400
1422
1079
1095
1515
1058
1000
1332
1405
1469
1235
1203
1242
1655
1218
1112
1299
1506
1530
1264
1176
1155
1518
1020
989
1296
1419
1435
1136
1133
1443
1538
1061
975
1096
1387
1413
1001
1092
1370
1301
929
876
1213
1427
1479
1105
1168
1508
1274
983
971
1278
1414
1443
1053
1066
1359
1099
854
1181
1235
1386
1439
1076
1080
1452
1002
959
1257
1383
1529
1576
1228
1189
1580
1127
1062
1500
1590
1645
1349
1232
1454
1547
1061
1009
1387
1495
1566
1287
1126
1056
1436
986
935
1293
1495
1558
1206
1154
1172
1426
960
936
1218
1454
1510
1112
1031
1331
1321
858
859
1072
1437
1469
1042
1194
1288
1234
779
859
1084
1436
1508
1137
1175
1514
1116
1017
973
1409
1594
1628
1227
1296
1515
1090
948
1277
1415
1617
1692
1261
1345
1595
1113
974
1203
1440
1531
1559
1128
1019
1320
802
720
1148
1285
1443
1169
1209
1142
1469
939
943
1289
1483
1596
1309
1291
1257
1536
1001
917
1270
1488
1564
1171
1187
1115
1413
901
853
1135
1482
1604
1244
1281
1577
1496
1014
983
1227
1568
1652
1240
1488
1453
1325
834
833
1134
1428
1514
1169
1094
1439
982
770
797
1111
1376
1456
1115
1130
1391
928
835
1073
1271
1492
1592
1216
1299
1526
1067
953
1345
1400
1598
1344
1313
1231
1555
1047
972
1354
1509
1647
1355
1343
1256
1594
1032
986
1257
1477
1575
1175
1514
1067
1352
797
834
1187
1403
1514
1178
1478
1122
1460
972
942
1080
1481
1555
1204
1474
1028
1317
823
768
1084
1432
1554
1232
1550
1417
1307
925
838
1175
1464
1583
1186
1444
1418
1297
922
1217
1218
1586
1669
1325
1288
1552
1051
877
1151
1230
1477
1554
1215
1184
1464
967
836
1275
1336
1550
1240
1253
1218
1475
947
816
1209
1341
1513
1260
1214
1189
1508
944
926
1270
1454
1576
1235
1611
1198
1479
948
789
1105
1381
1483
1147
1466
1008
1322
800
780
958
1366
1504
1206
1518
1142
1471
937
891
1170
1524
1625
1260
1433
1570
1326
916
930
1180
1459
1510
1109
1136
1244
1122
791
976
1018
1403
1525
1188
1241
1496
1052
881
1126
1317
1607
1351
1606
1319
1601
1107
951
1302
1321
1545
1308
1555
1167
1460
1005
823
1186
1323
1508
1262
1394
1181
1477
965
918
1270
1436
1582
1266
1614
1182
1454
927
861
1055
1409
1547
1260
1606
1184
1473
915
881
1045
1427
1527
1139
1460
1049
1374
817
816
1081
1398
1514
1159
1334
1352
1209
885
878
1157
1464
1556
1202
1317
1344
1220
1004
1077
1225
1514
1585
1194
1224
1218
1179
944
1270
1238
1493
1250
1563
1154
1473
1008
921
1241
1297
1490
1261
1477
1179
1454
977
906
1240
1329
1506
1149
1574
1136
1508
1031
951
1375
1485
1603
1276
1629
1162
1501
1026
937
1163
1424
1526
1161
1530
1084
1371
886
852
1114
1405
1518
1173
1443
1145
1451
912
932
1147
1439
1542
1184
1278
1125
1408
907
1068
1146
1440
1510
1252
1207
1316
1121
916
994
1089
1437
1516
1146
1174
1285
1112
953
1291
1208
1484
1244
1586
1162
1500
1043
950
1290
1329
1514
1252
1555
1209
1479
1057
952
1306
1386
1560
1181
1625
1159
1483
989
897
1229
1343
1473
1116
1535
1085
1436
966
861
1073
1384
1472
1136
1534
1148
1470
975
953
1178
1452
1525
1159
1375
1119
1400
946
898
1105
1432
1499
1326
1290
1120
1413
934
1181
1160
1435
1496
1344
1149
1276
1106
959
987
1189
1508
1566
1333
1204
1179
1136
998
1352
1210
1478
1172
1523
1114
1462
1017
964
1244
1262
1468
1219
1528
1159
1451
1036
913
1236
1297
1433
1046
1525
1096
1508
1029
1006
1349
1417
1529
1201
1566
1179
1509
1041
1011
1153
1447
1527
1182
1559
1169
1472
972
968
1172
1426
1494
1157
1422
1064
1425
961
988
1160
1449
1485
1347
1277
1119
1417
915
898
1118
1390
1438
1326
1139
1174
1038
897
997
1117
1374
1050
1451
1153
1074
1029
919
1300
1160
1454
1188
1528
1119
1484
1051
1019
1297
1326
1512
1271
1579
1237
1526
1123
1017
1314
1354
1502
1127
1581
1127
1461
1019
930
1173
1370
1483
1147
1558
1119
1500
1020
889
1059
1341
1422
1053
1522
1129
1494
991
969
1160
1406
1490
1149
1497
1137
1432
992
886
1088
1359
1398
1363
1211
1121
1404
998
1210
1149
1425
1487
1449
1175
1361
1168
1010
1061
1180
1460
1186
1556
1191
1147
1135
998
1265
1113
1366
1099
1450
1098
1425
987
972
1154
1175
1386
1219
1507
1136
1477
1083
964
1131
1275
1437
1080
1541
1140
1455
999
928
1121
1361
1485
1140
1588
1228
1549
1026
982
1173
1370
1474
1126
1542
1151
1492
992
981
1126
1422
1513
1181
1434
1202
1508
1011
896
1059
1346
1407
1349
1265
1066
1311
954
1156
1081
1367
1472
1445
1186
1379
1149
1001
984
1119
1393
1073
1534
1218
1173
1110
939
1215
1108
1401
1172
1537
1206
1152
1126
951
1231
1199
1401
1064
1554
1208
1515
1109
1010
1301
1300
1448
1133
1627
1254
1557
1140
1061
1104
1328
1466
1164
1577
1149
1507
969
930
1152
1239
1324
997
1462
1076
1418
896
884
1067
1274
1367
1080
1391
1143
1434
1015
909
1091
1360
1445
1472
1335
1214
1438
1009
1080
1151
1430
1510
1538
1278
1318
1201
987
928
1115
1368
1133
1521
1252
1187
1124
1015
1299
1129
1434
1221
1602
1270
1240
1162
985
1325
1221
1432
1135
1579
1202
1485
1003
914
1207
1154
1326
1004
1476
1071
1417
1009
853
993
1211
1340
1043
1499
1124
1512
1002
985
1113
1367
1481
1184
1642
1229
1571
1057
901
1082
1346
1420
1114
1392
1181
1466
1066
999
1076
1409
1465
1460
1415
1211
1334
1012
982
1063
1323
1395
1433
1200
1230
1165
932
869
1056
1309
1048
1490
1202
1216
1071
972
1245
1052
1386
1174
1585
1263
1245
1167
995
1327
1198
1412
1066
1552
1174
1496
1036
914
1244
1209
1386
1070
1583
1224
1571
1141
1037
1155
1300
1445
1189
1547
1196
1546
1092
897
1086
1248
1337
1052
1467
1136
1455
996
906
1008
1259
1346
1057
1387
1145
1417
965
868
1033
1291
1395
1426
1406
1137
1411
1053
1043
1186
1407
1488
1528
1251
1264
1385
1036
1350
1182
1451
1196
1602
1273
1248
1125
1023
1275
1109
1397
1172
1547
1212
1129
1111
939
1214
1091
1323
967
1478
1121
1463
1029
920
1214
1187
1342
1077
1564
1159
1481
1025
947
1034
1180
1339
993
1512
1148
1541
1101
945
1195
1343
1440
1104
1599
1249
1594
1117
981
1181
1376
1445
1152
1471
1223
1493
1131
1036
1080
1384
1424
1437
1311
1145
1323
999
818
1060
1278
1354
1407
1157
1093
1332
1009
1259
1036
1317
1006
1442
1146
1150
1089
911
1176
1037
1317
1107
1512
1204
1186
1153
1014
1330
1160
1397
1076
1565
1210
1582
1163
1052
1323
1315
1460
1144
1621
1287
1590
1200
1030
1208
1299
1411
1067
1581
1167
1612
1135
981
1213
1325
1415
1097
1521
1186
1555
1101
974
1098
1282
1333
1004
1438
1430
1192
929
870
788
828
1243
1395
1430
1319
1239
1179
913
882
956
988
1480
1604
1601
1531
1279
1206
1173
991
1112
1163
1225
1637
1568
1454
1269
1145
1162
1116
1118
1228
1172
1518
1464
1348
1257
1141
1222
1303
1187
1208
1134
976
1358
1307
1316
1265
1320
1360
1132
1126
942
916
1227
1308
1391
1426
1307
1305
1258
1060
924
957
1010
1528
1607
1604
1403
1290
1176
978
954
963
1102
1583
1656
1605
1506
1248
1183
1150
1030
1170
1199
1174
1551
1442
1306
1106
1065
1141
1123
1147
1180
1086
1421
1365
1289
1262
1166
1256
1283
1147
1061
945
917
1270
1298
1368
1334
1384
1390
1151
1083
956
959
1360
1486
1554
1575
1410
1358
1277
1010
1021
1011
1088
1614
1635
1603
1407
1238
1146
939
997
991
1118
1486
1480
1407
1302
1090
1052
1096
1046
1127
1146
1095
1477
1378
1286
1176
1186
1271
1236
1250
1148
1097
1321
1326
1317
1354
1290
1371
1383
1195
1088
940
852
1255
1331
1404
1407
1335
1295
1067
975
853
897
1239
1409
1447
1433
1237
1111
1012
766
754
854
937
1435
1417
1321
1139
915
868
814
902
1080
1169
1433
1704
1614
1485
1251
1259
1360
1331
1498
1543
1527
1851
1677
1504
1371
1190
1224
1229
1138
1215
1200
1107
1361
1270
1161
990
1007
1072
950
981
1059
998
1433
1479
1436
1446
1335
1388
1454
1394
1391
1385
1382
1689
1531
1364
1115
1059
1116
1086
1170
1155
1259
1502
1399
1188
1026
804
868
1030
963
1114
1156
1061
1280
1046
919
814
810
992
1009
1129
1164
1044
1217
1174
1070
1058
992
1160
1344
1304
1417
1324
1214
1457
1347
1282
1299
1304
1495
1587
1599
1549
1406
1291
1472
1308
1214
1092
1221
1401
1368
1493
1464
1360
1515
1345
1193
1140
1050
1221
1444
1446
1463
1362
1105
1307
1089
994
897
1003
1193
1264
1348
1304
1248
1387
1328
1236
1226
1181
1339
1509
1468
1531
1409
1266
1530
1391
1298
1225
1133
1235
1265
1248
1241
1243
1065
1326
1142
1004
816
907
1053
1087
1190
1230
1131
1357
1197
1028
952
849
1011
1232
1296
1396
1342
1168
1421
1223
1112
1028
1124
1363
1472
1593
1593
1442
1440
1483
1295
1244
1180
1369
1582
1586
1645
1489
1311
1488
1305
1180
1168
1135
1336
1539
1491
1412
1221
1009
1155
981
898
837
997
1213
1240
1275
1228
976
1015
955
831
821
809
1050
1310
1351
1347
1297
1063
1216
1048
955
994
1067
1362
1624
1578
1520
1301
1087
1233
1062
989
1002
1247
1501
1572
1595
1522
1243
1348
1176
1017
1034
1026
1285
1567
1626
1601
1475
1206
1358
1140
1007
1034
1150
1447
1760
1682
1597
1408
1008
1134
910
876
916
1264
1652
1773
1761
1610
1185
1171
927
785
854
979
1346
1666
1637
1457
1193
773
872
696
716
914
1103
1476
1670
1517
1299
1012
590
806
752
869
998
1304
1576
1525
1454
1226
886
967
863
857
1019
1168
1500
1737
1616
1459
1245
911
1022
900
957
1189
1400
1738
1911
1677
1436
1027
623
833
808
983
1213
1572
1863
1789
1577
1217
784
710
803
909
1193
1418
1731
1870
1643
1318
1021
639
884
925
1105
1375
1521
1720
1796
1556
1242
886
640
991
1029
1192
1377
1535
1721
1708
1400
1169
946
693
945
1065
1235
1336
1559
1685
1529
1332
973
721
855
875
983
1205
1315
1526
1590
1331
1060
707
508
794
871
1095
1371
1499
1692
1682
1366
1118
830
608
1030
1157
1357
1505
1616
1690
1664
1395
1132
869
829
1163
1258
1432
1510
1673
1737
1507
1300
1049
740
962
999
1128
1372
1493
1707
1762
1430
1148
839
505
843
933
1164
1433
1625
1790
1738
1284
939
655
461
853
1057
1364
1590
1764
1804
1609
1132
747
518
380
920
1163
1452
1564
1714
1689
1358
1004
736
506
865
1046
1314
1587
1691
1769
1694
1271
1029
709
584
980
1181
1480
1775
1877
1943
1808
1356
932
662
492
1057
1318
1677
1978
2042
2003
1741
1162
813
531
509
1144
1456
1801
1920
1924
1733
1379
824
537
376
566
1180
1497
1771
1772
1713
1493
1002
636
439
430
888
1227
1537
1775
1696
1666
1428
942
629
491
472
1009
1375
1707
1912
1833
1695
1396
822
526
460
485
1174
1539
1887
2036
1872
1611
1213
703
438
391
592
1377
1798
2059
2048
1821
1456
1053
581
429
554
759
1568
1872
2037
1865
1598
1257
889
569
560
662
1057
1692
1956
2065
1841
1567
1276
805
635
603
802
1396
1756
1981
2057
1811
1539
1210
745
578
626
736
1473
1810
2027
2055
1713
1373
1000
560
432
560
721
1515
1824
1986
1900
1476
1110
763
342
362
505
822
1667
1958
2054
1884
1440
1066
753
435
503
710
1053
1793
2062
2097
1844
1426
1079
824
571
582
899
1208
1939
2101
2066
1718
1297
929
687
457
540
901
1295
1967
2117
2038
1576
1137
818
541
461
650
1025
1682
2083
2112
1909
1410
1009
731
467
531
847
1193
1915
2109
2056
1781
1258
899
708
512
599
918
1279
1925
2020
1911
1604
1094
794
621
463
650
907
1278
1918
1936
1844
1517
1013
720
588
547
749
1083
1454
2075
2061
1840
1463
942
698
642
597
918
1380
1635
2180
2069
1781
1369
870
671
704
715
1126
1438
1711
2157
1964
1621
1226
794
695
765
806
1208
1485
1695
2064
1816
1445
1108
721
629
759
843
1195
1524
1685
1925
1726
1371
1028
663
605
750
924
1276
1559
1630
1881
1654
1290
947
592
611
807
972
1357
1615
1678
1763
1516
1122
839
552
640
909
1089
1422
1622
1581
1693
1368
1047
803
626
780
1065
1251
1589
1644
1617
1614
1332
1064
871
795
980
1281
1429
1656
1711
1770
1616
1350
1069
925
840
1064
1380
1532
1691
1752
1620
1487
1193
928
826
783
1035
1376
1511
1671
1576
1549
1243
965
827
837
860
1148
1450
1454
1566
1400
1334
1102
979
859
917
966
1260
1546
1538
1558
1421
1446
1176
1031
951
1023
1073
1351
1596
1536
1536
1367
1362
1080
962
947
1045
1156
1450
1694
1640
1549
1278
1199
972
897
940
1125
1249
1526
1719
1502
1412
1114
1156
897
900
1025
1235
1372
1615
1719
1533
1343
1034
1102
958
1014
1175
1376
1476
1604
1692
1426
1287
1028
1111
974
1053
1245
1416
1513
1617
1668
1368
1239
928
987
920
1005
1244
1456
1585
1632
1623
1284
1076
842
821
847
1055
1293
1516
1667
1607
1537
1172
941
791
848
933
1171
1421
1618
1724
1606
1519
1216
970
870
947
1030
1290
1496
1662
1687
1582
1492
1213
1009
885
874
1053
1273
1530
1663
1695
1537
1437
1166
968
865
787
1112
1331
1574
1739
1765
1570
1458
1182
932
836
902
1078
1373
1590
1679
1659
1413
1236
1102
810
779
778
1079
1330
1502
1562
1533
1367
1167
1062
835
796
823
1079
1307
1456
1540
1534
1452
1220
1160
849
835
931
1214
1412
1573
1698
1661
1545
1282
1159
872
892
1030
1335
1480
1630
1669
1582
1451
1182
1067
855
962
1070
1295
1461
1563
1497
1488
1362
1124
1033
979
959
1091
1288
1381
1495
1551
1465
1372
1184
1073
1083
953
1124
1149
1370
1476
1503
1464
1350
1268
1065
1069
1000
1151
1229
1401
1479
1517
1486
1369
1264
1102
1125
1107
1174
1359
1394
1378
1438
1346
1280
1219
1093
1129
1086
1119
1198
1182
1254
1275
1278
1238
1229
1192
1157
1228
1193
1161
1118
1254
1263
1273
1315
1258
1246
1190
1224
1167
1206
1277
1301
1330
1331
1281
1262
1159
1185
1231
1167
1242
1251
1283
1292
1260
1256
1187
1280
1272
1296
1307
1303
1251
1179
1220
1315
1176
1215
1262
1298
1293
1347
1247
1233
1191
1207
1155
1203
1223
1289
1295
1270
1281
1234
1209
1081
1079
1154
1137
1189
1233
1276
1274
1289
1195
1349
1226
1141
1105
1105
1161
1253
1360
1478
1463
1525
1371
1279
1148
1060
1062
1138
1262
1408
1488
1499
1487
1345
1195
1050
1001
1006
1104
1206
1367
1467
1454
1382
1276
1120
989
922
952
1046
1187
1299
1431
1490
1431
1338
1218
1066
942
927
1054
1172
1356
1524
1596
1594
1416
1256
1062
892
867
981
1228
1433
1622
1734
1691
1472
1193
964
815
816
980
1215
1418
1638
1636
1551
1357
1121
874
815
804
926
1183
1353
1496
1551
1514
1362
1180
972
846
847
950
1100
1332
1518
1645
1587
1462
1210
1017
845
775
953
1149
1415
1654
1749
1689
1510
1239
1057
926
947
1057
1273
1517
1705
1709
1675
1496
1235
1060
963
966
1074
1244
1441
1492
1583
1521
1381
1217
1027
906
910
996
1129
1219
1404
1448
1442
1343
1198
1036
914
873
917
1113
1310
1444
1544
1530
1341
1180
910
879
860
991
1207
1398
1540
1552
1461
1292
1134
1037
988
1064
1231
1370
1470
1518
1526
1403
1324
1149
1152
1149
1168
1240
1302
1385
1428
1430
1423
1280
1213
1129
1110
1112
1153
1226
1300
1371
1352
1335
1230
1117
1022
989
1013
1120
1243
1364
1408
1410
1305
1185
1104
1032
1043
1126
1265
1458
1460
1532
1409
1334
1210
1132
1113
1144
1185
1246
1375
1446
1433
1415
1321
1296
1237
1131
1131
1091
1133
1207
1327
1410
1450
1432
1353
1223
1126
1017
1002
1056
1180
1370
1485
1531
1464
1300
1141
984
888
906
1022
1143
1340
1435
1492
1430
1327
1201
1080
978
950
1011
1115
1252
1435
1523
1561
1535
1440
1300
1055
942
887
1000
1175
1405
1605
1699
1676
1506
1217
887
709
802
921
1160
1461
1667
1741
1687
1476
1197
955
724
682
841
1072
1336
1504
1612
1563
1307
1223
966
773
715
788
939
1156
1403
1579
1641
1587
1408
1152
897
740
726
870
1163
1483
1771
1848
1754
1554
1257
967
781
778
965
1286
1562
1791
1848
1741
1521
1296
1029
892
950
1036
1152
1358
1503
1572
1554
1478
1306
1122
966
869
862
924
1057
1253
1376
1498
1492
1408
1156
1020
864
795
837
965
1146
1353
1530
1570
1514
1394
1179
1025
951
993
1054
1202
1345
1531
1544
1547
1495
1378
1238
1141
1098
1076
1088
1103
1277
1418
1522
1583
1562
1431
1251
1020
917
905
931
1065
1294
1469
1571
1544
1382
1149
930
784
735
792
965
1156
1354
1468
1487
1458
1228
1122
978
862
830
865
1061
1270
1471
1649
1716
1642
1458
1244
985
878
877
1014
1259
1511
1742
1835
1763
1541
1258
1013
937
850
948
1217
1470
1672
1777
1682
1524
1282
987
852
772
848
995
1188
1359
1481
1513
1449
1233
1114
884
749
703
749
951
1161
1383
1514
1607
1494
1288
1048
847
767
792
995
1255
1472
1691
1746
1655
1454
1237
1010
897
926
1070
1220
1488
1646
1713
1650
1549
1335
1166
1065
965
958
1071
1234
1420
1558
1625
1559
1385
1171
923
772
713
808
1016
1219
1472
1587
1552
1366
1129
916
738
695
781
1003
1260
1495
1643
1617
1496
1259
1046
913
852
925
1137
1313
1521
1682
1732
1651
1456
1247
1061
938
829
1040
1173
1403
1579
1665
1676
1515
1278
987
867
799
868
1056
1286
1519
1640
1630
1495
1227
1006
870
763
866
1051
1264
1438
1567
1601
1454
1295
1020
938
891
876
982
1141
1354
1441
1545
1555
1454
1309
1158
1021
920
980
1055
1256
1430
1543
1609
1525
1429
1286
1138
949
1025
1073
1198
1317
1429
1496
1500
1366
1364
1229
1092
1029
1009
1047
1106
1200
1288
1273
1350
1372
1340
1240
1083
990
945
931
977
1115
1263
1370
1455
1500
1395
1242
1042
912
822
875
1006
1192
1375
1522
1584
1560
1396
1280
1075
955
901
976
1131
1333
1564
1740
1746
1715
1517
1276
1031
875
852
925
1204
1438
1645
1807
1744
1591
1322
1047
816
847
861
958
1228
1462
1639
1665
1562
1356
1081
878
697
675
769
1001
1242
1417
1584
1567
1445
1256
998
843
761
805
987
1181
1468
1638
1714
1606
1476
1256
1061
943
935
1024
1205
1435
1601
1706
1694
1570
1414
1215
1072
1032
1039
1184
1294
1423
1495
1520
1422
1294
1172
1088
1000
929
959
1033
1123
1210
1265
1277
1257
1280
1149
1058
1014
993
1019
1107
1171
1272
1374
1355
1338
1310
1256
1211
1172
1162
1179
1194
1247
1334
1367
1391
1398
1388
1334
1271
1204
1155
1144
1201
1264
1330
1394
1392
1423
1326
1219
1130
1084
1044
1062
1147
1226
1300
1363
1353
1288
1173
1076
984
940
970
1032
1145
1245
1381
1373
1351
1271
1139
1088
1034
1028
1087
1227
1356
1430
1507
1524
1457
1372
1233
1121
1076
1108
1202
1314
1475
1551
1610
1589
1457
1308
1113
1022
1026
1055
1192
1329
1422
1515
1503
1390
1258
1125
1030
875
895
957
1096
1195
1314
1460
1463
1392
1259
1062
932
868
856
935
1069
1267
1436
1531
1511
1437
1263
1169
938
871
932
1025
1198
1394
1559
1621
1598
1485
1301
1156
1027
966
980
1092
1268
1461
1584
1548
1628
1487
1289
1112
1007
918
936
1051
1319
1365
1521
1553
1463
1317
1101
942
847
859
941
1095
1294
1410
1482
1497
1369
1227
1145
984
919
990
1107
1246
1367
1447
1496
1458
1426
1220
1136
1088
1084
1163
1272
1371
1471
1502
1495
1384
1267
1164
1108
1106
1219
1354
1444
1457
1465
1387
1282
1162
1064
1033
1043
1123
1274
1350
1394
1359
1280
1206
1031
955
923
1052
1008
1197
1339
1429
1427
1362
1252
1104
1005
1009
974
1080
1230
1405
1519
1571
1518
1405
1121
1076
1018
966
1033
1171
1357
1550
1715
1618
1536
1331
1187
1017
985
990
1092
1240
1352
1524
1545
1481
1368
1239
1070
976
917
960
1116
1218
1333
1449
1483
1448
1271
1159
1050
926
937
1037
1133
1293
1428
1492
1485
1482
1204
1115
1008
930
1000
1133
1252
1394
1427
1418
1459
1347
1267
1173
1161
1169
1211
1286
1358
1368
1398
1431
1379
1344
1261
1190
1183
1252
1215
1291
1254
1311
1295
1304
1262
1195
1179
1154
1158
1233
1209
1206
1206
1193
1167
1184
1142
1135
1166
1242
1251
1216
1227
1196
1127
1079
1090
1151
1200
1241
1347
1381
1372
1334
1277
1208
1167
1106
1176
1223
1333
1369
1412
1426
1406
1392
1275
1254
1175
1160
1162
1191
1247
1326
1401
1423
1432
1303
1275
1173
1080
1052
1062
1112
1168
1237
1249
1371
1349
1290
1245
1172
1073
1067
1016
1043
1086
1125
1221
1301
1371
1370
1378
1309
1213
1124
1082
1012
1038
1123
1273
1391
1521
1599
1501
1459
1326
1217
1080
1046
1081
1195
1332
1465
1620
1622
1590
1485
1331
1150
1010
937
951
1042
1182
1325
1478
1538
1533
1403
1214
1030
860
836
869
1004
1171
1337
1433
1435
1378
1246
1079
971
913
907
1029
1140
1283
1362
1378
1480
1359
1307
1220
1148
1115
1173
1209
1304
1354
1510
1491
1468
1436
1338
1271
1230
1216
1237
1353
1360
1449
1435
1456
1382
1311
1217
1151
1106
1050
1136
1190
1225
1275
1238
1227
1200
1133
1040
996
1008
997
1030
1087
1114
1210
1264
1294
1306
1239
1166
1062
994
981
1034
1141
1244
1368
1523
1567
1530
1420
1277
1149
1034
1059
1117
1221
1405
1556
1647
1627
1580
1471
1300
1103
927
969
971
1088
1258
1457
1589
1635
1551
1382
1148
918
788
762
858
1060
1252
1444
1529
1551
1470
1280
1070
909
839
851
975
1134
1362
1459
1548
1538
1450
1303
1178
1047
1002
1006
1087
1261
1383
1510
1556
1587
1484
1371
1239
1089
1177
1145
1225
1303
1357
1391
1402
1352
1292
1163
1179
1145
1173
1207
1200
1224
1189
1161
1094
1090
1122
1139
1166
1203
1214
1214
1171
1159
1063
1032
1060
1058
1118
1179
1259
1270
1402
1305
1288
1252
1188
1176
1144
1182
1224
1297
1328
1427
1461
1462
1423
1350
1289
1246
1163
1336
1267
1310
1352
1372
1397
1373
1364
1351
1334
1310
1298
1227
1176
1083
1095
1098
1129
1195
1312
1346
1363
1364
1315
1159
1037
897
879
921
955
1150
1288
1440
1502
1469
1374
1229
1083
1029
939
943
1039
1228
1397
1566
1629
1643
1500
1316
1209
1027
976
971
1087
1213
1456
1599
1683
1564
1524
1326
1146
1012
964
965
1082
1165
1357
1410
1463
1423
1355
1230
1101
1015
956
977
1028
1135
1226
1310
1354
1359
1308
1196
1155
1036
1046
1098
1149
1220
1320
1354
1328
1333
1310
1283
1238
1221
1257
1288
1314
1319
1341
1462
1280
1348
1308
1300
1308
1312
1309
1299
1273
1263
1252
1247
1231
1270
1286
1262
1262
1234
1198
1162
1111
1147
1129
1166
1178
1204
1218
1247
1277
1192
1147
1115
1060
1064
1061
1140
1206
1210
1374
1380
1352
1260
1138
1084
1068
1096
1231
1347
1430
1512
1525
1492
1412
1244
1187
1073
1111
1205
1295
1415
1466
1540
1533
1447
1348
1227
1127
1050
1079
1129
1148
1313
1394
1443
1463
1353
1177
1020
955
967
945
1072
1188
1320
1441
1406
1287
1176
1070
945
970
1018
1120
1107
1357
1372
1392
1325
1264
1160
1148
1109
1177
1217
1305
1382
1420
1446
1406
1406
1338
1322
1231
1231
1224
1271
1321
1406
1421
1430
1406
1270
1266
1215
1183
1136
1132
1208
1227
1243
1231
1252
1204
1183
1194
1207
1205
1213
1180
1146
1096
1072
1070
1102
1170
1277
1350
1395
1329
1337
1192
1108
1039
1040
1045
1164
1262
1392
1565
1458
1458
1360
1270
1168
1160
1146
1171
1260
1391
1443
1495
1495
1447
1348
1247
1200
1155
1099
1172
1237
1299
1357
1385
1358
1283
1253
1161
1074
1083
1123
1180
1241
1257
1263
1237
1154
1134
1064
1064
1076
1118
1192
1220
1224
1239
1270
1251
1220
1185
1153
1161
1181
1290
1305
1369
1405
1432
1455
1344
1280
1218
1154
1264
1235
1282
1375
1425
1497
1430
1383
1300
1224
1122
1166
1161
1181
1212
1217
1236
1244
1283
1241
1185
1182
1178
1107
1110
1090
1099
1113
1189
1203
1247
1280
1240
1191
1173
1114
1084
1113
1133
1135
1166
1251
1269
1319
1327
1301
1285
1221
1203
1221
1207
1241
1274
1329
1406
1454
1482
1431
1401
1330
1246
1205
1169
1220
1249
1402
1434
1475
1438
1335
1279
1155
1118
1097
1072
1137
1208
1220
1247
1216
1173
1115
1117
1103
1180
1045
1114
1112
1108
1154
1112
1152
1157
1156
1092
1192
1168
1198
1245
1290
1276
1300
1292
1255
1225
1201
1220
1259
1325
1418
1438
1473
1463
1390
1346
1256
1184
1168
1204
1270
1349
1419
1422
1403
1355
1310
1205
1154
1115
1084
1084
1126
1168
1202
1234
1298
1256
1228
1169
1114
1054
989
978
997
1066
1153
1233
1309
1334
1332
1299
1253
1200
1166
1156
1220
1203
1253
1324
1386
1404
1447
1485
1434
1390
1318
1264
1210
1222
1252
1323
1360
1426
1432
1408
1353
1270
1198
1144
1090
1143
1181
1223
1223
1202
1208
1167
1144
1131
1101
1107
1111
1124
1116
1109
1126
1140
1147
1166
1170
1175
1149
1160
1190
1168
1199
1216
1262
1261
1289
1297
1271
1259
1251
1272
1312
1355
1394
1390
1405
1381
1339
1319
1293
1301
1305
1332
1319
1340
1325
1290
1273
1236
1275
1221
1265
1251
1222
1175
1172
1111
1108
1112
1148
1189
1214
1219
1181
1154
1098
1078
1076
1078
1095
1128
1155
1171
1210
1237
1248
1252
1255
1245
1226
1194
1198
1194
1219
1266
1325
1373
1384
1407
1364
1353
1315
1328
1285
1278
1282
1281
1319
1302
1310
1323
1335
1346
1336
1317
1282
1210
1164
1116
1103
1123
1148
1236
1263
1295
1282
1214
1133
1040
993
994
1027
1113
1188
1241
1285
1277
1233
1167
1115
1075
1083
1153
1169
1231
1288
1322
1295
1317
1308
1240
1219
1179
1188
1216
1274
1352
1416
1454
1449
1404
1324
1258
1188
1146
1172
1196
1331
1413
1438
1427
1332
1254
1163
1080
1055
1051
1115
1183
1257
1294
1286
1282
1228
1164
1115
1095
1046
1054
1088
1184
1193
1245
1260
1273
1225
1220
1177
1134
1123
1135
1182
1228
1292
1328
1294
1306
1280
1225
1226
1224
1262
1291
1333
1325
1372
1367
1305
1287
1255
1266
1265
1305
1328
1298
1309
1309
1292
1273
1245
1240
1231
1200
1190
1165
1163
1149
1190
1247
1232
1238
1207
1181
1107
1092
1104
1097
1119
1175
1222
1251
1251
1241
1207
1185
1171
1188
1216
1233
1268
1272
1294
1253
1291
1299
1284
1289
1282
1301
1305
1314
1325
1360
1343
1358
1354
1325
1272
1241
1223
1227
1248
1282
1321
1316
1320
1282
1212
1130
1058
1047
1061
1120
1215
1266
1311
1288
1235
1156
1067
1007
972
1000
1064
1143
1217
1299
1312
1292
1279
1220
1163
1111
1098
1111
1148
1228
1321
1393
1435
1417
1390
1328
1261
1255
1206
1236
1266
1379
1416
1427
1404
1329
1285
1269
1231
1254
1273
1306
1308
1304
1260
1164
1169
1149
1158
1174
1229
1252
1251
1223
1225
1121
1080
1046
1064
1072
1129
1181
1202
1225
1206
1183
1158
1147
1133
1118
1168
1209
1252
1296
1350
1323
1299
1274
1208
1225
1238
1252
1317
1364
1471
1455
1430
1376
1288
1220
1175
1185
1236
1326
1396
1429
1410
1356
1231
1129
1026
1001
1055
1118
1201
1255
1317
1270
1234
1163
1068
1003
965
974
1024
1089
1161
1216
1253
1265
1228
1201
1124
1092
1066
1102
1143
1267
1349
1388
1411
1374
1333
1261
1223
1201
1232
1292
1376
1434
1470
1456
1415
1360
1292
1250
1223
1251
1269
1316
1360
1345
1322
1273
1235
1176
1150
1126
1125
1123
1124
1125
1131
1133
1150
1139
1135
1113
1117
1098
1081
1092
1081
1120
1132
1177
1199
1195
1188
1215
1199
1223
1245
1271
1283
1289
1284
1271
1269
1260
1290
1312
1346
1365
1363
1353
1300
1290
1297
1274
1276
1271
1280
1267
1253
1247
1156
1214
1222
1240
1248
1234
1209
1167
1131
1116
1084
1100
1137
1167
1184
1227
1243
1177
1145
1090
1061
1047
1075
1128
1164
1232
1294
1308
1293
1274
1232
1178
1148
1127
1168
1213
1284
1342
1370
1404
1392
1345
1297
1207
1183
1188
1236
1296
1344
1408
1409
1365
1319
1241
1170
1129
1151
1245
1236
1283
1290
1289
1220
1190
1138
1100
1088
1099
1146
1178
1224
1248
1243
1242
1194
1149
1115
1077
1083
1102
1164
1200
1282
1335
1310
1279
1204
1161
1111
1121
1159
1231
1287
1390
1430
1424
1353
1269
1200
1145
1152
1168
1267
1304
1394
1464
1437
1377
1289
1229
1158
1144
1154
1199
1248
1310
1330
1352
1314
1261
1180
1119
1075
1076
1106
1155
1228
1262
1315
1273
1256
1185
1093
1067
1051
1095
1180
1253
1303
1338
1324
1285
1213
1178
1126
1139
1192
1260
1315
1355
1360
1347
1339
1313
1269
1240
1223
1235
1265
1297
1342
1291
1362
1346
1319
1273
1223
1188
1161
1148
1222
1261
1313
1318
1311
1254
1217
1164
1127
1120
1129
1169
1208
1247
1265
1245
1252
1219
1187
1160
1154
1157
1156
1179
1199
1233
1257
1275
1277
1257
1257
1250
1226
1209
1192
1202
1176
1266
1303
1313
1340
1336
1313
1277
1246
1223
1211
1233
1274
1291
1325
1349
1346
1311
1312
1286
1260
1239
1205
1193
1186
1217
1242
1266
1299
1315
1301
1266
1210
1170
1129
1135
1149
1199
1249
1247
1262
1224
1225
1175
1149
1155
1162
1188
1215
1226
1200
1209
1210
1202
1197
1227
1228
1253
1239
1260
1277
1256
1267
1257
1270
1259
1287
1296
1297
1290
1296
1298
1307
1295
1297
1275
1254
1246
1247
1266
1261
1282
1256
1249
1172
1200
1170
1142
1152
1187
1235
1243
1277
1266
1228
1166
1133
1103
1118
1144
1210
1281
1305
1311
1282
1263
1193
1184
1202
1208
1229
1269
1307
1334
1329
1339
1291
1297
1272
1266
1262
1225
1268
1270
1295
1305
1333
1326
1292
1259
1217
1173
1200
1218
1258
1264
1296
1258
1247
1222
1166
1180
1183
1196
1216
1233
1244
1198
1179
1162
1163
1162
1169
1203
1212
1238
1258
1229
1213
1178
1172
1192
1193
1218
1217
1259
1267
1269
1274
1271
1256
1244
1249
1273
1259
1276
1283
1300
1299
1334
1343
1321
1305
1278
1269
1240
1255
1275
1291
1312
1318
1309
1271
1223
1187
1183
1179
1202
1246
1281
1269
1235
1211
1194
1159
1146
1164
1176
1206
1202
1240
1233
1201
1189
1171
1146
1153
1153
1175
1177
1227
1283
1249
1300
1280
1261
1218
1206
1186
1197
1226
1278
1338
1399
1400
1387
1350
1300
1252
1225
1241
1257
1326
1345
1384
1372
1366
1318
1251
1205
1170
1185
1196
1225
1253
1271
1263
1260
1217
1194
1146
1126
1163
1128
1157
1170
1210
1202
1240
1253
1220
1179
1146
1123
1124
1148
1188
1241
1289
1346
1336
1326
1285
1255
1221
1211
1196
1250
1293
1318
1354
1345
1373
1344
1347
1329
1305
1287
1273
1288
1266
1242
1284
1314
1332
1340
1319
1301
1236
1195
1167
1135
1129
1143
1178
1202
1232
1284
1273
1249
1211
1166
1125
1100
1100
1113
1116
1213
1276
1319
1331
1325
1266
1215
1152
1117
1114
1152
1220
1297
1395
1464
1442
1393
1303
1208
1134
1127
1156
1216
1329
1419
1477
1478
1436
1348
1235
1157
1121
1123
1200
1249
1336
1382
1435
1432
1347
1260
1164
1088
1050
1065
1125
1201
1297
1362
1374
1341
1255
1153
1053
1023
1040
1105
1179
1261
1330
1344
1345
1283
1198
1151
1114
1118
1165
1226
1288
1344
1377
1391
1349
1328
1264
1235
1197
1240
1237
1305
1365
1384
1424
1403
1380
1324
1273
1227
1192
1189
1229
1273
1321
1345
1355
1382
1282
1233
1158
1118
1082
1122
1169
1202
1263
1275
1281
1249
1220
1171
1149
1109
1104
1122
1148
1191
1250
1280
1280
1258
1285
1257
1198
1171
1160
1175
1199
1275
1346
1363
1391
1370
1342
1280
1233
1202
1205
1232
1281
1328
1376
1397
1379
1395
1320
1270
1227
1207
1180
1210
1259
1286
1301
1319
1314
1290
1206
1199
1153
1124
1120
1153
1185
1214
1246
1242
1269
1201
1189
1166
1144
1151
1153
1213
1249
1277
1288
1288
1263
1233
1204
1216
1198
1237
1261
1296
1308
1315
1313
1281
1264
1258
1250
1247
1254
1268
1286
1317
1347
1335
1318
1283
1249
1212
1219
1220
1220
1267
1314
1299
1291
1263
1229
1170
1141
1162
1172
1204
1223
1241
1236
1243
1222
1197
1178
1158
1158
1154
1172
1185
1180
1216
1235
1240
1251
1231
1224
1195
1203
1208
1227
1268
1283
1314
1322
1372
1331
1314
1302
1284
1283
1301
1327
1349
1367
1376
1411
1348
1326
1277
1252
1214
1231
1258
1258
1286
1287
1282
1269
1256
1222
1201
1172
1157
1149
1166
1171
1198
1205
1223
1176
1208
1186
1144
1131
1108
1136
1167
1213
1248
1267
1266
1252
1235
1173
1181
1180
1198
1223
1256
1271
1295
1295
1306
1337
1293
1282
1258
1259
1255
1272
1297
1321
1338
1360
1362
1347
1320
1288
1249
1222
1216
1236
1267
1281
1321
1315
1307
1247
1237
1223
1151
1137
1128
1166
1193
1241
1263
1267
1248
1219
1176
1133
1083
1071
1112
1165
1214
1259
1303
1286
1291
1272
1198
1148
1117
1132
1149
1227
1320
1368
1400
1390
1349
1281
1236
1190
1171
1202
1251
1321
1377
1400
1393
1349
1313
1248
1206
1154
1156
1190
1234
1290
1328
1347
1341
1299
1232
1149
1124
1098
1091
1129
1189
1251
1287
1292
1272
1197
1142
1103
1072
1082
1114
1182
1240
1298
1316
1300
1263
1194
1162
1136
1141
1177
1236
1291
1361
1363
1374
1348
1305
1243
1227
1221
1213
1260
1291
1340
1354
1391
1378
1308
1296
1250
1216
1198
1202
1236
1265
1293
1271
1318
1309
1242
1204
1145
1150
1143
1164
1200
1204
1220
1227
1233
1206
1161
1174
1159
1140
1151
1149
1165
1169
1204
1292
1258
1277
1253
1239
1189
1189
1189
1198
1226
1265
1306
1347
1367
1354
1311
1297
1289
1243
1245
1240
1272
1305
1356
1341
1396
1391
1335
1291
1214
1198
1164
1186
1222
1251
1307
1343
1349
1316
1227
1158
1088
1047
1043
1063
1142
1184
1253
1309
1284
1239
1161
1098
1040
1046
1091
1159
1222
1300
1347
1370
1342
1299
1223
1179
1148
1161
1197
1254
1329
1387
1436
1417
1407
1354
1281
1226
1188
1176
1234
1290
1353
1390
1400
1371
1318
1256
1194
1141
1158
1180
1208
1231
1261
1229
1223
1220
1177
1158
1139
1133
1141
1156
1181
1185
1169
1161
1161
1139
1170
1176
1186
1209
1225
1232
1229
1219
1207
1183
1207
1220
1245
1292
1314
1337
1342
1335
1308
1291
1256
1239
1262
1269
1318
1346
1355
1370
1328
1312
1278
1225
1209
1195
1217
1261
1277
1311
1299
1285
1252
1263
1207
1139
1193
1215
1214
1231
1230
1226
1207
1194
1229
1175
1194
1183
1220
1194
1230
1245
1243
1243
1199
1208
1195
1203
1203
1211
1247
1262
1276
1280
1269
1240
1214
1205
1183
1234
1269
1264
1296
1278
1282
1272
1264
1253
1246
1242
1257
1267
1263
1256
1250
1245
1226
1262
1224
1230
1203
1229
1259
1223
1212
1219
1203
1186
1206
1222
1239
1231
1249
1245
1232
1216
1211
1197
1201
1191
1233
1266
1282
1306
1287
1288
1245
1253
1237
1213
1222
1237
1279
1311
1330
1334
1327
1284
1254
1208
1210
1216
1249
1282
1314
1332
1330
1317
1250
1209
1241
1213
1206
1216
1240
1242
1248
1265
1248
1220
1203
1188
1183
1176
1183
1183
1201
1198
1209
1207
1201
1184
1153
1174
1182
1201
1238
1243
1235
1228
1226
1220
1206
1208
1228
1257
1275
1294
1299
1277
1250
1222
1225
1219
1214
1219
1248
1286
1315
1306
1299
1264
1246
1226
1229
1229
1150
1264
1273
1280
1280
1269
1249
1234
1239
1272
1242
1262
1253
1255
1226
1264
1238
1220
1227
1218
1227
1220
1239
1245
1238
1247
1234
1231
1227
1216
1213
1221
1236
1228
1276
1295
1266
1264
1222
1226
1234
1232
1258
1271
1289
1297
1298
1269
1240
1212
1204
1204
1218
1230
1263
1257
1272
1292
1248
1227
1190
1181
1187
1206
1235
1255
1264
1277
1265
1247
1225
1203
1187
1191
1203
1220
1240
1246
1257
1231
1236
1203
1217
1212
1193
1209
1213
1253
1264
1281
1279
1265
1247
1241
1227
1236
1233
1252
1274
1288
1283
1279
1260
1215
1228
1260
1248
1254
1268
1279
1260
1253
1251
1231
1228
1221
1227
1251
1261
1276
1267
1270
1261
1259
1245
1237
1229
1206
1230
1233
1254
1265
1268
1257
1249
1254
1242
1247
1240
1238
1253
1240
1266
1258
1232
1234
1220
1222
1220
1227
1236
1233
1255
1275
1243
1237
1227
1203
1211
1229
1252
1188
1268
1262
1253
1227
1221
1205
1203
1219
1255
1257
1282
1273
1270
1240
1241
1225
1202
1224
1224
1234
1250
1306
1281
1296
1279
1269
1256
1234
1230
1216
1225
1241
1259
1272
1315
1283
1274
1212
1220
1220
1210
1240
1245
1271
1295
1287
1270
1226
1226
1199
1187
1214
1226
1245
1252
1272
1294
1256
1250
1214
1200
1173
1203
1225
1236
1249
1261
1261
1244
1228
1204
1171
1169
1187
1211
1239
1248
1275
1258
1254
1207
1214
1202
1178
1204
1219
1274
1303
1328
1325
1302
1267
1241
1225
1215
1225
1251
1292
1316
1334
1322
1308
1242
1224
1227
1194
1207
1214
1244
1254
1273
1287
1273
1230
1199
1166
1147
1132
1163
1182
1224
1251
1273
1275
1244
1218
1155
1168
1130
1166
1210
1240
1273
1290
1301
1293
1266
1239
1227
1213
1219
1240
1269
1275
1282
1328
1320
1300
1282
1276
1237
1252
1272
1268
1285
1283
1289
1289
1283
1287
1237
1258
1244
1244
1248
1250
1247
1239
1241
1226
1224
1218
1208
1207
1184
1214
1207
1210
1205
1195
1178
1171
1182
1196
1176
1227
1234
1238
1246
1255
1215
1191
1192
1205
1214
1238
1238
1252
1253
1270
1287
1269
1261
1247
1247
1241
1252
1259
1277
1296
1319
1296
1330
1309
1287
1248
1243
1249
1256
1284
1291
1324
1310
1327
1306
1286
1289
1233
1192
1207
1207
1215
1230
1238
1260
1256
1247
1216
1200
1156
1145
1121
1149
1178
1179
1217
1248
1247
1245
1226
1195
1170
1152
1151
1169
1191
1237
1234
1267
1281
1288
1267
1258
1222
1231
1237
1229
1240
1237
1273
1280
1315
1322
1329
1305
1291
1259
1245
1196
1235
1233
1250
1273
1289
1295
1279
1268
1226
1232
1192
1202
1197
1181
1196
1198
1214
1228
1238
1232
1240
1212
1208
1174
1198
1160
1174
1234
1222
1265
1260
1264
1229
1242
1245
1233
1227
1238
1247
1260
1267
1283
1268
1274
1283
1284
1271
1291
1301
1290
1289
1254
1272
1265
1253
1250
1236
1265
1268
1289
1302
1300
1267
1253
1235
1209
1160
1184
1192
1200
1225
1257
1267
1235
1240
1226
1180
1140
1115
1132
1128
1182
1255
1277
1303
1283
1258
1216
1188
1139
1121
1151
1187
1247
1299
1322
1328
1313
1296
1247
1216
1211
1196
1208
1219
1274
1308
1320
1340
1326
1299
1265
1245
1232
1196
1203
1230
1258
1270
1269
1256
1229
1209
1203
1203
1228
1201
1220
1213
1219
1196
1192
1190
1181
1203
1229
1252
1258
1255
1246
1233
1201
1195
1184
1193
1194
1247
1301
1317
1333
1313
1306
1257
1252
1231
1226
1225
1245
1280
1303
1319
1329
1328
1295
1267
1241
1218
1181
1197
1182
1229
1235
1267
1253
1244
1223
1196
1196
1176
1197
1198
1212
1214
1221
1174
1216
1194
1199
1260
1261
1248
1236
1249
1197
1198
1200
1186
1192
1190
1249
1258
1280
1295
1285
1266
1243
1204
1204
1199
1207
1218
1260
1251
1325
1334
1318
1290
1230
1220
1181
1186
1199
1222
1256
1300
1321
1328
1284
1259
1213
1170
1135
1141
1172
1190
1248
1345
1312
1301
1272
1233
1177
1162
1170
1165
1197
1223
1261
1283
1300
1304
1270
1255
1221
1195
1184
1175
1190
1189
1247
1259
1295
1296
1280
1252
1212
1205
1194
1164
1219
1227
1245
1252
1263
1267
1245
1252
1242
1226
1232
1215
1209
1185
1188
1210
1211
1230
1229
1234
1239
1250
1248
1214
1234
1187
1196
1203
1218
1237
1253
1265
1276
1274
1271
1260
1244
1219
1223
1232
1240
1258
1259
1281
1280
1305
1300
1301
1291
1279
1267
1255
1245
1240
1240
1247
1270
1280
1284
1283
1277
1272
1237
1221
1211
1202
1174
1183
1166
1193
1221
1230
1229
1231
1223
1202
1164
1139
1112
1114
1175
1155
1197
1220
1245
1231
1251
1237
1212
1197
1179
1192
1200
1216
1275
1312
1325
1349
1367
1320
1278
1261
1230
1239
1190
1277
1310
1324
1356
1317
1320
1272
1253
1223
1195
1186
1206
1214
1245
1241
1258
1253
1222
1208
1174
1165
1139
1159
1214
1183
1192
1204
1208
1181
1197
1202
1188
1175
1179
1191
1202
1220
1241
1235
1249
1258
1240
1247
1234
1243
1239
1275
1248
1292
1324
1296
1279
1258
1280
1276
1274
1308
1308
1310
1307
1296
1287
1249
1244
1247
1250
1249
1250
1249
1227
1232
1252
1217
1219
1189
1183
1164
1168
1189
1191
1209
1204
1214
1223
1210
1201
1178
1185
1185
1174
1206
1224
1224
1225
1238
1228
1230
1235
1223
1234
1230
1256
1269
1277
1287
1268
1271
1261
1261
1266
1267
1270
1285
1287
1302
1283
1282
1260
1260
1259
1245
1251
1228
1245
1246
1268
1273
1276
1258
1239
1211
1194
1185
1190
1190
1216
1228
1267
1276
1246
1239
1180
1175
1166
1167
1184
1197
1217
1231
1267
1266
1267
1242
1225
1195
1185
1164
1178
1198
1226
1210
1293
1318
1293
1278
1216
1226
1187
1215
1213
1242
1287
1313
1336
1338
1301
1275
1250
1218
1211
1197
1239
1251
1286
1356
1317
1306
1275
1251
1192
1197
1195
1192
1203
1224
1250
1260
1274
1272
1228
1219
1189
1176
1168
1171
1205
1216
1256
1236
1284
1247
1244
1220
1186
1206
1207
1232
1255
1276
1259
1280
1280
1276
1252
1258
1278
1251
1252
1250
1256
1238
1258
1285
1272
1270
1267
1264
1252
1250
1257
1244
1241
1234
1235
1239
1236
1240
1220
1243
1241
1251
1249
1236
1220
1160
1180
1162
1175
1203
1213
1228
1242
1243
1230
1216
1195
1165
1161
1176
1200
1219
1235
1254
1260
1252
1231
1210
1198
1174
1190
1223
1243
1263
1280
1299
1293
1291
1283
1275
1255
1258
1251
1269
1279
1284
1319
1298
1342
1289
1296
1234
1216
1201
1224
1232
1258
1306
1275
1260
1221
1213
1189
1179
1165
1174
1189
1195
1198
1196
1181
1145
1126
1174
1178
1171
1184
1163
1183
1187
1210
1226
1177
1236
1233
1243
1237
1258
1252
1258
1258
1282
1274
1286
1268
1272
1337
1293
1304
1292
1307
1258
1271
1273
1251
1245
1238
1263
1270
1280
1287
1259
1237
1214
1191
1176
1157
1181
1181
1212
1188
1237
1234
1193
1166
1129
1146
1128
1158
1180
1211
1222
1234
1240
1234
1192
1195
1193
1186
1211
1227
1264
1262
1305
1338
1309
1291
1258
1239
1212
1234
1267
1290
1317
1352
1335
1311
1287
1260
1222
1204
1214
1224
1253
1274
1282
1266
1269
1208
1211
1201
1184
1166
1158
1190
1195
1208
1224
1220
1216
1198
1189
1178
1161
1159
1162
1183
1207
1220
1244
1235
1251
1251
1236
1234
1207
1216
1219
1274
1277
1284
1295
1287
1291
1281
1270
1261
1248
1259
1284
1257
1260
1258
1246
1230
1247
1252
1236
1234
1226
1215
1205
1216
1222
1243
1240
1235
1232
1207
1196
1150
1161
1183
1167
1239
1281
1262
1265
1237
1229
1210
1205
1217
1211
1237
1253
1281
1283
1272
1278
1271
1250
1239
1238
1222
1216
1224
1258
1268
1290
1283
1281
1244
1238
1230
1205
1199
1196
1223
1237
1262
1270
1250
1246
1236
1210
1189
1167
1177
1174
1198
1184
1235
1257
1244
1250
1210
1221
1182
1204
1193
1193
1212
1232
1251
1275
1262
1264
1275
1229
1215
1194
1198
1193
1226
1294
1299
1318
1307
1289
1238
1221
1188
1201
1210
1236
1261
1282
1298
1309
1275
1256
1240
1216
1201
1187
1206
1194
1235
1248
1291
1299
1310
1275
1235
1217
1189
1186
1182
1217
1243
1284
1303
1308
1274
1256
1211
1187
1160
1186
1204
1213
1264
1300
1305
1300
1277
1249
1213
1200
1207
1207
1215
1270
1271
1291
1291
1288
1256
1234
1228
1187
1178
1186
1198
1212
1260
1275
1278
1264
1235
1197
1180
1183
1193
1213
1254
1279
1288
1291
1282
1257
1219
1208
1163
1224
1244
1259
1291
1284
1317
1295
1286
1272
1237
1234
1230
1243
1250
1253
1297
1300
1302
1293
1270
1228
1198
1193
1270
1216
1257
1267
1282
1259
1258
1240
1195
1174
1152
1169
1177
1219
1234
1231
1253
1254
1233
1209
1172
1170
1165
1178
1176
1247
1284
1276
1282
1267
1274
1248
1247
1245
1249
1263
1283
1321
1339
1344
1346
1326
1292
1265
1240
1236
1223
1251
1325
1318
1324
1303
1295
1237
1225
1216
1196
1186
1203
1221
1235
1246
1255
1238
1234
1215
1194
1188
1162
1171
1151
1191
1187
1237
1263
1264
1255
1230
1225
1200
1197
1203
1228
1251
1304
1304
1323
1304
1282
1288
1270
1254
1239
1262
1245
1278
1319
1327
1326
1324
1315
1269
1270
1259
1235
1225
1228
1234
1265
1270
1283
1255
1256
1225
1205
1186
1174
1173
1173
1211
1234
1251
1259
1245
1219
1196
1198
1193
1200
1211
1267
1251
1264
1273
1281
1266
1257
1212
1251
1246
1251
1261
1256
1283
1301
1321
1309
1288
1274
1254
1254
1243
1204
1265
1267
1278
1278
1279
1245
1216
1211
1257
1211
1236
1237
1244
1232
1237
1252
1204
1202
1184
1192
1193
1222
1226
1207
1241
1238
1228
1243
1234
1229
1219
1236
1199
1266
1289
1284
1299
1283
1291
1281
1281
1299
1266
1276
1278
1290
1297
1305
1291
1282
1261
1256
1229
1222
1213
1223
1268
1237
1248
1230
1223
1192
1205
1206
1200
1199
1189
1188
1185
1190
1192
1194
1200
1215
1218
1215
1205
1197
1181
1185
1176
1220
1246
1246
1273
1264
1272
1272
1274
1254
1249
1252
1267
1280
