1137
1541
1529
1504
1300
1270
1271
1271
1253
1233
1251
1215
1241
1202
1199
1197
1234
1203
1196
1198
1204
1309
1178
1216
1226
1241
1232
1253
1237
1260
1227
1298
1303
1292
1297
1290
1287
1287
1323
1326
1327
1336
1317
1294
1307
1302
1292
1288
1281
1267
1251
1191
1233
1209
1246
1193
1212
1187
1185
1140
1162
1097
1186
1179
1169
1184
1192
1189
1196
1210
1212
1215
1229
1254
1247
1270
1253
1254
1284
1306
1329
1330
1329
1308
1324
1347
1346
1330
1337
1339
1324
1348
1353
1301
1304
1297
1286
1258
1268
1259
1234
1222
1230
1235
1222
1209
1183
1190
1216
1197
1220
1176
1263
1223
1227
1247
1262
1228
1249
1259
1266
1236
1259
1272
1259
1279
1276
1258
1294
1278
1274
1245
1277
1280
1266
1255
1243
1245
1236
1280
1228
1203
1260
1217
1213
1210
1217
1229
1200
1209
1205
1215
1259
1213
1205
1207
1211
1214
1230
1203
1235
1238
1269
1281
1298
1302
1329
1338
1370
1411
1384
1386
1408
1418
1433
1416
1419
1383
1368
1335
1304
1294
1299
1280
1283
1281
1330
1340
1373
1374
1387
1376
1397
1362
1339
1330
1301
1288
1335
1174
1188
1094
1013
909
819
755
704
706
777
711
722
774
815
859
977
1081
1205
1326
1393
1646
1680
1771
1818
1841
1846
1844
1844
1834
1731
1646
1570
1463
1340
1206
1150
1071
1004
941
887
804
777
748
767
807
847
976
1096
1234
1323
1469
1520
1558
1581
1528
1507
1498
1428
1386
1340
1326
1291
1285
1304
1304
1294
1327
1307
1329
1287
1327
1342
1325
1325
1338
1305
1308
1313
1376
1283
1290
1255
1217
1180
1105
1065
983
949
911
962
986
989
1025
1017
1036
1001
1017
1046
1048
1123
1210
1266
1312
1339
1372
1377
1351
1381
1286
1286
1224
1223
1250
1236
1276
1302
1272
1343
1447
1482
1462
1452
1429
1397
1388
1392
1447
1385
1370
1343
1276
1187
1094
1059
1016
1022
1023
1018
1066
1052
1077
1073
1076
1155
1200
1265
1254
1428
1462
1496
1527
1519
1501
1496
1466
1429
1360
1312
1290
1261
1260
1260
1221
1211
1196
1163
1124
1084
1132
1130
1148
1181
1151
1165
1149
1103
1128
1126
1088
1110
1106
1142
1096
1118
1119
1140
1109
1209
1222
1230
1256
1189
1229
1221
1213
1236
1216
1323
1337
1353
1341
1380
1291
1293
1288
1334
1331
1418
1470
1463
1468
1421
1450
1430
1425
1413
1470
1350
1367
1333
1299
1271
1265
1220
1198
1165
1182
1171
1151
1159
1148
1146
1162
1184
1198
1211
1217
1171
1195
1164
1177
1177
1202
1189
1235
1209
1199
1151
1122
1121
1126
1112
1133
1171
1149
1176
1172
1211
1213
1233
1302
1329
1356
1343
1310
1277
1258
1256
1253
1262
1298
1292
1276
1246
1236
1201
1200
1261
1267
1349
1393
1389
1380
1374
1378
1399
1456
1480
1487
1479
1471
1395
1345
1313
1327
1316
1347
1340
1379
1371
1320
1253
1216
1185
1173
1210
1216
1222
1229
1223
1173
1168
1135
1181
1179
1189
1187
1145
1131
1092
1117
1126
1145
1193
1212
1223
1266
1243
1206
1181
1219
1245
1269
1299
1322
1302
1254
1255
1211
1250
1269
1284
1272
1213
1180
1128
1149
1176
1174
1215
1246
1238
1209
1192
1150
1122
1099
1171
1263
1338
1370
1362
1346
1341
1318
1303
1394
1370
1388
1413
1399
1409
1325
1306
1275
1281
1288
1279
1251
1247
1199
1169
1197
1250
1296
1354
1387
1439
1391
1340
1306
1255
1238
1260
1309
1328
1368
1297
1262
1227
1190
1183
1186
1168
1171
1153
1143
1044
1014
1010
1075
1127
1174
1206
1217
1192
1085
1182
1149
1190
1238
1304
1331
1384
1379
1357
1335
1346
1337
1347
1411
1401
1375
1338
1244
1231
1222
1175
1259
1263
1321
1317
1281
1264
1221
1208
1223
1266
1259
1298
1299
1265
1260
1266
1262
1318
1366
1381
1537
1423
1402
1333
1286
1267
1272
1319
1323
1353
1329
1249
1223
1137
1113
1053
1131
1130
1158
1195
1117
1106
1099
1130
1137
1234
1256
1245
1229
1190
1160
1139
1186
1224
1281
1337
1324
1307
1233
1137
1189
1173
1219
1253
1275
1287
1250
1224
1240
1242
1242
1305
1406
1392
1413
1388
1343
1300
1220
1292
1348
1384
1421
1403
1404
1286
1270
1265
1273
1272
1323
1355
1312
1300
1250
1208
1219
1217
1289
1321
1329
1307
1289
1237
1184
1199
1272
1276
1358
1395
1424
1386
1307
1283
1253
1274
1349
1333
1338
1311
1233
1144
1125
1129
1153
1205
1213
1226
1185
1143
1060
1074
1048
1072
1160
1213
1224
1210
1185
1148
1117
1145
1184
1249
1296
1315
1349
1250
1231
1204
1217
1228
1331
1391
1411
1372
1358
1334
1285
1306
1360
1373
1453
1469
1463
1409
1360
1330
1321
1352
1388
1414
1412
1345
1272
1211
1187
1223
1234
1258
1298
1202
1217
1192
1149
1145
1180
1175
1233
1244
1224
1121
1098
1047
1088
1159
1262
1328
1382
1361
1316
1254
1186
1188
1225
1347
1378
1422
1390
1364
1286
1272
1253
1319
1366
1409
1422
1353
1292
1196
1160
1181
1177
1263
1322
1314
1268
1184
1131
1063
1075
1045
1203
1285
1292
1292
1231
1154
1116
1136
1198
1268
1342
1393
1384
1354
1297
1287
1331
1391
1470
1539
1495
1457
1395
1346
1286
1310
1351
1406
1443
1349
1346
1332
1228
1209
1230
1278
1286
1329
1285
1235
1126
1083
1040
1067
1153
1229
1281
1273
1208
1115
1083
1074
1128
1175
1256
1261
1264
1187
1153
1170
1111
1204
1290
1361
1407
1415
1318
1234
1196
1273
1309
1356
1444
1455
1407
1352
1286
1189
1201
1158
1326
1355
1405
1370
1267
1217
1176
1158
1227
1251
1323
1357
1327
1307
1188
1192
1204
1287
1330
1349
1399
1349
1247
1135
1155
1122
1206
1281
1321
1316
1297
1201
1167
1132
1134
1254
1358
1428
1446
1358
1312
1214
1158
1213
1274
1314
1361
1334
1193
1102
1062
1083
1124
1215
1321
1338
1327
1240
1148
1041
1031
1144
1234
1345
1359
1344
1258
1145
1069
1098
1204
1274
1362
1444
1421
1354
1274
1149
1232
1306
1411
1501
1526
1455
1369
1284
1199
1184
1245
1329
1363
1378
1325
1220
1107
1055
1077
1147
1258
1333
1321
1283
1205
1145
1025
1102
1175
1290
1372
1337
1334
1273
1154
1142
1189
1277
1374
1455
1444
1347
1270
1179
1136
1198
1264
1366
1478
1423
1348
1232
1157
1078
1160
1271
1350
1407
1376
1301
1197
1129
1145
1159
1242
1321
1386
1309
1255
1098
1093
998
1070
1193
1311
1376
1339
1265
1191
1019
1059
1168
1251
1369
1398
1399
1266
1152
1040
1116
1205
1308
1403
1477
1374
1303
1185
1093
1174
1253
1369
1466
1489
1428
1341
1239
1090
1152
1211
1311
1387
1364
1312
1221
1132
1012
1092
1189
1279
1387
1384
1298
1168
1096
964
1054
1167
1300
1405
1399
1325
1215
1068
969
1136
1217
1317
1432
1439
1291
1264
1169
1065
1184
1284
1395
1480
1438
1345
1226
1097
954
1088
1280
1362
1490
1406
1237
1134
967
884
1111
1206
1347
1469
1442
1319
1256
1093
1250
1222
1340
1475
1540
1493
1308
1183
1068
1156
1156
1248
1349
1389
1373
1188
1081
978
1138
1148
1256
1384
1423
1438
1272
1171
1032
1238
1177
1313
1433
1406
1477
1231
1133
950
1218
1216
1278
1417
1408
1434
1219
1086
951
1159
1169
1277
1391
1371
1379
1152
1082
946
1206
1226
1331
1464
1433
1368
1234
1116
975
1261
1284
1415
1544
1513
1380
1289
1126
1010
1302
1342
1447
1574
1534
1388
1308
1134
998
1280
1319
1428
1570
1515
1301
1194
1086
885
1248
1287
1413
1471
1474
1261
1222
957
829
1198
1249
1377
1428
1470
1227
1100
958
817
1153
1204
1329
1315
1388
1211
1113
897
810
1179
1279
1419
1432
1492
1269
1130
976
821
1259
1360
1505
1502
1563
1337
1183
993
920
1303
1422
1558
1536
1563
1319
1130
926
870
1275
1365
1502
1471
1495
1217
1059
853
896
1227
1342
1485
1455
1474
1178
1010
825
937
1232
1362
1513
1472
1469
1167
1012
842
1064
1272
1405
1570
1525
1457
1216
998
842
1172
1290
1429
1538
1513
1406
1211
999
846
1190
1293
1451
1562
1540
1356
1178
990
799
1149
1262
1394
1486
1467
1282
1070
854
737
1146
1283
1455
1534
1564
1349
1206
941
865
1248
1386
1539
1567
1593
1376
1123
943
703
1215
1336
1479
1485
1499
1258
1014
850
756
1171
1314
1473
1467
1475
1174
977
826
711
1184
1339
1519
1524
1541
1234
1077
849
756
1210
1384
1549
1524
1519
1201
1050
855
736
1258
1407
1603
1564
1560
1232
1015
862
755
1248
1406
1547
1528
1515
1137
941
746
829
1212
1392
1576
1531
1483
1137
961
809
1031
1276
1451
1609
1552
1410
1102
914
783
1083
1272
1442
1604
1562
1371
1107
900
766
1184
1349
1537
1642
1615
1385
1203
935
838
1224
1372
1563
1608
1612
1315
1122
929
780
1193
1334
1512
1539
1544
1265
1026
878
694
1156
1306
1495
1506
1514
1231
969
839
690
1129
1287
1477
1466
1475
1153
927
767
618
1141
1281
1504
1509
1516
1197
979
766
731
1218
1407
1594
1580
1563
1221
1012
811
941
1271
1456
1660
1618
1552
1257
1015
798
1021
1254
1443
1633
1560
1428
1197
955
769
1051
1204
1398
1573
1536
1356
1121
900
713
1100
1246
1447
1610
1605
1377
1219
962
837
1201
1355
1560
1677
1703
1466
1276
981
814
1210
1332
1527
1314
1784
1332
1145
896
714
1148
1301
1503
1344
1727
1332
1122
888
750
1140
1292
1488
1640
1688
1322
1021
783
744
1134
1290
1233
1565
1626
1248
983
779
1025
1114
1273
1283
1583
1471
1255
1022
776
1093
1181
1319
1158
1618
1586
1279
1042
795
1159
1223
1402
1242
1787
1505
1284
1015
793
1169
1255
1439
1255
1814
1468
1337
1046
836
1205
1280
1454
1285
1811
1440
1246
971
1140
1166
1270
1472
1304
1843
1421
1240
954
1105
1187
1286
1175
1275
1823
1387
1161
911
1114
1110
1221
1163
1270
1725
1280
1058
833
1061
1067
1198
1025
1277
1753
1299
1076
799
1109
1129
1270
1097
1307
1808
1291
1096
909
1195
1216
1378
1204
1371
1869
1362
1070
1017
1179
1214
1361
1190
1666
1547
1283
1018
823
1136
1166
1321
1153
1619
1681
1236
930
1070
1095
1159
1332
1179
1745
1475
1260
1024
1103
1194
1255
1097
1313
1812
1463
1229
1011
1210
1181
1257
1164
1268
1796
1401
1176
935
1173
1153
1219
1017
1272
1789
1351
1124
915
1131
1110
1211
1018
1296
1789
1341
1171
933
1192
1165
1270
1071
1355
1828
1380
1173
949
1188
1173
1264
1104
1319
1772
1278
1054
1159
1120
1118
1238
1116
1313
1807
1301
1128
1245
1240
1267
1044
1279
1766
1910
1441
1235
1375
1301
1297
1102
1212
1612
1668
1168
991
1144
1103
1114
859
1090
1504
1579
1094
909
1127
1123
1189
950
1158
1695
1399
1215
1038
1245
1262
1279
1067
1197
1732
1384
1231
1108
1273
1262
1308
1070
1209
1708
1262
1013
870
1173
1189
1243
1031
1237
1686
1275
1050
1268
1221
1227
1282
1014
1212
1670
1221
1098
1275
1257
1310
1397
1141
1308
1771
1275
1140
1311
1311
1312
1032
1159
1245
1686
1213
1011
1076
1240
1262
1036
1077
1497
1519
1162
1070
1298
1321
1364
1096
1194
1639
1653
1187
1057
1168
1285
1309
1029
1131
1450
1359
1064
897
1093
1197
1254
981
1140
1588
1223
1038
949
1230
1296
1371
1125
1235
1669
1293
1085
1195
1331
1377
1422
1111
1275
1670
1151
1057
1235
1208
1237
1303
1054
1140
1538
1067
906
1213
1237
1292
1028
1172
1253
1695
1239
1079
1107
1336
1348
1083
1134
1143
1568
1062
922
1146
1305
1351
1036
1184
1458
1634
1085
969
1135
1324
1364
1085
1135
1528
1468
1079
970
1191
1369
1430
1127
1232
1614
1417
1103
939
1252
1368
1406
1117
1169
1527
1246
1003
1221
1254
1381
1462
1157
1239
1592
1113
1013
1207
1292
1372
1445
1169
1197
1599
1167
1068
1356
1401
1465
1223
1204
1398
1577
1025
956
1290
1350
1417
1188
1150
1188
1547
1104
967
1101
1381
1445
1121
1188
1319
1516
1024
957
1148
1365
1421
1074
1086
1451
1436
935
875
1021
1348
1396
1033
1123
1386
1348
869
839
1092
1367
1472
1179
1203
1622
1175
1003
1016
1323
1484
1543
1237
1372
1571
1126
987
1201
1316
1513
1605
1294
1380
1706
1158
1076
1057
1361
1501
1533
1132
1213
1515
1001
869
1181
1283
1417
1181
1239
1280
1644
1118
979
1110
1386
1493
1278
1287
1308
1617
1084
944
1115
1344
1490
1156
1214
1236
1511
982
865
997
1346
1462
1213
1255
1623
1524
1008
884
1117
1387
1493
1142
1530
1472
1419
927
837
1054
1342
1452
1145
1303
1549
1086
869
790
1090
1322
1400
1082
1179
1495
1046
876
1141
1211
1431
1566
1297
1355
1656
1206
1035
1334
1358
1540
1287
1313
1338
1660
1136
964
1323
1436
1562
1330
1367
1380
1667
1050
915
1268
1357
1461
1182
1565
1209
1459
926
811
1035
1290
1433
1174
1506
1260
1555
974
906
1023
1376
1477
1195
1566
1164
1477
914
817
1022
1363
1484
1233
1534
1505
1421
942
816
1033
1354
1465
1145
1469
1472
1302
931
1095
1087
1427
1554
1249
1387
1666
1161
909
936
1202
1408
1532
1237
1316
1634
1172
977
1287
1362
1518
1275
1373
1379
1650
1103
860
1173
1269
1447
1250
1253
1318
1619
1024
869
1219
1303
1444
1212
1626
1297
1569
965
838
906
1265
1385
1115
1498
1186
1416
856
798
921
1264
1414
1146
1542
1277
1573
971
918
1120
1433
1568
1321
1515
1671
1484
1054
837
1153
1449
1556
1281
1363
1528
1286
939
1027
1028
1365
1485
1187
1307
1586
1085
869
912
1135
1409
1204
1576
1338
1622
1112
965
1212
1226
1423
1242
1480
1297
1575
1090
921
1174
1254
1434
1315
1494
1372
1678
1135
986
1275
1380
1522
1218
1714
1356
1658
1065
975
1078
1366
1489
1256
1656
1296
1568
1008
811
1064
1297
1409
1131
1419
1178
1439
900
745
911
1208
1331
1031
1228
1389
1201
822
763
951
1303
1408
1132
1311
1518
1266
974
1033
1080
1371
1495
1194
1321
1338
1264
1018
1292
1209
1466
1265
1668
1385
1699
1197
1048
1325
1302
1485
1227
1563
1320
1632
1112
928
1233
1217
1380
1060
1572
1224
1564
991
891
1220
1299
1394
1072
1559
1199
1527
974
835
964
1259
1378
1109
1554
1161
1484
986
858
985
1308
1429
1129
1547
1284
1572
1014
940
1113
1389
1503
1254
1473
1312
1612
1120
1235
1200
1476
1570
1366
1403
1522
1323
1046
1043
1103
1376
1461
1158
1216
1296
1170
880
1182
1049
1323
1052
1500
1173
1541
1067
911
1158
1160
1333
1126
1515
1192
1534
1067
950
1229
1264
1441
1141
1679
1303
1673
1120
970
1302
1346
1481
1185
1677
1346
1652
1134
953
1079
1353
1450
1126
1635
1258
1547
1058
974
1064
1287
1393
1090
1333
1123
1457
899
863
973
1221
1368
1215
1325
1181
1469
962
1162
1031
1307
1401
1377
1216
1455
1266
1053
985
1132
1424
1521
1391
1325
1388
1247
1058
1336
1155
1398
1134
1559
1243
1596
1137
1066
1258
1281
1449
1252
1601
1315
1617
1116
971
1217
1198
1312
995
1457
1171
1564
1059
991
1287
1336
1437
1145
1580
1202
1575
1083
936
1067
1342
1404
1049
1553
1229
1549
1023
966
1129
1344
1407
1117
1474
1272
1596
1113
1045
1215
1409
1508
1401
1482
1317
1587
1135
1245
1156
1397
1451
1431
1228
1405
1176
994
877
1016
1286
1017
1455
1171
1243
1117
1011
1290
1096
1302
1088
1480
1148
1548
1152
993
1271
1238
1419
1179
1580
1305
1638
1226
1101
1311
1328
1432
1112
1600
1262
1599
1181
1037
1157
1363
1461
1124
1609
1254
1587
1052
987
1118
1289
1344
993
1503
1163
1498
1045
893
1028
1274
1352
1072
1395
1172
1431
964
851
1014
1255
1328
1357
1322
1187
1472
1034
1138
1120
1374
1447
1456
1262
1424
1306
1122
1004
1187
1471
1137
1590
1358
1412
1258
1094
1360
1153
1407
1147
1524
1225
1561
1171
986
1223
1182
1346
1148
1490
1192
1523
1128
1005
1250
1188
1314
1000
1438
1098
1414
1074
910
1071
1258
1387
1103
1574
1233
1608
1094
1026
1115
1319
1377
1055
1547
1201
1571
1112
1045
1193
1404
1481
1159
1487
1291
1562
1067
941
972
1252
1309
1278
1249
1101
1334
989
924
995
1285
1371
1404
1182
1371
1203
1060
927
1109
1337
1036
1516
1279
1355
1223
1109
1328
1141
1408
1125
1557
1271
1239
1271
1143
1305
1240
1403
1073
1566
1197
1574
1154
1070
1308
1246
1384
1089
1571
1245
1549
1113
1038
1091
1231
1335
1037
1489
1149
1522
984
926
1059
1173
1236
892
1390
1044
1459
1015
869
1058
1237
1330
1027
1423
1179
1549
1114
1001
1064
1320
1391
1440
1370
1226
1507
1122
967
1160
1413
1459
1506
1273
1413
1254
1100
1016
1198
1370
1100
1481
1200
1253
1131
1044
1292
1146
1404
1150
1577
1290
1293
1214
1053
1300
1159
1356
1023
1530
1262
1557
1134
1023
1230
1198
1304
970
1469
1156
1462
1048
986
1029
1194
1289
969
1452
1147
1527
1059
997
1168
1305
1390
1073
1560
1238
1605
1144
1025
1093
1337
1406
1143
1455
1267
1589
1175
1022
1168
1394
1444
1452
1481
1278
1513
1118
1037
1106
1363
1408
1451
1184
1416
1192
1051
983
1112
1312
1003
1460
1147
1244
1145
1034
1276
1069
1340
1081
1502
1179
1180
1150
1018
1169
1106
1275
921
1432
1106
1465
1045
877
1233
1143
1303
1021
1492
1230
1582
1136
1080
1121
1290
1386
1105
1540
1240
1591
1169
1006
1118
1303
1352
1049
1498
1167
1538
1043
957
1061
1286
1345
1043
1362
1180
1486
1102
963
1094
1339
1364
1387
1350
1144
1395
1097
1010
1130
1318
1346
1378
1184
1168
1269
1049
1303
1094
1358
1083
1524
1260
1289
1217
1122
1331
1163
1406
1151
1544
1248
1213
1204
1067
1303
1158
1346
971
1475
1143
1528
1114
1051
1321
1272
1395
1045
1556
1224
1532
1143
984
1251
1214
1278
1009
1437
1084
1481
1041
971
1084
1243
1288
1008
1427
1075
1494
1083
996
1064
1319
1366
1184
1334
1148
1489
1099
1053
1129
1376
1414
1398
1322
1198
1414
1134
1029
1160
1403
1458
1497
1281
1305
1473
1201
1437
1241
1435
1147
1505
1185
1278
1125
1068
1268
1093
1325
1065
1439
1147
1159
1104
976
1281
1122
1292
934
1409
1079
1431
1063
947
1253
1182
1303
1024
1466
1115
1510
1114
1051
1128
1289
1390
1130
1562
1205
1635
1200
1066
1366
1423
1459
1119
1570
1209
1580
1166
1090
1210
1361
1402
1094
1503
1534
1329
1108
1003
923
859
1327
1407
1411
1326
1256
1197
1000
926
882
905
1376
1505
1521
1475
1251
1187
1151
949
1054
1105
1146
1575
1530
1451
1250
1191
1210
1081
1227
1265
1234
1597
1557
1444
1338
1184
1242
1303
1154
1188
1138
1053
1373
1335
1332
1237
1280
1329
1160
1118
986
873
1240
1290
1338
1365
1285
1286
1254
1018
990
964
963
1464
1521
1537
1379
1294
1205
983
918
991
1063
1520
1596
1568
1490
1264
1212
1178
1076
1078
1126
1158
1577
1489
1376
1174
1140
1187
1112
1141
1230
1154
1488
1445
1367
1329
1192
1218
1255
1101
1095
1001
906
1289
1294
1337
1288
1318
1341
1113
1047
951
893
1317
1417
1465
1495
1353
1324
1249
1001
984
1023
1069
1570
1607
1566
1357
1231
1140
909
973
969
1100
1472
1511
1457
1371
1165
1159
1216
1115
1212
1254
1233
1572
1526
1414
1287
1266
1354
1241
1257
1280
1177
1421
1418
1360
1360
1255
1305
1317
1139
1001
909
820
1256
1299
1356
1330
1278
1265
1069
958
904
903
1184
1372
1410
1394
1194
1103
1009
769
758
839
861
1356
1344
1254
1101
883
871
779
894
1049
1209
1553
1765
1685
1560
1347
1348
1457
1445
1610
1733
1604
1910
1725
1515
1352
1162
1192
1171
1210
1224
1194
1080
1340
1194
1069
938
990
1089
992
1033
1072
1042
1381
1386
1322
1392
1293
1396
1491
1345
1428
1382
1277
1601
1440
1353
1157
1143
1188
1077
1193
1190
1215
1467
1388
1198
1070
873
914
1044
1009
1144
1132
1042
1268
1120
957
833
833
1007
1075
1150
1214
1114
1207
1241
1115
1073
999
1157
1360
1353
1360
1279
1158
1325
1249
1207
1257
1276
1476
1558
1555
1502
1338
1151
1407
1295
1281
1233
1364
1531
1511
1513
1427
1326
1503
1374
1260
1235
1155
1310
1484
1426
1450
1321
1102
1333
1153
1035
976
1013
1202
1262
1334
1383
1261
1407
1343
1231
1202
1144
1309
1476
1467
1502
1459
1253
1507
1349
1223
1191
1102
1232
1258
1271
1242
1133
976
1233
1109
1018
880
957
1096
1103
1142
1171
1132
1387
1295
1177
1127
1020
1135
1320
1307
1437
1419
1334
1599
1428
1310
1190
1217
1377
1399
1494
1540
1430
1499
1493
1317
1228
1129
1312
1531
1517
1626
1519
1391
1525
1313
1161
1130
1104
1309
1507
1422
1418
1240
961
1117
941
885
822
998
1225
1242
1306
1147
944
1049
974
895
915
912
1132
1352
1340
1303
1224
1013
1246
1108
1062
1113
1172
1411
1612
1565
1476
1294
1080
1286
1144
1117
1112
1322
1571
1624
1591
1455
1268
1315
1201
1038
1119
1135
1376
1591
1567
1486
1283
1048
1222
1074
1059
1141
1251
1495
1659
1559
1406
1170
924
1169
1095
1177
1260
1487
1726
1700
1607
1371
1145
1224
1138
1101
1188
1249
1475
1613
1450
1275
1092
772
1065
996
1029
1163
1235
1414
1481
1183
1103
910
673
976
963
1057
1079
1257
1406
1294
1206
1027
853
1050
1101
1087
1196
1216
1397
1521
1330
1274
1093
958
1232
1176
1205
1320
1367
1543
1606
1433
1216
1017
828
1157
1123
1213
1294
1490
1651
1559
1449
1273
1037
1062
1183
1201
1349
1407
1614
1723
1572
1416
1185
1017
1223
1191
1245
1381
1409
1559
1618
1433
1276
1050
864
1111
1086
1164
1244
1337
1489
1512
1285
1156
939
744
1049
1068
1158
1190
1346
1436
1258
1147
913
707
943
979
1079
1251
1294
1433
1481
1249
1032
904
711
1058
1124
1271
1458
1514
1661
1636
1378
1162
984
832
1251
1315
1450
1506
1616
1671
1608
1350
1175
999
902
1253
1322
1427
1429
1547
1583
1392
1209
975
802
986
1028
1125
1311
1357
1506
1553
1288
1122
833
670
986
1068
1252
1496
1572
1712
1700
1407
1129
921
756
1164
1331
1509
1624
1720
1738
1603
1194
957
725
608
1095
1237
1443
1476
1573
1551
1276
1026
838
679
990
1144
1310
1508
1527
1591
1535
1234
976
789
715
1097
1259
1447
1641
1640
1660
1551
1192
968
754
709
1175
1373
1598
1790
1784
1761
1601
1222
910
784
795
1337
1539
1773
1806
1809
1710
1413
1023
803
734
784
1319
1517
1695
1648
1631
1503
1120
855
569
578
943
1181
1395
1593
1541
1519
1417
960
761
579
615
1104
1331
1602
1777
1689
1607
1407
978
739
648
635
1244
1488
1725
1850
1712
1567
1267
888
663
666
737
1354
1634
1847
1892
1758
1586
1321
916
780
762
861
1542
1786
1944
1872
1732
1526
1197
885
775
788
1069
1566
1791
1890
1732
1576
1331
932
717
655
692
1191
1476
1690
1805
1631
1443
1200
844
624
588
655
1289
1578
1791
1893
1679
1461
1185
763
630
612
795
1450
1717
1911
1936
1649
1376
1059
658
572
587
884
1583
1870
2029
1985
1645
1293
984
569
528
679
941
1722
1979
2076
1895
1510
1163
870
576
457
709
1050
1743
1947
1964
1675
1307
981
748
526
597
835
1198
1886
2045
2007
1655
1319
1033
763
692
829
1114
1540
1989
2087
1950
1545
1212
980
685
692
907
1138
1750
1930
1926
1711
1327
1022
819
611
630
819
1058
1717
1849
1793
1606
1142
908
743
564
615
849
1085
1734
1823
1777
1546
1126
893
782
652
798
1000
1338
1906
1936
1828
1572
1162
1003
910
808
924
1247
1467
2047
2061
1908
1643
1226
1016
932
806
1037
1273
1550
2039
1980
1769
1463
1038
860
791
722
920
1282
1449
1943
1862
1605
1304
896
737
718
704
935
1246
1435
1806
1749
1494
1183
797
669
699
739
985
1279
1470
1772
1694
1436
1152
792
701
768
842
1126
1436
1594
1858
1765
1480
1181
842
776
884
973
1242
1532
1703
1873
1702
1388
1094
775
768
921
985
1365
1577
1723
1776
1553
1268
1021
779
818
1030
1114
1450
1608
1744
1686
1468
1210
1029
840
948
1164
1246
1525
1620
1727
1620
1412
1168
1002
841
973
1204
1262
1455
1520
1627
1513
1300
1083
942
804
969
1192
1283
1478
1494
1582
1417
1214
1009
907
825
1007
1250
1294
1490
1434
1527
1304
1129
987
952
912
1108
1346
1395
1445
1426
1532
1273
1101
1053
1059
1027
1218
1427
1469
1465
1412
1513
1280
1213
1176
1146
1140
1319
1514
1504
1497
1428
1444
1279
1186
1138
1147
1152
1323
1519
1510
1494
1347
1382
1182
1131
1084
1174
1173
1361
1530
1444
1385
1190
1234
1056
1112
1136
1223
1244
1351
1472
1336
1204
1029
1151
1040
1103
1190
1283
1315
1335
1409
1266
1199
1062
1282
1130
1221
1259
1353
1410
1374
1460
1317
1249
1240
1070
1184
1289
1318
1379
1471
1442
1522
1365
1317
1216
1263
1152
1204
1299
1389
1472
1437
1496
1310
1245
1042
1044
1082
1198
1261
1384
1458
1377
1401
1243
1197
1096
1010
1177
1243
1370
1402
1421
1345
1378
1341
1215
1136
1108
1129
1276
1319
1347
1393
1355
1402
1424
1263
1141
1013
1048
1137
1209
1282
1375
1404
1380
1392
1149
1038
951
1007
1126
1215
1342
1419
1407
1371
1348
1144
1007
984
1032
1126
1240
1354
1415
1447
1339
1334
1165
1063
1022
1087
1123
1275
1343
1421
1509
1402
1377
1195
1124
1010
1039
1097
1232
1356
1463
1520
1462
1412
1274
1097
1045
1087
1158
1321
1468
1560
1589
1509
1386
1324
1071
1072
1138
1195
1322
1436
1487
1479
1439
1325
1289
1105
1104
1081
1135
1146
1279
1355
1371
1388
1296
1277
1115
1052
1011
974
1127
1235
1359
1425
1462
1334
1295
1080
1071
964
992
1085
1211
1359
1455
1455
1413
1269
1208
1060
1024
1032
1122
1255
1381
1444
1464
1415
1310
1277
1180
1094
1104
1137
1218
1325
1409
1440
1515
1392
1331
1082
1073
1027
1036
1125
1260
1400
1474
1476
1434
1250
1079
1022
941
1055
1133
1298
1412
1438
1425
1319
1184
1132
1054
992
1003
1108
1191
1294
1341
1380
1324
1247
1219
1133
1181
1018
1063
1149
1282
1370
1450
1435
1370
1282
1079
1072
1058
1042
1138
1294
1372
1475
1462
1421
1278
1169
1038
996
1037
1121
1271
1379
1475
1464
1390
1284
1242
1165
1129
1144
1212
1247
1404
1430
1455
1433
1385
1303
1202
1144
1109
1118
1212
1274
1397
1456
1452
1416
1287
1168
1070
1019
1032
1156
1241
1337
1362
1366
1298
1194
1097
1059
992
987
1052
1149
1227
1240
1289
1258
1181
1095
1032
993
961
1030
1131
1232
1324
1395
1425
1315
1258
1166
1069
1016
1043
1144
1278
1414
1486
1498
1440
1348
1205
1093
1051
1078
1153
1274
1442
1467
1523
1447
1340
1253
1137
1091
1097
1125
1233
1335
1392
1397
1378
1279
1176
1063
971
897
1023
1078
1269
1332
1401
1419
1352
1242
1123
1045
959
1029
1190
1308
1434
1481
1476
1370
1227
1098
1018
1020
1094
1209
1365
1448
1475
1459
1350
1214
1199
1086
1118
1163
1264
1395
1430
1460
1388
1359
1280
1156
1079
1007
1096
1177
1244
1349
1388
1368
1321
1230
1120
1036
1058
1107
1227
1337
1384
1445
1386
1317
1176
1079
1031
1062
1163
1274
1414
1473
1411
1331
1215
1114
1042
1053
1137
1246
1346
1477
1495
1421
1322
1202
1133
1129
1168
1233
1310
1417
1470
1432
1394
1324
1217
1164
1080
1086
1160
1245
1336
1392
1439
1409
1330
1236
1126
1057
997
1077
1192
1310
1405
1422
1394
1273
1100
1093
983
999
1063
1196
1353
1412
1451
1505
1405
1267
1108
1055
1043
1102
1176
1324
1433
1501
1522
1463
1379
1250
1165
1093
1089
1128
1243
1323
1489
1548
1555
1456
1332
1142
1024
975
998
1168
1278
1461
1545
1551
1470
1282
1074
924
839
841
976
1188
1338
1456
1501
1413
1303
1105
927
840
795
901
1060
1258
1399
1575
1590
1494
1313
1069
881
796
852
1015
1268
1566
1770
1849
1753
1525
1226
953
786
803
967
1261
1584
1815
1880
1817
1557
1205
885
672
703
799
1093
1408
1664
1827
1716
1509
1190
878
650
575
704
872
1272
1585
1745
1784
1607
1329
994
707
626
678
887
1236
1623
1851
1882
1771
1477
1114
821
666
722
939
1262
1611
1818
1891
1757
1499
1168
940
773
761
941
1182
1452
1640
1724
1648
1484
1269
1041
863
820
890
1033
1181
1412
1527
1577
1457
1332
1119
955
834
846
953
1110
1289
1437
1446
1480
1395
1281
1120
1057
974
1043
1105
1231
1299
1402
1440
1422
1391
1293
1222
1162
1112
1103
1109
1157
1284
1394
1516
1558
1561
1453
1316
1098
1049
987
1034
1150
1267
1499
1596
1628
1536
1318
1208
1011
908
932
1022
1212
1410
1559
1623
1556
1441
1246
1043
922
810
872
1033
1241
1437
1595
1663
1544
1327
1089
857
716
757
906
1095
1457
1647
1742
1646
1418
1132
877
759
705
905
1268
1520
1733
1819
1737
1549
1289
1059
880
879
977
1188
1425
1585
1706
1664
1538
1256
1086
883
796
873
1005
1209
1400
1570
1604
1479
1358
1115
893
799
811
934
1150
1391
1566
1548
1606
1397
1174
1009
901
890
978
1138
1318
1579
1598
1499
1418
1283
1128
1031
1011
1050
1128
1249
1427
1455
1588
1558
1461
1333
1208
1102
1063
1020
1187
1306
1449
1543
1541
1507
1362
1176
1074
984
981
1050
1168
1317
1431
1464
1435
1330
1200
1038
985
969
991
1080
1196
1342
1427
1481
1459
1401
1260
1083
999
961
985
1128
1286
1443
1559
1537
1487
1312
1113
955
871
917
1030
1231
1428
1623
1639
1588
1436
1229
1026
933
930
1016
1195
1326
1537
1632
1631
1501
1369
1113
939
844
882
1069
1144
1371
1505
1599
1561
1430
1209
978
834
866
909
1097
1311
1507
1654
1620
1502
1331
1144
911
963
1005
1117
1299
1461
1576
1561
1549
1456
1266
1197
1060
1017
1029
1089
1190
1311
1417
1469
1485
1434
1274
1108
981
905
889
948
1087
1237
1397
1419
1445
1375
1240
1063
992
904
909
1021
1113
1306
1459
1537
1564
1495
1336
1193
1037
887
994
1067
1236
1412
1594
1688
1644
1569
1367
1163
951
909
949
1098
1304
1483
1658
1701
1604
1452
1183
978
867
870
979
1159
1362
1534
1651
1581
1493
1330
1108
938
869
886
993
1183
1334
1532
1613
1589
1425
1206
1043
923
863
894
1113
1295
1487
1587
1580
1482
1320
1178
1045
908
1001
1130
1261
1398
1480
1498
1441
1356
1249
1190
1060
1074
1063
1126
1213
1262
1328
1343
1316
1233
1209
1135
1054
1012
1015
1062
1143
1209
1401
1308
1271
1231
1169
1101
1059
1058
1065
1133
1161
1247
1306
1322
1328
1311
1285
1254
1204
1216
1169
1165
1243
1288
1364
1396
1399
1398
1246
1136
1072
1025
1050
1105
1222
1338
1430
1452
1473
1299
1189
1083
1042
1039
1121
1223
1336
1434
1441
1455
1414
1262
1185
1107
1021
1061
1123
1258
1393
1521
1550
1521
1419
1247
1084
989
944
1005
1184
1316
1504
1602
1627
1557
1365
1204
1023
937
1027
1065
1247
1456
1600
1630
1626
1464
1286
1114
1004
946
952
1078
1262
1460
1572
1625
1594
1464
1311
1099
968
892
929
1052
1252
1493
1650
1697
1654
1473
1272
1057
912
889
914
1128
1323
1524
1653
1680
1550
1363
1164
1030
885
870
926
1124
1295
1502
1597
1630
1539
1392
1199
1096
956
921
991
1175
1370
1562
1635
1631
1520
1267
1174
986
947
980
1085
1250
1384
1521
1536
1456
1367
1220
1099
1003
987
1076
1126
1251
1392
1443
1487
1402
1336
1231
1139
1091
1096
1140
1184
1288
1319
1398
1398
1341
1277
1223
1166
1166
1203
1226
1288
1356
1335
1305
1224
1188
1159
1139
1301
1240
1309
1328
1326
1271
1215
1151
1147
1141
1142
1222
1303
1337
1355
1340
1291
1230
1199
1124
1113
1136
1162
1217
1310
1379
1390
1371
1319
1230
1141
1105
1087
1107
1202
1325
1413
1490
1484
1418
1306
1245
1102
1102
1085
1155
1249
1313
1428
1478
1422
1329
1249
1158
1089
1059
1096
1140
1222
1322
1378
1384
1364
1305
1217
1141
1094
1069
1102
1193
1278
1333
1430
1419
1384
1338
1244
1176
1140
1169
1192
1255
1395
1422
1453
1427
1381
1305
1257
1261
1209
1196
1252
1255
1281
1270
1308
1334
1301
1314
1268
1256
1250
1188
1172
1138
1173
1186
1227
1200
1249
1279
1258
1259
1225
1220
1193
1179
1154
1131
1177
1217
1276
1340
1398
1404
1355
1292
1221
1087
1078
1075
1145
1233
1324
1429
1481
1483
1440
1349
1214
1094
1066
1046
1111
1198
1302
1404
1401
1436
1403
1309
1181
1017
973
949
973
1065
1177
1314
1433
1486
1438
1382
1222
1064
952
877
942
1058
1199
1368
1526
1596
1571
1459
1324
1157
1023
939
936
1034
1190
1364
1551
1677
1739
1602
1434
1251
1027
878
901
983
1155
1406
1636
1740
1765
1641
1443
1193
971
856
840
897
1075
1339
1505
1621
1614
1539
1349
1136
949
880
814
879
1040
1263
1462
1562
1586
1513
1364
1103
1007
917
874
967
1098
1324
1485
1590
1627
1583
1409
1219
1079
999
1020
1104
1245
1381
1490
1528
1544
1455
1323
1202
1062
965
1023
1076
1183
1293
1392
1462
1454
1394
1259
1099
1013
938
960
1022
1130
1334
1450
1489
1439
1335
1180
1017
948
992
1015
1138
1274
1422
1487
1493
1412
1310
1200
1058
990
998
1062
1202
1334
1473
1653
1596
1530
1395
1221
1062
945
936
1026
1176
1261
1487
1551
1560
1484
1341
1159
998
932
892
1006
1190
1348
1483
1555
1515
1468
1328
1184
1055
938
1001
1051
1167
1290
1420
1475
1548
1506
1409
1289
1135
1021
970
1016
1105
1240
1380
1441
1511
1496
1379
1255
1137
1049
1007
1041
1115
1176
1286
1385
1453
1457
1422
1324
1208
1112
1092
968
1035
1080
1202
1289
1405
1417
1386
1285
1119
1053
959
955
1023
1085
1195
1301
1378
1395
1322
1290
1217
1155
1130
1137
1162
1213
1279
1338
1402
1453
1428
1393
1332
1275
1244
1218
1209
1255
1303
1333
1374
1389
1347
1295
1232
1252
1213
1206
1240
1289
1318
1294
1258
1188
1118
1080
1039
1118
1198
1308
1371
1407
1416
1323
1230
1196
1083
1043
1062
1151
1275
1422
1490
1553
1516
1419
1269
1143
1008
959
964
1081
1296
1470
1636
1679
1632
1478
1280
1050
922
845
943
1101
1309
1518
1658
1656
1558
1402
1229
1043
935
909
908
1033
1172
1342
1457
1502
1496
1423
1289
1133
978
924
907
978
1103
1263
1419
1488
1523
1515
1359
1201
1078
1007
987
1061
1199
1308
1399
1467
1500
1460
1376
1284
1161
1108
1111
1129
1169
1281
1342
1397
1487
1425
1402
1316
1195
1097
936
1009
1097
1204
1327
1431
1447
1450
1379
1268
1052
1132
1050
1084
1152
1225
1316
1343
1372
1386
1296
1240
1179
1118
1061
1074
1105
1191
1273
1372
1526
1388
1428
1347
1247
1144
1091
1104
1176
1291
1444
1499
1540
1499
1448
1345
1231
1164
1135
1185
1263
1311
1409
1428
1448
1395
1346
1292
1214
1170
1247
1122
1173
1226
1270
1325
1353
1359
1312
1261
1212
1156
1114
1134
1177
1283
1281
1303
1307
1279
1176
1185
1157
1151
1171
1188
1194
1235
1240
1246
1242
1271
1275
1293
1295
1292
1267
1246
1246
1261
1280
1306
1326
1333
1339
1309
1250
1217
1288
1199
1245
1269
1316
1358
1315
1300
1223
1198
1129
1154
1139
1187
1237
1270
1282
1306
1287
1274
1278
1197
1165
1164
1060
1113
1155
1208
1292
1358
1453
1431
1352
1288
1186
1119
1092
1148
1232
1294
1402
1521
1526
1489
1390
1288
1191
1130
1172
1174
1218
1292
1349
1370
1395
1375
1340
1282
1189
1114
1103
1083
1093
1136
1221
1275
1303
1304
1218
1090
1132
1086
1072
1130
1183
1213
1287
1259
1269
1197
1175
1199
1189
1252
1273
1369
1365
1354
1309
1349
1232
1242
1236
1268
1291
1309
1317
1328
1331
1312
1325
1300
1293
1266
1216
1185
1169
1163
1183
1198
1291
1327
1370
1342
1313
1248
1175
1190
1106
1148
1206
1250
1295
1332
1351
1344
1328
1323
1224
1153
1112
1066
1058
1132
1210
1312
1303
1436
1417
1347
1235
1101
996
1006
1058
1160
1393
1429
1470
1433
1398
1305
1179
1115
1088
1121
1138
1260
1333
1364
1369
1383
1383
1302
1233
1185
1121
1130
1167
1192
1260
1311
1345
1367
1353
1307
1340
1175
1166
1181
1219
1275
1290
1369
1372
1347
1356
1315
1242
1237
1206
1232
1227
1241
1234
1219
1148
1252
1247
1280
1300
1263
1223
1221
1197
1173
1182
1249
1244
1301
1301
1310
1262
1242
1191
1218
1197
1278
1282
1275
1277
1231
1221
1189
1181
1195
1230
1244
1256
1278
1279
1248
1236
1215
1228
1242
1217
1235
1171
1202
1214
1264
1317
1365
1390
1378
1327
1240
1135
1067
1075
1080
1173
1270
1374
1416
1414
1389
1271
1163
1071
1039
1033
1110
1204
1286
1362
1391
1409
1383
1322
1242
1126
1090
1061
1079
1149
1248
1362
1445
1505
1455
1419
1302
1184
1101
1056
1111
1199
1317
1418
1468
1472
1432
1345
1279
1191
1157
1149
1167
1210
1233
1272
1287
1320
1359
1319
1283
1222
1138
1115
1126
1127
1162
1223
1275
1318
1304
1284
1225
1148
1125
1119
1143
1190
1244
1283
1281
1264
1185
1187
1154
1132
1149
1192
1217
1252
1273
1281
1256
1249
1228
1206
1194
1185
1202
1200
1228
1270
1292
1337
1310
1320
1311
1249
1220
1186
1205
1225
1287
1340
1361
1362
1333
1334
1251
1230
1235
1248
1276
1289
1314
1298
1272
1257
1220
1227
1233
1257
1280
1266
1257
1229
1218
1211
1193
1192
1196
1201
1201
1207
1207
1200
1210
1263
1231
1223
1205
1186
1134
1158
1167
1202
1249
1289
1329
1330
1331
1304
1269
1227
1224
1222
1246
1267
1292
1302
1310
1264
1306
1315
1297
1293
1260
1266
1231
1208
1195
1177
1168
1193
1217
1236
1194
1249
1228
1223
1217
1198
1185
1159
1151
1193
1164
1194
1235
1274
1302
1351
1347
1334
1268
1207
1161
1154
1158
1214
1275
1353
1389
1402
1386
1320
1254
1195
1173
1144
1189
1221
1236
1271
1269
1289
1292
1277
1263
1235
1206
1169
1170
1162
1148
1199
1241
1280
1294
1299
1282
1233
1211
1200
1180
1183
1204
1231
1254
1281
1301
1307
1301
1287
1270
1254
1242
1230
1215
1228
1242
1267
1276
1291
1290
1265
1250
1219
1212
1202
1201
1223
1240
1272
1290
1270
1254
1221
1196
1172
1188
1212
1238
1267
1318
1306
1320
1286
1266
1226
1220
1228
1221
1238
1261
1279
1285
1322
1321
1316
1296
1266
1239
1216
1242
1231
1254
1283
1313
1311
1307
1249
1217
1169
1178
1191
1220
1264
1270
1281
1253
1245
1216
1178
1163
1168
1181
1205
1228
1247
1256
1255
1271
1239
1217
1185
1188
1146
1170
1194
1243
1289
1312
1327
1308
1280
1222
1195
1168
1173
1213
1281
1346
1388
1407
1397
1328
1291
1239
1190
1189
1183
1251
1313
1353
1380
1373
1347
1287
1220
1174
1061
1094
1101
1133
1196
1228
1277
1284
1281
1257
1203
1150
1100
1095
1093
1162
1200
1268
1316
1326
1319
1296
1267
1237
1186
1221
1239
1257
1297
1317
1354
1354
1371
1370
1368
1340
1309
1290
1250
1263
1293
1300
1324
1337
1345
1331
1303
1278
1234
1211
1206
1205
1218
1219
1224
1215
1194
1156
1155
1147
1143
1145
1143
1183
1190
1202
1173
1182
1172
1160
1176
1169
1166
1196
1219
1233
1252
1257
1262
1237
1242
1256
1237
1248
1247
1277
1303
1340
1370
1367
1364
1331
1305
1279
1261
1254
1251
1285
1306
1314
1328
1312
1283
1235
1207
1173
1150
1142
1140
1160
1171
1218
1234
1252
1241
1209
1180
1164
1120
1114
1136
1177
1245
1296
1340
1334
1327
1276
1245
1223
1190
1192
1207
1247
1288
1369
1389
1397
1387
1359
1314
1257
1225
1208
1205
1244
1300
1342
1374
1348
1335
1259
1218
1145
1146
1153
1188
1239
1277
1304
1302
1283
1227
1173
1140
1134
1133
1169
1192
1216
1239
1227
1207
1164
1125
1094
1127
1163
1197
1216
1277
1293
1290
1280
1255
1212
1213
1225
1251
1252
1321
1358
1360
1353
1314
1299
1282
1252
1255
1256
1299
1311
1329
1320
1287
1248
1214
1213
1203
1199
1247
1268
1270
1256
1223
1179
1131
1130
1163
1147
1223
1252
1273
1255
1235
1201
1145
1113
1097
1113
1171
1209
1258
1272
1294
1270
1232
1197
1156
1144
1146
1195
1230
1322
1392
1375
1362
1298
1257
1202
1191
1205
1241
1305
1359
1396
1396
1366
1306
1212
1201
1193
1202
1246
1290
1336
1374
1324
1282
1205
1167
1132
1162
1217
1266
1325
1351
1352
1312
1279
1209
1156
1138
1158
1190
1228
1264
1292
1279
1256
1198
1162
1115
1072
1071
1100
1168
1230
1287
1305
1283
1236
1174
1117
1101
1097
1148
1232
1309
1384
1390
1376
1302
1251
1219
1164
1184
1222
1289
1334
1402
1423
1404
1364
1323
1280
1236
1216
1220
1231
1259
1287
1312
1328
1307
1292
1238
1211
1169
1156
1160
1160
1183
1199
1229
1241
1215
1225
1211
1184
1183
1187
1195
1186
1203
1242
1205
1216
1214
1230
1208
1263
1259
1254
1241
1215
1211
1209
1226
1259
1294
1320
1342
1330
1338
1308
1280
1261
1271
1229
1314
1340
1345
1344
1323
1325
1299
1281
1272
1260
1251
1254
1257
1257
1201
1258
1229
1208
1189
1171
1161
1146
1151
1207
1185
1193
1203
1208
1187
1188
1196
1201
1229
1249
1289
1303
1329
1325
1281
1297
1277
1284
1310
1327
1358
1375
1391
1358
1369
1352
1318
1306
1288
1313
1336
1336
1335
1318
1310
1283
1269
1268
1231
1244
1246
1253
1239
1228
1234
1218
1210
1233
1200
1194
1166
1155
1144
1143
1151
1156
1161
1148
1148
1133
1142
1146
1160
1192
1229
1250
1263
1265
1262
1240
1252
1266
1301
1345
1363
1386
1359
1382
1371
1351
1345
1332
1344
1358
1374
1376
1390
1357
1339
1316
1292
1267
1258
1233
1242
1241
1231
1236
1212
1198
1173
1182
1157
1158
1146
1144
1121
1146
1143
1148
1137
1156
1148
1149
1166
1171
1197
1191
1236
1247
1248
1265
1233
1227
1224
1255
1284
1309
1337
1366
1364
1371
1341
1327
1300
1293
1334
1328
1342
1351
1356
1334
1322
1299
1287
1257
1229
1212
1204
1215
1212
1241
1255
1252
1243
1232
1200
1184
1157
1159
1160
1199
1222
1222
1244
1218
1217
1207
1181
1177
1179
1211
1229
1254
1281
1216
1241
1235
1245
1210
1210
1229
1244
1267
1307
1316
1333
1318
1310
1285
1296
1285
1290
1309
1311
1324
1329
1342
1366
1307
1296
1283
1265
1244
1237
1239
1235
1247
1266
1263
1242
1208
1186
1156
1142
1158
1156
1177
1185
1199
1215
1193
1181
1165
1158
1163
1163
1203
1231
1252
1256
1279
1271
1273
1255
1261
1266
1253
1296
1313
1342
1368
1375
1377
1360
1341
1318
1281
1282
1282
1304
1320
1321
1329
1319
1291
1279
1238
1235
1205
1215
1217
1240
1254
1240
1224
1200
1176
1174
1167
1202
1191
1212
1233
1237
1239
1219
1209
1180
1192
1187
1227
1253
1280
1285
1302
1330
1319
1313
1287
1272
1263
1252
1259
1275
1279
1297
1302
1303
1298
1254
1237
1206
1209
1226
1230
1277
1262
1277
1280
1289
1290
1267
1259
1246
1225
1222
1220
1235
1232
1245
1275
1293
1292
1297
1264
1212
1195
1162
1181
1188
1213
1244
1268
1286
1290
1275
1246
1210
1194
1197
1185
1227
1246
1288
1320
1322
1321
1299
1268
1193
1238
1245
1238
1261
1307
1308
1311
1324
1327
1290
1292
1271
1254
1252
1250
1262
1266
1276
1268
1298
1287
1272
1259
1244
1269
1240
1260
1267
1258
1258
1254
1257
1254
1232
1267
1262
1261
1260
1251
1240
1215
1221
1262
1241
1263
1259
1268
1261
1270
1297
1282
1286
1270
1271
1268
1276
1272
1268
1291
1312
1315
1341
1308
1286
1267
1250
1219
1253
1296
1290
1322
1316
1322
1297
1274
1242
1207
1205
1210
1233
1247
1268
1281
1275
1244
1244
1209
1196
1175
1172
1237
1225
1243
1238
1240
1209
1217
1220
1201
1201
1207
1222
1214
1253
1271
1261
1258
1250
1234
1221
1215
1234
1248
1277
1297
1339
1340
1294
1295
1231
1224
1223
1256
1289
1326
1354
1363
1343
1338
1268
1244
1229
1215
1234
1263
1288
1283
1310
1335
1314
1294
1279
1268
1223
1246
1255
1255
1263
1299
1294
1303
1299
1298
1257
1258
1221
1210
1208
1222
1213
1210
1238
1223
1245
1248
1234
1221
1217
1259
1223
1214
1217
1217
1228
1240
1262
1291
1290
1302
1336
1281
1260
1235
1237
1231
1263
1309
1309
1317
1295
1273
1254
1233
1228
1234
1272
1264
1276
1283
1268
1256
1247
1241
1197
1260
1262
1260
1255
1241
1258
1248
1264
1271
1261
1250
1231
1226
1240
1226
1246
1257
1276
1271
1261
1244
1246
1199
1252
1222
1250
1254
1282
1270
1275
1268
1251
1248
1233
1266
1272
1295
1309
1286
1319
1317
1324
1310
1298
1290
1272
1245
1239
1264
1279
1282
1300
1274
1299
1281
1268
1228
1206
1194
1179
1191
1216
1225
1271
1264
1256
1236
1196
1179
1136
1131
1161
1145
1174
1186
1217
1197
1244
1242
1226
1205
1196
1154
1144
1166
1197
1258
1300
1344
1356
1352
1311
1263
1207
1208
1207
1273
1346
1392
1439
1405
1402
1357
1304
1254
1234
1232
1265
1297
1337
1345
1351
1328
1293
1260
1212
1188
1163
1191
1216
1231
1289
1259
1252
1226
1212
1183
1154
1149
1162
1177
1212
1232
1257
1245
1229
1211
1193
1186
1198
1230
1259
1307
1302
1322
1302
1262
1234
1219
1244
1278
1310
1337
1343
1335
1307
1268
1238
1209
1215
1264
1256
1274
1274
1279
1254
1249
1249
1241
1227
1221
1229
1226
1235
1249
1252
1261
1255
1286
1258
1248
1237
1230
1229
1205
1255
1269
1260
1263
1234
1241
1246
1253
1271
1281
1292
1284
1278
1267
1223
1233
1234
1253
1274
1285
1284
1263
1240
1261
1204
1205
1210
1239
1251
1296
1300
1285
1266
1239
1225
1211
1236
1252
1262
1295
1312
1309
1283
1270
1258
1238
1239
1231
1274
1294
1284
1306
1289
1297
1283
1269
1245
1247
1226
1231
1253
1281
1282
1315
1307
1276
1257
1209
1188
1160
1181
1242
1264
1293
1293
1279
1226
1205
1170
1158
1163
1194
1234
1269
1284
1287
1265
1237
1209
1190
1205
1189
1217
1232
1277
1282
1311
1312
1312
1276
1271
1250
1249
1266
1284
1313
1328
1343
1335
1317
1272
1252
1234
1227
1241
1242
1290
1284
1293
1279
1252
1203
1169
1163
1156
1185
1224
1261
1269
1258
1244
1217
1192
1183
1174
1202
1222
1266
1298
1301
1302
1277
1279
1274
1263
1261
1257
1268
1281
1303
1327
1325
1330
1319
1302
1277
1261
1260
1239
1274
1290
1303
1310
1299
1289
1238
1234
1216
1207
1204
1196
1203
1196
1187
1198
1204
1197
1192
1189
1191
1187
1179
1188
1172
1152
1183
1215
1231
1262
1262
1295
1310
1289
1289
1268
1267
1265
1290
1321
1261
1359
1373
1376
1366
1342
1310
1272
1241
1270
1266
1292
1315
1352
1347
1367
1328
1292
1243
1182
1140
1136
1165
1193
1223
1283
1313
1296
1265
1209
1159
1106
1091
1112
1147
1207
1251
1296
1292
1304
1234
1230
1179
1145
1136
1155
1198
1255
1301
1347
1355
1346
1313
1243
1195
1156
1158
1188
1243
1311
1346
1374
1344
1322
1258
1232
1165
1162
1171
1203
1249
1305
1308
1313
1298
1262
1230
1189
1179
1156
1184
1226
1257
1297
1302
1302
1274
1262
1246
1223
1218
1224
1242
1270
1299
1317
1306
1300
1302
1266
1248
1230
1240
1222
1248
1252
1275
1273
1263
1253
1242
1249
1246
1248
1256
1244
1239
1198
1216
1215
1202
1214
1225
1239
1244
1271
1248
1223
1230
1243
1237
1248
1251
1267
1265
1280
1297
1288
1284
1277
1277
1280
1279
1289
1289
1291
1286
1279
1292
1266
1245
1230
1263
1239
1252
1261
1244
1230
1198
1195
1168
1166
1166
1179
1198
1185
1212
1205
1185
1160
1148
1134
1142
1137
1179
1206
1257
1309
1305
1309
1280
1265
1240
1247
1245
1255
1327
1369
1394
1419
1397
1361
1308
1270
1223
1244
1279
1315
1363
1367
1398
1364
1328
1269
1205
1168
1152
1175
1202
1223
1257
1269
1249
1202
1107
1091
1054
1046
1099
1131
1191
1214
1246
1231
1220
1195
1154
1129
1126
1149
1191
1243
1287
1312
1324
1307
1270
1243
1216
1216
1210
1254
1283
1335
1355
1346
1324
1264
1243
1191
1220
1227
1265
1300
1318
1328
1314
1266
1233
1204
1176
1173
1192
1233
1245
1272
1323
1261
1238
1193
1163
1140
1157
1169
1199
1236
1279
1291
1298
1292
1278
1241
1228
1222
1229
1242
1267
1306
1313
1338
1322
1342
1314
1302
1266
1250
1262
1274
1292
1296
1292
1291
1282
1263
1246
1224
1229
1193
1209
1225
1209
1203
1186
1207
1237
1218
1230
1227
1224
1212
1210
1211
1195
1193
1197
1219
1234
1259
1275
1287
1295
1296
1295
1286
1260
1250
1234
1246
1251
1292
1326
1328
1346
1341
1325
1282
1248
1213
1199
1196
1216
1245
1278
1291
1299
1278
1264
1225
1179
1152
1121
1138
1178
1198
1245
1255
1276
1264
1257
1228
1192
1163
1150
1165
1193
1229
1283
1316
1340
1335
1339
1314
1271
1259
1229
1253
1274
1321
1353
1368
1373
1351
1343
1313
1270
1265
1246
1231
1238
1229
1241
1231
1240
1281
1245
1238
1218
1209
1165
1182
1207
1187
1197
1224
1235
1251
1255
1247
1216
1200
1200
1175
1183
1176
1208
1206
1220
1198
1234
1226
1204
1190
1158
1171
1156
1183
1207
1235
1262
1285
1298
1297
1262
1256
1242
1266
1269
1287
1334
1344
1372
1403
1323
1309
1262
1238
1214
1246
1292
1321
1351
1358
1316
1284
1230
1181
1141
1148
1170
1212
1254
1278
1281
1265
1238
1164
1150
1126
1107
1127
1173
1239
1273
1324
1334
1306
1266
1215
1178
1169
1175
1226
1305
1364
1399
1403
1381
1335
1241
1224
1175
1173
1196
1247
1284
1317
1310
1307
1279
1226
1205
1191
1193
1219
1244
1278
1300
1315
1322
1313
1301
1274
1278
1263
1281
1289
1279
1271
1255
1254
1240
1221
1211
1207
1211
1217
1216
1216
1202
1179
1212
1165
1173
1171
1212
1228
1285
1330
1316
1304
1255
1216
1173
1166
1173
1206
1240
1283
1308
1300
1268
1220
1157
1125
1075
1127
1180
1228
1282
1297
1342
1330
1313
1272
1226
1208
1192
1218
1274
1273
1333
1363
1362
1346
1302
1247
1189
1164
1209
1182
1229
1255
1275
1262
1287
1229
1184
1153
1136
1136
1157
1196
1221
1209
1248
1246
1228
1231
1226
1220
1235
1258
1246
1293
1300
1287
1288
1278
1287
1320
1321
1329
1333
1335
1336
1314
1307
1276
1273
1268
1267
1281
1281
1292
1272
1278
1289
1246
1219
1189
1151
1161
1196
1218
1242
1261
1252
1241
1216
1193
1179
1161
1191
1223
1262
1288
1282
1291
1262
1248
1218
1234
1251
1267
1295
1321
1356
1378
1372
1365
1346
1322
1304
1301
1303
1297
1319
1338
1347
1356
1332
1323
1264
1240
1226
1197
1205
1209
1231
1244
1251
1241
1227
1194
1156
1136
1118
1131
1146
1157
1175
1195
1191
1197
1208
1178
1155
1170
1180
1200
1211
1212
1234
1232
1258
1277
1284
1282
1279
1276
1269
1240
1249
1249
1258
1309
1282
1304
1304
1300
1278
1302
1296
1285
1288
1272
1273
1267
1288
1285
1308
1318
1331
1317
1302
1264
1236
1197
1183
1153
1208
1243
1248
1273
1259
1265
1245
1222
1201
1179
1183
1197
1238
1262
1231
1305
1309
1300
1283
1257
1231
1197
1198
1236
1218
1269
1269
1284
1270
1275
1245
1214
1173
1152
1144
1150
1176
1213
1229
1241
1275
1263
1258
1224
1234
1220
1240
1249
1294
1320
1321
1328
1316
1333
1341
1332
1312
1335
1305
1313
1319
1320
1287
1309
1313
1308
1283
1286
1277
1248
1254
1264
1259
1248
1232
1223
1203
1209
1217
1237
1266
1250
1258
1243
1226
1206
1169
1172
1175
1201
1227
1256
1269
1257
1262
1248
1229
1224
1210
1210
1222
1280
1297
1307
1334
1330
1332
1316
1299
1274
1243
1255
1246
1261
1276
1295
1317
1309
1302
1281
1257
1231
1195
1194
1197
1228
1250
1279
1284
1272
1262
1238
1222
1203
1196
1204
1216
1227
1253
1260
1274
1267
1282
1304
1297
1293
1276
1270
1250
1262
1272
1285
1293
1308
1321
1310
1294
1276
1250
1233
1228
1237
1234
1215
1236
1217
1234
1222
1228
1232
1217
1221
1225
1210
1198
1207
1200
1207
1196
1230
1235
1247
1242
1236
1238
1243
1247
1233
1239
1206
1219
1237
1232
1244
1247
1280
1274
1294
1316
1228
1273
1268
1258
1270
1249
1296
1310
1340
1367
1360
1338
1317
1288
1240
1240
1219
1231
1237
1250
1262
1263
1281
1277
1241
1225
1241
1186
1170
1154
1177
1187
1230
1269
1289
1305
1299
1257
1213
1210
1213
1218
1243
1271
1297
1320
1370
1335
1316
1296
1282
1266
1267
1261
1275
1274
1308
1309
1338
1344
1333
1324
1299
1267
1259
1254
1254
1253
1262
1273
1283
1283
1250
1266
1245
1231
1227
1219
1216
1198
1202
1220
1212
1224
1218
1228
1218
1224
1189
1215
1198
1183
1186
1186
1197
1213
1228
1233
1240
1245
1238
1225
1223
1217
1232
1241
1265
1311
1281
1300
1283
1295
1294
1295
1297
1295
1301
1295
1297
1303
1290
1268
1295
1319
1294
1279
1289
1270
1282
1311
1300
1312
1288
1299
1286
1287
1298
1307
1318
1330
1337
1340
1333
1318
1292
1285
1286
1257
1287
1293
1301
1276
1288
1272
1267
1243
1245
1253
1236
1254
1255
1273
1258
1263
1264
1260
1258
1265
1256
1244
1244
1235
1247
1234
1245
1225
1251
1251
1233
1224
1197
1179
1161
1166
1162
1100
1172
1185
1172
1178
1167
1164
1138
1144
1144
1160
1175
1180
1200
1194
1247
1233
1257
1260
1257
1265
1267
1284
1298
1310
1349
1365
1363
1369
1339
1333
1305
1316
1330
1331
1358
1352
1354
1337
1337
1338
1304
1291
1284
1287
1291
1307
1315
1303
1318
1288
1278
1260
1243
1240
1218
1221
1207
1242
1249
1262
1236
1211
1206
1191
1193
1190
1181
1196
1204
1213
1209
1194
1214
1199
1196
1201
1183
1210
1206
1217
1248
1220
1223
1208
1219
1209
1249
1276
1283
1299
1308
1312
1287
1279
1272
1252
1258
1283
1309
1328
1334
1354
1338
1324
1294
1291
1279
1247
1240
1238
1254
1256
1269
1267
1247
1227
1197
1176
1157
1146
1197
1214
1262
1302
1332
1361
1343
1373
1404
1388
1413
1413
1436
1413
1422
1428
1405
1363
1322
1286
1255
1234
1216
1193
1183
1176
1167
1154
1134
1136
1101
1116
1111
1138
1155
1163
1169
1173
1192
1192
1181
1190
1193
1194
1212
1217
1234
1229
1262
1277
1270
1283
1271
1290
1276
1307
1336
1348
1366
1374
1382
1394
1409
1419
1413
1406
1405
1370
1347
1301
1280
1230
1210
1170
1179
1167
1140
1123
1092
1082
1061
1077
1088
1100
1124
1154
1185
1203
1193
1232
1232
1237
1240
1244
1259
1263
1285
1330
1309
1311
1292
1276
1231
1233
1218
1188
1178
1175
1169
1157
1145
1136
1108
1095
1075
1082
1089
1094
1121
1145
1170
1165
1218
1240
1249
1261
1262
1292
1301
1316
1357
1348
1355
1355
1374
1378
1360
1354
1348
1334
1301
1284
1275
1248
1259
1309
1287
1301
1276
1295
1274
1262
1255
1236
1231
1216
1220
1234
1252
1257
1249
1255
1242
1211
1181
1148
1133
1108
1130
1133
1197
1216
1220
1231
1212
1216
1207
1203
1212
1236
1273
1312
1359
1392
1408
1418
1411
1400
1380
1345
1336
1312
1319
1349
1329
1326
1296
1276
1224
1200
1148
1123
1096
1089
1096
1109
1132
1153
1161
1181
1190
1201
1221
1230
1259
1271
1311
1327
1379
1398
1412
1417
1401
1393
1386
1393
1358
1359
1355
1353
1339
1359
1328
1319
1328
1289
1281
1256
1247
1224
1241
1260
1245
1247
1242
1227
1222
1219
1212
1203
1211
1211
1210
1205
1189
1181
1144
1133
1077
1097
1090
1076
1085
1074
1071
1088
1109
1097
1113
1112
1131
1154
1190
1212
1292
1315
1359
1347
1397
1402
1378
1388
1436
1401
1428
1435
1439
1424
1422
1404
1350
1306
1284
1222
1195
1183
1190
1159
1183
1181
1163
1139
1112
1091
1076
1081
1076
1145
1194
1222
1256
1262
1284
1272
1274
1281
1276
1294
1310
1349
1373
1374
1382
1372
1332
1333
1299
1284
1268
1278
1323
1308
1327
1318
1314
1304
1286
1279
1256
1271
1238
1241
1237
1254
1255
1247
1256
1235
1240
1237
1211
1201
1176
1174
1160
1173
1183
1171
1177
1160
1167
1159
1159
1145
1133
1139
1142
1157
1171
1203
1219
1248
1272
1297
1296
1298
1270
1281
1305
1284
1305
1315
1334
1327
1346
1345
1317
1289
1275
1252
1243
1243
1257
1257
1274
1285
1290
1286
1266
1276
1243
1248
1238
1261
1281
1279
1287
1287
1292
1292
1286
1247
1262
1244
1241
1245
1247
1232
1242
1295
1230
1205
1195
1183
1149
1167
1185
1185
1191
1199
1229
1211
1212
1224
1229
1236
1238
1262
1280
1281
1305
1303
1319
1273
1338
1349
1347
1337
1317
1326
1300
1301
1285
1281
1273
1264
1269
1287
1220
1241
1215
1200
1190
1171
1180
1155
1172
1239
1229
1233
1232
1242
1221
1228
1235
1226
1232
1240
1258
1285
1301
1311
1288
1307
1282
1236
1248
1226
1212
1218
1238
1220
1259
1289
1263
1247
1223
1220
1208
1202
1211
1220
1230
1255
1265
1276
1267
1275
1273
1272
1257
1241
1240
1220
1237
1276
1265
1278
1270
1271
1227
1243
1221
1201
1188
1168
1168
1167
1183
1184
1196
1209
1215
1204
1193
1178
1168
1138
1155
1153
1190
1222
1235
1261
1254
1267
1265
1252
1232
1227
1233
1240
1257
1285
1291
1307
1324
1328
1325
1309
1324
1272
1278
1293
1295
1312
1314
1327
1321
1335
1313
1295
1262
1237
1215
1209
1198
1206
1185
1214
1259
1226
1220
1207
1201
1161
1184
1177
1195
1204
1214
1226
1229
1245
1253
1260
1250
1251
1267
1251
1249
1256
1248
1258
1304
1275
1277
1269
1273
1249
1261
1264
1261
1257
1250
1233
1221
1226
1219
1199
1214
