1129
1318
1561
1308
1549
1311
1524
1307
1320
1274
1288
1273
1270
1289
1351
1278
1324
1327
1314
1282
1285
1291
1293
1292
1275
1292
1283
1291
1277
1300
1269
1304
1217
1310
1250
1310
1260
1292
1242
1283
1239
1301
1229
1308
1240
1305
1236
1278
1257
1290
1245
1299
1232
1294
1240
1285
1213
1299
1234
1283
1218
1282
1219
1280
1203
1253
1190
1283
1164
1275
1177
1274
1166
1279
1164
1265
1170
1271
1155
1272
1150
1271
1174
1267
1152
1243
1207
1254
1182
1249
1148
1249
1165
1241
1140
1242
1172
1229
1218
1222
1185
1210
1184
1213
1210
1203
1269
1189
1258
1223
1233
1204
1253
1231
1276
1204
1258
1216
1268
1217
1285
1226
1298
1226
1314
1244
1238
1267
1300
1255
1331
1263
1343
1265
1347
1275
1361
1261
1338
1285
1359
1282
1351
1271
1353
1277
1327
1294
1359
1294
1334
1299
1357
1246
1385
1300
1355
1299
1354
1299
1346
1272
1280
1303
1311
1297
1322
1287
1338
1286
1293
1283
1277
1285
1276
1269
1272
1272
1248
1266
1259
1251
1249
1248
1207
1246
1196
1243
1186
1247
1193
1240
1192
1242
1165
1247
1189
1247
1149
1248
1200
1247
1117
1257
1177
1243
1197
1256
1180
1281
1184
1263
1195
1262
1213
1265
1202
1266
1220
1278
1306
1268
1226
1279
1238
1284
1257
1272
1249
1281
1258
1290
1239
1285
1248
1277
1274
1286
1172
1278
1193
1282
1232
1270
1244
1282
1200
1256
1216
1266
1210
1272
1206
1254
1208
1261
1187
1247
1190
1264
1153
1268
1180
1258
1192
1256
1195
1240
1183
1254
1205
1252
1197
1252
1225
1253
1174
1255
1270
1251
1234
1253
1287
1254
1260
1255
1294
1243
1314
1259
1299
1297
1308
1271
1322
1260
1383
1287
1345
1276
1324
1261
1337
1258
1319
1279
1298
1254
1288
1251
1268
1246
1258
1243
1187
1224
1203
1244
1232
1245
1209
1247
1235
1242
1163
1243
1186
1252
1184
1265
1177
1281
1217
1288
1224
1297
1265
1308
1227
1281
1256
1319
1231
1322
1261
1317
1294
1302
1298
1298
1326
1299
1306
1281
1381
1265
1274
1293
1291
1291
1254
1304
1245
1314
1257
1347
1289
1349
1287
1322
1311
1405
1329
1417
1433
1400
1401
1402
1406
1378
1403
1345
1431
1301
1466
1256
1406
1284
1396
1201
1356
1164
1352
1126
1268
1079
1349
1013
1271
966
1200
943
1123
909
1006
905
877
907
814
941
721
975
683
1020
597
1050
653
1089
656
1144
663
1159
700
1235
734
1300
783
1366
924
1428
1039
1485
1190
1528
1292
1495
1417
1504
1525
1467
1636
1388
1717
1367
1743
1323
1766
1308
1779
1289
1757
1333
1779
1295
1765
1320
1723
1306
1637
1296
1507
1307
1416
1300
1307
1296
1207
1315
1070
1351
1095
1375
974
1410
918
1426
875
1445
801
1442
838
1429
799
1410
810
1382
838
1380
980
1345
1016
1346
1149
1340
1287
1329
1421
1308
1498
1267
1555
1219
1612
1168
1614
1127
1586
1094
1560
1068
1506
1062
1460
1067
1392
1074
1314
1091
1289
1115
1230
1145
1262
1162
1275
1187
1267
1204
1251
1211
1267
1195
1266
1217
1294
1201
1268
1194
1275
1186
1248
1175
1206
1177
1186
1188
1217
1179
1177
1187
1207
1186
1206
1236
1216
1264
1192
1300
1216
1339
1191
1361
1196
1388
1107
1410
1094
1428
1016
1436
1017
1436
981
1445
1008
1425
1021
1414
1062
1411
1108
1389
1072
1354
1173
1330
1163
1313
1171
1292
1163
1269
1136
1254
1175
1230
1247
1197
1286
1179
1348
1178
1312
1175
1385
1167
1381
1180
1365
1188
1340
1217
1276
1239
1259
1263
1174
1281
1157
1303
1129
1300
1078
1292
1131
1299
1128
1259
1167
1244
1221
1245
1289
1240
1316
1235
1334
1224
1357
1226
1340
1214
1294
1208
1287
1204
1259
1208
1252
1206
1237
1238
1254
1245
1236
1269
1190
1270
1169
1265
1058
1272
969
1274
918
1275
922
1281
938
1288
980
1293
1006
1303
1044
1325
1042
1324
1030
1344
1092
1360
1155
1374
1195
1405
1314
1428
1378
1443
1457
1440
1519
1434
1564
1396
1661
1356
1630
1326
1617
1297
1578
1264
1611
1239
1573
1230
1531
1238
1501
1241
1425
1221
1396
1210
1381
1203
1290
1175
1280
1154
1254
1122
1228
1126
1178
1117
1173
1113
1151
1129
1148
1150
1108
1165
1108
1178
1126
1193
1121
1215
1123
1223
1111
1234
1088
1244
1087
1248
1053
1241
1092
1260
1041
1267
1037
1255
1048
1257
1003
1264
1038
1259
1074
1255
1085
1250
1092
1259
1042
1291
1117
1281
1175
1305
1198
1315
1223
1329
1249
1329
1259
1336
1252
1324
1266
1276
1407
1301
1341
1313
1331
1333
1350
1371
1375
1390
1371
1413
1364
1434
1352
1445
1331
1460
1296
1468
1346
1446
1417
1420
1498
1406
1489
1366
1505
1340
1485
1297
1491
1276
1437
1249
1343
1244
1352
1215
1346
1182
1320
1201
1320
1194
1248
1199
1272
1207
1230
1207
1195
1214
1153
1232
1212
1210
1049
1237
1072
1222
1072
1215
1024
1200
1030
1184
1016
1171
1051
1155
1059
1146
1101
1142
1099
1134
1194
1137
1189
1133
1218
1129
1189
1142
1171
1154
1162
1161
1182
1170
1222
1193
1262
1199
1348
1208
1323
1241
1301
1265
1241
1274
1207
1285
1133
1324
1133
1329
1158
1355
1187
1390
1216
1416
1204
1444
1242
1455
1204
1464
1190
1456
1160
1451
1181
1427
1206
1433
1337
1386
1278
1378
1357
1341
1336
1313
1336
1288
1320
1259
1213
1235
1222
1243
1205
1253
1213
1267
1158
1292
1227
1287
1242
1295
1214
1271
1198
1273
1192
1266
1178
1261
1196
1247
1239
1252
1290
1237
1353
1213
1312
1199
1343
1209
1328
1187
1343
1188
1370
1200
1377
1219
1397
1223
1419
1217
1382
1227
1408
1210
1358
1209
1323
1241
1302
1241
1274
1261
1318
1285
1305
1312
1334
1325
1356
1347
1316
1350
1252
1347
1234
1338
1185
1332
1173
1328
1159
1316
1185
1314
1190
1299
1197
1286
1230
1305
1163
1271
1153
1266
1128
1257
1145
1255
1215
1267
1198
1244
1197
1249
1180
1203
1090
1243
1073
1221
1112
1224
1100
1220
1143
1213
1185
1217
1256
1228
1268
1222
1275
1223
1269
1215
1320
1226
1210
1240
1244
1263
1261
1286
1307
1299
1339
1310
1349
1304
1353
1295
1308
1275
1275
1258
1173
1242
1263
1234
1197
1237
1229
1285
1203
1247
1171
1260
1157
1259
1142
1246
1105
1245
1074
1260
1022
1286
1088
1279
1151
1302
1197
1317
1229
1342
1212
1341
1196
1352
1146
1345
1154
1323
1092
1354
1254
1344
1285
1351
1337
1349
1384
1322
1432
1330
1354
1317
1336
1311
1285
1273
1280
1310
1266
1295
1293
1283
1364
1279
1348
1257
1360
1235
1328
1223
1295
1209
1264
1203
1373
1150
1201
1202
1238
1229
1245
1243
1262
1251
1202
1234
1241
1272
1244
1285
1248
1302
1272
1320
1347
1326
1353
1342
1384
1334
1383
1305
1324
1319
1306
1280
1259
1271
1258
1257
1295
1266
1273
1258
1321
1266
1379
1254
1335
1251
1275
1255
1234
1217
1167
1212
1146
1203
1112
1214
1182
1237
1166
1201
1181
1203
1133
1198
1095
1192
1000
1188
995
1189
1025
1214
1032
1224
1083
1258
1166
1258
1227
1284
1193
1260
1210
1252
1171
1257
1140
1252
1125
1264
1160
1281
1219
1305
1319
1310
1328
1326
1381
1336
1372
1342
1354
1353
1309
1383
1358
1396
1370
1424
1395
1436
1432
1446
1358
1432
1390
1382
1327
1346
1290
1293
1242
1260
1189
1263
1208
1230
1261
1214
1341
1207
1369
1197
1374
1179
1358
1183
1312
1188
1275
1167
1282
1202
1240
1231
1256
1256
1292
1243
1312
1239
1320
1240
1246
1227
1239
1229
1215
1238
1233
1252
1243
1268
1337
1272
1368
1282
1378
1288
1357
1268
1326
1254
1275
1270
1203
1285
1199
1294
1238
1283
1271
1306
1265
1314
1301
1290
1272
1271
1199
1267
996
1271
1063
1267
1070
1287
1070
1305
1081
1317
1150
1301
1147
1305
1177
1323
1135
1267
1101
1251
1134
1260
1141
1269
1204
1264
1259
1273
1274
1284
1276
1242
1257
1225
1229
1203
1175
1197
1165
1217
1223
1208
1292
1226
1364
1235
1420
1229
1420
1208
1405
1198
1322
1180
1272
1159
1225
1184
1287
1190
1239
1215
1268
1193
1270
1245
1184
1259
1217
1253
1191
1266
1147
1289
1143
1338
1142
1363
1238
1387
1297
1421
1335
1416
1341
1400
1295
1378
1213
1362
1199
1354
1186
1352
1348
1365
1259
1368
1321
1359
1346
1341
1355
1324
1308
1306
1269
1283
1257
1275
1244
1308
1273
1291
1284
1283
1334
1276
1367
1247
1346
1211
1308
1186
1252
1180
1205
1177
1169
1184
1247
1197
1291
1229
1255
1228
1326
1223
1274
1215
1223
1163
1159
1206
1121
1245
1106
1270
1163
1299
1217
1318
1295
1319
1300
1306
1285
1274
1246
1241
1171
1255
1112
1268
1121
1292
1191
1321
1230
1325
1254
1347
1256
1309
1257
1300
1181
1294
1149
1274
1121
1280
1152
1283
1203
1295
1271
1296
1307
1270
1383
1234
1273
1220
1231
1199
1169
1188
1135
1193
1095
1225
1178
1241
1260
1259
1297
1299
1324
1270
1278
1255
1245
1238
1193
1246
1164
1233
1174
1275
1218
1287
1256
1290
1294
1262
1325
1248
1268
1229
1196
1208
1166
1218
1120
1241
1140
1266
1198
1310
1234
1336
1296
1338
1347
1336
1280
1327
1256
1319
1190
1313
1200
1326
1199
1339
1239
1347
1302
1345
1365
1316
1382
1287
1355
1237
1280
1223
1240
1212
1253
1235
1281
1237
1333
1265
1384
1273
1392
1250
1396
1224
1294
1199
1274
1183
1235
1192
1201
1214
1232
1246
1261
1272
1347
1270
1362
1277
1330
1252
1300
1241
1234
1253
1237
1241
1160
1279
1208
1299
1251
1306
1289
1320
1310
1287
1273
1269
1174
1243
1093
1228
1059
1245
1076
1241
1088
1278
1188
1295
1222
1273
1280
1268
1285
1256
1178
1238
1150
1236
1066
1220
1107
1260
1133
1289
1236
1287
1302
1286
1318
1219
1325
1228
1255
1198
1233
1185
1213
1201
1270
1226
1345
1258
1386
1279
1426
1295
1438
1288
1386
1287
1317
1270
1213
1288
1174
1317
1217
1358
1251
1387
1360
1409
1352
1378
1342
1357
1254
1322
1194
1301
1157
1282
1105
1284
1134
1310
1119
1341
1269
1324
1320
1317
1305
1281
1263
1251
1157
1240
1090
1243
1042
1265
1080
1282
1175
1303
1250
1293
1309
1291
1309
1233
1273
1192
1200
1167
1192
1148
1136
1178
1218
1212
1296
1231
1380
1246
1460
1229
1471
1208
1406
1180
1358
1158
1266
1193
1266
1236
1279
1283
1343
1306
1411
1310
1468
1292
1381
1273
1309
1249
1225
1239
1166
1247
1156
1272
1191
1313
1267
1330
1355
1325
1400
1320
1359
1276
1325
1236
1178
1238
1090
1249
1083
1269
1139
1301
1224
1325
1308
1320
1357
1291
1364
1265
1257
1230
1155
1221
1098
1226
1089
1262
1062
1287
1207
1312
1229
1316
1256
1300
1216
1270
1157
1257
994
1249
1012
1272
1072
1317
1123
1327
1215
1322
1310
1307
1297
1270
1272
1239
1162
1211
1135
1183
1118
1202
1104
1248
1175
1287
1270
1307
1363
1311
1368
1282
1330
1244
1248
1229
1198
1193
1062
1234
1144
1278
1240
1294
1326
1304
1384
1290
1436
1244
1376
1212
1302
1194
1246
1208
1229
1226
1219
1288
1288
1338
1391
1341
1432
1334
1423
1313
1428
1275
1357
1239
1289
1257
1239
1277
1243
1326
1352
1350
1419
1355
1465
1321
1502
1295
1384
1266
1270
1247
1189
1190
1158
1283
1190
1303
1259
1315
1357
1308
1368
1274
1380
1215
1294
1201
1217
1170
1134
1169
1102
1227
1091
1269
1301
1308
1385
1319
1419
1294
1408
1269
1333
1232
1204
1238
1100
1258
1097
1274
1053
1320
1213
1323
1297
1319
1293
1286
1256
1198
1165
1209
1035
1184
981
1211
971
1257
1043
1294
1142
1308
1229
1315
1288
1262
1219
1251
1153
1203
1029
1191
1010
1209
1007
1253
1138
1280
1271
1308
1281
1312
1414
1275
1373
1236
1292
1208
1174
1216
1065
1252
1112
1284
1246
1332
1338
1324
1438
1334
1391
1310
1390
1270
1293
1240
1201
1232
1172
1259
1194
1295
1286
1340
1378
1332
1471
1307
1452
1294
1363
1244
1295
1207
1178
1207
1134
1201
1146
1271
1256
1299
1334
1300
1401
1291
1410
1250
1308
1199
1185
1196
997
1195
1023
1216
1060
1269
1143
1332
1237
1324
1310
1296
1317
1253
1238
1247
1100
1192
1100
1192
1103
1245
1129
1283
1246
1311
1368
1324
1461
1298
1444
1253
1423
1216
1293
1271
1246
1237
1179
1288
1261
1333
1362
1379
1454
1372
1542
1341
1532
1294
1418
1253
1228
1255
1168
1207
1275
1263
1171
1299
1274
1317
1384
1310
1415
1267
1386
1217
1255
1177
1168
1185
979
1187
933
1237
1093
1299
1191
1315
1285
1329
1325
1300
1284
1242
1198
1207
1026
1230
1012
1192
985
1257
1098
1320
1190
1351
1310
1344
1336
1288
1309
1287
1220
1227
1077
1235
1013
1257
1091
1297
1176
1334
1374
1353
1410
1344
1439
1293
1376
1240
1256
1189
1125
1226
1220
1199
953
1327
1207
1316
1318
1344
1394
1342
1408
1285
1320
1241
1193
1220
1100
1217
1014
1257
1130
1298
1150
1350
1291
1345
1394
1336
1383
1279
1307
1224
1216
1164
1122
1204
1014
1220
1244
1267
1213
1310
1336
1312
1454
1288
1441
1229
1366
1171
1197
1184
1119
1188
962
1226
1112
1269
1246
1321
1294
1325
1384
1299
1330
1233
1256
1189
1163
1137
990
1147
957
1241
1140
1269
1167
1355
1300
1316
1381
1292
1364
1235
1273
1197
1155
1190
1085
1235
958
1271
1142
1328
1304
1354
1322
1370
1475
1337
1427
1284
1341
1244
1200
1263
1054
1223
1022
1327
1150
1374
1283
1406
1397
1399
1454
1389
1405
1307
1286
1256
1132
1267
1038
1259
937
1327
1153
1371
1278
1407
1383
1384
1457
1334
1395
1266
1253
1220
1184
1162
1075
1231
1031
1258
1180
1299
1331
1313
1429
1234
1518
1226
1444
1169
1294
1122
1202
1104
1070
1124
1161
1199
1243
1249
1355
1278
1449
1270
1539
1224
1472
1178
1314
1131
1227
1181
1042
1158
1224
1238
1260
1325
1384
1348
1464
1329
1525
1264
1430
1226
1146
1188
1074
1218
974
1212
1002
1246
1133
1347
1232
1359
1325
1344
1351
1277
1287
1240
1086
1172
990
1247
858
1246
1130
1315
1096
1383
1221
1379
1324
1355
1334
1292
1326
1214
1133
1234
1054
1262
892
1230
1174
1325
1191
1372
1325
1371
1419
1323
1411
1249
1408
1222
1257
1201
1143
1217
988
1215
1269
1321
1288
1348
1409
1338
1509
1310
1453
1240
1458
1161
1194
1160
1091
1193
949
1246
1268
1349
1306
1350
1391
1332
1480
1287
1409
1212
1402
1192
1209
1169
1013
1144
957
1205
1244
1274
1296
1319
1421
1305
1507
1250
1437
1208
1342
1123
1163
1200
1011
1168
963
1257
1276
1347
1322
1377
1427
1370
1524
1321
1451
1266
1298
1208
1142
1227
1013
1209
941
1242
1259
1345
1284
1363
1379
1334
1452
1275
1370
1210
1192
1135
1011
1200
875
1176
808
1231
1172
1332
1230
1357
1339
1351
1424
1263
1347
1232
1156
1195
1027
1223
929
1212
871
1273
1236
1373
1332
1370
1456
1359
1511
1294
1473
1247
1327
1209
1121
1201
1046
1205
933
1264
1357
1324
1389
1321
1571
1277
1579
1196
1596
1165
1371
1093
1286
1122
1097
1151
993
1238
1366
1338
1397
1345
1477
1312
1422
1258
1385
1217
1125
1179
1008
1232
812
1228
743
1360
1153
1390
1245
1362
1355
1317
1269
1240
1295
1173
1079
1198
861
1178
774
1275
684
1366
1135
1406
1255
1399
1385
1355
1367
1282
1396
1245
1136
1209
986
1239
908
1301
840
1391
1263
1403
1379
1366
1498
1317
1449
1246
1462
1205
1247
1164
1083
1170
954
1233
953
1352
1381
1362
1478
1337
1564
1278
1478
1197
1475
1116
1188
1130
1040
1155
886
1170
1087
1308
1372
1319
1453
1283
1595
1215
1524
1174
1483
1136
1166
1095
1046
1176
875
1181
1118
1325
1369
1334
1450
1343
1544
1270
1444
1208
1371
1167
1048
1143
927
1216
761
1260
1085
1392
1244
1400
1353
1378
1459
1316
1372
1280
1276
1263
1059
1214
896
1289
743
1303
1109
1438
1243
1416
1341
1357
1441
1277
1329
1225
1149
1169
982
1139
856
1240
732
1224
1126
1359
1303
1356
1451
1315
1518
1230
1459
1185
1235
1129
1150
1121
986
1240
870
1230
1317
1369
1456
1350
1590
1310
1642
1218
1601
1179
1378
1169
1237
1119
1079
1232
949
1247
1386
1364
1505
1351
1625
1318
1609
1254
1546
1231
1272
1204
1095
1258
898
1238
862
1277
1246
1391
1359
1370
1490
1322
1430
1234
1389
1204
1118
1191
909
1251
792
1267
741
1337
1202
1436
1314
1419
1437
1344
1386
1303
1354
1273
1050
1252
927
1289
723
1292
732
1429
1201
1439
1344
1405
1488
1334
1440
1239
1429
1170
1119
1173
937
1155
892
1241
783
1289
1310
1330
1438
1294
1543
1254
1517
1165
1490
1132
1223
1137
1011
1171
926
1232
893
1321
1360
1314
1491
1325
1607
1280
1521
1210
1490
1196
1220
1148
985
1209
935
1301
924
1384
1394
1397
1529
1337
1649
1284
1548
1220
1498
1177
1158
1155
980
1207
881
1280
800
1361
1305
1367
1405
1325
1501
1240
1385
1192
1312
1115
960
1143
793
1180
703
1298
928
1373
1227
1359
1368
1320
1473
1242
1367
1190
1315
1178
1019
1203
798
1200
769
1288
1078
1375
1304
1360
1445
1320
1592
1243
1511
1202
1360
1188
1090
1194
1003
1274
875
1275
1264
1403
1441
1392
1583
1338
1668
1252
1544
1208
1353
1197
1091
1221
954
1234
916
1300
1321
1406
1468
1395
1601
1340
1633
1259
1561
1238
1285
1177
1110
1227
923
1235
845
1301
1312
1369
1442
1309
1576
1248
1555
1140
1517
1103
1248
1096
1084
1086
874
1122
851
1186
1283
1299
1406
1323
1519
1309
1466
1246
1424
1240
1152
1266
910
1290
799
1401
676
1519
1165
1551
1261
1516
1365
1456
1292
1366
1250
1335
989
1259
832
1304
658
1302
670
1434
1199
1439
1316
1392
1517
1315
1469
1229
1458
1149
1136
1154
1051
1213
894
1231
908
1320
1412
1351
1570
1322
1708
1255
1594
1170
1587
1100
1238
1095
1045
1142
936
1178
844
1268
1338
1277
1463
1229
1621
1156
1558
1097
1513
1069
1176
1004
996
1030
896
1148
978
1244
1372
1258
1511
1237
1625
1176
1534
1148
1465
1181
1181
1190
929
1217
848
1347
1098
1457
1300
1477
1406
1454
1498
1383
1401
1324
1206
1338
929
1367
750
1343
683
1407
1017
1516
1187
1493
1379
1422
1460
1326
1362
1242
1150
1207
933
1235
750
1205
711
1298
1081
1372
1241
1359
1401
1312
1521
1226
1477
1181
1302
1099
1117
1169
946
1196
911
1275
1408
1386
1542
1342
1708
1307
1769
1189
1750
1182
1511
1146
1364
1149
1143
1150
1084
1240
1480
1317
1584
1294
1689
1253
1421
1187
1794
1082
1342
1115
1121
1137
866
1148
741
1303
1211
1358
1298
1354
1409
1306
1158
1258
1444
1195
1036
1144
814
1169
712
1263
632
1371
1086
1423
1194
1383
1333
1309
1410
1290
1442
1171
1075
1230
922
1244
772
1281
705
1419
1206
1447
1364
1417
1212
1271
1549
1320
1572
1237
1200
1246
970
1244
833
1339
1192
1459
1269
1460
1381
1421
1348
1287
1553
1320
1350
1211
1167
1162
975
1173
810
1209
1204
1353
1304
1353
1451
1319
1246
1192
1639
1209
1665
1100
1280
1101
1108
1182
979
1279
1370
1327
1427
1328
1534
1293
1259
1171
1765
1219
1431
1082
1227
1144
979
1181
847
1275
1242
1346
1296
1328
1363
1254
1185
1149
1615
1195
1270
1077
1085
1134
866
1182
734
1315
1147
1371
1184
1382
1284
1315
1054
1281
1484
1298
1106
1189
910
1231
711
1272
982
1419
1056
1456
1152
1463
1282
1358
1057
1293
1568
1256
1184
1185
1023
1175
922
1276
1165
1337
1333
1409
1405
1406
1246
1306
1295
1236
1805
1258
1324
1139
1218
1190
1028
1190
1319
1342
1345
1366
1438
1342
1254
1236
1269
1167
1697
1106
1189
1072
1048
1150
904
1191
1178
1324
1215
1353
1312
1339
1055
1191
1244
1223
1687
1194
1190
1087
1056
1146
906
1171
1233
1333
1258
1357
1361
1340
1101
1237
1252
1225
1718
1141
1236
1144
1057
1215
907
1316
1304
1412
1340
1444
1460
1372
1226
1341
1303
1332
1757
1208
1256
1236
1016
1267
901
1374
1240
1433
1264
1445
1360
1370
1105
1230
1490
1282
1460
1162
1150
1163
960
1171
777
1334
1173
1404
1197
1423
1297
1316
1080
1311
1467
1318
1489
1198
1114
1227
934
1263
1153
1362
1175
1419
1222
1420
1349
1311
1151
1240
1645
1257
1291
1178
1138
1152
1044
1145
1001
1302
1315
1289
1377
1344
1223
1198
1290
1182
1742
1158
1376
1019
1216
1046
994
1058
1274
1190
1246
1239
1298
1247
1136
1115
1168
1071
1632
1130
1244
1038
1095
1088
902
1099
1193
1299
1158
1365
1249
1379
997
1255
1160
1275
1656
1290
1207
1204
1016
1224
853
1321
1190
1419
1192
1493
1247
1472
968
1389
1140
1363
1611
1351
1171
1262
973
1280
855
1379
1183
1449
1194
1479
1269
1445
996
1317
1174
1305
1643
1275
1196
1187
1019
1162
893
1262
1242
1324
1234
1334
1308
1271
1036
1142
1248
1147
1704
1051
1231
1010
1059
1042
1269
1184
1308
1253
1329
1310
1415
1205
1142
1187
1371
1250
1808
1178
1304
1140
1200
1228
1439
1364
1454
1427
1499
1467
1188
1401
1246
1295
1666
1329
1794
1200
1307
1217
1137
1237
1357
1346
1333
1386
1317
1385
1019
1314
1049
1195
1439
1250
1488
1167
1058
1119
856
1194
1158
1273
1142
1330
1164
1353
879
1286
947
1191
1376
1249
1462
1126
1031
1158
888
1267
1162
1331
1190
1380
1213
1417
972
1284
1010
1172
1511
1227
1177
1129
1019
1158
914
1220
1248
1304
1276
1343
1309
1296
1011
1284
1079
1176
1554
1226
1239
1167
1017
1205
917
1312
1249
1373
1278
1407
1326
1379
1022
1304
1124
1284
1595
1247
1188
1157
1056
1183
989
1287
1331
1346
1363
1375
1407
1268
1132
1235
1209
1234
1695
1209
1256
1115
1119
1131
1406
1269
1400
1380
1358
1430
1413
1386
1083
1302
1175
1348
1598
1316
1165
1260
1048
1281
1341
1333
1379
1457
1423
1488
1446
1365
1147
1315
1235
1325
1661
1186
1149
1132
1049
1141
1340
1269
1378
1320
1376
1337
1086
1252
1026
1166
1112
1222
1529
1125
1010
1111
974
1157
1162
1289
1290
1345
1312
1381
1028
1321
981
1207
1360
1250
1354
1123
1057
1176
962
1150
1292
1277
1373
1320
1408
1337
1031
1221
1158
1174
1506
1191
1475
1055
1081
1096
1019
1171
1240
1234
1378
1297
1385
1323
1013
1212
1105
1211
1387
1227
1258
1127
1063
1180
961
1313
1284
1389
1379
1445
1391
1406
1012
1342
1068
1318
1503
1323
1126
1211
1076
1195
1071
1330
1352
1378
1417
1407
1449
1356
1073
1272
1155
1213
1538
1253
1111
1134
1039
1212
1261
1279
1405
1385
1411
1425
1434
1329
1099
1353
1097
1307
1526
1286
1029
1152
975
1208
1273
1238
1321
1348
1363
1363
1335
1287
1006
1163
1108
1144
1500
1166
1028
1073
964
1090
1339
1204
1394
1330
1448
1401
1148
1346
1210
1332
1246
1340
1657
1336
1200
1221
1144
1200
1336
1325
1489
1387
1537
1394
1271
1296
1171
1247
1188
1266
1551
1198
1075
1130
1018
1138
1203
1260
1430
1307
1464
1328
1110
1260
1100
1206
1418
1235
1556
1172
1033
1102
939
1218
1103
1270
1345
1304
1345
1335
972
1240
951
1226
1324
1262
1234
1162
944
1171
920
1294
1253
1336
1433
1367
1482
1292
1141
1291
1114
1230
1510
1227
1356
1106
1040
1136
978
1222
1324
1200
1442
1307
1450
1267
1031
1205
1045
1238
1379
1239
1154
1146
919
1219
1242
1275
1318
1365
1415
1412
1444
1329
1059
1303
1048
1337
1483
1325
1056
1252
924
1244
1296
1341
1410
1394
1505
1418
1539
1341
1135
1268
1179
1231
1573
1249
1145
1089
1093
1113
1518
1184
1588
1269
1632
1296
1291
1240
1228
1197
1454
1262
1524
1235
1077
1231
1046
1267
1410
1306
1521
1403
1569
1430
1244
1326
1133
1315
1102
1329
1477
1298
1027
1215
967
1212
1407
1289
1516
1289
1577
1289
1203
1216
1138
1207
1137
1187
1454
1133
1001
1133
956
1219
1125
1249
1443
1344
1449
1330
1037
1240
1010
1201
1287
1269
1313
1211
856
1151
863
1254
1085
1276
1438
1295
1462
1270
1005
1181
1122
1200
1292
1224
1255
1172
782
1182
851
1276
1130
1302
1447
1318
1493
1287
1105
1296
1088
1262
1436
1292
1066
1211
966
1251
976
1365
1351
1394
1507
1414
1538
1340
1094
1306
1172
1283
1461
1344
1111
1291
937
1268
1321
1358
1431
1417
1636
1413
1701
1326
1275
1236
1329
1268
1657
1249
1202
1163
1098
1202
1313
1279
1529
1351
1606
1354
1578
1309
1132
1257
1114
1305
1419
1291
936
1216
848
1260
1256
1314
1364
1370
1477
1384
1189
1320
1093
1263
1147
1325
1442
1293
958
1244
919
1279
1109
1292
1444
1327
1509
1319
1248
1204
1109
1169
1154
1195
1441
1108
968
1125
912
1097
1115
1162
1418
1209
1481
1217
1125
1159
1068
1152
1007
1218
1390
1136
914
1202
935
1277
1080
1300
1521
1337
1578
1349
1250
1243
1209
1206
1582
1264
1515
1200
1087
1158
1082
1234
1297
1297
1634
1330
1677
1267
1248
1242
1493
1243
1485
1330
1406
1293
949
1323
1000
1402
1159
1430
1477
1429
1520
1342
1142
1346
1141
1265
1417
1323
997
1250
789
1230
839
1289
1137
1302
1365
1315
1399
1236
971
1210
1119
1173
1308
1269
860
1189
807
1247
1130
1283
1202
1356
1387
1366
1439
1284
1083
1267
1086
1243
1406
1289
1004
1207
914
1212
1288
1265
1330
1306
1491
1302
1200
1202
1180
1276
1113
1238
1500
1239
1081
1175
1004
1144
1417
1252
1540
1281
1664
1299
1388
1234
1286
1243
1310
1261
1623
1270
1112
1181
1116
1284
1312
1326
1579
1389
1641
1379
1246
1296
1574
1296
1155
1325
1481
1299
1002
1238
940
1288
1376
1301
1503
1327
1555
1309
1196
1196
1372
1180
1168
1226
1526
1200
1006
1223
982
1276
1256
1281
1523
1321
1548
1231
1148
1234
1369
1190
983
1247
1307
1225
794
1221
806
1264
1061
1301
1350
1317
1421
1277
1045
1237
1237
1200
1252
1287
1199
1250
767
1296
789
1357
1070
1367
1373
1380
1427
1298
1034
1249
1264
1248
1270
1300
1141
1209
878
1262
1199
1297
1174
1370
1483
1388
1556
1340
1173
1333
1165
1233
1505
1312
1046
1227
973
1197
1215
1251
1325
1263
1520
1247
1574
1182
1199
1153
1214
1143
1535
1187
1097
1113
1042
1154
1444
1216
1425
1306
1648
1341
1373
1279
1624
1312
1230
1335
1592
1349
1082
1277
997
1279
1387
1384
1484
1384
1575
1348
1344
1264
1195
1266
1224
1194
1512
1266
1045
1214
942
1243
1310
1281
1443
1317
1511
1322
1116
1226
1472
1200
1059
1195
1386
1230
875
1238
829
1277
1030
1283
1305
1334
1368
1324
1018
1257
1310
1196
945
1262
1301
1213
870
1220
869
1261
1056
1309
1397
1337
1491
1240
1133
1233
1438
1191
1065
1265
1457
1181
1013
1208
978
1321
1246
1309
1554
1330
1630
1274
1275
1247
1509
1221
1440
1263
1438
1199
1051
1239
1100
1286
1328
1296
1596
1296
1577
1207
1220
1240
1217
1140
1420
1240
1202
1186
962
1194
1097
1321
1135
1358
1444
1365
1473
1329
1047
1349
1097
1249
1417
1338
979
1288
901
1263
1008
1370
1306
1356
1458
1335
1115
1225
1394
1292
1064
1201
1439
1254
1031
1227
975
1253
1256
1309
1343
1337
1495
1339
1195
1254
1376
1288
1143
1181
1353
1270
1018
1206
884
1224
1202
1272
1335
1288
1455
1279
1199
1166
1186
1150
1067
1122
1460
1211
1012
1201
962
1177
1297
1277
1432
1350
1517
1353
1109
1244
1519
1248
1146
1301
1479
1290
1042
1295
1009
1333
1154
1319
1537
1334
1610
1320
1223
1225
1581
1197
1204
1248
1542
1210
1028
1189
1021
1268
1186
1288
1497
1316
1515
1308
1108
1249
1320
1183
1067
1231
1368
1174
912
1159
880
1276
1125
1259
1402
1287
1455
1250
1041
1257
1196
1157
1370
1242
1210
1184
942
1244
961
1326
1181
1337
1444
1357
1457
1256
1098
1262
1111
1230
1322
1286
1200
1237
923
1262
1040
1299
1173
1326
1434
1327
1446
1258
1067
1288
1036
1168
1212
1267
1102
1184
948
1186
1338
1292
1286
1341
1500
1350
1209
1262
1490
1327
1137
1203
1495
1311
1058
1219
1049
1302
1398
1292
1403
1367
1516
1363
1157
1252
1442
1295
1107
1213
1463
1288
1058
1203
1057
1246
1356
1289
1411
1348
1510
1335
1137
1274
1496
1255
1081
1255
1461
1308
1047
1239
1005
1267
1455
1329
1488
1365
1536
1313
1120
1263
1451
1200
1061
1146
1432
1181
977
1221
906
1248
1091
1250
1380
1308
1396
1235
964
1290
1377
1176
1000
1286
1367
1234
912
1290
956
1299
1158
1388
1475
1422
1545
1328
1095
1312
1303
1237
1091
1260
1471
1161
1049
1135
968
1230
1185
1219
1469
1250
1504
1207
1120
1249
1187
1162
1106
1220
1473
1191
1042
1262
1340
1295
1272
1331
1522
1365
1533
1254
1154
1319
1143
1185
1308
1269
1248
1187
1059
1220
1247
1249
1288
1285
1509
1296
1511
1191
1144
1282
1071
1184
1125
1274
1124
1224
1010
1279
1356
1343
1259
1387
1463
1388
1102
1293
1382
1334
1043
1263
1362
1272
968
1209
968
1277
1321
1291
1333
1350
1452
1358
1110
1227
1400
1281
1046
1204
1398
1270
1060
1183
1041
1185
1280
1270
1407
1314
1534
1295
1156
1183
1521
1205
1110
1137
1509
1155
1016
1148
1017
1209
1376
1270
1440
1342
1508
1361
1066
1240
1494
1230
1131
1229
1524
1221
1112
1259
1047
1310
1243
1295
1488
1338
1496
1292
1101
1298
1447
1210
1092
1190
1465
1196
1080
1194
1034
1298
1318
1313
1455
1381
1497
1318
1100
1354
1334
1293
1007
1298
1442
1223
1024
1260
1053
1274
1099
1318
1496
1353
1459
1251
1355
1316
1228
1244
1052
1259
1455
1205
1092
1178
1344
1271
1258
1290
1430
1323
1453
1214
1226
1272
1112
1178
1160
1208
1162
1172
992
1172
1130
1268
1250
1302
1492
1332
1492
1252
1141
1313
1089
1212
1131
1294
1226
1246
1057
1231
1415
1320
1264
1376
1481
1386
1105
1293
1427
1311
1045
1194
1452
1254
1113
1205
1061
1198
1409
1280
1445
1355
1548
1361
1233
1311
1473
1348
1073
1239
1483
1338
1170
1309
1109
1332
1252
1372
1393
1420
1447
1420
975
1379
1377
1288
976
1263
1402
1243
997
1152
1007
1149
1394
1226
1412
1295
1456
1300
994
1231
1380
1168
998
1141
1413
1221
1000
1161
1044
1265
1204
1284
1463
1350
1458
1258
1027
1309
1395
1222
1015
1124
1446
1184
1009
1177
1066
1236
1287
1221
1483
1278
1471
1269
1023
1267
1242
1200
997
1190
1426
1194
1049
1172
1050
1278
1298
1284
1506
1360
1477
1244
1206
1294
1228
1184
1047
1200
1429
1127
1053
1193
1328
1232
1238
1280
1473
1315
1440
1235
1296
1307
1040
1224
1211
1271
1135
1239
1002
1277
1036
1355
1230
1389
1446
1422
1042
1363
1367
1405
1045
1316
1035
1357
1130
1311
1112
1352
1454
1354
1291
1434
1501
1445
1098
1323
1416
1388
1017
1274
1443
1320
1089
1229
1141
1289
1458
1323
1434
1368
1531
1371
1220
1308
1431
1299
1079
1228
1442
1240
1123
1196
1112
1143
1421
1234
1417
1289
1484
1291
1003
1257
1425
1180
1032
1103
1421
1182
1093
1151
1063
1209
1283
1217
1474
1287
1488
1298
1093
1188
1429
1202
1025
1169
1487
1167
1129
1195
1089
1281
1285
1304
1512
1385
1484
1346
1042
1361
1436
1242
1061
1249
1492
1208
1135
1200
1075
1335
1315
1324
1462
1385
1440
1369
954
1354
1176
1246
933
1280
1346
1213
918
1254
907
1327
1130
1350
1313
1391
1262
1285
1164
1347
1035
1200
897
1224
1322
1138
983
1170
1259
1207
1186
1237
1396
1279
1317
1234
1227
1289
993
1224
1132
1250
1059
1152
1056
1207
1065
1300
1257
1331
1508
1352
1150
1290
1468
1301
1144
1210
1148
1213
1192
1130
1127
1115
1526
1208
1347
1289
1570
1325
1174
1239
1495
1312
1090
1206
1501
1297
1180
1255
1166
1219
1412
1326
1427
1385
1529
1384
1197
1194
1439
1299
1092
1219
1455
1235
1098
1136
1047
1183
1420
1274
1361
1321
1419
1348
968
1345
1336
1257
941
1213
1283
1272
1015
1192
1054
1298
1188
1295
1373
1380
1411
1385
943
1304
1350
1276
927
1201
1374
1211
976
1168
1020
1283
1184
1257
1389
1356
1399
1321
937
1334
1337
1258
990
1177
1425
1188
1070
1207
1088
1302
1326
1302
1547
1393
1528
1372
1086
1338
1378
1247
1060
1239
1468
1159
1118
1162
1094
1269
1252
1310
1458
1359
1420
1291
1258
1333
1185
1217
1045
1252
1337
1218
1049
1165
1201
1313
1227
1359
1458
1408
1436
1334
1301
1389
1069
1292
1177
1300
1130
1209
1122
1214
1096
1331
1281
1344
1480
1369
1042
1245
1396
1303
1050
1164
1049
1215
1113
1132
1050
1110
1425
1209
1232
1283
1439
1307
1102
1236
1373
1287
1019
1201
1041
1247
1112
1211
1070
1189
1285
1279
1310
1343
1425
1355
969
1267
1331
1288
950
1187
1315
1206
1004
1185
1028
1188
1392
1254
1382
1341
1480
1356
1042
1342
1441
1251
1044
1180
1435
1254
1073
1184
1102
1256
1246
1288
1434
1345
1482
1341
1104
1318
1424
1179
1082
1158
1506
1140
1085
1122
1144
1159
1421
1259
1498
1332
1490
1272
1014
1325
1393
1204
1039
1217
1442
1173
1089
1165
1041
1283
1269
1303
1484
1362
1472
1375
1087
1343
1267
1272
1026
1266
1412
1186
1114
1239
1120
1350
1249
1346
1502
1391
1473
1326
1352
1357
1244
1217
981
1245
1325
1151
1002
1200
1223
1260
1257
1288
1457
1339
1418
1240
1325
1311
949
1192
1121
1254
1053
1210
973
1235
1018
1304
1233
1330
1426
1355
1030
1258
1385
1304
1024
1149
996
1216
1081
1184
1067
1169
1398
1269
1278
1357
1533
1378
1199
1313
1474
1323
1104
1232
1077
1256
1164
1204
1117
1197
1324
1300
1362
1377
1555
1403
1100
1360
1493
1344
1091
1260
1439
1301
1119
1256
1086
1265
1433
1345
1388
1421
1454
1416
1028
1374
1394
1312
961
1217
1337
1273
1029
1182
1067
1212
1238
1300
1397
1369
1449
1375
1034
1324
1351
1272
916
1210
1348
1183
946
1245
951
1179
1177
1324
1387
1362
1371
1313
951
1312
1317
1189
936
1185
1300
1141
931
1121
881
1250
1107
1269
1320
1327
1332
1328
903
1304
1119
1188
948
1233
1297
1166
1030
1220
1073
1347
1202
1356
1513
1410
1516
1349
1417
1388
1296
1275
1034
1255
1304
1195
1104
1184
1054
1345
1335
1371
1576
1407
1577
1284
1512
1338
1160
1197
1374
1254
1182
1160
1203
1211
1199
1320
1370
1330
1665
1367
1275
1254
1593
1304
1179
1156
1166
1239
1250
1215
1171
1193
1552
1301
1428
1389
1671
1399
1360
1307
1615
1281
1187
1143
1147
1178
1110
1102
1109
1156
1396
1221
1297
1283
1453
1296
959
1220
1344
1232
914
1158
1222
1206
823
1139
836
1238
1238
1325
1239
1388
1356
1391
909
1347
1326
1263
933
1209
1259
1232
949
1142
970
1138
1155
1265
1353
1325
1444
1278
1038
1284
1410
1240
990
1141
1405
1197
1003
1169
1073
1210
1469
1305
1524
1372
1547
1315
1147
1329
1509
1204
1078
1157
1513
1195
1112
1202
1179
1269
1325
1285
1645
1343
1693
1306
1233
1279
1450
1154
1142
1212
1513
1159
1180
1187
1174
1306
1356
1320
1593
1362
1592
1273
1500
1306
1290
1159
1086
1215
1324
1150
1110
1214
1138
1352
1328
1373
1554
1415
1541
1303
1442
1353
1035
1197
1009
1298
1177
1233
955
1306
1296
1342
1129
1409
1389
1407
1028
1297
1322
1307
886
1168
977
1226
843
1159
820
1209
1198
1329
1078
1406
1376
1418
1049
1328
1332
1359
922
1208
922
1261
973
1243
932
1222
1296
1315
1260
1367
1501
1356
1098
1304
1514
1257
1057
1115
1437
1201
1101
1163
1137
1214
1505
1307
1520
1350
1654
1346
1227
1308
1614
1262
1127
1118
1447
1227
1070
1129
1084
1218
1303
1294
1426
1361
1494
1341
1031
1336
1410
1249
941
1180
1354
1242
957
1257
853
1330
1243
1371
1377
1435
1409
1368
945
1367
1334
1226
930
1227
1263
1239
853
1210
831
1326
1115
1348
1354
1403
1391
1376
1008
1347
1192
1206
912
1241
1231
1163
942
1238
953
1266
1152
1308
1468
1327
1464
1195
1377
1209
1222
1060
918
1119
1272
1112
943
1161
1030
1231
1255
1333
1534
1379
1560
1309
1512
1339
1222
1246
1143
1292
1380
1267
1154
1277
1521
1397
1373
1424
1645
1417
1336
1310
1606
1290
1171
1115
1149
1191
1115
1120
1076
1240
1426
1306
1305
1399
1582
1419
1208
1287
1531
1348
1127
1261
1073
1285
1040
1263
1002
1307
1339
1394
1215
1445
1377
1430
922
1381
1335
1314
901
1182
1232
1233
829
1196
849
1204
1233
1301
1250
1364
1414
1355
1051
1317
1411
1234
995
1135
1304
1179
957
1177
829
1268
1081
1266
1338
1345
1472
1259
1112
1305
1511
1206
1138
1161
1517
1159
1113
1163
1102
1227
1496
1302
1598
1334
1651
1226
1246
1262
1609
1135
1178
1092
1556
1120
1146
1111
1114
1236
1356
1268
1578
1337
1637
1333
1338
1296
1574
1262
1547
1229
1301
1152
1048
1212
1108
1304
1084
1269
1111
1378
1543
1361
1510
1288
1445
1231
1296
1168
1211
1175
1184
1211
983
1210
1000
1222
1059
1314
1019
1298
1389
1319
1445
1268
1406
1238
1340
1245
1154
1280
1125
1344
1151
1317
1041
1355
980
1296
982
1297
959
1271
1345
1302
1296
1289
1259
1344
1107
1376
1096
1412
1138
1419
1064
1350
1015
1288
1081
1283
1003
1252
1395
1314
1402
1359
1367
1391
1363
1390
1237
1364
1280
1320
1292
1191
1121
1143
1141
1168
1089
1140
1108
1264
1515
1337
1528
1330
1552
1313
1467
1250
1417
1193
1417
1155
1263
1125
1154
1112
1139
1208
1053
1260
1478
1338
1538
1333
1517
1307
1483
1243
1324
1200
1281
1193
1223
1144
1014
1208
1048
1293
1053
1246
1112
1326
1532
1296
1509
1247
1469
1201
1268
1184
1150
1225
1097
1274
929
1332
877
1308
950
1328
905
1243
1325
1271
1343
1225
1298
1204
1228
1204
1001
1227
1042
1253
1055
1214
936
1208
1013
1174
994
1122
953
1163
1375
1202
1336
1265
1278
1341
1129
1350
1194
1393
1265
1388
1143
1328
1189
1294
1214
1241
1197
1207
1542
1339
1533
1379
1507
1400
1516
1379
1373
1331
1383
1286
1368
1196
1235
1173
1176
1173
1097
1254
1097
1356
1516
1406
1548
1404
1585
1383
1459
1307
1444
1258
1435
1241
1217
1211
1098
1233
1038
1328
954
1356
1379
1417
1436
1390
1436
1348
1402
1282
1227
1276
1193
1268
1145
1309
914
1290
978
1325
974
1262
970
1289
1449
1264
1447
1211
1407
1187
1210
1180
1085
1229
1039
1284
830
1242
908
1267
931
1250
926
1232
1294
1281
1310
1280
1245
1291
1173
1305
1005
1327
1048
1327
1125
1251
1033
1237
1083
1216
1126
1117
1084
1198
1519
1227
1467
1275
1426
1308
1371
1303
1349
1261
1400
1258
1275
1140
1214
1115
1262
1176
1121
1189
1425
1290
1488
1331
1511
1351
1495
1349
1370
1285
1391
1263
1378
1192
1141
1197
1047
1203
1006
1302
946
1330
1373
1390
1416
1338
1385
1311
1321
1220
1234
1176
1162
1153
976
1122
857
1192
820
1195
873
1192
1202
1260
1344
1237
1360
1209
1352
1190
1129
1192
1077
1231
1022
1255
794
1265
806
1269
911
1287
970
1256
1393
1223
1388
1176
1299
1178
1147
1198
931
1284
923
1365
888
1342
946
1417
1081
1380
1260
1338
1405
1379
1789
1355
1711
1386
1602
1426
1409
1432
1406
1506
1485
1530
1465
1453
1605
1448
1643
1339
1642
1265
1910
1286
1736
1280
1552
1312
1394
1354
1185
1423
1179
1484
1177
1492
1113
1446
1186
1319
1197
1251
1084
1224
1408
1151
1287
1142
1177
1220
1011
1247
1063
1329
1176
1418
1124
1384
1136
1375
1114
1235
1122
1156
1471
1106
1434
1052
1379
1080
1376
1127
1258
1235
1351
1330
1425
1320
1374
1290
1381
1189
1330
1011
1293
942
1554
873
1422
884
1310
994
1096
1155
1074
1347
1150
1485
1027
1416
1146
1341
1161
1209
1099
1053
1397
981
1309
956
1144
1056
1017
1217
832
1409
922
1558
1060
1614
1045
1522
1160
1394
1135
1183
1045
1097
1333
1120
1144
1186
997
1311
868
1449
874
1596
1031
1660
1084
1604
1237
1436
1261
1269
1204
1075
1293
1096
1304
1096
1199
1176
1147
1309
1085
1444
1272
1550
1498
1537
1492
1499
1542
1327
1421
1111
1296
988
1508
977
1360
991
1280
1098
1318
1215
1337
1354
1544
1438
1627
1435
1576
1392
1493
1196
1394
1125
1133
1082
1366
1081
1239
1167
1213
1334
1161
1477
1289
1607
1453
1632
1381
1528
1445
1389
1340
1177
1179
989
1372
1051
1252
1104
1146
1249
1144
1420
1086
1571
1277
1618
1468
1525
1420
1437
1454
1277
1311
1065
1095
1034
1379
1087
1204
1199
1119
1367
1060
1480
1114
1573
1287
1570
1313
1463
1387
1309
1325
1111
1255
1026
1384
1107
1335
1177
1234
1300
1206
1429
1133
1488
1305
1510
1510
1431
1535
1248
1524
1104
1512
1021
1342
946
1540
1015
1356
1090
1218
1222
1170
1329
1110
1416
1247
1455
1330
1372
1275
1309
1223
1167
1093
1091
972
1100
1158
1110
1001
1185
922
1297
793
1376
899
1454
1055
1483
1090
1458
1099
1303
1169
1225
968
1153
1231
1174
1143
1228
1087
1311
1005
1420
921
1515
1083
1557
1286
1519
1301
1423
1369
1285
1336
1124
1205
1055
1495
1132
1337
1217
1254
1338
1197
1427
1265
1494
1496
1513
1574
1419
1727
1259
1762
1173
1624
1015
1625
1067
1631
1090
1438
1168
1351
1251
1278
1324
1415
1387
1676
1356
1729
1262
1739
1270
1599
1137
1388
1080
1504
1154
1287
1210
1133
1289
1125
1351
1124
1397
1356
1415
1543
1289
1474
1212
1353
1106
1135
1018
873
1024
1026
1066
861
1149
841
1249
842
1330
1022
1411
1218
1435
1213
1369
1265
1239
1116
1204
824
1105
947
1131
868
1199
782
1277
834
1361
839
1422
1065
1447
1302
1405
1207
1356
1233
1218
1072
1112
917
1068
1178
1217
1058
1271
1007
1376
1073
1426
1133
1463
1388
1438
1586
1433
1571
1287
1463
1152
1335
1121
1087
1168
1300
1215
1126
1314
1074
1449
1031
1490
1234
1545
1529
1532
1580
1465
1691
1302
1538
1175
1319
1100
1371
1172
1179
1198
1032
1270
1044
1336
1094
1378
1418
1387
1733
1309
1777
1200
1698
1081
1562
1040
1207
961
1258
1121
1013
1215
952
1320
1013
1377
1162
1442
1489
1410
1741
1329
1658
1231
1498
1048
1268
1031
897
1068
1048
1146
916
1245
980
1356
1066
1408
1412
1446
1750
1407
1743
1303
1714
1168
1406
1033
1114
996
1084
1138
898
1225
802
1333
892
1412
1020
1448
1342
1462
1590
1417
1548
1258
1386
1194
1166
1165
802
1148
907
1273
768
1352
802
1423
988
1448
1192
1455
1544
1408
1778
1281
1647
1132
1411
1040
1062
1015
732
1051
904
1155
837
1255
954
1342
1117
1373
1511
1385
1801
1314
1780
1202
1653
1123
1324
991
1022
985
990
1109
890
1202
923
1286
1135
1340
1323
1361
1649
1340
1846
1305
1610
1208
1374
1069
1042
1057
638
1083
850
1267
774
1374
942
1466
1219
1499
1430
1443
1703
1439
1789
1307
1504
1232
1146
1119
802
1111
460
1197
756
1314
794
1413
1000
1508
1227
1507
1531
1494
1756
1424
1620
1333
1353
1228
1036
1123
717
1165
623
1268
851
1358
982
1426
1253
1467
1427
1438
1737
1397
1880
1299
1694
1152
1403
1057
1129
1045
794
1035
1030
1195
1063
1284
1229
1365
1502
1384
1677
1360
1930
1288
2003
1176
1662
1020
1394
955
1118
1016
831
1065
1075
1230
1134
1347
1348
1424
1562
1445
1747
1420
1884
1338
1842
1212
1489
1071
1140
1012
781
1048
588
1196
913
1300
1017
1376
1206
1454
1302
1424
1488
1373
1554
1265
1285
1178
1028
1079
705
1076
457
1130
665
1328
751
1407
898
1484
1121
1498
1199
1440
1321
1356
1357
1266
1113
1103
914
1099
643
1061
497
1185
832
1303
941
1396
1151
1444
1391
1459
1522
1424
1697
1351
1770
1208
1545
1174
1299
1114
1032
1126
802
1232
1150
1299
1210
1366
1411
1410
1564
1380
1780
1337
1931
1249
1863
1152
1554
1047
1320
1032
967
1014
772
1180
1145
1310
1288
1384
1540
1442
1658
1414
1864
1379
1908
1236
1601
1143
1252
1047
903
1103
532
1152
775
1289
879
1404
1077
1501
1398
1523
1498
1479
1665
1393
1628
1279
1210
1121
868
1095
602
1117
386
1143
756
1318
925
1408
1221
1460
1475
1437
1579
1383
1668
1293
1596
1182
1153
1056
838
1040
593
1130
460
1257
908
1338
1151
1413
1398
1469
1603
1454
1758
1403
1832
1311
1702
1208
1292
1097
906
1033
673
1107
542
1213
1048
1315
1264
1394
1573
1489
1732
1467
1908
1415
1896
1308
1492
1155
1133
1129
769
1062
534
1129
807
1289
1071
1431
1333
1532
1708
1585
1834
1536
1919
1428
1795
1274
1308
1086
906
1009
582
1033
413
1148
910
1315
1171
1436
1529
1532
1832
1513
1863
1407
1823
1263
1578
1093
1005
1013
666
932
394
963
369
1105
1014
1344
1320
1477
1678
1593
1918
1517
1886
1419
1828
1278
1532
1104
987
1005
700
1016
537
1113
638
1279
1204
1427
1507
1527
1802
1567
1867
1487
1907
1372
1787
1231
1467
1063
943
1008
677
1061
530
1075
620
1296
1220
1439
1563
1532
1871
1529
1912
1423
1882
1284
1664
1146
1146
1010
755
914
440
926
406
1002
890
1238
1280
1408
1688
1495
1981
1478
1957
1352
1759
1199
1457
1039
901
940
476
916
343
977
427
1078
1090
1381
1505
1486
1846
1573
2042
1504
1835
1356
1556
1180
1129
1026
557
958
356
1020
294
1107
492
1281
1229
1549
1609
1660
1878
1671
1919
1538
1630
1376
1305
1214
943
1071
470
1012
308
1068
373
1226
630
1458
1378
1572
1693
1646
1899
1594
1848
1448
1600
1283
1313
1139
984
989
590
1024
427
1060
506
1250
792
1445
1548
1537
1895
1576
2086
1520
1966
1352
1709
1200
1390
1076
978
905
630
953
538
1015
694
1195
1207
1398
1817
1509
2130
1538
2258
1459
1987
1296
1662
1160
1267
998
767
937
553
923
593
1078
776
1253
1537
1475
1941
1585
2174
1581
2171
1462
1784
1277
1398
1118
1022
1009
608
917
489
1010
638
1207
836
1384
1576
1594
1891
1650
1997
1575
1912
1410
1515
1232
1183
1087
890
1002
564
961
515
1079
589
1246
843
1444
1552
1619
1776
1628
1863
1542
1771
1358
1353
1201
1042
1083
744
1031
396
982
394
1140
485
1256
835
1472
1602
1568
1888
1561
2008
1479
1885
1303
1437
1168
1052
1031
715
975
407
1047
424
1176
635
1295
1036
1550
1918
1601
2193
1582
2202
1461
1896
1257
1395
1079
940
979
641
899
364
960
584
1114
904
1310
1324
1536
2145
1606
2294
1558
2100
1404
1599
1206
1090
1047
736
963
524
954
447
1068
681
1191
1116
1402
1519
1576
2069
1572
2056
1488
1824
1328
1338
1127
979
1007
745
954
580
962
620
1068
863
1316
1134
1441
1704
1618
1989
1611
1952
1509
1762
1355
1308
1171
976
1023
768
1018
570
1057
606
1124
825
1341
1101
1467
1787
1600
1944
1596
1969
1490
1729
1352
1220
1158
872
1024
634
972
410
1030
572
1111
848
1251
1301
1411
1984
1584
2116
1544
1991
1411
1635
1234
1033
1030
689
914
515
894
445
892
706
1105
1138
1347
1495
1536
2144
1634
2099
1557
1834
1395
1408
1204
875
1021
636
931
628
953
615
1090
997
1330
1399
1509
1717
1605
2156
1700
1969
1588
1669
1416
1306
1215
828
1059
691
1006
731
1068
752
1200
1112
1312
1435
1490
1609
1602
2101
1629
1933
1496
1662
1329
1304
1154
865
1020
708
985
714
1043
726
1138
997
1375
1321
1515
1589
1629
2007
1606
1849
1491
1538
1310
1109
1084
650
929
494
881
559
943
677
1056
1028
1235
1478
1462
1710
1562
2084
1520
1811
1394
1362
1195
929
983
486
866
445
866
639
987
855
1123
1273
1360
1669
1558
1795
1634
1873
1539
1598
1362
1179
1155
824
981
520
882
605
933
880
1084
1132
1299
1513
1485
1710
1549
1661
1624
1792
1526
1514
1337
1176
1151
915
999
680
951
781
1014
1018
1170
1186
1328
1412
1486
1637
1618
1613
1652
1702
1535
1471
1366
1148
1186
902
1008
651
939
734
983
957
1067
1100
1280
1435
1476
1559
1528
1562
1619
1624
1500
1311
1326
941
1109
661
955
481
900
619
971
959
1127
1247
1418
1565
1562
1717
1633
1565
1641
1557
1446
1213
1236
876
1012
722
865
671
855
984
976
1421
1226
1653
1411
1837
1569
1831
1669
1721
1625
1443
1441
1120
1218
899
1032
865
926
924
957
1253
1127
1620
1279
1694
1538
1790
1666
1627
1642
1382
1589
1301
1398
1092
1199
983
1034
1008
947
1042
984
1305
1125
1552
1321
1574
1509
1616
1602
1471
1585
1487
1536
1256
1351
1083
1070
934
964
910
867
894
896
1125
1076
1391
1286
1460
1484
1540
1629
1387
1584
1366
1504
1109
1305
813
1065
755
897
789
836
851
890
1186
1085
1512
1284
1549
1551
1584
1661
1335
1551
1284
1441
916
1192
751
984
708
856
874
833
1051
941
1413
1167
1681
1400
1594
1574
1482
1632
1150
1500
1084
1367
855
1156
848
1003
950
870
1195
931
1373
1037
1633
1256
1792
1419
1611
1643
1444
1693
1139
1563
1141
1450
976
1259
1029
1064
1139
970
1347
978
1443
1066
1645
1250
1763
1485
1597
1651
1471
1708
1209
1566
1272
1449
1097
1234
1082
1018
1203
903
1375
908
1463
1036
1664
1302
1790
1481
1571
1666
1401
1698
1111
1569
1044
1329
829
1090
825
903
996
811
1237
872
1360
1066
1575
1313
1638
1519
1360
1631
1075
1657
776
1523
729
1237
627
1031
826
888
1104
855
1441
966
1594
1149
1675
1414
1631
1612
1211
1704
979
1671
653
1437
745
1245
832
1073
1121
942
1413
915
1679
1005
1722
1176
1650
1409
1532
1600
1146
1665
955
1603
840
1473
1007
1241
1001
1029
1312
913
1515
883
1692
973
1724
1145
1595
1412
1496
1633
1239
1718
1050
1614
917
1463
996
1184
1071
958
1257
821
1475
817
1637
957
1742
1196
1627
1481
1557
1704
1222
1723
975
1623
804
1431
848
1161
911
952
1171
864
1427
951
1661
1103
1753
1354
1565
1599
1374
1783
997
1704
745
1543
610
1333
553
1122
936
926
1293
876
1628
945
1792
1111
1783
1337
1511
1553
1298
1670
926
1606
791
1489
786
1297
855
1086
1237
924
1571
878
1749
928
1784
1089
1692
1297
1404
1535
1232
1674
1080
1677
947
1534
916
1303
989
1065
1265
916
1493
845
1556
923
1668
1106
1595
1357
1318
1581
1244
1732
1131
1723
844
1485
807
1239
771
1005
892
850
1224
811
1457
923
1535
1158
1543
1434
1382
1629
1160
1732
1009
1651
686
1393
670
1156
844
992
1099
848
1424
868
1636
1021
1703
1235
1617
1481
1433
1635
1121
1695
956
1607
740
1401
837
1163
999
1022
1315
900
1532
922
1695
1048
1675
1230
1509
1441
1313
1593
1047
1654
995
1606
895
1458
958
1208
1141
1057
1421
922
1445
924
1541
1029
1512
1246
1429
1486
1321
1655
1146
1723
1117
1672
1000
1410
1031
1228
1084
976
1220
886
1346
897
1575
1057
1615
1261
1553
1510
1462
1675
1266
1697
1137
1591
1055
1304
972
1118
1044
876
1272
865
1543
923
1589
1076
1617
1315
1534
1509
1370
1628
1143
1609
978
1495
973
1307
938
1095
1101
913
1231
869
1455
953
1522
1085
1472
1250
1332
1447
1191
1555
1060
1545
963
1463
1086
1289
1149
1097
1288
1006
1349
948
1439
981
1419
1094
1315
1284
1256
1469
1190
1611
1177
1626
1186
1560
1185
1402
1179
1167
1224
997
1210
908
1247
944
1214
1082
1230
1300
1220
1522
1218
1662
1174
1686
1100
1540
1086
1341
1007
1133
1095
956
1099
893
1110
954
1192
1130
1217
1333
1250
1544
1128
1622
1133
1591
1106
1442
1077
1253
1188
1052
1238
935
1229
921
1265
1002
1334
1140
1326
1303
1242
1445
1189
1512
1194
1490
1242
1387
1308
1243
1477
1121
1433
1009
1470
1017
1411
1012
1270
1154
1188
1300
1157
1445
1170
1543
1252
1544
1350
1466
1455
1311
1525
1165
1438
1022
1356
948
1281
1016
1129
1141
1083
1298
1132
1457
1221
1552
1313
1563
1404
1465
1452
1315
1394
1159
1280
1052
1237
982
1147
1069
1098
1189
1106
1321
1171
1446
1189
1484
1238
1454
1273
1375
1252
1238
1269
1122
1317
1017
1256
1060
1165
1104
1028
1214
989
1322
952
1399
982
1432
1031
1452
1181
1370
1257
1304
1331
1212
1373
1175
1318
1117
1180
1145
1066
1218
967
1252
909
1312
966
1388
1195
1405
1350
1384
1496
1363
1515
1273
1483
1197
1278
1121
1198
1113
1060
1127
968
1220
1048
1288
1176
1362
1313
1412
1460
1397
1519
1338
1493
1257
1396
1164
1326
1086
1266
1105
1138
1144
1126
1230
1147
1272
1166
1356
1232
1370
1341
1352
1412
1305
1461
1221
1446
1172
1467
1142
1344
1149
1241
1227
1098
1217
1058
1262
1022
1308
1091
1352
1213
1364
1384
1361
1491
1332
1538
1292
1482
1249
1280
1197
1107
1178
881
1180
806
1184
837
1275
931
1353
1215
1389
1424
1406
1555
1376
1593
1316
1446
1227
1246
1168
1029
1131
871
1160
814
1218
924
1271
1113
1332
1281
1347
1465
1327
1540
1282
1525
1192
1387
1159
1244
1118
1083
1138
981
1164
963
1225
1165
1223
1215
1294
1307
1306
1458
1295
1552
1270
1580
1233
1535
1209
1434
1193
1275
1175
1115
1150
1094
1174
885
1194
1035
1221
1226
1263
1406
1316
1591
1352
1687
1380
1620
1371
1466
1316
1345
1270
965
1239
815
1212
796
1218
940
1273
1179
1341
1440
1398
1622
1434
1640
1412
1499
1385
1269
1293
1032
1229
834
1207
730
1212
758
1267
990
1314
1186
1365
1404
1405
1522
1396
1547
1358
1437
1301
1281
1252
1157
1208
1035
1190
947
1206
956
1215
1078
1234
1306
1270
1368
1286
1525
1306
1599
1315
1605
1321
1483
1316
1352
1275
1141
1250
1053
1202
1010
1165
1158
1136
1286
1181
1469
1228
1661
1285
1775
1323
1790
1353
1601
1338
1361
1275
1102
1202
876
1156
866
1126
925
1137
1182
1191
1416
1277
1585
1330
1692
1368
1612
1370
1392
1330
1115
1271
904
1228
754
1218
747
1229
916
1259
1171
1313
1395
1356
1555
1388
1540
1379
1426
1404
1242
1375
1046
1361
907
1324
830
1299
870
1272
1013
1204
1138
1167
1305
1163
1423
1194
1496
1219
1469
1263
1376
1309
1256
1337
1153
1303
1061
1251
1006
1204
1063
1105
1211
1052
1411
1054
1704
1129
1710
1215
1746
1306
1609
1383
1397
1380
1129
1335
941
1248
887
1150
966
1079
1198
1052
1432
1078
1644
1189
1773
1302
1687
1368
1486
1430
1177
1441
960
1379
847
1289
865
1196
1086
1165
1303
1126
1572
1167
1697
1242
1715
1334
1525
1423
1268
1485
1003
1514
814
1491
798
1400
886
1331
1078
1236
1343
1171
1517
1137
1646
1213
1554
1284
1413
1375
1207
1479
1034
1565
908
1533
928
1410
1063
1279
1262
1140
1483
1047
1648
1044
1747
1117
1732
1223
1552
1372
1328
1475
1198
1504
1079
1453
1013
1331
1109
1178
1301
1079
1529
1010
1731
1033
1836
1107
1732
1223
1672
1355
1286
1438
1051
1461
840
1419
803
1305
941
1216
1153
1126
1439
1071
1648
1093
1656
1123
1531
1205
1218
1318
961
1394
694
1455
621
1433
697
1380
857
1285
1170
1189
1417
1117
1581
1075
1594
1085
1406
1140
1128
1245
909
1355
789
1448
782
1467
898
1419
1104
1311
1232
1226
1527
1103
1669
1058
1653
1086
1532
1165
1348
1281
1188
1380
1049
1507
969
1512
981
1444
1127
1319
1281
1212
1453
1126
1584
1094
1636
1133
1591
1140
1498
1314
1262
1410
1088
1469
961
1473
863
1421
1012
1328
1204
1232
1427
1154
1603
1105
1678
1131
1643
1148
1503
1205
1312
1262
1118
1330
1061
1404
1007
1386
1019
1336
1174
1261
1369
1178
1513
1121
1557
1088
1521
1100
1382
1157
1219
1225
1141
1307
997
1391
973
1420
1005
1380
1099
1288
1198
1202
1289
1129
1359
1105
1369
1142
1325
1205
1265
1293
1210
1381
1133
1447
1056
1445
994
1392
981
1306
1023
1223
1112
1152
1240
1120
1351
1132
1451
1162
1473
1228
1479
1288
1347
1336
1191
1362
1065
1357
1022
1319
999
1273
1144
1231
1273
1199
1438
1159
1563
1174
1554
1203
1533
1260
1428
1320
1277
1376
1140
1400
1051
1375
978
1353
1041
1302
1129
1214
1271
1161
1376
1154
1446
1191
1479
1240
1461
1313
1303
1386
1171
1396
978
1401
788
1363
760
1267
790
1186
977
1122
1204
1114
1405
1131
1608
1178
1663
1268
1542
1305
1319
1330
1046
1316
808
1281
693
1241
748
1186
949
1139
1267
1119
1541
1138
1746
1169
1754
1220
1595
1282
1333
1342
1038
1357
738
1387
658
1386
718
1327
958
1290
1232
1234
1574
1228
1700
1226
1817
1226
1725
1295
1449
1369
1124
1424
902
1433
736
1422
768
1347
939
1251
1206
1150
1542
1122
1734
1127
1830
1165
1785
1228
1581
1319
1281
1400
949
1392
747
1360
711
1284
934
1200
1055
1133
1384
1077
1591
1069
1775
1111
1771
1157
1581
1228
1287
1297
925
1335
768
1352
575
1306
672
1266
926
1217
1202
1184
1494
1176
1614
1177
1620
1220
1456
1280
1202
1339
889
1396
724
1416
661
1417
788
1375
941
1313
1183
1250
1369
1193
1468
1188
1498
1222
1376
1268
1301
1316
1156
1355
1028
1361
965
1386
1002
1322
1056
1251
1180
1171
1293
1157
1362
1115
1484
1130
1521
1173
1495
1192
1414
1273
1319
1299
1189
1336
1123
1302
1108
1267
1062
1254
1171
1209
1257
1196
1374
1208
1464
1204
1504
1233
1473
1266
1412
1298
1320
1315
1162
1353
1131
1356
1062
1333
1082
1308
1116
1277
1186
1237
1291
1204
1372
1216
1423
1236
1430
1258
1418
1293
1319
1350
1173
1378
988
1360
871
1324
877
1269
882
1223
1037
1173
1214
1155
1438
1187
1527
1218
1606
1243
1508
1288
1303
1306
1035
1326
850
1305
667
1279
773
1235
990
1200
1205
1176
1571
1181
1775
1190
1829
1224
1676
1250
1403
1332
1087
1385
824
1390
701
1394
791
1355
1026
1289
1337
1208
1686
1165
1869
1154
1937
1139
1757
1198
1479
1268
1134
1362
818
1404
636
1431
678
1391
840
1322
1128
1227
1457
1153
1748
1103
1821
1092
1725
1130
1492
1206
1028
1316
750
1369
544
1406
497
1388
632
1316
959
1213
1342
1106
1653
1024
1813
1007
1736
1020
1447
1131
1121
1241
781
1366
558
1460
536
1485
684
1458
1005
1363
1377
1237
1659
1126
1849
1032
1777
1032
1551
1090
1216
1219
861
1374
705
1485
700
1557
823
1565
1076
1426
1381
1278
1681
1101
1813
987
1794
945
1620
1027
1370
1180
1060
1351
847
1511
790
1605
872
1582
1055
1480
1306
1322
1552
1155
1725
1040
1740
1034
1682
1069
1442
1196
1134
1365
914
1514
895
1600
814
1617
946
1544
1188
1350
1455
1246
1646
1111
1743
1043
1675
1045
1458
1122
1196
1255
962
1383
819
1491
834
1549
957
1487
1172
1380
1400
1240
1536
1097
1607
999
1534
961
1386
995
1145
1104
931
1249
787
1365
798
1435
859
1459
1048
1394
1231
1283
1368
1192
1469
1049
1417
974
1365
1005
1270
1092
1116
1205
1025
1340
985
1453
999
1489
1106
1475
1262
1381
1321
1327
1429
1216
1521
1148
1545
1137
1442
1175
1333
1251
1236
1335
1141
1429
1083
1484
1077
1506
1167
1479
1242
1408
1338
1310
1409
1183
1434
1178
1359
1131
1355
1142
1263
1202
1167
1280
1136
1359
1056
1408
1037
1445
1057
1416
1118
1335
1214
1242
1306
1146
1379
1088
1413
1068
1439
1069
1442
1157
1303
1257
1147
1341
1011
1388
940
1399
937
1353
1028
1273
1191
1179
1387
1150
1537
1073
1611
1076
1586
1121
1421
1213
1202
1301
993
1391
835
1450
811
1447
826
1426
1107
1335
1391
1257
1612
1180
1719
1142
1697
1145
1546
1196
1288
1275
1016
1369
828
1440
791
1464
798
1450
1003
1385
1250
1289
1502
1201
1642
1110
1672
1097
1595
1127
1388
1192
1121
1275
895
1341
730
1420
691
1435
830
1398
1106
1326
1415
1240
1639
1154
1760
1086
1694
1083
1539
1122
1219
1181
966
1282
706
1373
634
1425
709
1437
961
1380
1273
1298
1567
1181
1730
1100
1750
1060
1618
1043
1377
1101
1098
1192
866
1314
777
1407
827
1462
984
1465
1246
1399
1427
1314
1634
1189
1678
1119
1632
1097
1467
1133
1243
1217
1060
1344
906
1434
861
1493
956
1489
1067
1458
1278
1344
1474
1224
1600
1119
1652
1083
1583
1065
1451
1149
1260
1246
1096
1346
1070
1427
914
1460
990
1437
1133
1361
1292
1270
1450
1176
1560
1093
1536
1067
1429
1097
1305
1164
1172
1264
991
1347
934
1409
928
1417
1026
1384
1107
1306
1249
1216
1341
1133
1391
1078
1388
1097
1327
1139
1260
1214
1172
1309
1086
1349
1040
1427
996
1432
1014
1396
1102
1328
1166
1254
1322
1184
1389
1152
1459
1160
1466
1213
1393
1273
1262
1352
1156
1395
1058
1401
991
1415
1033
1361
1048
1272
1228
1201
1354
1150
1451
1116
1526
1124
1458
1168
1334
1242
1205
1307
1072
1359
1022
1388
917
1374
991
1324
1122
1269
1269
1206
1367
1163
1470
1138
1490
1169
1392
1209
1258
1278
1206
1341
1047
1392
952
1423
1004
1402
1096
1375
1219
1320
1383
1254
1520
1206
1536
1178
1493
1180
1425
1209
1254
1242
1107
1301
1012
1350
1001
1371
1074
1368
1239
1333
1348
1297
1514
1175
1536
1131
1508
1087
1347
1089
1119
1099
1008
1193
889
1285
918
1358
1081
1362
1151
1417
1286
1336
1367
1238
1412
1133
1375
1058
1266
1026
1139
1047
1021
1125
977
1247
994
1340
1054
1421
1177
1464
1284
1432
1372
1360
1401
1251
1376
1164
1317
1093
1232
1084
1243
1144
1069
1238
1090
1359
1144
1444
1192
1532
1294
1536
1334
1459
1378
1359
1376
1239
1292
1144
1282
1082
1173
1082
1166
1174
1094
1303
1130
1413
1174
1511
1247
1537
1303
1488
1344
1368
1348
1239
1309
1122
1266
1037
1236
1035
1169
1108
1160
1217
1167
1336
1206
1430
1220
1473
1175
1442
1232
1345
1205
1247
1213
1109
1214
1053
1279
1027
1302
1083
1325
1158
1308
1279
1232
1357
1208
1415
1124
1408
1077
1359
1055
1277
1109
1184
1210
1123
1348
1082
1403
1109
1521
1174
1461
1256
1378
1323
1236
1373
1097
1383
997
1358
939
1282
1002
1220
1110
1168
1205
1169
1431
1159
1531
1196
1548
1258
1472
1308
1282
1360
1063
1368
928
1341
816
1310
681
1275
937
1239
1134
1230
1355
1260
1531
1304
1643
1317
1632
1342
1451
1387
1218
1333
912
1306
798
1269
721
1263
841
1245
1063
1271
1351
1295
1616
1323
1768
1318
1796
1293
1639
1254
1406
1229
1090
1196
862
1183
757
1196
804
1226
1021
1270
1266
1298
1535
1316
1724
1304
1728
1274
1669
1206
1434
1175
1155
1114
918
1156
732
1188
755
1236
890
1293
1089
1338
1275
1368
1526
1352
1641
1326
1590
1271
1454
1194
1246
1185
1014
1181
850
1210
812
1261
800
1329
1004
1364
1182
1405
1442
1402
1509
1357
1534
1280
1442
1217
1314
1163
1141
1149
1062
1191
957
1267
897
1327
1031
1393
1204
1424
1353
1409
1472
1353
1508
1284
1448
1186
1345
1125
1185
1100
1090
1118
1088
1193
1086
1274
1177
1352
1254
1364
1375
1364
1438
1309
1433
1243
1372
1154
1366
1118
1276
1109
1192
1134
1192
1192
1192
1242
1236
1345
1297
1357
1366
1383
1394
1361
1368
1293
1305
1233
1281
1174
1205
1150
1154
1146
1113
1174
1127
1244
1147
1308
1227
1368
1284
1399
1302
1376
1228
1339
1281
1265
1176
1207
1062
1165
995
1159
966
1187
974
1255
1056
1320
1143
1411
1348
1400
1277
1377
1323
1316
1271
1242
1195
1186
1136
1136
1069
1143
1067
1164
1213
1173
1214
1319
1248
1344
1318
1361
1386
1358
1432
1321
1422
1260
1400
1227
1336
1200
1279
1218
1340
1215
1215
1261
1184
1311
1177
1335
1220
1354
1213
1351
1359
1341
1405
1299
1460
1259
1462
1243
1424
1212
1302
1236
1178
1259
1096
1285
1034
1339
1043
1356
1113
1361
1214
1325
1340
1271
1464
1218
1474
1178
1416
1167
1276
1180
1172
1215
1048
1263
988
1292
958
1307
1015
1284
1162
1259
1214
1219
1331
1155
1420
1153
1388
1150
1326
1174
1254
1221
1161
1281
1070
1326
998
1327
918
1330
1020
1279
1130
1237
1247
1202
1376
1226
1406
1221
1490
1256
1431
1298
1313
1352
1218
1369
1062
1361
974
1359
983
1332
1083
1291
1177
1276
1363
1241
1492
1267
1517
1301
1459
1324
1393
1363
1261
1381
1112
1390
1033
1330
1027
1314
1104
1259
1182
1214
1296
1177
1384
1180
1439
1203
1472
1241
1401
1274
1320
1301
1216
1288
1132
1275
1051
1228
1093
1175
1185
1123
1170
1109
1306
1150
1404
1210
1455
1266
1491
1309
1434
1346
1340
1326
1231
1286
1152
1208
1074
1178
1144
1148
1188
1159
1273
1200
1382
1261
1415
1316
1439
1349
1357
1362
1293
1339
1182
1287
1117
1257
1132
1199
1070
1175
1127
1185
1189
1217
1255
1266
1267
1334
1250
1365
1164
1386
1151
1368
1098
1329
1140
1273
1142
1223
1210
1194
1241
1181
1241
1203
1267
1270
1246
1332
1208
1391
1171
1414
1160
1395
1220
1356
1214
1270
1270
1217
1312
1144
1337
1162
1325
1186
1270
1264
1359
1318
1306
1364
1259
1357
1199
1365
1137
1317
1121
1246
1145
1187
1198
1156
1271
1156
1318
1191
1408
1244
1444
1272
1399
1336
1271
1338
1142
1321
969
1289
908
1238
905
1202
1036
1177
1185
1192
1367
1243
1507
1259
1556
1275
1491
1304
1327
1328
1111
1291
925
1265
821
1239
791
1221
906
1216
1078
1221
1282
1248
1477
1257
1630
1288
1645
1292
1560
1282
1381
1272
1165
1263
1024
1231
897
1214
941
1216
1042
1243
1190
1261
1461
1299
1663
1300
1822
1313
1863
1288
1747
1277
1505
1232
1251
1206
1036
1211
917
1247
901
1293
1032
1351
1256
1399
1517
1418
1731
1388
1735
1358
1678
1294
1466
1239
1227
1219
971
1230
793
1269
704
1322
792
1373
949
1399
1144
1381
1359
1333
1418
1278
1424
1195
1321
1137
1211
1108
1049
1128
932
1171
857
1277
874
1310
945
1349
1117
1347
1207
1317
1301
1255
1385
1198
1398
1161
1409
1143
1360
1144
1251
1200
1110
1270
1069
1335
1051
1385
1182
1395
1238
1387
1330
1329
1399
1273
1463
1212
1447
1192
1356
1193
1278
1222
1217
1284
1202
1335
1237
1383
1262
1395
1342
1379
1319
1329
1376
1267
1360
1204
1338
1171
1261
1170
1215
1194
1242
1236
1302
1312
1341
1361
1388
1324
1311
1342
1309
1276
1247
1234
1241
1186
1209
1186
1227
1204
1254
1208
1293
1251
1347
1284
1292
1291
1344
1276
1215
1261
1135
1235
1100
1223
1113
1203
1133
1225
1188
1243
1241
1268
1313
1281
1368
1298
1289
1288
1282
1273
1181
1210
1115
1246
1043
1245
1057
1249
1140
1276
1187
1295
1290
1329
1326
1335
1435
1348
1437
1336
1397
1280
1325
1258
1165
1232
1069
1215
1001
1222
980
1203
1037
1287
1134
1319
1344
1342
1487
1355
1598
1336
1572
1303
1494
1251
1265
1220
1026
1233
899
1221
738
1213
823
1260
1025
1299
1266
1324
1539
1345
1724
1344
1761
1306
1680
1266
1484
1214
1208
1244
913
1222
803
1230
840
1267
944
1278
1178
1324
1428
1323
1641
1326
1725
1311
1788
1261
1547
1293
1324
1252
1076
1253
949
1228
815
1274
802
1281
948
1279
1168
1287
1391
1284
1521
1284
1640
1279
1660
1250
1541
1248
1317
1255
1106
1282
919
1278
818
1280
853
1287
1000
1264
1241
1274
1486
1261
1607
1238
1640
1215
1592
1223
1434
1232
1194
1243
1054
1271
890
1312
906
1313
925
1301
1124
1283
1236
1239
1393
1208
1433
1197
1436
1208
1366
1220
1279
1250
1214
1280
1110
1319
1045
1325
1028
1315
1057
1299
1106
1260
1180
1223
1237
1197
1307
1201
1251
1241
1324
1236
1330
1269
1262
1302
1210
1329
1137
1329
1112
1329
1144
1308
1214
1274
1266
1231
1231
1242
1321
1226
1359
1228
1334
1243
1262
1278
1241
1306
1204
1315
1220
1313
1250
1313
1323
1285
1295
1249
1270
1221
1291
1213
1235
1217
1193
1229
1164
1256
1211
1287
1225
1301
1281
1313
1309
1346
1280
1311
1346
1272
1294
1240
1253
1228
1200
1230
1196
1227
1136
1265
1150
1284
1156
1307
1209
1321
1250
1322
1285
1314
1334
1300
1308
1254
1362
1263
1327
1272
1247
1275
1232
1275
1112
1283
1113
1280
1125
1274
1141
1251
1214
1252
1285
1210
1377
1226
1415
1231
1455
1231
1415
1239
1301
1242
1247
1252
1139
1252
1124
1256
1068
1242
1106
1245
1156
1228
1225
1225
1276
1228
1352
1254
1332
1301
1363
1292
1310
1304
1283
1338
1195
1338
1144
1314
1092
1289
1040
1255
1037
1249
1160
1228
1142
1287
1273
1319
1440
1346
1502
1364
1513
1369
1549
1353
1445
1308
1303
1275
1188
1252
1027
1247
1050
1247
1126
1279
1238
1308
1367
1342
1537
1342
1613
1346
1620
1347
1556
1287
1386
1241
1203
1202
1125
1182
979
1169
952
1205
973
1232
1021
1270
1165
1279
1291
1283
1377
1260
1425
1235
1374
1179
1308
1141
1156
1096
1020
1123
903
1170
878
1227
853
1285
969
1315
1125
1345
1264
1319
1402
1272
1425
1194
1396
1170
1277
1141
1189
1155
1080
1204
1038
1278
977
1363
1142
1426
1215
1446
1357
1415
1445
1362
1494
1292
1450
1218
1434
1180
1354
1188
1285
1246
1266
1286
1253
1353
1261
1411
1289
1427
1371
1409
1395
1365
1400
1294
1458
1228
1416
1193
1368
1166
1263
1190
1234
1236
1214
1294
1185
1305
1204
1369
1242
1381
1278
1329
1315
1298
1266
1242
1281
1197
1220
1166
1208
1169
1076
1203
1058
1238
1027
1288
1073
1318
1111
1340
1099
1313
1152
1285
1207
1212
1189
1172
1161
1162
1103
1166
1094
1221
1069
1264
1082
1298
1130
1318
1108
1317
1189
1292
1220
1258
1244
1215
1265
1207
1246
1218
1282
1252
1284
1291
1256
1350
1271
1380
1269
1377
1272
1357
1292
1324
1318
1271
1343
1222
1403
1214
1416
1226
1449
1249
1492
1297
1392
1353
1368
1353
1334
1353
1302
1320
1314
1293
1323
1231
1380
1198
1394
1189
1330
1210
1360
1219
1349
1250
1283
1305
1216
1327
1197
1335
1202
1311
1192
1280
1209
1237
1234
1205
1215
1163
1215
1193
1184
1209
1173
1239
1150
1271
1056
1305
1059
1290
1088
1280
1098
1254
1156
1224
1249
1192
1256
1183
1281
1211
1271
1233
1227
1268
1174
1293
1076
1311
1035
1304
1013
1308
1046
1257
1094
1259
1229
1227
1368
1229
1388
1272
1403
1263
1307
1272
1202
1248
1158
1238
913
1239
956
1235
1001
1232
1111
1231
1268
1244
1408
1257
1555
1252
1547
1284
1464
1291
1276
1283
1131
1284
995
1268
923
1256
972
1251
1082
1263
1307
1278
1530
1292
1648
1301
1680
1310
1604
1258
1455
1287
1213
1277
1034
1229
928
1237
905
1230
1029
1259
1199
1275
1408
1343
1587
1333
1681
1341
1646
1324
1414
1287
1197
1233
964
1212
763
1152
736
1197
825
1231
988
1283
1271
1318
1527
1338
1679
1348
1667
1310
1510
1253
1255
1246
998
1171
762
1160
766
1170
748
1227
991
1278
1241
1341
1520
1379
1702
1379
1718
1353
1607
1307
1408
1259
1134
1212
853
1224
833
1231
857
1251
982
1309
1197
1349
1409
1375
1649
1374
1774
1360
1802
1326
1692
1269
1465
1258
1360
1203
1131
1237
1013
1247
1011
1274
1104
1315
1252
1330
1469
1351
1643
1346
1832
1345
1696
1309
1630
1280
1459
1260
1245
1242
1088
1244
1013
1274
999
1287
1066
1322
1187
1336
1258
1328
1385
1306
1451
1268
1422
1240
1369
1205
1259
1196
1154
1217
1032
1219
983
1225
991
1239
974
1225
1079
1221
1169
1216
1209
1207
1264
1185
1300
1187
1281
1192
1219
1205
1108
1216
1036
1242
931
1265
910
1257
962
1291
1021
1308
1147
1317
1255
1311
1350
1308
1384
1302
1325
1281
1174
1279
1075
1261
977
1291
950
1310
1015
1331
1144
1353
1337
1360
1509
1356
1629
1337
1621
1317
1595
1290
1430
1255
1267
1248
1136
1249
1055
1281
1083
1285
1207
1311
1384
1343
1567
1352
1807
1312
1715
1332
1729
1308
1594
1273
1394
1243
1124
1237
1003
1246
916
1210
938
1247
1087
1266
1282
1293
1520
1298
1646
1306
1701
1296
1591
1259
1349
1221
1094
1189
848
1173
693
1170
683
1193
788
1229
1053
1257
1338
1287
1553
1307
1659
1294
1595
1285
1429
1245
1199
1213
899
1200
796
1218
726
1210
846
1255
1021
1290
1228
1304
1478
1320
1596
1312
1615
1296
1538
1261
1325
1253
1194
1244
1031
1253
948
1270
949
1295
1039
1313
1228
1325
1381
1330
1524
1313
1643
1276
1636
1257
1476
1240
1365
1220
1185
1226
1009
1228
986
1254
983
1282
1082
1295
1206
1303
1321
1293
1410
1285
1505
1263
1496
1243
1402
1231
1298
1218
1156
1214
1062
1230
1025
1244
1057
1273
1121
1289
1157
1316
1254
1313
1307
1280
1319
1301
1332
1264
1229
1242
1230
1219
1192
1204
1117
1202
1046
1221
1058
1219
1049
1270
1089
1288
1181
1307
1282
1311
1338
1304
1303
1308
1354
1251
1340
1227
1264
1218
1158
1216
1075
1230
1058
1274
1123
1306
1249
1351
1371
1377
1416
1403
1542
1370
1526
1359
1401
1315
1315
1279
1196
1260
1088
1249
1068
1273
1100
1321
1133
1349
1275
1383
1470
1385
1537
1368
1523
1324
1468
1277
1369
1240
1198
1171
1065
1193
964
1208
1060
1255
1005
1287
1206
1321
1364
1347
1553
1326
1653
1299
1638
1264
1487
1217
1309
1188
1094
1176
887
1180
795
1219
896
1255
1021
1285
1246
1314
1524
1323
1705
1309
1779
1273
1661
1231
1449
1212
1173
1173
929
1159
771
1196
739
1231
877
1273
1075
1299
1354
1330
1589
1337
1696
1305
1684
1277
1523
1233
1308
1206
1083
1183
915
1198
832
1227
865
1258
997
1303
1169
1344
1359
1358
1508
1343
1575
1316
1542
1275
1415
1243
1258
1226
1091
1222
970
1221
912
1238
955
1262
1065
1295
1220
1318
1356
1324
1453
1306
1500
1299
1443
1281
1311
1272
1186
1242
1064
1251
1018
1238
1071
1252
1125
1261
1224
1315
1315
1338
1397
1346
1413
1352
1352
1342
1308
1317
1239
1317
1200
1275
1226
1256
1215
1247
1240
1261
1278
1273
1284
1297
1305
1309
1334
1308
1337
1291
1312
1285
1314
1243
1292
1222
1289
1213
1246
1211
1235
1231
1222
1246
1210
1264
1224
1287
1246
1305
1270
1315
1275
1309
1293
1284
1283
1267
1243
1248
1198
1227
1128
1214
1175
1199
1177
1246
1192
1324
1226
1317
1235
1349
1241
1352
1257
1336
1254
1292
1242
1252
1195
1216
1172
1177
1143
1175
1121
1203
1090
1244
1043
1288
1099
1335
1128
1345
1186
1348
1262
1306
1323
1260
1342
1211
1310
1169
1251
1151
1228
1161
1091
1188
1059
1220
1068
1217
1137
1296
1208
1301
1345
1271
1450
1250
1464
1211
1419
1183
1318
1162
1204
1178
1084
1213
1041
1233
1038
1277
1063
1315
1169
1331
1254
1345
1308
1283
1331
1279
1298
1251
1232
1234
1151
1239
1097
1254
1032
1293
1085
1319
1152
1351
1163
1403
1225
1342
1249
1306
1298
1263
1282
1230
1259
1201
1222
1224
1171
1259
1133
1301
1146
1342
1190
1378
1250
1384
1308
1334
1374
1299
1408
1248
1369
1196
1324
1187
1222
1205
1143
1236
1095
1276
1121
1309
1223
1347
1306
1359
1405
1319
1462
1245
1460
1250
1376
1219
1280
1199
1158
1199
1062
1210
1027
1243
1066
1261
1169
1311
1299
1323
1398
1311
1472
1282
1430
1247
1392
1220
1288
1195
1184
1163
1116
1188
1069
1220
1097
1261
1145
1292
1251
1313
1309
1319
1406
1290
1437
1269
1410
1275
1380
1224
1285
1209
1231
1233
1165
1263
1148
1287
1154
1307
1189
1327
1251
1307
1317
1278
1338
1249
1337
1212
1284
1212
1217
1218
1137
1247
1078
1266
1074
1305
1087
1315
1149
1317
1191
1299
1254
1287
1284
1270
1264
1250
1199
1255
1130
1247
1086
1278
1066
1293
1105
1301
1171
1300
1231
1297
1279
1294
1286
1281
1270
1280
1222
1279
1167
1277
1135
1295
1117
1285
1167
1299
1187
1305
1237
1299
1259
1303
1256
1278
1233
1279
1175
1269
1169
1261
1149
1264
1175
1261
1211
1269
1239
1302
1276
1283
1282
1278
1275
1251
1250
1221
1205
1200
1171
1191
1145
1198
1162
1211
1179
1239
1229
1278
1292
1292
1349
1290
1382
1277
1395
1239
1368
1210
1304
1183
1208
1170
1134
1187
1066
1214
1084
1240
1164
1288
1256
1310
1388
1322
1480
1294
1528
1292
1483
1284
1387
1248
1241
1261
1023
1267
990
1291
969
1312
1028
1347
1154
1347
1303
1339
1418
1331
1462
1302
1421
1294
1325
1276
1156
1263
1004
1263
892
1280
869
1293
897
1304
1045
1303
1195
1313
1330
1295
1419
1284
1415
1281
1361
1253
1244
1246
1145
1235
1044
1251
996
1264
1041
1277
1146
1290
1270
1234
1411
1263
1511
1248
1545
1233
1508
1232
1415
1223
1283
1255
1178
1262
1113
1281
1097
1304
1170
1291
1255
1287
1403
1262
1506
1246
1553
1227
1515
1259
1401
1259
1288
1289
1130
1306
1044
1316
1016
1309
1023
1276
1146
1265
1250
1244
1329
1231
1380
1238
1347
1264
1278
1288
1183
1301
1096
1293
1058
1290
1012
1261
1047
1228
1073
1199
1128
1188
1147
1207
1207
1214
1218
1245
1220
1244
1211
1275
1204
1284
1203
1271
1204
1262
1207
1272
1214
1234
1217
1231
1222
1234
1246
1246
1251
1243
1275
1271
1279
1286
1313
1297
1320
1299
1363
1300
1373
1284
1411
1249
1399
1237
1376
1238
1329
1226
1262
1232
1221
1260
1186
1289
1183
1309
1214
1343
1266
1327
1326
1301
1393
1272
1399
1260
1368
1248
1283
1243
1193
1280
1107
1293
1053
1300
1043
1318
1071
1317
1150
1307
1228
1290
1315
1266
1376
1261
1359
1252
1312
1250
1243
1261
1173
1283
1099
1283
1081
1273
1091
1258
1121
1251
1160
1242
1204
1241
1249
1225
1279
1233
1276
1228
1278
1217
1233
1216
1199
1223
1134
1225
1141
1217
1119
1235
1111
1240
1131
1241
1156
1231
1234
1239
1261
1220
1324
1240
1347
1261
1339
1294
1310
1310
1280
1326
1253
1336
1231
1332
1193
1312
1210
1292
1234
1289
1270
1266
1306
1261
1354
1267
1405
1283
1409
1314
1406
1296
1428
1303
1342
1283
1258
1278
1193
1267
1162
1270
1135
1275
1196
1265
1274
1259
1346
1248
1409
1255
1414
1248
1390
1261
1300
1280
1193
1296
1079
1310
1001
1316
996
1322
1031
1284
1134
1270
1256
1259
1357
1240
1406
1249
1389
1260
1303
1292
1159
1315
1082
1322
997
1318
954
1342
977
1275
1037
1244
1178
1219
1300
1215
1395
1207
1438
1213
1399
1255
1309
1251
1163
1251
1051
1242
962
1241
916
1233
962
1231
1060
1226
1203
1234
1314
1238
1429
1232
1460
1241
1394
1249
1278
1251
1204
1249
1025
1255
966
1238
948
1193
1021
1240
1119
1246
1283
1237
1410
1270
1463
1253
1470
1281
1389
1302
1292
1322
1174
1320
1103
1318
1058
1293
1080
1263
1153
1251
1252
1253
1341
1250
1427
1263
1456
1291
1438
1311
1359
1312
1282
1294
1167
1284
1131
1266
1134
1254
1118
1304
1176
1271
1234
1284
1325
1287
1384
1297
1408
1282
1383
1269
1309
1255
1227
1249
1142
1263
1094
1261
1072
1269
1091
1288
1142
1284
1210
1272
1254
1227
1287
1234
1265
1223
1237
1219
1164
1223
1162
1240
1130
1265
1102
1268
1132
1291
1147
1237
1196
1276
1226
1260
1286
1247
1302
1248
1287
1229
1302
1239
1285
1239
1261
1247
1244
1255
1223
1273
1217
1283
1211
1289
1229
1304
1259
1298
1269
1258
1295
1255
1290
1237
1293
1234
1251
1245
1240
1264
1189
1300
1203
1321
1200
1340
1192
1367
1201
1328
1193
1287
1210
1260
1177
1243
1229
1237
1226
1267
1231
1307
1233
1340
1275
1354
1238
1359
1240
1341
1215
1300
1193
1268
1176
1242
1177
1216
1197
1236
1211
1252
1245
1272
1254
1273
1293
1276
1318
1260
1291
1249
1255
1216
1224
1164
1182
1170
1163
1161
1172
1167
1208
1167
1228
1184
1258
1201
1288
1218
1306
1238
1303
1243
1278
1234
1261
1218
1218
1174
1204
1171
1178
1153
1179
1163
1186
1188
1185
1227
1233
1275
1241
1325
1271
1332
1262
1334
1268
1316
1237
1301
1194
1300
1161
1273
1135
1279
1152
1298
1179
1325
1219
1359
1251
1378
1267
1385
1275
1373
1251
1355
1214
1333
1192
1310
1160
1286
1169
1280
1195
1244
1238
1259
1264
1266
1268
1269
1253
1287
1203
1294
1181
1309
1169
1309
1154
1292
1179
1275
1199
1240
1262
1211
1268
1190
1276
1168
1267
1193
1138
1220
1157
1257
1112
1293
1082
1329
1078
1319
1113
1294
1157
1261
1192
1217
1258
1190
1303
1167
1270
1184
1236
1214
1184
1247
1136
1284
1067
1317
1074
1314
1108
1304
1172
1275
1223
1255
1321
1231
1391
1196
1395
1200
1354
1208
1303
1236
1211
1271
1154
1318
1117
1350
1141
1317
1217
1358
1317
1334
1409
1294
1486
1251
1509
1216
1447
1203
1369
1214
1260
1241
1144
1308
1087
1335
1069
1351
1144
1336
1241
1310
1332
1251
1432
1205
1431
1148
1391
1159
1276
1179
1186
1212
1080
1265
950
1300
963
1314
1004
1307
1078
1292
1180
1268
1261
1240
1327
1223
1323
1233
1267
1240
1230
1275
1114
1292
1034
1310
973
1305
991
1319
1038
1314
1168
1293
1283
1273
1406
1259
1481
1242
1469
1245
1401
1247
1309
1236
1205
1270
1117
1284
1055
1280
1131
1273
1223
1262
1318
1213
1440
1200
1506
1196
1508
1203
1441
1208
1383
1238
1271
1280
1182
1294
1158
1303
1129
1329
1163
1277
1196
1252
1282
1229
1345
1234
1386
1242
1392
1271
1373
1288
1322
1315
1251
1298
1174
1306
1129
1279
1093
1261
1098
1251
1139
1244
1198
1248
1275
1279
1290
1302
1312
1314
1269
1316
1235
1312
1158
1307
1100
1286
1064
1290
1036
1283
1055
1295
1102
1293
1166
1299
1218
1307
1255
1292
1272
1286
1268
1293
1234
1290
1216
1285
1189
1287
1160
1283
1155
1267
1179
1259
1209
1250
1251
1239
1305
1234
1366
1226
1394
1240
1386
1227
1404
1219
1372
1212
1354
1202
1302
1207
1255
1226
1240
1225
1236
1238
1268
1245
1314
1243
1360
1243
1382
1242
1363
1237
1332
1230
1299
1244
1234
1272
1198
1296
1167
1329
1173
1332
1232
1328
1216
1298
1234
1283
1230
1267
1218
1243
1190
1252
1182
1270
1188
1294
1157
1309
1157
1324
1155
1311
1160
1309
1164
1270
1180
1257
1202
1248
1200
1241
1222
1247
1217
1272
1241
1288
1236
1301
1239
1302
1246
1300
1245
1282
1253
1268
1238
1245
1285
1231
1280
1227
1266
1262
1248
1227
1208
1249
1208
1270
1197
1278
1228
1282
1256
1292
1277
1289
1311
1260
1324
1244
1312
1233
1282
1204
1222
1218
1209
1246
1186
1273
1196
1295
1229
1307
1270
1307
1315
1294
1336
1266
1341
1245
1349
1237
1272
1227
1246
1243
1205
1194
1200
1299
1183
1320
1221
1312
1282
1310
1279
1312
1287
1280
1268
1259
1266
1260
1213
1263
1217
1263
1179
1260
1165
1267
1151
1274
1169
1260
1185
1280
1180
1262
1194
1264
1227
1268
1178
1265
1162
1261
1132
1250
1137
1243
1133
1238
1105
1273
1152
1234
1168
1244
1240
1241
1273
1257
1310
1252
1319
1261
1296
1260
1268
1245
1221
1240
1212
1232
1201
1234
1217
1230
1283
1232
1349
1241
1396
1244
1432
1258
1425
1264
1404
1272
1338
1277
1302
1266
1290
1246
1245
1246
1266
1253
1272
1202
1314
1235
1311
1249
1368
1261
1375
1322
1359
1312
1326
1333
1312
1323
1234
1323
1188
1287
1154
1271
1160
1248
1179
1245
1207
1251
1263
1273
1295
1297
1318
1329
1308
1344
1283
1344
1208
1326
1170
1296
1122
1269
1113
1237
1144
1229
1178
1251
1238
1244
1267
1254
1316
1261
1301
1279
1287
1284
1237
1282
1186
1281
1147
1260
1132
1236
1132
1234
1149
1223
1174
1216
1214
1222
1243
1247
1269
1245
1279
1275
1245
1278
1234
1278
1181
1260
1178
1245
1157
1240
1144
1217
1155
1213
1173
1238
1207
1277
1244
1287
1296
1292
1316
1286
1326
1270
1328
1258
1266
1238
1222
1234
1194
1248
1178
1267
1207
1278
1242
1287
1296
1294
1384
1280
1399
1250
1434
1238
1382
1228
1340
1232
1277
1237
1239
1255
1208
1296
1215
1276
1227
1293
1251
1296
1288
1270
1321
1256
1345
1249
1336
1245
1322
1246
1281
1261
1232
1289
1172
1297
1137
1311
1119
1313
1122
1313
1130
1298
1184
1285
1175
1280
1244
1264
1233
1266
1193
1273
1144
1284
1070
1290
1045
1299
1040
1273
1066
1282
1115
1270
1188
1245
1235
1215
1265
1210
1263
1207
1247
1213
1175
1235
1167
1258
1152
1256
1186
1280
1231
1268
1284
1247
1352
1218
1399
1204
1424
1189
1448
1196
1392
1216
1351
1248
1304
1239
1282
1299
1269
1310
1312
1305
1350
1285
1371
1255
1399
1255
1389
1251
1359
1259
1302
1275
1237
1293
1206
1311
1122
1323
1137
1326
1150
1314
1185
1263
1200
1288
1227
1268
1230
1281
1212
1284
1140
1285
1066
1292
1051
1308
1023
1305
1004
1338
1061
1287
1094
1283
1164
1262
1217
1251
1251
1238
1257
1248
1198
1255
1174
1255
1139
1273
1128
1274
1138
1269
1172
1256
1246
1247
1314
1216
1354
1193
1384
1211
1383
1201
1353
1213
1299
1226
1278
1239
1304
1255
1266
1256
1250
1248
1320
1210
1351
1240
1348
1233
1389
1224
1425
1245
1379
1250
1355
1267
1325
1270
1307
1290
1274
1277
1273
1282
1269
1296
1265
1287
1275
1287
1323
1285
1291
1271
1280
1289
1261
1278
1249
1276
1215
1291
1212
1282
1200
1292
1228
1289
1247
1297
1233
1326
1246
1292
1225
1284
1228
1272
1197
1270
1194
1256
1184
1261
1187
1273
1186
1274
1193
1265
1215
1273
1213
1248
1153
1271
1188
1267
1183
1276
1151
1275
1169
1279
1158
1279
1178
1284
1160
1272
1196
1255
1225
1258
1210
1250
1211
1232
1202
1225
1206
1274
1199
1275
1259
1271
1229
1264
1250
1253
1245
1245
1248
1227
1245
1228
1249
1219
1246
1227
1259
1219
1276
1219
1306
1227
1335
1237
1353
1221
1378
1238
1359
1250
1346
1260
1297
1260
1295
1258
1255
1287
1266
1252
1278
1261
1286
1288
1310
1277
1338
1279
1364
1293
1357
1301
1345
1299
1309
1295
1273
1305
1225
1264
1197
1290
1183
1292
1202
1297
1226
1300
1274
1276
1313
1297
1334
1289
1338
1279
1292
1267
1223
1263
1174
1268
1148
1278
1156
1279
1167
1276
1197
1284
1237
1262
1275
1263
1306
1254
1310
1240
1304
1228
1193
1220
1210
1235
1166
1249
1149
1259
1159
1267
1160
1277
1195
1299
1215
1279
1268
1278
1302
1273
1302
1257
1290
1255
1256
1263
1214
1262
1161
1267
1146
1281
1136
1272
1162
1299
1192
1314
1237
1333
1297
1299
1331
1297
1348
1263
1340
1237
1286
1227
1246
1234
1195
1254
1174
1231
1171
1274
1186
1279
1241
1271
1288
1264
1333
1221
1366
1191
1360
1164
1334
1170
1279
1191
1228
1199
1175
1220
1164
1239
1187
1246
1197
1247
1234
1249
1254
1226
1280
1229
1278
1237
1272
1239
1232
1254
1190
1269
1199
1294
1173
1299
1181
1306
1195
1317
1213
1306
1248
1298
1265
1285
1265
1288
1318
1270
1291
1266
1280
1277
1251
1293
1247
1317
1227
1337
1255
1329
1292
1324
1311
1302
1321
1280
1336
1292
1326
1255
1302
1255
1274
1263
1244
1293
1215
1315
1219
1305
1242
1334
1262
1311
1278
1302
1293
1281
1286
1285
1260
1265
1249
1263
1204
1274
1223
1293
1231
1315
1209
1318
1220
1302
1209
1295
1231
1275
1240
1264
1236
1250
1236
1271
1242
1255
1240
1263
1238
1267
1245
1262
1241
1255
1235
1244
1229
1240
1237
1231
1233
1222
1244
1219
1229
1227
1232
1233
1217
1236
1252
1236
1284
1247
1273
1247
1296
1243
1291
1231
1291
1246
1261
1242
1261
1232
1228
1239
1187
1243
1220
1247
1242
1261
1270
1269
1302
1269
1337
1258
1369
1251
1345
1236
1313
1234
1274
1239
1227
1239
1199
1254
1165
1298
1191
1286
1202
1293
1270
1287
1282
1277
1324
1257
1311
1256
1276
1273
1222
1293
1170
1291
1144
1315
1123
1330
1141
1328
1173
1327
1215
1310
1216
1296
1284
1266
1280
1275
1259
1279
1207
1287
1179
1290
1184
1309
1132
1272
1146
1299
1161
1288
1207
1272
1232
1259
1301
1250
1354
1247
1346
1233
1332
1245
1283
1234
1237
1261
1201
1270
1190
1269
1202
1269
1254
1266
1309
1258
1354
1250
1421
1231
1471
1222
1404
1220
1370
1213
1303
1233
1251
1245
1188
1255
1238
1247
1265
1261
1301
1288
1347
1240
1394
1233
1393
1244
1366
1256
1352
1259
1311
1277
1267
1307
1217
1295
1219
1310
1228
1280
1242
1267
1243
1268
1295
1279
1308
1305
1309
1317
1285
1327
1254
1332
1222
1322
1155
1305
1130
1283
1149
1263
1136
1253
1154
1256
1175
1224
1210
1276
1200
1291
1213
1289
1215
1305
1180
1266
1148
1253
1113
1183
1123
1201
1151
1197
1163
1178
1229
1182
1253
1191
1268
1208
1250
1220
1238
1214
1219
1237
1197
1206
1203
1200
1212
1205
1252
1200
1269
1203
1310
1209
1303
1229
1307
1299
1283
1298
1247
1323
1252
1332
1251
1332
1260
1311
1283
1293
1318
1299
1336
1297
1340
1310
1352
1326
1348
1360
1310
1379
1296
1377
1281
1371
1270
1338
1268
1314
1254
1285
1272
1281
1277
1278
1305
1260
1356
1289
1349
1301
1342
1306
1297
1259
1260
1266
1213
1248
1207
1221
1212
1208
1226
1204
1275
1232
1313
1239
1334
1268
1322
1284
1307
1286
1255
1282
1198
1266
1164
1251
1146
1256
1141
1221
1169
1222
1213
1239
1228
1258
1233
1283
1245
1288
1231
1314
1212
1319
1197
1309
1165
1337
1153
1274
1148
1258
1186
1243
1197
1254
1223
1267
1235
1298
1246
1326
1265
1336
1265
1327
1270
1312
1264
1276
1262
1242
1260
1223
1270
1217
1274
1213
1292
1248
1282
1260
1317
1279
1285
1279
1295
1271
1296
1260
1288
1214
1298
1215
1285
1203
1292
1223
1290
1237
1305
1254
1289
1274
1270
1272
1238
1270
1212
1271
1196
1248
1205
1250
1231
1247
1242
1241
1287
1245
1307
1236
1318
1247
1264
1246
1210
1256
1138
1264
1103
1247
1069
1260
1113
1246
1170
1244
1260
1228
1324
1253
1348
1252
1334
1283
1289
1285
1230
1303
1154
1311
1130
1318
1103
1316
1141
1312
1195
1296
1288
1293
1360
1302
1412
1310
1418
1329
1407
1341
1321
1348
1314
1328
1262
1309
1227
1289
1229
1285
1233
1273
1318
1279
1387
1291
1461
1322
1500
1324
1492
1311
1449
1311
1376
1284
1298
1255
1235
1232
1139
1216
1191
1209
1231
1215
1293
1232
1354
1241
1377
1256
1384
1256
1317
1256
1254
1246
1207
1242
1114
1205
1052
1214
1035
1194
1063
1220
1084
1234
1148
1248
1180
1265
1196
1281
1186
1305
1165
1311
1144
1313
1118
1280
1120
1259
1135
1229
1135
1228
1181
1231
1217
1237
1244
1199
1260
1277
1265
1282
1263
1280
1238
1269
1235
1251
1201
1238
1238
1234
1252
1242
1261
1283
1278
1284
1278
1307
1295
1306
1290
1332
1270
1320
1229
1312
1217
1307
1194
1294
1196
1294
1212
1293
1262
1305
1235
1310
1270
1301
1259
1312
1247
1293
1222
1297
1206
1280
1196
1319
1183
1278
1242
1271
1316
1269
1308
1275
1339
1279
1338
1244
1325
1278
1286
1279
1274
1262
1271
1245
1255
1226
1267
1216
1284
1205
1300
1169
1294
1206
1294
1221
1268
1242
1251
1254
1214
1269
1215
1269
1219
1238
1225
1235
1229
1223
1227
1217
1169
1217
1222
1235
1196
1257
1213
1269
1226
1281
1214
1315
1219
1295
1214
1283
1245
1268
1251
1277
1254
1270
1270
1280
1270
1308
1275
1304
1271
1306
1290
1282
1280
1304
1265
1304
1270
1296
1285
1293
1297
1297
1331
1293
1346
1295
1373
1281
1354
1275
1353
1278
1356
1274
1308
1270
1283
1272
1238
1250
1249
1258
1260
1245
1288
1231
1306
1220
1324
1204
1306
1213
1274
1220
1201
1229
1227
1223
1191
1228
1181
1229
1203
1224
1232
1226
1260
1232
1265
1231
1287
1242
1256
1276
1237
1291
1183
1294
1186
1292
1161
1292
1177
1272
1194
1271
1200
1288
1223
1283
1228
1301
1249
1313
1237
1328
1246
1331
1214
1338
1208
1307
1202
1298
1191
1281
1153
1268
1171
1243
1182
1261
1207
1263
1271
1270
1259
1271
1278
1283
1245
1288
1248
1279
1212
1277
1232
1259
1265
1248
1293
1217
1323
1224
1338
1203
1351
1232
1363
1249
1336
1272
1305
1282
1288
1287
1282
1278
1286
1264
1304
1231
1328
1218
1328
1188
1317
1187
1274
1176
1241
1217
1178
1253
1177
1261
1157
1267
1152
1293
1172
1239
1149
1227
1185
1198
1188
1190
1183
1188
1170
1216
1153
1247
1141
1248
1122
1267
1120
1270
1126
1268
1115
1270
1148
1277
1164
1280
1184
1293
1209
1283
1214
1289
1223
1289
1199
1293
1197
1309
1216
1307
1196
1315
1214
1335
1220
1303
1243
1342
1250
1331
1256
1319
1326
1308
1285
1273
1269
1286
1256
1283
1234
1298
1237
1303
1247
1297
1281
1294
1285
1286
1284
1265
1311
1258
1294
1243
1260
1250
1237
1242
1222
1254
1209
1256
1241
1250
1239
1238
1303
1241
1312
1246
1315
1295
1302
1293
1253
1277
1232
1300
1215
1276
1202
1266
1210
1265
1224
1271
1259
1258
1289
1276
1305
1291
1298
1313
1265
1310
1258
1315
1214
1308
1180
1280
1155
1285
1147
1275
1155
1282
1160
1289
1193
1302
1257
1315
1251
1319
1262
1305
1229
1267
1194
1286
1090
1273
1115
1253
1119
1261
1112
1260
1158
1269
1219
1261
1245
1278
1262
1278
1272
1273
1243
1274
1187
1266
1148
1266
1122
1287
1134
1255
1148
1250
1192
1250
1235
1250
1252
1246
1273
1255
1273
1258
1262
1258
1249
1257
1215
1283
1215
1241
1214
1234
1255
1218
1257
1227
1277
1228
1290
1255
1281
1291
1272
1305
1265
1312
1262
1326
1253
1300
1250
1274
1262
1266
1270
1265
1267
1267
1276
1279
1249
1308
1243
1330
1211
1342
1221
1342
1242
1343
1226
1320
1261
1314
1252
1293
1270
1301
1276
1297
1285
1291
1282
1301
1259
1297
1210
1306
1206
1300
1192
1307
1196
1294
1210
1291
1237
1277
1281
1255
1310
1243
1333
1228
1314
1244
1308
1228
1220
1238
1182
1239
1124
1264
1145
1265
1175
1262
1225
1232
1290
1258
1326
1238
1353
1229
1337
1258
1314
1257
1255
1273
1227
1283
1185
1290
1191
1294
1213
1271
1266
1264
1313
1257
1359
1253
1378
1264
1383
1278
1327
1296
1353
1290
1297
1292
1251
1276
1241
1264
1204
1249
1244
1238
1268
1240
1300
1231
1330
1245
1306
1241
1329
1257
1296
1236
1251
1254
1214
1246
1111
1248
1129
1245
1135
1241
1138
1248
1175
1243
1200
1240
1233
1234
1214
1265
1208
1259
1226
1269
1156
1276
1128
1289
1111
1239
1119
1285
1120
1280
1145
1279
1205
1274
1232
1276
1236
1300
1236
1320
1261
1325
1237
1313
1237
1313
1233
1324
1215
1318
1250
1317
1250
1324
1254
1279
1262
1337
1266
1333
1284
1339
1270
1332
1296
1318
1268
1307
1287
1296
1288
1287
1273
1318
1263
1293
1242
1294
1260
1284
1280
1274
1293
1257
1301
1251
1299
1238
1290
1235
1266
1239
1243
1247
1234
1240
1209
1250
1218
1244
1225
1232
1245
1205
1230
1225
1244
1223
1237
1226
1208
1226
1208
1234
1255
1236
1200
1238
1206
1226
1194
1218
1199
1253
1201
1264
1222
1268
1239
1301
1234
1272
1247
1271
1252
1273
1215
1273
1192
1282
1180
1263
1162
1300
1141
1312
1163
1318
1193
1329
1225
1301
1245
1297
1268
1280
1267
1274
1223
1266
1205
1274
1155
1279
1165
1292
1163
1297
1160
1324
1207
1284
1244
1261
1287
1243
1313
1232
1310
1217
1293
1225
1253
1233
1223
1234
1200
1242
1191
1247
1194
1244
1214
1236
1248
1236
1268
1238
1274
1237
1296
1234
1287
1251
1257
1254
1209
1251
1198
1261
1208
1274
1165
1259
1188
1287
1189
1283
1216
1308
1223
1309
1267
1299
1286
1306
1266
1295
1235
1301
1209
1307
1190
1310
1167
1324
1170
1320
1185
1333
1213
1305
1227
1304
1256
1272
1264
1260
1252
1262
1208
1263
1180
1257
1136
1265
1142
1259
1134
1249
1169
1223
1205
1234
1204
1249
1228
1222
1225
1236
1230
1250
1203
1250
1207
1241
1192
1245
1190
1243
1191
1231
1210
1221
1231
1229
1247
1239
1259
1249
1282
1258
1279
1275
1301
1265
1302
1260
1276
1257
1264
1250
1218
1241
1231
1226
1262
1213
1278
1229
1306
1241
1327
1225
1359
1259
1341
1273
1356
1271
1307
1262
1245
1265
1223
1270
1211
1252
1220
1251
1217
1252
1247
1260
1283
1256
1291
1279
1297
1300
1278
1316
1261
1309
1241
1326
1197
1339
1176
1312
1137
1290
1163
1300
1170
1309
1208
1303
1239
1332
1256
1357
1255
1348
1255
1341
1230
1329
1192
1313
1136
1297
1113
1281
1106
1282
1115
1265
1148
1283
1187
1273
1250
1279
1263
1277
1281
1268
1264
1264
1227
1260
1175
1261
1124
1245
1142
1266
1105
1266
1160
1272
1227
1260
1267
1256
1317
1265
1339
1251
1315
1268
1278
1272
1229
1274
1179
1269
1127
1268
1133
1261
1145
1262
1184
1218
1236
1235
1274
1230
1310
1234
1311
1234
1321
1234
1296
1239
1258
1235
1217
1232
1181
1238
1162
1235
1149
1235
1215
1230
1253
1231
1307
1227
1351
1232
1367
1228
1359
1249
1315
1263
1267
1268
1209
1304
1137
1291
1130
1291
1166
1290
1177
1287
1223
1285
1268
1282
1298
1289
1301
1306
1294
1319
1256
1336
1224
1333
1188
1329
1148
1316
1122
1309
1110
1292
1137
1275
1179
1266
1207
1260
1251
1269
1272
1268
1293
1276
1300
1273
1285
1263
1254
1257
1204
1236
1189
1234
1174
1226
1191
1215
1215
1230
1253
1224
1300
1231
1322
1223
1362
1233
1376
1238
1340
1233
1310
1236
1248
1245
1218
1244
1189
1246
1191
1258
1210
1254
1248
1253
1274
1268
1286
1288
1299
1294
1296
1287
1284
1291
1249
1299
1204
1288
1200
1292
1153
1297
1144
1298
1164
1309
1155
1307
1183
1325
1189
1322
1215
1321
1225
1312
1218
1291
1212
1287
1160
1290
1143
1282
1111
1294
1116
1294
1130
1295
1145
1287
1162
1293
1177
1276
1191
1270
1188
1259
1190
1257
1177
1254
1175
1248
1174
1270
1227
1250
1215
1240
1227
1231
1219
1237
1230
1230
1212
1204
1236
1217
1232
1227
1254
1217
1281
1231
1279
1227
1293
1238
1294
1242
1313
1220
1301
1241
1298
1246
1275
1250
1273
1254
1264
1262
1260
1264
1256
1273
1258
1267
1257
1273
1260
1271
1235
1248
1295
1268
1296
1272
1263
1314
1278
1275
1214
1285
1203
1296
1186
1302
1199
1292
1216
1310
1217
1311
1253
1299
1272
1291
1295
1288
1288
1281
1273
1286
1258
1296
1231
1299
1204
1306
1199
1300
1184
1299
1211
1288
1220
1271
1257
1247
1334
1244
1309
1230
1319
1232
1306
1198
1305
1253
1252
1258
1257
1255
1251
1262
1222
1247
1218
1240
1220
1214
1239
1219
1261
1215
1279
1205
1289
1209
1271
1228
1260
1241
1215
1247
1168
1238
1136
1249
1105
1216
1138
1227
1112
1230
1144
1213
1135
1227
1195
1228
1196
1254
1172
1316
1150
1291
1113
1297
1118
1320
1123
1318
1128
1309
1144
1298
1175
1312
1184
1301
1209
1293
1224
1305
1217
1318
1189
1323
1194
1328
1193
1342
1190
1321
1195
1325
1214
1308
1237
1295
1232
1273
1262
1249
1300
1234
1279
1226
1264
1228
1254
1194
1241
1236
1225
1237
1240
1226
1278
1240
1293
1209
1312
1193
1313
1171
1309
1172
1292
1176
1248
1180
1202
1197
1166
1218
1173
1237
1167
1257
1203
1257
1238
1274
1259
1283
1266
1286
1234
1246
1222
1289
1167
1283
1135
1305
1128
1317
1119
1370
1130
1352
1166
1356
1226
1352
1268
1346
1291
1323
1295
1307
1276
1317
1235
1298
1201
1289
1173
1302
1163
1288
1173
1282
1210
1281
1252
1273
1299
1264
1318
1256
1310
1242
1295
1240
1236
1232
1205
1232
1177
1229
1169
1233
1194
1242
1200
1226
1247
1243
1287
1248
1316
1245
1322
1248
1295
1232
1258
1245
1199
1234
1166
1233
1145
1235
1151
1241
1150
1245
1204
1233
1243
1244
1285
1245
1277
1236
1267
1226
1227
1262
1191
1236
1159
1252
1143
1249
1161
1263
1184
1261
1231
1255
1254
1288
1280
1273
1292
1277
1263
1272
1234
1271
1214
1289
1183
1303
1168
1287
1186
1316
1206
1325
1235
1328
1259
1319
1266
1314
1269
1316
1232
1316
1255
1305
1237
1313
1209
1315
1211
1313
1201
1333
1237
1325
1255
1300
1275
1277
1290
1284
1272
1269
1270
1272
1235
1264
1228
1278
1216
1267
1190
1265
1233
1272
1265
1270
1285
1284
1300
1252
1299
1268
1286
1260
1237
1260
1209
1251
1243
1257
1193
1257
1209
1255
1222
1208
1267
1263
1256
1275
1274
1260
1287
1257
1252
1245
1216
1248
1177
1243
1162
1235
1154
1239
1170
1238
1189
1237
1204
1239
1230
1240
1259
1235
1251
1191
1249
1227
1216
1251
1201
1227
1165
1241
1182
1249
1167
1255
1225
1244
1256
1271
1289
1292
1282
1271
1255
1269
1268
1267
1246
1271
1232
1270
1226
1287
1221
1292
1251
1307
1251
1306
1282
1312
1287
1314
1272
1311
1278
1298
1257
1293
1239
1281
1196
1287
1212
1279
1232
1289
1236
1298
1291
1299
1345
1307
1323
1299
1321
1278
1280
1245
1246
1257
1191
1244
1188
1228
1193
1219
1211
1222
1277
1233
1309
1235
1334
1247
1349
1251
1334
1243
1299
1234
1229
1229
1189
1224
1161
1228
1154
1215
1172
1245
1218
1259
1265
1276
1244
1276
1307
1279
1293
1284
1294
1281
1244
1278
1171
1300
1128
1288
1104
1275
1124
1296
1159
1301
1204
1301
1278
1300
1313
1307
1326
1304
1314
1296
1296
1291
1224
1293
1171
1278
1162
1283
1165
1301
1202
1292
1261
1293
1299
1292
1335
1303
1321
1293
1326
1280
1315
1279
1246
1277
1215
1264
1180
1243
1194
1263
1205
1264
1265
1271
1302
1248
1311
1253
1317
1255
1290
1248
1265
1245
1219
1236
1195
1232
1179
1235
1186
1226
1207
1254
1236
1238
1272
1235
1288
1238
1257
1249
1252
1251
1212
1254
1194
1259
1162
1266
1171
1256
1196
1258
1202
1288
1232
1261
1252
1286
1277
1264
1268
1274
1264
1274
1240
1289
1207
1294
1194
1297
1181
1288
1202
1280
1227
1278
1250
1272
1278
1275
1323
1249
1315
1278
1301
1290
1261
1298
1247
1292
1191
1292
1209
1287
1248
1262
1256
1265
1289
1272
1290
1255
1325
1276
1314
1294
1293
1299
1269
1305
1244
1307
1227
1323
1214
1320
1217
1322
1234
1310
1244
1309
1252
1290
1255
1304
1255
1284
1241
1287
1238
1287
1230
1291
1213
1326
1216
1296
1174
1286
1217
1258
1223
1242
1239
1219
1256
1211
1253
1220
1265
1223
1257
1238
1273
1252
1280
1274
1269
1277
1284
1275
1307
1266
1314
1249
1307
1252
1294
1246
1292
1250
1271
1271
1217
1285
1259
1300
1278
1306
1287
1316
1263
1301
1301
1318
1234
1315
1237
1306
1205
1300
1177
1284
1150
1296
1130
1280
1122
1298
1142
1287
1171
1291
1195
1281
1213
1268
1218
1247
1236
1241
1216
1209
1208
1215
1198
1212
1191
1218
1179
1227
1220
1223
1259
1227
1299
1228
1297
1220
1339
1241
1346
1217
1314
1214
1310
1210
1286
1216
1271
1231
1260
1220
1274
1264
1289
1263
1307
1273
1316
1264
1344
1274
1301
1266
1281
1271
1261
1291
1215
1289
1185
1318
1161
1330
1173
1336
1178
1338
1223
1332
1250
1330
1283
1313
1305
1315
1294
1308
1267
1325
1229
1322
1226
1320
1241
1316
1223
1300
1254
1278
1291
1260
1317
1229
1349
1229
1361
1218
1351
1213
1305
1213
1281
1207
1247
1219
1230
1208
1222
1215
1257
1202
1262
1209
1269
1200
1309
1186
1315
1184
1308
1189
1273
1210
1221
1230
1186
1244
1149
1257
1146
1260
1152
1255
1172
1250
1200
1251
1236
1256
1235
1241
1248
1265
1230
1297
1202
1325
1172
1339
1160
1364
1162
1378
1181
1371
1217
1354
1251
1338
1284
1325
1291
1310
1322
1313
1307
1325
1284
1293
1277
1332
1241
1342
1235
1344
1245
1332
1274
1305
1318
1307
1337
1263
1374
1251
1356
1238
1333
1247
1302
1248
1268
1250
1236
1270
1215
1273
1210
1289
1276
1272
1270
1257
1290
1244
1316
1235
1301
1198
1271
1227
1257
1228
1235
1232
1212
1236
1178
1256
1176
1260
1186
1251
1193
1245
1215
1234
1197
1228
1220
1212
1219
1224
1197
1237
1181
1246
1179
1251
1168
1261
1160
1271
1164
1252
1181
1249
1153
1245
1222
1228
1232
1252
1219
1266
1223
1232
1198
1239
1218
1243
1227
1256
1246
1245
1275
1256
1276
1260
1290
1254
1281
1263
1279
1264
1271
1264
1254
1284
1255
1307
1265
1308
1292
1322
1305
1316
1325
1313
1329
1302
1323
1292
1306
1287
1336
1265
1266
1289
1251
1295
1198
1258
1221
1310
1209
1319
1233
1308
1244
1300
1240
1275
1232
1273
1205
1239
1176
1251
1149
1246
1133
1253
1134
1253
1121
1260
1146
1261
1177
1256
1194
1223
1210
1232
1215
1226
1228
1223
1204
1219
1205
1216
1176
1233
1227
1242
1255
1260
1271
1315
1307
1290
1308
1288
1332
1285
1360
1288
1363
1283
1358
1293
1356
1301
1383
1312
1350
1319
1363
1322
1378
1332
1384
1338
1392
1340
1407
1335
1379
1313
1361
1329
1315
1322
1296
1340
1242
1319
1241
1321
1267
1321
1251
1320
1251
1323
1231
1282
1218
1316
1169
1308
1161
1291
1140
1285
1122
1278
1114
1276
1132
1258
1123
1260
1176
1250
1202
1245
1210
1240
1193
1229
1193
1221
1180
1222
1158
1206
1123
1209
1152
1201
1180
1205
1174
1197
1232
1192
1240
1204
1281
1204
1291
1208
1275
1242
1254
1242
1193
1231
1218
1225
1214
1231
1224
1237
1242
1242
1272
1259
1284
1264
1316
1254
1314
1280
1312
1289
1285
1295
1265
1301
1243
1307
1247
1293
1254
1309
1272
1316
1298
1315
1309
1298
1340
1316
1362
1312
1340
1305
1338
1301
1303
1288
1282
1308
1281
1305
1331
1309
1300
1310
1331
1295
1375
1295
1380
1288
1366
1295
1361
1283
1339
1286
1314
1288
1273
1280
1270
1296
1260
1280
1269
1265
1270
1269
1283
1262
1288
1273
1259
1271
1255
1265
1243
1261
1232
1258
1211
1261
1173
1280
1168
1258
1178
1261
1167
1254
1178
1253
1198
1247
1199
1228
1198
1258
1207
1228
1208
1268
1190
1280
1178
1289
1172
1287
1180
1298
1163
1300
1201
1284
1243
1270
1248
1267
1261
1254
1265
1256
1291
1262
1304
1275
1285
1274
1290
1305
1270
1276
1269
1287
1261
1271
1277
1256
1292
1260
1235
1245
1307
1250
1330
1249
1340
1276
1329
1274
1315
1277
1304
1284
1279
1285
1257
1282
1284
1269
1269
1274
1278
1265
1287
1262
1312
1259
1296
1272
1308
1268
1293
1267
1270
1259
1248
1273
1203
1286
1194
1268
1192
1284
1215
1273
1239
1267
1241
1259
1267
1260
1272
1261
1257
1191
1236
1239
1207
1248
1174
1246
1149
1244
1151
1242
1152
1249
1199
1244
1241
1246
1260
1273
1295
1257
1264
1256
1276
1252
1276
1257
1241
1258
1216
1269
1195
1266
1204
1300
1201
1303
1232
1304
1271
1312
1275
1319
1308
1320
1324
1304
1309
1303
1296
1309
1265
1300
1253
1291
1229
1324
1236
1296
1292
1294
1275
1281
1311
1282
1309
1266
1321
1254
1298
1274
1308
1263
1286
1264
1273
1250
1206
1253
1254
1254
1243
1243
1251
1235
1263
1238
1261
1242
1249
1241
1257
1239
1265
1255
1254
1239
1219
1240
1240
1252
1237
1277
1198
1257
1202
1240
1206
1249
1201
1249
1200
1258
1192
1279
1217
1283
1215
1289
1242
1292
1251
1287
1267
1287
1264
1284
1293
1273
1250
1275
1248
1270
1244
1268
1244
1271
1244
1282
1263
1288
1283
1284
1307
1286
1328
1285
1328
1273
1332
1261
1292
1239
1307
1235
1307
1231
1277
1227
1271
1244
1261
1245
1266
1280
1268
1282
1288
1278
1306
1270
1297
1257
1299
1239
1284
1243
1258
1242
1261
1247
1216
1256
1202
1278
1181
1291
1183
1276
1193
1284
1202
1265
1203
1252
1195
1237
1183
1234
1145
1230
1159
1233
1116
1234
1138
1244
1142
1274
1133
1303
1138
1282
1142
1274
1170
1274
1187
1251
1200
1241
1211
1246
1210
1255
1212
1266
1224
1279
1202
1293
1213
1305
1214
1298
1230
1294
1275
1282
1272
1258
1293
1249
1307
1247
1308
1257
1313
1260
1338
1279
1364
1287
1344
1284
1354
1283
1349
1265
1360
1249
1355
1253
1366
1263
1373
1248
1367
1246
1369
1266
1364
1279
1354
1285
1378
1289
1325
1279
1306
1281
1285
1255
1265
1246
1237
1243
1250
1243
1245
1272
1232
1309
1230
1282
1206
1296
1213
1283
1194
1300
1188
1278
1177
1274
1155
1275
1154
1249
1143
1249
1157
1255
1161
1254
1146
1256
1174
1273
1169
1275
1163
1267
1156
1256
1147
1248
1140
1239
1137
1233
1144
1240
1174
1236
1174
1251
1195
1264
1189
1254
1208
1291
1194
1294
1214
1289
1244
1290
1254
1276
1253
1282
1245
1263
1268
1299
1273
1309
1294
1319
1317
1323
1320
1323
1331
1317
1343
1296
1343
1277
1340
1281
1328
1263
1318
1274
1295
1282
1299
1283
1304
1284
1316
1296
1319
1273
1293
1291
1327
1256
1247
1250
1245
1222
1221
1222
1220
1200
1210
1220
1208
1229
1212
1254
1217
1228
1218
1231
1211
1228
1206
1227
1192
1205
1186
1219
1176
1221
1176
1220
1176
1237
1177
1258
1164
1274
1188
1279
1204
1300
1200
1319
1207
1307
1194
1278
1193
1293
1173
1287
1199
1280
1213
1290
1212
1295
1223
1302
1248
1293
1259
1319
1269
1315
1268
1307
1277
1299
1264
1296
1272
1289
1283
1285
1270
1274
1311
1287
1323
1285
1348
1279
1342
1283
1364
1273
1362
1267
1371
1250
1355
1251
1327
1260
1314
1231
1300
1212
1316
1234
1309
1236
1315
1238
1319
1239
1313
1259
1287
1257
1284
1251
1273
1255
1234
1281
1200
1252
1210
1259
1188
1272
1174
1275
1177
1285
1170
1302
1174
1295
1138
1299
1175
1296
1135
1294
1129
1296
1109
1294
1093
1291
1091
1298
1072
1294
1078
1298
1102
1290
1112
1295
1126
1292
1137
1285
1155
1285
1186
1285
1173
1284
1186
1292
1186
1272
1230
1273
1262
1272
1259
1253
1288
1259
1307
1249
1332
1256
1340
1252
1370
1258
1384
1260
1396
1250
1407
1259
1408
1270
1409
1261
1418
1266
1425
1275
1431
1276
1430
1273
1412
1277
1426
1289
1412
1290
1399
1290
1378
1292
1359
1293
1325
1291
1300
1294
1235
1287
1283
1278
1273
1276
1254
1284
1248
1264
1257
1266
1217
1263
1209
1255
1201
1252
1191
1258
1162
1248
1162
1233
1157
1240
1154
1208
1156
1218
1139
1211
1161
1220
1144
1216
1143
1226
1134
1231
1127
1237
1111
1241
1098
1240
1097
1252
1157
1250
1118
1254
1127
1258
1146
1229
1168
1286
1168
1291
1203
1292
1239
1299
1230
1295
1242
1298
1250
1297
1258
1295
1287
1295
1266
1280
1330
1293
1337
1297
1382
1298
1415
1292
1424
1265
1430
1295
1418
1292
1409
1286
1394
1287
1380
1291
1355
1290
1403
1294
1396
1299
1403
1345
1428
1296
1391
1300
1395
1287
1366
1287
1335
1266
1305
1271
1268
1269
1238
1273
1207
1265
1203
1265
1187
1274
1163
1256
1161
1279
1154
1266
1127
1241
1122
1261
1095
1260
1071
1269
1028
1265
1022
1233
1069
1264
1039
1265
1063
1268
1074
1242
1087
1277
1090
1281
1124
1266
1127
1270
1128
1262
1128
1260
1140
1253
1159
1268
1175
1267
1212
1275
1240
1276
1259
1275
1278
1279
1292
1281
1296
1262
1307
1268
1292
1266
1302
1265
1277
1267
1305
1268
1282
1280
1314
1276
1337
1286
1325
1313
1325
1288
1311
1276
1344
1271
1337
1266
1330
1266
1347
1263
1342
1271
1333
1272
1330
1270
1325
1269
1308
1269
1276
1264
1265
1252
1253
1252
1242
1243
1248
1249
1228
1245
1231
1245
1203
1245
1222
1249
1236
1253
1197
1236
1188
1244
1160
1218
1146
1246
1144
1250
1159
1251
1186
1254
1203
1238
1220
1270
1233
1275
1190
1274
1222
1271
1201
1275
1198
1275
1178
1274
1176
1274
1196
1281
1225
1257
1255
1286
1269
1288
1286
1295
1274
1285
1291
1279
1262
1273
1283
1262
1309
1238
1268
1274
1280
1248
1299
1245
1324
1247
1340
1245
1363
1229
1375
1227
1374
1223
1358
1208
1349
1222
1314
1209
1300
1217
1268
1220
1268
1238
1281
1254
1268
1259
1270
1268
1253
1274
1245
1284
1200
1287
1193
1294
1169
1307
1150
1310
1140
1327
1121
1319
1129
1340
1141
1345
1152
1337
1155
1325
1134
1317
1139
1316
1133
1284
1136
1300
1124
1308
1115
1311
1121
1310
1140
1308
1126
1309
1125
1298
1166
1281
1175
1262
1181
1293
1185
1242
1185
1267
1209
1245
1213
1251
1243
1249
1273
1255
1275
1273
1300
1244
1306
1229
1327
1208
1345
1199
1325
1195
1392
1202
1386
1199
1398
1221
1398
1237
1395
1245
1393
1253
1364
1248
1354
1236
1370
1225
1328
1232
1317
1219
1299
1190
1295
1238
1269
1264
1278
1273
1292
1288
1270
1284
1258
1289
1224
1268
1211
1264
1178
1265
1160
1276
1142
1274
1157
1283
1139
1308
1153
1316
1157
1316
1171
1317
1169
1320
1157
1307
1141
1296
1138
1282
1116
1274
1124
1268
1167
1270
1153
1302
1171
1294
1164
1301
1209
1289
1219
1293
1204
1273
1223
1262
1222
1256
1219
1243
1213
1240
1239
1241
1256
1254
1260
1264
1278
1269
1326
1271
1343
1277
1329
1263
1343
1244
1349
1234
1326
1233
1328
1223
1347
1230
1328
1227
1337
1229
1316
1222
1324
1252
1292
1257
1296
1247
1277
1248
1255
1229
1233
1235
1224
1234
1196
1248
1200
1257
1201
1252
1202
1279
1179
1293
1187
1292
1195
1297
1161
1291
1160
1288
1150
1290
1147
1291
1121
1295
1161
1288
1168
1303
1187
1303
1200
1307
1200
1328
1210
1312
1180
1302
1198
1311
1194
1286
1220
1286
1237
1280
1272
1284
1302
1283
1337
1281
1338
1282
1361
1275
1349
1269
1335
1268
1320
1264
1283
1251
1326
1258
1309
1256
1321
1258
1318
1259
1354
1269
1358
1273
1347
1253
1346
1266
1301
1254
1263
1266
1237
1260
1233
1262
1229
1267
1223
1262
1240
1258
1249
1263
1251
1256
1251
1262
1232
1267
1222
1273
1179
1256
1160
1281
1149
1270
1143
1264
1142
1265
1120
1265
1157
1266
1152
1276
1172
1271
1167
1266
1181
1256
1159
1266
1146
1278
1142
1264
1135
1266
1149
1265
1151
1255
1188
1259
1199
1263
1205
1261
1215
1242
1236
1238
1204
1256
1194
1216
1180
1236
1194
1249
1164
1265
1224
1263
1244
1271
1255
1268
1275
1269
1276
1253
1310
1248
1322
1246
1311
1238
1317
1241
1308
1242
1306
1256
1298
1266
1299
1253
1327
1248
1270
1238
1338
1228
1341
1217
1345
1221
1338
1216
1325
1224
1315
1237
1289
1256
1290
1269
1302
1263
1302
1275
1267
1279
1256
1264
1257
1261
1223
1262
1229
1258
1216
1263
1197
1295
1185
1294
1157
1319
1147
1317
1136
1331
1110
1327
1124
1320
1114
1306
1135
1304
1136
1302
1143
1250
1145
1320
1154
1336
1154
1351
1150
1364
1161
1351
1161
1337
1193
1312
1220
1289
1230
1292
1252
1264
1240
1265
1267
1240
1288
1268
1289
1267
1294
1295
1297
1261
1326
1278
1310
1241
1327
1211
1368
1202
1320
1170
1330
1197
1330
1193
1322
1209
1314
1227
1292
1237
1285
1242
1271
1241
1268
1229
1314
1221
1299
1207
1302
1197
1281
1187
1274
1214
1241
1235
1246
1242
1221
1258
1218
1273
1210
1263
1205
1257
1206
1242
1201
1223
1204
1213
1190
1214
1165
1219
1165
1237
1153
1261
1130
1250
1130
1275
1122
1283
1129
1284
1113
1273
1140
1262
1132
1276
1164
1265
1182
1278
1167
1330
1173
1310
1148
1320
1187
1324
1165
1336
1174
1324
1185
1326
1202
1315
1209
1328
