1093
1334
1486
1319
1478
1311
1453
1315
1262
1285
1246
1284
1237
1293
1246
1300
1180
1317
1196
1296
1236
1297
1202
1283
1205
1295
1150
1296
1206
1288
1180
1275
1175
1272
1183
1259
1104
1287
1174
1269
1189
1265
1208
1259
1198
1265
1175
1241
1167
1260
1199
1259
1200
1245
1218
1246
1184
1236
1216
1230
1211
1234
1215
1225
1264
1226
1269
1224
1275
1231
1275
1214
1250
1258
1261
1244
1299
1238
1287
1231
1278
1230
1289
1240
1275
1225
1276
1236
1288
1233
1346
1245
1283
1248
1283
1249
1289
1252
1286
1266
1234
1267
1274
1272
1238
1273
1235
1282
1178
1275
1190
1270
1211
1268
1220
1270
1211
1272
1207
1288
1199
1290
1178
1301
1195
1292
1177
1298
1183
1303
1148
1295
1159
1286
1155
1295
1126
1293
1137
1278
1155
1271
1157
1271
1202
1260
1228
1279
1166
1254
1188
1262
1191
1259
1186
1257
1173
1253
1192
1250
1190
1251
1215
1233
1300
1224
1266
1258
1242
1235
1253
1230
1255
1227
1272
1229
1291
1223
1296
1219
1296
1219
1294
1232
1243
1219
1301
1221
1298
1229
1298
1208
1298
1224
1335
1231
1313
1228
1313
1231
1352
1233
1307
1243
1272
1242
1312
1242
1289
1249
1299
1244
1256
1264
1244
1255
1233
1270
1225
1269
1243
1272
1210
1275
1196
1278
1188
1279
1180
1290
1154
1283
1149
1279
1134
1285
1106
1277
1116
1279
1089
1286
1080
1294
1112
1283
1118
1286
1105
1284
1102
1297
1178
1273
1169
1302
1130
1286
1105
1288
1126
1274
1135
1254
1143
1273
1145
1262
1155
1262
1175
1258
1132
1254
1202
1252
1200
1251
1203
1246
1229
1237
1216
1235
1226
1235
1242
1230
1254
1229
1224
1243
1276
1227
1303
1229
1301
1267
1322
1227
1296
1232
1329
1229
1311
1222
1315
1213
1314
1212
1285
1207
1267
1206
1262
1209
1264
1207
1283
1210
1223
1210
1249
1221
1252
1231
1210
1241
1276
1239
1229
1263
1222
1276
1206
1284
1229
1302
1210
1313
1208
1315
1211
1319
1207
1341
1175
1328
1162
1342
1184
1322
1167
1321
1150
1303
1130
1310
1092
1336
1138
1315
1098
1366
1061
1367
1074
1390
1049
1405
1130
1430
1126
1429
1206
1434
1245
1388
1274
1360
1278
1344
1309
1298
1328
1263
1375
1224
1345
1183
1342
1154
1298
1069
1351
1051
1341
1006
1322
956
1276
919
1238
888
1153
886
1050
894
964
915
886
954
860
991
799
1032
827
1062
840
1112
864
1149
871
1199
922
1256
932
1325
1014
1381
1092
1451
1203
1484
1293
1494
1451
1464
1559
1426
1610
1373
1646
1345
1650
1307
1661
1294
1664
1299
1633
1313
1617
1314
1560
1312
1520
1331
1417
1339
1295
1332
1207
1338
1073
1347
1000
1367
971
1381
887
1357
790
1447
743
1465
695
1471
628
1479
627
1460
597
1438
617
1405
714
1391
800
1400
944
1367
1048
1357
1210
1327
1346
1299
1461
1251
1544
1209
1546
1141
1671
1096
1642
1061
1628
1032
1611
1020
1527
1026
1500
1035
1470
1045
1437
1057
1439
1089
1413
1115
1473
1138
1427
1164
1433
1154
1423
1191
1410
1194
1417
1195
1423
1226
1406
1195
1359
1185
1394
1181
1340
1174
1321
1190
1294
1188
1268
1232
1225
1261
1187
1292
1178
1320
1164
1350
1135
1378
1097
1394
1074
1406
989
1413
948
1434
839
1425
832
1426
787
1423
852
1392
860
1378
863
1357
895
1339
908
1312
888
1316
898
1321
934
1271
945
1242
988
1208
1058
1186
1131
1174
1201
1153
1265
1142
1311
1140
1343
1151
1312
1161
1338
1181
1333
1211
1300
1201
1258
1247
1259
1256
1244
1270
1232
1247
1255
1254
1315
1244
1324
1234
1379
1222
1452
1193
1463
1239
1485
1241
1487
1238
1498
1243
1469
1239
1450
1239
1425
1253
1435
1269
1411
1280
1449
1288
1391
1293
1322
1285
1258
1261
1151
1281
1101
1267
1045
1267
1008
1280
878
1287
987
1294
1022
1308
1003
1328
1021
1312
1021
1339
1001
1371
1041
1396
1071
1419
1193
1439
1225
1460
1307
1454
1380
1448
1433
1421
1465
1398
1490
1348
1487
1310
1489
1274
1530
1218
1419
1237
1415
1206
1386
1177
1361
1186
1310
1179
1285
1161
1248
1140
1234
1123
1214
1125
1243
1094
1173
1098
1136
1140
1110
1113
1095
1135
1093
1155
1123
1173
1141
1185
1163
1212
1167
1232
1109
1244
1130
1258
1122
1282
1096
1290
1072
1292
1084
1290
1043
1308
1085
1262
1102
1253
1147
1258
1143
1244
1114
1250
1151
1258
1185
1250
1204
1286
1255
1316
1259
1342
1280
1355
1285
1359
1276
1350
1257
1342
1291
1325
1277
1329
1316
1303
1348
1334
1387
1354
1403
1386
1436
1404
1332
1436
1328
1450
1305
1452
1296
1438
1301
1425
1302
1409
1350
1370
1371
1343
1401
1307
1481
1254
1370
1226
1391
1205
1358
1159
1344
1170
1306
1163
1275
1162
1263
1156
1231
1151
1208
1164
1154
1170
1169
1181
1156
1190
1131
1192
1123
1197
1097
1201
1080
1192
1078
1187
1029
1179
1066
1181
1077
1161
1141
1159
1106
1165
1158
1167
1188
1173
1214
1176
1224
1189
1213
1187
1243
1236
1196
1226
1239
1260
1294
1257
1355
1274
1347
1294
1356
1291
1325
1308
1280
1298
1182
1319
1166
1328
1165
1338
1172
1362
1209
1386
1242
1401
1280
1425
1273
1409
1254
1432
1192
1420
1209
1403
1185
1387
1191
1360
1251
1330
1286
1333
1323
1287
1315
1262
1290
1237
1240
1249
1193
1222
1156
1235
1160
1247
1167
1274
1185
1295
1208
1302
1225
1317
1186
1311
1209
1309
1160
1300
1154
1295
1193
1287
1218
1278
1227
1278
1278
1234
1327
1224
1351
1216
1231
1201
1364
1195
1389
1217
1419
1217
1478
1206
1482
1210
1486
1212
1462
1217
1426
1208
1406
1221
1379
1237
1366
1259
1396
1288
1402
1314
1364
1332
1395
1342
1367
1350
1342
1328
1332
1336
1292
1335
1259
1335
1228
1316
1244
1315
1280
1313
1231
1303
1230
1297
1182
1282
1184
1288
1157
1290
1199
1279
1215
1288
1230
1255
1222
1284
1196
1284
1168
1277
1136
1269
1146
1273
1115
1275
1128
1270
1149
1270
1147
1269
1229
1247
1237
1249
1214
1303
1198
1255
1147
1261
1194
1294
1186
1289
1207
1290
1251
1299
1254
1289
1243
1278
1243
1257
1222
1230
1201
1219
1167
1208
1189
1209
1208
1205
1219
1207
1212
1200
1225
1173
1180
1186
1140
1179
1118
1185
1148
1202
1116
1222
1203
1241
1243
1294
1267
1268
1251
1297
1238
1335
1183
1330
1192
1325
1231
1346
1244
1370
1306
1364
1396
1357
1439
1358
1453
1350
1433
1344
1415
1350
1384
1348
1295
1380
1413
1367
1378
1365
1413
1349
1409
1328
1417
1297
1473
1269
1393
1237
1364
1233
1328
1204
1350
1240
1253
1253
1261
1260
1230
1277
1208
1258
1178
1272
1142
1292
1185
1296
1230
1309
1261
1318
1243
1324
1294
1309
1278
1295
1237
1256
1203
1253
1162
1233
1131
1231
1140
1228
1137
1243
1189
1233
1220
1219
1205
1204
1191
1199
1169
1170
1113
1182
1068
1183
1086
1183
1095
1207
1124
1200
1164
1213
1156
1223
1131
1219
1120
1233
1073
1237
1076
1261
1096
1290
1169
1300
1163
1332
1299
1314
1328
1307
1307
1291
1295
1279
1267
1279
1233
1284
1264
1295
1352
1313
1360
1325
1468
1359
1498
1337
1454
1341
1441
1349
1417
1361
1389
1372
1399
1406
1385
1402
1402
1405
1431
1388
1406
1362
1352
1331
1289
1298
1258
1274
1206
1252
1214
1231
1240
1243
1306
1226
1270
1225
1257
1214
1221
1204
1161
1203
1126
1214
1099
1203
1120
1272
1146
1260
1143
1282
1155
1261
1134
1252
1110
1243
1080
1225
1066
1233
1078
1243
1143
1261
1185
1254
1295
1253
1272
1246
1303
1238
1276
1235
1248
1177
1224
1246
1234
1262
1281
1273
1324
1280
1402
1275
1478
1269
1423
1252
1411
1237
1350
1219
1292
1248
1291
1258
1311
1269
1343
1284
1373
1278
1435
1263
1391
1282
1341
1278
1316
1271
1303
1289
1308
1319
1335
1334
1371
1346
1390
1344
1459
1335
1361
1323
1256
1312
1213
1313
1173
1305
1183
1328
1245
1340
1284
1342
1316
1338
1314
1300
1242
1290
1147
1270
1108
1246
1065
1247
1051
1240
1082
1249
1120
1249
1134
1247
1128
1259
1138
1242
1089
1245
1041
1250
1042
1271
1070
1300
1153
1295
1203
1307
1257
1299
1278
1282
1226
1253
1231
1247
1213
1247
1217
1255
1274
1270
1319
1302
1381
1309
1413
1301
1443
1294
1373
1290
1407
1280
1381
1294
1363
1292
1392
1320
1444
1336
1486
1331
1493
1312
1489
1284
1506
1289
1411
1247
1383
1244
1423
1271
1399
1299
1438
1307
1454
1310
1467
1304
1432
1274
1395
1267
1313
1265
1268
1300
1241
1288
1257
1299
1326
1307
1351
1306
1398
1269
1369
1253
1312
1255
1227
1226
1161
1238
1160
1256
1165
1278
1161
1287
1225
1271
1207
1263
1153
1220
1089
1220
1014
1217
1021
1209
948
1240
1017
1252
1098
1237
1130
1243
1155
1237
1131
1204
1088
1207
1012
1205
989
1224
1017
1247
1083
1276
1149
1304
1234
1340
1299
1312
1308
1302
1276
1289
1254
1285
1225
1304
1243
1314
1277
1336
1366
1316
1433
1325
1454
1285
1447
1279
1402
1264
1373
1261
1322
1282
1335
1301
1405
1335
1456
1331
1527
1356
1480
1349
1485
1323
1440
1324
1381
1325
1356
1344
1336
1362
1348
1378
1455
1386
1469
1367
1490
1338
1420
1312
1347
1293
1268
1275
1226
1269
1225
1298
1267
1289
1286
1287
1292
1275
1279
1225
1223
1190
1155
1180
1081
1182
1075
1218
1091
1238
1210
1285
1205
1283
1234
1276
1245
1258
1198
1210
1144
1197
1096
1211
1097
1224
1115
1228
1155
1238
1251
1232
1225
1227
1266
1208
1171
1188
1112
1209
1090
1224
1108
1266
1155
1303
1290
1321
1355
1333
1429
1323
1400
1295
1346
1298
1281
1278
1191
1290
1226
1301
1275
1325
1406
1333
1421
1345
1503
1320
1493
1295
1443
1278
1327
1266
1346
1280
1318
1306
1437
1321
1459
1356
1524
1329
1486
1315
1458
1300
1374
1288
1282
1300
1222
1312
1230
1358
1250
1374
1307
1362
1291
1353
1287
1324
1222
1287
1138
1249
1065
1237
981
1234
1019
1256
1096
1272
1144
1273
1185
1250
1227
1223
1178
1202
1092
1169
994
1189
927
1211
978
1237
1059
1257
1150
1266
1236
1252
1261
1226
1254
1199
1242
1188
1204
1173
1202
1211
1218
1236
1317
1278
1309
1295
1452
1300
1481
1266
1434
1244
1390
1235
1317
1265
1343
1305
1346
1347
1430
1382
1503
1392
1551
1379
1561
1358
1487
1337
1423
1303
1355
1311
1318
1356
1339
1346
1357
1349
1418
1338
1441
1301
1341
1269
1326
1231
1220
1237
1141
1245
1083
1276
1120
1310
1160
1331
1259
1331
1286
1300
1260
1263
1177
1236
1098
1220
1016
1231
984
1254
1004
1272
1071
1290
1169
1287
1180
1249
1126
1229
1093
1219
1024
1196
973
1233
991
1260
1049
1282
1148
1281
1229
1277
1290
1271
1284
1208
1228
1179
1160
1171
1149
1207
1169
1228
1276
1262
1361
1294
1463
1290
1486
1283
1462
1259
1384
1269
1293
1260
1297
1296
1323
1324
1377
1338
1486
1356
1569
1306
1592
1283
1544
1273
1406
1275
1359
1287
1342
1289
1297
1343
1350
1382
1412
1406
1451
1398
1479
1371
1429
1341
1342
1319
1250
1328
1195
1344
1199
1357
1248
1369
1314
1352
1362
1315
1312
1262
1237
1197
1097
1206
1030
1185
991
1216
971
1220
1029
1262
1098
1265
1144
1223
1184
1188
1106
1154
1049
1136
936
1145
977
1177
981
1223
1086
1228
1213
1229
1291
1228
1322
1204
1260
1176
1168
1176
1060
1199
1099
1232
1129
1274
1216
1294
1316
1291
1331
1270
1361
1229
1295
1200
1225
1196
1144
1204
1127
1249
1206
1275
1305
1312
1399
1312
1483
1287
1462
1253
1385
1238
1286
1228
1315
1238
1312
1285
1288
1311
1380
1330
1455
1326
1471
1305
1429
1260
1337
1224
1212
1231
1085
1263
1134
1299
1118
1339
1221
1365
1305
1331
1329
1354
1285
1291
1172
1268
1069
1254
1014
1266
1155
1298
1051
1340
1164
1340
1263
1318
1268
1272
1242
1221
1143
1191
1031
1170
984
1178
989
1219
1069
1253
1160
1254
1272
1233
1268
1208
1235
1169
1161
1155
1057
1162
1030
1196
1046
1241
1157
1332
1243
1303
1346
1276
1422
1231
1371
1206
1294
1171
1195
1192
1167
1233
1214
1281
1317
1301
1392
1332
1503
1327
1508
1263
1435
1227
1341
1207
1232
1240
1164
1262
1233
1307
1325
1339
1409
1303
1501
1295
1485
1252
1378
1201
1239
1221
1171
1228
1065
1263
1072
1303
1178
1329
1249
1336
1337
1285
1306
1247
1179
1216
1047
1189
940
1202
898
1247
939
1291
1056
1308
1141
1305
1259
1266
1201
1214
1142
1178
1024
1142
901
1193
927
1243
1007
1291
1166
1326
1247
1306
1306
1299
1310
1205
1245
1195
1147
1189
1023
1207
1015
1275
1174
1305
1296
1338
1414
1322
1509
1266
1480
1227
1363
1187
1259
1201
1197
1202
1166
1259
1278
1297
1394
1311
1502
1298
1544
1271
1510
1220
1366
1195
1256
1213
1091
1243
1178
1296
1248
1351
1369
1344
1460
1343
1456
1286
1414
1237
1319
1190
1195
1169
1043
1230
1103
1288
1191
1324
1290
1333
1400
1311
1363
1263
1314
1206
1203
1181
1040
1162
889
1237
986
1287
1044
1317
1168
1319
1247
1290
1199
1237
1139
1188
1063
1151
931
1196
767
1227
924
1261
1037
1299
1167
1301
1297
1274
1296
1220
1231
1185
1076
1178
1022
1209
869
1242
1022
1292
1178
1328
1297
1323
1444
1299
1373
1250
1348
1189
1231
1179
1167
1202
1033
1279
1179
1305
1298
1341
1396
1336
1508
1302
1495
1246
1386
1228
1285
1168
1149
1238
1036
1276
1186
1324
1300
1351
1392
1346
1490
1304
1428
1249
1333
1213
1163
1187
1014
1211
849
1286
1063
1299
1176
1326
1293
1314
1381
1259
1333
1208
1126
1185
1068
1120
947
1192
973
1230
1031
1287
1174
1313
1287
1302
1407
1250
1359
1212
1201
1157
1125
1213
998
1208
1179
1275
1157
1337
1289
1349
1404
1323
1507
1240
1444
1209
1218
1138
1151
1206
996
1214
1153
1275
1149
1332
1275
1339
1403
1312
1470
1255
1438
1187
1228
1200
1176
1192
977
1183
1224
1272
1208
1336
1334
1334
1469
1304
1508
1245
1505
1187
1308
1163
1153
1182
1002
1202
1229
1288
1228
1332
1341
1352
1420
1287
1429
1219
1435
1126
1215
1165
1067
1175
872
1170
1138
1241
1123
1317
1240
1303
1359
1276
1322
1208
1331
1172
1126
1181
962
1175
821
1222
1059
1295
1085
1324
1195
1294
1314
1272
1285
1205
1270
1145
1059
1112
960
1219
803
1186
1060
1305
1161
1347
1274
1348
1419
1268
1383
1253
1314
1191
1201
1184
1020
1235
873
1259
1215
1370
1288
1394
1423
1398
1565
1341
1528
1284
1401
1248
1255
1240
1086
1229
942
1299
1327
1352
1341
1373
1468
1320
1579
1268
1527
1218
1322
1201
1233
1134
1081
1226
934
1250
1255
1263
1301
1347
1425
1323
1523
1255
1452
1178
1279
1143
1139
1121
985
1183
828
1217
1179
1309
1255
1303
1391
1268
1484
1209
1443
1174
1248
1171
1059
1176
911
1211
758
1304
1132
1333
1219
1334
1366
1296
1384
1219
1415
1179
1213
1115
1096
1103
865
1178
819
1307
1185
1364
1251
1357
1396
1340
1406
1275
1419
1234
1227
1185
1025
1235
912
1283
794
1357
1221
1383
1344
1367
1507
1317
1505
1250
1531
1218
1298
1169
1092
1163
947
1229
810
1336
1215
1386
1357
1361
1477
1314
1485
1225
1510
1194
1230
1181
1110
1201
934
1227
852
1318
1267
1344
1371
1318
1513
1274
1453
1175
1448
1161
1192
1176
997
1199
819
1233
831
1348
1151
1360
1275
1316
1423
1255
1365
1189
1355
1159
1076
1106
838
1117
748
1215
742
1299
1160
1302
1296
1297
1446
1247
1420
1184
1406
1178
1142
1176
986
1197
868
1268
1004
1359
1280
1384
1427
1354
1566
1293
1510
1238
1419
1208
1202
1196
966
1201
843
1273
1161
1378
1325
1399
1487
1346
1635
1276
1539
1232
1416
1161
1219
1210
956
1188
836
1295
1163
1367
1323
1400
1462
1357
1594
1274
1537
1229
1345
1140
1153
1157
950
1244
808
1239
1169
1355
1320
1347
1470
1313
1578
1226
1488
1179
1266
1148
1078
1130
871
1215
711
1202
1095
1328
1212
1317
1379
1273
1444
1193
1387
1148
1123
1111
966
1106
803
1185
661
1227
1101
1314
1277
1312
1434
1272
1497
1208
1453
1178
1221
1100
993
1201
859
1251
744
1325
1216
1387
1367
1368
1542
1313
1574
1235
1545
1162
1282
1142
1115
1172
876
1208
856
1302
1268
1390
1439
1355
1588
1331
1574
1272
1554
1229
1262
1189
1038
1240
900
1294
794
1382
1285
1404
1440
1382
1601
1332
1562
1271
1563
1221
1241
1176
1032
1205
802
1230
783
1354
1230
1393
1380
1357
1527
1305
1471
1224
1417
1150
1067
1177
886
1148
713
1201
653
1308
1158
1337
1313
1306
1459
1245
1409
1171
1370
1109
1021
1123
897
1184
716
1220
734
1320
1213
1334
1396
1300
1586
1239
1514
1151
1473
1108
1129
1127
967
1160
835
1246
831
1324
1311
1337
1477
1301
1636
1231
1574
1182
1501
1129
1165
1152
946
1177
861
1295
934
1375
1337
1383
1512
1350
1644
1272
1552
1223
1466
1205
1072
1184
914
1269
755
1278
1051
1411
1313
1393
1481
1344
1612
1263
1512
1203
1333
1124
1065
1205
817
1202
703
1298
1096
1364
1285
1377
1446
1320
1553
1241
1449
1193
1217
1121
1032
1139
817
1236
704
1225
1110
1344
1298
1337
1460
1279
1543
1197
1461
1184
1219
1098
985
1169
770
1171
734
1273
1146
1365
1319
1344
1488
1294
1529
1210
1471
1167
1169
1165
999
1160
765
1182
763
1263
1207
1361
1383
1347
1569
1285
1566
1207
1546
1167
1224
1108
1077
1149
853
1200
823
1329
1276
1369
1445
1352
1610
1288
1589
1212
1553
1190
1242
1169
1013
1143
837
1216
769
1360
1255
1374
1428
1350
1573
1298
1528
1227
1468
1202
1172
1188
926
1206
725
1260
703
1387
1195
1405
1373
1368
1525
1301
1480
1214
1417
1164
1064
1126
815
1169
684
1250
662
1355
1140
1365
1341
1322
1493
1250
1438
1169
1380
1146
1014
1086
814
1130
670
1192
758
1319
1207
1325
1409
1295
1573
1214
1509
1166
1426
1137
1105
1184
930
1199
802
1258
1066
1361
1333
1356
1521
1317
1676
1239
1598
1180
1459
1123
1171
1172
964
1163
884
1280
1204
1362
1399
1371
1582
1336
1683
1239
1620
1207
1366
1137
1127
1181
908
1204
806
1285
1152
1379
1322
1359
1503
1309
1624
1240
1538
1198
1312
1125
1054
1222
863
1254
700
1331
1177
1413
1287
1408
1449
1363
1524
1264
1459
1215
1149
1131
955
1146
767
1227
652
1277
1078
1380
1235
1361
1413
1270
1179
1247
1583
1145
1140
1153
924
1173
703
1194
621
1336
1110
1383
1267
1363
1457
1313
1290
1243
1612
1152
1198
1094
969
1138
779
1194
749
1324
1239
1346
1383
1327
1571
1238
1653
1203
1673
1066
1302
1097
1012
1101
869
1197
857
1311
1270
1316
1426
1314
1317
1185
1657
1216
1647
1139
1205
1109
995
1174
774
1215
1136
1367
1251
1390
1418
1336
1381
1250
1607
1255
1426
1142
1212
1179
1000
1225
838
1296
1142
1390
1261
1408
1382
1381
1159
1291
1520
1283
1402
1186
1104
1177
873
1201
710
1347
1072
1401
1176
1397
1356
1358
1185
1256
1649
1269
1284
1200
1062
1158
898
1242
791
1350
1147
1407
1255
1427
1428
1403
1271
1272
1724
1265
1332
1200
1155
1157
940
1223
847
1322
1224
1369
1332
1363
1495
1227
1329
1189
1747
1193
1354
1071
1136
1091
902
1128
1116
1290
1182
1331
1294
1327
1461
1193
1263
1162
1707
1152
1291
1070
1037
1071
871
1165
1014
1294
1135
1337
1269
1337
1174
1205
1277
1204
1686
1204
1237
1125
1051
1169
835
1181
1089
1343
1128
1389
1224
1371
1132
1258
1166
1195
1621
1199
1126
1133
946
1202
767
1254
1041
1405
1097
1413
1252
1412
1111
1286
1236
1297
1679
1249
1162
1150
1021
1240
800
1326
1158
1411
1214
1445
1356
1430
1197
1299
1355
1301
1764
1217
1268
1155
1105
1200
894
1252
1239
1382
1308
1399
1472
1325
1280
1264
1392
1234
1827
1122
1245
1072
1067
1125
1021
1267
1199
1342
1255
1351
1385
1301
1198
1194
1551
1208
1441
1121
1157
1104
906
1160
798
1242
1112
1331
1183
1358
1330
1287
1135
1183
1540
1211
1596
1102
1077
1084
903
1161
1094
1259
1117
1373
1190
1392
1343
1334
1181
1251
1642
1257
1282
1128
1124
1167
842
1228
855
1353
1123
1419
1219
1436
1075
1335
1229
1281
1692
1274
1363
1152
1159
1213
952
1235
1205
1390
1215
1444
1313
1461
1244
1372
1319
1289
1758
1277
1349
1143
1181
1192
989
1222
1216
1364
1237
1405
1367
1400
1152
1289
1374
1227
1812
1205
1346
1114
1125
1140
903
1228
1211
1328
1210
1383
1305
1307
1101
1261
1285
1244
1730
1221
1215
1103
1053
1131
831
1249
1128
1324
1150
1368
1278
1316
1062
1198
1287
1158
1708
1192
1228
1106
1004
1104
891
1236
1131
1320
1140
1364
1223
1272
1055
1260
1176
1245
1597
1164
1113
1133
876
1106
965
1262
1035
1346
1080
1393
1223
1307
1022
1262
1230
1280
1662
1176
1186
1178
975
1195
1194
1360
1214
1404
1273
1464
1109
1413
1233
1303
1698
1318
1827
1217
1315
1168
1148
1161
1335
1310
1331
1368
1383
1384
1227
1260
1300
1225
1676
1214
1630
1068
1230
1109
1061
1150
1242
1289
1233
1352
1267
1368
1027
1300
1120
1226
1559
1263
1613
1176
1133
1124
937
1276
1120
1345
1198
1394
1281
1392
1036
1285
1238
1227
1666
1198
1304
1090
1126
1106
953
1189
1160
1286
1155
1347
1202
1292
956
1278
1047
1192
1490
1227
1150
1172
911
1185
766
1275
1090
1345
1115
1395
1223
1343
977
1284
1104
1264
1561
1228
1137
1113
1010
1132
878
1279
1193
1345
1247
1412
1307
1370
1092
1282
1302
1272
1708
1261
1306
1169
1098
1164
1314
1269
1320
1355
1358
1391
1418
1336
1189
1255
1310
1252
1723
1236
1289
1194
1146
1231
1358
1313
1361
1375
1405
1420
1490
1368
1201
1283
1344
1316
1714
1205
1224
1150
1092
1194
1282
1266
1318
1334
1346
1365
1126
1291
1111
1198
1220
1231
1589
1152
1066
1098
966
1139
1052
1299
1226
1373
1211
1401
1009
1299
1004
1254
1331
1259
1331
1176
960
1134
812
1218
1135
1310
1190
1356
1268
1379
977
1266
1081
1203
1487
1210
1453
1074
1058
1124
960
1190
1141
1256
1311
1308
1375
1325
1126
1245
1161
1158
1484
1219
1398
1118
1094
1128
925
1276
1213
1346
1340
1400
1430
1377
1186
1307
1300
1212
1705
1265
1318
1141
1177
1177
1220
1273
1374
1345
1424
1391
1513
1388
1197
1299
1258
1215
1599
1242
1178
1172
1019
1154
1166
1273
1273
1409
1342
1433
1394
1407
1137
1377
1189
1354
1568
1314
1062
1212
962
1256
1155
1314
1171
1361
1224
1397
1289
1290
1022
1299
1020
1230
1433
1223
934
1172
867
1195
1131
1243
1199
1358
1287
1407
1073
1390
1170
1335
1246
1309
1626
1288
1149
1170
1055
1186
1114
1261
1370
1321
1393
1341
1202
1261
1138
1181
1188
1214
1516
1107
1011
1101
974
1162
1110
1254
1371
1295
1462
1335
1189
1237
1313
1222
1545
1225
1692
1135
1237
1127
1129
1205
1224
1258
1460
1319
1485
1347
1177
1295
1208
1260
1510
1293
1342
1199
988
1256
952
1319
1211
1371
1368
1415
1447
1378
1127
1344
1142
1295
1508
1295
1272
1153
973
1168
909
1300
1158
1348
1283
1380
1318
1328
997
1322
987
1258
1337
1279
1113
1201
811
1232
1081
1281
1152
1357
1311
1385
1397
1351
1091
1299
1153
1299
1473
1273
1011
1177
969
1175
1150
1292
1318
1338
1440
1377
1516
1309
1228
1305
1214
1251
1584
1252
1177
1162
1069
1172
1424
1193
1512
1264
1606
1284
1369
1255
1317
1180
1559
1241
1605
1207
1112
1162
1074
1221
1385
1265
1451
1362
1545
1402
1267
1328
1177
1305
1163
1343
1507
1293
988
1206
1013
1242
1326
1279
1477
1349
1567
1355
1250
1284
1243
1288
1216
1301
1479
1200
957
1226
908
1292
1149
1335
1395
1390
1455
1427
1119
1382
1053
1307
1334
1349
1304
1239
849
1264
812
1300
949
1315
1311
1333
1391
1288
992
1209
1143
1196
1267
1230
1203
1112
808
1111
775
1235
1058
1242
1399
1312
1495
1292
1181
1267
1169
1239
1518
1288
1141
1196
944
1223
999
1295
1333
1318
1556
1312
1631
1306
1285
1245
1378
1273
1565
1282
1118
1185
1029
1222
1279
1293
1422
1353
1596
1375
1686
1320
1319
1276
1422
1318
1622
1299
1103
1215
1024
1190
1166
1306
1412
1344
1549
1374
1602
1292
1251
1337
1125
1351
1421
1325
893
1217
779
1222
1183
1312
1310
1390
1458
1419
1244
1367
1203
1356
1202
1378
1484
1363
950
1250
918
1231
1141
1301
1396
1343
1530
1348
1329
1246
1266
1258
1243
1264
1469
1213
971
1130
879
1188
1261
1206
1438
1268
1558
1290
1270
1258
1238
1253
1152
1293
1417
1218
895
1249
856
1297
1139
1313
1474
1363
1616
1363
1330
1278
1354
1228
1595
1271
1491
1198
1025
1141
1010
1231
1207
1238
1542
1274
1655
1219
1315
1235
1578
1236
1460
1314
1340
1268
837
1284
846
1372
1111
1414
1429
1433
1543
1378
1230
1380
1265
1294
1440
1320
939
1191
801
1209
771
1244
1100
1266
1394
1283
1470
1205
1183
1242
1201
1243
1398
1285
908
1250
805
1245
1033
1344
1203
1380
1462
1397
1626
1344
1290
1279
1375
1263
1583
1329
1094
1187
962
1209
1361
1272
1414
1347
1633
1361
1385
1261
1411
1351
1344
1291
1623
1317
1108
1259
998
1256
1360
1286
1516
1338
1710
1352
1481
1248
1465
1335
1344
1267
1628
1308
1037
1217
1001
1238
1290
1311
1473
1357
1602
1378
1274
1318
1575
1329
1152
1335
1376
1280
869
1246
783
1228
1037
1295
1375
1339
1533
1345
1225
1275
1357
1249
1165
1303
1447
1200
922
1226
875
1272
1042
1281
1433
1321
1550
1300
1238
1252
1458
1282
1048
1284
1306
1202
844
1175
756
1286
1052
1293
1442
1328
1589
1318
1322
1286
1493
1273
1489
1295
1332
1199
926
1215
856
1266
1177
1309
1525
1332
1652
1339
1283
1243
1509
1285
1413
1316
1253
1230
929
1240
1149
1299
1200
1377
1561
1404
1659
1355
1344
1398
1360
1292
1570
1369
1055
1249
873
1277
1095
1275
1218
1300
1451
1318
1501
1265
1199
1236
1205
1209
1442
1313
932
1181
813
1196
1228
1270
1324
1327
1577
1346
1354
1295
1468
1361
1294
1354
1524
1341
964
1287
874
1279
1240
1267
1407
1335
1570
1335
1410
1266
1357
1289
1306
1282
1541
1262
995
1172
938
1214
1235
1243
1470
1301
1622
1319
1362
1296
1700
1261
1288
1315
1495
1296
963
1227
877
1256
1054
1291
1410
1352
1550
1349
1285
1325
1572
1264
1154
1328
1358
1245
807
1306
741
1322
1010
1324
1395
1375
1559
1318
1275
1317
1554
1319
1231
1349
1415
1300
853
1291
827
1328
1107
1327
1470
1350
1622
1332
1311
1287
1536
1280
1485
1299
1324
1215
914
1161
828
1252
1097
1263
1476
1292
1596
1222
1319
1255
1318
1206
1419
1257
1194
1205
816
1166
956
1242
1064
1291
1478
1315
1603
1312
1299
1310
1299
1256
1543
1320
1019
1234
887
1210
842
1306
1275
1325
1561
1339
1376
1251
1694
1329
1398
1236
1596
1290
1076
1237
937
1258
1212
1281
1289
1345
1510
1367
1312
1338
1539
1369
1257
1318
1459
1358
931
1249
787
1295
1169
1322
1274
1369
1499
1384
1337
1298
1431
1250
1210
1360
1469
1326
948
1293
844
1240
1121
1315
1385
1384
1567
1403
1300
1325
1692
1341
1263
1326
1510
1319
969
1298
871
1320
1087
1273
1471
1318
1644
1319
1407
1266
1728
1192
1321
1245
1543
1155
1007
1152
884
1205
1128
1190
1485
1211
1607
1220
1323
1221
1554
1167
1163
1227
1381
1118
854
1138
723
1223
1005
1223
1352
1272
1483
1255
1236
1281
1337
1190
1463
1256
1175
1171
854
1224
839
1273
1098
1316
1420
1365
1533
1311
1240
1388
1285
1270
1411
1361
1140
1269
891
1218
850
1316
1081
1358
1424
1398
1543
1302
1242
1378
1227
1270
1303
1340
1110
1281
872
1286
1166
1294
1142
1357
1452
1393
1212
1315
1639
1428
1293
1361
1512
1386
1046
1323
862
1266
1167
1319
1252
1355
1459
1330
1294
1270
1562
1322
1256
1219
1503
1278
1024
1196
875
1182
1219
1213
1331
1268
1547
1286
1259
1207
1721
1262
1273
1267
1573
1290
1049
1192
923
1197
1316
1240
1441
1291
1588
1288
1315
1206
1706
1206
1308
1148
1543
1195
975
1094
890
1127
1055
1171
1400
1209
1532
1217
1254
1281
1625
1263
1171
1304
1410
1273
911
1264
772
1308
1027
1345
1342
1420
1474
1408
1179
1411
1472
1317
1197
1359
1423
1284
901
1196
771
1264
1018
1274
1349
1351
1477
1311
1216
1324
1362
1291
1139
1357
1389
1284
899
1307
1117
1297
1061
1352
1394
1385
1533
1371
1259
1388
1316
1319
1403
1334
1211
1254
890
1220
959
1247
1115
1253
1435
1271
1555
1205
1253
1277
1281
1177
1286
1245
1189
1177
998
1199
1285
1210
1219
1253
1545
1284
1296
1209
1711
1307
1324
1208
1604
1273
1120
1178
938
1156
1232
1208
1263
1258
1485
1273
1313
1227
1578
1269
1263
1220
1486
1256
1010
1206
864
1162
1129
1238
1229
1305
1427
1337
1123
1271
1558
1323
1137
1287
1410
1292
865
1239
762
1298
1093
1319
1222
1380
1384
1414
1100
1371
1547
1324
1201
1374
1474
1354
907
1277
849
1351
990
1289
1320
1359
1462
1291
1185
1361
1626
1321
1265
1237
1554
1257
1077
1209
1028
1292
1187
1275
1475
1323
1583
1325
1286
1314
1516
1272
1265
1281
1537
1161
1092
1172
981
1216
1220
1199
1510
1255
1608
1217
1517
1284
1453
1196
1295
1258
1535
1187
1000
1208
1165
1233
1131
1248
1408
1275
1474
1182
1412
1261
1258
1212
1329
1231
1142
1180
871
1193
848
1216
1035
1271
1343
1311
1440
1260
1226
1337
1128
1259
1151
1338
1047
1247
829
1226
1154
1287
1015
1352
1305
1363
1084
1307
1471
1348
1130
1254
1441
1343
955
1222
865
1277
1098
1311
1190
1372
1415
1400
1259
1342
1573
1399
1223
1306
1554
1371
1128
1299
1000
1249
1179
1313
1318
1340
1492
1361
1151
1355
1658
1298
1316
1292
1641
1269
1149
1182
1076
1190
1427
1201
1500
1238
1619
1270
1319
1223
1724
1228
1336
1164
1612
1222
1096
1136
1035
1233
1147
1209
1406
1270
1498
1230
1208
1270
1582
1176
1184
1202
1464
1171
927
1163
845
1201
1032
1177
1249
1223
1322
1186
990
1245
1286
1192
976
1244
1306
1232
849
1198
751
1280
1006
1319
1262
1384
1357
1351
1292
1394
1286
1332
1093
1346
1371
1259
897
1291
1117
1283
1031
1307
1303
1340
1390
1249
1363
1331
1176
1279
1302
1306
1097
1214
971
1222
892
1337
1127
1349
1433
1391
1182
1344
1597
1410
1307
1288
1306
1328
1272
1249
1091
1207
1410
1265
1280
1289
1535
1300
1332
1252
1647
1285
1301
1175
1646
1274
1224
1226
1076
1183
1315
1254
1371
1293
1548
1306
1335
1240
1663
1285
1303
1192
1596
1258
1110
1155
1003
1210
1269
1214
1260
1260
1371
1272
1022
1230
1477
1232
1091
1203
1350
1260
922
1176
831
1249
909
1248
1076
1296
1260
1306
931
1286
1394
1250
1051
1216
1357
1256
898
1214
791
1289
944
1294
1205
1358
1304
1294
994
1369
1460
1313
1131
1295
1420
1273
1028
1270
920
1339
1161
1309
1412
1356
1512
1342
1235
1336
1465
1215
1259
1278
1602
1225
1118
1202
1034
1296
1247
1329
1488
1333
1531
1254
1536
1340
1492
1265
1292
1266
1574
1179
1178
1208
1309
1236
1233
1252
1515
1306
1574
1259
1553
1281
1336
1227
1475
1262
1195
1167
1084
1173
1008
1289
1174
1299
1406
1308
1142
1254
1485
1287
1156
1155
1225
1228
1062
1186
897
1152
1137
1194
991
1248
1243
1280
994
1245
1367
1285
974
1208
1315
1302
918
1258
788
1206
1065
1295
1041
1334
1263
1338
1080
1250
1406
1282
1141
1236
1428
1265
1045
1224
932
1196
1188
1266
1237
1331
1376
1341
1112
1352
1574
1291
1230
1207
1539
1333
1129
1282
1042
1325
1238
1347
1457
1391
1585
1386
1274
1356
1711
1239
1340
1222
1678
1251
1182
1187
1086
1168
1259
1262
1452
1303
1531
1281
1208
1306
1620
1204
1273
1240
1573
1196
1125
1221
985
1301
1186
1288
1431
1340
1482
1283
1161
1305
1447
1217
1156
1232
1450
1198
979
1150
868
1236
926
1240
1275
1285
1295
1230
1290
1280
1242
1213
1040
1235
1264
1168
901
1174
963
1278
989
1297
1276
1341
1354
1305
1392
1337
1154
1244
1268
1302
1076
1219
995
1230
887
1319
1104
1339
1366
1366
1107
1266
1511
1325
1229
1237
1206
1275
1176
1177
1024
1196
1297
1273
1180
1311
1445
1326
1201
1231
1599
1322
1313
1271
1255
1310
1250
1274
1094
1242
1299
1320
1240
1357
1482
1351
1115
1273
1606
1304
1280
1238
1595
1240
1133
1181
999
1162
1333
1259
1304
1314
1455
1320
1124
1298
1587
1259
1237
1225
1513
1262
1109
1223
977
1206
1120
1261
1305
1304
1423
1300
1082
1248
1524
1201
1183
1167
1472
1173
969
1136
880
1178
996
1235
1205
1300
1284
1239
978
1285
1374
1243
995
1174
1367
1221
880
1243
882
1282
1043
1283
1268
1334
1354
1334
1112
1333
1298
1279
1144
1304
1454
1210
1093
1265
996
1320
1056
1340
1383
1377
1464
1300
1474
1369
1424
1303
1217
1302
1418
1238
1104
1217
1043
1308
1205
1322
1463
1373
1533
1286
1559
1355
1287
1230
1442
1301
1296
1209
1147
1215
1065
1330
1229
1315
1462
1356
1204
1304
1573
1314
1246
1193
1268
1253
1164
1194
1061
1191
1298
1254
1160
1304
1455
1305
1203
1217
1586
1265
1233
1138
1266
1206
1193
1163
1033
1132
1251
1214
1157
1267
1351
1279
1070
1268
1500
1249
1098
1136
1419
1218
996
1191
881
1189
1079
1254
1129
1337
1284
1356
1007
1344
1433
1292
1113
1289
1396
1273
973
1223
931
1263
1055
1283
1241
1340
1394
1351
1087
1338
1554
1273
1229
1258
1553
1305
1108
1280
984
1324
1329
1380
1421
1436
1519
1422
1220
1409
1653
1317
1266
1241
1610
1264
1151
1206
1014
1315
1212
1282
1412
1366
1504
1365
1196
1350
1451
1241
1238
1307
1540
1205
1145
1236
1061
1280
1155
1307
1451
1330
1526
1244
1518
1287
1432
1150
1234
1185
1424
1155
1014
1153
990
1212
1144
1224
1370
1272
1431
1219
1438
1259
1204
1164
1290
1211
1086
1111
967
1133
860
1249
1044
1276
1297
1299
1028
1242
1437
1289
1148
1219
1126
1243
1079
1209
956
1203
1159
1307
1089
1361
1389
1358
1169
1327
1541
1345
1228
1255
1212
1277
1124
1220
1018
1253
1267
1290
1164
1343
1390
1364
1077
1357
1549
1341
1169
1233
1496
1324
1092
1270
988
1266
1303
1379
1306
1426
1464
1435
1235
1414
1641
1351
1277
1231
1594
1303
1167
1164
1098
1237
1193
1269
1349
1318
1487
1287
1224
1298
1632
1231
1258
1176
1580
1184
1120
1205
973
1207
1130
1260
1345
1312
1414
1261
1091
1296
1534
1213
1141
1139
1487
1189
1031
1116
900
1208
1065
1216
1320
1273
1399
1221
1093
1265
1413
1212
1161
1210
1392
1172
977
1183
890
1280
1053
1282
1324
1349
1374
1231
1409
1351
1334
1294
1134
1284
1338
1235
993
1257
899
1347
1103
1365
1365
1418
1436
1357
1468
1376
1187
1289
1169
1320
1344
1329
1036
1280
1322
1346
1178
1385
1455
1404
1196
1297
1628
1336
1309
1200
1335
1248
1185
1138
1094
1221
1307
1257
1211
1332
1482
1354
1274
1304
1637
1322
1250
1249
1274
1266
1204
1190
1084
1228
1341
1245
1229
1287
1451
1301
1107
1276
1590
1248
1259
1174
1535
1195
1127
1160
1017
1185
1284
1235
1288
1308
1424
1332
1117
1287
1563
1268
1215
1221
1460
1249
1020
1213
901
1214
1005
1266
1229
1359
1284
1313
1012
1327
1504
1264
1133
1212
1443
1230
1005
1240
869
1253
1063
1301
1253
1362
1343
1316
1026
1367
1487
1277
1102
1210
1474
1221
995
1278
968
1308
1033
1325
1348
1382
1444
1394
1161
1386
1431
1288
1225
1320
1471
1282
1065
1228
980
1331
1119
1319
1436
1358
1497
1265
1535
1312
1429
1203
1234
1229
1470
1178
1077
1200
1073
1274
1238
1286
1508
1337
1597
1305
1647
1321
1406
1207
1336
1257
1461
1201
1154
1193
1377
1230
1167
1283
1458
1309
1147
1195
1563
1264
1227
1188
1147
1203
1094
1157
959
1141
1142
1257
986
1317
1304
1358
1113
1303
1436
1345
1126
1267
1125
1295
998
1190
878
1243
1177
1320
1056
1381
1284
1387
946
1368
1450
1367
1127
1269
1408
1292
1022
1238
923
1268
1209
1299
1187
1360
1374
1375
1056
1352
1578
1308
1236
1255
1540
1303
1107
1230
1065
1294
1142
1305
1341
1368
1508
1340
1237
1358
1706
1314
1357
1238
1702
1223
1209
1208
1171
1186
1404
1285
1502
1345
1580
1267
1242
1333
1679
1221
1303
1192
1623
1153
1167
1195
1067
1264
1143
1253
1382
1318
1456
1313
1231
1252
1533
1291
1516
1251
1266
1175
935
1192
940
1233
890
1244
871
1294
1371
1312
1429
1278
1437
1237
1307
1169
1175
1160
1089
1181
896
1209
860
1252
864
1234
996
1253
1433
1318
1542
1292
1513
1258
1390
1235
1165
1236
1109
1264
1109
1298
977
1249
1103
1292
1149
1225
1172
1262
1568
1264
1478
1233
1358
1273
1190
1278
1120
1324
1190
1348
1139
1319
1218
1287
1303
1291
1245
1263
1532
1312
1462
1330
1366
1352
1325
1370
1237
1366
1326
1363
1402
1311
1245
1261
1260
1283
1145
1207
1018
1328
1392
1352
1389
1374
1419
1374
1396
1333
1430
1295
1453
1248
1210
1177
1154
1202
996
1193
942
1219
1279
1330
1360
1347
1417
1343
1448
1304
1303
1254
1269
1226
1199
1198
987
1199
884
1199
898
1220
1034
1283
1502
1264
1552
1228
1534
1190
1352
1145
1219
1156
1132
1192
986
1221
979
1206
1088
1254
1172
1275
1602
1298
1632
1276
1546
1256
1437
1235
1203
1255
1187
1281
1172
1303
1114
1282
1222
1261
1252
1237
1185
1245
1523
1258
1398
1275
1292
1318
1133
1340
1159
1367
1263
1383
1153
1319
1270
1340
1179
1230
1168
1211
1411
1321
1375
1336
1343
1366
1361
1367
1285
1351
1360
1328
1375
1301
1207
1263
1127
1237
1053
1249
967
1326
1354
1370
1383
1375
1472
1364
1431
1299
1421
1258
1386
1218
1170
1210
978
1187
950
1244
876
1289
1345
1354
1457
1341
1526
1325
1539
1293
1366
1247
1296
1248
1227
1210
1011
1233
963
1257
1012
1241
1150
1294
1616
1266
1608
1213
1533
1171
1306
1147
1151
1166
1072
1207
936
1207
994
1247
1023
1225
1148
1217
1473
1307
1468
1276
1388
1271
1275
1294
1084
1270
1115
1312
1203
1250
1154
1276
1239
1250
1223
1200
1140
1216
1441
1260
1382
1294
1294
1348
1206
1341
1277
1377
1394
1379
1354
1288
1319
1249
1265
1296
1147
1247
1398
1338
1442
1358
1467
1379
1540
1371
1461
1323
1502
1286
1483
1218
1246
1227
1096
1210
998
1262
941
1276
1330
1357
1402
1351
1454
1323
1425
1244
1318
1192
1243
1158
987
1128
899
1129
825
1103
896
1136
1224
1193
1404
1174
1419
1152
1365
1120
1119
1097
994
1124
910
1147
757
1196
790
1235
863
1199
975
1139
1397
1172
1370
1137
1235
1130
1063
1151
850
1231
856
1321
825
1394
980
1403
1156
1469
1232
1383
1491
1444
1704
1420
1593
1416
1487
1478
1314
1521
1369
1566
1492
1627
1543
1593
1662
1495
1714
1394
1658
1328
1925
1324
1764
1303
1635
1331
1488
1390
1343
1468
1371
1537
1334
1492
1284
1511
1260
1374
1201
1291
1113
1236
1418
1170
1285
1169
1225
1196
1056
1241
1101
1290
1162
1360
1092
1341
1110
1277
1086
1151
1141
1071
1514
1006
1497
981
1442
1000
1392
1051
1235
1157
1272
1254
1360
1308
1246
1254
1349
1162
1332
1013
1219
941
1518
875
1343
883
1184
987
978
1135
926
1320
1052
1467
1063
1503
1197
1415
1218
1236
1215
1098
1428
1026
1290
999
1092
1082
964
1243
818
1431
932
1599
1114
1625
1185
1630
1290
1478
1277
1306
1142
1233
1345
1183
1187
1222
1050
1352
991
1504
1030
1656
1221
1709
1260
1604
1329
1500
1294
1276
1245
1135
1188
1076
1311
1089
1206
1186
1185
1332
1123
1465
1255
1568
1452
1581
1409
1487
1443
1298
1351
1099
1251
967
1489
977
1382
1008
1310
1104
1313
1221
1279
1351
1428
1432
1480
1465
1515
1302
1491
1236
1346
1048
1159
1061
1336
1065
1194
1139
1097
1268
1005
1417
1133
1506
1339
1580
1320
1509
1424
1380
1405
1204
1231
1032
1395
1064
1214
1108
1072
1235
1051
1402
1031
1552
1255
1643
1516
1564
1509
1470
1557
1318
1410
1104
1144
1041
1327
1062
1153
1164
1066
1324
1082
1465
1165
1583
1426
1593
1485
1474
1527
1343
1514
1213
1258
1093
1440
1114
1392
1186
1299
1314
1307
1460
1288
1541
1454
1573
1627
1498
1617
1327
1569
1156
1535
1041
1326
928
1572
1022
1416
1105
1281
1224
1218
1329
1118
1378
1200
1418
1219
1299
1173
1265
1160
1054
1145
1010
989
1013
1213
1025
1023
1091
882
1212
707
1320
774
1401
941
1439
949
1375
1135
1321
1114
1176
1097
1077
1284
1156
1130
1197
962
1298
896
1422
824
1519
1009
1578
1276
1562
1372
1445
1498
1309
1474
1137
1338
1092
1561
1111
1360
1200
1257
1352
1194
1470
1294
1579
1534
1622
1661
1541
1741
1411
1741
1232
1613
1127
1533
1140
1563
1171
1397
1263
1336
1390
1273
1472
1446
1530
1654
1530
1663
1362
1667
1280
1581
1161
1366
1035
1512
1127
1322
1189
1188
1292
1129
1359
1078
1410
1257
1393
1438
1315
1343
1189
1403
1086
1203
944
906
969
1091
1033
875
1109
766
1201
703
1268
805
1329
1025
1349
1119
1262
1204
1195
1146
1054
1037
1009
1090
1060
954
1098
798
1178
777
1271
751
1337
967
1411
1296
1398
1404
1360
1472
1221
1401
1130
1208
1117
1375
1197
1169
1267
1038
1389
1077
1495
1129
1577
1432
1605
1682
1530
1723
1444
1725
1251
1608
1183
1285
1192
1419
1235
1179
1345
1071
1468
1014
1565
1224
1629
1511
1614
1601
1521
1742
1342
1638
1167
1471
1086
1459
1185
1240
1233
1014
1325
961
1415
963
1457
1249
1460
1571
1356
1660
1271
1720
1123
1553
1007
1266
990
1298
1120
981
1212
793
1289
812
1354
923
1398
1292
1382
1628
1227
1679
1157
1711
1086
1448
978
1067
1043
1084
1104
814
1197
764
1292
859
1343
1230
1396
1685
1390
1872
1246
1892
1174
1734
1074
1304
1024
1209
1071
909
1137
744
1242
819
1353
942
1440
1414
1470
1786
1432
1760
1372
1701
1221
1319
1095
914
1106
899
1196
667
1287
663
1401
848
1475
1089
1527
1465
1482
1714
1313
1587
1166
1404
1078
1046
959
663
1060
753
1154
652
1280
731
1400
886
1454
1238
1459
1559
1394
1537
1249
1523
1078
1302
1028
918
977
881
1104
733
1209
706
1305
876
1374
1079
1384
1475
1368
1797
1303
1706
1195
1570
1043
1263
1044
814
1089
899
1223
755
1315
815
1392
1089
1433
1376
1435
1793
1400
2036
1317
1861
1174
1517
1066
1039
1076
697
1136
788
1237
756
1326
958
1427
1262
1485
1663
1490
1981
1429
1925
1335
1689
1194
1294
1121
809
1103
643
1210
752
1307
842
1394
1141
1498
1406
1522
1754
1492
1925
1383
1735
1241
1401
1086
1071
1074
669
1100
845
1228
825
1348
987
1432
1285
1469
1464
1371
1708
1353
1783
1217
1502
1004
1224
916
915
934
611
1021
840
1180
831
1291
978
1395
1198
1396
1400
1365
1638
1277
1693
1173
1487
980
1203
998
850
972
604
1137
840
1201
880
1313
1075
1385
1230
1375
1535
1340
1730
1260
1549
1074
1342
1045
1052
1050
668
1097
762
1228
764
1333
915
1422
1180
1470
1369
1461
1627
1405
1731
1307
1441
1201
1169
1056
837
1063
527
1138
778
1298
850
1429
1077
1528
1359
1564
1549
1540
1755
1444
1743
1249
1436
1155
1108
1060
857
1075
633
1158
932
1290
1032
1393
1246
1472
1458
1458
1632
1407
1772
1286
1690
1108
1376
1065
1102
999
851
1068
638
1205
948
1320
1055
1390
1267
1432
1408
1368
1638
1296
1746
1175
1553
1007
1243
986
927
967
576
1034
746
1163
811
1251
986
1353
1288
1420
1498
1365
1749
1294
1788
1199
1446
1098
1110
972
766
1003
389
1062
714
1213
839
1332
1128
1437
1482
1465
1702
1435
1864
1358
1804
1233
1347
1079
947
1031
589
1050
371
1187
778
1315
1001
1416
1348
1528
1577
1508
1765
1459
1810
1323
1619
1130
1107
1064
763
980
498
1051
349
1204
838
1356
1092
1491
1408
1557
1563
1514
1722
1410
1724
1255
1390
1071
1089
985
736
990
495
1036
710
1262
927
1413
1191
1525
1492
1534
1651
1458
1799
1333
1738
1172
1313
1003
1012
956
611
979
477
1085
848
1305
1067
1435
1400
1515
1759
1511
1871
1425
1936
1291
1763
1135
1227
1042
850
967
497
975
417
1089
949
1355
1275
1510
1672
1597
2004
1564
2059
1458
1975
1298
1685
1074
1094
1000
740
975
482
1002
475
1214
1132
1404
1488
1547
1833
1597
2016
1524
1943
1376
1734
1202
1305
984
783
969
445
919
373
1081
519
1279
1130
1453
1463
1556
1752
1548
1766
1415
1715
1236
1487
1054
983
874
575
888
352
913
313
1086
794
1307
1149
1465
1475
1561
1743
1502
1687
1350
1646
1172
1388
1021
841
877
509
863
363
1025
322
1180
933
1400
1277
1537
1643
1593
1887
1521
1808
1364
1633
1194
1290
1057
734
920
403
1009
275
1107
396
1230
1065
1518
1478
1636
1851
1635
2036
1506
1843
1327
1572
1142
1157
962
640
951
418
1012
392
1123
610
1386
1371
1573
1772
1649
2048
1609
2051
1440
1794
1251
1453
1067
1053
905
615
951
438
993
569
1219
820
1464
1538
1592
1846
1615
2015
1528
1893
1346
1654
1150
1345
997
964
940
626
934
593
1084
692
1222
1113
1476
1614
1568
1887
1566
1980
1454
1797
1282
1577
1118
1256
1002
826
935
610
978
521
1140
658
1281
1209
1527
1574
1606
1829
1586
1940
1458
1709
1251
1454
1083
1099
967
658
931
413
994
405
1116
614
1263
1272
1540
1642
1608
1851
1561
1951
1391
1649
1201
1313
1025
934
935
513
910
371
998
413
1178
693
1406
1438
1600
1763
1616
1943
1514
1906
1335
1517
1104
1151
953
785
870
440
918
361
1057
576
1291
844
1471
1659
1645
1971
1586
2089
1445
1983
1234
1555
1056
1182
939
856
922
498
1015
520
1177
711
1353
1045
1542
1778
1622
2016
1558
2132
1418
1911
1212
1489
1066
1092
982
771
947
480
1079
453
1195
734
1418
1078
1586
1831
1647
2082
1568
2097
1425
1758
1227
1294
1077
868
996
521
996
275
1108
346
1229
701
1468
1092
1622
1840
1630
2039
1533
1980
1330
1526
1121
1097
969
694
900
362
925
251
1091
438
1254
823
1477
1540
1610
1967
1589
2090
1464
1914
1255
1424
1044
1006
900
695
884
397
938
442
1111
738
1311
1096
1484
1861
1584
2127
1523
2138
1372
1888
1192
1390
1002
989
903
706
921
492
998
568
1144
889
1389
1210
1504
1931
1604
2124
1538
2070
1387
1774
1208
1240
1035
859
954
610
964
428
1065
513
1255
829
1414
1223
1540
1921
1651
2046
1570
1933
1411
1580
1246
1013
1049
673
967
442
984
267
1108
458
1295
928
1495
1293
1578
1986
1637
2031
1548
1821
1355
1413
1151
835
978
523
922
409
964
411
1153
695
1323
1129
1519
1550
1607
2135
1639
2091
1474
1803
1264
1366
1052
828
911
585
884
563
987
576
1131
972
1381
1421
1528
1769
1615
2238
1537
2094
1390
1748
1162
1309
998
800
888
607
901
635
1017
732
1199
1128
1381
1517
1485
1824
1575
2246
1546
2044
1354
1641
1156
1200
983
709
904
547
932
608
1052
696
1191
1092
1408
1530
1575
1784
1609
2102
1516
1802
1336
1383
1135
960
953
463
870
340
920
450
1035
596
1226
1032
1438
1439
1532
1642
1607
1859
1463
1603
1287
1154
1096
732
933
342
882
311
977
520
1143
783
1346
1244
1524
1595
1599
1721
1617
1843
1454
1538
1267
1118
1081
739
932
427
905
491
1007
764
1150
990
1343
1475
1541
1743
1559
1836
1591
1844
1424
1569
1227
1140
1036
804
906
541
889
664
1020
973
1212
1224
1392
1680
1577
1886
1575
1964
1575
1878
1400
1528
1200
1104
1008
823
891
601
901
761
1031
1117
1206
1346
1422
1703
1563
1849
1626
1876
1599
1694
1418
1302
1195
904
1017
670
927
512
957
746
1123
1107
1315
1413
1524
1650
1617
1748
1660
1827
1552
1453
1340
1060
1117
714
957
552
863
485
940
775
1114
1169
1268
1420
1480
1661
1606
1609
1560
1625
1455
1279
1256
946
1068
673
915
612
861
606
936
934
1118
1358
1341
1562
1520
1741
1556
1698
1532
1659
1397
1251
1196
962
1005
748
881
741
872
802
959
1157
1151
1551
1323
1748
1553
1809
1565
1699
1543
1600
1385
1208
1188
938
991
763
896
786
923
873
1002
1215
1222
1600
1445
1667
1542
1709
1587
1509
1527
1353
1376
997
1166
736
994
654
902
746
945
881
1047
1260
1274
1594
1453
1639
1642
1632
1688
1350
1534
1236
1383
838
1170
684
1007
692
939
823
969
994
1108
1366
1330
1676
1468
1648
1641
1593
1662
1268
1483
1168
1335
764
1117
733
980
793
910
996
963
1209
1089
1553
1319
1834
1524
1778
1628
1651
1615
1306
1425
1178
1254
918
1039
847
897
932
847
1163
914
1386
1091
1651
1301
1881
1513
1743
1581
1503
1559
1133
1399
970
1183
795
1012
775
889
932
869
1168
963
1380
1134
1626
1370
1769
1531
1588
1570
1320
1553
1009
1385
855
1176
708
990
745
894
941
900
1199
1020
1434
1207
1575
1449
1672
1612
1435
1646
1120
1602
817
1406
755
1205
611
1045
696
931
1007
951
1263
1070
1514
1269
1577
1494
1622
1678
1338
1659
1122
1609
772
1373
794
1168
701
1010
876
923
1150
941
1425
1050
1678
1254
1732
1474
1760
1630
1517
1657
1186
1526
957
1339
927
1095
864
936
1050
873
1308
901
1593
1060
1834
1278
1838
1488
1817
1626
1516
1595
1193
1458
918
1277
841
1068
806
897
1058
842
1332
905
1594
1076
1793
1311
1745
1496
1672
1622
1340
1575
1052
1423
778
1251
645
1040
796
912
950
894
1310
979
1601
1148
1758
1377
1675
1567
1554
1685
1284
1644
945
1497
676
1283
577
1107
785
975
1066
942
1374
1025
1599
1196
1719
1424
1609
1595
1459
1688
1228
1576
813
1428
643
1243
579
1039
773
904
1049
885
1347
965
1568
1159
1680
1425
1609
1570
1383
1640
1182
1549
798
1434
666
1179
586
1005
838
892
1101
891
1449
999
1686
1191
1778
1409
1717
1553
1400
1620
1194
1536
804
1335
662
1133
702
979
951
868
1248
874
1558
1003
1780
1203
1817
1409
1692
1554
1359
1619
1122
1529
751
1345
701
1181
749
1028
1009
919
1369
963
1608
1079
1760
1273
1779
1480
1608
1635
1261
1668
1028
1602
745
1397
740
1216
759
1021
972
940
1338
963
1617
1091
1744
1292
1728
1505
1599
1654
1279
1670
1034
1595
855
1352
745
1191
883
1011
1101
941
1401
969
1674
1093
1773
1306
1736
1511
1561
1621
1255
1618
1006
1511
899
1318
770
1117
922
941
1124
881
1425
930
1676
1066
1748
1259
1653
1437
1454
1571
1207
1546
963
1443
879
1266
788
1106
996
929
1154
888
1429
920
1618
1053
1618
1247
1536
1416
1346
1534
1142
1547
903
1456
883
1312
826
1123
989
992
1187
925
1461
971
1517
1104
1557
1295
1434
1467
1252
1563
1094
1579
911
1487
897
1335
885
1170
1032
1004
1158
984
1322
1025
1414
1173
1388
1370
1337
1532
1222
1621
1088
1603
987
1488
941
1325
1044
1121
1117
1024
1221
954
1396
1042
1402
1179
1455
1338
1375
1474
1222
1549
1134
1521
1081
1415
1035
1273
1163
1127
1279
1006
1370
989
1468
1036
1514
1143
1454
1292
1340
1406
1239
1475
1152
1469
1139
1399
1126
1277
1235
1161
1252
1047
1376
1003
1447
1052
1376
1164
1351
1276
1204
1403
1122
1481
1073
1503
1091
1422
1139
1289
1197
1155
1216
1050
1382
1008
1372
1054
1307
1145
1241
1283
1162
1398
1086
1504
1084
1487
1104
1419
1181
1296
1246
1197
1400
1047
1421
1064
1360
1105
1341
1210
1178
1315
1072
1406
1018
1457
1002
1427
1101
1378
1198
1283
1288
1182
1416
1116
1434
1087
1378
1126
1233
1203
1109
1278
995
1351
967
1403
1007
1413
1134
1397
1312
1310
1437
1228
1538
1165
1476
1134
1423
1126
1295
1159
1091
1248
951
1309
925
1372
1075
1381
1261
1371
1373
1294
1533
1227
1565
1157
1519
1115
1380
1111
1176
1158
982
1239
910
1298
970
1344
1065
1364
1222
1342
1401
1277
1510
1218
1525
1158
1516
1138
1364
1160
1154
1212
984
1266
893
1321
901
1360
1017
1360
1182
1340
1384
1303
1492
1260
1517
1230
1492
1224
1323
1222
1122
1233
903
1265
837
1288
828
1309
972
1315
1188
1331
1438
1313
1606
1290
1663
1266
1556
1229
1361
1214
1143
1190
930
1181
836
1204
856
1226
1073
1267
1262
1298
1510
1301
1665
1289
1719
1248
1615
1215
1397
1179
1152
1173
932
1187
770
1137
846
1238
1058
1280
1302
1294
1564
1303
1680
1313
1708
1277
1599
1249
1400
1239
1169
1218
908
1229
800
1228
854
1231
1000
1240
1240
1233
1468
1252
1606
1268
1647
1276
1509
1298
1315
1276
1071
1256
866
1216
707
1204
741
1194
918
1202
1142
1247
1381
1302
1489
1362
1616
1389
1521
1390
1323
1355
1084
1291
869
1240
766
1191
828
1179
901
1213
1176
1252
1467
1309
1659
1348
1704
1384
1596
1367
1418
1329
1168
1268
971
1214
842
1196
888
1188
984
1200
1284
1228
1520
1258
1681
1309
1700
1344
1611
1350
1400
1331
1207
1286
984
1239
899
1200
916
1171
1046
1169
1246
1171
1448
1227
1605
1294
1654
1359
1567
1414
1447
1417
1246
1360
1071
1293
959
1222
970
1155
1114
1125
1251
1144
1459
1212
1555
1314
1626
1370
1564
1437
1405
1412
1197
1351
974
1267
940
1169
918
1103
1040
1078
1242
1108
1466
1197
1573
1288
1572
1368
1481
1409
1297
1404
1116
1340
924
1258
881
1180
893
1131
1064
1098
1231
1125
1441
1188
1547
1268
1556
1334
1491
1401
1281
1404
1129
1397
1001
1318
977
1249
1000
1169
1137
1110
1353
1091
1485
1127
1569
1212
1537
1322
1449
1409
1272
1454
1124
1437
1013
1373
980
1241
1043
1155
1134
1089
1293
1068
1410
1126
1487
1223
1468
1353
1368
1454
1252
1501
1094
1481
994
1389
996
1251
1043
1175
1172
1110
1322
1096
1495
1146
1570
1244
1515
1343
1402
1444
1278
1483
1108
1471
1026
1396
1051
1282
1146
1186
1303
1113
1416
1093
1588
1121
1629
1192
1544
1278
1391
1382
1222
1442
1057
1439
1022
1400
1036
1316
1156
1188
1349
1115
1411
1061
1532
1074
1542
1135
1459
1233
1325
1375
1168
1449
1085
1484
991
1441
1018
1346
1146
1226
1236
1116
1385
1059
1482
1057
1520
1135
1418
1266
1313
1388
1156
1482
1028
1519
946
1469
940
1363
1070
1241
1137
1143
1344
1070
1480
1080
1513
1152
1470
1251
1312
1369
1128
1491
1030
1488
943
1450
959
1375
1034
1271
1224
1187
1368
1124
1536
1098
1606
1132
1534
1204
1426
1297
1264
1382
1109
1448
1016
1456
1010
1410
1082
1321
1238
1217
1426
1118
1569
1092
1663
1089
1624
1165
1497
1306
1339
1385
1138
1466
1045
1484
981
1439
1049
1312
1192
1231
1360
1113
1514
1066
1622
1073
1639
1147
1542
1268
1415
1354
1219
1435
1035
1455
1007
1396
970
1318
1043
1218
1207
1146
1418
1104
1569
1105
1614
1181
1570
1255
1425
1350
1212
1410
1022
1429
834
1421
812
1358
902
1258
1096
1200
1312
1156
1503
1145
1604
1159
1588
1216
1450
1304
1245
1375
1036
1425
855
1446
802
1404
866
1320
1035
1249
1261
1150
1494
1121
1603
1125
1653
1181
1610
1278
1402
1349
1204
1425
949
1426
869
1408
847
1315
1001
1218
1193
1145
1462
1094
1656
1097
1744
1186
1732
1261
1595
1339
1357
1396
1102
1408
897
1401
801
1322
896
1256
1107
1198
1371
1168
1624
1165
1814
1190
1794
1242
1669
1292
1409
1361
1099
1370
869
1380
735
1317
754
1301
923
1248
1182
1195
1503
1157
1681
1156
1741
1213
1599
1265
1384
1335
1092
1400
849
1416
721
1421
750
1364
896
1296
1162
1222
1448
1194
1641
1156
1758
1188
1730
1254
1527
1316
1265
1381
980
1403
829
1403
788
1336
896
1276
1124
1216
1365
1171
1638
1165
1782
1194
1783
1235
1651
1285
1401
1319
1116
1350
955
1362
831
1331
883
1294
1077
1249
1334
1202
1589
1189
1743
1182
1772
1200
1650
1228
1452
1301
1164
1330
952
1362
861
1372
916
1342
1068
1297
1269
1261
1485
1193
1612
1149
1650
1160
1596
1197
1444
1251
1244
1321
1045
1374
921
1396
921
1378
995
1306
1136
1248
1237
1191
1444
1165
1505
1166
1469
1216
1410
1242
1296
1314
1129
1348
1004
1356
941
1343
949
1335
963
1270
1136
1226
1223
1245
1340
1213
1355
1222
1396
1232
1340
1269
1249
1283
1064
1340
1081
1355
1019
1353
1039
1328
1114
1287
1225
1251
1203
1213
1387
1196
1434
1191
1510
1241
1374
1287
1356
1308
1291
1370
1209
1377
1177
1353
1187
1309
1141
1255
1215
1205
1277
1172
1392
1184
1487
1215
1547
1272
1553
1318
1507
1353
1396
1361
1250
1368
1137
1340
1034
1312
1040
1300
1132
1275
1265
1256
1458
1255
1588
1272
1619
1289
1573
1303
1410
1331
1220
1354
1043
1367
906
1361
905
1348
982
1304
1160
1257
1378
1185
1536
1201
1609
1209
1617
1248
1444
1301
1278
1341
1079
1380
904
1377
836
1356
889
1283
1085
1206
1314
1151
1438
1137
1674
1151
1679
1197
1584
1188
1381
1309
1138
1352
938
1368
795
1343
815
1310
951
1259
1190
1203
1461
1171
1650
1181
1740
1196
1659
1220
1464
1261
1198
1336
956
1375
832
1407
771
1390
897
1352
1164
1279
1448
1210
1666
1165
1781
1130
1734
1156
1535
1212
1189
1309
1014
1407
846
1469
817
1487
915
1442
1162
1344
1395
1245
1629
1161
1741
1152
1717
1180
1555
1226
1293
1333
1080
1441
924
1481
863
1512
956
1471
1078
1381
1336
1268
1539
1201
1705
1124
1728
1120
1602
1169
1415
1221
1188
1321
1017
1392
912
1441
905
1444
993
1398
1254
1311
1423
1210
1603
1124
1653
1070
1601
1063
1454
1129
1241
1218
1027
1330
930
1428
881
1479
990
1454
1139
1379
1317
1260
1469
1128
1541
1064
1515
1015
1407
1059
1235
1190
1069
1319
967
1439
928
1512
966
1511
1094
1431
1227
1303
1352
1174
1455
1075
1487
1041
1459
1076
1376
1181
1231
1293
1157
1453
1081
1518
1084
1538
1126
1496
1212
1395
1377
1294
1424
1183
1547
1117
1576
1113
1541
1140
1432
1252
1311
1364
1195
1478
1113
1548
1099
1543
1194
1504
1241
1403
1398
1270
1499
1160
1558
1079
1564
1088
1474
1160
1328
1277
1106
1420
1081
1517
981
1558
1002
1507
1093
1398
1240
1245
1349
1112
1459
1011
1500
1010
1457
1069
1381
1171
1218
1300
1082
1410
971
1441
934
1450
967
1361
1066
1264
1215
1151
1399
1075
1464
1050
1519
1073
1465
1149
1388
1241
1209
1351
1011
1448
903
1478
880
1463
925
1415
1141
1306
1371
1202
1554
1109
1668
1098
1640
1136
1525
1210
1343
1321
1113
1446
926
1528
868
1550
1011
1512
1133
1413
1381
1292
1611
1171
1767
1118
1779
1120
1647
1184
1498
1286
1254
1392
1057
1480
924
1530
929
1486
1034
1402
1244
1296
1478
1196
1688
1130
1747
1120
1752
1155
1592
1216
1351
1287
1098
1355
897
1400
794
1403
846
1368
1041
1323
1241
1249
1470
1172
1672
1116
1677
1097
1557
1105
1375
1143
1114
1213
852
1291
764
1337
733
1365
827
1360
1078
1294
1336
1191
1579
1132
1656
1091
1616
1086
1465
1139
1201
1206
945
1321
814
1397
761
1440
809
1408
986
1392
1186
1322
1458
1245
1595
1206
1653
1190
1605
1224
1425
1269
1252
1337
1070
1400
936
1440
934
1454
1004
1436
1155
1439
1428
1370
1557
1330
1700
1291
1685
1254
1638
1244
1489
1264
1288
1297
1105
1351
1010
1402
996
1440
1032
1429
1242
1397
1384
1326
1586
1232
1667
1172
1610
1162
1533
1115
1370
1155
1179
1235
1037
1317
942
1366
961
1381
1026
1355
1171
1299
1311
1208
1452
1127
1538
1084
1530
1065
1465
1120
1306
1172
1160
1245
1002
1306
918
1346
887
1359
945
1325
1067
1302
1260
1251
1353
1191
1499
1148
1489
1152
1428
1165
1272
1220
1081
1298
976
1372
876
1453
890
1472
964
1467
1150
1389
1388
1303
1514
1211
1592
1146
1598
1143
1490
1201
1320
1292
1221
1376
980
1490
969
1526
1016
1502
1159
1401
1326
1315
1505
1220
1608
1147
1657
1132
1586
1121
1436
1257
1310
1333
1167
1398
1078
1436
1037
1420
1094
1383
1224
1302
1363
1215
1512
1159
1584
1095
1590
1095
1435
1124
1353
1190
1190
1264
1034
1339
929
1387
941
1405
1065
1342
1100
1283
1259
1192
1376
1094
1462
1047
1462
1050
1317
1101
1199
1200
1041
1308
937
1403
889
1444
965
1402
1050
1344
1168
1242
1285
1150
1366
1097
1384
1093
1286
1159
1196
1237
1170
1342
1075
1420
1005
1469
1016
1459
1057
1410
1135
1334
1212
1262
1322
1214
1340
1179
1424
1185
1392
1236
1318
1334
1242
1356
1120
1411
1098
1453
1005
1474
1185
1409
1246
1357
1339
1272
1442
1205
1515
1154
1516
1137
1483
1170
1378
1234
1279
1324
1200
1390
1188
1377
1157
1409
1202
1349
1293
1249
1370
1163
1422
1094
1473
1072
1486
1106
1389
1164
1250
1263
1150
1320
1029
1365
1021
1358
1006
1320
1063
1261
1175
1208
1272
1159
1333
1134
1373
1145
1362
1158
1283
1224
1111
1275
1023
1327
941
1368
925
1379
934
1376
1012
1341
1183
1296
1304
1245
1404
1201
1526
1177
1456
1194
1324
1238
1173
1275
1064
1383
922
1435
949
1439
1028
1410
1189
1366
1368
1271
1533
1203
1637
1169
1610
1173
1532
1221
1376
1283
1170
1351
1050
1404
982
1404
1020
1363
1138
1320
1282
1247
1489
1214
1645
1188
1705
1173
1674
1182
1498
1207
1297
1240
1112
1246
958
1294
899
1306
975
1300
1091
1289
1281
1248
1475
1206
1584
1166
1606
1149
1491
1149
1334
1169
1114
1232
906
1286
784
1345
743
1381
814
1345
980
1316
1188
1249
1362
1192
1459
1156
1468
1152
1319
1193
1213
1230
1032
1318
850
1390
775
1391
769
1381
872
1337
1099
1291
1309
1244
1474
1222
1548
1244
1550
1244
1477
1270
1330
1306
1147
1334
1026
1343
940
1350
952
1345
1067
1326
1201
1294
1480
1265
1601
1237
1651
1192
1666
1196
1573
1223
1420
1250
1259
1284
1086
1349
1098
1351
1035
1335
1103
1284
1261
1243
1416
1177
1535
1149
1574
1151
1578
1175
1487
1225
1349
1280
1182
1321
1024
1333
960
1318
961
1277
1051
1218
1159
1193
1282
1208
1401
1195
1506
1212
1435
1251
1390
1295
1240
1315
1116
1331
959
1326
911
1318
919
1301
1005
1281
1113
1267
1257
1254
1360
1255
1429
1272
1420
1258
1357
1314
1252
1332
1151
1375
1054
1376
973
1357
1043
1330
1094
1265
1219
1227
1295
1201
1389
1202
1410
1222
1432
1260
1409
1302
1257
1349
1284
1355
1185
1305
1147
1281
1146
1230
1210
1189
1275
1172
1325
1177
1376
1215
1398
1250
1452
1278
1364
1297
1299
1301
1265
1268
1211
1254
1174
1230
1175
1214
1197
1196
1237
1210
1236
1219
1240
1229
1257
1243
1258
1253
1225
1282
1237
1277
1236
1296
1215
1305
1204
1285
1200
1260
1172
1241
1139
1225
1138
1221
1143
1268
1163
1278
1212
1317
1236
1351
1260
1365
1250
1356
1312
1303
1274
1276
1234
1247
1192
1231
1157
1250
1137
1273
1166
1302
1180
1324
1250
1337
1294
1328
1431
1299
1455
1283
1452
1269
1424
1249
1361
1255
1300
1260
1212
1269
1222
1298
1187
1274
1199
1264
1260
1255
1324
1254
1396
1253
1455
1250
1420
1235
1392
1230
1285
1216
1221
1189
1139
1193
1084
1203
1074
1215
1099
1241
1177
1271
1274
1291
1356
1269
1362
1265
1340
1240
1268
1221
1126
1225
1069
1235
1017
1257
986
1296
1008
1317
1097
1344
1134
1349
1229
1330
1283
1307
1313
1293
1282
1280
1226
1294
1154
1292
1076
1326
1083
1319
1070
1314
1102
1316
1158
1314
1256
1309
1348
1303
1388
1300
1434
1304
1386
1279
1357
1282
1301
1277
1253
1262
1215
1262
1200
1267
1214
1285
1295
1297
1379
1307
1434
1306
1496
1277
1475
1246
1438
1216
1380
1182
1288
1198
1284
1214
1255
1220
1244
1319
1286
1280
1264
1275
1307
1253
1317
1230
1306
1201
1279
1190
1250
1192
1235
1212
1188
1231
1110
1250
1127
1258
1115
1253
1101
1248
1114
1241
1121
1253
1123
1255
1143
1253
1157
1276
1148
1283
1129
1281
1169
1278
1140
1278
1143
1283
1132
1308
1167
1308
1148
1324
1182
1322
1160
1315
1222
1298
1226
1288
1225
1287
1255
1275
1301
1280
1339
1289
1357
1306
1322
1303
1361
1300
1301
1285
1303
1265
1261
1242
1217
1252
1228
1268
1230
1287
1307
1300
1457
1309
1539
1301
1516
1276
1515
1222
1457
1228
1321
1214
1235
1214
1140
1231
1072
1247
1036
1266
1058
1307
1199
1273
1330
1248
1435
1227
1470
1214
1441
1216
1369
1215
1233
1228
1063
1252
911
1238
864
1245
828
1250
881
1252
1050
1258
1271
1266
1427
1262
1542
1262
1530
1228
1410
1261
1199
1251
1000
1258
834
1276
715
1285
739
1334
880
1355
1128
1368
1416
1352
1650
1323
1819
1302
1725
1263
1558
1256
1318
1272
1073
1277
872
1309
810
1330
846
1344
1012
1327
1284
1317
1547
1275
1807
1273
1911
1246
1865
1274
1679
1275
1394
1292
1141
1298
924
1302
747
1291
848
1275
1020
1254
1301
1252
1592
1252
1800
1252
1918
1247
1829
1240
1630
1234
1319
1233
1012
1176
790
1221
649
1234
702
1250
886
1248
1151
1257
1418
1252
1582
1238
1720
1215
1613
1257
1396
1235
1119
1238
907
1267
697
1295
638
1290
716
1287
911
1287
1134
1269
1423
1262
1577
1262
1643
1270
1569
1295
1433
1314
1224
1320
1057
1298
902
1306
790
1290
853
1292
985
1316
1232
1320
1474
1330
1665
1340
1735
1340
1668
1320
1458
1300
1294
1269
1106
1254
970
1249
934
1255
986
1287
1182
1317
1413
1309
1611
1304
1750
1289
1761
1258
1658
1219
1501
1213
1308
1215
1125
1216
1016
1237
959
1254
1029
1260
1164
1263
1318
1253
1509
1242
1557
1237
1583
1224
1499
1195
1336
1217
1118
1219
948
1201
872
1216
771
1227
849
1258
1006
1281
1195
1305
1403
1317
1507
1302
1510
1287
1345
1268
1218
1238
1007
1225
846
1231
775
1269
809
1307
932
1348
1127
1379
1357
1374
1576
1366
1645
1319
1598
1292
1444
1274
1264
1276
1048
1302
938
1326
905
1347
974
1353
1132
1362
1293
1335
1516
1320
1667
1299
1754
1285
1710
1272
1583
1271
1362
1271
1222
1247
1069
1247
1030
1265
1031
1265
1219
1275
1349
1283
1547
1272
1686
1275
1744
1253
1695
1236
1532
1247
1295
1210
1106
1207
958
1215
919
1236
987
1262
1104
1278
1288
1270
1451
1264
1543
1240
1533
1217
1429
1209
1288
1214
1137
1238
971
1270
863
1284
875
1302
936
1297
1053
1292
1166
1276
1256
1260
1353
1267
1391
1279
1364
1311
1267
1343
1178
1356
1064
1361
1005
1348
974
1340
996
1320
1120
1308
1239
1314
1348
1312
1441
1302
1495
1335
1479
1316
1398
1308
1289
1297
1254
1296
1144
1298
1125
1296
1173
1294
1261
1292
1336
1277
1455
1254
1525
1244
1513
1225
1512
1230
1432
1205
1368
1270
1308
1275
1278
1286
1280
1280
1231
1258
1307
1232
1298
1225
1348
1211
1363
1216
1365
1236
1359
1262
1309
1257
1258
1273
1206
1267
1174
1238
1195
1213
1140
1224
1125
1223
1147
1232
1206
1252
1261
1272
1260
1279
1230
1279
1175
1270
1115
1291
1046
1265
1030
1290
1060
1301
1104
1301
1172
1309
1232
1301
1244
1297
1200
1283
1214
1281
1188
1291
1148
1307
1148
1329
1186
1344
1227
1346
1281
1333
1333
1317
1380
1296
1346
1277
1399
1273
1369
1285
1352
1271
1325
1310
1289
1333
1295
1311
1291
1287
1271
1270
1365
1260
1399
1246
1457
1254
1485
1262
1482
1273
1460
1281
1384
1280
1295
1271
1164
1250
1138
1249
1167
1250
1167
1236
1271
1263
1372
1276
1458
1268
1473
1258
1463
1250
1385
1240
1262
1230
1187
1240
1040
1284
981
1292
987
1298
1051
1303
1139
1284
1167
1276
1365
1246
1373
1240
1357
1248
1301
1264
1203
1297
1151
1319
1022
1319
944
1326
958
1318
945
1300
1039
1285
1144
1274
1283
1274
1383
1276
1470
1275
1498
1282
1419
1270
1279
1297
1166
1279
1074
1294
1016
1310
1034
1322
1172
1318
1309
1302
1465
1287
1603
1262
1690
1231
1705
1218
1592
1235
1453
1265
1321
1290
1230
1318
1132
1339
1141
1316
1184
1288
1260
1256
1362
1219
1454
1199
1538
1193
1572
1206
1545
1228
1449
1267
1322
1272
1181
1300
1079
1303
953
1294
995
1306
1035
1281
1136
1279
1281
1263
1399
1256
1457
1243
1445
1239
1322
1240
1225
1254
1089
1282
956
1286
948
1336
966
1362
1042
1396
1148
1334
1274
1293
1333
1264
1355
1222
1383
1221
1342
1252
1253
1289
1196
1316
1132
1347
1091
1354
1112
1345
1043
1325
1169
1302
1253
1267
1329
1268
1431
1258
1463
1258
1473
1254
1374
1264
1340
1247
1293
1256
1192
1262
1162
1280
1174
1298
1274
1305
1336
1307
1453
1280
1550
1241
1526
1222
1503
1209
1416
1216
1330
1211
1222
1242
1165
1270
1167
1294
1168
1308
1238
1322
1271
1298
1324
1277
1358
1256
1365
1239
1351
1249
1288
1254
1230
1262
1184
1267
1141
1285
1064
1264
1057
1244
1098
1286
1180
1305
1247
1319
1354
1333
1379
1333
1384
1309
1234
1319
1220
1270
1106
1250
1031
1236
1031
1251
1044
1280
1099
1316
1269
1328
1391
1316
1456
1364
1474
1339
1452
1315
1336
1300
1245
1287
1153
1271
1125
1267
1136
1274
1180
1283
1237
1304
1364
1292
1464
1288
1545
1296
1553
1299
1493
1302
1429
1291
1333
1291
1239
1268
1096
1249
1115
1217
1138
1207
1243
1217
1335
1241
1455
1245
1491
1282
1531
1305
1468
1310
1363
1297
1245
1269
1090
1252
1047
1242
1047
1229
1099
1292
1196
1264
1275
1283
1368
1269
1438
1280
1377
1267
1288
1270
1211
1278
1094
1285
1059
1297
1031
1295
1061
1295
1096
1282
1156
1267
1215
1253
1268
1231
1286
1231
1296
1276
1302
1296
1247
1316
1219
1310
1187
1310
1165
1286
1144
1275
1176
1269
1212
1264
1245
1279
1319
1278
1353
1292
1372
1284
1400
1282
1402
1309
1306
1274
1251
1267
1251
1276
1248
1290
1261
1296
1318
1300
1356
1297
1397
1281
1350
1274
1376
1263
1356
1255
1301
1274
1284
1280
1306
1297
1262
1299
1253
1290
1264
1242
1280
1250
1290
1241
1302
1234
1318
1245
1320
1248
1312
1279
1284
1313
1232
1299
1138
1291
1124
1275
1107
1263
1099
1259
1144
1265
1186
1287
1274
1278
1314
1292
1317
1290
1279
1279
1214
1264
1152
1251
1078
1251
1053
1234
1071
1261
1127
1249
1189
1278
1267
1274
1330
1274
1398
1272
1385
1267
1370
1273
1309
1276
1261
1284
1223
1284
1201
1308
1217
1271
1166
1275
1257
1252
1346
1258
1398
1249
1438
1293
1442
1319
1413
1336
1382
1341
1351
1321
1330
1313
1238
1288
1231
1273
1240
1293
1287
1280
1328
1300
1395
1314
1412
1302
1395
1313
1399
1309
1293
1294
1235
1281
1180
1270
1187
1273
1232
1281
1239
1266
1256
1262
1274
1250
1202
1239
1249
1227
1173
1233
1143
1241
1129
1248
1153
1261
1162
1274
1217
1265
1295
1261
1259
1271
1240
1235
1225
1244
1183
1225
1151
1233
1141
1230
1148
1247
1158
1267
1191
1257
1157
1261
1223
1262
1243
1271
1264
1268
1265
1281
1304
1286
1292
1270
1268
1282
1182
1269
1235
1259
1197
1259
1218
1265
1275
1251
1310
1288
1368
1312
1382
1315
1432
1320
1427
1316
1402
1306
1357
1295
1332
1288
1269
1293
1254
1317
1273
1307
1285
1316
1331
1311
1343
1304
1348
1306
1363
1298
1360
1295
1332
1288
1313
1302
1269
1302
1220
1293
1151
1279
1150
1249
1180
1240
1151
1227
1168
1226
1194
1218
1264
1250
1275
1269
1302
1270
1305
1280
1244
1265
1167
1254
1117
1237
1085
1235
1072
1228
1112
1217
1184
1223
1237
1214
1274
1208
1335
1204
1365
1242
1292
1227
1245
1247
1215
1269
1133
1292
1132
1302
1143
1292
1187
1266
1244
1254
1216
1244
1345
1224
1330
1247
1345
1266
1340
1295
1343
1319
1319
1348
1278
1347
1254
1346
1247
1329
1243
1317
1274
1307
1296
1302
1331
1298
1384
1329
1375
1313
1387
1317
1369
1318
1325
1330
1229
1328
1237
1326
1213
1329
1235
1318
1288
1310
1293
1305
1308
1299
1295
1270
1289
1263
1271
1270
1271
1287
1258
1277
1269
1282
1245
1278
1254
1259
1231
1228
1234
1213
1180
1201
1175
1194
1207
1220
1190
1203
1226
1228
1255
1227
1287
1219
1300
1208
1269
1185
1294
1191
1209
1165
1180
1178
1146
1202
1147
1224
1166
1241
1200
1253
1231
1263
1271
1261
1335
1254
1295
1261
1287
1263
1276
1239
1262
1269
1240
1271
1180
1280
1174
1282
1171
1297
1176
1316
1188
1327
1246
1331
1296
1343
1301
1327
1357
1326
1379
1318
1322
1313
1205
1334
1247
1307
1200
1330
1183
1358
1229
1365
1252
1368
1296
1353
1311
1342
1308
1323
1318
1304
1311
1293
1293
1297
1294
1323
1285
1306
1302
1307
1242
1301
1275
1272
1287
1255
1247
1270
1221
1231
1188
1218
1213
1226
1238
1235
1270
1204
1309
1225
1336
1213
1315
1209
1296
1194
1267
1202
1230
1189
1161
1194
1165
1198
1166
1205
1183
1214
1209
1212
1242
1215
1281
1203
1287
1224
1307
1243
1326
1254
1311
1256
1266
1263
1239
1284
1172
1275
1151
1267
1142
1273
1144
1286
1190
1295
1253
1315
1296
1346
1352
1330
1376
1342
1363
1337
1306
1340
1235
1336
1182
1348
1141
1347
1127
1348
1150
1348
1203
1332
1261
1321
1310
1309
1346
1310
1406
1318
1341
1325
1307
1333
1273
1305
1245
1334
1199
1303
1206
1270
1212
1239
1214
1213
1237
1207
1246
1223
1276
1240
1301
1257
1327
1270
1324
1248
1301
1249
1276
1227
1230
1194
1198
1156
1166
1159
1155
1146
1171
1153
1233
1172
1226
1185
1258
1202
1275
1212
1275
1219
1237
1206
1216
1219
1182
1223
1190
1228
1203
1228
1204
1224
1216
1239
1207
1242
1216
1262
1196
1284
1207
1301
1214
1314
1216
1314
1247
1324
1273
1326
1280
1281
1284
1303
1264
1311
1242
1331
1208
1337
1202
1345
1174
1348
1216
1338
1257
1332
1251
1353
1274
1308
1252
1307
1262
1312
1259
1323
1261
1351
1241
1350
1247
1314
1233
1314
1225
1283
1229
1257
1217
1207
1198
1216
1221
1226
1233
1239
1242
1235
1252
1262
1221
1257
1239
1243
1186
1230
1191
1209
1185
1196
1177
1175
1193
1186
1201
1191
1251
1194
1216
1193
1233
1196
1209
1173
1199
1204
1166
1198
1149
1212
1141
1215
1163
1219
1191
1215
1222
1205
1226
1207
1246
1201
1241
1205
1198
1204
1199
1240
1174
1251
1185
1278
1174
1297
1192
1301
1266
1305
1260
1307
1279
1312
1282
1298
1299
1333
1275
1334
1286
1330
1287
1337
1278
1327
1271
1324
1257
1320
1243
1335
1245
1330
1243
1338
1271
1347
1277
1347
1303
1330
1313
1312
1315
1291
1301
1264
1270
1248
1245
1253
1212
1259
1215
1269
1216
1273
1233
1269
1253
1267
1243
1216
1231
1236
1208
1232
1203
1225
1208
1224
1195
1227
1201
1238
1201
1221
1196
1216
1183
1207
1167
1193
1141
1217
1100
1191
1095
1196
1108
1204
1140
1200
1160
1209
1192
1200
1213
1210
1223
1211
1217
1213
1190
1221
1201
1238
1193
1194
1173
1252
1174
1236
1161
1235
1174
1233
1191
1242
1205
1263
1222
1288
1279
1302
1295
1318
1320
1316
1343
1303
1336
1287
1288
1268
1253
1263
1206
1272
1177
1276
1172
1307
1187
1330
1225
1339
1260
1334
1317
1321
1331
1310
1335
1291
1307
1283
1261
1313
1216
1301
1162
1294
1147
1283
1137
1285
1147
1258
1174
1243
1194
1246
1209
1242
1214
1235
1242
1243
1236
1257
1209
1253
1183
1240
1152
1226
1110
1204
1073
1187
1040
1184
1053
1185
1060
1212
1116
1205
1211
1218
1210
1220
1251
1223
1234
1217
1210
1224
1163
1238
1135
1235
1114
1247
1127
1227
1151
1239
1192
1235
1256
1223
1284
1199
1308
1234
1301
1252
1296
1266
1299
1283
1259
1294
1269
1283
1283
1270
1273
1264
1279
1256
1258
1246
1277
1260
1293
1274
1281
1274
1286
1282
1290
1260
1293
1275
1279
1264
1281
1262
1265
1267
1245
1295
1213
1307
1216
1312
1195
1302
1185
1304
1177
1282
1176
1231
1160
1231
1150
1226
1144
1239
1142
1249
1145
1279
1131
1296
1144
1304
1124
1264
1124
1264
1088
1253
1100
1215
1098
1215
1080
1231
1096
1226
1119
1230
1149
1235
1166
1237
1179
1228
1172
1230
1160
1233
1137
1238
1142
1237
1162
1244
1187
1218
1209
1221
1248
1215
1285
1208
1279
1196
1260
1207
1242
1223
1240
1222
1242
1252
1256
1251
1283
1233
1334
1230
1352
1225
1356
1234
1352
1223
1324
1239
1302
1242
1270
1253
1271
1257
1256
1262
1263
1261
1271
1250
1277
1242
1273
1257
1272
1266
1249
1270
1261
1279
1243
1268
1204
1263
1176
1260
1144
1257
1128
1252
1094
1260
1104
1277
1122
1290
1120
1291
1139
1309
1143
1293
1138
1284
1116
1276
1092
1274
1071
1268
1054
1268
1053
1273
1067
1278
1092
1268
1122
1255
1141
1245
1170
1236
1166
1234
1168
1244
1138
1255
1187
1256
1228
1261
1218
1219
1243
1234
1246
1219
1267
1198
1274
1200
1262
1210
1255
1233
1244
1228
1262
1246
1284
1250
1312
1230
1344
1216
1305
1203
1358
1206
1329
1212
1307
1237
1275
1260
1247
1270
1230
1270
1212
1258
1228
1270
1225
1235
1251
1230
1274
1239
1269
1291
1259
1276
1220
1291
1200
1281
1165
1286
1143
1273
1107
1268
1091
1269
1085
1281
1089
1282
1113
1278
1136
1284
1138
1285
1158
1262
1149
1258
1136
1263
1112
1258
1078
1264
1064
1272
1051
1277
1064
1272
1136
1255
1135
1239
1167
1237
1176
1220
1198
1226
1168
1243
1178
1245
1179
1261
1200
1247
1222
1236
1241
1242
1276
1216
1288
1209
1309
1202
1300
1218
1275
1224
1295
1232
1301
1237
1309
1224
1325
1208
1333
1204
1350
1206
1339
1218
1337
1219
1350
1248
1296
1252
1284
1248
1256
1194
1247
1235
1208
1229
1220
1218
1223
1232
1211
1237
1209
1252
1202
1259
1197
1269
1178
1291
1161
1269
1157
1267
1064
1265
1084
1268
1079
1282
1074
1228
1083
1276
1083
1270
1100
1263
1089
1245
1096
1249
1067
1262
1097
1271
1092
1269
1069
1321
1071
1326
1058
1312
1090
1288
1086
1273
1113
1242
1130
1237
1145
1224
1164
1243
1186
1250
1217
1264
1238
1265
1238
1249
1257
1255
1260
1249
1253
1234
1263
1238
1258
1236
1284
1232
1295
1236
1350
1215
1352
1217
1402
1204
1410
1213
1396
1272
1381
1228
1334
1250
1323
1259
1304
1260
1297
1235
1299
1239
1303
1238
1308
1241
1318
1229
1324
1251
1319
1271
1276
1265
1286
1261
1252
1256
1231
1254
1205
1227
1168
1241
1147
1255
1113
1264
1130
1284
1124
1281
1114
1273
1118
1263
1121
1253
1130
1244
1113
1244
1115
1257
1092
1279
1079
1285
1097
1296
1046
1309
1038
1272
1048
1268
1075
1255
1104
1250
1116
1244
1173
1268
1197
1272
1216
1257
1218
1270
1201
1264
1185
1257
1156
1243
1157
1241
1203
1252
1218
1247
1284
1258
1316
1231
1366
1239
1391
1253
1406
1225
1407
1226
1370
1216
1320
1228
1284
1236
1267
1242
1268
1252
1297
1254
1341
1252
1375
1244
1416
1257
1420
1254
1408
1241
1349
1266
1304
1268
1239
1263
1187
1249
1174
1246
1161
1244
1192
1234
1224
1249
1224
1272
1224
1287
1209
1299
1177
1286
1144
1286
1105
1266
1084
1256
1071
1242
1064
1247
1070
1252
1087
1258
1088
1264
1085
1258
1072
1259
1071
1257
1069
1234
1048
1242
1058
1245
1085
1250
1097
1263
1122
1262
1138
1259
1179
1246
1193
1258
1184
1265
1202
1229
1181
1242
1194
1246
1200
1256
1238
1251
1268
1269
1293
1268
1327
1267
1347
1266
1337
1275
1340
1280
1340
1282
1303
1271
1294
1274
1291
1261
1316
1254
1333
1236
1351
1248
1359
1255
1382
1267
1383
1277
1333
1276
1302
1278
1262
1266
1248
1251
1206
1243
1237
1232
1252
1241
1264
1266
1255
1270
1255
1282
1237
1280
1206
1274
1168
1264
1152
1264
1126
1235
1113
1232
1121
1237
1121
1243
1125
1256
1102
1255
1093
1246
1066
1239
1037
1229
1084
1225
1070
1217
1081
1234
1081
1223
1099
1252
1099
1259
1124
1247
1114
1247
1142
1239
1140
1247
1153
1246
1152
1256
1170
1260
1182
1265
1209
1264
1224
1259
1253
1255
1291
1251
1295
1243
1300
1261
1291
1271
1294
1290
1261
1293
1274
1283
1293
1276
1318
1263
1311
1262
1356
1245
1366
1290
1357
1287
1351
1291
1355
1300
1305
1302
1285
1293
1271
1276
1274
1270
1285
1270
1284
1270
1295
1273
1272
1274
1260
1277
1230
1264
1206
1245
1182
1235
1162
1232
1157
1241
1145
1250
1153
1254
1144
1262
1160
1252
1147
1221
1129
1248
1101
1215
1075
1207
1073
1204
1067
1229
1059
1228
1053
1234
1075
1238
1087
1242
1100
1227
1110
1212
1130
1213
1095
1219
1115
1230
1157
1242
1114
1251
1114
1266
1119
1253
1148
1253
1142
1248
1210
1238
1248
1244
1272
1246
1279
1260
1263
1279
1253
1276
1241
1269
1240
1269
1252
1266
1304
1265
1323
1255
1353
1285
1373
1282
1372
1280
1352
1277
1313
1273
1284
1267
1267
1260
1271
1262
1288
1272
1308
1280
1319
1293
1319
1306
1268
1293
1282
1282
1275
1270
1227
1251
1208
1243
1185
1233
1183
1261
1180
1269
1200
1268
1192
1273
1176
1258
1164
1255
1145
1241
1126
1238
1105
1232
1089
1210
1078
1242
1065
1216
1069
1232
1037
1227
1107
1221
1126
1220
1122
1258
1134
1236
1111
1238
1116
1249
1105
1244
1101
1221
1106
1224
1111
1214
1151
1222
1186
1226
1226
1240
1250
1256
1192
1261
1248
1267
1229
1263
1207
1268
1234
1247
1223
1240
1253
1258
1277
1266
1314
1278
1352
1293
1338
1295
1339
1289
1315
1305
1302
1274
1279
1265
1301
1272
1307
1273
1334
1272
1326
1290
1336
1312
1331
1299
1300
1289
1282
1289
1253
1284
1214
1268
1212
1269
1212
1265
1207
1241
1211
1252
1204
1251
1199
1252
1178
1242
1169
1250
1203
1258
1139
1254
1135
1251
1097
1206
1089
1234
1079
1212
1088
1178
1101
1195
1121
1193
1133
1212
1138
1235
1116
1233
1129
1226
1115
1224
1080
1201
1076
1182
1090
1178
1118
1188
1138
1168
1164
1217
1190
1240
1211
1244
1195
1248
1202
1240
1200
1240
1207
1226
1227
1239
1236
1233
1264
1286
1261
1290
1296
1307
1311
1314
1307
1308
1305
1308
1302
1292
1303
1300
1323
1296
1336
1305
1344
1308
1324
1314
1321
1322
1293
1326
1297
1302
1294
1321
1286
1318
1296
1310
1310
1307
1285
1299
1232
1300
1254
1271
1232
1270
1196
1305
1174
1266
1147
1271
1155
1275
1161
1269
1153
1249
1147
1244
1137
1223
1124
1204
1120
1194
1105
1198
1114
1201
1087
1215
1108
1225
1102
1220
1089
1209
1085
1210
1082
1193
1093
1182
1114
1186
1159
1182
1187
1189
1214
1201
1211
1223
1196
1262
1180
1232
1144
1233
1163
1238
1183
1218
1232
1221
1276
1237
1305
1257
1333
1260
1330
1275
1286
1278
1292
1281
1262
1283
1271
1291
1285
1286
1340
1266
1363
1308
1380
1305
1389
1313
1368
1318
1355
1319
1354
1322
1304
1319
1298
1320
1284
1293
1283
1314
1277
1306
1297
1285
1294
1276
1275
1271
1263
1279
1238
1293
1218
1299
1194
1306
1179
1286
1161
1289
1142
1264
1136
1245
1138
1224
1143
1239
1137
1223
1140
1256
1139
1246
1106
1255
1084
1248
1071
1232
1056
1217
1058
1201
1050
1161
1092
1180
1116
1193
1156
1190
1184
1210
1180
1218
1174
1231
1150
1213
1137
1219
1141
1217
1160
1196
1191
1214
1213
1218
1249
1241
1269
1256
1272
1264
1267
1279
1259
1288
1259
1296
1246
1301
1274
1293
1274
1297
1312
1292
1326
1286
1319
1311
1321
1299
1298
1314
1318
1321
1331
1338
1340
1347
1328
1337
1355
1324
1351
1317
1328
1288
1308
1273
1293
1269
1275
1281
1268
1296
1281
1310
1284
1330
1281
1328
1263
1311
1250
1290
1216
1267
1203
1239
1174
1229
1171
1223
1174
1235
1160
1275
1165
1266
1148
1277
1154
1257
1154
1248
1149
1225
1149
1215
1146
1217
1138
1190
1134
1210
1129
1216
1120
1221
1100
1218
1112
1210
1132
1223
1156
1202
1199
1203
1222
1199
1242
1216
1206
1211
1214
1218
1216
1232
1178
1240
1176
1254
1182
1253
1222
1282
1247
1291
1286
1287
1317
1284
1283
1282
1312
1275
1300
1289
1278
1292
1282
1299
1284
1314
1291
1324
1294
1336
1311
1330
1312
1330
1323
1307
1313
1303
1296
1315
1295
1306
1273
1298
1295
1297
1285
1300
1267
1281
1264
1273
1238
1244
1227
1262
1218
1253
1223
1257
1221
1282
1208
1273
1207
1282
1185
1274
1155
1262
1143
1238
1137
1221
1155
1204
1148
1196
1164
1201
1168
1219
1162
1220
1136
1237
1124
1240
1087
1227
1064
1223
1093
1217
1112
1211
1182
1197
1221
1198
1233
1219
1233
1212
1210
1214
1184
1224
1162
1237
1147
1244
1159
1259
1180
1268
1219
1259
1258
1270
1281
1271
1296
1271
1291
1268
1288
1282
1306
1319
1270
1310
1278
1324
1266
1332
1242
1333
1253
1319
1287
1279
1302
1294
1323
1286
1351
1301
1340
1342
1342
1339
1329
1368
1313
1347
1295
1339
1272
1312
1257
1301
1261
1275
1274
1273
1298
1278
1314
1290
1321
1308
1304
1306
1276
1303
1258
1291
1217
1262
1200
1238
1181
1233
1185
1202
1183
1201
1187
1201
1222
1208
1198
1199
1182
1207
1145
1200
1127
1205
1114
1208
1121
1208
1124
1208
1140
1193
1148
1193
1158
1192
1161
1184
1167
1188
1167
1202
1167
1219
1171
1235
1194
1256
1149
1256
1193
1262
1204
1262
1196
1259
1214
1253
1202
1261
1241
1271
1274
1287
1278
1298
1288
1324
1280
1316
1276
1336
1256
1336
1252
1332
1287
1329
1277
1326
1334
1335
1366
1327
1374
1346
1367
1347
1348
1347
1323
1338
1293
1346
1287
1329
1275
1324
1331
1310
1356
1306
1354
1338
1363
1289
1313
1287
1299
1277
1255
1275
1239
1265
1220
1289
1200
1275
1233
1280
1223
1269
1224
1258
1230
1233
1207
1225
1197
1211
1182
1202
1153
1212
1136
1214
1106
1223
1096
1222
1078
1220
1075
1209
1133
1199
1134
1188
1153
1190
1163
1191
1178
1209
1144
1221
1115
1225
1134
1223
1130
1239
1138
1224
1160
1232
1201
1234
1227
1253
1260
1257
1280
1281
1254
1295
1274
1299
1267
1297
1262
1288
1276
1292
1288
1293
1340
1305
1356
1322
1386
1335
1418
1343
1388
1321
1374
1338
1332
1283
1322
1322
1305
1320
1328
1308
1353
1315
1362
1313
1370
1317
1365
1308
1333
1320
1305
1302
1279
1293
1240
1285
1181
1277
1201
1266
1206
1263
1201
1210
1204
1235
1203
1225
1187
1229
1150
1234
1129
1236
1080
1242
1067
1244
1051
1235
1044
1225
1051
1205
1056
1194
1092
1186
1133
1190
1145
1202
1145
1219
1130
1228
1107
1245
1084
1247
1075
1228
1089
1221
1117
1213
1163
1212
1214
1227
1265
1227
1299
1258
1304
1286
1290
1320
1262
1311
1277
1306
1229
1305
1268
1294
1313
1289
1352
1331
1391
1312
1402
1323
1428
1326
1405
1340
1384
1337
1358
1338
1347
1340
1326
1318
1334
1315
1362
1314
1373
1304
1333
1296
1349
1290
1334
1292
1297
1294
1254
1295
1219
1290
1203
1287
1186
1266
1213
1241
1260
1238
1258
1206
1260
1199
1236
1214
1210
1241
1144
1244
1090
1250
1061
1260
1048
1235
1064
1221
1090
1209
1135
1180
1172
1172
1205
1183
1197
1208
1160
1228
1127
1253
1090
1266
1043
1258
1054
1244
1068
1232
1112
1217
1157
1207
1249
1212
1303
1236
1283
1256
1286
1261
1241
1263
1215
1310
1174
1301
1186
1281
1224
1301
1263
1268
1313
1271
1365
1275
1390
1300
1389
1311
1374
1324
1336
1334
1307
1329
1292
1324
1295
1312
1306
1282
1337
1284
1347
1278
1367
1273
1342
1275
1333
1286
1285
1300
1261
1293
1236
1301
1195
1297
1186
1276
1184
1248
1217
1230
1238
1221
1247
1207
1243
1222
1214
1236
1169
1263
1128
1263
1084
1263
1064
1251
1047
1230
1067
1204
1108
1208
1138
1183
1190
1199
1181
1225
1175
1252
1131
1269
1115
1267
1081
1270
1090
1249
1103
1238
1134
1254
1181
1227
1212
1235
1283
1252
1283
1263
1298
1289
1283
1309
1276
1312
1264
1307
1257
1293
1280
1293
1308
1253
1323
1274
1354
1281
1328
1290
1374
1293
1370
1317
1323
1323
1333
1323
1314
1311
1317
1295
1329
1274
1327
1251
1339
1242
1331
1240
1318
1243
1296
1257
1278
1270
1250
1282
1234
1277
1212
1273
1204
1262
1204
1231
1197
1216
1201
1206
1194
1207
1159
1221
1141
1244
1113
1277
1101
1266
1095
1275
1082
1258
1102
1239
1098
1195
1119
1203
1149
1196
1134
1200
1124
1227
1098
1225
1092
1267
1091
1285
1116
1281
1154
1268
1189
1262
1220
1248
1251
1220
1259
1246
1261
1261
1255
1281
1255
1290
1237
1322
1258
1322
1285
1322
1327
1310
1363
1307
1387
1292
1430
1286
1394
1272
1398
1284
1372
1292
1359
1302
1357
1314
1335
1325
1341
1324
1345
1319
1339
1295
1385
1276
1385
1255
1375
1250
1361
1243
1320
1232
1279
1265
1244
1249
1220
1279
1202
1268
1170
1257
1200
1230
1206
1219
1202
1204
1186
1205
1184
1214
1130
1242
1104
1255
1074
1262
1077
1259
1080
1257
1072
1245
1089
1226
1094
1225
1106
1218
1109
1235
1111
1249
1103
1277
1103
1286
1113
1299
1125
1294
1149
1282
1172
1274
1192
1249
1220
1246
1280
1263
1265
1279
1278
1295
1282
1310
1306
1344
1306
1332
1346
1323
1394
1323
1393
1305
1429
1306
1423
1275
1423
1297
1412
1307
1419
1305
1413
1320
1417
1319
1414
1319
1424
1318
1417
1305
1388
1285
1403
1264
1385
1256
1351
1251
1330
1246
1323
1256
1297
1263
1296
1269
1280
1261
1280
1260
1245
1247
1252
1230
1245
1224
1209
1208
1180
1219
1142
1210
1133
1249
1116
1255
1120
1284
1119
1265
1124
1257
1124
1245
1114
1233
1100
1230
1088
1217
1070
1236
1062
1251
1049
1267
1077
1279
1082
1297
1138
1295
1172
1292
1195
1302
1205
1283
1183
1275
1207
1281
1218
1296
1210
1297
1245
1316
1273
1336
1304
1338
1332
1334
1366
1325
1391
1316
1349
1306
1400
1294
1394
1290
1379
1303
1381
1294
1367
1299
1384
1309
1389
1306
1411
1307
1450
1295
1449
1277
1434
1269
1399
1265
1375
1257
1317
1228
1331
1253
1280
1260
1291
1258
1299
1259
1301
1272
1298
1251
1289
1236
1277
1234
1241
1229
1189
1230
1180
1230
1169
1247
1153
1257
1163
1256
1171
1263
1185
1268
1169
1262
1173
1260
1197
1263
1140
1242
1128
1268
1108
1229
1127
1294
1110
1293
1144
1323
1187
1313
1194
1307
1207
1310
1200
1309
1207
1302
1207
1306
1204
1308
1210
1315
1217
1317
1253
1327
1280
1339
1317
1275
1349
1337
1361
1336
1373
1330
1368
1316
1370
1309
1343
1299
1352
1299
1361
1284
1375
1287
1371
1295
1379
1281
1415
1282
1433
1271
1416
1254
1413
1248
1387
1238
1361
1242
1338
1236
1331
1237
1327
1243
1328
1221
1335
1230
1341
1232
1334
1217
1316
1219
1262
1222
1253
1219
1211
1233
1199
1243
1160
1252
1188
1253
1187
1261
1171
1312
1151
1263
1168
1260
1142
1257
1125
1257
1123
1247
1122
1266
1126
1286
1133
1289
1139
1302
1153
1334
1157
1321
1146
1314
1170
1318
1178
1311
1183
1300
1199
1302
1203
1313
1216
1317
1220
1324
1255
1334
1302
1340
1312
1341
1344
1336
1346
1357
1353
1329
1338
1328
1341
1310
1333
1305
1342
1297
1339
1301
1358
1304
1389
1293
1400
1287
1432
1279
1428
1267
1403
1262
1396
1255
1368
1262
1344
1232
1324
1253
1276
1255
1310
1249
1308
1254
1323
1243
1363
1237
1348
1224
1340
1225
1296
1196
1274
1207
1232
1243
1219
1249
1196
1259
1201
1255
1174
1264
1172
1264
1178
1252
1187
1245
1178
1239
1198
1232
1182
1237
1170
1248
1148
1262
1147
1258
1115
1296
1108
1292
1135
1320
1139
1312
1187
1300
1213
1288
1242
1279
1254
1277
1232
1248
1223
1288
1195
1313
1203
1325
1221
1329
1216
1335
1267
1339
1306
1320
1340
1312
1366
1301
1372
1283
1369
1284
1346
1289
1338
1300
1320
1308
1329
1310
1336
1312
1343
1306
1384
1303
1377
1289
1408
1271
1393
1258
1411
1256
1393
1249
1362
1277
1330
1263
1301
1278
1302
1281
1304
1282
1313
1280
1333
1272
1347
1252
1342
1241
1326
1236
1302
1242
1275
1254
1222
1269
1208
1288
1202
1300
1219
1296
1240
1302
1248
1285
1255
1279
1230
1263
1213
1255
1192
1256
1164
1265
1137
1284
1131
1310
1140
1312
1159
1314
1189
1299
1203
1285
1218
1272
1212
1261
1183
1266
1183
1264
1172
1275
1184
1284
1204
1304
1217
1309
1262
1314
1287
1314
1287
1298
1313
1294
1308
1281
1295
1279
1272
1273
1295
1277
1334
1292
1333
1292
1354
1298
1394
1296
1382
1307
1374
1298
1377
1283
1368
1279
1348
1267
1339
1257
1322
1264
1325
1265
1333
1265
1349
1271
1360
1300
1357
1283
1373
1285
1347
1283
1321
1273
1297
1265
1268
1238
1250
1260
1229
1254
1247
1259
1269
1271
1283
1270
1294
1277
1278
1283
1263
1284
1224
1281
1207
1271
1194
1272
1183
1265
1201
1266
1211
1262
1240
1270
1243
1265
1237
1280
1213
1273
1174
1264
1152
1267
1137
1271
1129
1264
1166
1265
1181
1265
1218
1260
1225
1257
1246
1249
1226
1264
1219
1265
1208
1277
1180
1313
1181
1303
1182
1313
1221
1304
1256
1306
1296
1292
1318
1288
1336
1283
1327
1290
1304
1287
1277
1300
1263
1311
1238
1319
1244
1335
1316
1331
1328
1326
1360
1318
1377
1307
1382
1295
1361
1274
1344
1268
1308
1273
1271
1266
1237
1287
1243
1311
1276
1310
1312
1299
1358
1289
1374
1270
1390
1245
1350
1240
1310
1238
1251
1236
1231
1239
1195
1262
1186
1274
1238
1270
1284
1268
1334
1263
1337
1235
1344
1221
1284
1218
1237
1216
1172
1224
1156
1234
1174
1257
1175
1261
1216
1277
1267
1259
1291
1271
1297
1279
1292
1262
1240
1254
1213
1258
1167
1267
1151
1286
1155
1295
1208
1304
1218
1313
1273
1318
1295
1311
1314
1307
1250
1300
1298
1282
1250
1290
1207
1316
1185
1304
1172
1286
1216
1321
1250
1329
1314
1315
1353
1316
1363
1295
1347
1280
1318
1264
1284
1262
1253
1244
1162
1272
1234
1290
1268
1302
1307
1311
1350
1305
1372
1289
1381
1269
1321
1247
1297
1237
1263
1244
1222
1236
1204
1253
1213
1281
1249
1269
1271
1266
1319
1254
1318
1237
1338
1216
1290
1200
1240
1216
1207
1208
1175
1223
1172
1236
1185
1242
1206
1259
1251
1266
1276
1262
1288
1257
1272
1260
1221
1254
1193
1256
1133
1263
1133
1278
1192
1282
1175
1290
1225
1304
1258
1285
1283
1319
1279
1316
1283
1308
1253
1313
1212
1301
1195
1304
1178
1321
1194
1325
1230
1339
1266
1342
1331
1344
1347
1336
1376
1328
1363
1314
1332
1271
1286
1297
1250
1295
1242
1310
1243
1321
1285
1320
1340
1309
1396
1314
1428
1279
1421
1230
1402
1239
1344
1240
1303
1242
1279
1253
1236
1261
1262
1273
1290
1256
1332
1245
1365
1235
1384
1217
1369
1203
1312
1200
1251
1213
1235
1247
1202
1226
1190
1248
1191
1248
1226
1248
1221
1239
1243
1232
1217
1226
1234
1222
1217
1221
1182
1258
1152
1264
1116
1266
1138
1269
1164
1287
1178
1293
1202
1306
1222
1281
1232
1303
1219
1304
1208
1294
1194
1298
1165
1306
1165
1289
1183
1326
1210
1333
1236
1356
1266
1352
1289
1371
1294
1339
1301
1321
1319
1314
1296
1307
1294
1317
1296
1352
1319
1323
1332
1329
1373
1315
1386
1301
1410
1279
1408
1267
1382
1264
1369
1255
1319
1249
1343
1255
1348
1265
1346
1265
1366
1259
1382
1242
1381
1205
1374
1213
1338
1202
1312
1204
1242
1213
1239
1216
1265
1234
1245
1238
1263
1245
1292
1223
1288
1247
1257
1258
1257
1237
1223
1243
1186
1240
1151
1251
1143
1268
1132
1278
1166
1286
1216
1298
1218
1306
1222
1315
1239
1309
1225
1315
1210
1307
1192
1296
1166
1300
1173
1318
1177
1331
1228
1342
1269
1362
1297
1354
1329
1353
1326
1313
1321
1328
1286
1311
1282
1289
1274
1295
1265
1306
1289
1308
1323
1315
1358
1327
1396
1318
1414
1314
1420
1278
1383
1275
1359
1268
1329
1263
1302
1252
1266
1259
1294
1262
1324
1271
1341
1263
1380
1250
1367
1244
1377
1224
1344
1221
1284
1240
1234
1226
1201
1219
1195
1218
1216
1221
1245
1219
1278
1221
1306
1221
1307
1207
1288
1244
1248
1238
1207
1246
1152
1244
1135
1276
1134
1266
1156
1260
1185
1286
1228
1294
1262
1298
1264
1294
1274
1294
1256
1299
1231
1290
1207
1293
1185
1333
1179
1312
1193
1331
1231
1338
1268
1349
1314
1333
1344
1328
1342
1321
1328
1306
1324
1300
1264
1306
1234
1313
1219
1323
1237
1339
1272
1343
1325
1348
1372
1329
1424
1313
1416
1299
1384
1283
1365
1281
1341
1265
1295
1261
1279
1273
1269
1263
1293
1274
1318
1278
1358
1276
1378
1265
1381
1238
1374
1255
1333
1254
1299
1229
1262
1230
1211
1215
1205
1211
1195
1216
1204
1233
1228
1243
1256
1239
1279
1248
1266
1251
1257
1245
1215
1241
1204
1244
1183
1218
1157
1239
1161
1251
1156
1244
1198
1265
1221
1272
1271
1274
1301
1279
1313
1280
1287
1298
1264
1287
1239
1307
1213
1304
1209
1307
1217
1304
1230
1304
1252
1304
1293
1304
1330
1302
1340
1319
1337
1338
1339
1332
1312
1344
1310
1337
1279
1331
1286
1315
1285
1310
1267
1315
1283
1305
1286
1309
1303
1307
1325
1302
1344
1315
1369
1300
1353
1272
1344
1276
1330
1267
1293
1263
1273
1253
1231
1244
1230
1242
1248
1233
1257
1222
1279
1225
1294
1228
1311
1227
1286
1239
1274
1231
1261
1233
1243
1232
1215
1225
1185
1244
1195
1239
1176
1249
1192
1258
1216
1258
1247
1267
1261
1272
1275
1269
1267
1277
1261
1256
1235
1266
1212
1265
1187
1270
1156
1277
1216
1282
1219
1281
1260
1312
1292
1295
1340
1298
1313
1304
1357
1300
1350
1308
1317
1300
1288
1312
1254
1309
1243
1323
1253
1312
1291
1309
1325
1302
1356
1306
1375
1316
1377
1321
1356
1319
1313
1316
1295
1306
1271
1304
1236
1297
1248
1284
1227
1285
1272
1281
1285
1279
1290
1268
1291
1275
1265
1267
1259
1250
1256
1250
1228
1249
1208
1254
1200
1232
1201
1254
1204
1274
1215
1252
1239
1246
1199
1251
1251
1253
1244
1258
1244
1265
1229
1276
1212
1276
1214
1284
1215
1283
1234
1274
1224
1275
1279
1269
1283
1279
1285
1307
1278
1284
1240
1283
1255
1288
1248
1292
1262
1281
1290
1273
1321
1276
1311
1278
1318
1267
1319
1267
1316
1282
1258
1286
1290
1286
1295
1288
1295
1297
1308
1284
1315
1275
1323
1271
1311
1288
1309
1260
1349
1263
1309
1267
1300
1272
1302
1286
1302
1288
1282
1306
1292
1298
1292
1293
1282
1278
1275
1274
1248
1280
1248
1261
1231
1236
1235
1264
1231
1286
1212
1291
1233
1306
1208
1310
1221
1298
1212
1282
1202
1264
1177
1261
1158
1250
1158
1255
1185
1275
1163
1291
1193
1300
1210
1272
1235
1317
1238
1302
1279
1279
1286
1273
1261
1277
1248
1264
1246
1273
1237
1293
1243
1303
1281
1317
1316
1294
1324
1302
1375
1293
1391
1281
1383
1206
1369
1254
1331
1258
1319
1260
1303
1262
1318
1275
1319
1299
1379
1284
1419
1297
1406
1311
1409
1286
1367
1273
1356
1260
1331
1255
1302
1242
1296
1259
1285
1265
1285
1296
1289
1295
1312
1300
1302
1288
1300
1274
1279
1279
1265
1251
1238
1229
1204
1242
1177
1257
1160
1271
1129
1288
1139
1293
1131
1302
1166
1283
1179
1275
1172
1305
1181
1230
1149
1255
1151
1262
1129
1278
1142
1284
1143
1306
1158
1322
1174
1308
1211
1301
1215
1296
1224
1288
1221
1280
1227
1274
1239
1287
1252
1288
1280
1299
1286
1312
1315
1310
1306
1304
1347
1295
1323
1282
1336
1261
1341
1256
1342
1246
1361
1258
1348
1261
1406
1275
1415
1264
1425
1287
1412
1295
1396
1303
1373
1280
1352
1280
1339
1265
1336
1261
1322
1264
1342
1280
1343
1301
1350
1300
1341
1305
1314
1295
1297
1279
1250
1266
1241
1252
1234
1243
1206
1245
1200
1262
1186
1241
1202
1285
1186
1290
1193
1288
1196
1273
1182
1261
1149
1257
1123
1250
1101
1265
1098
1289
1095
1297
1126
1306
1132
1309
1167
1303
1189
1291
1202
1255
1189
1265
1172
1260
1151
1264
1128
1279
1158
1292
1156
1303
1267
1310
1282
1296
1315
1301
1349
1293
1347
1281
1358
1267
1334
1254
1319
1255
1316
1266
1318
1269
1340
1291
1376
1304
1413
1306
1446
1302
1433
1284
1462
1265
1446
1243
1422
1217
1381
1229
1347
1241
1327
1279
1302
1313
1309
1333
1322
1354
1352
1347
1368
1304
1359
1298
1347
1238
1301
1228
1261
1223
1217
1245
1183
1278
1156
1319
1150
1346
1172
1347
1189
1314
1212
1302
1218
1269
1205
1239
1176
1228
1119
1227
1099
1252
1077
1282
1057
1305
1066
1330
1077
1335
1126
1329
1183
1295
1186
1268
1197
1242
1188
1218
1170
1222
1145
1239
1148
1249
1153
1289
1174
1308
1201
1324
1234
1341
1268
1306
1290
1276
1322
1248
1334
1231
1334
1224
1336
1230
1334
1253
1343
1281
1351
1311
1352
1321
1377
1319
1377
1306
1418
1276
1463
1246
1453
1224
1458
1233
1432
1217
1433
1289
1400
1309
1385
1328
1379
1339
1374
1328
1367
1311
1362
1276
1357
1260
1355
1248
1345
1257
1311
1270
1280
1302
1258
1330
1247
1347
1222
1342
1209
1310
1196
1301
1181
1286
1136
1254
1140
1261
1114
1251
1135
1260
1105
1282
1097
1309
1093
1321
1069
1309
1080
1301
1078
1291
1079
1261
1066
1243
1108
1225
1093
1243
1111
1254
1124
1245
1148
1291
1156
1317
1175
1317
1222
1314
1193
1288
1227
1258
1236
1237
1264
1225
1268
1230
1314
1241
1326
1272
1356
1294
1374
1325
1388
1351
1412
1327
1414
1279
1429
1280
1424
1262
1434
1251
1432
1253
1442
1295
1442
1302
1452
1316
1443
1327
1459
1332
1457
1318
1436
1292
1422
1282
1389
1272
1358
1264
1334
1269
1318
1292
1292
1301
1321
1309
1329
1313
1305
1307
1284
1306
1248
1277
1211
1281
1167
1269
1152
1261
1117
1262
1107
1261
1108
1270
1111
1283
1126
1281
1127
1277
1110
1272
1101
1269
1071
1253
1041
1247
994
1244
1040
1248
1056
1247
1064
1261
1102
1277
1121
1274
1176
1280
1221
1272
1235
1249
1252
1245
1259
1232
1235
1255
1234
1268
1243
1285
1261
1299
1234
1309
1342
1305
1391
1301
1431
1276
1448
1272
1453
1271
1433
1280
1398
1288
1368
1313
1346
1329
1368
1332
1397
1333
1407
1363
1448
1304
1461
1268
1474
1280
1463
1284
1443
1277
1401
1323
1323
1329
1307
1327
1283
1339
1275
1334
1270
1324
1269
1302
1289
1289
1277
1277
1266
1270
1235
1263
1209
1271
1157
1273
1111
1283
1094
1294
1100
1299
1083
1282
1100
1264
1110
1251
1128
1238
1119
1234
1131
1232
1124
1245
1103
1259
1096
1281
1073
1306
1086
1285
1100
1277
1138
1255
1166
1238
1196
1225
1228
1230
1255
1244
1263
1246
1269
1277
1261
1296
1273
1295
1279
1288
1306
1276
1355
1250
1369
1232
1409
1218
1413
1202
1429
1261
1411
1293
1428
1313
1416
1330
1426
1329
1421
1336
1408
1319
1411
1302
1405
1292
1406
1290
1394
1298
1357
1309
1371
1339
1372
1352
1354
1324
1348
1349
1330
1340
1322
1316
1293
1296
1278
1272
1230
1261
1240
1257
1225
1272
1191
1311
1186
1309
1146
1320
1157
1315
1157
1297
1161
1278
1168
1245
1162
1207
1166
1205
1142
1217
1129
1231
1119
1260
1087
1287
1103
1315
1112
1302
1127
1260
1150
1254
1158
1225
1174
1204
1167
1203
1175
1216
1160
1244
1179
1268
1187
1297
1205
1344
1216
1300
1231
1288
1268
1262
1287
1243
1320
1223
1307
1230
1326
1252
1319
1275
1317
1298
1324
1319
1340
1334
1343
1338
1367
1324
1363
1307
1398
1272
1402
1287
1386
1278
1371
1308
1332
1310
1328
1322
1349
1343
1312
1349
1318
1372
1315
1310
1320
1311
1304
1286
1315
1265
1302
1261
1283
1264
1246
1280
1239
1308
1211
1316
1199
1311
1191
1316
1198
1276
1187
1245
1209
1216
1211
1201
1212
1208
1201
1195
1175
1230
1165
1257
1131
1266
1134
1266
1151
1258
1156
1239
1174
1220
1182
1174
1200
1214
1214
1223
1227
1239
1233
1269
1211
1281
1217
1290
1208
1292
1208
1283
1208
1263
1222
1249
1236
1248
1242
1242
1252
1261
1281
1289
1297
1288
1296
1312
1292
1326
1287
1327
1264
1311
1271
1296
1257
1288
1279
1289
1296
1277
1298
1307
1313
1316
1317
1331
1331
1344
1340
1351
1331
1340
1321
1327
1310
1301
1305
1289
1292
1297
1297
1278
1312
1293
1293
1302
1306
1322
1305
1334
1308
1291
1301
1310
1281
1289
1256
1263
1230
1236
1231
1230
1215
1236
1229
1241
1263
1261
1254
1310
1254
1280
1242
1274
1240
1255
1212
1234
1189
1195
1170
1184
1163
1197
1164
1203
1177
1220
1204
1241
1227
1284
1230
1260
1234
1255
1235
1244
1207
1226
1189
1216
1162
1211
1154
1196
1155
1225
1187
1249
1198
1270
1248
1278
1277
1302
1271
1305
1273
1305
1273
1303
1229
1290
1202
1266
1202
1270
1198
1291
1217
1312
1243
1322
1282
1343
1311
1356
1327
1354
1335
1341
1331
1329
1311
1324
1287
1293
1282
1297
1257
1313
1262
1326
1261
1339
1309
1344
1361
1351
1372
1334
1382
1320
1323
1278
1347
1285
1296
1282
1284
1278
1268
1283
1281
1290
1251
1298
1270
1294
1286
1282
1303
1269
1299
1245
1299
1225
1267
1243
1251
1226
1231
1230
1227
1225
1214
1244
1193
1254
1200
1243
1188
1239
1205
1224
1195
1210
1223
1190
1224
1194
1206
1225
1201
1212
1214
1228
1194
1244
1181
1260
1180
1269
1177
1258
1184
1260
1179
1254
1188
1241
1193
1240
1205
1244
1184
1261
1159
1283
1215
1282
1206
1322
1210
1340
1214
1334
1229
1330
1193
1319
1229
1285
1237
1284
1266
1278
1268
1301
1286
1338
1299
1348
1297
1364
1304
1362
1306
1349
1311
1336
1300
1308
1300
1296
1308
1281
1328
1277
1331
1291
1350
1301
1340
1312
1336
1321
1344
1318
1293
1305
1264
1277
1250
1270
1239
1260
1226
1246
1258
1237
1297
1235
1279
1236
1280
1240
1273
1229
1239
1248
1202
1267
1186
1238
1170
1231
1156
1225
1166
1214
1191
1225
1212
1222
1225
1227
1233
1230
1232
1244
1198
1250
1171
1255
1121
1250
1149
1246
1138
1218
1142
1235
1172
1257
1177
1260
1227
1270
1249
1287
1258
1289
1247
1298
1224
1276
1206
1285
1189
1279
1192
1274
1215
1281
1204
1285
1284
1301
1320
1317
1355
1326
1373
1323
1397
1317
1352
1310
1313
1301
1292
1288
1248
1289
1271
1291
1293
1298
1311
1330
1331
1320
1334
1318
1357
1305
1347
1300
1322
1277
1296
1265
1254
1265
1237
1262
1212
1259
1223
1279
1225
1274
1209
1274
1241
1277
1244
1270
1241
1279
1227
1248
1203
1242
1181
1232
1153
1224
1167
1221
1165
1229
1132
1230
1150
1240
1145
1233
1156
1245
1150
1243
1176
1225
1173
1221
1169
1197
1177
1201
1164
1226
1163
1223
1162
1239
1178
1256
1180
1271
1173
1265
1200
1261
1229
1258
1241
1238
1259
1239
1257
1252
1267
1264
1265
1281
1275
1303
1322
1316
1285
1314
1325
1313
1299
1261
1313
1317
1307
1295
1338
1285
1353
1290
1358
1290
1356
1325
1346
1314
1322
1316
1300
1312
1303
1310
1284
1303
1265
1291
1285
1291
1299
1294
1304
1228
1311
1286
1297
1297
1279
1283
1233
1288
1214
1283
1160
1282
1170
1263
1170
1264
1154
1255
1176
1254
1196
1247
1190
1244
1195
1260
1183
1236
1177
1245
1137
1231
1120
1231
1108
1223
1106
1209
1109
1203
1113
1199
1131
1204
1150
1214
1157
1210
1171
1226
1187
1227
1174
1218
1157
1213
1171
1205
1150
1208
1195
1208
1215
1230
1232
1288
1258
1266
1256
1277
1290
1300
1288
1276
1306
1268
1305
1258
1303
1250
1300
1250
1302
1262
1305
1278
1319
1291
1299
1309
1321
1321
1315
1345
1316
1313
1319
1314
1286
1272
1279
1289
1254
1281
1256
1253
1262
1278
1257
1285
1254
1303
1244
1322
1268
1322
1219
1328
1218
1325
1202
1288
1199
1280
1193
1275
1182
1275
1177
1259
1162
1265
1161
1270
1159
1282
1137
1282
1164
1279
1173
1271
1176
1244
1179
1241
1174
1223
1175
1218
1164
1215
1162
1187
1203
1222
1185
1227
1187
1230
1194
1198
1212
1241
1208
1225
1232
1213
1263
1211
1263
1219
1267
1224
1272
1237
1279
1241
1271
1252
1264
1247
1254
1246
1239
1237
1252
1243
1258
1235
1268
1221
1295
1246
1310
1248
1318
1261
1309
1270
1310
1274
1309
1279
1268
1279
1253
1272
1224
1270
1209
1289
1202
1296
1219
1289
1241
1302
1243
1310
1253
1313
1246
1308
1232
1319
1204
1315
1186
1303
1164
1301
1126
1287
1123
1282
1141
1278
1151
1276
1174
1286
1196
1283
1239
1282
1216
1284
1217
1267
1187
1260
1199
1240
1185
1245
1167
1269
1177
1247
1186
1241
1229
1249
1259
1252
1302
1245
1320
1245
1322
1249
1314
1211
1296
1219
1275
1221
1250
1227
1236
1221
1248
1230
1261
1233
1284
1228
1322
1230
1328
1234
1335
1247
1307
1238
1312
1238
1295
1250
1256
1247
1247
1248
1228
1257
1231
1252
1213
1255
1259
1251
1245
1266
1249
1266
1235
1283
1249
1296
1205
1289
1177
1293
1149
1289
1134
1289
1116
1281
1103
1277
1122
1274
1136
1264
1152
1266
1137
1270
1143
1277
1114
1279
1123
1283
1110
1292
1114
1289
1134
1278
1133
1244
1147
1260
1159
1244
1183
1256
1185
1245
1188
1243
1191
1257
1197
1276
1207
1281
1229
1275
1255
1266
1278
1260
1288
1235
1308
1223
1320
1222
1315
1214
1316
1229
1324
1245
1318
1240
1305
1264
1336
1271
1349
1268
1371
1247
1377
1235
1359
1222
1351
1231
1329
1230
1321
1237
1310
1248
1299
1258
1279
1281
1265
1276
1255
1273
1263
1261
1239
1249
1241
1230
1219
1228
1212
1237
1196
1245
1179
1249
1160
1287
1137
1287
1121
1295
1090
1289
1114
1280
1058
1267
1121
1241
1121
1236
1121
1255
1114
1240
1111
1249
1115
1269
1110
1287
1115
1286
1127
1283
1137
1274
1153
1257
1153
1242
1163
1224
1177
1224
1171
1220
1191
1236
1249
1255
1244
1261
1263
1280
1279
1284
1289
1276
1276
1269
1286
1251
1293
1244
1297
1236
1308
1243
1315
1257
1339
1252
1360
1269
1376
1280
1373
1275
1389
1271
1345
1276
1316
1269
1290
1253
1267
1246
1267
1242
1279
1240
1276
1257
1288
1270
1295
1258
1295
1260
1275
1265
1234
1259
1191
1258
1128
1243
1118
1238
1121
1232
1106
1224
1130
1235
1143
1224
1168
1251
1173
1262
1150
1244
1161
1261
1118
1266
1077
1265
1053
1254
1062
1251
1053
1252
1084
1243
1137
1247
1179
1256
1214
1253
1181
1256
1228
1262
1209
1267
1172
1304
1157
1271
1133
1272
1171
1264
1214
1260
1272
1245
1325
1247
1353
1240
1400
1254
1375
1267
1357
1252
1338
1286
1274
1274
1296
1289
1312
1277
1327
1302
1361
1267
1378
1259
1402
1256
1384
1262
1366
1268
1350
1264
1309
1277
1280
1273
1252
1291
1228
1273
1213
1271
1232
1252
1229
1242
1237
1232
1228
1236
1205
1242
1180
1234
1141
1236
1120
1235
1115
1233
1072
1225
1088
1201
1104
1221
1108
1224
1115
1216
1114
1212
1109
1224
1088
1230
1079
1231
1125
1244
1086
1225
1096
1237
1104
1195
1126
1230
1119
1232
1146
1225
1144
1236
1151
1240
1160
1256
1168
1278
1190
1291
1209
1280
1255
1273
1267
1270
1267
1264
1276
1261
1284
1264
1273
1222
1288
1287
1295
1298
1325
1307
1346
1313
1384
1301
1431
1301
1430
1274
1426
1270
1400
1246
1372
1270
1300
1272
1314
1276
1328
1287
1332
1292
1343
1297
1368
1284
1376
1294
1373
1281
1352
1257
1300
1243
1240
1230
1207
1226
1163
1231
1135
1226
1135
1245
1139
1252
1165
1259
1180
1249
1200
1235
1154
1229
1166
1202
1115
1194
1047
1209
1003
1200
958
1204
988
1217
1028
1228
1073
1232
1144
1237
1187
1229
1203
1204
1196
1210
1181
1210
1126
1211
1064
1212
1047
1218
1070
1233
1109
1231
1178
1248
1242
1264
1304
1273
1325
1267
1339
1265
1315
1270
1267
1267
1258
1267
1222
1301
1221
1284
1230
1291
1294
1298
1345
1307
1394
1306
1434
1323
1442
1334
1428
1325
1389
1321
1340
1319
1297
1312
1254
1300
1244
1304
1260
1302
1299
1281
1331
1299
1344
1297
1354
1299
1319
1291
1289
1283
1268
1281
1185
1267
1160
1256
1125
1237
1121
1248
1135
1233
1158
1228
1178
1228
1177
1217
1191
1217
1153
1230
1117
1229
1098
1217
1079
1202
1074
1210
1076
1200
1092
1197
1123
1198
1131
1197
1154
1209
1160
1214
1153
1220
1151
1224
1155
1220
1183
1216
1185
1209
1211
1209
1216
1178
1249
1219
1256
1235
1283
1246
1311
1264
1306
1258
1316
1292
1312
1291
1316
1299
1320
1299
1327
1303
1306
1303
1325
1290
1343
1306
1351
1314
1350
1299
1350
1310
1328
1326
1310
1305
1279
1319
1280
1315
1255
1315
1274
1300
1282
1306
1283
1319
1286
1296
1266
1295
1274
1290
1262
1281
1236
1284
1213
1284
1191
1270
1176
1269
1163
1258
1155
1248
1177
1240
1155
1228
1150
1238
1138
1237
1162
1222
1156
1232
1130
1225
1123
1211
1103
1200
1102
1194
1090
1197
1109
1176
1133
1189
1138
1226
1147
1209
1174
1224
1210
1228
1201
1227
1204
1222
1196
1231
1186
1235
1184
1227
1200
1225
1223
1244
1253
1246
1281
1256
1313
1269
1335
1285
1337
1286
1332
1303
1303
1304
1293
1297
1252
1299
1269
1289
1304
1309
1300
1293
1347
1303
1341
1296
1363
1318
1350
1329
1344
1328
1324
1317
1300
1310
1265
1311
1246
1304
1227
1295
1232
1294
1196
1300
1249
1290
1265
1289
1284
1290
1278
1279
1295
1260
1253
1263
1220
1250
1204
1251
1162
1241
1172
1265
1189
1237
1194
1228
1213
1230
1213
1208
1221
1222
1202
1219
1189
1204
1190
1207
1170
1203
1170
1199
1170
1195
1172
1208
1179
1211
1184
1210
1192
1220
1179
1230
1189
1214
1188
1228
1202
1220
1208
1224
1205
1219
1215
1226
1202
1240
1215
1231
1204
1266
1231
1277
1228
1309
1231
1324
1246
1321
1251
1319
1255
1311
1300
1306
1280
1306
1283
1319
1282
1313
1278
1325
1275
1333
1272
1335
1268
1340
1255
1341
1252
1335
1298
1325
1279
1315
1286
1301
1294
1288
1295
1288
1279
1284
1288
1274
1279
1276
1266
1280
1266
1243
1249
1279
1254
1256
1245
1243
1263
1218
1269
1215
1279
1200
1264
1198
1260
1204
1252
1207
1235
1224
1230
1217
1247
1220
1228
1215
1227
1208
1244
1199
1235
1177
1241
1165
1219
1190
1216
1198
1170
1208
1200
1221
1219
1236
1223
1241
1212
1248
1208
1242
1206
1261
1197
1267
1205
1256
1194
1262
