1030
1274
1433
1328
1430
1300
1374
1295
1219
1264
1201
1260
1213
1254
1218
1261
1190
1258
1194
1259
1194
1260
1209
1254
1179
1253
1200
1245
1212
1250
1188
1275
1211
1248
1274
1244
1231
1249
1226
1258
1207
1271
1233
1242
1243
1260
1239
1254
1256
1257
1196
1269
1258
1264
1232
1266
1289
1264
1276
1267
1279
1253
1281
1270
1265
1264
1282
1279
1288
1274
1234
1287
1281
1270
1267
1274
1282
1271
1323
1273
1279
1256
1283
1271
1265
1232
1270
1271
1247
1270
1271
1267
1257
1268
1271
1252
1240
1268
1237
1260
1228
1260
1222
1255
1239
1258
1212
1261
1177
1255
1199
1255
1189
1254
1180
1235
1207
1242
1189
1253
1188
1229
1179
1250
1171
1246
1151
1267
1188
1247
1168
1266
1183
1283
1213
1249
1167
1249
1189
1245
1188
1255
1204
1243
1214
1250
1211
1260
1221
1249
1225
1257
1242
1256
1244
1253
1237
1257
1228
1262
1231
1235
1248
1246
1248
1262
1239
1265
1251
1264
1294
1270
1252
1269
1251
1273
1281
1259
1284
1270
1271
1281
1272
1273
1265
1270
1288
1275
1281
1273
1270
1279
1281
1269
1292
1266
1311
1271
1271
1267
1257
1248
1283
1266
1252
1262
1261
1260
1330
1244
1258
1250
1245
1260
1235
1249
1245
1255
1207
1258
1214
1254
1254
1249
1228
1249
1216
1241
1172
1225
1226
1250
1188
1255
1193
1249
1206
1246
1178
1248
1187
1252
1195
1247
1193
1245
1202
1237
1193
1259
1217
1252
1198
1246
1191
1251
1180
1255
1173
1256
1233
1253
1213
1256
1211
1262
1198
1259
1152
1272
1253
1273
1214
1259
1261
1261
1238
1268
1245
1273
1258
1279
1260
1271
1272
1279
1259
1278
1249
1279
1288
1285
1279
1281
1282
1283
1296
1279
1281
1284
1268
1271
1270
1274
1231
1263
1263
1262
1238
1254
1289
1259
1240
1244
1212
1232
1210
1254
1217
1228
1256
1220
1229
1232
1204
1242
1218
1246
1193
1234
1233
1271
1223
1272
1184
1269
1277
1285
1261
1291
1275
1311
1280
1290
1289
1274
1287
1287
1326
1275
1318
1303
1338
1275
1285
1265
1249
1261
1224
1232
1205
1286
1181
1312
1194
1325
1228
1361
1144
1398
1260
1413
1273
1409
1314
1426
1337
1395
1374
1387
1404
1360
1376
1321
1400
1293
1389
1249
1322
1223
1352
1196
1360
1159
1340
1107
1324
1046
1257
1013
1261
975
1182
942
1098
934
985
948
897
965
801
996
769
1036
754
1072
750
1097
725
1160
738
1186
802
1225
841
1276
904
1340
1019
1408
1082
1464
1174
1505
1333
1513
1445
1490
1547
1437
1640
1394
1713
1350
1704
1312
1847
1288
1726
1286
1740
1288
1737
1291
1695
1318
1645
1303
1541
1301
1393
1306
1327
1305
1225
1303
1128
1328
1047
1348
967
1379
908
1433
865
1434
821
1441
749
1444
741
1429
742
1413
751
1373
823
1369
855
1362
1026
1354
1123
1354
1289
1312
1439
1314
1522
1271
1606
1234
1646
1157
1664
1129
1649
1091
1651
1064
1620
1054
1529
1054
1453
1068
1397
1074
1355
1103
1336
1119
1343
1146
1294
1222
1327
1189
1319
1200
1374
1217
1322
1215
1322
1219
1318
1207
1309
1211
1269
1201
1275
1196
1247
1190
1249
1193
1234
1207
1225
1219
1198
1251
1206
1282
1190
1306
1194
1311
1186
1350
1201
1365
1088
1382
1058
1390
990
1400
952
1401
956
1397
930
1396
944
1370
932
1363
1027
1332
1014
1321
1068
1336
1072
1295
1043
1271
1084
1256
1077
1235
1124
1207
1199
1184
1251
1184
1316
1156
1366
1150
1418
1151
1402
1165
1393
1171
1394
1192
1363
1225
1339
1248
1286
1270
1241
1278
1246
1296
1156
1293
1198
1295
1207
1281
1260
1268
1293
1263
1318
1271
1324
1270
1387
1267
1401
1263
1414
1249
1344
1246
1331
1244
1323
1265
1324
1255
1347
1271
1338
1274
1303
1283
1255
1275
1207
1262
1134
1259
1049
1230
1019
1249
991
1251
997
1255
1004
1254
1023
1261
1092
1249
1064
1273
1114
1285
1092
1286
1125
1345
1166
1375
1257
1396
1354
1413
1412
1417
1504
1415
1546
1406
1529
1382
1622
1343
1594
1298
1586
1269
1552
1240
1477
1226
1491
1204
1466
1180
1414
1194
1361
1194
1323
1179
1222
1170
1223
1151
1196
1137
1186
1132
1186
1113
1152
1146
1107
1134
1073
1161
1065
1185
1072
1206
1093
1224
1081
1252
1055
1271
1073
1280
1076
1290
1059
1299
1034
1306
1025
1298
1021
1310
1110
1276
1040
1256
1077
1248
1090
1240
1104
1235
1138
1228
1128
1229
1156
1246
1188
1251
1250
1268
1316
1296
1311
1306
1283
1317
1318
1307
1304
1305
1297
1305
1350
1295
1370
1290
1396
1315
1424
1329
1458
1355
1446
1378
1402
1414
1369
1423
1382
1427
1353
1430
1384
1426
1434
1383
1484
1369
1471
1355
1545
1312
1532
1282
1471
1236
1449
1221
1408
1185
1392
1191
1317
1183
1344
1180
1307
1182
1262
1169
1224
1182
1218
1186
1176
1196
1161
1178
1118
1208
1061
1218
988
1214
1009
1204
1009
1208
973
1214
1015
1182
992
1171
1028
1169
1032
1140
1116
1156
1161
1166
1189
1165
1203
1171
1188
1183
1198
1186
1205
1192
1200
1198
1259
1205
1266
1196
1321
1233
1358
1246
1293
1224
1308
1258
1237
1269
1213
1280
1135
1306
1175
1321
1149
1347
1225
1361
1258
1388
1242
1455
1193
1414
1187
1410
1186
1398
1272
1409
1270
1366
1267
1359
1322
1344
1346
1314
1352
1285
1291
1262
1281
1249
1230
1237
1207
1237
1194
1257
1165
1266
1234
1300
1246
1310
1241
1307
1201
1315
1168
1309
1207
1302
1180
1291
1179
1294
1227
1250
1297
1267
1289
1256
1299
1226
1316
1205
1323
1191
1316
1201
1292
1197
1397
1207
1450
1215
1438
1214
1414
1203
1399
1191
1358
1181
1324
1162
1307
1173
1314
1242
1317
1250
1337
1270
1336
1292
1356
1312
1334
1317
1296
1314
1249
1316
1212
1310
1203
1311
1186
1303
1216
1298
1230
1263
1196
1275
1210
1267
1195
1259
1185
1253
1159
1249
1185
1233
1215
1258
1200
1258
1223
1267
1201
1261
1198
1250
1128
1248
1112
1240
1121
1245
1107
1247
1155
1243
1193
1244
1254
1237
1254
1237
1241
1261
1261
1264
1171
1263
1198
1272
1206
1287
1237
1297
1284
1301
1308
1301
1306
1283
1298
1261
1287
1241
1252
1230
1229
1199
1230
1196
1279
1197
1243
1195
1240
1196
1209
1188
1172
1202
1113
1203
1110
1196
1123
1232
1138
1223
1190
1244
1251
1256
1227
1286
1216
1303
1181
1298
1139
1307
1122
1311
1103
1314
1167
1320
1248
1336
1300
1329
1375
1348
1366
1330
1335
1323
1317
1319
1350
1316
1291
1324
1308
1326
1353
1292
1344
1321
1317
1305
1375
1276
1343
1254
1321
1229
1306
1225
1277
1217
1281
1230
1270
1235
1287
1268
1249
1246
1214
1252
1197
1265
1191
1280
1212
1287
1264
1305
1302
1318
1352
1316
1383
1301
1332
1274
1327
1253
1318
1221
1290
1201
1271
1237
1250
1183
1272
1202
1333
1199
1342
1203
1361
1186
1339
1184
1267
1191
1198
1182
1170
1186
1146
1196
1163
1205
1134
1212
1121
1213
1111
1210
1010
1201
1000
1210
973
1232
997
1248
981
1280
1012
1305
1107
1320
1178
1286
1195
1306
1181
1296
1107
1281
1140
1267
1135
1266
1154
1274
1232
1277
1300
1295
1369
1297
1392
1311
1396
1308
1385
1317
1353
1337
1352
1354
1358
1384
1393
1398
1401
1389
1403
1391
1357
1363
1345
1323
1256
1282
1342
1227
1253
1232
1255
1202
1275
1208
1310
1170
1328
1205
1316
1196
1270
1193
1246
1186
1192
1207
1169
1221
1187
1237
1249
1258
1242
1267
1239
1243
1234
1245
1199
1243
1162
1241
1212
1221
1213
1259
1221
1254
1271
1251
1322
1273
1321
1245
1357
1243
1293
1234
1250
1230
1223
1246
1236
1260
1221
1266
1278
1259
1322
1251
1333
1237
1296
1214
1240
1192
1210
1209
1127
1189
1126
1225
1151
1245
1203
1270
1195
1273
1180
1266
1153
1264
1163
1256
1142
1267
1126
1304
1143
1291
1155
1304
1205
1311
1261
1333
1245
1298
1240
1288
1168
1281
1127
1268
1112
1284
1144
1293
1221
1306
1288
1315
1330
1332
1324
1299
1316
1275
1249
1254
1204
1236
1153
1223
1151
1211
1170
1227
1225
1224
1230
1209
1235
1206
1254
1192
1185
1193
1167
1225
1209
1257
1253
1290
1299
1298
1377
1314
1415
1306
1412
1307
1428
1263
1339
1264
1266
1256
1222
1256
1295
1272
1330
1279
1358
1284
1425
1297
1404
1279
1370
1281
1314
1279
1257
1294
1269
1301
1258
1319
1289
1334
1303
1322
1316
1303
1285
1291
1231
1262
1210
1244
1179
1230
1191
1256
1174
1277
1229
1282
1265
1290
1274
1283
1241
1254
1192
1245
1145
1244
1101
1250
1116
1263
1129
1263
1258
1276
1291
1269
1344
1245
1334
1214
1289
1198
1256
1172
1216
1168
1210
1225
1229
1218
1288
1239
1306
1229
1320
1233
1310
1224
1242
1215
1184
1202
1107
1229
1130
1249
1192
1267
1243
1272
1279
1274
1271
1252
1241
1233
1219
1222
1153
1202
1109
1203
1108
1220
1134
1270
1168
1294
1242
1311
1262
1291
1260
1295
1184
1287
1197
1284
1130
1297
1163
1266
1191
1340
1245
1306
1288
1299
1278
1266
1252
1250
1177
1222
1127
1228
1126
1245
1116
1275
1184
1289
1289
1328
1281
1326
1295
1322
1272
1311
1195
1275
1189
1300
1155
1302
1233
1319
1246
1321
1299
1328
1377
1290
1378
1279
1325
1252
1299
1228
1260
1255
1239
1219
1279
1251
1350
1269
1383
1277
1427
1252
1403
1238
1369
1203
1286
1191
1231
1196
1261
1216
1267
1229
1335
1252
1388
1280
1394
1260
1381
1260
1336
1221
1267
1217
1249
1203
1260
1225
1287
1293
1277
1259
1296
1261
1306
1241
1268
1222
1198
1204
1111
1187
1053
1213
1055
1240
1096
1266
1152
1294
1219
1309
1215
1302
1220
1288
1123
1286
1085
1280
1029
1295
1011
1340
1052
1340
1059
1353
1207
1361
1235
1295
1247
1278
1215
1235
1188
1222
1161
1234
1180
1251
1258
1278
1326
1297
1358
1299
1390
1309
1338
1281
1281
1264
1212
1267
1156
1285
1221
1306
1244
1329
1319
1340
1411
1334
1413
1292
1330
1287
1277
1197
1220
1223
1184
1225
1184
1241
1256
1263
1316
1252
1369
1244
1388
1228
1422
1202
1280
1227
1189
1197
1153
1219
1151
1276
1217
1281
1296
1289
1341
1253
1330
1256
1270
1225
1224
1193
1151
1202
1156
1213
1178
1236
1272
1259
1354
1274
1385
1283
1383
1252
1294
1212
1243
1226
1179
1240
1152
1264
1196
1308
1207
1349
1330
1342
1312
1335
1302
1299
1226
1266
1155
1231
1108
1242
1101
1258
1156
1270
1283
1305
1286
1301
1315
1280
1275
1241
1214
1180
1117
1206
1057
1221
1000
1237
1094
1277
1187
1295
1192
1295
1324
1262
1307
1241
1259
1206
1196
1205
1157
1209
1132
1251
1164
1285
1245
1296
1313
1303
1355
1289
1295
1267
1257
1238
1187
1215
1149
1225
1148
1281
1227
1306
1293
1323
1348
1307
1412
1287
1383
1235
1270
1211
1177
1193
1130
1215
1153
1249
1204
1293
1280
1313
1365
1302
1382
1285
1322
1260
1255
1242
1135
1244
1128
1259
1123
1290
1193
1287
1285
1331
1369
1313
1338
1272
1344
1242
1255
1238
1157
1222
1150
1234
1125
1285
1188
1334
1254
1343
1336
1340
1345
1322
1303
1284
1230
1260
1194
1247
1176
1276
1206
1296
1280
1318
1341
1326
1414
1308
1388
1252
1323
1220
1194
1194
1161
1196
1109
1221
1137
1247
1273
1256
1320
1274
1383
1264
1371
1209
1278
1181
1214
1174
1086
1187
1104
1193
1179
1250
1264
1294
1361
1304
1397
1297
1427
1264
1345
1236
1277
1210
1183
1218
1148
1265
1161
1292
1220
1309
1289
1312
1255
1293
1271
1240
1180
1206
1113
1200
1019
1217
1003
1252
1040
1263
1154
1319
1221
1312
1231
1289
1198
1257
1158
1217
1049
1212
987
1185
1008
1256
1078
1296
1179
1308
1291
1296
1304
1287
1306
1242
1216
1214
1160
1202
1067
1229
1085
1275
1173
1314
1276
1337
1349
1344
1377
1316
1368
1275
1298
1249
1188
1290
1109
1273
1170
1300
1268
1338
1366
1359
1455
1332
1428
1294
1416
1262
1330
1223
1245
1225
1192
1221
1216
1267
1284
1297
1408
1303
1475
1294
1501
1186
1383
1217
1306
1164
1160
1190
1118
1224
1069
1282
1234
1296
1299
1318
1379
1303
1367
1251
1262
1237
1182
1211
1114
1177
1082
1224
1103
1257
1228
1286
1290
1307
1381
1281
1369
1246
1301
1211
1183
1195
1024
1203
1042
1242
1072
1289
1176
1305
1255
1334
1313
1316
1314
1269
1222
1219
1116
1198
1012
1208
992
1241
1048
1275
1138
1324
1234
1320
1289
1298
1312
1240
1224
1207
1105
1208
1020
1199
1036
1251
1114
1296
1207
1333
1329
1331
1411
1307
1306
1264
1317
1221
1191
1219
1164
1180
1161
1257
1245
1311
1342
1324
1431
1315
1473
1291
1444
1249
1336
1226
1256
1216
1158
1234
1193
1280
1277
1326
1374
1333
1452
1349
1480
1295
1430
1257
1304
1214
1145
1203
1066
1223
1114
1252
1200
1292
1285
1328
1372
1298
1433
1270
1310
1217
1190
1192
1054
1189
949
1261
1031
1287
1095
1326
1240
1357
1314
1343
1333
1300
1265
1254
1210
1179
1059
1201
1017
1248
1037
1283
1188
1314
1302
1339
1390
1308
1390
1283
1327
1236
1210
1174
1070
1173
1006
1244
1085
1275
1178
1326
1330
1327
1378
1309
1356
1257
1296
1192
1192
1187
997
1147
986
1216
1109
1244
1214
1295
1348
1319
1434
1296
1367
1241
1327
1199
1209
1187
1071
1145
1023
1214
1162
1269
1300
1328
1377
1308
1472
1290
1437
1235
1334
1191
1237
1209
1076
1164
1050
1230
1173
1295
1284
1329
1378
1337
1449
1294
1405
1260
1300
1219
1130
1235
1012
1197
1060
1256
1103
1344
1206
1379
1327
1367
1384
1359
1263
1291
1229
1248
1107
1241
946
1209
1075
1301
1081
1346
1215
1369
1296
1358
1390
1310
1349
1261
1211
1151
1127
1172
983
1173
1053
1259
1118
1288
1219
1331
1379
1320
1486
1273
1443
1233
1310
1175
1252
1185
1092
1174
1274
1268
1296
1324
1420
1355
1523
1328
1581
1275
1526
1169
1287
1214
1200
1145
1080
1192
1238
1256
1236
1298
1325
1314
1417
1290
1465
1244
1412
1193
1224
1135
1063
1151
994
1229
1189
1269
1148
1320
1259
1335
1350
1324
1355
1270
1352
1197
1117
1159
1027
1164
923
1228
1184
1296
1129
1341
1281
1323
1385
1324
1366
1269
1399
1245
1223
1216
1095
1202
1001
1249
1224
1302
1266
1340
1316
1335
1421
1318
1417
1261
1391
1228
1147
1208
1053
1233
902
1220
1173
1326
1170
1369
1263
1360
1381
1325
1334
1260
1324
1176
1130
1208
1032
1131
944
1213
1234
1278
1275
1291
1376
1322
1481
1319
1426
1231
1352
1213
1166
1188
1057
1173
962
1256
1249
1329
1274
1360
1391
1364
1496
1321
1436
1273
1271
1239
1197
1177
1100
1239
934
1265
1154
1264
1301
1339
1411
1324
1514
1275
1448
1236
1291
1128
1135
1198
1008
1202
867
1228
1231
1309
1277
1351
1374
1334
1455
1274
1392
1247
1211
1243
1103
1230
929
1203
844
1303
1206
1350
1281
1363
1366
1331
1441
1276
1439
1244
1280
1221
1122
1177
1040
1250
873
1310
1261
1341
1337
1350
1482
1330
1467
1226
1478
1234
1267
1208
1153
1177
948
1170
862
1310
1222
1329
1277
1349
1381
1323
1354
1266
1382
1257
1169
1172
1065
1230
901
1222
825
1316
1190
1383
1284
1351
1384
1311
1380
1244
1404
1211
1191
1109
1015
1142
947
1223
798
1311
1241
1348
1326
1366
1453
1337
1398
1254
1436
1217
1185
1145
1033
1149
918
1208
900
1326
1288
1366
1380
1356
1503
1336
1461
1238
1437
1180
1186
1135
1074
1143
961
1224
909
1325
1294
1362
1402
1349
1504
1315
1442
1260
1444
1165
1215
1217
1070
1196
907
1257
965
1348
1267
1332
1382
1342
1501
1297
1452
1235
1455
1146
1225
1205
999
1162
935
1241
1028
1332
1304
1360
1375
1338
1515
1284
1440
1250
1429
1189
1144
1218
1013
1229
887
1264
1100
1342
1286
1350
1405
1320
1518
1260
1439
1214
1356
1188
1087
1181
963
1196
848
1267
1136
1331
1266
1365
1381
1341
1481
1272
1420
1227
1269
1136
1125
1145
962
1236
815
1222
1183
1358
1300
1371
1451
1319
1552
1269
1489
1249
1283
1150
1146
1192
979
1205
903
1285
1243
1385
1358
1385
1475
1357
1509
1281
1461
1236
1266
1214
1121
1155
919
1178
853
1228
1224
1344
1352
1351
1473
1323
1507
1248
1483
1225
1277
1185
1119
1183
926
1201
868
1255
1223
1387
1356
1358
1479
1339
1457
1265
1445
1220
1236
1198
1043
1205
863
1164
775
1259
1233
1356
1348
1356
1481
1317
1452
1251
1457
1212
1221
1135
1052
1217
885
1232
806
1308
1272
1375
1395
1370
1540
1325
1518
1260
1509
1232
1233
1194
1078
1188
860
1204
859
1332
1268
1370
1412
1354
1556
1310
1512
1229
1501
1182
1225
1135
1071
1192
860
1210
831
1302
1278
1357
1418
1349
1528
1302
1460
1248
1423
1229
1165
1204
956
1205
777
1223
773
1356
1252
1374
1392
1349
1537
1276
1469
1227
1432
1184
1123
1170
962
1184
856
1244
827
1329
1278
1337
1412
1322
1535
1268
1459
1223
1406
1211
1126
1187
841
1191
740
1277
995
1382
1305
1396
1436
1368
1556
1285
1492
1238
1421
1174
1124
1212
904
1165
791
1265
1134
1353
1346
1366
1499
1336
1610
1275
1517
1228
1376
1142
1130
1189
888
1190
792
1303
1148
1393
1313
1403
1452
1366
1539
1294
1475
1245
1243
1192
1102
1169
956
1258
819
1150
1215
1390
1355
1363
1509
1330
1521
1263
1490
1218
1260
1146
1097
1183
921
1229
811
1268
1267
1364
1406
1357
1553
1323
1559
1246
1538
1203
1280
1203
1056
1217
892
1232
780
1250
1250
1362
1378
1378
1493
1334
1489
1255
1437
1223
1237
1138
1027
1151
868
1220
849
1338
1261
1366
1408
1331
1551
1305
1509
1221
1480
1169
1196
1166
1031
1140
820
1163
796
1322
1273
1368
1366
1373
1504
1328
1454
1293
1451
1256
1169
1170
942
1197
850
1272
709
1363
1223
1398
1371
1374
1498
1311
1441
1237
1416
1170
1155
1182
962
1199
786
1217
733
1341
1238
1366
1386
1365
1530
1302
1478
1252
1461
1186
1121
1164
991
1225
826
1231
879
1361
1316
1387
1475
1362
1615
1294
1580
1232
1532
1123
1186
1136
1075
1217
934
1240
1187
1357
1375
1373
1528
1351
1663
1291
1585
1238
1438
1147
1242
1124
1028
1212
864
1211
1178
1357
1336
1377
1469
1357
1561
1283
1495
1245
1297
1217
1118
1161
904
1247
750
1229
1097
1397
1217
1392
1363
1358
1440
1269
1425
1228
1222
1167
1048
1178
823
1163
750
1276
1154
1351
1292
1367
1464
1350
1503
1271
1532
1222
1264
1132
1123
1144
946
1198
823
1245
1233
1360
1349
1368
1447
1351
1258
1285
1702
1182
1275
1192
1077
1178
892
1217
815
1317
1219
1375
1341
1380
1514
1359
1271
1316
1639
1208
1249
1191
1117
1238
916
1257
815
1374
1280
1414
1402
1401
1562
1288
1639
1307
1655
1161
1272
1191
1051
1172
915
1220
719
1309
1240
1357
1366
1348
1244
1233
1537
1254
1581
1149
1199
1165
956
1143
830
1202
1090
1343
1162
1380
1290
1374
1253
1302
1518
1307
1367
1226
1194
1183
972
1169
859
1264
1192
1372
1277
1400
1414
1391
1238
1275
1614
1289
1547
1153
1240
1194
1064
1148
936
1295
1265
1365
1260
1386
1434
1365
1242
1265
1709
1299
1397
1203
1172
1152
1033
1197
866
1314
1209
1386
1284
1403
1385
1372
1235
1248
1686
1295
1357
1168
1188
1185
965
1188
813
1312
1227
1324
1293
1387
1420
1302
1136
1224
1687
1274
1320
1152
1161
1173
901
1185
1097
1293
1186
1356
1255
1349
1396
1267
1154
1198
1657
1255
1211
1149
1100
1164
874
1172
1062
1304
1200
1361
1231
1380
1034
1307
1108
1253
1621
1274
1167
1131
1030
1149
878
1247
1163
1315
1161
1364
1300
1369
1222
1277
1288
1220
1727
1195
1257
1120
1117
1153
959
1236
1239
1380
1260
1407
1362
1415
1161
1282
1331
1330
1750
1215
1305
1204
1102
1149
940
1300
1222
1353
1241
1427
1343
1398
1114
1331
1239
1311
1715
1225
1236
1155
1008
1185
922
1316
1249
1377
1260
1409
1348
1388
1127
1299
1252
1312
1714
1234
1196
1168
1025
1120
1017
1263
1217
1324
1257
1362
1388
1329
1215
1237
1569
1258
1524
1109
1275
1122
1071
1117
854
1268
1213
1347
1230
1399
1299
1309
1129
1280
1519
1279
1638
1190
1165
1131
1012
1165
1198
1273
1201
1343
1249
1379
1378
1276
1218
1289
1679
1292
1304
1194
1200
1190
981
1210
998
1323
1208
1404
1260
1441
1052
1393
1172
1311
1651
1324
1376
1239
1142
1183
924
1210
1206
1311
1198
1366
1258
1376
1115
1254
1198
1242
1681
1214
1331
1140
1154
1085
969
1171
1269
1293
1263
1366
1331
1397
1108
1293
1250
1288
1718
1284
1281
1136
1129
1186
884
1251
1190
1320
1169
1370
1242
1314
992
1294
1177
1319
1683
1258
1242
1154
1079
1148
909
1225
1245
1301
1242
1362
1327
1377
1106
1259
1254
1309
1757
1253
1341
1185
1163
1177
1119
1284
1316
1353
1318
1408
1393
1338
1146
1317
1253
1302
1711
1221
1253
1168
1022
1124
1184
1248
1213
1320
1207
1389
1292
1366
1088
1297
1256
1311
1667
1242
1190
1189
1063
1167
1221
1276
1222
1360
1266
1406
1087
1318
1143
1272
1614
1309
1763
1162
1244
1110
1089
1133
1337
1258
1304
1319
1302
1348
1059
1288
1114
1254
1480
1253
1508
1178
1113
1135
930
1111
1159
1249
1150
1323
1183
1347
898
1300
994
1231
1421
1294
1502
1143
1064
1192
966
1243
1106
1317
1223
1368
1302
1391
1088
1332
1169
1233
1671
1271
1382
1165
1227
1140
1085
1180
1333
1283
1327
1333
1403
1318
1018
1267
1180
1267
1639
1259
1246
1125
1107
1132
1120
1255
1291
1320
1305
1394
1341
1406
1084
1362
1153
1294
1612
1310
1198
1184
1081
1166
973
1290
1276
1356
1302
1404
1353
1342
1066
1294
1167
1293
1617
1269
1208
1147
1045
1148
1268
1210
1294
1292
1304
1352
1333
1335
1002
1249
1165
1282
1586
1272
1155
1191
1076
1209
1309
1266
1331
1347
1366
1390
1436
1363
1127
1303
1268
1325
1648
1189
1173
1140
1079
1163
1350
1254
1370
1305
1397
1340
1064
1294
1158
1260
1220
1246
1582
1172
1175
1124
1016
1147
1202
1201
1363
1309
1381
1360
1182
1276
1126
1277
1422
1305
1423
1216
1088
1202
974
1186
1166
1302
1310
1363
1336
1392
1018
1316
1127
1295
1463
1278
1466
1178
1042
1138
918
1203
1212
1253
1295
1299
1316
1335
955
1224
1062
1221
1360
1239
1223
1118
936
1159
937
1230
1218
1302
1285
1373
1316
1342
1018
1353
1051
1304
1489
1335
1144
1258
998
1249
1003
1298
1292
1341
1367
1381
1432
1332
1092
1278
1136
1229
1569
1248
1157
1143
1103
1118
1316
1215
1428
1300
1489
1367
1529
1335
1236
1344
1226
1333
1650
1305
1229
1226
1073
1151
1373
1220
1400
1314
1419
1337
1455
1286
1078
1215
1168
1271
1499
1206
1022
1100
909
1102
1248
1207
1284
1302
1337
1349
1041
1305
1105
1346
1129
1350
1558
1322
1080
1200
958
1215
1149
1251
1342
1297
1373
1343
1130
1311
1056
1241
1094
1271
1442
1187
1003
1177
940
1132
1132
1229
1361
1285
1413
1329
1057
1242
1162
1278
1314
1271
1538
1194
1048
1123
974
1202
1154
1236
1379
1285
1415
1324
1058
1259
1106
1295
1409
1267
1324
1207
1006
1238
941
1303
1180
1347
1484
1383
1542
1394
1186
1287
1305
1255
1613
1291
1392
1174
1090
1141
1103
1255
1306
1286
1457
1324
1476
1274
1144
1307
1105
1234
1433
1288
1178
1221
953
1169
1223
1263
1272
1327
1361
1374
1392
1337
1081
1340
1079
1328
1421
1328
1007
1229
891
1249
1227
1234
1342
1340
1437
1375
1493
1341
1108
1276
1175
1260
1518
1285
1080
1136
1007
1110
1429
1182
1464
1237
1558
1259
1216
1186
1206
1247
1420
1265
1484
1184
972
1138
929
1151
1308
1241
1425
1316
1492
1355
1220
1329
1105
1285
1090
1336
1418
1296
939
1185
965
1214
1192
1248
1489
1287
1538
1307
1203
1254
1176
1245
1245
1258
1467
1185
936
1171
953
1240
1386
1267
1507
1325
1555
1376
1193
1327
1153
1310
1390
1350
1376
1274
910
1212
944
1276
1160
1279
1482
1310
1511
1232
1135
1241
1137
1243
1323
1258
1274
1137
863
1144
760
1248
1130
1275
1412
1307
1491
1302
1112
1290
1075
1232
1448
1301
1106
1240
901
1235
982
1295
1321
1309
1495
1345
1526
1325
1141
1294
1171
1271
1419
1335
1005
1281
869
1226
1204
1312
1326
1367
1543
1383
1610
1315
1299
1329
1372
1325
1588
1294
1098
1164
1072
1173
1266
1268
1473
1288
1574
1314
1594
1245
1211
1276
1123
1301
1427
1298
900
1182
835
1174
1244
1255
1383
1310
1515
1340
1241
1265
1205
1293
1263
1342
1525
1326
1002
1206
980
1260
1167
1269
1483
1313
1583
1331
1351
1270
1298
1276
1250
1282
1551
1212
1033
1125
967
1173
1224
1206
1511
1231
1589
1254
1256
1216
1194
1242
1094
1277
1379
1252
892
1201
873
1287
1106
1266
1399
1333
1483
1341
1163
1285
1120
1264
1443
1288
1331
1223
894
1159
861
1188
1073
1246
1396
1282
1481
1247
1088
1217
1432
1235
1340
1339
1272
1297
827
1305
865
1342
1137
1366
1455
1393
1555
1391
1162
1295
1237
1318
1522
1334
1043
1213
922
1239
949
1245
1165
1253
1473
1252
1536
1170
1229
1249
1148
1208
1460
1266
1015
1178
912
1261
1217
1273
1311
1341
1526
1356
1619
1311
1221
1270
1288
1273
1544
1357
1091
1268
1017
1266
1381
1299
1440
1337
1620
1339
1341
1240
1337
1313
1293
1312
1565
1308
1050
1204
946
1175
1353
1248
1475
1280
1561
1278
1335
1228
1232
1265
1213
1209
1460
1279
910
1182
885
1235
1218
1283
1359
1327
1450
1357
1061
1281
1363
1324
1047
1340
1280
1275
756
1214
757
1244
1168
1247
1392
1279
1516
1283
1192
1176
1451
1231
1213
1268
1499
1188
1031
1235
936
1263
1236
1263
1530
1297
1605
1275
1257
1253
1476
1213
1103
1302
1400
1267
908
1230
939
1253
1175
1266
1505
1296
1590
1277
1193
1222
1464
1266
1468
1316
1342
1283
901
1279
892
1327
1166
1333
1478
1340
1549
1345
1178
1252
1422
1248
1362
1311
1248
1268
885
1251
1211
1289
1226
1343
1510
1361
1590
1313
1255
1358
1211
1271
1488
1361
1007
1301
846
1244
1142
1272
1239
1289
1437
1285
1519
1230
1175
1193
1192
1153
1447
1242
994
1176
938
1175
1286
1207
1348
1258
1534
1278
1245
1176
1338
1275
1223
1267
1486
1275
950
1195
862
1199
1256
1262
1377
1282
1536
1286
1333
1251
1257
1274
1240
1186
1524
1282
1016
1200
920
1264
1342
1275
1467
1323
1578
1330
1242
1254
1615
1298
1203
1311
1487
1293
998
1267
904
1320
1036
1283
1391
1328
1490
1327
1182
1278
1456
1280
1036
1318
1341
1289
820
1226
830
1343
1010
1313
1382
1348
1491
1291
1138
1270
1442
1245
1149
1312
1427
1235
925
1253
871
1304
1143
1291
1478
1318
1582
1278
1228
1275
1399
1193
1481
1284
1319
1179
969
1217
975
1240
1209
1250
1490
1256
1545
1194
1215
1243
1156
1140
1352
1223
1177
1197
796
1189
1035
1247
1044
1282
1391
1317
1467
1239
1150
1338
1163
1283
1379
1356
1002
1290
883
1303
1126
1341
1303
1348
1551
1346
1332
1292
1627
1314
1362
1255
1616
1289
1150
1230
1049
1243
1353
1285
1409
1326
1580
1344
1328
1294
1504
1340
1281
1251
1508
1333
1022
1263
920
1237
1134
1270
1335
1307
1496
1298
1311
1249
1306
1252
1160
1219
1494
1266
950
1184
887
1240
1297
1275
1400
1326
1523
1356
1164
1277
1552
1276
1175
1304
1437
1343
913
1228
887
1320
1005
1264
1394
1283
1503
1277
1219
1179
1531
1201
1120
1271
1419
1171
904
1220
853
1269
1059
1239
1382
1283
1461
1239
1057
1239
1362
1204
1062
1279
1340
1202
843
1238
849
1278
1073
1283
1429
1286
1521
1230
1200
1290
1271
1187
1424
1275
1294
1237
997
1210
962
1322
1311
1324
1538
1363
1601
1297
1272
1365
1366
1314
1425
1344
1296
1274
996
1292
1221
1315
1255
1323
1543
1337
1599
1319
1215
1336
1229
1264
1285
1295
1130
1216
867
1205
1237
1270
1210
1303
1445
1320
1137
1245
1484
1328
1141
1232
1421
1314
936
1222
895
1281
1244
1292
1282
1317
1444
1323
1180
1255
1415
1269
1098
1246
1382
1283
988
1232
916
1184
1123
1234
1301
1272
1478
1273
1189
1242
1583
1259
1158
1253
1548
1273
1038
1221
1017
1212
1438
1286
1555
1325
1640
1332
1305
1238
1643
1246
1210
1186
1538
1234
1071
1154
1000
1134
1157
1190
1465
1239
1545
1219
1225
1254
1574
1256
1108
1299
1397
1263
894
1254
899
1301
1124
1389
1391
1398
1455
1409
1085
1439
1360
1339
1053
1361
1352
1313
884
1228
841
1302
1073
1267
1413
1302
1494
1243
1189
1306
1251
1212
1136
1276
1432
1266
951
1244
1312
1284
1244
1308
1574
1323
1609
1267
1236
1329
1290
1239
1278
1274
1232
1215
981
1225
1247
1246
1251
1259
1525
1285
1576
1230
1180
1291
1176
1210
1134
1267
1061
1175
893
1175
1302
1228
1182
1253
1498
1304
1251
1262
1543
1292
1164
1218
1432
1253
1017
1174
899
1186
1239
1220
1308
1278
1482
1294
1197
1205
1506
1281
1130
1216
1414
1278
1023
1246
962
1219
1284
1288
1352
1340
1510
1356
1134
1306
1550
1296
1111
1228
1456
1305
958
1205
936
1223
1335
1316
1439
1383
1550
1399
1246
1339
1626
1318
1194
1293
1527
1281
1080
1268
982
1235
1141
1275
1471
1304
1532
1245
1199
1310
1537
1203
1098
1186
1428
1195
949
1200
923
1251
1167
1234
1408
1296
1478
1269
1143
1314
1316
1249
1012
1297
1355
1179
938
1209
925
1272
1116
1270
1450
1324
1499
1298
1279
1349
1282
1265
1070
1328
1371
1232
965
1291
1255
1300
1186
1315
1465
1350
1500
1245
1386
1323
1142
1192
1258
1254
1170
1163
981
1187
1224
1223
1280
1269
1595
1295
1658
1220
1352
1309
1289
1221
1293
1292
1207
1233
1122
1266
1434
1289
1302
1346
1531
1364
1218
1311
1542
1331
1145
1221
1429
1254
1030
1170
910
1174
1271
1235
1307
1296
1475
1326
1221
1260
1489
1342
1109
1242
1394
1314
985
1240
920
1252
1283
1313
1313
1369
1415
1386
1062
1317
1466
1331
1061
1281
1419
1239
1016
1209
1013
1226
1388
1252
1461
1292
1591
1312
1187
1232
1552
1240
1158
1241
1456
1238
965
1174
994
1238
1167
1255
1460
1316
1519
1267
1117
1320
1529
1212
1113
1213
1423
1166
1024
1174
979
1244
1208
1236
1480
1293
1538
1290
1151
1322
1341
1238
1062
1278
1461
1184
1040
1216
1036
1295
1261
1304
1512
1356
1569
1333
1427
1367
1326
1292
1079
1282
1366
1208
959
1173
1180
1238
1175
1270
1464
1325
1500
1298
1412
1332
1163
1265
1174
1286
1063
1194
917
1217
1024
1293
1103
1320
1400
1349
1062
1261
1448
1357
1116
1280
1095
1294
1033
1230
966
1240
1303
1269
1203
1318
1489
1343
1191
1252
1521
1326
1124
1189
1473
1264
1073
1198
1059
1156
1364
1258
1420
1330
1591
1357
1320
1267
1621
1341
1216
1245
1529
1316
1089
1202
1040
1269
1420
1313
1426
1341
1534
1350
1194
1281
1566
1254
1159
1212
1418
1266
1035
1139
1029
1210
1245
1223
1409
1301
1501
1316
1171
1220
1550
1261
1135
1189
1454
1206
962
1163
961
1264
1111
1299
1354
1369
1422
1340
1052
1378
1481
1263
1062
1259
1428
1235
953
1241
1015
1279
1213
1281
1457
1327
1510
1277
1157
1325
1372
1254
1071
1258
1364
1181
901
1235
883
1281
1108
1304
1381
1356
1405
1295
1368
1343
1308
1285
1082
1261
1363
1142
1009
1144
1195
1205
1198
1253
1449
1289
1508
1237
1440
1339
1195
1243
1345
1291
1097
1195
1032
1154
961
1297
1241
1309
1511
1349
1194
1247
1594
1334
1222
1207
1253
1252
1151
1166
1007
1122
1356
1212
1223
1266
1480
1309
1190
1232
1529
1330
1117
1212
1459
1294
1012
1205
1011
1224
1299
1270
1301
1318
1479
1320
1266
1279
1548
1300
1204
1241
1463
1271
1061
1197
1006
1207
1325
1243
1311
1322
1454
1356
1135
1324
1529
1299
1135
1285
1406
1309
972
1240
961
1301
1138
1338
1360
1376
1469
1398
1163
1371
1530
1289
1126
1239
1428
1196
926
1207
916
1166
1083
1263
1327
1337
1432
1325
1052
1332
1427
1276
1022
1178
1356
1234
917
1175
890
1275
1107
1280
1421
1350
1516
1308
1253
1350
1473
1243
1217
1268
1519
1178
1069
1183
1033
1244
1239
1246
1500
1307
1532
1273
1494
1314
1424
1234
1202
1228
1383
1147
1068
1164
1137
1274
1198
1285
1457
1351
1542
1348
1534
1368
1245
1283
1313
1320
1158
1257
993
1241
997
1314
1153
1327
1406
1351
1135
1306
1535
1352
1180
1195
1207
1252
1067
1131
976
1196
1265
1252
1124
1291
1402
1341
1124
1242
1509
1343
1128
1253
1098
1325
1069
1253
971
1259
1240
1311
1221
1367
1410
1369
1033
1296
1529
1327
1178
1256
1436
1260
1045
1218
964
1176
1206
1262
1274
1321
1434
1338
1096
1303
1564
1279
1213
1251
1469
1257
1089
1230
973
1269
1113
1234
1350
1280
1483
1317
1209
1277
1610
1244
1230
1176
1537
1178
1079
1181
951
1125
1114
1251
1354
1324
1416
1324
1115
1345
1520
1277
1091
1211
1467
1244
966
1254
1004
1303
1142
1292
1390
1336
1470
1293
1142
1344
1436
1269
1138
1289
1427
1242
962
1259
884
1312
977
1318
1330
1366
1386
1290
1397
1367
1348
1270
1088
1285
1351
1259
935
1243
915
1296
1152
1305
1392
1337
1489
1328
1498
1335
1236
1250
1367
1268
1161
1203
994
1242
1007
1292
1144
1305
1427
1329
1183
1267
1556
1324
1272
1249
1199
1254
1135
1216
1040
1220
1325
1258
1219
1328
1502
1348
1280
1272
1651
1331
1281
1203
1262
1276
1134
1168
1004
1211
1318
1240
1210
1286
1448
1294
1120
1286
1586
1283
1178
1156
1502
1246
1044
1180
958
1133
1251
1270
1235
1322
1370
1353
1068
1346
1513
1309
1092
1227
1418
1306
944
1206
952
1216
1043
1272
1225
1320
1353
1330
1054
1306
1469
1282
1088
1242
1432
1218
981
1257
948
1302
1118
1306
1362
1327
1453
1354
1155
1369
1577
1276
1241
1272
1527
1276
1032
1212
962
1275
1151
1258
1376
1306
1460
1302
1135
1306
1466
1247
1196
1275
1457
1196
1076
1275
1003
1325
1123
1308
1472
1344
1530
1302
1526
1338
1387
1220
1182
1261
1409
1224
993
1222
1049
1264
1156
1263
1410
1291
1498
1259
1518
1294
1214
1170
1397
1276
1131
1207
999
1243
941
1291
1191
1299
1384
1297
1079
1235
1506
1306
1160
1212
1210
1290
1054
1200
937
1235
1251
1310
1104
1338
1405
1379
1197
1307
1585
1329
1194
1209
1221
1289
1121
1228
979
1188
1180
1255
1162
1291
1372
1297
1077
1253
1503
1292
1111
1208
1417
1285
996
1203
901
1213
1165
1293
1209
1357
1369
1362
1048
1345
1532
1312
1201
1289
1471
1300
1081
1248
986
1294
1148
1255
1337
1287
1477
1251
1130
1289
1625
1239
1233
1192
1580
1265
1108
1225
989
1236
1229
1297
1392
1374
1463
1320
1105
1348
1564
1274
1203
1295
1478
1267
1013
1280
983
1303
1054
1236
1360
1314
1436
1306
1134
1292
1376
1183
1159
1259
1411
1206
1013
1204
946
1297
1064
1288
1397
1318
1419
1272
1457
1310
1369
1211
1191
1257
1395
1246
1016
1253
1088
1300
1169
1299
1407
1328
1483
1231
1512
1315
1201
1212
1207
1281
1316
1239
1052
1274
1304
1304
1138
1323
1408
1340
1118
1202
1526
1281
1179
1159
1186
1245
1032
1167
974
1227
1246
1245
1129
1307
1382
1325
1179
1282
1520
1307
1207
1244
1136
1330
1060
1253
975
1307
1293
1304
1223
1328
1411
1312
1084
1286
1575
1252
1217
1192
1530
1258
1114
1173
984
1202
1385
1242
1357
1310
1510
1306
1203
1289
1613
1285
1259
1278
1510
1271
1112
1293
963
1267
1085
1308
1267
1348
1378
1302
1099
1321
1505
1246
1122
1232
1501
1238
992
1213
998
1237
1093
1291
1323
1300
1384
1237
1024
1275
1469
1214
1051
1172
1422
1218
998
1231
934
1274
967
1262
1286
1306
1358
1259
1062
1308
1319
1213
1105
1305
1404
1296
1009
1239
993
1322
1087
1306
1383
1307
1422
1203
1440
1264
1365
1201
1126
1230
1348
1178
1084
1182
991
1309
1203
1297
1468
1325
1547
1218
1584
1310
1293
1243
1261
1277
1488
1277
1134
1256
1450
1299
1289
1334
1519
1336
1239
1240
1574
1286
1211
1168
1263
1278
1123
1200
992
1259
1232
1289
1097
1332
1369
1332
1089
1274
1452
1303
1095
1217
1129
1318
1097
1288
988
1266
1239
1353
1129
1340
1344
1323
1027
1312
1452
1296
1112
1216
1414
1284
1018
1248
956
1246
1236
1262
1177
1307
1345
1301
1057
1273
1507
1171
1168
1250
1457
1276
1057
1258
988
1314
1103
1279
1299
1314
1414
1280
1087
1293
1569
1252
1230
1212
1582
1260
1128
1223
1099
1280
1216
1278
1464
1306
1521
1282
1171
1278
1612
1200
1282
1236
1599
1279
1093
1221
1039
1316
1228
1286
1411
1323
1450
1285
1171
1292
1522
1328
1494
1295
1253
1211
976
1268
986
1286
957
1277
925
1308
1401
1282
1450
1270
1458
1251
1308
1216
1241
1238
1170
1260
1004
1278
899
1249
965
1264
974
1253
1437
1292
1539
1286
1505
1298
1428
1299
1223
1306
1183
1305
1156
1224
1035
1230
1043
1224
1083
1170
1131
1275
1525
1267
1480
1271
1363
1291
1181
1274
1122
1271
1154
1242
1093
1252
1133
1237
1229
1268
1161
1281
1516
1353
1458
1372
1376
1363
1312
1320
1159
1314
1212
1303
1301
1298
1198
1282
1123
1229
1094
1288
1075
1331
1402
1339
1369
1315
1375
1288
1302
1237
1359
1233
1390
1236
1208
1238
1137
1201
1041
1214
991
1253
1341
1313
1388
1309
1433
1301
1479
1255
1354
1268
1329
1288
1287
1235
1013
1271
1020
1263
1004
1262
979
1279
1481
1269
1530
1264
1527
1261
1333
1243
1251
1255
1186
1271
944
1233
943
1262
1022
1248
1053
1231
1515
1291
1571
1308
1517
1322
1399
1303
1190
1300
1164
1278
1128
1154
984
1193
1098
1206
1148
1202
1097
1264
1504
1293
1422
1325
1321
1325
1124
1298
1043
1282
1158
1274
1126
1264
1175
1197
1225
1214
1173
1244
1487
1308
1438
1301
1376
1285
1324
1244
1214
1243
1272
1242
1313
1215
1213
1209
1157
1292
1059
1238
960
1335
1333
1346
1320
1323
1356
1304
1331
1263
1368
1245
1391
1265
1223
1282
1080
1217
1035
1235
959
1247
1351
1305
1446
1308
1513
1313
1541
1317
1390
1323
1347
1349
1268
1326
993
1289
995
1288
996
1244
1020
1274
1526
1283
1576
1272
1532
1276
1327
1268
1215
1266
1132
1259
957
1249
941
1242
1027
1229
1041
1250
1468
1317
1483
1326
1401
1317
1295
1300
1081
1262
1064
1235
1115
1146
1073
1212
1122
1145
1187
1202
1186
1267
1478
1296
1398
1303
1312
1291
1187
1259
1178
1254
1282
1259
1222
1291
1218
1268
1229
1282
1115
1283
1411
1308
1400
1291
1365
1264
1394
1243
1326
1243
1398
1255
1413
1214
1197
1264
1110
1304
977
1271
888
1311
1263
1300
1294
1293
1367
1289
1343
1265
1318
1255
1276
1254
1060
1236
942
1209
828
1142
783
1139
1146
1177
1320
1177
1372
1190
1370
1205
1182
1191
1111
1194
1011
1143
822
1168
812
1153
876
1138
987
1094
1422
1177
1441
1206
1347
1205
1154
1205
937
1221
894
1275
789
1253
897
1364
1057
1361
1269
1436
1544
1477
1770
1467
1669
1458
1522
1440
1264
1435
1247
1456
1355
1476
1366
1482
1529
1488
1653
1474
1590
1343
1881
1335
1692
1259
1480
1242
1316
1272
1158
1381
1204
1493
1232
1546
1246
1552
1289
1487
1261
1352
1073
1237
1358
1129
1201
1097
1101
1139
974
1236
1032
1379
1138
1481
1060
1475
1105
1350
1052
1175
1077
1016
1400
974
1417
936
1418
994
1434
1092
1353
1200
1435
1332
1502
1348
1397
1204
1394
1114
1326
917
1286
895
1598
851
1486
920
1343
1060
1120
1206
1089
1353
1099
1437
1031
1431
1061
1307
1184
1246
1166
1117
1464
1069
1423
1045
1196
1093
1030
1190
809
1326
858
1447
1004
1531
1058
1529
1136
1407
1197
1328
1106
1212
1313
1182
1092
1170
905
1202
745
1353
768
1517
958
1624
1055
1580
1157
1559
1236
1390
1104
1182
1229
1081
1186
1051
1038
1095
1028
1244
1003
1437
1205
1620
1424
1675
1452
1565
1441
1395
1376
1172
1167
945
1400
908
1292
956
1282
1087
1355
1267
1418
1444
1625
1545
1657
1494
1664
1344
1556
1216
1370
1035
1155
1046
1417
1067
1312
1204
1296
1377
1226
1506
1366
1574
1484
1555
1384
1397
1385
1261
1401
1121
1222
1011
1494
1049
1372
1138
1254
1278
1207
1403
1102
1498
1206
1544
1368
1516
1357
1384
1358
1253
1244
1118
1098
1130
1284
1103
1082
1144
955
1235
830
1319
920
1451
1149
1467
1257
1390
1328
1346
1392
1254
1262
1097
1409
1094
1311
1100
1215
1191
1182
1312
1158
1461
1368
1532
1612
1537
1618
1447
1627
1263
1499
1039
1327
942
1515
959
1340
1042
1249
1204
1211
1367
1187
1503
1312
1544
1370
1444
1299
1232
1258
1087
1106
921
981
946
1257
1010
1139
1150
1049
1313
924
1426
987
1492
1103
1456
1005
1318
1100
1277
1114
1146
1039
1076
1291
1203
1179
1293
1045
1402
969
1470
835
1455
948
1476
1140
1365
1128
1304
1351
1237
1356
1138
1246
1136
1487
1188
1301
1233
1158
1309
1037
1366
1111
1445
1359
1495
1434
1433
1604
1446
1629
1290
1529
1218
1569
1180
1446
1132
1234
1169
1174
1254
1137
1357
1379
1462
1657
1504
1716
1437
1698
1329
1605
1171
1282
1042
1451
1052
1212
1096
1118
1228
1165
1348
1198
1469
1420
1503
1599
1392
1462
1243
1410
1062
1147
888
875
899
1054
989
943
1140
933
1291
929
1404
1093
1461
1278
1407
1241
1286
1221
1143
1074
1011
903
991
1030
1094
959
1205
881
1306
900
1375
859
1368
1055
1359
1276
1324
1290
1204
1293
1122
1217
1094
1065
1149
1297
1272
1128
1333
1032
1391
1017
1404
1063
1424
1316
1439
1562
1428
1575
1303
1560
1280
1388
1154
1138
1181
1261
1188
1036
1247
955
1354
930
1448
1183
1573
1486
1612
1525
1536
1590
1416
1510
1288
1218
1121
1281
1148
1078
1213
974
1299
1010
1427
1081
1532
1389
1574
1681
1489
1651
1292
1595
1100
1468
981
1112
930
1267
1056
1091
1212
1042
1356
1097
1519
1216
1518
1480
1442
1660
1287
1614
1037
1530
957
1306
867
1069
1043
1219
1172
1071
1311
1061
1449
1058
1449
1299
1401
1569
1302
1616
1190
1675
1095
1531
1010
1245
1043
1257
1172
1029
1262
843
1327
861
1339
914
1341
1219
1330
1556
1315
1598
1247
1537
1187
1256
1134
928
1178
964
1251
710
1302
654
1348
810
1386
1039
1403
1418
1410
1646
1315
1542
1243
1315
1052
998
1017
590
1025
723
1082
642
1203
767
1336
930
1453
1308
1478
1625
1443
1591
1309
1489
1141
1177
985
864
971
903
1105
856
1238
887
1393
1110
1498
1229
1504
1551
1427
1739
1294
1627
1047
1415
1006
1171
1018
826
1064
1014
1279
947
1437
1009
1536
1219
1518
1381
1458
1655
1324
1807
1181
1625
1097
1348
1008
1049
1099
723
1234
885
1349
808
1414
931
1437
1087
1361
1428
1356
1748
1313
1768
1267
1610
1172
1296
1205
894
1157
792
1289
782
1316
822
1376
1080
1383
1331
1418
1734
1417
1967
1368
1794
1272
1513
1157
1188
1113
714
1081
873
1188
861
1274
1051
1372
1372
1435
1606
1467
1865
1389
1934
1217
1643
1076
1302
958
890
874
621
953
888
1161
950
1328
1184
1478
1391
1495
1602
1466
1734
1334
1695
1120
1317
987
1085
970
804
1015
561
1217
922
1379
992
1494
1190
1512
1300
1416
1480
1276
1579
1143
1436
963
1171
959
962
1058
661
1161
870
1346
884
1430
974
1471
1175
1418
1264
1327
1462
1246
1532
1199
1311
1081
1093
1142
770
1152
555
1184
776
1318
821
1362
1025
1403
1321
1407
1534
1412
1756
1369
1804
1325
1511
1260
1192
1154
885
1161
631
1203
974
1277
1122
1387
1407
1450
1609
1480
1836
1470
1952
1375
1808
1232
1399
1129
1066
1013
834
1081
656
1213
1135
1351
1314
1480
1606
1533
1676
1493
1801
1365
1778
1201
1429
1004
1089
954
849
964
580
1061
904
1262
999
1406
1196
1475
1404
1453
1460
1370
1579
1249
1554
1123
1228
1033
963
1011
751
1134
496
1210
873
1368
967
1418
1143
1413
1387
1326
1490
1270
1641
1197
1614
1097
1284
1110
953
1100
685
1155
485
1188
873
1272
1012
1320
1283
1363
1540
1374
1724
1385
1795
1351
1647
1228
1198
1183
782
1090
484
1092
441
1202
908
1294
1189
1402
1539
1524
1711
1546
1817
1484
1815
1354
1439
1199
1049
1033
686
974
553
1045
880
1262
1163
1427
1470
1591
1780
1646
1804
1570
1885
1408
1720
1229
1276
1024
956
991
659
1024
636
1171
1062
1405
1300
1546
1576
1594
1767
1519
1776
1392
1738
1218
1555
1080
1102
1039
829
1049
597
1110
565
1234
1072
1401
1285
1466
1598
1458
1803
1407
1832
1350
1804
1239
1602
1178
1122
1129
757
1085
606
1151
565
1230
1108
1323
1361
1383
1718
1428
1852
1415
1896
1364
1765
1270
1372
1166
867
1062
554
973
427
1055
543
1204
1183
1356
1515
1485
1831
1562
1865
1515
1820
1359
1579
1192
1038
984
662
891
465
932
420
1008
959
1279
1330
1465
1660
1587
1896
1561
1800
1414
1639
1214
1337
1036
854
903
541
875
452
1013
511
1224
1126
1463
1439
1581
1731
1588
1877
1463
1689
1286
1506
1129
1227
1024
739
970
484
1011
398
1116
507
1333
1157
1485
1463
1549
1740
1539
1863
1432
1702
1321
1485
1224
1144
1110
665
1087
414
1079
444
1195
598
1328
1295
1440
1652
1528
1948
1546
1965
1461
1785
1340
1486
1227
1097
1054
584
1016
464
1052
531
1151
783
1385
1605
1566
1995
1649
2191
1625
2055
1480
1779
1271
1376
1076
905
922
546
930
510
1008
679
1217
1289
1505
1903
1640
2135
1674
2219
1580
1891
1343
1540
1146
1132
996
694
982
553
1007
578
1118
859
1310
1535
1540
1888
1585
2061
1515
2017
1353
1656
1154
1335
1029
1018
962
618
988
494
1072
648
1221
809
1356
1494
1494
1750
1499
1900
1467
1859
1354
1522
1227
1207
1120
933
1051
538
975
430
1022
500
1129
762
1289
1484
1472
1773
1529
1953
1509
1871
1384
1474
1232
1103
1075
753
997
374
915
283
989
504
1177
862
1382
1713
1617
2009
1664
2107
1581
1912
1381
1409
1176
981
1020
635
949
403
1021
466
1153
820
1352
1230
1576
1988
1702
2183
1632
2116
1448
1775
1193
1284
1049
934
931
768
899
583
1112
718
1230
1063
1478
1425
1624
2049
1640
2099
1535
1943
1400
1544
1186
1156
1088
870
1049
704
1103
616
1111
759
1300
1011
1347
1350
1503
1904
1483
1936
1424
1801
1341
1404
1166
1068
1077
823
1030
596
1049
526
1107
708
1186
1043
1383
1672
1534
1988
1558
2026
1493
1848
1351
1389
1157
1030
1015
753
935
499
890
589
1040
826
1195
1262
1423
1904
1608
2109
1603
2060
1495
1741
1295
1183
1095
804
950
609
967
466
1021
635
1227
1041
1437
1354
1586
2024
1651
2046
1536
1831
1378
1458
1193
931
1031
676
980
604
1038
579
1176
766
1322
1160
1482
1393
1548
1941
1574
1879
1463
1678
1326
1350
1190
922
1079
759
1038
739
1076
665
1125
916
1277
1223
1387
1438
1454
1954
1522
1898
1485
1690
1384
1367
1258
932
1129
767
1052
740
1049
659
1133
875
1210
1278
1370
1558
1489
2073
1585
1946
1530
1705
1362
1348
1173
853
1000
661
929
663
940
750
1108
1064
1279
1411
1457
1707
1637
2101
1613
1967
1464
1589
1252
1177
1060
750
944
659
938
796
1005
887
1226
1328
1419
1659
1547
1825
1592
2058
1504
1812
1354
1412
1157
1069
1056
703
1002
715
1034
884
1116
987
1243
1321
1358
1580
1482
1637
1496
1841
1421
1584
1324
1273
1220
1005
1072
712
1010
711
993
858
1056
896
1154
1174
1298
1405
1432
1520
1527
1718
1491
1538
1372
1231
1226
966
1047
661
937
648
938
800
983
937
1208
1286
1400
1504
1524
1577
1629
1737
1534
1476
1378
1133
1193
839
993
554
929
634
981
874
1118
1130
1344
1379
1480
1606
1625
1630
1614
1630
1456
1314
1271
981
1082
778
961
629
957
796
1060
1121
1165
1347
1408
1552
1513
1681
1581
1654
1552
1576
1407
1344
1265
1105
1116
1000
1012
899
1012
1101
1090
1363
1191
1476
1308
1638
1491
1618
1477
1683
1553
1543
1444
1345
1321
1129
1172
1043
1047
967
1003
1114
1056
1351
1196
1439
1323
1635
1510
1630
1542
1663
1563
1495
1452
1250
1269
1028
1076
932
939
812
894
990
1011
1274
1151
1404
1403
1485
1558
1431
1613
1545
1568
1251
1381
1034
1172
833
982
786
886
791
923
1066
1043
1396
1216
1479
1438
1545
1565
1402
1529
1453
1447
1219
1290
983
1129
890
979
934
944
989
995
1260
1159
1543
1349
1562
1483
1534
1509
1422
1550
1405
1437
1192
1287
1045
1132
953
1010
1060
974
1103
980
1342
1086
1548
1232
1538
1416
1468
1526
1330
1554
1411
1503
1167
1349
1018
1160
959
982
1016
943
1063
980
1305
1133
1546
1301
1523
1553
1556
1680
1348
1623
1306
1524
1057
1319
925
1069
896
948
1009
907
1088
980
1401
1193
1671
1443
1613
1604
1526
1686
1276
1599
1221
1420
905
1176
832
1025
939
935
1138
950
1290
1068
1566
1285
1748
1453
1619
1641
1452
1643
1143
1535
1111
1349
908
1171
957
1028
1084
936
1299
950
1438
1040
1638
1219
1710
1408
1451
1500
1249
1550
1093
1509
1080
1376
953
1215
1042
1042
1197
934
1416
962
1484
1036
1639
1236
1698
1467
1490
1588
1259
1617
1047
1554
1056
1373
934
1146
1014
958
1184
882
1369
909
1504
1054
1573
1317
1605
1570
1304
1726
1116
1684
813
1488
888
1306
780
1069
949
948
1174
855
1425
961
1596
1157
1591
1419
1587
1623
1276
1643
1038
1641
756
1423
665
1229
803
1057
1039
956
1316
948
1542
1053
1687
1228
1602
1437
1571
1606
1266
1667
1041
1618
870
1429
810
1229
1009
1077
1242
958
1464
927
1638
1021
1731
1173
1585
1373
1505
1565
1211
1676
1055
1620
835
1421
956
1261
1004
1075
1243
924
1472
891
1605
980
1723
1194
1526
1425
1528
1631
1267
1718
1047
1610
887
1407
843
1152
1038
949
1280
833
1516
857
1692
1006
1785
1263
1621
1498
1476
1688
1265
1651
973
1571
790
1280
784
1105
1009
937
1327
886
1547
946
1682
1109
1684
1349
1479
1534
1278
1650
1083
1572
828
1496
682
1255
766
1089
988
952
1252
894
1441
954
1517
1088
1506
1287
1364
1455
1157
1586
1072
1555
846
1505
830
1310
811
1118
1050
965
1290
906
1428
933
1518
1088
1515
1296
1438
1508
1224
1652
1132
1675
905
1513
849
1354
836
1116
1023
941
1256
831
1477
947
1604
1136
1650
1380
1580
1599
1354
1702
1224
1686
1002
1515
889
1284
955
1084
1156
932
1377
926
1607
1041
1725
1246
1699
1464
1571
1642
1294
1697
1149
1631
914
1452
866
1236
985
1060
1168
940
1404
927
1546
1032
1600
1186
1561
1378
1421
1535
1170
1594
1062
1565
1012
1394
887
1256
1028
1053
1202
984
1359
951
1469
1043
1496
1210
1477
1398
1384
1554
1244
1613
1114
1577
1060
1430
921
1217
997
1024
1091
900
1305
849
1476
940
1477
1153
1481
1395
1398
1540
1279
1610
1078
1516
1035
1416
862
1199
1015
1004
1076
926
1382
921
1393
1085
1518
1283
1498
1473
1388
1588
1285
1593
1086
1491
1055
1325
931
1136
1046
1025
1218
939
1368
974
1441
1095
1441
1250
1344
1399
1258
1508
1148
1530
1046
1461
1041
1365
1009
1276
1104
1084
1132
1024
1216
1048
1230
1116
1241
1233
1240
1373
1188
1531
1203
1569
1187
1532
1153
1427
1197
1275
1113
1091
1150
981
1159
960
1203
1025
1222
1172
1348
1335
1384
1483
1391
1545
1374
1519
1220
1390
1213
1232
1097
1080
1092
957
1159
983
1215
1076
1355
1228
1442
1385
1459
1479
1405
1503
1369
1463
1208
1336
1184
1208
1038
1074
1173
1051
1216
1027
1367
1125
1347
1255
1355
1373
1319
1471
1280
1515
1186
1488
1120
1395
1103
1279
1102
1134
1119
1081
1134
999
1202
1065
1210
1149
1218
1266
1208
1390
1243
1465
1247
1484
1238
1416
1168
1316
1208
1143
1153
1077
1113
1019
1141
1050
1129
1141
1254
1291
1276
1435
1313
1510
1274
1483
1229
1411
1153
1256
1138
1109
1134
994
1177
957
1181
1009
1259
1159
1340
1356
1355
1471
1297
1535
1251
1497
1178
1398
1156
1245
1173
1135
1141
1060
1277
1066
1323
1092
1377
1207
1321
1332
1224
1388
1170
1448
1125
1429
1147
1343
1180
1263
1240
1173
1390
1104
1342
1090
1337
1120
1293
1188
1164
1262
1085
1353
1018
1405
1024
1433
1131
1398
1241
1322
1286
1229
1434
1147
1421
1115
1329
1128
1194
1187
1062
1286
978
1386
995
1445
1085
1452
1182
1409
1297
1321
1399
1190
1435
1115
1419
1072
1343
1059
1170
1154
1113
1234
1071
1332
1060
1363
1110
1376
1149
1372
1316
1286
1436
1214
1524
1171
1533
1158
1451
1168
1277
1198
1057
1245
969
1288
871
1301
1006
1303
1162
1288
1389
1265
1576
1232
1635
1173
1645
1171
1444
1168
1161
1203
910
1198
726
1268
732
1277
884
1317
1165
1328
1452
1346
1635
1301
1684
1283
1555
1233
1287
1193
995
1171
754
1179
649
1222
699
1278
938
1319
1239
1349
1505
1352
1645
1323
1644
1271
1432
1228
1252
1204
974
1190
787
1215
731
1203
828
1270
999
1290
1286
1316
1521
1322
1669
1329
1660
1325
1549
1300
1342
1289
1102
1258
882
1242
814
1236
843
1221
1054
1212
1303
1276
1561
1324
1767
1356
1803
1342
1700
1327
1417
1268
1087
1213
842
1155
687
1125
760
1107
933
1218
1263
1265
1567
1368
1790
1417
1826
1420
1651
1370
1318
1281
969
1208
727
1130
639
1082
748
1135
1064
1181
1402
1261
1739
1328
1853
1391
1817
1355
1521
1351
1230
1280
910
1224
725
1156
737
1137
871
1151
1181
1191
1423
1283
1731
1326
1755
1376
1635
1392
1441
1355
1213
1314
990
1221
839
1175
798
1126
931
1107
1118
1140
1335
1204
1559
1301
1624
1381
1618
1446
1472
1447
1233
1397
982
1297
806
1192
739
1118
823
1069
1077
1090
1411
1176
1565
1284
1685
1379
1625
1438
1425
1450
1152
1387
901
1272
736
1184
696
1109
871
1096
1140
1122
1435
1194
1620
1290
1678
1365
1542
1417
1289
1416
1026
1354
801
1271
714
1187
868
1109
1037
1113
1321
1081
1521
1136
1622
1219
1600
1301
1440
1363
1227
1420
1029
1414
974
1337
925
1271
1051
1188
1210
1130
1420
1084
1570
1142
1601
1225
1575
1333
1432
1428
1281
1488
1059
1498
1029
1418
985
1308
1078
1209
1212
1113
1381
1084
1515
1110
1594
1205
1574
1310
1433
1404
1259
1463
1081
1449
915
1395
877
1287
938
1211
1139
1130
1374
1104
1553
1146
1568
1216
1530
1297
1336
1368
1101
1415
896
1400
818
1349
835
1256
996
1176
1227
1108
1446
1074
1550
1097
1602
1124
1410
1200
1208
1279
960
1354
811
1400
852
1408
930
1337
1132
1284
1293
1215
1476
1141
1557
1098
1517
1115
1420
1176
1216
1259
1116
1358
1028
1432
1020
1462
1054
1410
1093
1334
1236
1250
1352
1139
1486
1090
1548
1116
1482
1189
1378
1285
1261
1419
1114
1479
996
1500
951
1464
1038
1362
1232
1220
1377
1133
1542
1088
1579
1104
1533
1171
1385
1244
1190
1340
1010
1409
842
1473
868
1429
946
1330
1133
1244
1310
1152
1476
1092
1516
1071
1493
1100
1378
1175
1208
1280
1049
1333
953
1413
966
1452
1030
1383
1168
1278
1309
1166
1422
1069
1463
1021
1475
1039
1398
1090
1233
1265
1217
1390
1120
1476
1019
1495
967
1425
1011
1301
1120
1175
1244
1055
1354
1008
1478
1041
1407
1155
1468
1279
1321
1405
1131
1489
985
1493
842
1426
849
1306
984
1183
1179
1096
1408
1056
1516
1089
1610
1166
1540
1282
1368
1380
1169
1451
942
1466
831
1424
841
1327
978
1227
1143
1142
1358
1087
1521
1088
1553
1164
1520
1238
1377
1342
1226
1434
1074
1480
970
1455
923
1376
954
1267
1039
1164
1236
1071
1367
1054
1495
1107
1563
1202
1575
1323
1439
1433
1246
1482
1049
1460
906
1366
902
1254
927
1149
1125
1084
1390
1076
1563
1137
1697
1232
1631
1302
1507
1417
1225
1444
959
1417
805
1334
754
1239
836
1169
1056
1078
1324
1120
1503
1160
1622
1217
1598
1290
1457
1336
1259
1373
1046
1373
891
1371
861
1311
925
1219
1052
1203
1215
1166
1385
1161
1497
1186
1525
1224
1477
1281
1403
1346
1301
1358
1109
1367
1010
1314
952
1260
992
1181
1107
1131
1238
1127
1453
1143
1544
1213
1637
1283
1620
1355
1447
1391
1240
1362
1030
1336
865
1286
839
1213
934
1174
1137
1179
1341
1196
1543
1244
1659
1296
1622
1328
1453
1332
1217
1332
998
1271
806
1243
780
1220
854
1242
1009
1207
1230
1228
1432
1239
1484
1247
1508
1246
1419
1251
1277
1258
1102
1269
923
1288
840
1296
866
1262
951
1242
1091
1219
1244
1198
1419
1164
1566
1184
1607
1220
1540
1243
1434
1253
1130
1313
938
1342
820
1302
844
1267
968
1256
1177
1246
1422
1240
1634
1237
1722
1269
1648
1293
1477
1310
1213
1322
981
1332
849
1330
845
1324
947
1310
1161
1287
1385
1253
1600
1211
1681
1191
1686
1187
1497
1207
1317
1277
1169
1328
996
1387
917
1407
926
1382
1027
1333
1172
1237
1365
1153
1444
1115
1553
1124
1531
1175
1424
1255
1253
1345
1075
1410
896
1379
822
1345
785
1278
939
1168
1125
1133
1333
1126
1535
1130
1571
1199
1517
1272
1348
1339
1150
1365
915
1369
786
1340
778
1286
829
1261
1116
1192
1346
1161
1541
1172
1642
1196
1611
1210
1477
1265
1286
1318
1089
1359
948
1387
873
1392
931
1357
1075
1301
1266
1213
1430
1167
1558
1137
1620
1161
1557
1215
1449
1312
1241
1410
1068
1445
939
1453
870
1401
910
1315
1075
1203
1270
1131
1500
1100
1584
1120
1691
1191
1615
1250
1346
1343
1093
1373
852
1368
728
1337
755
1278
922
1212
1175
1156
1428
1143
1613
1146
1615
1165
1561
1210
1327
1258
1091
1303
900
1338
805
1357
799
1365
968
1328
1181
1263
1323
1200
1544
1130
1610
1098
1520
1102
1413
1135
1231
1259
1059
1350
966
1449
932
1476
958
1462
1106
1340
1263
1227
1433
1131
1570
1081
1652
1085
1558
1179
1387
1257
1176
1376
901
1465
900
1498
851
1430
976
1344
1133
1247
1333
1170
1521
1127
1627
1099
1600
1132
1406
1199
1107
1305
1023
1376
869
1436
815
1447
892
1422
1062
1359
1270
1262
1449
1154
1589
1065
1584
1025
1447
1055
1225
1144
1074
1285
909
1427
863
1507
901
1522
985
1467
1175
1321
1324
1152
1471
1024
1572
958
1506
1005
1375
1136
1187
1297
1046
1469
988
1567
859
1579
947
1491
1091
1352
1270
1184
1437
1064
1601
1007
1657
1050
1541
1138
1361
1283
1137
1406
961
1508
820
1532
900
1474
1088
1386
1247
1252
1474
1138
1645
1060
1729
1044
1594
1082
1404
1176
1186
1296
1003
1406
835
1503
900
1519
1012
1457
1215
1334
1379
1205
1548
1042
1596
977
1584
974
1443
1057
1247
1194
1077
1398
972
1511
921
1558
921
1525
1031
1400
1188
1251
1394
1105
1540
1033
1580
1039
1578
1105
1395
1230
1218
1374
1017
1471
865
1501
805
1456
871
1359
1044
1247
1270
1153
1459
1119
1498
1105
1518
1122
1466
1179
1269
1271
1079
1328
892
1389
813
1410
845
1390
985
1342
1193
1290
1398
1195
1489
1135
1577
1115
1510
1131
1396
1197
1249
1275
1098
1367
950
1413
893
1436
962
1399
1138
1317
1241
1223
1383
1151
1513
1091
1563
1133
1539
1193
1434
1273
1276
1348
1087
1378
935
1385
955
1317
924
1284
1052
1227
1230
1196
1455
1191
1600
1214
1616
1241
1594
1261
1403
1258
1312
1283
959
1262
827
1273
793
1294
907
1287
1107
1330
1342
1320
1495
1300
1625
1251
1609
1211
1484
1178
1306
1200
1073
1225
935
1288
850
1334
845
1409
953
1410
1147
1359
1357
1287
1522
1203
1598
1152
1581
1117
1495
1139
1318
1183
1114
1272
917
1332
838
1378
838
1381
983
1356
1125
1333
1440
1263
1605
1215
1693
1207
1627
1175
1479
1172
1260
1210
1050
1258
896
1306
845
1361
905
1437
1087
1411
1296
1378
1505
1296
1608
1212
1632
1118
1550
1107
1392
1118
1221
1194
1038
1301
925
1410
908
1489
957
1471
1110
1432
1286
1316
1432
1176
1573
1083
1600
1041
1559
1085
1412
1187
1216
1284
1016
1413
863
1480
836
1478
853
1416
1017
1317
1244
1208
1453
1124
1597
1079
1632
1084
1528
1149
1393
1238
1079
1316
898
1385
794
1387
821
1416
944
1385
1203
1297
1454
1201
1608
1103
1714
1064
1596
1075
1440
1145
1194
1249
1029
1363
892
1473
818
1503
965
1467
1131
1356
1433
1226
1512
1109
1618
1027
1615
1041
1530
1120
1312
1264
1177
1379
1030
1485
914
1503
908
1475
985
1322
1121
1192
1345
1064
1503
1046
1593
1057
1535
1150
1409
1263
1220
1337
1030
1425
892
1420
842
1381
893
1322
1094
1269
1307
1220
1480
1177
1550
1182
1542
1206
1426
1236
1237
1281
1091
1313
951
1352
933
1365
975
1367
1090
1363
1249
1308
1361
1258
1441
1208
1438
1184
1370
1177
1270
1194
1206
1256
1087
1320
1002
1356
1008
1355
1052
1350
1152
1309
1229
1266
1373
1223
1423
1208
1345
1218
1379
1245
1282
1260
1149
1276
1075
1242
1055
1267
1048
1258
1165
1276
1281
1271
1403
1313
1469
1319
1464
1301
1451
1281
1328
1203
1215
1163
1125
1144
1101
1172
1110
1230
1209
1319
1287
1397
1334
1426
1378
1412
1403
1345
1317
1240
1261
1155
1207
1104
1173
1105
1114
1154
1155
1242
1191
1326
1196
1413
1125
1451
1226
1401
1224
1336
1249
1249
1279
1169
1351
1113
1343
1119
1296
1155
1251
1212
1174
1278
1146
1353
1034
1417
1045
1419
1107
1392
1187
1339
1216
1269
1336
1177
1426
1122
1391
1141
1249
1129
1146
1202
1078
1309
985
1420
998
1456
1044
1471
1145
1418
1213
1295
1395
1175
1491
1084
1530
1050
1460
1090
1382
1186
1231
1321
1076
1426
957
1468
920
1438
947
1355
1109
1238
1323
1140
1434
1095
1621
1081
1691
1129
1565
1241
1328
1303
1057
1389
845
1404
698
1381
776
1318
953
1256
1226
1208
1507
1191
1735
1188
1776
1210
1661
1204
1371
1278
1101
1304
788
1320
708
1290
726
1326
994
1309
1180
1279
1422
1240
1656
1211
1767
1184
1678
1200
1486
1251
1229
1255
990
1322
854
1348
759
1338
814
1328
979
1260
1224
1209
1462
1178
1648
1183
1707
1214
1618
1267
1445
1304
1180
1322
957
1322
777
1295
767
1217
856
1194
1047
1156
1319
1223
1538
1272
1663
1323
1625
1348
1459
1341
1290
1312
1081
1298
914
1235
820
1234
884
1196
1050
1262
1238
1306
1435
1344
1550
1368
1561
1332
1480
1311
1351
1254
1204
1228
1086
1228
1032
1230
1035
1279
1103
1295
1179
1331
1303
1347
1405
1345
1443
1317
1476
1297
1434
1270
1364
1243
1291
1201
1188
1222
1110
1223
1082
1220
1135
1229
1198
1268
1292
1297
1359
1331
1430
1323
1404
1302
1316
1231
1239
1178
1119
1144
1014
1127
1044
1162
1129
1230
1155
1320
1231
1395
1292
1419
1322
1388
1278
1311
1213
1215
1198
1135
1091
1082
1114
1105
1120
1165
1204
1300
1242
1393
1270
1443
1295
1439
1285
1349
1274
1281
1246
1196
1199
1142
1192
1127
1168
1175
1183
1243
1156
1342
1240
1390
1281
1440
1322
1420
1387
1373
1412
1329
1422
1253
1363
1205
1288
1178
1211
1195
1192
1198
1113
1263
1146
1325
1235
1358
1346
1381
1457
1377
1502
1316
1454
1267
1404
1201
1264
1149
1051
1144
1029
1139
951
1198
1010
1275
1123
1354
1299
1394
1397
1408
1524
1331
1505
1256
1379
1197
1172
1117
1033
1107
918
1136
862
1212
888
1289
1003
1373
1138
1414
1320
1391
1443
1342
1496
1277
1462
1188
1344
1174
1161
1168
1035
1206
924
1253
883
1320
935
1374
1089
1396
1276
1389
1470
1353
1695
1305
1655
1274
1532
1229
1383
1163
1182
1211
1016
1236
941
1277
1005
1328
1129
1368
1321
1394
1520
1387
1642
1332
1728
1264
1625
1193
1463
1144
1234
1152
1105
1178
999
1256
996
1311
1074
1399
1224
1418
1349
1391
1455
1320
1520
1234
1509
1137
1411
1119
1279
1145
1121
1210
1010
1274
940
1349
1023
1375
1035
1375
1136
1321
1262
1254
1359
1210
1376
1168
1385
1174
1299
1205
1174
1265
1074
1320
1056
1349
974
1375
1058
1344
1168
1311
1282
1269
1350
1246
1416
1224
1449
1218
1385
1231
1316
1252
1187
1295
1189
1339
1151
1337
1186
1338
1256
1316
1381
1279
1406
1242
1440
1217
1417
1202
1391
1211
1387
1236
1289
1271
1255
1318
1234
1341
1245
1347
1257
1321
1258
1260
1268
1208
1267
1176
1268
1184
1181
1213
1252
1257
1268
1324
1251
1356
1225
1366
1194
1339
1204
1304
1170
1230
1175
1170
1195
1154
1268
1162
1206
1216
1219
1279
1200
1343
1165
1376
1144
1371
1092
1343
1151
1290
1189
1232
1292
1192
1273
1171
1332
1182
1273
1198
1232
1220
1155
1303
1118
1346
1094
1367
1130
1348
1206
1336
1286
1291
1413
1231
1450
1195
1457
1168
1411
1159
1318
1199
1220
1266
1156
1336
1083
1369
1046
1434
1119
1398
1212
1340
1353
1259
1469
1182
1495
1133
1539
1150
1487
1187
1341
1323
1189
1369
966
1426
954
1437
939
1405
1044
1312
1228
1230
1427
1133
1610
1106
1676
1124
1679
1182
1556
1271
1275
1358
1096
1411
929
1415
857
1343
906
1322
1047
1243
1271
1197
1488
1175
1639
1177
1708
1219
1627
1265
1463
1329
1228
1344
1027
1377
869
1355
853
1279
896
1263
1049
1207
1226
1189
1415
1163
1525
1194
1599
1219
1542
1270
1400
1314
1191
1343
1005
1322
897
1314
800
1267
859
1225
987
1194
1241
1193
1369
1215
1558
1253
1671
1317
1598
1362
1466
1391
1295
1367
1123
1335
975
1283
951
1232
1030
1214
1137
1215
1292
1252
1465
1290
1580
1338
1624
1371
1598
1349
1501
1336
1392
1271
1271
1222
1133
1204
1057
1189
1065
1221
1123
1247
1218
1293
1321
1280
1462
1320
1517
1307
1555
1259
1525
1225
1369
1220
1234
1167
1058
1191
955
1230
913
1270
967
1303
1064
1324
1263
1340
1410
1323
1515
1288
1555
1247
1448
1220
1266
1200
1099
1199
919
1225
867
1232
905
1296
999
1322
1164
1342
1311
1332
1461
1296
1514
1253
1496
1203
1377
1183
1208
1178
1044
1204
932
1264
895
1294
967
1356
1085
1374
1309
1369
1484
1321
1625
1264
1652
1223
1566
1202
1407
1181
1203
1230
1004
1283
998
1329
963
1350
1066
1355
1274
1286
1463
1298
1685
1253
1743
1231
1702
1225
1511
1228
1278
1250
1072
1261
918
1286
893
1294
980
1273
1167
1264
1381
1260
1561
1256
1668
1261
1656
1210
1521
1276
1325
1275
1129
1267
956
1255
867
1252
860
1235
963
1237
1113
1245
1297
1288
1430
1284
1475
1300
1525
1306
1473
1304
1350
1298
1187
1292
1038
1295
913
1274
891
1271
931
1259
1069
1261
1226
1250
1407
1272
1530
1285
1594
1287
1543
1305
1397
1301
1291
1292
1110
1266
975
1239
930
1222
984
1213
1139
1234
1268
1278
1419
1300
1509
1326
1517
1339
1534
1315
1452
1276
1338
1237
1198
1209
1095
1194
987
1208
1008
1239
1066
1293
1164
1323
1340
1336
1461
1320
1557
1274
1572
1213
1528
1197
1394
1182
1230
1203
1079
1234
1000
1283
959
1323
970
1345
1123
1301
1297
1287
1428
1241
1540
1200
1558
1181
1468
1179
1341
1221
1185
1258
1143
1325
975
1359
989
1373
1045
1355
1148
1302
1277
1260
1386
1211
1428
1178
1457
1182
1421
1215
1331
1272
1193
1321
1165
1366
1121
1399
1097
1372
1143
1338
1182
1290
1254
1216
1307
1157
1307
1125
1385
1150
1356
1201
1307
1272
1231
1350
1185
1411
1170
1399
1188
1351
1181
1267
1235
1185
1272
1117
1220
1099
1267
1119
1228
1202
1181
1341
1204
1353
1225
1437
1277
1439
1348
1365
1404
1259
1376
1182
1338
1143
1237
1124
1184
1158
1091
1243
1056
1322
1100
1397
1221
1429
1339
1419
1443
1369
1550
1270
1514
1216
1427
1171
1309
1155
1152
1179
1078
1237
1007
1295
1016
1341
1087
1344
1215
1368
1356
1328
1447
1282
1490
1230
1507
1184
1444
1177
1332
1157
1204
1245
1082
1307
970
1360
1006
1382
1047
1384
1129
1366
1232
1287
1380
1213
1464
1177
1473
1146
1445
1173
1351
1230
1208
1301
1160
1361
1027
1377
1048
1365
1069
1308
1128
1266
1185
1206
1287
1145
1344
1165
1359
1189
1386
1234
1391
1289
1315
1350
1316
1333
1257
1320
1229
1288
1145
1255
1135
1212
1140
1222
1166
1220
1224
1252
1338
1251
1424
1303
1513
1291
1554
1286
1500
1278
1424
1272
1261
1230
1118
1290
1002
1260
961
1257
1011
1259
1106
1263
1302
1278
1435
1288
1553
1296
1584
1283
1511
1280
1355
1269
1158
1263
1006
1246
928
1249
881
1263
958
1270
1029
1276
1234
1296
1382
1304
1474
1261
1495
1238
1398
1227
1283
1207
1149
1218
1004
1243
928
1287
972
1317
1011
1328
1172
1328
1286
1301
1413
1257
1462
1225
1472
1209
1396
1207
1276
1226
1169
1264
1071
1292
1076
1310
1168
1311
1218
1274
1288
1278
1345
1261
1372
1254
1369
1250
1340
1247
1313
1250
1253
1248
1218
1251
1220
1239
1261
1260
1291
1262
1315
1270
1330
1289
1322
1297
1267
1323
1275
1324
1247
1296
1255
1285
1269
1268
1279
1255
1295
1239
1314
1250
1276
1269
1248
1279
1259
1294
1197
1329
1198
1304
1151
1296
1208
1282
1247
1286
1308
1263
1324
1259
1298
1264
1246
1244
1230
1224
1148
1238
1099
1257
1094
1274
1085
1306
1191
1325
1270
1323
1334
1309
1359
1291
1400
1239
1313
1223
1214
1202
1141
1206
1121
1218
1125
1257
1178
1317
1265
1308
1341
1318
1470
1320
1424
1303
1437
1266
1361
1254
1258
1231
1157
1226
1042
1227
1088
1229
1139
1236
1215
1254
1349
1282
1462
1292
1462
1297
1463
1302
1377
1295
1262
1274
1119
1250
1056
1225
1073
1208
1066
1211
1182
1224
1222
1236
1393
1308
1457
1344
1467
1337
1419
1320
1297
1280
1156
1257
1074
1211
1022
1218
1036
1219
1039
1275
1174
1293
1322
1328
1389
1333
1421
1322
1338
1282
1287
1253
1186
1228
1112
1220
1044
1226
994
1263
1080
1276
1199
1294
1296
1300
1337
1309
1320
1291
1296
1264
1262
1244
1196
1227
1169
1213
1158
1212
1173
1224
1198
1235
1247
1246
1283
1268
1320
1280
1270
1293
1287
1283
1268
1287
1252
1252
1224
1240
1281
1223
1287
1230
1260
1200
1285
1266
1234
1300
1248
1319
1234
1344
1257
1346
1286
1321
1293
1293
1355
1262
1398
1246
1425
1238
1362
1263
1279
1288
1203
1309
1140
1317
1057
1331
1091
1306
1122
1285
1239
1265
1354
1253
1420
1253
1439
1257
1405
1261
1281
1273
1112
1280
1074
1269
962
1255
935
1244
1030
1243
1142
1237
1294
1258
1424
1269
1504
1275
1500
1273
1301
1285
1247
1296
1092
1259
987
1256
950
1245
988
1243
1118
1249
1258
1251
1426
1260
1568
1273
1506
1271
1453
1278
1366
1261
1219
1298
1060
1285
959
1272
1038
1249
1117
1232
1237
1236
1362
1246
1542
1261
1480
1298
1504
1320
1417
1335
1298
1346
1185
1307
1127
1274
1136
1212
1176
1227
1230
1232
1388
1255
1402
1293
1412
1331
1346
1344
1313
1332
1228
1311
1099
1332
1118
1244
1113
1220
1175
1208
1233
1228
1334
1246
1370
1276
1346
1284
1272
1301
1186
1289
1114
1260
1055
1234
1033
1210
1102
1203
1166
1202
1300
1201
1344
1246
1367
1271
1340
1295
1241
1306
1154
1299
1093
1278
1025
1270
1046
1236
1088
1198
1176
1201
1244
1219
1326
1227
1376
1274
1358
1307
1336
1347
1319
1346
1212
1343
1157
1310
1157
1273
1182
1235
1234
1205
1301
1211
1332
1248
1351
1276
1363
1327
1334
1367
1323
1368
1232
1351
1209
1305
1276
1264
1239
1221
1306
1205
1328
1194
1345
1253
1317
1278
1243
1321
1294
1329
1220
1314
1193
1297
1187
1250
1224
1246
1268
1237
1326
1232
1357
1242
1340
1268
1357
1273
1233
1329
1149
1299
1100
1289
1107
1273
1109
1238
1160
1215
1236
1203
1293
1207
1362
1206
1363
1251
1261
1307
1219
1321
1122
1333
1087
1327
994
1302
1090
1252
1139
1206
1207
1174
1312
1167
1435
1166
1378
1235
1364
1307
1284
1362
1229
1385
1150
1388
1098
1342
1135
1282
1166
1201
1234
1182
1338
1163
1348
1192
1403
1258
1408
1317
1378
1373
1323
1394
1247
1396
1206
1352
1176
1311
1173
1240
1206
1209
1292
1204
1321
1220
1355
1262
1366
1293
1336
1330
1276
1335
1231
1329
1247
1321
1232
1270
1206
1226
1250
1212
1238
1147
1233
1236
1215
1252
1209
1291
1202
1323
1155
1324
1221
1343
1183
1284
1212
1256
1273
1214
1294
1195
1278
1203
1219
1223
1215
1265
1158
1313
1145
1281
1076
1354
1139
1325
1216
1279
1265
1218
1351
1187
1423
1141
1451
1141
1391
1186
1329
1260
1172
1321
1169
1338
1080
1361
1070
1333
1117
1283
1205
1233
1299
1199
1383
1164
1439
1181
1449
1196
1346
1265
1257
1320
1200
1341
1102
1349
1024
1320
1037
1296
1086
1257
1153
1237
1228
1222
1336
1229
1377
1247
1437
1279
1356
1293
1285
1327
1251
1309
1127
1293
1087
1254
1090
1253
1098
1237
1157
1235
1193
1249
1283
1285
1278
1289
1285
1303
1296
1315
1257
1307
1246
1283
1221
1256
1204
1228
1180
1222
1166
1226
1155
1262
1138
1285
1166
1315
1266
1331
1254
1354
1306
1302
1343
1261
1370
1241
1379
1223
1381
1210
1349
1228
1284
1258
1220
1297
1162
1324
1143
1340
1146
1340
1194
1298
1258
1259
1331
1191
1409
1200
1460
1217
1425
1251
1369
1283
1263
1326
1180
1346
1088
1345
1069
1310
1089
1272
1142
1216
1254
1186
1324
1183
1396
1204
1409
1237
1377
1276
1301
1327
1222
1335
1152
1347
1082
1316
1074
1267
1110
1215
1180
1165
1253
1160
1305
1171
1365
1213
1288
1271
1292
1331
1258
1364
1184
1409
1164
1346
1099
1288
1153
1256
1185
1182
1233
1144
1270
1167
1274
1228
1279
1279
1261
1342
1240
1380
1207
1401
1185
1349
1184
1321
1200
1238
1232
1187
1271
1170
1277
1189
1275
1229
1254
1278
1231
1319
1206
1347
1180
1340
1186
1311
1196
1269
1226
1228
1250
1201
1311
1200
1341
1208
1330
1252
1293
1300
1248
1322
1194
1346
1150
1330
1142
1295
1156
1225
1182
1207
1247
1182
1305
1198
1333
1218
1336
1269
1292
1313
1267
1346
1198
1365
1174
1339
1191
1288
1174
1235
1205
1190
1222
1134
1267
1170
1262
1204
1279
1256
1262
1311
1280
1345
1224
1380
1204
1365
1191
1317
1204
1263
1218
1220
1240
1191
1234
1216
1248
1225
1252
1269
1239
1302
1217
1339
1195
1355
1191
1328
1169
1289
1222
1248
1240
1228
1298
1242
1318
1238
1318
1306
1299
1307
1251
1331
1202
1341
1151
1312
1137
1284
1135
1236
1181
1220
1223
1229
1281
1227
1313
1258
1339
1292
1285
1332
1260
1350
1186
1319
1147
1295
1134
1258
1127
1205
1166
1179
1168
1162
1258
1189
1296
1235
1313
1280
1310
1342
1272
1367
1235
1363
1205
1322
1194
1267
1191
1212
1201
1153
1224
1136
1286
1160
1313
1215
1336
1275
1339
1358
1326
1385
1291
1385
1253
1348
1258
1293
1203
1235
1203
1167
1251
1164
1268
1193
1282
1238
1312
1287
1326
1341
1273
1373
1215
1377
1150
1310
1117
1295
1119
1249
1152
1203
1226
1190
1266
1213
1347
1245
1358
1293
1328
1338
1266
1368
1168
1368
1092
1337
1049
1281
1063
1236
1135
1194
1217
1183
1310
1187
1381
1234
1381
1277
1338
1324
1281
1365
1194
1350
1104
1307
1077
1256
1076
1215
1118
1163
1186
1155
1271
1164
1327
1219
1346
1271
1348
1321
1302
1356
1241
1291
1168
1318
1129
1265
1125
1225
1150
1191
1195
1195
1225
1204
1326
1243
1363
1291
1337
1377
1310
1327
1239
1356
1171
1325
1150
1290
1175
1241
1221
1222
1270
1228
1337
1234
1413
1265
1394
1300
1341
1322
1255
1323
1177
1311
1111
1289
1093
1229
1119
1226
1190
1222
1272
1229
1357
1246
1392
1273
1414
1305
1344
1317
1260
1341
1146
1291
1104
1297
1047
1262
1097
1238
1178
1234
1254
1228
1329
1262
1377
1258
1382
1317
1324
1333
1228
1330
1167
1306
1092
1270
1070
1243
1091
1214
1151
1208
1222
1232
1290
1257
1347
1282
1333
1309
1308
1316
1266
1308
1175
1266
1144
1242
1102
1208
1166
1219
1184
1244
1272
1261
1348
1299
1391
1312
1377
1327
1329
1315
1241
1312
1171
1255
1162
1233
1155
1218
1198
1238
1278
1268
1370
1299
1422
1317
1421
1329
1369
1323
1281
1340
1157
1291
1117
1252
1098
1234
1156
1218
1238
1241
1297
1270
1401
1282
1431
1305
1413
1307
1336
1310
1254
1300
1145
1284
1106
1258
1114
1232
1169
1231
1240
1225
1318
1241
1354
1274
1372
1298
1296
1319
1255
1313
1175
1303
1087
1273
1062
1246
1058
1219
1154
1209
1229
1210
1314
1243
1371
1289
1371
1320
1316
1333
1203
1316
1117
1293
1043
1259
996
1224
1052
1210
1156
1216
1281
1246
1400
1283
1467
1317
1482
1333
1400
1334
1275
1302
1177
1285
1008
1255
997
1232
1041
1169
1166
1243
1309
1284
1473
1297
1576
1319
1571
1326
1480
1326
1323
1300
1145
1288
1025
1246
977
1219
1029
1208
1133
1210
1297
1235
1412
1270
1494
1292
1507
1326
1416
1332
1276
1333
1130
1285
1034
1257
987
1213
1037
1189
1126
1194
1224
1242
1328
1268
1380
1309
1394
1342
1338
1347
1244
1322
1141
1275
1066
1251
1042
1205
1078
1188
1155
1200
1253
1239
1335
1284
1398
1331
1401
1359
1346
1339
1244
1323
1147
1283
1055
1246
1049
1217
1115
1210
1199
1225
1343
1264
1448
1311
1486
1369
1461
1363
1354
1364
1227
1322
1120
1292
1047
1254
1062
1225
1118
1213
1272
1216
1397
1244
1492
1282
1527
1317
1472
1335
1366
1379
1232
1335
1128
1306
1069
1274
1064
1238
1141
1211
1225
1193
1342
1221
1440
1256
1446
1292
1404
1335
1302
1341
1206
1351
1112
1323
1082
1275
1120
1233
1164
1198
1241
1195
1315
1201
1348
1235
1338
1268
1303
1297
1250
1315
1135
1310
1064
1290
1098
1264
1129
1226
1204
1219
1286
1214
1357
1219
1362
1241
1348
1253
1280
1271
1183
1277
1100
1290
1043
1293
1070
1290
1145
1285
1274
1269
1369
1258
1470
1247
1487
1256
1430
1262
1319
1276
1188
1285
1083
1300
1029
1310
1058
1308
1148
1302
1255
1293
1395
1270
1478
1263
1472
1321
1411
1295
1265
1304
1169
1299
1065
1305
1038
1277
1083
1263
1159
1252
1273
1238
1353
1234
1415
1250
1396
1281
1295
1297
1252
1305
1164
1299
1094
1278
1086
1260
1112
1234
1199
1235
1281
1223
1372
1244
1406
1277
1371
1295
1344
1314
1216
1304
1135
1301
1047
1281
1057
1254
1114
1240
1209
1221
1318
1235
1410
1246
1423
1266
1416
1298
1334
1333
1214
1338
1088
1329
1064
1305
1063
1279
1122
1242
1258
1218
1367
1212
1462
1225
1456
1253
1429
1295
1336
1345
1208
1367
1116
1372
1060
1321
1101
1311
1169
1263
1304
1210
1422
1182
1476
1183
1461
1245
1396
1273
1285
1328
1173
1366
1089
1372
1077
1344
1109
1295
1204
1238
1311
1190
1399
1146
1439
1169
1404
1208
1332
1254
1216
1303
1126
1353
1025
1343
1058
1309
1089
1284
1177
1278
1276
1206
1359
1185
1408
1191
1383
1210
1319
1258
1217
1300
1119
1347
1039
1350
1041
1354
1083
1316
1195
1285
1319
1243
1408
1217
1468
1219
1439
1218
1358
1254
1232
1280
1121
1322
1025
1336
1037
1342
1099
1314
1241
1275
1339
1248
1435
1226
1476
1219
1434
1235
1334
1263
1235
1292
1129
1320
1075
1329
1075
1305
1161
1283
1270
1244
1380
1186
1452
1208
1452
1213
1411
1248
1357
1280
1232
1315
1125
1314
1076
1307
1113
1288
1125
1256
1243
1215
1365
1224
1406
1221
1439
1242
1404
1258
1310
1303
1207
1322
1114
1309
1067
1302
1013
1285
1098
1263
1188
1248
1299
1239
1386
1242
1435
1243
1418
1264
1338
1275
1228
1284
1168
1285
1038
1286
1040
1280
1064
1266
1151
1244
1246
1239
1357
1231
1413
1248
1426
1267
1381
1287
1280
1314
1189
1310
1117
1315
1102
1297
1113
1275
1163
1248
1268
1243
1340
1257
1386
1204
1391
1279
1368
1301
1321
1317
1238
1311
1190
1290
1138
1281
1185
1235
1218
1245
1240
1291
1281
1276
1282
1293
1312
1302
1314
1309
1301
1292
1287
1270
1252
1251
1240
1231
1217
1231
1211
1235
1212
1267
1211
1287
1230
1306
1250
1310
1265
1285
1276
1293
1261
1275
1234
1253
1233
1247
1232
1247
1256
1255
1223
1263
1233
1283
1215
1266
1231
1307
1218
1315
1236
1310
1252
1296
1258
1268
1275
1255
1280
1235
1276
1237
1261
1232
1237
1246
1208
1263
1185
1273
1176
1287
1199
1309
1227
1270
1307
1261
1314
1255
1341
1235
1313
1245
1285
1232
1232
1266
1184
1280
1150
1301
1135
1300
1185
1293
1247
1280
1329
1259
1393
1247
1428
1252
1405
1263
1359
1282
1278
1299
1195
1310
1138
1305
1123
1286
1141
1269
1201
1272
1283
1250
1353
1234
1404
1252
1401
1268
1369
1286
1270
1306
1196
1299
1104
1298
1098
1271
1078
1269
1108
1284
1185
1252
1269
1247
1354
1255
1388
1258
1392
1278
1324
1269
1249
1297
1152
1306
1089
1307
1055
1304
1087
1295
1133
1277
1242
1261
1328
1249
1389
1233
1405
1244
1358
1243
1298
1274
1180
1291
1134
1302
1107
1314
1112
1296
1156
1292
1227
1256
1289
1255
1341
1248
1361
1244
1352
1249
1283
1262
1261
1259
1230
1279
1203
1293
1210
1293
1209
1290
1250
1286
1256
1279
1279
1264
1335
1249
1293
1235
1291
1235
1276
1191
1269
1245
1248
1266
1269
1286
1284
1303
1271
1310
1272
1298
1258
1284
1242
1261
1207
1258
1227
1230
1248
1232
1218
1245
1259
1266
1279
1303
1291
1306
1309
1316
1290
1313
1258
1296
1202
1267
1164
1238
1126
1251
1144
1234
1166
1253
1235
1310
1257
1309
1294
1339
1336
1329
1328
1323
1296
1305
1234
1289
1147
1288
1127
1249
1115
1245
1167
1237
1194
1244
1250
1247
1332
1277
1370
1295
1382
1306
1353
1313
1290
1320
1228
1294
1167
1272
1149
1260
1135
1253
1181
1245
1240
1246
1278
1277
1324
1281
1341
1285
1348
1303
1335
1289
1293
1272
1269
1266
1220
1270
1211
1265
1186
1257
1215
1263
1238
1276
1256
1265
1284
1279
1305
1246
1317
1256
1313
1241
1276
1256
1261
1279
1220
1288
1206
1300
1245
1292
1216
1278
1241
1294
1237
1222
1245
1230
1237
1237
1251
1250
1251
1267
1260
1282
1263
1309
1269
1321
1278
1311
1268
1291
1256
1274
1220
1254
1185
1233
1169
1241
1165
1244
1194
1254
1241
1268
1280
1289
1322
1320
1317
1329
1319
1293
1290
1290
1237
1266
1190
1258
1143
1256
1145
1245
1150
1253
1222
1250
1281
1271
1339
1313
1361
1301
1371
1303
1309
1301
1262
1287
1189
1279
1137
1257
1108
1260
1115
1266
1119
1278
1244
1287
1311
1301
1352
1337
1378
1283
1324
1268
1286
1255
1202
1246
1155
1235
1132
1266
1119
1296
1149
1318
1210
1312
1298
1307
1345
1292
1357
1263
1357
1245
1311
1233
1230
1232
1172
1242
1132
1275
1134
1304
1147
1343
1224
1319
1333
1310
1357
1285
1393
1262
1366
1206
1328
1212
1231
1220
1198
1231
1176
1266
1164
1295
1195
1319
1259
1311
1324
1316
1374
1294
1400
1262
1387
1229
1330
1212
1281
1207
1228
1220
1194
1245
1200
1295
1208
1311
1258
1342
1294
1334
1346
1304
1375
1260
1344
1203
1308
1172
1236
1148
1180
1189
1135
1229
1152
1293
1166
1345
1208
1383
1249
1368
1304
1340
1297
1286
1281
1224
1237
1185
1189
1153
1124
1187
1111
1227
1122
1288
1156
1317
1209
1351
1265
1344
1309
1321
1305
1254
1293
1223
1231
1209
1205
1176
1161
1206
1125
1265
1136
1280
1176
1321
1242
1339
1305
1342
1353
1326
1365
1300
1331
1280
1284
1224
1233
1228
1177
1232
1147
1247
1153
1265
1196
1299
1247
1319
1311
1308
1385
1306
1361
1286
1343
1246
1287
1230
1242
1231
1205
1243
1176
1250
1193
1273
1183
1284
1216
1295
1261
1288
1300
1260
1331
1233
1298
1213
1294
1210
1260
1234
1227
1268
1189
1305
1182
1320
1191
1324
1202
1301
1232
1267
1296
1220
1303
1187
1289
1172
1276
1197
1266
1242
1234
1289
1237
1334
1252
1359
1237
1368
1244
1338
1217
1279
1239
1243
1238
1220
1239
1199
1246
1216
1241
1236
1260
1284
1276
1321
1301
1351
1307
1365
1312
1344
1287
1306
1252
1265
1232
1236
1216
1210
1231
1207
1223
1223
1241
1291
1277
1302
1284
1336
1320
1342
1319
1332
1295
1292
1268
1257
1219
1230
1200
1214
1160
1193
1180
1191
1187
1251
1204
1289
1243
1324
1265
1326
1273
1259
1260
1281
1226
1245
1192
1212
1149
1201
1134
1215
1115
1237
1168
1246
1214
1299
1242
1344
1283
1312
1278
1295
1268
1260
1266
1233
1239
1212
1212
1222
1183
1238
1189
1266
1203
1293
1253
1302
1287
1307
1320
1295
1345
1282
1332
1257
1299
1214
1257
1238
1208
1248
1183
1261
1159
1279
1195
1287
1276
1305
1290
1305
1348
1299
1344
1257
1338
1285
1277
1271
1248
1247
1207
1252
1168
1250
1161
1260
1183
1265
1228
1277
1284
1286
1335
1291
1367
1274
1365
1259
1334
1247
1290
1242
1240
1235
1187
1244
1142
1260
1149
1259
1151
1268
1208
1262
1277
1257
1324
1240
1376
1242
1341
1240
1309
1258
1242
1275
1189
1291
1119
1294
1090
1280
1094
1270
1126
1260
1183
1239
1261
1224
1306
1241
1329
1264
1311
1283
1246
1302
1199
1323
1147
1307
1106
1292
1087
1268
1121
1253
1145
1234
1241
1230
1290
1251
1356
1264
1370
1299
1351
1341
1303
1337
1233
1333
1178
1312
1138
1285
1140
1265
1159
1243
1223
1230
1288
1229
1372
1246
1381
1261
1396
1296
1356
1324
1307
1335
1248
1327
1173
1294
1161
1267
1148
1230
1178
1200
1215
1185
1300
1203
1366
1233
1390
1259
1371
1297
1353
1302
1302
1317
1235
1285
1184
1255
1160
1224
1086
1200
1187
1201
1233
1227
1279
1277
1319
1288
1336
1305
1342
1311
1281
1298
1238
1268
1224
1240
1160
1216
1130
1212
1132
1179
1162
1247
1178
1279
1226
1307
1268
1310
1269
1334
1256
1306
1215
1286
1200
1263
1176
1259
1161
1253
1171
1254
1157
1268
1217
1287
1236
1307
1259
1293
1268
1321
1255
1333
1250
1302
1224
1279
1227
1271
1199
1250
1250
1240
1280
1244
1291
1313
1303
1296
1293
1309
1302
1320
1281
1317
1254
1294
1250
1288
1241
1259
1243
1231
1249
1226
1279
1227
1299
1252
1303
1265
1313
1280
1317
1282
1314
1278
1259
1264
1243
1241
1219
1241
1185
1240
1189
1239
1207
1236
1232
1248
1279
1207
1285
1235
1312
1242
1274
1253
1293
1252
1257
1266
1200
1265
1169
1284
1130
1279
1130
1275
1150
1274
1191
1255
1234
1245
1254
1238
1304
1255
1304
1275
1276
1293
1247
1304
1200
1322
1146
1323
1100
1300
1109
1290
1162
1276
1161
1269
1244
1257
1305
1247
1329
1279
1326
1285
1335
1284
1302
1285
1250
1299
1192
1291
1148
1277
1141
1271
1156
1254
1198
1244
1261
1236
1328
1222
1375
1244
1404
1266
1402
1236
1362
1288
1254
1299
1203
1288
1139
1276
1131
1244
1130
1226
1201
1199
1292
1214
1338
1256
1397
1253
1406
1298
1408
1318
1326
1317
1269
1303
1180
1283
1127
1257
1095
1229
1119
1218
1164
1231
1242
1242
1312
1276
1372
1299
1365
1326
1384
1323
1328
1335
1235
1312
1157
1280
1060
1262
1054
1245
1075
1252
1151
1242
1246
1257
1334
1280
1403
1287
1431
1309
1404
1320
1330
1317
1229
1313
1136
1293
1078
1271
1062
1250
1095
1232
1153
1226
1247
1228
1314
1249
1404
1272
1440
1279
1386
1289
1330
1294
1244
1239
1179
1270
1079
1247
1101
1230
1127
1224
1173
1214
1250
1232
1322
1229
1372
1258
1397
1262
1358
1264
1331
1276
1263
1277
1188
1270
1137
1260
1123
1221
1149
1238
1195
1220
1266
1217
1304
1247
1361
1238
1385
1270
1362
1293
1314
1317
1249
1321
1201
1315
1151
1290
1155
1253
1183
1221
1207
1210
1261
1230
1302
1240
1320
1286
1334
1327
1311
1346
1292
1353
1217
1328
1201
1294
1195
1261
1160
1210
1165
1233
1189
1229
1223
1256
1241
1290
1276
1320
1264
1338
1290
1333
1264
1327
1224
1329
1173
1272
1140
1238
1142
1221
1157
1217
1194
1225
1246
1248
1284
1290
1300
1312
1309
1329
1295
1324
1258
1307
1207
1267
1188
1234
1176
1206
1198
1175
1230
1184
1269
1222
1308
1255
1325
1285
1353
1315
1363
1325
1320
1306
1283
1274
1223
1224
1200
1215
1179
1207
1197
1210
1250
1243
1296
1275
1350
1309
1378
1323
1393
1326
1367
1284
1308
1280
1234
1263
1168
1235
1128
1239
1150
1244
1161
1260
1225
1283
1291
1301
1344
1312
1362
1306
1367
1299
1326
1287
1243
1266
1175
1259
1111
1256
1092
1226
1103
1254
1165
1259
1239
1274
1311
1272
1358
1288
1372
1318
1345
1297
1311
1281
1214
1266
1141
1242
1084
1246
1068
1240
1065
1242
1161
1250
1231
1268
1288
1307
1344
1270
1333
1281
1325
1268
1267
1268
1213
1250
1154
1259
1108
1258
1117
1256
1157
1271
1225
1267
1294
1264
1346
1250
1381
1259
1382
1268
1343
1260
1291
1261
1239
1275
1190
1269
1176
1276
1196
1271
1234
1265
1288
1254
1337
1251
1350
1276
1356
1280
1302
1289
1299
1296
1262
1307
1219
1296
1202
1288
1186
1264
1212
1268
1229
1264
1263
1261
1284
1280
1270
1295
1274
1307
1281
1305
1248
1308
1227
1311
1189
1290
1188
1269
1173
1266
1194
1248
1248
1252
1240
1250
1261
1265
1243
1237
1245
1296
1208
1282
1208
1300
1232
1271
1225
1246
1221
1237
1230
1222
1236
1223
1247
1207
1247
1232
1234
1257
1204
1264
1207
1272
1222
1286
1219
1270
1246
1261
1267
1244
1278
1236
1257
1232
1278
1223
1249
1249
1245
1268
1232
1284
1229
1319
1242
1312
1236
1328
1295
1286
1314
1269
1339
1263
1332
1264
1330
1269
1302
1278
1278
1271
1248
1289
1244
1289
1233
1289
1243
1298
1253
1318
1285
1278
1304
1285
1321
1281
1295
1284
1254
1255
1252
1267
1197
1267
1199
1258
1193
1268
1179
1284
1189
1285
1209
1281
1247
1268
1267
1274
1259
1273
1252
1257
1233
1258
1190
1260
1174
1254
1162
1254
1181
1256
1182
1258
1225
1255
1273
1265
1270
1259
1266
1262
1241
1256
1223
1265
1174
1257
1178
1253
1204
1221
1227
1229
1253
1241
1273
1233
1307
1265
1315
1277
1298
1285
1297
1282
1214
1277
1239
1266
1221
1250
1240
1243
1247
1243
1259
1249
1271
1272
1292
1285
1306
1312
1359
1316
1308
1303
1292
1286
1244
1260
1235
1257
1201
1237
1221
1240
1206
1255
1249
1266
1278
1266
1291
1313
1299
1313
1287
1304
1254
1285
1245
1267
1182
1259
1205
1250
1173
1251
1224
1197
1230
1261
1246
1265
1244
1282
1236
1290
1223
1290
1179
1280
1211
1272
1210
1263
1207
1302
1216
1235
1215
1237
1235
1233
1240
1239
1271
1247
1235
1245
1218
1281
1214
1290
1211
1294
1221
1288
1220
1276
1241
1285
1276
1259
1288
1246
1287
1234
1284
1244
1271
1257
1248
1263
1219
1273
1220
1278
1252
1285
1243
1287
1277
1278
1282
1256
1307
1265
1299
1252
1303
1239
1297
1248
1256
1234
1226
1252
1204
1260
1202
1292
1212
1310
1250
1315
1277
1311
1302
1293
1314
1268
1309
1232
1272
1214
1234
1223
1183
1237
1165
1263
1140
1291
1180
1316
1241
1327
1260
1316
1302
1308
1298
1268
1292
1257
1253
1244
1227
1225
1180
1229
1158
1241
1149
1266
1166
1290
1191
1296
1226
1308
1258
1310
1278
1293
1283
1266
1271
1239
1266
1222
1243
1215
1225
1213
1194
1240
1193
1269
1169
1294
1211
1301
1198
1318
1270
1296
1304
1284
1314
1270
1325
1234
1308
1212
1301
1221
1274
1232
1267
1250
1238
1288
1241
1299
1242
1302
1266
1292
1278
1278
1301
1260
1303
1249
1311
1235
1266
1233
1298
1227
1291
1237
1251
1267
1240
1270
1214
1279
1220
1282
1204
1290
1225
1279
1236
1257
1244
1272
1265
1266
1272
1255
1265
1261
1249
1263
1203
1266
1223
1273
1189
1285
1181
1287
1196
1289
1196
1290
1221
1287
1223
1278
1236
1271
1275
1275
1215
1267
1206
1280
1181
1214
1180
1258
1168
1261
1196
1256
1231
1259
1243
1252
1240
1267
1241
1261
1241
1281
1265
1277
1232
1272
1242
1269
1248
1255
1253
1249
1260
1245
1270
1231
1273
1258
1256
1272
1261
1286
1243
1288
1251
1290
1250
1277
1261
1261
1264
1257
1267
1251
1267
1244
1258
1282
1285
1258
1269
1263
1269
1260
1261
1268
1250
1282
1239
1271
1235
1275
1229
1272
1245
1272
1235
1272
1272
1270
1287
1276
1293
1253
1281
1265
1267
1256
1241
1261
1198
1262
1188
1258
1177
1265
1219
1294
1249
1281
1270
1314
1296
1302
1290
1295
1286
1282
1267
1274
1240
1265
1212
1263
1186
1258
1176
1247
1181
1259
1209
1268
1234
1278
1252
1290
1286
1300
1306
1309
1297
1295
1278
1283
1237
1261
1198
1223
1156
1216
1158
1223
1185
1237
1182
1250
1234
1282
1256
1283
1285
1310
1291
1306
1291
1277
1263
1271
1214
1236
1189
1214
1153
1204
1153
1218
1168
1238
1216
1251
1254
1286
1281
1303
1294
1310
1332
1312
1265
1294
1231
1267
1224
1240
1172
1222
1148
1217
1172
1222
1216
1244
1244
1266
1276
1301
1277
1318
1294
1326
1282
1326
1276
1303
1248
1264
1231
1225
1219
1215
1205
1212
1222
1227
1238
1245
1259
1289
1276
1311
1296
1320
1312
1320
1284
1328
1284
1285
1282
1245
1223
1265
1198
1225
1168
1227
1200
1230
1220
1261
1255
1271
1292
1294
1298
1319
1292
1310
1257
1295
1234
1271
1199
1233
1160
1241
1163
1270
1175
1241
1203
1231
1205
1267
1230
1283
1246
1293
1233
1301
1219
1298
1192
1288
1193
1266
1195
1257
1159
1270
1177
1242
1184
1253
1206
1263
1223
1276
1247
1273
1259
1291
1262
1290
1252
1286
1295
1268
1236
1266
1210
1246
1187
1259
1192
1235
1167
1263
1231
1240
1265
1261
1275
1269
1296
1265
1269
1262
1267
1257
1285
1216
1233
1257
1218
1266
1204
1219
1233
1262
1219
1264
1259
1262
1287
1265
1318
1258
1280
1272
1280
1246
1267
1267
1250
1262
1234
1260
1235
1246
1230
1268
1225
1248
1221
1255
1230
1249
1239
1271
1236
1269
1252
1283
1238
1285
1258
1284
1255
1278
1243
1263
1228
1268
1196
1275
1179
1270
1157
1268
1185
1269
1202
1273
1224
1279
1239
1284
1265
1298
1253
1291
1245
1286
1228
1277
1222
1267
1183
1250
1185
1237
1190
1238
1202
1228
1208
1252
1223
1265
1247
1292
1232
1297
1243
1293
1229
1277
1250
1253
1232
1233
1215
1238
1210
1218
1187
1224
1198
1238
1212
1249
1238
1272
1259
1286
1266
1298
1277
1278
1274
1277
1255
1256
1230
1270
1197
1234
1201
1232
1209
1241
1206
1244
1254
1258
1274
1265
1278
1287
1258
1279
1259
1292
1250
1288
1216
1273
1211
1261
1200
1239
1214
1247
1229
1269
1248
1258
1273
1276
1192
1295
1263
1302
1249
1303
1243
1316
1226
1295
1217
1280
1211
1274
1199
1254
1211
1268
1263
1269
1226
1301
1245
1283
1247
1253
1249
1290
1236
1285
1242
1275
1241
1268
1220
1230
1220
1270
1213
1268
1225
1262
1242
1265
1266
1258
1277
1255
1263
1238
1304
1244
1258
1250
1245
1226
1226
1255
1208
1259
1208
1263
1208
1256
1234
1272
1237
1251
1278
1244
1294
1238
1273
1285
1260
1258
1221
1256
1214
1250
1199
1260
1199
1259
1215
1297
1226
1279
1250
1274
1261
1270
1274
1258
1268
1262
1252
1249
1242
1248
1236
1252
1197
1256
1174
1272
1157
1286
1167
1290
1172
1289
1206
1283
1235
1269
1272
1256
1291
1250
1267
1272
1251
1265
1190
1281
1166
1299
1140
1305
1142
1302
1161
1310
1195
1295
1250
1284
1294
1269
1331
1263
1337
1279
1316
1259
1298
1272
1238
1271
1199
1267
1186
1276
1134
1272
1211
1276
1221
1277
1288
1270
1365
1269
1360
1252
1380
1253
1342
1187
1317
1220
1253
1247
1190
1249
1202
1263
1191
1273
1184
1285
1243
1279
1280
1280
1319
1268
1338
1230
1339
1244
1302
1244
1236
1244
1207
1252
1161
1255
1144
1264
1129
1259
1169
1256
1177
1266
1233
1237
1261
1254
1272
1240
1261
1253
1229
1258
1190
1276
1157
1255
1147
1237
1151
1248
1164
1252
1186
1258
1217
1276
1223
1280
1238
1281
1241
1285
1230
1303
1209
1272
1214
1271
1184
1274
1224
1273
1230
1269
1227
1323
1232
1301
1209
1290
1241
1285
1231
1306
1248
1270
1261
1271
1277
1281
1266
1287
1291
1287
1281
1279
1286
1282
1256
1284
1275
1274
1268
1272
1246
1251
1263
1257
1243
1260
1258
1261
1251
1268
1269
1269
1288
1271
1300
1260
1281
1265
1268
1246
1247
1264
1219
1253
1220
1255
1222
1256
1214
1237
1232
1236
1245
1227
1250
1243
1275
1246
1270
1266
1253
1285
1205
1274
1208
1279
1191
1275
1190
1255
1203
1245
1212
1234
1246
1238
1231
1237
1242
1256
1260
1276
1226
1287
1205
1295
1186
1265
1189
1300
1180
1276
1201
1263
1230
1256
1236
1257
1235
1267
1227
1274
1204
1273
1214
1282
1206
1284
1183
1278
1206
1274
1229
1283
1242
1286
1266
1261
1270
1273
1273
1276
1264
1264
1237
1259
1245
1264
1216
1268
1237
1267
1250
1272
1254
1313
1269
1276
1281
1266
1303
1249
1310
1260
1298
1239
1294
1241
1257
1268
1236
1270
1212
1279
1224
1276
1233
1274
1244
1260
1257
1249
1277
1213
1286
1225
1257
1233
1183
1245
1206
1256
1155
1264
1155
1272
1184
1265
1201
1240
1228
1263
1237
1260
1258
1258
1252
1265
1236
1265
1222
1271
1199
1279
1192
1276
1180
1275
1225
1280
1210
1286
1231
1294
1232
1291
1252
1280
1260
1283
1296
1275
1242
1273
1240
1263
1219
1269
1220
1277
1190
1285
1213
1299
1257
1280
1242
1274
1261
1271
1266
1245
1273
1261
1248
1266
1247
1264
1252
1278
1171
1287
1231
1288
1247
1269
1258
1271
1271
1255
1277
1244
1270
1236
1251
1251
1228
1243
1234
1274
1208
1280
1219
1282
1222
1279
1255
1267
1250
1263
1288
1246
1276
1247
1260
1237
1250
1255
1210
1264
1196
1267
1189
1272
1224
1272
1240
1275
1249
1270
1294
1276
1304
1276
1281
1214
1262
1259
1218
1255
1197
1252
1139
1254
1170
1242
1167
1262
1240
1272
1274
1284
1277
1337
1294
1308
1256
1301
1257
1279
1216
1268
1201
1252
1191
1244
1187
1247
1202
1255
1224
1266
1249
1286
1269
1292
1274
1296
1270
1292
1261
1289
1202
1243
1223
1275
1186
1251
1209
1239
1184
1235
1218
1234
1263
1245
1275
1234
1289
1266
1269
1250
1218
1294
1197
1285
1187
1276
1178
1257
1184
1232
1185
1225
1242
1209
1269
1225
1291
1236
1280
1270
1223
1297
1217
1307
1194
1304
1179
1294
1186
1275
1215
1245
1237
1222
1279
1203
1280
1234
1305
1256
1295
1283
1267
1298
1232
1318
1198
1300
1186
1296
1188
1292
1208
1260
1246
1242
1281
1244
1303
1246
1314
1259
1306
1264
1274
1279
1263
1291
1227
1296
1192
1295
1173
1291
1175
1284
1204
1252
1230
1246
1260
1236
1287
1237
1273
1240
1279
1265
1241
1260
1226
1297
1188
1306
1156
1329
1153
1284
1167
1264
1194
1236
1224
1220
1256
1217
1263
1233
1264
1244
1255
1290
1252
1302
1218
1304
1205
1304
1186
1291
1201
1252
1189
1242
1223
1229
1222
1233
1218
1240
1220
1260
1200
1272
1221
1282
1251
1276
1262
1278
1278
1282
1267
1264
1271
1264
1230
1264
1234
1254
1232
1261
1207
1256
1241
1265
1256
1264
1285
1273
1307
1279
1315
1278
1317
1278
1316
1273
1280
1262
1312
1261
1242
1263
1226
1261
1230
1214
1216
1281
1221
1284
1260
1276
1295
1271
1294
1255
1307
1240
1283
1235
1255
1251
1219
1255
1193
1264
1171
1282
1158
1285
1173
1285
1198
1271
1235
1238
1253
1241
1272
1228
1264
1231
1222
1217
1195
1247
1165
1264
1148
1279
1147
1272
1129
1290
1192
1272
1206
1278
1250
1259
1256
1259
1258
1252
1252
1258
1238
1270
1194
1262
1189
1261
1209
1263
1208
1263
1235
1260
1257
1277
1271
1289
1269
1258
1272
1267
1264
1287
1253
1269
1232
1269
1248
1258
1231
1264
1264
1263
1288
1267
1275
1308
1284
1281
1268
1280
1288
1269
1273
1276
1266
1269
1257
1271
1259
1270
1260
1276
1263
1270
1278
1258
1292
1254
1287
1249
1277
1248
1271
1256
1245
1260
1219
1279
1181
1286
1186
1282
1168
1274
1222
1261
1248
1239
1266
1220
1283
1237
1257
1224
1233
1257
1182
1269
1162
1280
1144
1284
1143
1263
1156
1259
1185
1249
1215
1244
1248
1238
1242
1249
1222
1258
1214
1253
1194
1251
1229
1260
1177
1253
1185
1252
1201
1250
1225
1255
1219
1275
1260
1255
1282
1260
1276
1254
1266
1259
1260
1247
1254
1257
1235
1262
1237
1260
1248
1256
1256
1260
1264
1292
1260
1268
1314
1268
1311
1272
1289
1277
1284
1279
1257
1286
1236
1289
1201
1294
1235
1271
1245
1267
1242
1293
1278
1261
1262
1260
1258
1273
1245
1285
1247
1284
1219
1292
1201
1300
1187
1277
1195
1257
1212
1251
1230
1242
1214
1248
1240
1248
1239
1269
1231
1251
1219
1287
1206
1274
1209
1278
1171
1267
1204
1253
1195
1247
1218
1243
1220
1246
1219
1257
1220
1254
1201
1260
1224
1253
1234
1250
1237
1254
1237
1260
1223
1258
1226
1259
1225
1252
1224
1263
1242
1242
1231
1239
1253
1248
1256
1243
1256
1224
1266
1256
1240
1263
1238
1277
1228
1264
1247
1262
1303
1262
1269
1264
1275
1268
1267
1233
1249
1278
1225
1275
1233
1266
1234
1259
1206
1253
1226
1251
1244
1256
1249
1270
1244
1289
1249
1288
1250
1294
1229
1285
1222
1269
1215
1258
1207
1230
1202
1227
1200
1226
1197
1247
1180
1270
1197
1279
1203
1287
1232
1285
1252
1275
1244
1269
1253
1237
1241
1236
1247
1234
1210
1244
1155
1255
1190
1273
1183
1274
1207
1288
1240
1283
1268
1275
1286
1267
1281
1251
1275
1245
1248
1247
1221
1244
1217
1246
1201
1271
1206
1281
1216
1285
1247
1285
1255
1286
1284
1246
1300
1252
1282
1266
1279
1248
1255
1249
1246
1257
1235
1280
1225
1293
1228
1309
1216
1306
1241
1275
1252
1276
1258
1253
1255
1244
1255
1232
1241
1244
1246
1258
1218
1279
1216
1303
1188
1303
1203
1281
1189
1283
1218
1259
1251
1242
1236
1213
1235
1226
1209
1219
1203
1250
1197
1266
1201
1291
1207
1288
1170
1273
1237
1269
1248
1251
1239
1254
1234
1222
1216
1234
1208
1236
1190
1246
1203
1253
1268
1272
1247
1276
1292
1283
1272
1237
1275
1277
1244
1273
1246
1256
1242
1253
1215
1240
1231
1252
1238
1262
1259
1272
1264
1285
1285
1295
1285
1290
1264
1283
1273
1274
1268
1258
1256
1233
1251
1240
1237
1250
1253
1258
1233
1274
1255
1297
1233
1288
1283
1274
1281
1276
1257
1296
1250
1263
1209
1238
1218
1252
1193
1260
1199
1253
1205
1267
1218
1278
1229
1265
1242
1264
1241
1242
1230
1261
1186
1268
1173
1268
1176
1270
1159
1270
1179
1264
1186
1262
1215
1254
1203
1259
1224
1254
1210
1266
1199
1266
1182
1274
1163
1271
1169
1280
1162
1270
1200
1268
1234
1269
1256
1268
1264
1265
1276
1259
1256
1269
1236
1263
1225
1263
1226
1264
1210
1274
1236
1276
1253
1285
1280
1276
1307
1277
1300
1266
1304
1260
1300
1244
1290
1229
1292
1244
1272
1250
1273
1268
1260
1262
1254
1290
1270
1289
1293
1278
1306
1267
1284
1250
1305
1238
1285
1241
1261
1248
1217
1258
1214
1268
1219
1284
1202
1277
1226
1273
1241
1275
1257
1258
1260
1248
1242
1242
1223
1253
1174
1252
1160
1248
1145
1259
1152
1262
1162
1274
1167
1293
1149
1275
1188
1277
1188
1261
1187
1254
1190
1254
1181
1250
1182
1264
1168
1256
1169
1276
1166
1290
1176
1279
1177
1277
1193
1277
1155
1260
1228
1245
1265
1235
1250
1278
1251
1263
1248
1267
1258
1286
1252
1298
1249
1282
1260
1284
1256
1282
1268
1256
1277
1243
1302
1234
1317
1277
1304
1261
1325
1273
1325
1285
1317
1295
1296
1290
1277
1280
1252
1275
1227
1263
1230
1249
1270
1243
1260
1243
1290
1251
1292
1229
1308
1263
1284
1280
1273
1281
1264
1261
1212
1260
1183
1262
1150
1239
1163
1233
1174
1237
1196
1240
1229
1241
1239
1247
1260
1268
1246
1258
1220
1257
1195
1274
1146
1271
1127
1259
1111
1252
1142
1242
1198
1250
1234
1253
1251
1259
1259
1276
1259
1281
1224
1282
1219
1264
1205
1266
1185
1257
1189
1260
1200
1259
1232
1268
1237
1277
1271
1272
1293
1276
1282
1276
1275
1277
1273
1266
1250
1243
1232
1260
1217
1258
1244
1260
1228
1270
1253
1271
1259
1274
1303
1264
1319
1271
1292
1326
1285
1267
1272
1272
1246
1270
1223
1265
1234
1259
1237
1260
1253
1275
1252
1271
1265
1268
1263
1276
1245
1275
1217
1271
1205
1258
1201
1236
1183
1242
1201
1242
1203
1250
1226
1259
1185
1264
1229
1267
1233
1280
1224
1268
1216
1264
1198
1244
1192
1257
1175
1257
1193
1249
1200
1256
1214
1263
1225
1274
1253
1266
1267
1281
1280
1273
1268
1278
1266
1264
1242
1265
1227
1267
1251
1269
1211
1262
1234
1247
1238
1258
1274
1264
1273
1259
1318
1263
1327
1273
1272
1258
1290
1274
1258
1248
1228
1274
1213
1270
1219
1260
1235
1264
1237
1261
1265
1261
1289
1266
1285
1272
1311
1268
1290
1269
1278
1252
1232
1277
1226
1262
1173
1271
1160
1267
1160
1261
1163
1271
1189
1263
1203
1258
1246
1257
1254
1276
1272
1255
1248
1268
1206
1269
1170
1274
1143
1275
1119
1268
1144
1255
1137
1244
1189
1242
1227
1247
1262
1174
1281
1254
1273
1263
1250
1276
1205
1275
1189
1274
1133
1271
1168
1259
1185
1257
1200
1270
1234
1259
1253
1257
1297
1268
1310
1275
1311
1268
1297
1271
1279
1279
1256
1272
1243
1276
1232
1292
1243
1263
1252
1269
1277
1270
1293
1271
1317
1234
1316
1262
1305
1260
1288
1268
1269
1270
1233
1271
1249
1259
1221
1263
1239
1262
1234
1205
1244
1255
1240
1263
1240
1264
1256
1265
1243
1267
1218
1268
1206
1260
1205
1253
1195
1254
1202
1251
1206
1253
1190
1277
1186
1266
1182
1268
1185
1261
1185
1265
1185
1239
1196
1253
1187
1241
1206
1241
1232
1252
1217
1241
1227
1258
1205
1265
1206
1269
1189
1273
1204
1255
1220
1257
1230
1249
1240
1256
1247
1254
1256
1252
1251
1264
1287
1263
1269
1256
1250
1267
1249
1268
1255
1270
1258
1263
1249
1261
1255
1261
1265
1264
1251
1262
1271
1255
1268
1264
1275
1263
1284
1273
1243
1302
1259
1279
1248
1281
1258
1265
1248
1261
1270
1250
1254
1254
1257
1259
1241
1270
1231
1294
1221
1288
1209
1286
1203
1277
1206
1270
1210
1260
1226
1248
1233
1236
1217
1242
1201
1259
1159
1269
1171
1275
1173
1285
1176
1272
1196
1272
1204
1245
1231
1251
1211
1239
1235
1228
1227
1246
1177
1253
1195
1257
1192
1263
1197
1280
1209
1276
1215
1274
1232
1263
1243
1255
1253
1241
1306
1244
1266
1247
1271
1248
1235
1204
1239
1268
1215
1283
1227
1283
1238
1286
1244
1271
1259
1268
1262
1251
1268
1245
1274
1236
1281
1245
1272
1254
1258
1262
1256
1282
1251
1296
1241
1280
1261
1278
1260
1270
1268
1266
1254
1243
1265
1235
1254
1251
1254
1257
1245
1274
1232
1303
1231
1297
1218
1296
1249
1284
1243
1272
1249
1256
1230
1255
1232
1263
1213
1260
1207
1265
1209
1270
1211
1274
1212
1283
1213
1280
1220
1283
1222
1256
1217
1270
1198
1265
1210
1260
1187
1261
1203
1264
1206
1266
1225
1258
1233
1275
1220
1303
1221
1268
1209
1272
1220
1270
1218
1263
1245
1251
1220
1248
1229
1252
1225
1259
1234
1261
1235
1268
1242
1276
1222
1286
1242
1251
1229
1251
1246
1237
1247
1245
1242
1243
1250
1259
1222
1262
1244
1265
1275
1263
1268
1256
1268
1250
1281
1218
1268
1235
1256
1247
1252
1259
1268
1265
1254
1276
1252
1285
1261
1275
1272
1271
1273
1265
1262
1256
1274
1248
1236
1244
1230
1262
1241
1267
1223
1248
1233
1285
1237
1293
1239
1295
1220
1290
1237
1279
1227
1278
1209
1258
1219
1254
1209
1258
1206
1268
1219
1273
1242
1274
1246
1292
1240
1293
1242
1298
1235
1295
1219
1289
1176
1269
1206
1248
1206
1246
1215
1244
1221
1246
1219
1253
1259
1258
1262
1272
1250
1318
1245
1271
1206
1263
1205
1246
1195
1236
1208
1227
1221
1233
1223
1254
1241
1249
1257
1251
1277
1263
1247
1267
1226
1253
1250
1257
1221
1256
1208
1239
1205
1245
1243
1252
1218
1261
1237
1252
1268
1264
1282
1270
1281
1266
1282
1265
1241
1263
1221
1276
1176
1273
1187
1265
1211
1271
1218
1269
1251
1268
1270
1265
1280
1258
1272
1284
1266
1293
1244
1293
1205
1285
1179
1287
1208
1276
1222
1280
1245
1276
1250
1279
1263
1278
1259
1289
1256
1315
1269
1287
1242
1276
1252
1271
1221
1234
1230
1258
1217
1261
1244
1262
1252
1267
1257
1260
1264
1283
1257
1262
1251
1263
1235
1250
1229
1248
1217
1252
1208
1245
1203
1251
1221
1258
1238
1250
1250
1249
1248
1257
1257
1258
1227
1258
1227
1254
1210
1262
1216
1256
1214
1265
1207
1286
1228
1264
1218
1258
1242
1257
1244
1260
1253
1261
1240
1271
1208
1276
1233
1274
1239
1274
1231
1265
1230
1259
1230
1261
1224
1259
1229
1276
1217
1260
1234
1270
1214
1273
1234
1268
1215
1295
1246
1272
1235
1273
1248
1263
1239
1277
1226
1293
1220
1280
1203
1273
1214
1271
1223
1269
1233
1277
1236
1271
1254
1273
1253
1296
1260
1285
1254
1290
1254
1288
1227
1280
1227
1269
1256
1259
1235
1255
1247
1252
1244
1249
1261
1239
1240
1268
1276
1278
1292
1277
1275
1270
1267
1270
1253
1238
1233
1261
1226
1252
1228
1252
1241
1251
1177
1257
1258
1257
1263
1262
1260
1265
1258
1267
1236
1265
1222
1271
1193
1264
1198
1256
1225
1253
1224
1245
1242
1254
1251
1247
1256
1262
1236
1264
1252
1272
1227
1275
1210
1272
1198
1273
1191
1274
1193
1260
1216
1261
1234
1258
1250
1260
1241
1267
1257
1275
1269
1289
1232
1245
1217
1275
1207
1264
1198
1265
1185
1257
1193
1254
1173
1260
1236
1271
1250
1276
1248
1327
1245
1286
1224
1258
1226
1270
1193
1267
1209
1262
1211
1265
1208
1276
1232
1272
1241
1281
1258
1284
1270
1289
1259
1284
1268
1285
1252
1280
1212
1261
1248
1272
1241
1268
1220
1269
1244
1263
1264
1265
1287
1270
1281
1271
1286
1277
1260
1262
1249
1283
1228
1271
1237
1275
1246
1261
1241
1243
1259
1246
1264
1250
1269
1265
1274
1268
1261
1273
1260
1280
1241
1265
1231
1256
1236
1246
1233
1231
1244
1240
1234
1247
1239
1254
1238
1268
1246
1246
1282
1267
1264
1260
1257
1261
1231
1242
1229
1249
1196
1265
1201
1263
1208
1269
1212
1267
1231
1287
1237
1277
1254
1276
1252
1271
1252
1271
1238
1268
1220
1262
1206
1293
1202
1258
1191
1274
1201
1275
1202
1284
1216
1282
1202
1283
1222
1272
1221
1280
1269
1267
1254
1267
1243
1287
1245
1275
1230
1279
1249
1275
1241
1285
1239
1314
1231
1285
1244
1281
1252
1276
1257
1262
1262
1264
1277
1253
1274
1260
1268
1272
1248
1276
1275
1290
1277
1292
1254
1279
1273
1266
1235
1260
1255
1259
1253
1247
1273
1232
1291
1260
1278
1263
1276
1279
1266
1279
1268
1278
1241
1272
1242
1257
1226
1247
1223
1246
1228
1256
1249
1256
1257
1268
1264
1278
1253
1279
1259
1271
1305
1276
1235
1268
1221
1269
1201
1204
1203
1262
1181
1265
1228
1263
1263
1301
1266
1274
1277
1283
1281
1269
1262
1287
1235
1291
1217
1278
1219
1267
1202
1269
1202
1262
1228
1272
1252
1249
1282
1277
1283
1283
1272
1288
1293
1285
1271
1275
1241
1269
1236
1249
1233
1246
1220
1259
1231
1254
1243
1260
1285
1271
1288
1283
1309
1275
1304
1271
1290
1278
1270
1256
1250
1234
1233
1244
1228
1252
1214
1252
1239
1262
1256
1280
1270
1280
1277
1278
1270
1269
1272
1266
1229
1256
1232
1253
1196
1253
1228
1251
1228
1261
1233
1289
1230
1277
1238
1283
1241
1282
1237
1278
1230
1277
1221
1273
1208
1272
1231
1258
1235
1250
1239
1262
1251
1272
1249
1272
1255
1286
1230
1294
1234
1281
1229
1290
1208
1280
1207
1272
1200
1255
1231
1257
1241
1266
1248
1256
1276
1266
1279
1256
1260
1279
1239
1277
1229
1276
1224
1265
1209
1258
1217
1254
1236
1262
1260
1265
1276
1262
1298
1265
1307
1267
1285
1261
1266
1260
1265
1249
1235
1248
1220
1253
1224
1261
1244
1286
1250
1272
1306
1269
1322
1264
1322
1255
1311
1262
1282
1257
1263
1257
1242
1266
1237
1262
1240
1270
1248
1266
1272
1275
1283
1278
1283
1275
1291
1277
1284
1251
1264
1273
1229
1266
1191
1268
1187
1271
1227
1267
1235
1265
1237
1331
1241
1280
1220
1284
1232
1269
1220
1284
1207
1273
1206
1274
1199
1283
1199
1268
1200
1271
1219
1264
1227
1274
1204
1282
1232
1258
1232
1278
1217
1253
1198
1267
1198
1242
1190
1256
1189
1257
1199
1255
1225
1256
1243
1261
1266
1268
1253
1253
1256
1247
1227
1245
1230
1245
1222
1253
1219
1239
1232
1255
1242
1251
1268
1269
1286
1278
1307
1261
1297
1259
1272
1251
1268
1253
1246
1278
1229
1249
1240
1254
1267
1261
1261
1269
1265
1278
1287
1267
1331
1273
1290
1275
1290
1272
1258
1244
1246
1269
1215
1273
1239
1255
1247
1264
1260
1267
1270
1274
1281
1282
1285
1299
1279
1296
1261
1323
1240
1281
1213
1265
1206
1279
1205
1259
1228
1254
1226
1271
1230
1285
1246
1298
1233
1286
1242
1305
1215
1280
1222
1256
1207
1255
1177
1271
1175
1244
1181
1250
1205
1236
1212
1265
1250
1267
1258
1271
1264
1280
1231
1268
1228
1252
1206
1250
1192
1247
1176
1234
1198
1235
1221
1242
1243
1241
1269
1258
1265
1260
1273
1269
1231
1264
1238
1264
1217
1256
1227
1241
1226
1236
1235
1242
1246
1239
1250
1247
1266
1258
1267
1268
1270
1279
1254
1281
1247
1281
1241
1275
1231
1266
1216
1255
1229
1248
1222
1251
1233
1263
1283
1268
1262
1272
1267
1287
1243
1289
1248
1283
1216
1272
1226
1272
1230
1267
1227
1258
1226
1267
1237
1249
1243
1267
1250
1268
1255
1273
1257
1276
1181
1275
1231
1275
1220
1280
1216
1277
1216
1263
1222
1254
1238
1252
1228
1249
1225
1251
1267
1256
1249
1258
1246
1264
1246
1261
1247
1267
1224
1268
1239
1235
1244
1251
1243
1249
1239
1256
1241
1265
1236
1273
1239
1272
1268
1268
1252
1266
1228
1265
1255
1265
1246
1255
1251
1223
1210
1263
1223
1264
1207
1266
1198
1260
1207
1263
1175
1260
1228
1243
1252
1255
1245
1317
1240
1273
1210
1274
1218
1269
1209
1270
1201
1255
1204
1247
1191
1260
1191
1254
1193
1230
1214
1260
1231
1276
1201
1280
1251
1281
1248
1273
1245
1268
1227
1271
1211
1260
1207
1262
1170
1231
1193
1259
1225
1258
1243
1255
1273
1267
1271
1253
1290
1273
1276
1278
1264
1272
1260
1270
1239
1239
1227
1255
1224
1243
1235
1244
1264
1245
1288
1264
1294
1268
