1053
1453
1435
1409
1211
1208
1190
1221
1202
1239
1186
1161
1190
1178
1190
1181
1188
1190
1239
1209
1206
1225
1228
1199
1185
1215
1221
1229
1209
1202
1229
1213
1228
1234
1205
1218
1169
1178
1204
1216
1173
1169
1172
1157
1193
1142
1130
1118
1183
1126
1125
1137
1126
1066
1162
1099
1149
1153
1066
1138
1110
1147
1148
1166
1148
1168
1157
1154
1151
1210
1138
1176
1176
1159
1166
1161
1132
1164
1151
1216
1191
1216
1218
1218
1222
1190
1230
1263
1274
1272
1268
1286
1296
1293
1281
1272
1278
1255
1253
1225
1189
1174
1199
1210
1203
1151
1165
1170
1144
1134
1110
1139
1129
1068
1101
1100
1123
1110
1100
1108
1123
1119
1124
1080
1117
1102
1118
1111
1125
1159
1170
1160
1237
1200
1167
1171
1174
1137
1181
1184
1218
1236
1263
1246
1201
1240
1257
1228
1233
1204
1207
1205
1176
1259
1212
1203
1196
1184
1180
1167
1230
1203
1176
1192
1195
1186
1214
1218
1292
1149
1193
1221
1233
1203
1220
1277
1232
1210
1182
1275
1143
1120
1130
1114
1161
1138
1184
1224
1245
1244
1267
1304
1322
1322
1325
1316
1340
1302
1349
1292
1230
1169
1094
1001
900
831
801
809
761
778
824
853
847
914
959
1065
1095
1333
1404
1492
1570
1584
1603
1633
1634
1619
1630
1582
1522
1448
1322
1169
1094
1026
993
865
840
804
722
714
704
698
735
700
861
972
1111
1265
1317
1465
1535
1569
1582
1540
1588
1523
1482
1459
1334
1331
1330
1329
1307
1325
1385
1318
1349
1326
1310
1301
1338
1265
1286
1262
1268
1233
1244
1214
1185
1168
1058
1073
1045
986
917
868
812
863
859
906
930
948
931
930
931
908
923
997
1104
1142
1193
1297
1287
1314
1271
1193
1218
1169
1204
1161
1128
1171
1225
1270
1300
1335
1390
1411
1453
1449
1429
1404
1423
1349
1400
1358
1382
1326
1353
1233
1121
1075
991
990
888
1027
1013
1009
1003
987
995
1030
1061
1148
1196
1262
1331
1382
1410
1420
1422
1390
1405
1403
1367
1361
1316
1285
1239
1214
1211
1238
1212
1151
1103
1079
1064
1008
1035
1041
1045
1125
1092
1078
1067
1007
1010
985
1052
1008
1058
1093
1089
1090
1120
1142
1152
1191
1136
1270
1223
1217
1212
1216
1189
1280
1296
1332
1329
1286
1293
1249
1234
1234
1226
1269
1297
1282
1333
1334
1336
1335
1333
1293
1327
1325
1303
1318
1289
1286
1235
1204
1187
1137
1104
1122
1146
1079
1049
1048
1045
1070
1082
1064
1117
1188
1169
1135
1112
1139
1107
1198
1252
1215
1207
1108
1095
1049
1070
1088
1090
1129
1146
1149
1130
1111
1136
1101
1148
1177
1215
1243
1222
1233
1168
1131
1086
1094
1144
1161
1181
1166
1261
1087
1119
1148
1216
1214
1260
1316
1320
1337
1396
1371
1377
1406
1442
1499
1423
1411
1372
1337
1397
1260
1287
1278
1293
1234
1208
1194
1122
1134
1073
1087
1088
1091
1112
1121
1084
1077
1059
1027
1076
1139
1145
1127
1099
1045
1034
934
1055
1113
1145
1183
1201
1234
1215
1174
1170
1157
1213
1251
1267
1269
1230
1199
1167
1142
1163
1187
1229
1192
1179
1122
1115
1069
991
1100
1107
1114
1155
1123
1108
1052
1027
1029
1111
1109
1206
1281
1258
1238
1199
1213
1221
1209
1210
1274
1293
1267
1257
1244
1215
1191
1205
1183
1167
1173
1173
1187
1182
1204
1241
1376
1348
1350
1379
1352
1295
1232
1232
1201
1229
1213
1228
1259
1242
1205
1177
1139
1132
1100
1203
1144
1117
1073
1005
950
920
985
957
1129
1131
1157
1111
1047
1023
1024
1022
1091
1054
1202
1245
1248
1243
1202
1153
1211
1246
1196
1258
1265
1218
1180
1143
1127
1186
1240
1267
1343
1352
1299
1251
1249
1214
1248
1345
1341
1390
1340
1333
1288
1275
1293
1314
1403
1426
1432
1406
1348
1271
1220
1200
1202
1278
1189
1228
1217
1140
1160
1113
1064
1076
1108
1206
1183
1166
1152
1118
1114
1058
1211
1256
1278
1325
1288
1246
1217
1193
1217
1248
1322
1421
1401
1323
1325
1269
1226
1279
1363
1443
1490
1478
1447
1431
1373
1340
1343
1443
1508
1555
1635
1539
1472
1400
1359
1430
1380
1415
1411
1378
1284
1281
1230
1249
1301
1300
1365
1390
1414
1323
1277
1277
1234
1295
1371
1386
1440
1340
1445
1322
1315
1309
1330
1431
1454
1514
1541
1471
1468
1452
1465
1505
1569
1567
1599
1565
1536
1455
1404
1387
1450
1488
1529
1565
1536
1430
1320
1344
1316
1349
1420
1479
1489
1475
1404
1310
1266
1229
1253
1318
1430
1367
1323
1255
1178
1103
1158
1257
1311
1356
1396
1396
1347
1397
1304
1354
1393
1473
1542
1543
1514
1493
1435
1434
1494
1602
1679
1724
1718
1604
1562
1582
1512
1491
1540
1581
1630
1628
1542
1423
1355
1361
1376
1407
1459
1465
1428
1348
1290
1272
1431
1313
1437
1423
1457
1409
1319
1230
1145
1146
1186
1276
1346
1370
1406
1319
1262
1244
1264
1341
1419
1532
1590
1541
1511
1449
1411
1414
1466
1593
1638
1660
1610
1533
1404
1379
1350
1463
1560
1699
1630
1590
1461
1368
1290
1381
1373
1473
1495
1453
1397
1303
1199
1197
1232
1277
1418
1493
1498
1431
1313
1236
1216
1204
1352
1477
1507
1512
1417
1346
1298
1208
1300
1357
1413
1478
1520
1431
1378
1290
1305
1381
1521
1556
1613
1576
1503
1381
1322
1318
1347
1410
1517
1509
1464
1367
1236
1169
1164
1213
1317
1388
1437
1465
1312
1229
1168
1178
1292
1387
1438
1538
1472
1376
1287
1230
1257
1329
1455
1552
1528
1458
1370
1242
1212
1199
1344
1466
1546
1549
1553
1440
1332
1297
1355
1429
1575
1635
1662
1580
1448
1348
1313
1344
1407
1473
1415
1470
1380
1273
1152
1124
1216
1328
1428
1490
1397
1332
1227
1122
1083
1149
1199
1378
1410
1442
1407
1256
1179
1161
1193
1273
1389
1447
1427
1188
1240
1149
1145
1225
1357
1470
1536
1614
1501
1352
1220
1227
1286
1434
1540
1607
1611
1498
1374
1323
1334
1415
1507
1640
1647
1572
1391
1332
1241
1181
1297
1438
1493
1524
1493
1296
1133
1071
1124
1155
1288
1380
1394
1318
1172
1033
1009
1123
1229
1379
1511
1542
1430
1323
1280
1251
1249
1390
1515
1579
1583
1466
1311
1177
1225
1194
1299
1408
1474
1442
1326
1191
1186
1211
1178
1301
1423
1466
1457
1371
1235
1124
1121
1208
1325
1450
1485
1450
1322
1155
977
1060
1157
1240
1329
1414
1310
1202
1089
987
1031
1030
1288
1393
1437
1392
1256
1140
1039
1079
1219
1355
1510
1538
1488
1357
1229
1194
1164
1293
1374
1529
1542
1408
1256
1065
956
1037
1157
1249
1392
1368
1289
1123
955
840
1012
1187
1299
1392
1427
1300
1172
1038
1125
1087
1226
1348
1468
1397
1307
1149
1035
1034
1075
1172
1312
1420
1304
1200
1018
963
911
1010
1082
1283
1382
1352
1245
1099
1010
1106
1105
1216
1410
1520
1453
1324
1178
1046
1091
1118
1253
1372
1484
1382
1268
1132
982
961
1089
1239
1375
1457
1359
1245
991
892
783
1104
1258
1403
1471
1420
1219
1070
887
1074
1154
1305
1431
1442
1427
1189
1033
915
1119
1224
1348
1468
1435
1416
1125
977
886
965
1169
1343
1479
1444
1413
1177
1039
881
1130
1209
1330
1472
1414
1311
1119
992
889
1128
1175
1356
1491
1435
1299
1179
957
795
1089
1224
1361
1485
1408
1242
1085
945
775
1140
1236
1387
1513
1432
1252
1069
901
780
1181
1261
1372
1502
1399
1191
1036
883
767
1175
1280
1430
1513
1462
1262
1121
941
836
1256
1365
1502
1508
1489
1266
1089
923
790
1184
1289
1422
1398
1385
1088
930
798
714
1132
1251
1405
1367
1354
1116
972
765
713
1204
1356
1520
1491
1520
1207
1125
941
1073
1345
1473
1626
1533
1515
1250
1076
869
1095
1236
1366
1486
1398
1357
1084
866
768
840
1226
1377
1507
1442
1320
1133
910
748
1119
1264
1421
1552
1464
1317
1032
898
751
1163
1174
1322
1527
1430
1198
1016
836
696
1089
1249
1406
1504
1454
1230
1033
902
796
1262
1425
1593
1668
1596
1328
1168
991
750
1261
1444
1558
1566
1515
1237
1029
848
678
1167
1310
1448
1426
1401
1149
915
758
674
1188
1335
1487
1465
1402
1064
913
783
673
1147
1305
1468
1425
1383
1060
889
711
656
1208
1372
1532
1466
1457
1105
929
835
797
1344
1527
1658
1601
1545
1193
1008
895
842
1360
1531
1676
1577
1525
1114
964
723
765
1272
1436
1554
1452
1376
984
768
702
759
1219
1381
1525
1410
1323
920
733
678
962
1243
1425
1560
1449
1362
1002
832
792
1127
1376
1562
1674
1565
1355
1075
950
814
1274
1428
1620
1664
1583
1313
1063
947
785
1252
1462
1626
1639
1551
1217
1013
798
772
1230
1419
1593
1566
1523
1218
1010
782
747
1253
1414
1595
1551
1498
1192
944
843
715
1215
1374
1444
1473
1416
1154
950
843
825
1344
1547
1708
1634
1585
1198
1016
918
897
1445
1652
1838
1764
1703
1356
1112
987
880
1491
1660
1794
1676
1574
1233
997
788
1112
1364
1522
1653
1519
1368
998
803
710
1009
1257
1433
1588
1488
1263
1076
817
760
1134
1333
1522
1653
1555
1369
1150
943
889
1338
1513
1693
1741
1672
1377
1181
966
922
1361
1548
1749
1766
1751
1420
1232
1038
959
1413
1583
1756
1515
1846
1411
1170
930
853
1353
1505
1673
1393
1701
1217
984
848
727
1224
1395
1577
1632
1611
1131
923
807
831
1258
1442
1272
1647
1601
1158
938
757
1177
1296
1467
1425
1672
1434
1161
965
780
1232
1346
1536
1373
1737
1542
1277
1127
1003
1398
1524
1712
1502
1969
1560
1314
1124
946
1407
1510
1690
1511
1914
1487
1281
990
793
1263
1360
1499
1317
1747
1361
1050
840
1084
1162
1291
1464
1261
1698
1203
995
822
1082
1240
1366
1267
1340
1839
1355
1100
922
1233
1302
1461
1328
1475
1902
1387
1225
970
1339
1414
1559
1358
1507
1922
1385
1160
929
1330
1400
1563
1406
1475
1911
1374
1090
954
1283
1350
1496
1246
1395
1812
1261
1030
846
1195
1265
1423
1193
1634
1465
1147
950
814
1224
1318
1498
1262
1715
1708
1234
1008
1296
1279
1391
1574
1395
1888
1536
1311
1081
1179
1375
1486
1336
1476
1922
1505
1252
1071
1331
1349
1476
1389
1440
1942
1420
1251
967
1307
1268
1306
1219
1391
1845
1351
1112
943
1220
1242
1375
1161
1327
1834
1308
1104
957
1273
1338
1478
1261
1445
1923
1396
1214
1122
1317
1373
1469
1296
1475
1894
1291
1064
1230
1296
1373
1499
1277
1465
1902
1385
1162
1337
1363
1420
1216
1418
1843
1913
1361
1177
1404
1389
1435
1195
1352
1711
1646
1213
975
1234
1251
1331
1086
1308
1697
1702
1122
1001
1200
1293
1406
1171
1366
1826
1427
1180
1036
1251
1297
1400
1183
1270
1765
1278
1117
1113
1281
1359
1522
1267
1354
1834
1289
1150
1018
1308
1379
1465
1284
1426
1856
1359
1148
1385
1356
1397
1473
1269
1337
1762
1252
1033
1314
1342
1415
1536
1301
1353
1811
1246
1088
1383
1438
1505
1309
1433
1454
1826
1275
1146
1226
1423
1458
1283
1244
1693
1527
1111
989
1260
1302
1384
1125
1173
1602
1477
1065
851
1119
1219
1277
1027
1081
1434
1207
891
807
1098
1215
1323
1024
1146
1624
1188
1038
1163
1270
1366
1486
1242
1298
1740
1284
1147
1250
1420
1485
1568
1276
1364
1800
1299
1142
1353
1363
1432
1515
1174
1243
1639
1090
926
1251
1295
1394
1163
1192
1277
1669
1123
967
1030
1242
1292
1053
1008
1107
1441
907
808
905
1170
1332
1009
1163
1390
1559
1028
958
1063
1337
1420
1120
1160
1574
1432
1091
934
1252
1427
1521
1262
1294
1700
1426
1113
1016
1321
1419
1471
1167
1191
1549
1239
973
1290
1204
1412
1497
1077
1311
1560
1010
896
1141
1261
1348
1425
1134
1143
1520
1055
908
1277
1326
1408
1144
1108
1229
1492
956
840
1254
1303
1443
1157
1158
1212
1582
1082
1046
1204
1518
1589
1246
1337
1441
1640
1106
1062
1142
1519
1583
1236
1184
1531
1509
1007
928
1070
1381
1424
988
1200
1329
1263
814
815
1000
1272
1367
991
1044
1429
1019
893
842
1150
1332
1415
1032
1121
1462
1068
929
1208
1291
1500
1583
1289
1441
1700
1150
1066
1266
1397
1509
1561
1144
1138
1504
996
923
1261
1380
1499
1215
1272
1255
1610
1038
961
1214
1419
1519
1307
1201
1245
1561
993
868
1220
1357
1438
1098
1149
1040
1398
805
783
839
1235
1331
995
1071
1413
1342
883
803
1029
1380
1416
1101
1413
1372
1345
872
872
1099
1425
1524
1145
1209
1586
1123
989
950
1273
1469
1542
1215
1241
1546
1098
915
1129
1239
1388
1451
1053
1129
1431
976
898
1200
1221
1376
1063
1057
1053
1405
898
809
1239
1318
1463
1233
1115
1112
1449
906
843
1045
1280
1283
1031
1385
1034
1353
807
842
1024
1304
1422
1094
1415
1060
1431
895
881
1117
1390
1472
1128
1412
1086
1436
898
962
1172
1470
1548
1187
1495
1468
1371
909
879
1103
1396
1447
1077
1267
1259
1081
764
1057
996
1310
1346
997
961
1272
866
754
967
1066
1278
1358
1035
1050
1389
997
924
1300
1341
1540
1279
1383
1178
1535
1032
931
1247
1337
1490
1276
1140
1192
1515
979
940
1227
1386
1478
1117
1511
1089
1396
890
755
867
1274
1365
1020
1326
934
1233
729
644
930
1209
1328
975
1344
993
1362
847
815
1175
1415
1515
1172
1345
1454
1279
970
928
1264
1523
1590
1274
1261
1447
1255
922
1113
1084
1420
1498
1156
1115
1465
989
907
1080
1281
1484
1179
1438
1108
1433
984
835
1178
1193
1383
1129
1323
1031
1339
895
817
986
1228
1389
1188
1167
1110
1458
960
910
1132
1459
1587
1238
1658
1197
1608
1063
987
1225
1475
1602
1243
1636
1231
1513
1006
894
1124
1449
1516
1156
1390
1052
1338
858
816
1034
1331
1429
1074
1219
1321
1141
897
886
1135
1447
1504
1172
1205
1369
1204
931
1045
1183
1486
1569
1179
1255
1288
1175
927
1329
1280
1531
1208
1585
1174
1514
1097
1022
1348
1342
1517
1228
1502
1142
1435
1010
850
1246
1289
1520
1098
1544
1078
1451
982
869
1267
1358
1455
1083
1527
1112
1428
964
900
1034
1378
1489
1125
1533
1098
1404
872
831
1147
1306
1503
1120
1417
1096
1454
992
937
1115
1476
1587
1247
1344
1188
1533
1082
1309
1145
1556
1652
1480
1378
1447
1238
908
1040
1154
1469
1541
1215
1236
1289
1089
941
1325
1217
1498
1249
1573
1202
1467
970
833
1161
1204
1392
1173
1475
1114
1393
910
844
1162
1243
1416
1027
1510
1103
1396
864
837
1177
1309
1486
1220
1649
1238
1589
1075
1042
1239
1572
1649
1311
1740
1376
1669
1193
1055
1282
1555
1634
1219
1493
1215
1504
981
987
1231
1510
1521
1383
1353
1116
1474
940
1194
1127
1426
1510
1369
1198
1342
1055
873
933
1139
1438
1516
1197
1176
1240
1100
940
1266
1098
1402
1132
1548
1187
1492
1027
971
1310
1339
1548
1284
1663
1269
1634
1214
1056
1412
1397
1562
1270
1710
1325
1666
1160
1101
1441
1541
1619
1254
1716
1266
1634
1075
1011
1150
1417
1558
1116
1561
1128
1453
926
879
1085
1356
1457
1120
1459
1135
1463
1030
946
1159
1440
1540
1486
1371
1230
1525
1063
1328
1106
1530
1612
1598
1341
1468
1198
1051
1174
1254
1487
1155
1606
1230
1257
1152
982
1333
1255
1462
1156
1596
1170
1555
1154
1059
1316
1294
1496
1242
1590
1237
1537
1020
973
1221
1250
1414
1125
1567
1139
1514
1097
956
1057
1363
1502
1206
1654
1215
1601
1116
1022
1091
1408
1529
1130
1671
1300
1681
1168
1090
1320
1548
1639
1297
1674
1255
1590
1092
987
1053
1405
1442
1380
1362
1198
1473
1051
1162
1021
1359
1423
1419
1148
1353
1098
981
868
1119
1406
1060
1563
1205
1213
1146
1009
1276
1077
1335
1064
1459
1102
1472
944
906
1208
1177
1387
1148
1533
1221
1546
1069
1030
1289
1324
1490
1203
1654
1271
1563
1078
1019
1206
1341
1536
1168
1624
1252
1605
1078
964
1077
1311
1397
1097
1525
1130
1513
973
918
1171
1359
1448
1136
1413
1218
1514
1006
978
995
1351
1440
1410
1332
1123
1409
1026
1145
1170
1397
1487
1500
1212
1358
1188
993
1087
1208
1348
1080
1492
1135
1218
1090
921
1192
975
1263
978
1394
1021
1089
976
914
1063
1119
1331
1017
1527
1151
1498
993
936
1160
1173
1351
1094
1582
1216
1552
1141
1017
1130
1325
1457
1155
1614
1224
1642
1144
1025
1144
1373
1447
1101
1588
1219
1569
1084
1004
1101
1359
1426
1154
1423
1169
1499
1013
912
1070
1299
1351
1332
1288
1029
1293
888
829
927
1170
1240
1247
1027
1109
932
825
740
951
1210
922
1385
1051
1107
1039
956
1280
1100
1432
1218
1633
1318
1365
1298
1091
1422
1295
1491
1145
1667
1275
1623
1202
1043
1331
1261
1374
1047
1496
1123
1436
999
914
956
1160
1300
1009
1474
1103
1518
1060
969
1121
1300
1386
1034
1507
1077
1458
956
795
985
1168
1234
892
1257
975
1335
901
827
929
1281
1307
1351
1366
1085
1341
932
1036
1053
1372
1449
1526
1210
1395
1240
1029
968
1115
1363
1026
1497
1205
1228
1055
939
1186
965
1290
1040
1426
1087
1095
1037
835
1061
1062
1271
959
1460
1111
1421
935
915
1164
1187
1328
1013
1525
1189
1459
1015
919
970
1162
1294
968
1458
1108
1472
950
841
1091
1247
1342
1041
1530
1112
1493
1011
947
1062
1290
1391
1063
1394
1195
1475
980
944
1089
1292
1342
1349
1256
1038
1237
885
732
929
1165
1233
1269
987
999
1118
819
1153
972
1246
939
1420
1108
1131
1001
873
1174
1061
1346
1125
1515
1195
1160
1126
993
1261
1119
1345
1034
1514
1142
1490
984
958
1244
1205
1369
1064
1557
1160
1482
1035
914
986
1158
1282
996
1436
1024
1436
916
818
980
1229
1307
958
1443
1084
1396
892
765
878
1144
1225
998
1190
923
1303
828
812
937
1227
1297
1359
1245
1099
1301
983
918
1121
1375
1462
1497
1228
1211
1275
982
1285
1073
1333
1033
1502
1123
1138
968
845
1104
877
1235
1025
1424
1043
1069
1074
868
1233
1075
1330
1020
1493
1098
1422
952
850
1202
1154
1323
965
1493
1124
1447
999
896
1053
1229
1375
1035
1587
1229
1584
1065
991
1227
1340
1443
1056
1557
1130
1562
1009
876
1056
1256
1329
1025
1390
1398
1073
804
748
650
719
1212
1309
1359
1206
1145
1065
888
808
880
967
1450
1548
1511
1404
1144
1081
1063
905
996
1049
1079
1484
1380
1275
1064
1064
1162
1110
1222
1301
1297
1611
1542
1428
1406
1288
1396
1447
1279
1244
1176
1035
1393
1354
1374
1292
1325
1304
1050
942
759
653
1079
1177
1225
1266
1118
1068
959
770
684
794
897
1432
1508
1488
1264
1137
1088
922
880
964
1066
1561
1573
1481
1352
1096
1063
1059
1040
1089
1101
1112
1491
1399
1308
1138
1176
1284
1214
1310
1230
1129
1455
1408
1347
1355
1262
1325
1313
1094
1010
855
728
1187
1206
1282
1242
1242
1213
946
823
779
811
1301
1440
1508
1517
1316
1237
1162
921
890
1013
1093
1593
1568
1481
1202
1096
997
865
945
1026
1063
1482
1447
1347
1258
1096
1077
1174
1135
1219
1201
1116
1501
1405
1346
1242
1291
1399
1283
1203
1103
991
1309
1303
1297
1343
1240
1276
1232
960
800
722
589
1089
1193
1293
1242
1181
1127
892
812
790
756
1213
1370
1386
1326
1078
970
901
750
783
907
983
1481
1421
1296
1099
952
985
974
1105
1298
1433
1748
1842
1729
1579
1397
1463
1613
1573
1730
1680
1629
1844
1645
1452
1298
1122
1146
1031
1041
958
916
787
1093
987
935
765
798
848
749
754
817
855
1304
1342
1343
1398
1224
1301
1363
1332
1314
1355
1312
1642
1487
1370
1080
1113
1191
1162
1279
1354
1346
1575
1462
1324
1158
999
1119
1280
1312
1357
1346
1103
1349
1133
988
832
895
1085
1087
1164
1081
958
1083
1026
927
930
905
1083
1246
1172
1246
1055
963
1234
1165
1175
1201
1248
1445
1530
1582
1438
1380
1158
1459
1344
1312
1222
1385
1572
1475
1578
1482
1306
1472
1307
1158
1147
1103
1337
1515
1468
1457
1276
998
1261
1113
1054
988
1114
1316
1305
1346
1254
1125
1280
1178
1118
1149
1135
1313
1461
1454
1375
1336
1118
1417
1297
1218
1201
1180
1308
1296
1315
1305
1158
1091
1347
1209
1095
955
1062
1229
1183
1368
1343
1254
1449
1314
1170
1123
1018
1178
1388
1392
1408
1403
1235
1442
1257
1179
1088
1216
1449
1536
1621
1618
1398
1523
1418
1248
1216
1179
1402
1604
1612
1546
1456
1235
1383
1218
1123
1154
1190
1419
1626
1509
1412
1274
1018
1228
1106
1086
1034
1227
1468
1469
1412
1293
1117
1275
1175
1093
1144
1152
1386
1627
1643
1630
1454
1240
1478
1312
1261
1312
1403
1680
1849
1764
1695
1480
1181
1368
1199
1237
1277
1565
1853
1831
1823
1630
1288
1403
1228
1137
1205
1260
1583
1853
1721
1698
1436
1123
1289
1152
1143
1234
1448
1756
1923
1829
1644
1415
1127
1302
1219
1322
1453
1776
2085
2023
2009
1720
1357
1390
1235
1224
1378
1506
1819
2015
1865
1621
1220
888
1075
969
1058
1272
1499
1775
1905
1664
1379
1063
769
1044
1071
1259
1415
1736
1958
1821
1661
1374
1026
1192
1191
1269
1469
1617
1916
2019
1748
1530
1243
938
1223
1232
1371
1618
1783
1993
2032
1742
1453
1055
763
1112
1164
1360
1541
1815
1955
1792
1569
1210
925
1025
1107
1240
1511
1664
1907
1970
1697
1364
1064
832
1166
1265
1492
1821
1903
2054
2033
1688
1385
1122
855
1284
1399
1671
1773
1917
2016
1907
1587
1265
1071
984
1329
1458
1646
1700
1826
1833
1582
1355
1096
906
1128
1241
1403
1587
1619
1740
1706
1373
1131
932
751
1133
1219
1417
1625
1703
1820
1789
1412
1195
984
873
1262
1408
1618
1730
1895
1948
1772
1457
1223
970
922
1316
1482
1706
1790
1947
1928
1593
1325
966
833
1105
1262
1465
1697
1747
1804
1713
1278
1024
754
605
1098
1295
1508
1700
1704
1718
1570
1182
900
699
641
1172
1395
1626
1743
1806
1750
1541
1172
847
748
793
1287
1512
1762
1790
1849
1780
1430
1105
854
774
1198
1432
1682
1903
1905
1892
1746
1297
1024
774
708
1266
1511
1778
1959
1864
1779
1487
1042
726
556
603
1216
1477
1716
1823
1724
1594
1362
993
790
700
820
1466
1692
1895
1832
1750
1571
1257
947
740
799
1033
1529
1750
1891
1774
1671
1458
1054
794
669
757
1274
1572
1829
1984
1832
1665
1392
935
754
713
793
1429
1730
1962
2032
1798
1532
1231
803
598
570
738
1433
1666
1821
1812
1526
1264
970
540
507
553
799
1440
1686
1825
1739
1521
1302
1043
748
713
741
945
1621
1818
1908
1704
1521
1273
935
691
735
802
1354
1726
1910
1966
1689
1493
1233
846
708
731
937
1543
1790
1948
1949
1627
1388
1157
819
748
758
926
1590
1762
1841
1768
1401
1136
913
646
621
685
850
1495
1675
1730
1637
1289
1057
859
631
591
713
1003
1643
1830
1862
1739
1381
1112
876
601
647
758
1054
1754
1915
1903
1646
1268
976
779
556
675
880
1248
1862
1955
1798
1441
1043
787
474
452
601
933
1494
1755
1779
1625
1176
873
661
449
503
694
922
1561
1687
1716
1529
1121
862
718
501
635
831
1070
1761
1871
1845
1622
1176
888
724
531
671
936
1196
1829
1894
1753
1499
1021
744
611
473
596
918
1207
1731
1757
1599
1332
850
638
553
480
663
936
1194
1726
1715
1506
1221
795
626
575
467
757
972
1236
1692
1683
1479
1198
794
614
628
633
870
1130
1426
1773
1773
1531
1228
807
682
725
715
1009
1386
1550
1881
1739
1410
1062
660
566
661
696
1063
1306
1445
1667
1464
1124
845
510
509
634
759
1068
1313
1632
1547
1340
1045
775
539
593
718
868
1254
1392
1706
1603
1359
1081
820
585
652
813
1006
1240
1412
1707
1506
1311
1011
788
569
680
841
1039
1240
1423
1686
1503
1210
930
747
591
717
942
1179
1382
1408
1544
1344
1104
845
721
602
807
977
1205
1458
1440
1636
1303
1085
867
788
702
951
1167
1358
1469
1476
1595
1218
993
797
731
719
979
1134
1335
1542
1385
1417
1149
968
816
848
897
1169
1370
1562
1570
1413
1311
1052
959
840
873
913
1185
1274
1423
1358
1148
995
852
730
676
774
856
1129
1346
1304
1278
1036
905
831
758
827
994
1125
1428
1643
1478
1405
1144
1082
904
839
955
1160
1290
1553
1669
1481
1345
994
842
817
826
973
1210
1374
1476
1626
1373
1161
958
800
856
958
1103
1379
1463
1592
1620
1322
1103
904
741
803
922
1146
1316
1435
1473
1473
1129
1011
703
641
749
917
1130
1282
1525
1493
1497
1244
1028
852
843
881
1080
1310
1496
1668
1586
1536
1172
978
758
764
835
1089
1343
1480
1568
1438
1362
1065
906
733
722
848
1011
1289
1480
1577
1437
1359
1016
842
724
849
925
1208
1472
1581
1636
1485
1381
1091
891
843
908
1030
1259
1515
1659
1676
1510
1363
1159
867
831
954
1105
1323
1518
1635
1621
1484
1241
1088
809
727
872
1059
1299
1533
1578
1568
1412
1178
1056
783
752
862
1015
1274
1429
1509
1474
1362
1109
1020
765
749
795
983
1222
1407
1474
1485
1390
1165
1063
856
828
906
1051
1320
1497
1561
1535
1453
1262
1159
1030
1057
1123
1307
1472
1547
1623
1534
1529
1386
1262
1272
1132
1182
1382
1455
1561
1488
1567
1507
1401
1271
1268
1152
1122
1208
1315
1365
1422
1393
1371
1294
1162
1112
1000
1094
1040
1230
1353
1385
1417
1354
1342
1254
1157
1064
1124
1195
1291
1349
1463
1428
1405
1350
1302
1250
1280
1320
1303
1319
1372
1390
1378
1325
1344
1367
1257
1313
1266
1287
1288
1203
1379
1383
1442
1430
1418
1340
1349
1314
1238
1249
1237
1289
1366
1392
1374
1377
1382
1309
1258
1352
1367
1370
1339
1403
1411
1424
1428
1408
1395
1418
1368
1382
1319
1321
1281
1386
1348
1350
1389
1384
1412
1347
1310
1292
1209
1263
1346
1391
1438
1472
1474
1428
1353
1273
1204
1264
1093
1238
1309
1365
1392
1431
1385
1365
1262
1234
1152
1125
1140
1218
1275
1347
1477
1460
1475
1323
1246
1158
1126
1164
1278
1403
1504
1620
1657
1578
1471
1349
1203
1188
1274
1326
1499
1642
1683
1723
1631
1516
1356
1235
1187
1217
1312
1471
1565
1647
1643
1607
1483
1299
1132
1064
1048
1146
1314
1472
1580
1610
1540
1404
1217
1043
951
891
1034
1224
1457
1639
1633
1581
1500
1222
1040
940
969
1040
1427
1493
1667
1684
1624
1460
1242
1062
1004
982
1187
1288
1492
1634
1693
1618
1501
1349
1130
1052
1087
1151
1314
1469
1705
1798
1759
1693
1520
1265
1080
1057
1144
1322
1552
1740
1805
1796
1644
1402
1184
1031
960
1139
1363
1556
1695
1759
1720
1550
1349
1188
1028
1019
1108
1349
1528
1641
1738
1669
1505
1311
1139
994
993
1123
1327
1453
1619
1679
1620
1450
1277
1082
971
954
1045
1253
1467
1651
1725
1684
1510
1244
1091
970
973
1070
1269
1561
1680
1598
1659
1412
1204
1015
1005
1058
1228
1474
1656
1823
1747
1662
1493
1325
1188
1136
1277
1477
1584
1780
1872
1820
1726
1492
1324
1150
1184
1240
1340
1536
1737
1828
1755
1602
1372
1078
999
924
1046
1269
1480
1672
1736
1682
1422
1136
933
793
788
887
1199
1463
1676
1827
1676
1461
1185
953
860
882
1006
1292
1574
1751
1916
1812
1625
1328
1023
881
883
1012
1244
1571
1766
1901
1869
1686
1366
1084
893
834
891
1148
1489
1757
1927
1919
1745
1432
1108
1019
879
912
1189
1491
1770
1925
1914
1730
1448
1122
858
822
908
1106
1359
1603
1794
1819
1769
1485
1203
986
850
839
962
1228
1505
1716
1850
1742
1555
1262
986
797
714
851
1106
1355
1636
1729
1656
1458
1175
891
705
741
721
972
1203
1474
1590
1573
1427
1232
1024
813
752
818
923
1162
1318
1498
1550
1539
1396
1203
1059
956
919
949
1134
1297
1510
1661
1693
1626
1503
1305
1106
1027
1075
1134
1323
1471
1667
1666
1642
1485
1335
1126
977
1006
1013
1082
1225
1307
1369
1426
1393
1325
1086
1081
930
874
877
944
1048
1224
1324
1414
1407
1283
1092
896
795
757
826
965
1119
1311
1400
1458
1389
1204
1065
978
874
906
989
1164
1347
1512
1564
1573
1472
1274
1144
969
913
985
1088
1308
1394
1548
1604
1533
1399
1097
965
862
796
869
1019
1238
1404
1545
1588
1454
1227
1010
833
710
739
962
1165
1378
1539
1595
1499
1316
1129
923
783
814
902
1063
1254
1478
1545
1550
1449
1280
1098
932
908
865
1048
1276
1466
1578
1646
1583
1372
1231
922
815
845
938
1170
1342
1457
1516
1390
1339
1046
863
771
744
838
952
1135
1309
1361
1320
1230
1101
976
870
825
837
948
1187
1195
1374
1422
1408
1267
1232
1119
1025
1032
1094
1207
1317
1491
1600
1557
1552
1448
1308
1179
1151
1155
1194
1302
1435
1472
1506
1452
1346
1231
1141
1095
1048
1086
1110
1148
1219
1296
1268
1142
1169
1048
937
879
843
860
927
1048
1049
1247
1240
1161
1045
910
824
775
818
972
1021
1194
1309
1370
1352
1221
1129
1018
883
993
1044
1174
1311
1483
1557
1592
1543
1406
1244
1083
1046
1058
1152
1316
1460
1626
1591
1612
1443
1238
1053
933
903
961
1107
1265
1453
1564
1527
1356
1214
974
841
843
849
981
1144
1333
1439
1496
1405
1225
1044
790
765
759
803
947
1152
1340
1412
1417
1341
1268
900
764
716
762
968
1165
1436
1597
1641
1611
1397
1193
982
892
860
1006
1236
1485
1609
1701
1642
1530
1343
1130
965
887
1029
933
1187
1358
1444
1544
1486
1388
1181
977
822
784
832
965
1198
1364
1491
1557
1445
1330
1097
970
873
910
993
1152
1372
1573
1578
1543
1454
1298
1141
1063
993
978
1104
1274
1381
1458
1505
1512
1415
1326
1221
1087
1043
1021
1123
1220
1347
1468
1526
1536
1489
1333
1180
1048
1004
990
1073
1226
1317
1398
1341
1369
1251
1153
1056
947
940
993
1058
1103
1245
1398
1411
1437
1372
1300
1192
1016
1006
1043
1168
1287
1522
1583
1644
1625
1518
1403
1270
1203
1210
1291
1410
1521
1638
1656
1622
1570
1456
1346
1285
1238
1267
1271
1392
1421
1533
1560
1505
1437
1326
1216
1142
1118
1064
1155
1291
1396
1423
1401
1325
1256
1167
1081
1013
1078
1139
1217
1310
1363
1307
1292
1200
1165
1144
1128
1177
1236
1307
1364
1363
1344
1328
1314
1283
1324
1329
1335
1379
1400
1454
1393
1492
1527
1545
1546
1511
1461
1453
1423
1524
1407
1531
1539
1538
1504
1491
1407
1364
1357
1349
1365
1387
1378
1393
1375
1347
1372
1383
1415
1379
1364
1351
1300
1283
1248
1245
1248
1364
1399
1377
1358
1266
1225
1107
1093
1111
1133
1235
1324
1418
1452
1435
1353
1300
1247
1214
1183
1219
1284
1372
1491
1530
1556
1533
1507
1383
1311
1258
1204
1198
1255
1381
1484
1580
1624
1635
1543
1424
1263
1160
1141
1182
1310
1416
1533
1572
1560
1497
1402
1235
1170
1053
1109
1111
1169
1254
1304
1398
1491
1514
1516
1410
1360
1226
1144
1126
1137
1239
1396
1598
1698
1743
1686
1533
1345
1221
1102
1071
1185
1255
1429
1592
1680
1648
1652
1520
1330
1307
1043
1062
1023
1176
1341
1565
1679
1720
1675
1462
1237
1023
859
842
925
1107
1382
1516
1739
1663
1512
1352
1053
921
830
877
1043
1247
1565
1691
1745
1675
1506
1319
1208
1108
1060
1191
1331
1500
1645
1744
1730
1627
1542
1417
1203
1148
1139
1258
1321
1565
1695
1872
1694
1515
1360
1221
1183
1184
1237
1394
1492
1584
1593
1537
1336
1162
1082
1009
1068
1137
1222
1316
1332
1320
1245
1194
1165
1088
1081
1126
1172
1242
1286
1329
1350
1378
1378
1269
1265
1211
1248
1237
1334
1392
1429
1475
1479
1429
1410
1352
1283
1284
1294
1379
1427
1511
1489
1547
1511
1497
1471
1427
1389
1384
1392
1419
1381
1409
1423
1446
1441
1455
1403
1332
1207
1184
1113
1163
1165
1244
1305
1391
1451
1290
1254
1178
1111
1026
1036
1102
1230
1330
1413
1406
1424
1357
1274
1184
1070
1037
1083
1155
1392
1301
1452
1513
1475
1441
1306
1177
1101
997
1061
1166
1283
1458
1622
1660
1600
1479
1321
1088
983
951
1051
1180
1335
1505
1605
1599
1495
1414
1186
987
923
843
918
1086
1253
1433
1472
1557
1485
1360
1131
932
846
877
943
994
1345
1591
1641
1678
1632
1410
1191
1129
955
893
1035
1227
1394
1540
1622
1595
1481
1324
1177
1019
958
959
992
1119
1219
1321
1360
1388
1350
1266
1165
1037
923
834
919
992
951
1225
1356
1391
1360
1284
1174
1064
999
965
995
1053
1209
1252
1284
1340
1297
1300
1185
1193
1075
1079
1045
1058
1143
1230
1310
1370
1465
1376
1329
1224
1130
1016
1101
1130
1206
1339
1367
1441
1430
1356
1249
1139
1057
1035
1052
1111
1203
1309
1305
1296
1255
1142
1064
984
1030
1036
1080
1167
1234
1316
1309
1299
1260
1074
965
932
932
955
1056
1184
1279
1330
1333
1338
1091
966
864
826
879
995
1128
1196
1294
1345
1286
1197
1092
1028
975
996
1041
1139
1206
1270
1315
1343
1318
1317
1262
1204
1116
1143
1072
1139
1216
1287
1279
1376
1350
1321
1203
1153
1144
1084
1073
1087
1124
1137
1159
1181
1171
1221
1248
1241
1194
1103
1111
1075
971
1051
1051
1175
1214
1322
1364
1324
1283
1089
1031
1000
1005
1051
1095
1182
1297
1275
1260
1239
1142
1022
996
991
973
1008
1068
1139
1173
1225
1203
1192
1173
1146
1107
1099
1030
1079
1164
1210
1248
1204
1210
1151
1094
1033
1100
1134
1173
1221
1201
1192
1062
1030
955
788
994
1043
1174
1300
1371
1338
1291
1182
992
992
958
1022
1133
1234
1429
1516
1561
1553
1341
1199
1049
930
924
852
998
1142
1305
1364
1458
1384
1234
1061
881
755
740
826
919
1084
1306
1422
1474
1386
1207
1043
902
851
802
865
1009
1125
1281
1332
1316
1268
1101
1089
1020
931
915
869
956
1028
1112
1236
1279
1292
1278
1254
1203
1134
1073
983
1110
1082
1144
1198
1212
1264
1249
1259
1241
1292
1224
1100
1058
992
1032
991
1028
1099
1136
1268
1284
1268
1215
1104
964
867
958
969
1047
1143
1217
1258
1260
1240
1158
1054
1004
1017
968
1045
996
1115
1198
1177
1182
1155
1042
1078
1037
1047
1034
1072
1107
1176
1169
1078
1257
1260
1165
1129
1125
1125
1154
1192
1147
1174
1162
1104
1037
979
1003
993
1056
1167
1170
1140
1092
1045
997
972
996
1018
1101
1168
1192
1218
1231
1201
1113
1109
1096
1087
1151
1170
1240
1167
1283
1239
1220
1191
1103
1083
1045
1057
1073
1152
1222
1255
1281
1280
1320
1138
1073
1047
1043
1067
1105
1235
1305
1434
1289
1267
1170
1082
1002
982
955
1051
1153
1257
1273
1320
1235
1124
1079
1011
950
905
963
1020
1128
1197
1281
1305
1331
1271
1205
1174
1050
1025
1040
1128
1245
1284
1374
1430
1343
1287
1219
1099
1041
1042
1145
1151
1215
1300
1296
1265
1253
1228
1209
1199
1155
1187
1123
1229
1230
1215
1262
1222
1206
1222
1177
1168
1109
1109
1075
1121
1157
1165
1159
1107
1120
1065
1061
1058
1078
1132
1179
1225
1278
1337
1239
1264
1261
1241
1208
1229
1220
1239
1280
1386
1433
1412
1422
1362
1335
1246
1166
1154
1091
1089
1169
1268
1371
1435
1426
1392
1261
1209
1060
1007
972
1008
1187
1270
1344
1481
1327
1301
1223
1129
1051
956
949
1011
1082
1160
1239
1299
1280
1264
1191
1129
1055
1100
1017
1083
1209
1283
1360
1414
1397
1344
1304
1205
1281
1262
1299
1344
1392
1390
1384
1353
1315
1242
1298
1248
1233
1243
1229
1242
1220
1296
1247
1220
1236
1188
1205
1155
1110
1114
1043
1137
1148
1188
1211
1185
1186
1174
1157
1133
1034
1085
1099
1150
1195
1239
1270
1294
1308
1287
1252
1255
1194
1164
1145
1159
1216
1188
1412
1399
1443
1463
1395
1296
1208
1168
1129
1176
1288
1380
1470
1502
1477
1389
1310
1229
1135
1125
1157
1214
1321
1354
1398
1373
1377
1288
1155
1106
1019
1002
1013
1145
1221
1299
1369
1337
1261
1183
1100
1038
983
1083
1136
1222
1325
1455
1434
1387
1351
1251
1248
1224
1283
1287
1341
1436
1436
1442
1454
1424
1376
1427
1257
1295
1289
1271
1234
1277
1275
1254
1332
1218
1250
1229
1205
1195
1156
1136
1133
1088
1153
1186
1195
1201
1208
1238
1228
1244
1221
1202
1259
1212
1220
1205
1261
1278
1319
1360
1317
1305
1238
1207
1203
1215
1248
1314
1391
1433
1447
1407
1325
1266
1199
1207
1264
1332
1404
1449
1484
1424
1376
1318
1259
1207
1201
1239
1267
1302
1338
1326
1304
1255
1224
1169
1119
1099
1103
1108
1131
1201
1247
1242
1226
1158
1141
1098
1067
1079
1143
1211
1267
1334
1360
1294
1236
1187
1146
1148
1184
1272
1321
1401
1437
1448
1379
1295
1239
1200
1209
1256
1296
1355
1391
1383
1350
1309
1240
1146
1116
1147
1081
1109
1170
1256
1221
1278
1319
1242
1192
1132
1087
1066
1107
1173
1239
1319
1363
1370
1322
1261
1199
1156
1166
1189
1238
1286
1300
1285
1222
1215
1219
1130
1165
1182
1192
1212
1235
1212
1165
1156
1148
1136
1113
1174
1204
1214
1242
1206
1256
1258
1210
1184
1137
1133
1098
1123
1167
1192
1220
1267
1280
1237
1187
1134
1071
1031
1043
1075
1116
1151
1209
1215
1223
1200
1162
1148
1124
1157
1184
1169
1211
1202
1233
1257
1275
1307
1335
1344
1330
1297
1255
1176
1144
1109
1127
1167
1170
1205
1178
1176
1140
1139
1131
1120
1119
1119
1112
1108
1085
1084
1077
1111
1172
1207
1224
1219
1231
1182
1162
1166
1172
1176
1174
1210
1210
1204
1190
1208
1168
1163
1170
1177
1164
1142
1118
1109
1077
1127
1153
1173
1212
1191
1215
1209
1209
1199
1204
1228
1230
1241
1255
1210
1193
1177
1174
1172
1179
1210
1205
1207
1167
1159
1118
1022
1057
1034
1099
1146
1209
1217
1226
1225
1211
1217
1226
1202
1236
1269
1280
1277
1293
1308
1315
1323
1386
1348
1333
1314
1296
1261
1260
1295
1287
1297
1290
1314
1250
1239
1237
1228
1267
1317
1330
1344
1327
1297
1196
1186
1187
1181
1231
1279
1317
1323
1349
1329
1275
1236
1189
1159
1165
1179
1180
1229
1277
1325
1361
1384
1360
1333
1271
1255
1202
1231
1286
1323
1385
1428
1467
1443
1408
1355
1309
1249
1265
1292
1329
1356
1392
1365
1383
1359
1358
1312
1288
1345
1364
1401
1425
1394
1384
1366
1340
1327
1296
1336
1364
1369
1419
1421
1428
1418
1407
1407
1337
1320
1300
1318
1360
1436
1520
1555
1576
1538
1485
1419
1362
1342
1358
1392
1459
1519
1577
1556
1531
1465
1443
1382
1348
1352
1339
1380
1380
1407
1409
1416
1398
1399
1361
1404
1387
1367
1343
1339
1347
1355
1401
1390
1413
1398
1409
1391
1409
1402
1358
1357
1319
1305
1292
1307
1289
1327
1375
1420
1444
1409
1461
1428
1381
1363
1363
1355
1397
1433
1506
1548
1583
1573
1538
1501
1472
1444
1452
1455
1461
1483
1482
1469
1447
1438
1388
1340
1354
1328
1305
1310
1346
1338
1370
1395
1374
1345
1294
1270
1235
1251
1284
1256
1375
1417
1411
1402
1378
1332
1261
1244
1318
1321
1372
1431
1488
1460
1472
1465
1418
1385
1375
1392
1425
1464
1532
1515
1576
1580
1582
1564
1522
1489
1445
1449
1420
1458
1480
1486
1486
1438
1454
1406
1363
1349
1332
1313
1287
1295
1282
1237
1240
1240
1229
1246
1262
1301
1306
1333
1336
1341
1366
1320
1321
1328
1392
1432
1469
1508
1504
1483
1473
1467
1449
1428
1463
1486
1485
1508
1514
1507
1459
1476
1488
1450
1445
1432
1440
1440
1462
1476
1473
1473
1429
1403
1380
1336
1323
1289
1342
1354
1363
1374
1334
1289
1219
1209
1187
1183
1215
1231
1256
1286
1296
1278
1266
1254
1256
1271
1309
1329
1365
1370
1370
1327
1377
1400
1381
1410
1419
1490
1448
1478
1487
1447
1437
1445
1442
1430
1426
1494
1480
1492
1513
1500
1480
1429
1397
1353
1359
1355
1342
1365
1359
1370
1415
1411
1369
1318
1297
1261
1245
1251
1250
1271
1285
1304
1347
1283
1273
1245
1244
1272
1252
1259
1256
1274
1271
1321
1376
1367
1401
1424
1422
1392
1377
1371
1346
1342
1382
1435
1453
1478
1507
1481
1442
1430
1389
1364
1333
1346
1341
1376
1400
1413
1419
1415
1393
1350
1314
1268
1225
1226
1253
1282
1319
1347
1375
1308
1294
1239
1213
1154
1133
1145
1154
1210
1256
1281
1275
1264
1242
1216
1198
1194
1192
1218
1215
1273
1319
1335
1349
1339
1370
1373
1349
1349
1327
1311
1303
1345
1369
1341
1388
1398
1375
1344
1320
1292
1249
1223
1301
1265
1278
1270
1306
1242
1253
1262
1240
1222
1191
1165
1156
1159
1159
1167
1191
1206
1194
1188
1172
1140
1096
1117
1140
1143
1195
1206
1234
1213
1237
1229
1215
1219
1234
1254
1291
1331
1334
1326
1316
1330
1262
1253
1244
1261
1273
1324
1307
1351
1350
1283
1240
1191
1186
1157
1160
1185
1201
1221
1241
1245
1216
1172
1134
1090
1050
1037
1018
1043
1038
1088
1100
1128
1128
1087
1069
1042
1049
1052
1074
1096
1110
1154
1170
1178
1184
1194
1209
1248
1176
1205
1168
1151
1120
1154
1211
1240
1295
1330
1346
1328
1286
1249
1184
1169
1118
1134
1176
1195
1249
1267
1272
1286
1236
1189
1123
1063
1061
1072
1098
1146
1195
1216
1227
1218
1181
1126
1062
1036
1036
1050
1122
1139
1177
1175
1174
1127
1147
1113
1088
1113
1099
1127
1181
1198
1195
1189
1187
1188
1168
1202
1201
1227
1228
1245
1244
1235
1217
1195
1208
1206
1208
1218
1207
1227
1190
1230
1225
1203
1163
1143
1117
1088
1091
1108
1103
1131
1164
1186
1170
1144
1120
1066
1052
1074
1052
1076
1090
1100
1107
1143
1163
1156
1171
1169
1139
1126
1123
1106
1073
1100
1124
1171
1213
1255
1278
1225
1224
1201
1167
1155
1160
1189
1226
1273
1296
1302
1272
1222
1167
1145
1112
1086
1089
1133
1092
1168
1188
1173
1136
1064
1061
1017
977
986
993
1020
1070
1133
1170
1150
1157
1125
1068
1024
990
1002
1062
1110
1149
1229
1265
1226
1195
1134
1116
1091
1101
1151
1182
1236
1298
1349
1359
1325
1331
1294
1251
1234
1211
1217
1206
1244
1314
1287
1293
1237
1213
1141
1148
1084
1075
1089
1095
1129
1139
1110
1087
1040
1007
983
991
1023
1041
1072
1080
1104
1102
1083
1071
1051
1029
1078
1124
1169
1193
1216
1201
1220
1178
1164
1175
1175
1176
1209
1254
1278
1273
1292
1277
1284
1256
1281
1275
1240
1252
1255
1278
1278
1301
1292
1297
1245
1210
1173
1145
1113
1099
1109
1119
1108
1090
1103
1049
1059
1085
1089
1086
1048
1067
1038
1019
1031
982
1053
1093
1117
1158
1166
1164
1129
1115
1163
1114
1135
1101
1197
1202
1255
1297
1299
1266
1275
1260
1244
1259
1272
1256
1281
1323
1339
1348
1348
1361
1316
1293
1288
1271
1260
1248
1260
1231
1246
1229
1197
1169
1137
1102
1084
1096
1092
1080
1078
1082
1060
1029
1028
1034
1010
1064
1069
1116
1125
1121
1115
1090
1120
1135
1169
1201
1225
1244
1261
1267
1272
1277
1303
1329
1349
1378
1382
1369
1316
1348
1354
1323
1342
1334
1331
1327
1365
1357
1348
1341
1327
1295
1267
1250
1233
1221
1221
1277
1244
1255
1237
1217
1144
1138
1111
1073
1071
1056
1071
1101
1138
1147
1144
1157
1131
1110
1127
1134
1151
1155
1221
1257
1303
1317
1323
1338
1317
1357
1353
1372
1385
1370
1393
1400
1416
1414
1395
1419
1405
1393
1380
1336
1324
1322
1322
1282
1298
1356
1311
1292
1254
1270
1232
1257
1274
1279
1290
1296
1297
1292
1266
1262
1250
1234
1212
1168
1162
1133
1138
1162
1196
1221
1211
1193
1188
1163
1156
1156
1157
1169
1216
1273
1305
1332
1340
1339
1326
1331
1343
1332
1350
1336
1356
1388
1363
1357
1344
1356
1328
1344
1348
1340
1301
1293
1289
1286
1282
1306
1310
1310
1317
1322
1309
1285
1284
1252
1271
1279
1310
1327
1332
1338
1326
1331
1311
1289
1267
1195
1218
1203
1208
1233
1273
1260
1231
1307
1293
1285
1297
1262
1294
1323
1377
1378
1404
1424
1407
1407
1386
1354
1366
1377
1370
1391
1342
1358
1310
1305
1297
1310
1272
1276
1285
1262
1293
1329
1306
1301
1303
1342
1298
1325
1357
1346
1383
1410
1414
1401
1377
1369
1339
1342
1384
1354
1387
1385
1378
1376
1372
1360
1313
1255
1306
1288
1305
1351
1368
1355
1375
1375
1346
1300
1315
1326
1311
1351
1419
1396
1408
1370
1348
1309
1307
1283
1303
1326
1344
1356
1392
1394
1364
1352
1332
1301
1285
1311
1316
1311
1337
1396
1385
1402
1402
1384
1331
1280
1309
1329
1359
1399
1426
1455
1465
1437
1407
1351
1327
1311
1321
1361
1366
1400
1418
1452
1443
1383
1402
1338
1304
1297
1354
1338
1296
1417
1439
1440
1444
1408
1370
1312
1287
1355
1308
1338
1353
1402
1397
1406
1407
1383
1339
1309
1305
1324
1347
1370
1371
1428
1425
1410
1413
1367
1346
1308
1339
1345
1380
1412
1408
1415
1390
1386
1357
1345
1324
1308
1319
1324
1325
1355
1355
1343
1341
1347
1344
1316
1318
1332
1353
1353
1396
1414
1370
1354
1316
1311
1309
1331
1356
1387
1411
1431
1421
1401
1356
1316
1314
1321
1332
1353
1401
1402
1436
1472
1454
1416
1368
1344
1300
1291
1317
1336
1361
1387
1411
1397
1372
1343
1273
1239
1281
1246
1274
1299
1341
1327
1364
1384
1335
1300
1310
1318
1310
1345
1374
1366
1366
1372
1352
1331
1318
1310
1277
1261
1274
1268
1274
1271
1280
1263
1301
1321
1317
1334
1331
1368
1333
1364
1376
1372
1411
1417
1395
1388
1390
1372
1333
1344
1301
1326
1318
1289
1271
1222
1231
1217
1213
1212
1198
1193
1206
1217
1231
1244
1281
1297
1302
1305
1296
1271
1243
1264
1322
1294
1339
1347
1352
1335
1336
1297
1240
1231
1206
1183
1206
1239
1268
1274
1298
1302
1299
1282
1270
1235
1202
1223
1268
1295
1338
1335
1358
1347
1326
1275
1222
1191
1146
1141
1172
1211
1234
1245
1256
1233
1205
1177
1128
1127
1104
1161
1193
1244
1281
1281
1306
1289
1276
1270
1278
1254
1244
1255
1269
1261
1276
1297
1302
1239
1311
1309
1259
1250
1225
1248
1259
1298
1346
1340
1346
1336
1322
1301
1252
1237
1236
1231
1220
1220
1238
1208
1204
1193
1186
1156
1107
1099
1047
1061
1085
1113
1148
1170
1211
1274
1219
1223
1191
1199
1213
1236
1267
1309
1343
1331
1333
1361
1297
1260
1228
1233
1192
1222
1264
1259
1242
1236
1252
1200
1176
1181
1169
1178
1193
1210
1225
1195
1230
1196
1200
1183
1180
1182
1170
1176
1169
1211
1209
1183
1162
1130
1123
1040
1043
1051
1049
1088
1147
1162
1168
1162
1161
1115
1134
1131
1180
1221
1240
1281
1305
1332
1330
1330
1279
1330
1299
1302
1304
1274
1254
1265
1273
1258
1268
1259
1244
1197
1210
1200
1170
1164
1147
1147
1132
1152
1160
1077
1147
1142
1128
1111
1101
1078
1057
1062
1118
1068
1096
1090
1080
1061
1086
1072
1053
1079
1080
1103
1143
1199
1225
1195
1248
1231
1215
1213
1216
1242
1235
1304
1323
1351
1350
1309
1273
1213
1200
1177
1186
1210
1199
1216
1239
1230
1203
1170
1164
1128
1108
1120
1117
1134
1139
1173
1156
1141
1159
1114
1093
1054
1079
1109
1155
1176
1184
1191
1191
1141
1111
1091
1078
1098
1137
1194
1196
1221
1213
1209
1190
1157
1164
1122
1134
1145
1180
1216
1221
1217
1211
1190
1158
1133
1127
1116
1127
1223
1237
1222
1221
1232
1174
1157
1165
1158
1163
1182
1225
1248
1272
1283
1260
1223
1193
1148
1153
1158
1172
1181
1199
1237
1225
1217
1159
1215
1163
1206
1239
1266
1271
1273
1274
1238
1234
1228
1201
1212
1237
1250
1263
1254
1249
1209
1190
1108
1125
1117
1108
1111
1110
1174
1189
1207
1225
1214
1183
1161
1163
1179
1154
1197
1246
1261
1279
1259
1249
1183
1169
1161
1146
1151
1150
1148
1154
1178
1180
1180
1191
1184
1191
1211
1230
1235
1233
1255
1265
1268
1300
1309
1314
1297
1347
1415
1334
1344
1330
1314
1292
1301
1299
1289
1292
1295
1291
1297
1290
1277
1266
1249
1245
1260
1276
1279
1297
1288
1314
1284
1263
1280
1254
1200
1208
1237
1250
1256
1270
1230
1184
1145
1106
1071
1056
1079
1067
1176
1225
1239
1263
1238
1250
1223
1180
1254
1253
1300
1347
1393
1428
1443
1452
1417
1383
1371
1318
1307
1313
1351
1374
1409
1429
1391
1361
1303
1263
1246
1237
1259
1295
1346
1366
1385
1384
1322
1302
1264
1252
1244
1233
1235
1254
1291
1335
1311
1298
1238
1225
1194
1201
1215
1239
1254
1267
1278
1286
1276
1264
1254
1233
1250
1262
1273
1296
1322
1293
1299
1304
1292
1279
1277
1311
1320
1362
1404
1421
1402
1351
1358
1318
1285
1280
1284
1288
1302
1332
1335
1318
1295
1231
1231
1194
1198
1208
1216
1237
1240
1285
1297
1275
1281
1290
1277
1251
1214
1282
1274
1296
1352
1371
1380
1372
1380
1351
1370
1391
1387
1401
1383
1397
1361
1369
1358
1298
1379
1366
1375
1382
1380
1361
1286
1270
1314
1218
1250
1289
1301
1290
1330
1327
1309
1227
1225
1199
1180
1193
1210
1245
1277
1295
1322
1323
1293
1258
1213
1208
1200
1200
1247
1266
1295
1308
1357
1344
1320
1293
1259
1227
1211
1238
1260
1302
1338
1369
1387
1393
1364
1354
1298
1337
1321
1387
1440
1448
1475
1495
1517
1499
1473
1491
1455
1437
1437
1450
1413
1397
1405
1391
1383
1374
1335
1324
1280
1282
1286
1273
1261
1232
1225
1184
1197
1205
1213
1217
1221
1252
1271
1258
1258
1256
1233
1274
1242
1272
1273
1296
1302
1338
1365
1351
1359
1333
1324
1321
1343
1364
1378
1383
1408
1421
1428
1411
1418
1390
1360
1353
1358
1342
1320
1347
1332
1362
1379
1402
1395
1370
1368
1344
1334
1309
1301
1315
1323
1332
1335
1346
1362
1324
1342
1306
1315
1290
1246
1248
1190
1218
1248
1288
1300
1325
1348
1327
1320
1289
1245
1229
1219
1268
1247
1290
1322
1331
1380
1410
1380
1374
1323
1285
1228
1245
1271
1277
1323
1373
1392
1399
1400
1366
1284
1245
1218
1195
1197
1228
1277
1280
1328
1352
1335
1324
1266
1228
1191
1201
1212
1233
1276
1300
1321
1347
1356
1319
1290
1279
1257
1245
1262
1274
1294
1289
1340
1328
1335
1339
1317
1274
1247
1252
1240
1270
1263
1273
1284
1299
1286
1270
1216
1256
1179
1233
1241
1213
1212
1202
1233
1228
1245
1276
1265
1239
1232
1265
1216
1185
1215
1239
1251
1267
1257
1259
1246
1242
1266
1249
1261
1229
1249
1221
1230
1247
1242
1240
1221
1182
1235
1228
1227
1241
1233
1243
1256
1268
1255
1246
1230
1229
1260
1238
1274
1240
1256
1224
1231
1235
1212
1184
1172
1176
1204
1202
1236
1243
1251
1261
1255
1232
1206
1211
1191
1214
1221
1283
1296
1304
1316
1284
1277
1247
1224
1196
1176
1172
1169
1193
1212
1204
1200
1202
1174
1128
1098
1094
1045
1075
1115
1139
1156
1147
1162
1133
1128
1121
1113
1113
1131
1154
1152
1141
1206
1190
1201
1234
1246
1225
1228
1243
1204
1241
1279
1241
1249
1250
1255
1247
1284
1309
1236
1300
1315
1292
1274
1254
1245
1216
1226
1278
1256
1271
1254
1239
1191
1190
1149
1120
1066
1101
1094
1117
1153
1155
1108
1146
1124
1080
1055
1043
1010
1011
1061
1084
1129
1148
1141
1136
1096
1096
1071
1086
1103
1143
1128
1160
1173
1181
1191
1211
1196
1195
1237
1207
1195
1193
1229
1228
1260
1286
1273
1276
1253
1277
1286
1275
1290
1279
1278
1247
1237
1233
1215
1202
1208
1208
1211
1170
1152
1106
1124
1082
1070
1083
1066
1092
1099
1114
1107
1091
1074
1045
1027
1048
1057
1085
1100
1135
1193
1187
1180
1160
1154
1117
1119
1148
1169
1191
1197
1234
1231
1218
1214
1221
1172
1162
1177
1195
1204
1208
1213
1212
1175
1183
1164
1137
1131
1103
1138
1144
1156
1148
1141
1116
1073
1060
1079
1036
1045
1038
1097
1095
1089
1092
1072
1037
1003
1049
1058
1056
1100
1100
1150
1149
1171
1175
1164
1163
1160
1180
1204
1207
1253
1304
1307
1319
1294
1317
1259
1246
1281
1281
1224
1219
1230
1188
1204
1206
1163
1134
1107
1084
1063
1046
1038
1017
1024
1010
1001
1004
1003
993
959
986
1012
971
1007
1020
1034
1018
1062
1087
1061
1088
1111
1105
1108
1123
1137
1120
1132
1147
1163
1181
1193
1220
1195
1232
1211
1232
1249
1225
1229
1233
1269
1269
1287
1304
1301
1261
1268
1265
1231
1191
1188
1149
1161
1159
1146
1128
1082
1101
1092
1083
1081
1048
1046
1032
1034
1023
978
1043
1016
1016
1034
1030
1031
1040
1061
1121
1095
1122
1106
1095
1076
1097
1113
1114
1148
1162
1190
1215
1242
1234
1214
1207
1201
1199
1214
1195
1240
1245
1307
1282
1298
1299
1268
1264
1231
1221
1195
1200
1183
1158
1166
1174
1170
1164
1140
1119
1092
1076
1045
1018
1027
1011
1032
1036
1091
1103
1099
1108
1102
1094
1097
1121
1117
1144
1163
1220
1225
1250
1257
1247
1239
1228
1213
1185
1195
1173
1208
1237
1261
1266
1241
1235
1175
1164
1150
1129
1134
1151
1187
1187
1195
1202
1185
1148
1195
1139
1133
1141
1150
1113
1133
1166
1160
1152
1137
1148
1131
1144
1153
1138
1158
1168
1168
1182
1182
1192
1172
1191
1225
1205
1227
1236
1250
1219
1213
1261
1257
1249
1251
1263
1264
1284
1289
1270
1284
1271
1252
1247
1227
1224
1201
1207
1155
1191
1205
1170
1146
1111
1161
1120
1123
1137
1136
1116
1119
1128
1114
1101
1122
1136
1134
1146
1151
1157
1144
1148
1173
1191
1205
1192
1198
1187
1212
1223
1234
1262
1300
1269
1287
1290
1280
1270
1300
1274
1269
1277
1261
1256
1228
1251
1257
1248
1257
1236
1222
1191
1188
1180
1165
1153
1152
1154
1168
1164
1169
1165
1149
1131
1131
1132
1105
1129
1127
1161
1155
1194
1210
1190
1192
1194
1206
1207
1225
1272
1233
1239
1249
1236
1250
1234
1237
1205
1269
1266
1245
1263
1226
1221
1218
1249
1246
1232
1249
1246
1248
1231
1223
1225
1212
1205
1202
1183
1185
1177
1200
1208
1230
1231
1205
1193
1128
1126
1143
1147
1156
1180
1213
1228
1206
1196
1159
1121
1127
1144
1164
1189
1246
1256
1294
1335
1294
1284
1250
1241
1227
1275
1313
1322
1358
1373
1349
1335
1327
1292
1241
1236
1257
1262
1271
1291
1304
1259
1202
1251
1204
1181
1151
1201
1155
1186
1198
1203
1215
1175
1140
1123
1115
1104
1114
1159
1192
1202
1227
1217
1190
1139
1173
1162
1200
1259
1306
1335
1345
1377
1373
1351
1323
1312
1310
1325
1357
1384
1406
1425
1400
1418
1393
1321
1281
1226
1239
1232
1236
1280
1271
1252
1183
1219
1163
1066
1096
1087
1057
1090
1109
1120
1106
1109
1159
1091
1077
1071
1091
1082
1131
1167
1186
1208
1196
1211
1231
1242
1266
1303
1348
1371
1400
1430
1419
1406
1378
1408
1393
1395
1431
1434
1464
1442
1488
1451
1407
1359
1302
1258
1227
1199
1211
1214
1208
1205
1207
1184
1122
1088
1038
1015
971
1010
1023
1000
1022
1021
1036
1029
1051
1058
1063
1074
1096
1105
1111
1097
1112
1133
1156
1183
1200
1253
1252
1285
1315
1341
1342
1319
1338
1338
1359
1395
1440
1455
1475
1492
1486
1441
1412
1362
1335
1356
1317
1317
1303
1299
1235
1209
1188
1115
1069
1031
1037
1031
1052
1077
1025
1044
1032
1011
969
955
980
995
1029
1101
1131
1144
1133
1126
1073
1080
1091
1104
1146
1188
1240
1270
1307
1303
1254
1274
1262
1241
1240
1272
1306
1317
1371
1393
1414
1390
1348
1308
1233
1185
1219
1219
1228
1231
1237
1218
1191
1151
1095
1067
1045
1043
1059
1063
1061
1037
1049
1025
1025
1022
1028
1030
1034
1092
1114
1112
1141
1121
1129
1134
1146
1161
1170
1209
1247
1262
1285
1272
1259
1222
1227
1247
1246
1277
1284
1323
1338
1361
1352
1354
1310
1268
1236
1239
1239
1242
1244
1253
1240
1212
1181
1135
1096
1039
1050
1043
1044
1058
1044
1051
1045
1048
1047
1064
1064
1067
1090
1113
1114
1133
1157
1174
1130
1211
1235
1221
1240
1226
1258
1251
1282
1295
1287
1298
1300
1313
1330
1312
1342
1369
1372
1365
1343
1314
1308
1289
1280
1301
1339
1274
1301
1243
1225
1216
1197
1174
1140
1146
1176
1151
1148
1117
1135
1131
1135
1141
1149
1167
1165
1193
1261
1230
1221
1239
1222
1180
1208
1253
1261
1270
1291
1319
1310
1293
1300
1264
1250
1258
1275
1271
1277
1302
1289
1316
1318
1322
1322
1273
1282
1255
1289
1303
1324
1323
1345
1340
1321
1308
1305
1275
1267
1293
1310
1300
1303
1306
1259
1256
1255
1260
1263
1257
1279
1284
1314
1325
1334
1353
1357
1347
1359
1367
1362
1365
1358
1412
1424
1457
1474
1456
1437
1469
1465
1440
1437
1424
1421
1417
1422
1453
1350
1397
1378
1359
1340
1322
1312
1288
1282
1341
1280
1302
1293
1288
1267
1302
1281
1273
1298
1276
1270
1288
1329
1340
1333
1374
1386
1378
1381
1358
1361
1350
1369
1412
1452
1500
1504
1533
1542
1536
1512
1509
1510
1482
1495
1529
1556
1557
1563
1574
1544
1501
1468
1411
1364
1334
1352
1344
1402
1431
1420
1416
1353
1315
1271
1243
1214
1227
1267
1321
1353
1386
1389
1368
1326
1305
1288
1243
1259
1280
1330
1371
1411
1444
1421
1414
1384
