1078
1281
1478
1312
1469
1310
1450
1273
1206
1271
1238
1262
1199
1267
1239
1254
1237
1259
1231
1262
1238
1259
1208
1268
1231
1261
1252
1262
1179
1256
1231
1258
1237
1259
1244
1258
1240
1253
1236
1253
1208
1256
1236
1250
1225
1254
1260
1252
1232
1245
1228
1230
1229
1272
1238
1261
1203
1259
1243
1252
1232
1257
1224
1247
1229
1257
1263
1264
1243
1264
1218
1261
1227
1240
1236
1260
1198
1262
1216
1266
1238
1265
1218
1231
1215
1248
1199
1267
1271
1265
1197
1266
1226
1262
1207
1266
1213
1258
1261
1261
1220
1292
1222
1265
1196
1263
1233
1261
1222
1269
1222
1257
1242
1262
1242
1267
1213
1283
1229
1264
1228
1258
1200
1253
1210
1252
1224
1254
1217
1273
1219
1241
1207
1252
1220
1253
1222
1252
1200
1250
1224
1250
1207
1252
1211
1243
1248
1250
1222
1274
1224
1236
1122
1279
1177
1252
1236
1253
1215
1249
1243
1254
1223
1263
1256
1258
1210
1255
1218
1258
1213
1258
1224
1254
1280
1261
1175
1267
1200
1257
1216
1264
1214
1296
1225
1254
1192
1271
1197
1271
1208
1265
1228
1257
1220
1278
1060
1296
1156
1280
1190
1273
1217
1272
1229
1244
1221
1269
1189
1272
1163
1275
1243
1268
1240
1266
1223
1287
1170
1277
1185
1270
1210
1265
1208
1269
1230
1263
1227
1264
1190
1304
1227
1265
1218
1260
1225
1260
1339
1253
1263
1254
1254
1261
1261
1273
1253
1268
1226
1267
1237
1252
1237
1262
1218
1259
1229
1263
1242
1264
1177
1271
1240
1262
1263
1260
1257
1264
1216
1269
1235
1245
1226
1260
1231
1256
1216
1262
1238
1282
1241
1269
1220
1272
1195
1280
1283
1274
1228
1270
1250
1278
1239
1285
1234
1282
1273
1273
1255
1280
1245
1281
1222
1275
1186
1280
1285
1276
1218
1262
1212
1253
1198
1256
1192
1251
1170
1248
1202
1245
1200
1246
1180
1242
1212
1250
1157
1281
1212
1263
1253
1288
1236
1286
1252
1291
1258
1301
1253
1306
1269
1300
1267
1300
1283
1299
1267
1289
1376
1304
1217
1294
1280
1281
1294
1276
1290
1229
1269
1246
1173
1246
1226
1260
1171
1267
1192
1281
1205
1304
1177
1314
1278
1346
1206
1350
1217
1374
1276
1374
1295
1368
1308
1343
1358
1338
1388
1310
1396
1282
1388
1206
1316
1252
1336
1224
1373
1200
1261
1175
1284
1150
1313
1114
1265
1093
1217
1091
1126
1034
1134
1067
990
1077
937
1070
782
1143
844
1124
853
1161
865
1172
897
1196
914
1214
956
1245
965
1274
968
1313
1019
1354
1075
1394
1139
1410
1259
1408
1335
1392
1451
1359
1499
1324
1561
1267
1605
1263
1575
1241
1557
1245
1541
1229
1510
1274
1374
1274
1399
1285
1419
1293
1291
1295
1224
1315
1191
1327
1070
1360
1078
1378
1061
1403
1027
1430
998
1436
890
1458
1046
1426
945
1399
983
1402
999
1381
1048
1364
1099
1352
1215
1328
1299
1307
1369
1274
1362
1285
1501
1245
1542
1225
1583
1198
1625
1183
1602
1173
1558
1154
1502
1151
1435
1144
1375
1158
1333
1161
1300
1168
1296
1192
1318
1176
1304
1174
1317
1175
1242
1128
1227
1166
1202
1143
1212
1171
1213
1170
1203
1176
1235
1192
1168
1197
1213
1203
1206
1204
1163
1230
1144
1252
1139
1269
1123
1302
1129
1331
1116
1361
1090
1374
954
1400
1082
1403
960
1399
920
1400
940
1390
998
1372
1036
1357
1088
1330
1141
1321
1189
1283
1249
1297
1207
1289
1307
1264
1360
1255
1338
1243
1363
1241
1401
1234
1414
1215
1412
1221
1433
1215
1451
1209
1441
1212
1426
1223
1480
1216
1335
1224
1308
1243
1236
1251
1161
1267
1064
1273
1043
1273
1047
1283
1068
1272
1132
1279
1178
1279
1266
1296
1242
1280
1285
1280
1303
1282
1276
1272
1283
1291
1285
1250
1260
1264
1319
1254
1285
1254
1272
1256
1247
1233
1258
1227
1193
1222
1197
1216
1187
1217
1143
1241
1121
1261
1049
1276
1064
1288
1029
1305
1035
1308
984
1328
1095
1338
1117
1338
1175
1350
1261
1354
1296
1351
1256
1380
1381
1357
1405
1346
1432
1324
1474
1313
1518
1312
1536
1281
1573
1266
1569
1250
1485
1247
1502
1224
1393
1226
1303
1249
1249
1215
1208
1207
1201
1190
1279
1198
1190
1182
1146
1190
1123
1208
1101
1184
1127
1223
1146
1228
1173
1261
1202
1278
1242
1284
1245
1285
1275
1252
1228
1282
1152
1279
1124
1269
1110
1270
1118
1265
1148
1264
1144
1256
1138
1254
1112
1280
1079
1245
1060
1238
1110
1242
1116
1241
1155
1242
1151
1258
1198
1262
1218
1282
1211
1300
1222
1294
1235
1285
1236
1286
1280
1292
1397
1310
1379
1309
1426
1352
1429
1374
1435
1394
1364
1404
1321
1409
1322
1411
1344
1389
1354
1376
1442
1370
1445
1331
1384
1277
1361
1262
1388
1237
1360
1217
1360
1205
1374
1212
1354
1214
1344
1220
1342
1217
1294
1221
1285
1228
1166
1244
1120
1241
1194
1247
1191
1264
1179
1316
1208
1283
1116
1293
1137
1286
1086
1279
1071
1258
1115
1252
1140
1246
1125
1235
1172
1215
1225
1208
1227
1205
1240
1191
1256
1186
1223
1178
1233
1170
1257
1163
1190
1172
1268
1175
1309
1170
1290
1187
1230
1199
1220
1201
1193
1222
1129
1262
1182
1262
1160
1276
1184
1286
1296
1315
1211
1327
1077
1345
1082
1362
1037
1359
1044
1355
1081
1348
1130
1326
1200
1325
1257
1316
1291
1311
1294
1303
1256
1290
1301
1308
1347
1319
1335
1309
1341
1328
1370
1332
1371
1332
1334
1331
1237
1328
1178
1317
1080
1343
1109
1282
1098
1279
1158
1266
1179
1264
1236
1236
1247
1253
1297
1241
1275
1240
1298
1229
1287
1222
1328
1232
1370
1232
1468
1230
1421
1239
1411
1244
1366
1245
1295
1240
1308
1244
1262
1233
1244
1253
1268
1269
1275
1280
1239
1316
1249
1306
1207
1310
1259
1307
1201
1282
1196
1306
1220
1289
1244
1282
1295
1265
1308
1252
1306
1271
1272
1220
1313
1209
1266
1206
1230
1202
1256
1192
1257
1181
1258
1228
1190
1217
1255
1237
1219
1244
1170
1232
1127
1251
1128
1256
1115
1250
1123
1276
1146
1282
1135
1284
1118
1283
1150
1282
1134
1286
1151
1228
1252
1295
1242
1318
1283
1328
1334
1317
1374
1319
1393
1316
1366
1298
1382
1285
1353
1240
1359
1262
1336
1252
1415
1240
1350
1234
1312
1222
1294
1210
1180
1196
1135
1183
1113
1190
1105
1180
1126
1185
1118
1188
1133
1201
1130
1212
1153
1206
1151
1240
1074
1263
1108
1286
1130
1305
1219
1312
1281
1325
1351
1317
1358
1330
1342
1312
1340
1337
1226
1348
1267
1341
1282
1343
1285
1334
1306
1330
1318
1303
1302
1303
1251
1277
1219
1249
1134
1248
1217
1213
1206
1203
1277
1200
1334
1202
1345
1211
1339
1218
1334
1240
1255
1251
1291
1266
1321
1286
1272
1288
1358
1318
1398
1313
1408
1332
1312
1325
1273
1289
1227
1295
1167
1274
1129
1265
1185
1250
1220
1247
1282
1238
1337
1224
1220
1224
1214
1220
1195
1221
1236
1225
1229
1216
1272
1216
1330
1222
1349
1238
1321
1229
1335
1219
1161
1239
1154
1230
1125
1238
1110
1244
1081
1258
1182
1259
1192
1263
1174
1267
1091
1268
1046
1276
1142
1259
1080
1229
1121
1270
1162
1275
1222
1279
1249
1278
1268
1280
1242
1298
1247
1281
1258
1285
1292
1301
1366
1305
1425
1313
1429
1325
1424
1337
1408
1342
1354
1337
1297
1326
1223
1339
1235
1311
1266
1306
1280
1299
1225
1295
1350
1267
1325
1256
1303
1217
1249
1230
1231
1213
1229
1221
1225
1224
1261
1224
1288
1254
1201
1262
1296
1251
1211
1272
1169
1256
1139
1259
1142
1257
1165
1266
1227
1259
1223
1265
1237
1276
1115
1284
1219
1260
1165
1251
1150
1245
1166
1246
1218
1249
1185
1254
1305
1251
1322
1253
1294
1281
1176
1271
1280
1226
1246
1231
1254
1230
1286
1218
1294
1234
1286
1240
1287
1232
1220
1228
1172
1223
1083
1232
1137
1215
1128
1241
1147
1264
1195
1277
1203
1285
1190
1307
1166
1293
1126
1281
1106
1268
1104
1264
1154
1265
1341
1261
1354
1306
1356
1276
1303
1274
1280
1276
1243
1285
1196
1273
1226
1278
1251
1290
1274
1277
1378
1305
1285
1302
1239
1292
1202
1287
1158
1250
1134
1283
1122
1242
1146
1284
1252
1289
1296
1295
1313
1300
1237
1322
1302
1307
1250
1280
1256
1278
1260
1296
1278
1272
1308
1273
1396
1271
1403
1273
1395
1307
1381
1266
1234
1271
1221
1265
1212
1264
1254
1262
1295
1267
1293
1277
1328
1281
1288
1280
1238
1247
1232
1267
1135
1269
1158
1269
1198
1265
1263
1267
1327
1261
1277
1258
1302
1259
1242
1264
1194
1243
1245
1224
1157
1237
1213
1252
1265
1255
1302
1272
1304
1277
1305
1283
1249
1269
1223
1258
1206
1241
1297
1222
1215
1246
1306
1242
1329
1231
1288
1233
1237
1230
1195
1233
1128
1218
1137
1218
1165
1232
1200
1236
1337
1270
1296
1279
1293
1290
1284
1287
1223
1272
1199
1274
1208
1265
1214
1271
1275
1270
1300
1275
1292
1298
1336
1286
1249
1284
1180
1280
1118
1281
1159
1258
1189
1280
1254
1282
1306
1262
1329
1276
1270
1268
1219
1250
1102
1256
1170
1222
1138
1229
1180
1234
1232
1253
1237
1273
1274
1279
1293
1290
1243
1294
1197
1295
1152
1315
1228
1286
1253
1308
1314
1312
1345
1314
1303
1328
1339
1302
1306
1307
1227
1297
1218
1289
1213
1287
1312
1292
1342
1292
1400
1300
1414
1298
1364
1280
1325
1265
1226
1252
1177
1249
1178
1238
1221
1242
1287
1246
1317
1259
1328
1273
1388
1268
1262
1249
1224
1258
1187
1248
1252
1261
1228
1266
1295
1261
1321
1264
1361
1261
1247
1268
1186
1244
1113
1257
1093
1257
1148
1253
1206
1256
1313
1262
1313
1280
1299
1283
1268
1276
1191
1275
1188
1299
1137
1250
1216
1260
1263
1266
1368
1272
1353
1274
1322
1283
1255
1226
1193
1262
1124
1250
1136
1252
1098
1248
1264
1236
1287
1244
1351
1255
1332
1277
1262
1282
1194
1279
1163
1300
1112
1283
1213
1296
1278
1304
1396
1314
1356
1334
1332
1321
1243
1321
1210
1306
1153
1297
1211
1276
1197
1274
1299
1267
1323
1243
1350
1273
1298
1293
1236
1267
1211
1251
1163
1236
1214
1239
1259
1232
1331
1258
1373
1264
1375
1268
1340
1265
1250
1259
1182
1222
1205
1218
1195
1213
1221
1236
1245
1235
1296
1275
1253
1298
1247
1306
1222
1301
1155
1289
1158
1287
1104
1246
1184
1272
1286
1285
1334
1287
1328
1291
1279
1275
1225
1274
1171
1260
1169
1249
1198
1256
1338
1251
1370
1275
1339
1286
1352
1308
1262
1283
1169
1244
1100
1232
1090
1226
1111
1221
1172
1229
1254
1236
1337
1284
1337
1249
1174
1274
1197
1252
1141
1251
1171
1219
1217
1243
1285
1258
1345
1263
1376
1268
1337
1286
1264
1285
1260
1269
1109
1284
1164
1279
1196
1272
1220
1290
1312
1295
1334
1301
1315
1317
1235
1293
1174
1282
1215
1273
1187
1231
1265
1263
1278
1248
1394
1269
1343
1277
1329
1290
1256
1284
1228
1273
1196
1271
1237
1261
1260
1270
1374
1273
1309
1312
1393
1285
1350
1292
1253
1259
1170
1273
1157
1252
1125
1252
1261
1255
1311
1263
1357
1262
1417
1291
1288
1292
1221
1284
1150
1284
1134
1266
1169
1262
1216
1280
1305
1283
1343
1312
1335
1302
1219
1310
1231
1286
1148
1271
1162
1259
1191
1172
1263
1246
1333
1252
1373
1255
1324
1266
1265
1265
1269
1232
1080
1231
1214
1220
1204
1209
1256
1234
1349
1239
1402
1261
1380
1264
1316
1269
1242
1273
1185
1270
1148
1269
1176
1229
1302
1279
1425
1286
1368
1292
1336
1303
1244
1284
1147
1244
1105
1257
1113
1233
1152
1246
1152
1253
1285
1252
1309
1271
1279
1265
1215
1273
1114
1263
1134
1202
1124
1236
1194
1237
1279
1245
1346
1271
1308
1272
1322
1276
1210
1269
1126
1263
1114
1251
1147
1255
1212
1245
1308
1272
1377
1283
1377
1297
1338
1304
1247
1296
1161
1297
1146
1282
1190
1268
1224
1279
1324
1260
1389
1291
1346
1312
1294
1310
1206
1310
1164
1303
1061
1283
1197
1260
1265
1272
1322
1281
1374
1296
1363
1307
1299
1300
1207
1300
1140
1281
1124
1262
1199
1249
1315
1241
1374
1273
1383
1279
1383
1298
1294
1296
1209
1285
1149
1298
1180
1244
1259
1270
1248
1231
1467
1250
1396
1278
1348
1263
1303
1272
1142
1260
1106
1240
1089
1226
1168
1239
1217
1236
1327
1249
1342
1267
1294
1292
1223
1279
1110
1283
1080
1257
1120
1232
1182
1229
1231
1255
1282
1259
1337
1278
1314
1280
1241
1269
1137
1282
1125
1252
1187
1211
1196
1259
1314
1232
1387
1276
1337
1291
1339
1305
1265
1294
1179
1275
1150
1225
1162
1274
1287
1256
1239
1259
1388
1268
1364
1290
1292
1292
1209
1295
1106
1282
1091
1273
1115
1249
1232
1256
1303
1271
1399
1271
1365
1302
1296
1304
1190
1293
1114
1290
1098
1275
1149
1227
1250
1237
1392
1246
1411
1274
1306
1281
1285
1299
1213
1286
1120
1278
1108
1254
1170
1237
1242
1253
1322
1256
1379
1276
1305
1297
1260
1306
1050
1310
1091
1262
1087
1250
1163
1241
1219
1227
1305
1253
1374
1275
1312
1283
1243
1287
1215
1275
1054
1260
1094
1278
1161
1258
1195
1247
1426
1263
1347
1282
1308
1298
1223
1294
1116
1280
1080
1257
1102
1228
1195
1232
1276
1248
1378
1255
1383
1274
1336
1280
1259
1286
1122
1263
1095
1247
1092
1259
1192
1217
1223
1274
1386
1269
1382
1289
1288
1308
1211
1309
1113
1284
1064
1253
1113
1236
1184
1231
1336
1259
1244
1267
1374
1288
1257
1301
1220
1290
1083
1289
1060
1240
1145
1252
1187
1244
1421
1266
1383
1282
1326
1269
1278
1311
1180
1314
1079
1259
1067
1239
1128
1278
1246
1264
1318
1272
1418
1283
1395
1311
1291
1314
1227
1301
1135
1296
1092
1320
1156
1273
1243
1233
1529
1265
1383
1264
1351
1253
1238
1302
1188
1292
1068
1267
1090
1246
1214
1247
1235
1233
1397
1286
1459
1296
1367
1301
1289
1312
1235
1321
1161
1277
1142
1276
1197
1264
1268
1243
1505
1255
1410
1279
1339
1294
1231
1304
1151
1293
1130
1273
1098
1257
1230
1219
1254
1227
1367
1245
1434
1277
1334
1270
1264
1281
1159
1263
1153
1212
1092
1239
1207
1207
1248
1226
1383
1254
1384
1297
1282
1273
1175
1298
1045
1277
1127
1236
1103
1206
1167
1196
1227
1233
1440
1261
1352
1269
1247
1284
1192
1283
1044
1286
1120
1275
1100
1226
1255
1261
1208
1220
1363
1266
1318
1289
1264
1289
1185
1314
1046
1297
1064
1252
1153
1231
1251
1250
1197
1235
1376
1281
1365
1305
1257
1315
1187
1315
1074
1308
1046
1300
1156
1265
1251
1247
1222
1173
1392
1281
1339
1295
1231
1317
1154
1304
1070
1288
1069
1266
1198
1250
1288
1258
1217
1225
1349
1284
1364
1292
1246
1300
1192
1294
1100
1299
1102
1279
1230
1260
1269
1213
1261
1281
1436
1247
1366
1284
1244
1296
1182
1287
1112
1277
1108
1256
1218
1231
1306
1239
1220
1284
1490
1268
1328
1279
1218
1300
1146
1268
1118
1290
1060
1260
1226
1221
1313
1249
1161
1278
1456
1286
1305
1301
1194
1315
1080
1291
1127
1316
1141
1254
1257
1247
1310
1237
1227
1283
1470
1289
1287
1298
1178
1319
1035
1304
1129
1267
1093
1250
1281
1275
1268
1215
1167
1283
1414
1257
1258
1292
1149
1295
1028
1274
1159
1221
1108
1209
1266
1240
1310
1217
1222
1269
1416
1273
1246
1290
1150
1295
999
1289
1148
1263
1158
1226
1247
1215
1244
1232
1233
1276
1369
1279
1191
1287
1114
1297
1014
1282
1162
1288
1194
1262
1260
1203
1299
1226
1358
1294
1401
1293
1241
1305
1203
1304
1072
1300
1178
1273
1266
1247
1312
1225
1273
1225
1499
1290
1367
1289
1216
1304
1189
1298
1071
1272
1090
1253
1275
1219
1339
1235
1258
1227
1524
1283
1366
1291
1211
1297
1161
1290
1084
1297
1168
1293
1258
1274
1294
1215
1296
1238
1480
1300
1330
1286
1177
1327
1138
1309
1052
1306
1114
1279
1284
1203
1331
1215
1202
1188
1475
1252
1283
1245
1159
1264
1098
1235
1090
1254
1122
1220
1286
1200
1341
1219
1209
1198
1478
1276
1303
1303
1174
1312
1089
1294
1180
1304
1182
1296
1336
1258
1308
1207
1215
1198
1447
1317
1237
1320
1104
1334
1004
1314
1072
1314
1097
1268
1267
1243
1245
1193
1128
1178
1356
1279
1215
1296
1094
1315
1018
1288
1156
1295
1162
1277
1336
1221
1372
1243
1189
1270
1465
1313
1283
1324
1190
1337
1064
1310
1227
1317
1258
1243
1386
1231
1348
1208
1159
1233
1408
1274
1213
1312
1134
1326
1039
1302
1209
1308
1195
1281
1325
1217
1309
1227
1091
1251
1358
1279
1182
1299
1110
1293
1042
1274
1222
1237
1243
1235
1384
1241
1319
1190
1144
1264
1351
1288
1194
1307
1131
1325
1083
1288
1280
1246
1299
1292
1417
1251
1317
1186
1126
1273
1370
1282
1207
1289
1161
1294
1104
1291
1346
1273
1305
1236
1361
1220
1299
1197
1072
1266
1291
1292
1147
1312
1111
1311
1062
1304
1267
1271
1247
1244
1291
1208
1235
1225
1028
1305
1249
1284
1120
1325
1103
1314
1082
1302
1269
1280
1314
1264
1331
1207
1246
1208
1320
1290
1275
1306
1140
1328
1139
1306
1157
1310
1353
1225
1353
1261
1395
1239
1245
1185
1382
1295
1227
1297
1106
1302
1114
1286
1129
1259
1269
1211
1359
1185
1332
1198
1172
1173
1366
1265
1216
1273
1097
1291
1079
1269
1143
1288
1191
1213
1316
1246
1313
1198
1181
1180
1383
1304
1208
1316
1127
1336
1027
1318
1213
1333
1261
1250
1404
1242
1381
1248
1153
1242
1400
1298
1199
1309
1128
1323
1064
1291
1256
1301
1310
1257
1421
1217
1394
1238
1130
1187
1374
1298
1187
1310
1116
1322
1049
1307
1222
1313
1257
1284
1335
1229
1321
1238
1101
1223
1357
1293
1144
1308
1080
1319
1051
1286
1259
1293
1269
1291
1382
1203
1287
1200
1042
1265
1298
1292
1137
1298
1106
1305
1079
1284
1295
1256
1341
1255
1427
1213
1284
1159
1057
1249
1309
1272
1145
1291
1109
1302
1079
1282
1305
1225
1285
1196
1337
1174
1252
1196
1023
1262
1220
1258
1071
1292
1066
1297
1054
1285
1292
1219
1297
1209
1384
1217
1212
1185
1241
1266
1241
1297
1102
1318
1117
1313
1129
1311
1300
1269
1357
1280
1406
1241
1291
1220
1342
1320
1217
1346
1102
1349
1127
1331
1117
1331
1220
1257
1395
1238
1406
1259
1188
1218
1364
1307
1196
1312
1076
1291
1090
1301
1146
1325
1164
1276
1395
1221
1381
1236
1160
1221
1373
1292
1185
1295
1093
1313
1031
1286
1208
1292
1263
1221
1376
1245
1411
1207
1215
1192
1414
1273
1203
1276
1113
1320
1066
1274
1237
1273
1268
1238
1429
1234
1352
1169
1171
1176
1343
1260
1144
1277
1058
1231
737
1333
1432
1265
1276
1248
1390
1210
1327
1211
1082
1255
1289
1289
1103
1303
1035
1312
758
1338
1373
1259
1264
1250
1385
1266
1248
1233
1041
1291
1274
1314
1089
1321
1047
1271
1134
1343
1408
1292
1326
1222
1394
1219
1314
1233
1199
1286
1309
1293
1141
1304
775
1235
1150
1342
1376
1286
1373
1266
1370
1214
1290
1218
1511
1303
1284
1306
1115
1307
835
1212
1175
1324
1163
1240
1340
1209
1407
1233
1266
1179
1436
1285
1248
1294
1099
1307
710
1229
1170
1336
1319
1281
1343
1209
1424
1218
1274
1266
1484
1281
1247
1288
1103
1242
737
1208
1330
1322
1252
1231
1388
1254
1370
1224
1265
1316
1443
1295
1213
1299
1070
1277
730
1250
1341
1340
1234
1233
1394
1249
1370
1224
1417
1291
1419
1291
1182
1292
1058
1198
709
1225
1362
1332
1232
1223
1348
1259
1383
1216
1557
1304
1404
1302
1176
1306
1069
1215
739
1315
1402
1312
1270
1224
1402
1239
1346
1196
1554
1295
1380
1291
1168
1298
738
1192
808
1280
1462
1313
1268
1194
1439
1219
1376
1161
1605
1260
1364
1255
1137
1265
731
1190
739
1271
1413
1268
1266
1241
1349
1197
1338
1163
1531
1285
1280
1252
1068
1302
581
1253
725
1327
1446
1291
1256
1228
1381
1189
1305
1308
1541
1289
1294
1297
1104
1304
697
1211
839
1326
1526
1282
1320
1221
1445
1252
1360
1281
1582
1301
1287
1302
1088
1231
680
1268
823
1317
1543
1263
1358
1241
1413
1200
1300
1297
1506
1307
1258
1308
1083
1279
670
1208
1163
1345
1291
1278
1351
1222
1472
1222
1384
1310
1534
1322
1267
1343
1084
1249
727
1306
1194
1358
1564
1250
1396
1260
1435
1215
1692
1309
1549
1301
1249
1304
1082
1251
679
1223
1320
1328
1206
1226
1412
1233
1413
1172
1612
1280
1434
1270
1172
1277
637
1216
659
1188
1335
1305
1283
1228
1385
1172
1436
1163
1676
1279
1432
1285
1141
1285
734
1234
737
1262
1355
1319
1245
1240
1370
1224
1417
1216
1642
1301
1381
1298
1134
1312
592
1254
730
1299
1418
1332
1296
1258
1450
1217
1392
1258
1651
1287
1374
1304
1125
1249
645
1259
727
1294
1435
1361
1310
1257
1440
1273
1377
1315
1652
1335
1384
1307
1139
1301
663
1255
767
1264
1526
1353
1362
1261
1485
1198
1552
1291
1643
1295
1358
1299
1091
1199
670
1249
733
1311
1499
1233
1286
1189
1389
1150
1733
1232
1545
1263
1245
1284
1027
1228
593
1225
753
1311
1492
1224
1322
1250
1445
1246
1739
1300
1540
1319
1266
1324
703
1263
682
1304
1186
1356
1628
1279
1420
1226
1489
1199
1794
1288
1587
1289
1255
1293
711
1230
673
1216
1100
1304
1421
1192
1369
1215
1421
1195
1699
1282
1455
1289
1167
1303
543
1231
633
1252
1172
1337
1482
1225
1338
1197
1349
1298
1537
1312
1389
1318
1174
1325
554
1244
688
1242
1343
1319
1296
1220
1439
1174
1467
1247
1659
1259
1459
1276
1158
1198
630
1241
711
1252
1390
1294
1282
1192
1432
1224
1587
1291
1661
1308
1390
1325
1152
1306
656
1290
739
1345
1472
1351
1345
1208
1471
1233
1561
1287
1655
1321
1382
1334
1071
1279
615
1253
794
1316
1495
1349
1367
1240
1511
1200
1829
1234
1640
1296
1343
1307
1061
1255
601
1277
761
1361
1478
1332
1241
1222
1398
1232
1728
1273
1525
1323
1249
1349
1049
1296
644
1323
796
1368
1586
1295
1379
1209
1496
1186
1817
1224
1619
1281
1327
1287
766
1232
718
1210
946
1289
1643
1164
1473
1166
1546
1172
1561
1227
1569
1255
1261
1288
751
1235
669
1245
1188
1329
1392
1201
1351
1213
1363
1179
1560
1269
1421
1288
1150
1305
555
1219
694
1269
1255
1321
1522
1189
1413
1180
1411
1226
1625
1278
1434
1309
1158
1330
615
1236
693
1292
1213
1382
1388
1253
1338
1210
1347
1266
1556
1291
1338
1270
1075
1278
541
1259
615
1251
1314
1329
1217
1205
1335
1205
1576
1250
1579
1285
1348
1303
1102
1305
637
1288
762
1250
1448
1305
1336
1218
1438
1174
1809
1214
1672
1278
1404
1305
1163
1222
708
1290
852
1332
1509
1346
1313
1206
1454
1175
1811
1229
1622
1296
1352
1308
1111
1234
655
1283
740
1287
1489
1309
1289
1216
1421
1149
1709
1221
1564
1267
1252
1300
680
1216
661
1280
807
1350
1535
1358
1323
1194
1463
1234
1595
1268
1613
1303
1338
1323
780
1275
734
1266
898
1335
1560
1241
1287
1186
1359
1233
1463
1226
1470
1253
1201
1283
615
1220
680
1226
1057
1324
1555
1233
1343
1178
1433
1235
1511
1237
1512
1270
1249
1308
720
1273
690
1246
1289
1368
1444
1267
1288
1212
1332
1258
1492
1281
1393
1314
1154
1237
649
1275
707
1283
1362
1334
1413
1244
1320
1182
1590
1187
1598
1251
1440
1277
1213
1247
684
1259
786
1296
1388
1365
1408
1237
1329
1163
1723
1238
1554
1307
1351
1340
1131
1287
707
1345
822
1408
1449
1408
1255
1258
1333
1205
1728
1219
1581
1292
1375
1318
1167
1256
737
1297
856
1252
1513
1311
1330
1237
1405
1143
1763
1199
1609
1245
1399
1264
845
1222
791
1215
1107
1332
1566
1270
1283
1172
1374
1174
1712
1194
1564
1246
1344
1276
830
1238
742
1283
916
1361
1535
1296
1260
1234
1301
1136
1503
1222
1502
1271
1294
1300
744
1208
778
1302
1115
1353
1595
1240
1312
1172
1333
1215
1334
1229
1522
1266
1300
1305
743
1262
732
1261
1234
1376
1491
1281
1197
1197
1180
1251
1336
1257
1388
1271
1202
1236
654
1233
798
1288
1313
1345
1511
1199
1249
1158
1242
1237
1364
1229
1396
1268
1227
1220
758
1290
800
1307
1466
1371
1336
1243
1369
1219
1364
1285
1574
1293
1504
1316
1285
1279
812
1274
975
1328
1534
1374
1298
1223
1340
1214
1644
1211
1555
1262
1410
1280
1211
1209
776
1280
963
1346
1507
1356
1261
1243
1313
1163
1517
1218
1537
1269
1389
1274
1245
1251
777
1250
917
1356
1500
1383
1199
1268
1250
1247
1537
1268
1460
1320
1324
1348
848
1319
792
1327
1008
1404
1603
1349
1318
1302
1323
1210
1450
1238
1568
1260
1414
1282
993
1236
937
1204
1139
1314
1695
1223
1384
1199
1350
1167
1519
1200
1554
1253
1371
1270
805
1233
819
1319
905
1379
1507
1269
1153
1225
1115
1255
1142
1221
1305
1245
1190
1271
669
1161
792
1193
1373
1310
1557
1211
1242
1179
1292
1189
1380
1202
1518
1236
1359
1220
884
1248
1285
1257
1432
1374
1586
1296
1254
1260
1351
1280
1305
1299
1352
1321
1191
1318
677
1269
828
1354
1411
1378
1165
1223
1215
1205
1217
1229
1352
1234
1341
1256
1153
1176
783
1260
985
1217
1482
1333
1239
1208
1259
1198
1564
1232
1455
1276
1389
1314
1266
1259
824
1296
1038
1315
1516
1405
1262
1303
1273
1250
1472
1280
1415
1311
1345
1325
880
1275
850
1349
924
1330
1541
1335
1205
1187
1274
1177
1584
1180
1474
1215
1364
1233
900
1157
947
1280
1079
1269
1703
1316
1333
1200
1370
1196
1644
1230
1535
1287
1370
1317
776
1240
1211
1335
947
1379
1515
1272
1146
1263
1082
1204
1289
1248
1304
1282
1182
1297
687
1212
988
1252
993
1347
1599
1320
1276
1216
1239
1287
1372
1252
1505
1294
1384
1226
894
1254
1269
1282
1104
1358
1636
1272
1230
1196
1125
1258
1282
1226
1316
1261
1206
1266
769
1215
1160
1256
1332
1353
1485
1258
1215
1241
1182
1269
1296
1254
1395
1267
1295
1227
883
1251
1155
1229
1460
1323
1531
1259
1309
1219
1608
1216
1315
1270
1413
1298
1316
1259
863
1342
1007
1310
1533
1377
1216
1275
1149
1200
1369
1249
1281
1264
1251
1270
1172
1169
787
1241
922
1287
1487
1324
1214
1233
1173
1177
1531
1224
1379
1296
1363
1329
925
1262
1149
1363
1114
1398
1656
1387
1315
1288
1288
1232
1627
1280
1469
1306
1390
1309
1009
1260
947
1306
1065
1221
1657
1282
1274
1199
1239
1212
1371
1194
1425
1239
1313
1257
866
1211
1315
1240
1046
1236
1599
1299
1186
1234
1187
1277
1148
1262
1351
1288
1254
1314
809
1265
1230
1301
952
1345
1517
1256
1110
1234
1044
1326
1131
1274
1284
1311
1206
1251
787
1254
1105
1261
1038
1312
1577
1246
1189
1193
1262
1208
1287
1224
1405
1264
1336
1248
917
1205
1184
1230
1484
1324
1576
1254
1311
1238
1327
1291
1317
1273
1426
1315
1264
1231
836
1315
963
1227
1341
1335
1329
1214
1137
1202
1346
1223
1171
1255
1315
1239
1230
1190
853
1334
1028
1253
1525
1335
1257
1261
1221
1205
1390
1281
1351
1307
1425
1320
972
1247
1301
1338
1070
1276
1614
1318
1290
1205
1259
1150
1586
1200
1393
1251
1339
1284
887
1240
1158
1311
1005
1236
1491
1333
1170
1212
1183
1262
1294
1258
1354
1313
1312
1327
962
1267
984
1335
1005
1286
1529
1315
1215
1211
1244
1185
1538
1248
1460
1293
1359
1321
898
1256
1334
1277
1030
1339
1584
1339
1248
1248
1177
1325
1253
1248
1399
1312
1312
1312
823
1221
1336
1220
1090
1298
1641
1196
1259
1218
1238
1270
1279
1217
1430
1260
1314
1210
785
1203
1209
1226
1017
1271
1571
1211
1125
1201
1134
1261
1135
1226
1302
1272
1219
1239
788
1222
970
1246
1327
1322
1279
1203
1168
1201
1084
1273
1240
1284
1349
1320
1257
1233
858
1336
977
1276
1352
1337
1342
1232
1144
1210
1368
1260
1247
1278
1375
1291
1291
1231
926
1297
987
1265
1250
1344
1319
1259
1162
1234
1519
1290
1292
1338
1313
1346
899
1257
1240
1354
932
1262
1476
1343
1177
1246
1174
1242
1516
1233
1417
1297
1384
1305
976
1198
1290
1305
1055
1235
1625
1312
1295
1210
1225
1162
1341
1262
1422
1306
1387
1319
887
1249
1355
1280
1017
1291
1540
1270
1142
1227
1162
1172
1412
1238
1390
1299
1315
1312
855
1255
1322
1257
1024
1280
1512
1275
1185
1204
1186
1214
1292
1240
1441
1277
1358
1246
860
1276
1339
1242
1017
1300
1588
1224
1172
1242
1140
1246
1244
1289
1372
1340
1258
1314
779
1332
1170
1295
996
1337
1518
1243
1155
1219
1119
1290
1268
1276
1374
1300
1307
1261
800
1250
1040
1197
1029
1275
1542
1221
1130
1183
1498
1247
1259
1299
1377
1327
1303
1272
1021
1345
979
1240
1361
1347
1336
1251
1214
1238
1382
1251
1314
1279
1438
1286
1343
1216
899
1273
1012
1208
1281
1269
1249
1168
1181
1167
1529
1239
1303
1291
1388
1313
944
1273
1320
1326
992
1228
1530
1359
1177
1206
1156
1222
1512
1259
1345
1304
1350
1311
852
1202
1206
1284
877
1223
1438
1312
1097
1195
1117
1212
1372
1248
1324
1290
1272
1299
796
1216
1272
1254
971
1243
1534
1308
1163
1209
1133
1223
1433
1257
1409
1319
1316
1329
795
1232
1285
1281
943
1281
1524
1289
1150
1262
1171
1270
1246
1252
1391
1292
1294
1242
830
1290
1307
1227
1045
1234
1577
1266
1210
1213
1304
1262
1379
1203
1488
1309
1404
1282
927
1325
1315
1297
1049
1324
1586
1262
1185
1238
1159
1290
1278
1262
1383
1300
1202
1196
984
1311
1053
1250
994
1297
1550
1221
1229
1222
1507
1220
1271
1258
1415
1300
1317
1248
1029
1306
963
1239
1257
1305
1262
1155
1179
1215
1274
1269
1293
1285
1353
1307
1286
1250
903
1320
994
1251
1270
1330
1259
1242
1206
1200
1552
1274
1257
1306
1372
1326
931
1256
1286
1352
1020
1244
1505
1339
1174
1231
1192
1224
1518
1286
1377
1328
1363
1347
966
1274
1314
1332
1033
1269
1547
1352
1215
1253
1234
1195
1405
1266
1414
1315
1381
1313
825
1223
1345
1280
1034
1247
1573
1297
1229
1242
1201
1208
1541
1226
1420
1291
1357
1294
854
1208
1327
1234
1011
1183
1555
1218
1184
1202
1180
1274
1311
1246
1420
1300
1335
1262
875
1309
1330
1214
1051
1224
1589
1257
1190
1224
1282
1251
1357
1224
1371
1290
1276
1241
794
1308
1141
1251
972
1324
1492
1256
1111
1241
1104
1300
1104
1247
1366
1318
1251
1259
1115
1340
1116
1263
1037
1316
1564
1228
1221
1192
1488
1270
1316
1262
1400
1307
1301
1245
1183
1316
982
1252
1270
1312
1199
1214
1174
1188
1257
1286
1249
1285
1324
1309
855
1252
1209
1334
946
1272
1058
1340
1196
1212
1148
1215
1542
1260
1287
1317
1393
1322
941
1216
1321
1324
988
1202
1498
1307
1187
1205
1170
1192
1501
1215
1312
1290
1382
1309
967
1221
1343
1301
1029
1253
1557
1341
1262
1225
1298
1221
1609
1281
1478
1351
1439
1335
922
1286
1384
1259
1007
1220
1491
1305
1178
1165
1120
1266
1249
1242
1341
1307
1269
1316
834
1232
1285
1278
955
1237
1528
1290
1159
1203
1149
1244
1267
1241
1378
1296
1289
1215
807
1300
1276
1248
974
1205
1520
1261
1137
1203
1130
1275
1334
1245
1381
1307
1284
1290
820
1326
1177
1242
1030
1311
1543
1220
1238
1211
1182
1290
1127
1322
1425
1325
1287
1222
1068
1341
1159
1281
1060
1331
1575
1264
1243
1203
1510
1274
1346
1261
1439
1320
1334
1268
1197
1329
965
1219
1291
1313
1205
1179
1237
1183
1281
1274
1275
1288
1365
1314
870
1231
1272
1324
949
1209
1193
1292
1237
1219
1241
1215
1580
1215
1262
1284
1366
1296
881
1194
1240
1304
933
1231
1437
1311
1102
1185
1129
1198
1425
1254
1270
1306
1266
1321
850
1230
1230
1299
906
1212
1484
1317
1197
1246
1208
1219
1462
1262
1355
1311
1365
1326
821
1255
1333
1242
978
1217
1528
1318
1252
1193
1238
1284
1296
1252
1419
1303
1356
1293
849
1319
1351
1264
1032
1245
1604
1259
1215
1234
1191
1249
1302
1255
1403
1311
1290
1275
807
1327
1272
1295
930
1224
1508
1217
1177
1190
1180
1290
1309
1258
1403
1331
1321
1279
873
1360
1208
1293
1090
1351
1584
1264
1303
1259
1252
1302
1206
1289
1444
1330
1304
1273
1183
1342
1092
1223
1045
1287
1491
1212
1229
1186
1358
1264
1307
1247
1368
1306
1273
1259
1190
1324
987
1257
1281
1320
1253
1240
1260
1195
1240
1291
1240
1277
1422
1335
912
1246
1308
1341
925
1215
1170
1323
1200
1224
1190
1200
1511
1278
1206
1326
1333
1347
906
1272
1265
1348
966
1284
1185
1330
1229
1235
1209
1209
1461
1250
1378
1294
1383
1300
832
1303
1335
1296
989
1193
1543
1295
1245
1167
1274
1190
1588
1251
1398
1310
1327
1323
852
1261
1309
1291
948
1228
1477
1331
1200
1213
1186
1256
1285
1264
1402
1319
1388
1330
861
1293
1333
1238
1001
1232
1614
1185
1230
1212
1254
1271
1318
1221
1406
1278
1291
1229
799
1303
1253
1213
932
1216
1476
1242
1118
1240
1130
1290
1246
1257
1326
1327
1244
1280
795
1335
1111
1236
1007
1319
1481
1239
1211
1236
1184
1298
1224
1270
1386
1333
1268
1284
1170
1361
1048
1259
1001
1326
1450
1211
1244
1230
1359
1261
1307
1275
1418
1318
1320
1240
1258
1336
1028
1270
1343
1312
1252
1185
1307
1187
1270
1269
1433
1277
1421
1312
906
1224
1298
1328
944
1207
1211
1314
1238
1214
1264
1209
1589
1228
1290
1280
1384
1339
924
1253
1302
1352
1028
1276
1098
1338
1227
1223
1281
1206
1383
1251
1319
1321
1350
1339
777
1339
1270
1310
889
1201
1458
1298
1165
1182
1178
1200
1401
1255
1343
1315
1290
1340
780
1303
1236
1305
943
1286
1452
1345
1191
1192
1201
1307
1290
1252
1385
1301
1334
1308
883
1295
1301
1223
1009
1199
1569
1212
1243
1222
1230
1190
1330
1275
1446
1364
1343
1298
843
1358
1319
1296
994
1240
1589
1251
1261
1199
1249
1266
1399
1224
1424
1289
1324
1275
977
1312
1197
1235
1078
1289
1535
1235
1321
1234
1298
1279
1287
1292
1498
1348
1348
1244
1251
1361
1143
1239
1094
1319
1518
1246
1281
1177
1301
1281
1260
1267
1356
1323
1252
1273
1167
1278
872
1223
1175
1325
1130
1220
1180
1182
1123
1287
1224
1290
1324
1334
843
1256
1214
1326
897
1219
1156
1303
1218
1198
1234
1171
1584
1229
1311
1304
1391
1325
953
1266
1291
1349
974
1232
1131
1292
1258
1169
1229
1171
1549
1208
1347
1225
1391
1272
799
1258
1280
1272
937
1215
1460
1293
1175
1219
1251
1176
1541
1264
1400
1335
1352
1365
798
1374
1282
1330
965
1319
1461
1348
1189
1279
1214
1336
1324
1284
1387
1338
1339
1292
870
1347
1299
1304
954
1242
1567
1228
1246
1223
1244
1251
1365
1226
1509
1317
1366
1246
855
1336
1314
1255
1013
1235
1552
1247
1217
1231
1217
1306
1325
1282
1414
1307
1297
1307
927
1333
1083
1257
982
1296
1465
1212
1213
1217
1228
1256
1233
1274
1425
1326
1319
1257
1239
1342
1088
1214
1091
1305
1515
1234
1261
1186
1340
1283
1357
1267
1443
1322
1314
1236
1230
1329
962
1234
1052
1313
1423
1230
1260
1210
1605
1241
1238
1273
1386
1333
911
1273
1272
1327
969
1244
1123
1311
1236
1207
1265
1202
1589
1221
1292
1299
1389
1317
906
1258
1260
1348
927
1283
1107
1334
1216
1257
1227
1223
1567
1255
1290
1317
1342
1333
831
1323
1255
1327
937
1240
1474
1300
1191
1200
1293
1183
1616
1244
1462
1291
1406
1330
894
1273
1343
1299
978
1222
1527
1318
1234
1192
1315
1178
1370
1216
1430
1302
1358
1267
925
1313
1278
1232
937
1215
1518
1232
1164
1193
1209
1157
1340
1253
1404
1314
1293
1251
780
1333
1227
1273
945
1216
1520
1236
1179
1209
1198
1276
1336
1227
1414
1325
1290
1290
864
1344
1087
1252
968
1298
1457
1210
1235
1193
1213
1299
1220
1264
1399
1314
1286
1239
1120
1323
1024
1219
979
1279
1400
1188
1230
1210
1229
1285
1287
1283
1386
1337
1277
1290
1180
1347
929
1267
1001
1282
1416
1228
1266
1192
1607
1247
1343
1281
1446
1342
950
1226
1319
1323
1008
1217
1106
1293
1229
1183
1214
1162
1588
1219
1249
1297
1365
1330
874
1255
1230
1332
882
1241
1138
1328
1195
1194
1252
1204
1568
1260
1292
1319
1350
1345
812
1334
1230
1350
844
1229
1410
1313
1136
1198
1221
1201
1542
1243
1388
1305
1326
1311
829
1304
1259
1290
927
1230
1499
1322
1246
1188
1298
1282
1401
1256
1467
1305
1401
1275
921
1340
1358
1234
998
1231
1572
1214
1254
1189
1325
1229
1433
1230
1509
1313
1386
1255
848
1344
1330
1243
1030
1273
1599
1250
1285
1202
1294
1288
1412
1272
1461
1333
1337
1292
884
1348
1270
1359
1388
1298
1298
1232
1159
1221
1175
1176
1110
1213
935
1324
1271
1349
1228
1352
1257
1331
1224
1266
1360
1250
1456
1235
1301
1215
1112
1201
1001
1240
836
1212
1245
1327
1341
1319
1438
1286
1563
1242
1467
1215
1446
1228
1277
1177
991
1238
849
1208
870
1258
912
1305
1511
1299
1618
1282
1656
1264
1442
1234
1286
1256
1127
1296
836
1289
818
1254
943
1281
1028
1215
1619
1303
1711
1306
1632
1303
1458
1280
1121
1294
1028
1314
1003
1221
948
1276
1046
1209
1223
1229
1252
1292
1656
1307
1499
1332
1332
1350
1084
1332
1082
1333
1186
1339
1132
1261
1273
1235
1331
1245
1242
1210
1494
1332
1364
1350
1254
1356
1231
1313
1152
1275
1289
1250
1370
1220
1276
1188
1188
1217
1005
1198
922
1323
1290
1353
1317
1351
1395
1311
1378
1252
1459
1241
1507
1216
1207
1209
1035
1252
933
1271
858
1234
1319
1331
1460
1283
1556
1263
1649
1220
1443
1215
1378
1152
1194
1185
879
1253
871
1233
917
1223
1041
1296
1620
1292
1686
1271
1635
1272
1337
1255
1146
1289
1016
1319
817
1284
878
1262
969
1201
1130
1218
1672
1282
1682
1279
1535
1286
1352
1301
1058
1296
1025
1298
1076
1233
1020
1249
1202
1233
1279
1189
1236
1288
1576
1312
1353
1332
1218
1344
1047
1323
1105
1285
1262
1261
1249
1205
1309
1176
1239
1179
1086
1224
1370
1358
1303
1357
1286
1357
1355
1313
1329
1278
1470
1257
1534
1188
1258
1205
1138
1266
949
1241
863
1352
1316
1362
1388
1336
1538
1294
1511
1222
1490
1219
1414
1223
1090
1226
871
1205
815
1257
770
1228
1329
1304
1498
1281
1601
1247
1597
1213
1290
1214
1168
1234
1011
1206
806
1235
802
1212
936
1221
1120
1256
1705
1255
1747
1248
1604
1264
1266
1252
1063
1306
989
1299
836
1261
982
1244
1093
1172
1258
1192
1656
1258
1609
1277
1422
1297
1259
1316
1029
1309
1099
1300
1234
1231
1215
1228
1295
1191
1322
1207
1107
1282
1360
1323
1204
1321
1116
1351
1072
1293
1110
1257
1290
1231
1206
1179
1188
1188
1080
1186
919
1186
1137
1328
1210
1301
1267
1274
1418
1222
1379
1169
1478
1140
1442
1082
1068
1108
815
1122
728
1200
655
1228
1181
1258
1341
1222
1463
1170
1463
1123
1327
1116
1185
1174
842
1176
670
1258
680
1307
735
1320
1275
1393
1610
1362
1753
1336
1766
1302
1497
1290
1371
1330
1234
1377
1019
1378
1058
1434
1164
1402
1331
1415
1944
1475
1963
1428
1852
1381
1636
1321
1354
1323
1249
1334
1085
1301
1024
1379
1050
1401
1048
1375
1173
1466
1488
1425
1427
1342
1381
1263
1199
1173
1209
1159
1217
1185
1037
1238
1019
1298
868
1331
824
1350
1303
1421
1391
1287
1497
1204
1586
1092
1518
1025
1532
1041
1401
1097
1147
1157
991
1275
870
1288
926
1324
1581
1220
1738
1089
1845
984
1704
912
1564
948
1317
1060
892
1163
717
1281
690
1358
753
1336
1392
1319
1610
1187
1710
1089
1627
1021
1274
1035
1018
1131
812
1232
559
1381
604
1437
768
1416
961
1434
1600
1351
1633
1264
1489
1220
1178
1185
948
1255
829
1337
622
1404
700
1475
838
1483
1023
1435
1474
1479
1612
1395
1515
1309
1415
1244
1170
1196
1154
1232
1178
1255
1097
1337
1154
1398
1147
1396
1156
1349
1626
1395
1625
1302
1602
1180
1540
1070
1396
1065
1368
1127
1203
1212
1072
1329
1036
1400
1050
1436
1291
1452
1680
1352
1745
1240
1733
1119
1509
1057
1330
1108
1127
1221
799
1302
718
1435
831
1465
1059
1406
1725
1354
1929
1235
1945
1117
1776
1056
1326
1094
1017
1235
807
1326
595
1470
732
1492
1010
1429
1278
1386
1935
1265
1931
1155
1679
1101
1228
1112
893
1198
774
1303
641
1398
771
1472
1018
1399
1310
1332
1832
1352
1879
1272
1709
1197
1461
1184
1101
1209
1021
1271
1070
1304
1035
1396
1199
1382
1324
1350
1385
1337
1806
1320
1719
1238
1594
1158
1459
1085
1273
1106
1234
1180
1112
1236
1022
1323
1021
1353
1005
1355
1039
1417
1490
1292
1488
1195
1491
1099
1301
1045
1227
1092
1106
1209
824
1293
746
1434
732
1430
900
1427
1489
1394
1668
1254
1698
1145
1613
1070
1265
1098
1028
1202
832
1323
571
1437
666
1506
870
1416
1174
1387
1844
1279
1918
1152
1783
1105
1410
1086
1079
1176
912
1314
702
1398
823
1480
1099
1474
1342
1398
1881
1361
2031
1267
1879
1177
1619
1142
1175
1156
1025
1237
1016
1318
934
1400
1177
1410
1339
1361
1462
1333
1863
1345
1744
1245
1536
1192
1339
1118
1049
1127
1032
1181
1076
1249
1058
1278
1138
1331
1146
1341
1160
1350
1594
1280
1495
1167
1380
1083
1129
1027
1047
1081
1006
1182
818
1256
847
1356
930
1453
990
1383
1464
1382
1610
1225
1531
1122
1404
1090
1077
1056
952
1157
803
1241
635
1363
812
1426
1052
1403
1261
1311
1859
1250
1866
1135
1690
1086
1388
1071
987
1172
829
1305
779
1366
837
1468
1069
1421
1355
1378
1519
1338
2013
1250
1784
1168
1460
1194
1012
1209
810
1337
840
1433
854
1451
1126
1474
1346
1393
1501
1364
1841
1352
1712
1291
1434
1247
1203
1231
923
1245
961
1300
1126
1351
1185
1377
1403
1402
1466
1356
1399
1357
1752
1341
1571
1258
1410
1201
1251
1149
1122
1178
1174
1244
1204
1301
1171
1336
1210
1392
1206
1340
1227
1351
1657
1223
1564
1114
1483
1053
1246
1049
1176
1132
1136
1250
1025
1350
1006
1409
1145
1390
1258
1273
1675
1223
1721
1136
1612
1066
1436
1062
1086
1138
983
1268
972
1364
859
1422
1055
1409
1189
1299
1267
1263
1727
1158
1608
1085
1379
1086
1086
1117
829
1225
803
1326
890
1329
899
1349
1142
1274
1281
1198
1268
1192
1617
1144
1392
1126
1165
1144
872
1171
824
1254
933
1322
965
1351
1138
1338
1202
1301
1245
1282
1532
1316
1461
1266
1302
1228
1168
1222
960
1229
1030
1280
1161
1340
1095
1379
1237
1434
1291
1382
1298
1279
1698
1324
1608
1201
1468
1142
1342
1133
1092
1211
1106
1285
1174
1349
1103
1419
1208
1414
1262
1331
1294
1262
1687
1151
1535
1073
1323
1089
976
1153
871
1274
913
1416
906
1453
1071
1427
1290
1377
1325
1249
1693
1206
1592
1141
1355
1136
1148
1201
891
1296
941
1395
1130
1461
1192
1434
1420
1315
1552
1248
1453
1133
1707
1176
1433
1167
1204
1213
1058
1262
908
1331
1077
1385
1307
1358
1290
1293
1379
1225
1368
1193
1243
1161
1457
1175
1299
1132
1153
1160
1053
1184
1098
1244
1276
1303
1330
1295
1348
1340
1326
1310
1242
1263
1129
1244
1421
1184
1286
1173
1190
1198
994
1239
1040
1328
1155
1416
1081
1429
1161
1433
1228
1311
1236
1154
1502
1164
1433
1102
1292
1122
1156
1169
958
1291
1015
1419
1176
1454
1170
1429
1264
1386
1337
1237
1278
1081
1559
1083
1350
1105
1152
1179
1023
1277
903
1400
1057
1475
1289
1441
1311
1392
1382
1253
1372
1168
1185
1157
1448
1161
1248
1216
1116
1300
977
1356
1081
1429
1304
1449
1426
1348
1464
1285
1458
1235
1300
1160
1278
1203
1405
1203
1257
1229
1224
1284
1144
1308
1300
1362
1445
1396
1302
1359
1302
1275
1254
1243
1110
1110
1329
1155
1269
1117
1238
1131
1223
1169
1115
1196
1200
1331
1274
1401
1097
1376
1122
1276
1056
1169
974
1078
1372
1116
1293
1106
1244
1175
1185
1257
1075
1376
1178
1455
1283
1413
1168
1357
1235
1269
1179
1108
1138
1108
1444
1109
1314
1162
1233
1267
1080
1330
1134
1441
1281
1475
1341
1410
1290
1310
1310
1178
1240
1070
1123
1142
1376
1169
1260
1242
1204
1324
1103
1373
1217
1428
1359
1439
1275
1359
1269
1311
1188
1202
1108
1123
1359
1231
1338
1236
1290
1294
1315
1355
1241
1399
1343
1453
1385
1460
1210
1384
1219
1328
1194
1208
1138
1138
1495
1166
1442
1233
1400
1265
1373
1336
1235
1431
1257
1500
1309
1491
1185
1404
1245
1286
1215
1112
1182
1113
1585
1107
1475
1166
1365
1275
1232
1374
1153
1479
1239
1500
1375
1418
1332
1296
1395
1129
1380
1009
1266
1059
1511
1104
1320
1204
1210
1322
1072
1412
1156
1466
1314
1438
1409
1315
1400
1213
1328
1102
1165
1071
1234
1157
1178
1216
1065
1323
1071
1373
1049
1392
1245
1402
1418
1359
1316
1198
1311
1149
1160
1072
985
1059
1231
1133
1164
1164
1182
1222
1249
1281
1235
1326
1331
1339
1407
1375
1200
1294
1147
1222
1079
1130
949
1057
1283
1136
1262
1174
1287
1263
1316
1347
1224
1440
1309
1485
1336
1430
1193
1331
1175
1175
1088
1058
999
1100
1326
1112
1251
1208
1201
1337
1222
1444
1185
1523
1308
1536
1428
1381
1271
1254
1254
1149
1088
1044
969
1117
1233
1197
1171
1340
1195
1434
1220
1495
1310
1511
1464
1458
1500
1341
1324
1187
1138
1093
926
1088
811
1181
1152
1256
1214
1338
1348
1417
1413
1433
1512
1427
1583
1381
1389
1246
1235
1150
1073
1135
903
1090
1208
1203
1348
1230
1466
1311
1585
1393
1434
1424
1514
1408
1459
1414
1216
1283
1043
1204
994
1125
921
1036
1349
1107
1433
1166
1485
1278
1512
1383
1347
1446
1372
1466
1321
1413
1149
1229
1085
1112
999
989
947
964
1372
1063
1328
1195
1326
1349
1331
1456
1217
1494
1285
1462
1332
1288
1165
1136
1101
1047
981
954
898
1046
1253
1150
1241
1300
1281
1434
1378
1497
1338
1498
1424
1434
1430
1278
1166
1159
1045
1066
957
1054
856
1121
1296
1235
1365
1344
1447
1457
1523
1480
1438
1478
1444
1428
1356
1278
1098
1210
934
1083
944
1061
966
1138
1409
1192
1479
1348
1540
1452
1471
1478
1351
1489
1324
1433
1264
1247
1031
1159
1046
1033
1040
970
1189
1101
1449
1196
1435
1366
1407
1517
1275
1553
1232
1541
1259
1430
1165
1219
1174
1034
1169
970
1070
956
1347
1108
1341
1275
1313
1440
1308
1543
1215
1529
1274
1458
1334
1294
1208
1070
1112
949
1035
923
901
948
1263
1166
1196
1342
1327
1482
1420
1553
1371
1508
1415
1389
1349
1269
1149
1068
1034
1001
932
1025
847
1079
1314
1242
1382
1394
1495
1509
1577
1555
1424
1506
1395
1409
1333
1285
1071
1148
971
988
969
985
960
974
1436
1200
1468
1341
1495
1503
1467
1585
1276
1540
1239
1442
1238
1284
1056
1047
1019
985
1009
939
976
1036
1386
1221
1336
1459
1324
1625
1351
1646
1226
1548
1300
1386
1355
1170
1228
967
1125
877
1057
975
985
1175
1306
1362
1254
1570
1364
1673
1456
1648
1385
1500
1449
1327
1441
1149
1148
995
1053
975
937
1049
848
1256
1211
1426
1372
1578
1514
1609
1597
1547
1487
1427
1477
1236
1383
1094
1119
992
1016
996
942
1011
984
1245
1426
1407
1536
1521
1587
1570
1599
1500
1408
1363
1363
1246
1298
1090
1016
933
989
915
992
1020
1000
1226
1288
1405
1409
1542
1416
1612
1406
1546
1269
1380
1297
1195
1300
1009
1087
871
1067
892
983
966
981
1282
1195
1487
1286
1636
1340
1664
1402
1521
1309
1303
1357
1058
1349
866
1034
837
963
949
856
1070
1025
1347
1198
1553
1343
1652
1448
1598
1522
1416
1399
1207
1358
1042
1234
885
986
939
851
1005
860
1182
1213
1393
1326
1538
1448
1605
1517
1539
1521
1382
1324
1197
1247
1084
1119
966
954
925
921
1041
889
1190
1330
1394
1348
1569
1476
1602
1472
1565
1448
1447
1249
1247
1227
1096
1123
902
1038
949
1017
988
1055
1182
1395
1459
1408
1594
1433
1665
1460
1581
1465
1388
1340
1157
1364
1004
1192
897
1134
931
1036
1061
985
1337
1308
1600
1282
1732
1431
1721
1465
1577
1550
1343
1412
1103
1374
1002
1167
872
998
955
911
1175
832
1379
1289
1569
1328
1660
1478
1592
1558
1420
1550
1210
1351
1032
1267
953
1065
938
895
1028
906
1163
967
1324
1256
1526
1431
1581
1537
1526
1512
1390
1452
1216
1226
1053
1189
956
1050
898
997
1001
1041
1153
1042
1308
1315
1526
1417
1609
1475
1565
1452
1436
1419
1232
1267
1042
1267
932
1129
879
1089
978
982
1163
996
1418
1185
1642
1287
1666
1362
1609
1424
1383
1464
1180
1316
974
1259
899
1149
887
1027
1039
956
1326
886
1566
1149
1696
1277
1680
1463
1531
1512
1305
1521
1082
1322
923
1238
904
1086
976
890
1132
941
1365
965
1504
1201
1627
1408
1584
1439
1446
1506
1248
1454
1097
1230
1003
1181
975
1141
997
982
1188
1040
1362
1076
1462
1170
1609
1364
1569
1417
1439
1388
1265
1393
1105
1253
960
1287
924
1281
968
1152
1082
1113
1294
1049
1496
1085
1615
1242
1572
1351
1440
1410
1245
1436
1060
1378
906
1366
882
1315
1032
1075
1206
986
1449
878
1581
973
1680
1157
1583
1335
1401
1442
1177
1505
995
1393
892
1310
931
1231
1027
975
1264
939
1505
894
1594
1085
1609
1319
1475
1419
1290
1489
1087
1472
993
1364
944
1186
1018
1182
1161
988
1333
962
1494
994
1561
979
1589
1237
1443
1359
1298
1412
1141
1408
1047
1390
997
1277
1036
1292
1124
1078
1293
1105
1473
985
1509
1103
1551
1257
1471
1307
1299
1397
1174
1489
1042
1533
965
1393
1005
1371
1141
1128
1309
1029
1481
912
1584
966
1621
1153
1469
1290
1273
1503
1102
1591
976
1595
932
1396
1018
1303
1216
1002
1361
967
1530
947
1619
994
1548
1239
1383
1456
1201
1552
1060
1621
979
1574
1006
1338
1143
1266
1293
994
1447
1014
1518
1003
1566
1020
1459
1293
1300
1422
1186
1470
1082
1504
1028
1483
1043
1308
1136
1221
1271
1105
1388
1033
1478
977
1480
1006
1447
1092
1324
1280
1201
1425
1093
1517
1025
1511
1027
1390
1081
1276
1217
1143
1374
914
1443
863
1511
1009
1474
1040
1339
1286
1177
1487
1059
1588
997
1577
1026
1377
1099
1184
1263
1055
1385
832
1530
796
1541
868
1438
1088
1275
1371
1106
1545
1007
1619
948
1547
1058
1400
1200
1105
1375
1052
1506
873
1545
921
1543
986
1375
1180
1225
1379
1109
1514
1064
1566
1063
1492
1152
1370
1282
1154
1381
1101
1466
884
1473
974
1402
1073
1337
1195
1249
1287
1165
1456
1101
1526
1122
1498
1175
1425
1264
1192
1349
1096
1443
867
1451
851
1476
928
1393
1003
1312
1354
1191
1472
1111
1615
1044
1582
1116
1460
1208
1208
1329
1052
1450
851
1486
894
1456
974
1360
1208
1175
1414
1098
1577
1025
1592
1040
1545
1111
1383
1274
1191
1387
1017
1484
1026
1494
1130
1404
1104
1315
1195
1165
1479
1057
1537
1044
1545
1096
1453
1214
1352
1318
1207
1402
1092
1436
1129
1412
1038
1360
1121
1239
1284
1183
1380
1131
1393
1128
1436
1168
1411
1243
1325
1299
1251
1344
1116
1371
1103
1410
979
1331
1136
1250
1157
1232
1285
1156
1380
1090
1431
1122
1365
1190
1328
1261
1189
1330
1051
1394
1013
1447
922
1417
1030
1336
1189
1231
1301
1148
1377
1096
1373
1110
1317
1195
1215
1276
1099
1345
1034
1414
1023
1414
990
1355
1153
1266
1286
1164
1342
1073
1336
1080
1291
1152
1244
1241
1175
1353
1146
1411
1120
1432
1158
1395
1284
1311
1314
1218
1339
1110
1321
1116
1252
1126
1229
1159
1199
1267
1208
1313
1234
1337
1278
1334
1263
1321
1309
1302
1338
1256
1326
1233
1307
1204
1216
1205
1166
1216
1196
1238
1196
1283
1214
1311
1249
1339
1215
1390
1244
1372
1165
1328
1281
1264
1224
1188
1180
1176
1187
1159
1125
1213
1132
1261
1158
1337
1143
1391
1297
1386
1318
1354
1363
1277
1338
1199
1292
1142
1189
1152
1026
1200
1001
1263
1022
1331
1133
1364
1285
1393
1368
1351
1465
1292
1512
1217
1368
1187
1192
1186
1033
1189
928
1234
927
1270
1059
1291
1233
1306
1342
1286
1491
1278
1557
1273
1475
1250
1322
1246
1165
1239
1040
1246
958
1254
1036
1265
1132
1261
1363
1261
1462
1303
1541
1323
1508
1334
1459
1301
1326
1309
1179
1275
1022
1234
995
1244
965
1262
1047
1284
1254
1298
1372
1345
1513
1370
1562
1349
1534
1310
1376
1284
1209
1249
1011
1220
907
1234
892
1281
1115
1259
1177
1307
1417
1308
1576
1291
1641
1248
1602
1214
1426
1209
1169
1216
957
1250
863
1303
814
1312
960
1321
1231
1284
1478
1263
1664
1227
1673
1209
1569
1219
1385
1243
1117
1271
921
1301
835
1291
872
1291
1024
1230
1216
1212
1460
1194
1578
1211
1596
1227
1496
1277
1343
1300
1139
1309
975
1313
855
1296
897
1232
1053
1228
1198
1189
1357
1206
1494
1207
1559
1241
1516
1256
1406
1272
1224
1282
1016
1277
1037
1298
822
1300
918
1278
1065
1280
1301
1263
1511
1246
1602
1233
1600
1246
1484
1280
1256
1320
1032
1351
961
1367
866
1343
893
1316
1017
1272
1328
1226
1524
1183
1638
1202
1598
1261
1444
1316
1222
1400
1109
1413
983
1418
899
1357
988
1300
1145
1224
1342
1183
1542
1169
1606
1209
1595
1268
1499
1322
1364
1351
1141
1364
1042
1349
984
1299
1035
1244
1097
1202
1231
1177
1377
1205
1473
1221
1540
1252
1512
1291
1380
1333
1234
1362
1109
1342
987
1335
963
1314
1040
1258
1191
1227
1365
1196
1494
1169
1622
1187
1573
1226
1457
1300
1278
1339
1107
1419
963
1405
957
1365
1037
1280
1235
1203
1408
1150
1526
1132
1580
1159
1554
1244
1416
1333
1243
1397
1163
1438
1059
1408
1050
1325
1105
1236
1223
1173
1270
1109
1391
1125
1433
1172
1414
1274
1311
1329
1265
1385
1090
1410
1058
1370
1028
1327
1074
1275
1154
1204
1251
1162
1316
1159
1370
1181
1365
1201
1365
1287
1295
1331
1215
1377
1081
1395
1073
1375
1037
1323
1078
1249
1230
1149
1312
1122
1368
1113
1421
1152
1396
1239
1305
1334
1209
1414
1129
1486
1063
1454
1091
1365
1178
1274
1248
1145
1313
1069
1373
1051
1364
1124
1339
1222
1252
1342
1215
1435
1182
1481
1267
1434
1171
1363
1244
1253
1256
1155
1234
1087
1275
1104
1263
1157
1299
1236
1273
1334
1262
1456
1296
1457
1222
1451
1221
1376
1192
1296
1176
1219
1178
1134
1189
1114
1236
1116
1300
1172
1306
1257
1285
1372
1298
1427
1228
1457
1214
1428
1191
1304
1190
1223
1127
1140
1202
1051
1237
1056
1264
1107
1281
1230
1263
1350
1238
1472
1236
1519
1208
1448
1203
1368
1231
1211
1201
1095
1180
1034
1193
1044
1223
1126
1347
1253
1316
1403
1290
1504
1270
1545
1271
1493
1284
1371
1302
1232
1217
1118
1207
1073
1210
1082
1266
1129
1277
1229
1318
1347
1356
1433
1295
1445
1265
1449
1244
1384
1179
1280
1127
1194
1114
1122
1194
1100
1172
1140
1235
1190
1376
1292
1387
1392
1321
1462
1266
1456
1219
1438
1182
1334
1168
1217
1202
1118
1249
1054
1301
1081
1219
1165
1334
1268
1289
1384
1295
1467
1233
1496
1195
1437
1221
1337
1260
1181
1271
1095
1302
1055
1325
1070
1306
1132
1340
1226
1236
1352
1283
1423
1234
1414
1229
1362
1196
1325
1230
1224
1200
1163
1226
1116
1242
1118
1283
1157
1319
1223
1258
1291
1219
1359
1217
1395
1158
1403
1135
1373
1134
1318
1180
1235
1223
1170
1289
1124
1331
1124
1322
1176
1360
1241
1180
1328
1161
1394
1081
1431
1094
1417
1133
1356
1168
1273
1278
1186
1340
1137
1336
1132
1271
1168
1246
1253
1224
1326
1126
1394
1119
1355
1151
1387
1167
1347
1230
1265
1311
1196
1348
1146
1357
1147
1412
1149
1291
1220
1239
1279
1170
1330
1106
1358
1114
1357
1125
1342
1171
1304
1242
1271
1318
1221
1260
1225
1444
1180
1377
1187
1311
1221
1160
1261
1114
1319
1018
1381
1057
1389
1107
1391
1212
1342
1357
1266
1382
1210
1425
1160
1429
1146
1313
1171
1176
1235
1072
1330
1034
1403
1012
1438
1121
1412
1279
1343
1350
1260
1420
1194
1449
1147
1408
1141
1296
1168
1223
1218
1149
1293
1067
1356
1085
1386
1158
1380
1238
1371
1268
1293
1344
1261
1371
1210
1365
1200
1362
1176
1330
1208
1257
1229
1182
1296
1153
1346
1132
1375
1157
1384
1224
1340
1296
1287
1327
1217
1426
1161
1440
1126
1365
1134
1293
1153
1192
1247
1106
1332
1067
1383
1017
1427
1081
1380
1235
1295
1313
1225
1368
1161
1382
1103
1324
1101
1256
1168
1168
1251
1114
1319
1177
1367
1120
1402
1114
1368
1177
1309
1186
1242
1212
1186
1246
1147
1321
1157
1312
1213
1291
1243
1282
1309
1228
1346
1197
1378
1097
1371
1070
1343
1058
1299
1140
1232
1259
1189
1354
1178
1449
1160
1577
1187
1469
1236
1318
1311
1219
1367
1091
1399
969
1396
987
1351
1064
1271
1200
1181
1379
1133
1494
1120
1559
1162
1528
1234
1387
1316
1313
1376
1105
1440
981
1372
909
1332
957
1246
1072
1173
1249
1127
1414
1142
1447
1207
1588
1247
1579
1308
1402
1356
1219
1372
1025
1347
850
1325
760
1271
905
1225
1087
1187
1315
1176
1471
1211
1697
1214
1698
1249
1515
1295
1320
1327
1031
1349
791
1386
684
1331
703
1288
950
1228
1261
1197
1559
1163
1763
1187
1796
1234
1666
1281
1388
1342
1117
1373
834
1395
655
1361
680
1313
880
1246
1097
1155
1456
1178
1748
1165
1813
1216
1754
1269
1563
1297
1258
1362
958
1357
757
1331
645
1315
740
1270
966
1217
1223
1213
1594
1203
1856
1211
1930
1247
1789
1284
1465
1301
1073
1329
781
1325
581
1319
500
1303
786
1280
1114
1249
1513
1184
1840
1189
1993
1191
1912
1220
1595
1264
1256
1344
866
1376
663
1397
595
1392
749
1361
1065
1277
1442
1184
1776
1161
1933
1158
1912
1196
1709
1249
1353
1321
1000
1365
687
1385
589
1368
651
1315
881
1254
1190
1201
1504
1174
1797
1164
1880
1199
1788
1254
1557
1288
1124
1356
965
1356
696
1338
640
1325
747
1301
994
1259
1316
1235
1637
1191
1879
1164
1889
1164
1731
1213
1438
1302
1057
1328
762
1388
706
1406
693
1389
912
1329
1200
1243
1501
1171
1748
1151
1858
1119
1735
1163
1558
1227
1115
1336
937
1385
716
1420
717
1388
858
1321
1084
1250
1335
1179
1591
1141
1713
1141
1733
1179
1507
1277
1370
1328
1127
1389
917
1412
801
1385
800
1352
942
1306
1160
1210
1352
1154
1575
1130
1728
1148
1628
1185
1553
1252
1253
1318
1017
1382
808
1415
764
1407
838
1360
1011
1273
1241
1209
1585
1122
1616
1139
1690
1156
1551
1227
1380
1314
1127
1389
933
1429
887
1447
884
1384
1006
1308
1212
1217
1397
1165
1511
1130
1625
1149
1601
1216
1442
1285
1279
1334
1110
1396
1025
1411
948
1377
1028
1304
1125
1238
1260
1154
1509
1136
1536
1169
1590
1208
1588
1251
1443
1302
1283
1363
1095
1358
1000
1345
979
1320
987
1271
1065
1237
1229
1146
1424
1169
1522
1162
1555
1186
1472
1229
1368
1270
1169
1331
1024
1343
954
1357
972
1336
1026
1303
1192
1216
1310
1170
1458
1157
1482
1158
1485
1203
1359
1247
1218
1295
1146
1327
1051
1335
1018
1331
1129
1296
1126
1258
1268
1237
1318
1190
1415
1213
1437
1241
1398
1250
1360
1269
1281
1269
1168
1295
1065
1300
1030
1322
1066
1325
1110
1312
1210
1280
1330
1241
1466
1209
1495
1197
1507
1167
1395
1225
1253
1275
1151
1330
1073
1363
1085
1398
1093
1372
1177
1313
1292
1244
1426
1157
1495
1156
1476
1157
1420
1188
1326
1246
1161
1310
1040
1348
941
1384
994
1357
1031
1320
1163
1262
1311
1211
1371
1169
1446
1164
1497
1180
1406
1210
1295
1266
1190
1303
948
1354
901
1368
943
1354
1013
1321
1200
1248
1403
1194
1538
1142
1605
1129
1568
1157
1407
1212
1199
1289
1035
1352
951
1419
917
1419
982
1378
1144
1312
1374
1225
1538
1163
1615
1140
1572
1167
1512
1243
1296
1296
1076
1374
947
1451
876
1426
920
1376
1050
1310
1231
1235
1435
1177
1578
1148
1594
1190
1552
1232
1400
1300
1216
1353
1042
1383
921
1362
914
1361
989
1298
1141
1228
1338
1199
1497
1182
1602
1186
1548
1213
1515
1232
1316
1283
1127
1308
985
1338
821
1366
879
1305
982
1268
1199
1218
1412
1195
1565
1183
1680
1201
1597
1243
1468
1275
1286
1333
1107
1337
977
1341
932
1313
981
1281
1117
1242
1277
1190
1480
1221
1521
1211
1564
1246
1504
1280
1394
1298
1241
1297
1139
1309
1021
1290
962
1304
1015
1267
1111
1243
1270
1240
1316
1257
1534
1246
1510
1266
1460
1276
1348
1287
1178
1287
1054
1291
960
1297
921
1285
1006
1267
1165
1260
1233
1235
1406
1227
1499
1267
1512
1245
1375
1266
1315
1277
1175
1299
1077
1293
1014
1291
1122
1259
1140
1270
1182
1233
1300
1205
1363
1207
1342
1217
1370
1248
1356
1276
1281
1303
1219
1306
1286
1277
1124
1315
1111
1262
1124
1249
1172
1228
1226
1208
1302
1216
1334
1251
1339
1240
1308
1276
1337
1283
1332
1290
1269
1299
1160
1298
1145
1289
1123
1265
1149
1236
1197
1226
1216
1245
1268
1238
1344
1265
1356
1293
1443
1312
1254
1369
1270
1344
1231
1330
1172
1271
1130
1246
1099
1215
1113
1207
1155
1217
1215
1247
1258
1271
1364
1327
1439
1351
1417
1352
1380
1297
1279
1291
1149
1242
1030
1208
1017
1192
1036
1206
1120
1222
1208
1271
1427
1311
1526
1345
1548
1346
1522
1341
1390
1309
1204
1273
1080
1232
996
1195
991
1212
1062
1200
1186
1246
1359
1263
1523
1317
1589
1345
1536
1327
1463
1322
1320
1283
1148
1244
1042
1203
997
1189
1019
1193
1112
1201
1209
1245
1457
1300
1478
1332
1539
1311
1451
1321
1326
1291
1188
1210
1054
1230
950
1215
977
1205
1058
1226
1205
1247
1316
1295
1411
1288
1454
1340
1399
1336
1299
1313
1188
1287
1047
1260
1020
1244
1106
1212
1092
1201
1211
1235
1326
1252
1393
1271
1362
1287
1345
1284
1299
1291
1191
1274
1156
1256
1015
1222
1151
1230
1219
1218
1295
1226
1356
1233
1405
1246
1369
1290
1288
1288
1234
1293
1193
1287
1204
1265
1270
1263
1311
1226
1352
1225
1334
1235
1342
1223
1340
1234
1300
1279
1209
1289
1165
1288
1195
1275
1204
1274
1213
1249
1237
1259
1283
1245
1322
1271
1298
1279
1288
1282
1257
1286
1206
1263
1173
1297
1175
1277
1178
1286
1326
1258
1228
1290
1352
1278
1385
1281
1363
1285
1352
1273
1305
1260
1236
1257
1181
1248
1180
1248
1209
1245
1321
1287
1337
1273
1406
1273
1376
1287
1296
1278
1205
1267
1124
1229
1055
1232
1069
1223
1105
1231
1229
1251
1255
1274
1282
1304
1376
1319
1307
1318
1246
1290
1145
1267
1065
1226
1066
1211
1092
1192
1160
1217
1245
1246
1293
1288
1457
1297
1437
1314
1422
1284
1343
1269
1202
1248
1100
1217
1080
1207
1068
1211
1183
1244
1281
1273
1425
1303
1454
1319
1494
1285
1453
1293
1335
1287
1197
1258
1096
1240
982
1241
993
1246
1150
1255
1243
1273
1342
1300
1447
1330
1489
1327
1420
1316
1369
1286
1235
1263
1100
1231
1016
1216
1112
1188
1136
1204
1188
1222
1326
1246
1388
1278
1413
1296
1427
1308
1349
1291
1263
1242
1169
1223
1019
1225
1056
1193
1112
1190
1204
1214
1250
1255
1304
1288
1339
1319
1308
1366
1271
1327
1243
1286
1231
1238
1191
1209
1144
1180
1224
1201
1259
1232
1229
1297
1225
1307
1254
1352
1201
1357
1183
1329
1205
1287
1169
1234
1235
1192
1196
1207
1239
1236
1306
1235
1282
1285
1250
1318
1208
1350
1178
1330
1170
1318
1155
1294
1186
1233
1262
1196
1245
1171
1374
1179
1357
1201
1352
1254
1281
1305
1205
1356
1097
1346
1029
1325
1023
1282
1052
1227
1114
1208
1223
1167
1390
1156
1451
1197
1375
1297
1304
1343
1186
1365
1098
1375
1013
1351
1004
1298
1005
1252
1143
1205
1222
1197
1364
1199
1410
1229
1433
1279
1398
1316
1323
1348
1193
1352
1179
1289
1125
1293
1126
1236
1183
1229
1280
1225
1295
1223
1348
1242
1420
1253
1410
1284
1341
1327
1322
1306
1217
1302
1189
1288
1248
1272
1198
1261
1204
1255
1259
1244
1270
1251
1326
1253
1385
1257
1368
1272
1315
1282
1305
1289
1289
1288
1181
1287
1211
1282
1181
1277
1197
1271
1183
1262
1220
1265
1263
1273
1286
1265
1304
1270
1316
1270
1311
1250
1418
1265
1223
1267
1281
1264
1208
1272
1148
1275
1152
1293
1145
1295
1155
1281
1244
1261
1277
1236
1312
1217
1273
1219
1323
1235
1239
1253
1221
1282
1182
1308
1187
1309
1134
1293
1228
1275
1265
1252
1323
1209
1421
1197
1300
1201
1306
1225
1242
1252
1221
1279
1191
1282
1163
1312
1199
1312
1212
1297
1246
1222
1192
1265
1328
1229
1273
1211
1230
1206
1220
1223
1198
1247
1170
1277
1188
1304
1181
1306
1230
1329
1220
1322
1221
1306
1301
1260
1326
1218
1295
1210
1258
1205
1239
1238
1225
1255
1205
1287
1230
1314
1264
1326
1273
1307
1348
1309
1320
1263
1346
1262
1261
1243
1228
1223
1188
1249
1165
1258
1200
1279
1235
1284
1259
1301
1268
1285
1234
1308
1289
1288
1239
1284
1222
1282
1209
1261
1212
1239
1177
1223
1235
1230
1250
1237
1274
1243
1353
1271
1283
1292
1239
1310
1244
1309
1183
1296
1150
1278
1182
1237
1247
1224
1231
1215
1282
1230
1238
1267
1320
1274
1284
1304
1269
1308
1237
1316
1197
1297
1261
1269
1252
1255
1284
1223
1288
1220
1193
1250
1243
1238
1282
1257
1242
1272
1241
1288
1169
1268
1168
1284
1240
1291
1208
1280
1268
1269
1257
1210
1290
1259
1249
1247
1154
1257
1186
1268
1112
1274
1112
1275
1131
1301
1177
1315
1280
1308
1370
1287
1412
1275
1394
1226
1368
1248
1327
1244
1177
1246
1109
1273
1052
1303
1076
1293
1143
1289
1305
1271
1446
1264
1514
1242
1472
1259
1420
1215
1336
1236
1129
1244
1035
1240
961
1247
962
1254
1076
1266
1211
1270
1388
1288
1535
1311
1581
1314
1542
1304
1405
1292
1294
1272
1076
1254
960
1231
905
1238
1017
1245
1120
1272
1277
1296
1456
1310
1568
1327
1611
1294
1606
1271
1405
1236
1266
1216
1075
1208
983
1210
939
1230
1036
1258
1145
1290
1300
1309
1353
1339
1430
1328
1477
1294
1416
1267
1306
1233
1167
1208
1062
1205
1013
1215
999
1246
1076
1283
1170
1330
1310
1407
1339
1355
1359
1345
1390
1301
1342
1255
1302
1217
1244
1191
1188
1193
1181
1213
1209
1265
1165
1306
1259
1386
1226
1390
1307
1374
1268
1319
1311
1252
1300
1201
1297
1160
1256
1160
1311
1193
1302
1234
1286
1285
1166
1382
1161
1363
1163
1345
1142
1303
1156
1245
1175
1201
1234
1182
1267
1200
1298
1227
1338
1268
1257
1336
1296
1337
1281
1349
1225
1332
1199
1332
1156
1286
1117
1264
1138
1239
1164
1234
1220
1242
1282
1258
1430
1298
1409
1286
1363
1312
1385
1336
1278
1314
1212
1307
1183
1278
1170
1264
1165
1246
1220
1249
1256
1248
1405
1259
1307
1266
1387
1262
1359
1257
1342
1249
1310
1248
1264
1257
1259
1265
1243
1279
1180
1310
1171
1312
1163
1305
1205
1281
1161
1266
1229
1227
1302
1222
1320
1243
1362
1250
1371
1283
1350
1317
1290
1344
1202
1348
1075
1346
1063
1298
1070
1252
1107
1229
1156
1199
1274
1194
1384
1219
1455
1258
1456
1293
1477
1308
1436
1350
1241
1339
1133
1275
995
1249
953
1219
977
1193
1120
1211
1249
1221
1396
1275
1534
1286
1561
1303
1552
1313
1473
1299
1323
1288
1077
1281
942
1271
904
1265
909
1261
1062
1266
1266
1277
1391
1283
1545
1290
1501
1293
1543
1255
1421
1255
1250
1284
1061
1236
911
1242
893
1263
942
1322
1068
1320
1268
1330
1419
1335
1494
1295
1563
1259
1486
1224
1396
1204
1193
1201
1067
1220
965
1285
922
1327
984
1346
1128
1375
1269
1360
1389
1314
1576
1249
1421
1214
1453
1171
1368
1183
1218
1238
1089
1265
991
1319
1035
1360
1072
1375
1181
1359
1268
1325
1292
1279
1378
1227
1381
1195
1351
1185
1265
1195
1188
1221
1155
1264
1166
1305
1175
1309
1235
1323
1255
1316
1276
1288
1241
1255
1317
1220
1232
1200
1220
1184
1236
1202
1228
1250
1268
1277
1283
1298
1301
1309
1317
1318
1405
1261
1327
1279
1216
1241
1189
1233
1150
1240
1160
1260
1204
1295
1247
1315
1300
1325
1348
1324
1385
1291
1322
1299
1304
1247
1306
1217
1219
1232
1160
1264
1160
1289
1191
1320
1211
1341
1257
1328
1337
1285
1344
1239
1329
1189
1352
1164
1291
1163
1230
1195
1204
1223
1205
1246
1210
1343
1228
1358
1213
1355
1185
1319
1191
1272
1250
1214
1157
1183
1196
1171
1209
1192
1269
1237
1345
1281
1343
1337
1341
1374
1285
1361
1205
1364
1177
1317
1157
1261
1081
1229
1137
1165
1200
1166
1288
1181
1397
1238
1474
1278
1472
1302
1437
1354
1324
1356
1169
1358
985
1295
1048
1250
1041
1212
1073
1181
1204
1188
1340
1216
1450
1258
1527
1292
1557
1300
1471
1325
1336
1299
1127
1305
1068
1279
951
1263
960
1248
1048
1247
1123
1257
1319
1246
1484
1253
1570
1255
1526
1251
1364
1269
1330
1275
1124
1276
990
1280
975
1280
1033
1286
1112
1271
1289
1275
1392
1246
1476
1258
1357
1272
1333
1247
1266
1243
1165
1241
1083
1267
1045
1282
1091
1314
1191
1318
1268
1318
1339
1307
1364
1293
1396
1249
1342
1229
1160
1212
1134
1213
1096
1186
1119
1265
1158
1311
1260
1341
1377
1358
1422
1343
1403
1322
1363
1267
1259
1237
1245
1200
1127
1186
1114
1197
1111
1227
1249
1272
1347
1327
1423
1330
1467
1356
1450
1335
1483
1304
1317
1264
1160
1211
1099
1188
1053
1183
1091
1218
1160
1231
1290
1308
1369
1346
1460
1358
1474
1343
1338
1321
1348
1262
1129
1220
1106
1196
1032
1190
1062
1204
1147
1242
1212
1301
1315
1339
1398
1346
1399
1314
1412
1296
1282
1252
1165
1217
1068
1195
1067
1174
1125
1231
1161
1258
1247
1298
1317
1306
1358
1325
1341
1322
1269
1272
1235
1232
1182
1199
1143
1186
1129
1202
1162
1236
1204
1267
1284
1299
1329
1309
1339
1295
1403
1270
1347
1245
1225
1212
1158
1206
1143
1212
1142
1236
1130
1270
1234
1308
1318
1327
1357
1299
1328
1310
1317
1272
1321
1242
1234
1218
1182
1202
1148
1220
1134
1252
1173
1295
1220
1332
1282
1363
1372
1349
1320
1323
1334
1264
1290
1234
1237
1213
1197
1195
1171
1214
1168
1243
1179
1301
1243
1340
1303
1361
1278
1341
1301
1317
1255
1258
1264
1217
1171
1184
1191
1166
1203
1197
1208
1232
1265
1282
1292
1326
1301
1367
1304
1340
1265
1306
1243
1280
1170
1227
1145
1193
1132
1195
1147
1210
1241
1254
1309
1290
1426
1359
1379
1361
1370
1349
1355
1326
1271
1281
1188
1249
1136
1213
1103
1215
1078
1235
1180
1273
1299
1333
1350
1344
1468
1353
1490
1347
1425
1327
1367
1269
1275
1250
1153
1215
1077
1229
1097
1251
1096
1285
1195
1319
1199
1362
1366
1339
1423
1326
1430
1276
1386
1247
1305
1215
1222
1194
1175
1213
1141
1239
1151
1276
1259
1312
1181
1337
1296
1311
1323
1281
1375
1238
1344
1202
1314
1186
1237
1205
1237
1225
1218
1274
1200
1339
1249
1320
1169
1311
1237
1288
1248
1249
1247
1204
1255
1185
1242
1217
1227
1227
1208
1271
1243
1301
1229
1322
1224
1323
1212
1323
1233
1298
1242
1264
1242
1199
1206
1217
1189
1223
1193
1245
1199
1278
1188
1315
1265
1334
1235
1358
1264
1386
1337
1313
1296
1273
1270
1235
1206
1217
1187
1205
1162
1242
1158
1290
1200
1336
1276
1345
1276
1353
1390
1325
1340
1294
1371
1251
1309
1213
1222
1151
1177
1199
1086
1230
1095
1270
1140
1300
1206
1328
1260
1316
1445
1280
1390
1247
1391
1239
1347
1151
1229
1185
1134
1203
1067
1241
1042
1272
1047
1313
1069
1323
1281
1305
1303
1285
1389
1249
1417
1201
1362
1207
1264
1212
1181
1233
1101
1261
1016
1280
1004
1296
1127
1300
1195
1302
1260
1297
1356
1249
1425
1264
1405
1254
1331
1272
1254
1255
1133
1261
1059
1273
1085
1270
1061
1277
1156
1279
1284
1286
1379
1265
1409
1265
1417
1267
1388
1272
1271
1280
1178
1300
1168
1293
1115
1284
1134
1270
1204
1265
1305
1258
1372
1231
1448
1248
1437
1264
1365
1286
1275
1325
1268
1317
1044
1330
1051
1302
1077
1258
1163
1220
1261
1191
1329
1193
1430
1211
1426
1231
1389
1289
1332
1320
1197
1342
1082
1331
1040
1305
1048
1271
1098
1236
1180
1211
1269
1225
1356
1222
1374
1244
1382
1266
1345
1295
1229
1291
1156
1299
1099
1291
1064
1279
1081
1263
1182
1256
1232
1271
1319
1249
1381
1252
1428
1279
1343
1238
1291
1267
1218
1242
1178
1266
1119
1274
1143
1271
1202
1272
1246
1269
1303
1275
1261
1269
1318
1281
1261
1276
1250
1266
1244
1255
1226
1216
1210
1244
1187
1249
1245
1262
1264
1280
1263
1298
1284
1315
1233
1324
1228
1312
1214
1282
1209
1236
1230
1206
1200
1199
1229
1200
1256
1227
1272
1272
1273
1312
1319
1325
1177
1350
1214
1321
1210
1302
1201
1255
1229
1203
1271
1186
1295
1187
1287
1219
1277
1263
1253
1318
1204
1366
1156
1364
1157
1340
1150
1297
1187
1251
1283
1187
1308
1158
1337
1190
1342
1155
1318
1250
1227
1301
1171
1339
1139
1364
1085
1355
1095
1328
1169
1272
1259
1240
1353
1208
1418
1180
1484
1217
1433
1253
1350
1300
1237
1349
1095
1368
1029
1375
1020
1350
1080
1300
1165
1246
1329
1201
1501
1193
1538
1201
1538
1235
1450
1245
1321
1328
1138
1356
1036
1354
990
1322
990
1273
1089
1240
1234
1199
1371
1199
1477
1210
1527
1237
1476
1278
1350
1277
1225
1317
1102
1317
1000
1285
990
1262
1040
1245
1134
1231
1241
1227
1388
1231
1479
1275
1460
1266
1417
1281
1330
1275
1176
1302
1082
1290
1049
1276
1059
1256
1126
1233
1229
1236
1315
1241
1386
1256
1419
1268
1388
1289
1329
1302
1222
1265
1158
1285
1152
1267
1109
1238
1186
1228
1222
1227
1284
1236
1299
1258
1310
1275
1299
1304
1254
1300
1223
1303
1182
1275
1164
1262
1212
1245
1255
1241
1299
1245
1263
1251
1305
1268
1276
1290
1237
1309
1208
1300
1161
1292
1163
1277
1177
1263
1215
1255
1298
1253
1316
1254
1327
1267
1292
1266
1269
1281
1198
1285
1161
1273
1160
1250
1151
1229
1167
1249
1211
1246
1275
1251
1308
1262
1303
1273
1313
1287
1267
1304
1213
1318
1176
1304
1152
1284
1149
1290
1163
1273
1217
1245
1250
1232
1303
1225
1327
1243
1312
1252
1283
1295
1236
1328
1210
1337
1174
1323
1205
1315
1248
1266
1275
1225
1311
1208
1329
1202
1303
1245
1266
1233
1207
1261
1224
1291
1172
1304
1200
1281
1243
1296
1279
1263
1314
1250
1332
1226
1311
1217
1248
1214
1217
1227
1149
1254
1131
1274
1146
1301
1166
1341
1214
1337
1242
1333
1338
1314
1347
1289
1337
1260
1308
1246
1236
1246
1165
1258
1142
1273
1131
1301
1151
1328
1197
1333
1277
1329
1303
1313
1375
1275
1390
1237
1331
1227
1264
1210
1171
1220
1124
1249
1099
1284
1129
1295
1196
1327
1255
1337
1324
1305
1372
1274
1366
1267
1330
1215
1247
1208
1233
1224
1149
1252
1141
1251
1167
1308
1223
1326
1285
1311
1344
1308
1360
1284
1319
1252
1328
1216
1264
1204
1194
1250
1156
1202
1127
1265
1155
1294
1202
1324
1265
1335
1304
1335
1322
1322
1321
1273
1281
1229
1236
1207
1201
1200
1169
1211
1163
1241
1196
1285
1233
1303
1254
1338
1269
1351
1288
1326
1264
1306
1225
1253
1179
1225
1180
1211
1177
1205
1193
1269
1241
1276
1258
1304
1299
1320
1293
1325
1261
1306
1211
1290
1166
1266
1160
1240
1126
1230
1167
1232
1225
1246
1265
1261
1320
1286
1375
1307
1341
1293
1296
1285
1219
1265
1143
1241
1061
1216
1090
1196
1126
1209
1223
1220
1312
1253
1384
1314
1420
1329
1400
1339
1362
1330
1249
1308
1158
1257
1085
1227
1047
1208
1068
1206
1134
1218
1215
1273
1296
1319
1350
1355
1377
1374
1339
1380
1289
1326
1231
1281
1159
1248
1102
1195
1086
1199
1138
1196
1185
1232
1244
1265
1309
1318
1318
1360
1316
1353
1289
1335
1247
1295
1191
1253
1136
1191
1161
1191
1172
1187
1217
1201
1258
1232
1262
1286
1276
1334
1251
1355
1248
1348
1206
1329
1215
1276
1219
1240
1209
1206
1242
1193
1269
1211
1296
1236
1300
1283
1274
1315
1279
1346
1228
1341
1207
1312
1210
1280
1210
1243
1240
1218
1270
1197
1301
1212
1321
1242
1330
1260
1307
1301
1260
1322
1247
1322
1196
1300
1187
1268
1209
1246
1230
1215
1248
1213
1262
1215
1284
1250
1260
1256
1250
1300
1238
1324
1215
1326
1188
1318
1174
1294
1210
1263
1220
1240
1234
1222
1257
1220
1232
1228
1217
1260
1206
1285
1169
1303
1168
1322
1179
1324
1210
1304
1214
1274
1267
1243
1317
1224
1297
1234
1269
1228
1229
1241
1206
1277
1134
1305
1142
1287
1168
1309
1152
1287
1269
1272
1323
1252
1348
1256
1353
1232
1322
1243
1269
1260
1183
1276
1139
1246
1165
1284
1122
1274
1176
1270
1222
1217
1271
1271
1295
1275
1342
1285
1353
1291
1288
1286
1247
1290
1190
1276
1147
1273
1106
1269
1157
1258
1181
1254
1232
1257
1295
1274
1327
1282
1331
1278
1322
1290
1272
1289
1218
1273
1154
1260
1148
1245
1176
1238
1190
1232
1241
1242
1267
1253
1300
1277
1298
1286
1324
1287
1254
1283
1237
1268
1200
1264
1175
1244
1172
1248
1218
1252
1238
1268
1268
1278
1286
1285
1276
1294
1247
1285
1260
1268
1229
1251
1190
1241
1167
1238
1186
1237
1198
1248
1259
1270
1270
1286
1279
1303
1260
1286
1265
1292
1240
1272
1230
1242
1214
1227
1211
1214
1189
1230
1201
1244
1223
1280
1237
1302
1252
1315
1272
1320
1300
1302
1258
1271
1284
1265
1246
1232
1227
1221
1198
1230
1214
1253
1181
1280
1208
1295
1234
1314
1263
1302
1240
1299
1245
1272
1252
1261
1226
1240
1245
1229
1254
1232
1223
1238
1227
1260
1222
1280
1204
1291
1190
1288
1178
1278
1191
1270
1186
1240
1226
1229
1271
1227
1268
1229
1282
1252
1267
1278
1235
1300
1181
1307
1192
1300
1188
1276
1188
1260
1216
1237
1275
1220
1267
1225
1279
1236
1282
1260
1269
1289
1232
1306
1228
1312
1257
1304
1215
1268
1238
1261
1241
1232
1243
1224
1210
1225
1249
1231
1229
1281
1236
1267
1246
1291
1245
1313
1209
1304
1212
1291
1233
1280
1232
1287
1252
1255
1278
1246
1276
1279
1269
1258
1270
1265
1277
1278
1194
1281
1163
1263
1169
1280
1169
1281
1194
1269
1246
1269
1262
1268
1284
1275
1274
1274
1260
1277
1207
1265
1187
1237
1164
1269
1135
1281
1144
1255
1186
1259
1221
1261
1264
1272
1302
1278
1304
1290
1287
1303
1268
1287
1251
1276
1195
1256
1188
1247
1192
1236
1197
1239
1176
1254
1256
1261
1278
1286
1283
1332
1297
1315
1262
1284
1265
1263
1233
1247
1239
1234
1224
1244
1205
1272
1228
1271
1232
1288
1256
1295
1288
1300
1281
1290
1285
1282
1289
1249
1269
1189
1240
1241
1230
1247
1229
1268
1223
1289
1233
1299
1231
1310
1298
1299
1286
1286
1269
1310
1257
1241
1219
1225
1211
1215
1205
1231
1213
1261
1222
1274
1243
1323
1263
1332
1248
1329
1249
1314
1235
1281
1199
1239
1221
1211
1225
1183
1220
1193
1226
1229
1237
1267
1263
1311
1201
1359
1212
1340
1198
1340
1204
1294
1209
1247
1228
1226
1244
1180
1243
1181
1272
1202
1262
1245
1251
1294
1243
1325
1243
1366
1224
1344
1220
1307
1231
1262
1235
1211
1258
1177
1249
1178
1282
1208
1299
1243
1317
1298
1296
1344
1275
1373
1200
1367
1219
1334
1181
1289
1178
1223
1217
1190
1227
1176
1267
1192
1313
1229
1340
1280
1336
1333
1312
1368
1263
1390
1196
1356
1149
1310
1151
1252
1155
1211
1196
1175
1237
1172
1281
1204
1319
1256
1322
1291
1298
1359
1231
1382
1193
1378
1140
1342
1137
1275
1148
1217
1187
1169
1219
1156
1252
1177
1292
1220
1310
1277
1296
1328
1270
1361
1228
1357
1206
1336
1175
1290
1171
1230
1204
1194
1194
1164
1245
1185
1273
1221
1312
1263
1337
1321
1326
1350
1287
1368
1229
1340
1194
1329
1161
1289
1172
1235
1217
1207
1260
1195
1278
1216
1333
1249
1347
1303
1314
1337
1270
1357
1242
1360
1179
1324
1174
1288
1186
1239
1224
1200
1257
1184
1300
1189
1333
1227
1306
1268
1300
1310
1308
1340
1249
1343
1223
1330
1200
1270
1209
1241
1197
1218
1234
1183
1291
1195
1284
1221
1304
1269
1306
1313
1280
1355
1244
1349
1219
1333
1222
1302
1149
1256
1168
1203
1242
1206
1226
1199
1258
1221
1299
1255
1306
1287
1272
1307
1270
1317
1249
1313
1198
1281
1198
1263
1189
1218
1210
1238
1242
1233
1289
1234
1298
1258
1216
1280
1277
1305
1245
1317
1215
1321
1219
1305
1217
1287
1220
1264
1236
1240
1266
1234
1317
1239
1276
1243
1285
1272
1250
1242
1236
1286
1206
1290
1217
1279
1226
1265
1218
1236
1235
1236
1227
1223
1244
1242
1258
1254
1260
1265
1258
1282
1236
1266
1253
1267
1220
1254
1209
1239
1212
1251
1194
1246
1206
1265
1227
1279
1245
1304
1280
1281
1272
1268
1275
1258
1234
1221
1219
1240
1187
1246
1190
1254
1211
1274
1224
1285
1221
1317
1235
1303
1247
1294
1243
1269
1226
1258
1226
1226
1215
1216
1214
1224
1208
1249
1242
1263
1234
1297
1207
1315
1212
1320
1186
1300
1195
1267
1231
1247
1255
1207
1282
1201
1296
1216
1304
1226
1283
1261
1262
1301
1238
1330
1207
1337
1183
1324
1208
1294
1234
1256
1264
1210
1286
1188
1318
1190
1294
1221
1275
1267
1254
1320
1227
1360
1190
1371
1195
1350
1202
1307
1183
1259
1230
1195
1253
1175
1261
1166
1282
1215
1274
1279
1248
1338
1226
1380
1214
1389
1219
1362
1153
1303
1184
1230
1206
1180
1220
1139
1248
1144
1284
1181
1288
1247
1256
1310
1248
1356
1191
1381
1179
1359
1182
1283
1178
1280
1197
1190
1216
1142
1291
1126
1311
1153
1315
1199
1308
1295
1258
1354
1221
1383
1181
1350
1167
1350
1163
1293
1148
1212
1232
1165
1256
1146
1282
1160
1309
1206
1292
1267
1273
1337
1233
1380
1214
1361
1178
1348
1181
1281
1190
1215
1171
1185
1177
1133
1213
1147
1246
1205
1267
1261
1293
1321
1287
1374
1256
1395
1228
1352
1193
1311
1148
1244
1127
1187
1141
1152
1169
1167
1215
1200
1277
1239
1311
1303
1291
1344
1302
1353
1239
1361
1195
1326
1132
1284
1153
1198
1154
1207
1166
1198
1208
1189
1262
1223
1271
1260
1290
1282
1308
1333
1287
1338
1267
1331
1248
1300
1208
1250
1184
1208
1174
1189
1168
1189
1186
1214
1198
1245
1285
1280
1312
1309
1321
1358
1332
1318
1267
1302
1241
1263
1214
1240
1209
1212
1164
1220
1179
1244
1225
1256
1271
1277
1276
1299
1339
1312
1291
1306
1288
1300
1258
1289
1206
1249
1173
1256
1161
1248
1175
1247
1175
1245
1220
1246
1237
1256
1264
1259
1280
1276
1269
1299
1254
1304
1206
1290
1226
1273
1207
1260
1183
1232
1183
1234
1207
1219
1212
1227
1242
1240
1268
1257
1277
1303
1259
1291
1266
1297
1278
1293
1231
1255
1225
1258
1216
1244
1228
1226
1235
1222
1250
1221
1271
1248
1274
1246
1281
1262
1250
1285
1224
1303
1210
1302
1230
1286
1218
1265
1240
1234
1273
1217
1274
1216
1260
1209
1250
1227
1233
1257
1198
1295
1188
1334
1194
1347
1214
1329
1257
1299
1274
1264
1267
1231
1268
1209
1228
1207
1226
1216
1215
1247
1209
1247
1208
1315
1211
1316
1199
1311
1254
1311
1253
1283
1263
1250
1263
1227
1241
1222
1220
1225
1218
1244
1212
1267
1201
1289
1213
1316
1220
1306
1228
1290
1279
1278
1272
1255
1273
1244
1254
1172
1245
1216
1199
1231
1195
1238
1202
1268
1195
1281
1201
1300
1229
1292
1261
1295
1276
1279
1283
1240
1292
1219
1267
1205
1232
1232
1212
1222
1224
1236
1201
1286
1209
1304
1241
1311
1236
1314
1258
1278
1310
1255
1279
1237
1259
1233
1234
1206
1229
1260
1192
1284
1207
1281
1234
1297
1222
1307
1237
1282
1251
1261
1268
1261
1247
1255
1254
1268
1252
1272
1228
1281
1231
1288
1234
1293
1214
1289
1222
1280
1226
1264
1241
1260
1220
1251
1253
1224
1287
1264
1251
1265
1230
1285
1237
1272
1225
1297
1215
1295
1241
1297
1250
1272
1274
1243
1274
1233
1278
1224
1261
1240
1253
1240
1240
1269
1222
1285
1210
1293
1238
1296
1287
1312
1257
1255
1288
1231
1276
1206
1262
1210
1234
1207
1234
1249
1237
1284
1211
1297
1240
1314
1226
1297
1241
1288
1252
1256
1263
1221
1259
1212
1211
1212
1256
1238
1245
1262
1245
1304
1251
1317
1231
1323
1239
1319
1228
1295
1231
1256
1262
1239
1259
1221
1268
1229
1248
1228
1249
1275
1229
1283
1230
1313
1231
1319
1225
1301
1214
1312
1206
1253
1212
1233
1216
1210
1220
1208
1231
1220
1219
1247
1227
1272
1251
1300
1238
1283
1231
1325
1217
1297
1231
1265
1208
1232
1213
1199
1231
1193
1245
1197
1248
1230
1205
1263
1282
1307
1244
1321
1257
1330
1262
1309
1261
1265
1229
1233
1220
1189
1238
1204
1232
1212
1215
1243
1278
1272
1275
1300
1287
1323
1298
1325
1261
1293
1259
1278
1234
1250
1218
1238
1177
1222
1206
1236
1227
1255
1246
1272
1268
1300
1307
1325
1280
1321
1253
1314
1245
1295
1219
1255
1189
1241
1182
1231
1190
1235
1198
1242
1229
1259
1248
1286
1267
1340
1258
1302
1264
1316
1213
1305
1213
1276
1200
1240
1164
1247
1164
1222
1142
1227
1211
1245
1233
1272
1279
1291
1315
1313
1304
1328
1265
1306
1252
1282
1226
1254
1187
1223
1149
1223
1201
1223
1221
1242
1269
1219
1314
1265
1319
1282
1322
1283
1296
1282
1274
1266
1190
1259
1208
1254
1208
1234
1191
1280
1230
1238
1241
1252
1284
1281
1307
1274
1330
1276
1333
1296
1286
1310
1263
1280
1254
1286
1217
1267
1207
1256
1227
1242
1234
1251
1256
1263
1288
1264
1299
1294
1266
1312
1275
1291
1241
1327
1224
1310
1193
1319
1223
1273
1233
1267
1223
1291
1247
1266
1239
1280
1256
1278
1256
1277
1256
1300
1236
1306
1201
1308
1229
1289
1215
1276
1237
1267
1246
1236
1241
1247
1244
1248
1248
1248
1256
1251
1230
1265
1227
1284
1240
1292
1209
1293
1242
1284
1244
1275
1265
1243
1267
1243
1249
1250
1255
1235
1242
1240
1250
1250
1254
1268
1258
1282
1268
1294
1287
1297
1284
1288
1281
1270
1274
1257
1264
1250
1206
1242
1229
1236
1228
1260
1238
1258
1266
1272
1277
1296
1285
1307
1263
1287
1292
1274
1266
1270
1251
1249
1225
1244
1208
1261
1193
1262
1201
1268
1231
1280
1244
1293
1228
1305
1279
1308
1276
1304
1261
1276
1250
1271
1212
1257
1186
1249
1106
1252
1171
1256
1190
1274
1211
1279
1262
1297
1273
1302
1281
1292
1283
1276
1283
1253
1245
1242
1222
1219
1208
1230
1180
1240
1183
1263
1204
1280
1228
1319
1255
1294
1263
1285
1314
1275
1289
1258
1286
1217
1267
1238
1230
1233
1217
1240
1199
1254
1199
1268
1214
1280
1242
1285
1266
1293
1265
1272
1293
1260
1287
1281
1282
1266
1248
1259
1238
1249
1228
1255
1215
1262
1219
1273
1232
1292
1243
1301
1277
1300
1282
1284
1287
1275
1319
1283
1282
1249
1249
1242
1233
1246
1219
1261
1184
1298
1206
1284
1247
1290
1250
1284
1272
1280
1279
1227
1289
1269
1265
1256
1243
1253
1256
1255
1161
1261
1210
1276
1219
1261
1223
1284
1235
1276
1258
1268
1272
1261
1266
1255
1273
1251
1318
1249
1252
1236
1245
1254
1226
1213
1219
1269
1193
1272
1235
1266
1272
1270
1253
1257
1274
1268
1279
1251
1262
1255
1258
1254
1262
1254
1245
1264
1207
1264
1244
1273
1234
1279
1258
1254
1280
1268
1276
1258
1265
1255
1244
1260
1252
1253
1271
1263
1237
1265
1259
1281
1230
1253
1237
1283
1226
1292
1245
1286
1241
1282
1197
1261
1237
1276
1215
1271
1224
1281
1218
1280
1206
1284
1208
1285
1219
1279
1226
1287
1234
1285
1248
1273
1273
1284
1250
1289
1255
1286
1237
1282
1239
1273
1243
1272
1246
1257
1257
1263
1245
1256
1260
1266
1272
1275
1278
1274
1289
1277
1292
1276
1278
1302
1269
1271
1263
1270
1253
1269
1241
1263
1255
1257
1262
1270
1255
1267
1254
1273
1292
1272
1292
1291
1277
1270
1285
1266
1258
1274
1262
1274
1269
1252
1270
1260
1236
1271
1255
1273
1269
1277
1270
1278
1277
1280
1291
1287
1265
1286
1278
1289
1275
1291
1249
1290
1240
1286
1229
1280
1240
1294
1211
1294
1234
1295
1240
1302
1263
1289
1269
1305
1254
1321
1245
1290
1202
1282
1213
1290
1210
1287
1209
1283
1213
1289
1249
1303
1261
1288
1269
1279
1291
1271
1288
1269
1255
1260
1257
1250
1242
1265
1227
1261
1204
1263
1238
1262
1248
1265
1246
1268
1298
1264
1299
1257
1325
1253
1335
1256
1316
1290
1266
1265
1253
1273
1235
1257
1213
1272
1244
1272
1271
1276
1299
1316
1322
1279
1347
1279
1349
1278
1299
1275
1251
1247
1222
1276
1184
1286
1154
1284
1178
1291
1200
1293
1241
1296
1257
1293
1284
1284
1273
1290
1283
1280
1269
1288
1208
1312
1190
1313
1175
1302
1173
1292
1181
1291
1231
1279
1247
1302
1274
1284
1301
1281
1321
1280
1276
1285
1264
1306
1220
1310
1192
1293
1185
1290
1209
1273
1218
1262
1244
1285
1291
1251
1333
1256
1323
1257
1320
1248
1324
1262
1291
1274
1262
1285
1265
1275
1229
1271
1249
1261
1274
1253
1283
1246
1296
1252
1315
1233
1324
1241
1322
1271
1307
1282
1300
1302
1258
1291
1243
1281
1235
1277
1226
1269
1231
1264
1229
1270
1244
1271
1234
1280
1275
1287
1298
1295
1292
1296
1286
1304
1276
1305
1243
1298
1206
1289
1199
1288
1191
1276
1169
1277
1205
1278
1238
1287
1259
1276
1283
1294
1292
1296
1288
1298
1254
1293
1243
1283
1266
1285
1214
1266
1236
1282
1222
1255
1237
1266
1260
1269
1301
1267
1313
1290
1321
1271
1319
1279
1305
1273
1273
1279
1262
1257
1225
1278
1229
1273
1200
1264
1268
1260
1299
1261
1313
1253
1337
1260
1327
1274
1316
1277
1274
1284
1269
1285
1249
1288
1235
1289
1234
1287
1241
1260
1263
1267
1289
1265
1298
1266
1300
1258
1242
1261
1256
1277
1230
1276
1225
1297
1230
1298
1215
1298
1238
1292
1251
1281
1257
1286
1304
1258
1283
1236
1288
1251
1244
1218
1246
1283
1220
1294
1203
1300
1228
1304
1250
1294
1251
1283
1259
1263
1271
1263
1281
1253
1269
1251
1275
1247
1258
1272
1241
1279
1218
1287
1249
1281
1238
1291
1252
1287
1278
1280
1264
1270
1265
1255
1310
1253
1290
1252
1268
1256
1249
1230
1258
1284
1240
1296
1272
1293
1298
1292
1294
1285
1290
1268
1292
1256
1279
1253
1257
1248
1248
1250
1247
1268
1223
1272
1231
1286
1251
1295
1260
1289
1270
1306
1277
1272
1299
1266
1248
1255
1268
1254
1294
1257
1253
1251
1259
1272
1237
1274
1224
1297
1207
1298
1234
1289
1250
1283
1260
1265
1282
1250
1302
1247
1294
1252
1276
1259
1267
1264
1213
1300
1197
1281
1198
1292
1217
1291
1221
1288
1259
1250
1270
1270
1285
1264
1261
1257
1295
1251
1282
1256
1262
1251
1264
1268
1235
1275
1228
1281
1235
1289
1252
1274
1280
1272
1275
1260
1306
1255
1306
1258
1303
1235
1310
1255
1272
1291
1257
1278
1226
1282
1227
1275
1221
1277
1241
1240
1275
1245
1269
1264
1290
1262
1288
1266
1288
1271
1264
1281
1260
1279
1232
1286
1218
1292
1235
1271
1247
1273
1261
1265
1286
1260
1284
1258
1274
1270
1275
1277
1255
1271
1238
1285
1218
1292
1234
1286
1232
1279
1248
1264
1240
1265
1296
1245
1289
1254
1262
1287
1252
1277
1218
1288
1212
1291
1204
1298
1216
1291
1220
1283
1227
1272
1273
1257
1286
1249
1290
1247
1297
1262
1261
1263
1258
1278
1236
1297
1223
1299
1215
1299
1214
1282
1241
1273
1239
1259
1287
1242
1296
1237
1328
1230
1320
1252
1321
1286
1276
1273
1229
1288
1224
1302
1224
1291
1233
1279
1222
1267
1277
1270
1289
1248
1304
1246
1306
1249
1300
1263
1267
1275
1269
1283
1222
1302
1247
1298
1240
1290
1233
1319
1221
1277
1198
1264
1231
1250
1231
1256
1262
1254
1291
1228
1302
1302
1295
1298
1257
1303
1265
1303
1217
1290
1158
1276
1174
1266
1176
1259
1194
1218
1243
1253
1292
1255
1314
1263
1321
1288
1329
1277
1269
1281
1254
1276
1224
1277
1172
1274
1155
1262
1158
1258
1211
1251
1245
1247
1297
1239
1331
1250
1325
1266
1318
1270
1291
1278
1236
1318
1187
1284
1148
1280
1139
1282
1165
1276
1218
1244
1276
1265
1308
1258
1342
1262
1340
1269
1311
1279
1257
1281
1212
1280
1224
1289
1151
1281
1176
1300
1208
1289
1270
1268
1308
1262
1356
1252
1343
1256
1306
1260
1273
1267
1215
1275
1170
1286
1167
1295
1180
1291
1202
1287
1250
1279
1306
1254
1315
1237
1289
1226
1298
1231
1237
1239
1216
1247
1206
1269
1185
1283
1190
1303
1209
1298
1244
1296
1252
1283
1284
1254
1298
1233
1272
1226
1259
1226
1240
1237
1243
1261
1194
1277
1189
1299
1212
1307
1211
1294
1229
1301
1298
1265
1284
1241
1267
1226
1240
1181
1226
1235
1176
1233
1204
1258
1225
1280
1217
1286
1242
1302
1263
1287
1256
1283
1238
1265
1247
1233
1226
1234
1215
1233
1214
1244
1231
1258
1225
1265
1266
1295
1270
1302
1268
1293
1225
1283
1231
1265
1241
1255
1199
1237
1210
1240
1214
1211
1229
1261
1244
1276
1280
1284
1283
1285
1269
1271
1254
1272
1225
1241
1198
1250
1196
1245
1203
1248
1211
1254
1224
1245
1253
1260
1259
1265
1276
1257
1281
1256
1248
1256
1227
1254
1189
1250
1207
1252
1226
1259
1223
1257
1257
1270
1265
1253
1286
1277
1285
1274
1276
1273
1266
1263
1254
1258
1229
1260
1209
1256
1222
1267
1238
1266
1244
1278
1284
1281
1279
1264
1284
1281
1305
1269
1265
1256
1250
1257
1193
1256
1211
1267
1206
1265
1232
1269
1267
1281
1292
1270
1293
1287
1273
1260
1256
1261
1222
1250
1198
1243
1190
1232
1175
1253
1213
1270
1244
1275
1276
1304
1276
1292
1292
1285
1264
1277
1197
1266
1172
1253
1169
1235
1162
1243
1168
1252
1183
1263
1229
1277
1234
1279
1260
1279
1290
1275
1256
1253
1229
1262
1214
1260
1175
1255
1133
1258
1155
1252
1183
1266
1201
1264
1243
1270
1298
1270
1306
1255
1292
1256
1275
1253
1233
1248
1154
1256
1149
1277
1145
1267
1173
1265
1233
1274
1271
1307
1307
1285
1308
1276
1320
1263
1289
1263
1235
1255
1196
1230
1161
1275
1145
1280
1159
1285
1208
1291
1240
1293
1265
1282
1301
1273
1311
1266
1295
1252
1274
1250
1219
1273
1185
1264
1157
1272
1166
1277
1158
1279
1211
1263
1255
1263
1267
1277
1288
1255
1298
1256
1321
1261
1263
1273
1248
1268
1223
1287
1183
1272
1181
1283
1194
1273
1200
1264
1233
1260
1243
1253
1276
1258
1231
1272
1288
1271
1277
1281
1223
1323
1196
1283
1172
1281
1172
1269
1176
1259
1218
1243
1236
1238
1252
1259
1278
1254
1289
1270
1287
1279
1271
1289
1240
1312
1226
1292
1218
1283
1216
1208
1216
1253
1211
1244
1244
1243
1259
1251
1261
1261
1239
1272
1286
1285
1265
1298
1239
1328
1224
1294
1177
1291
1189
1272
1196
1262
1191
1251
1220
1261
1254
1267
1271
1275
1262
1279
1249
1286
1240
1286
1197
1287
1184
1278
1184
1267
1196
1240
1188
1255
1207
1254
1245
1259
1224
1263
1255
1260
1253
1263
1261
1268
1244
1262
1220
1283
1219
1260
1178
1267
1201
1255
1211
1261
1213
1253
1239
1257
1275
1258
1274
1258
1270
1250
1264
1259
1252
1266
1212
1262
1196
1268
1192
1280
1192
1265
1203
1267
1226
1264
1239
1265
1224
1263
1255
1254
1243
1259
1229
1245
1231
1254
1207
1267
1215
1266
1195
1265
1212
1273
1211
1275
1228
1269
1233
1267
1214
1259
1216
1253
1222
1246
1198
1242
1193
1248
1183
1257
1194
1264
1206
1274
1222
1272
1233
1275
1221
1297
1220
1264
1208
1258
1255
1255
1218
1252
1213
1223
1217
1261
1205
1288
1231
1280
1243
1279
1247
1278
1257
1278
1261
1272
1255
1272
1230
1265
1233
1249
1236
1260
1209
1253
1222
1254
1218
1258
1232
1255
1278
1262
1271
1265
1273
1275
1247
1233
1251
1274
1227
1279
1229
1270
1240
1262
1235
1254
1231
1258
1230
1248
1246
1259
1238
1263
1242
1274
1246
1268
1240
1277
1228
1286
1235
1282
1239
1269
1221
1270
1220
1266
1230
1257
1200
1277
1217
1247
1262
1255
1244
1251
1237
1266
1230
1254
1235
1285
1208
1285
1214
1274
1227
1280
1223
1255
1229
1249
1239
1234
1247
1270
1238
1253
1236
1261
1236
1276
1200
1283
1214
1286
1258
1284
1208
1270
1226
1263
1234
1253
1245
1249
1226
1252
1256
1225
1280
1273
1256
1276
1255
1294
1256
1283
1234
1312
1212
1290
1231
1275
1222
1262
1179
1252
1225
1241
1247
1244
1261
1261
1245
1265
1292
1278
1282
1287
1254
1289
1244
1278
1253
1291
1203
1258
1225
1250
1210
1219
1216
1239
1211
1243
1270
1248
1278
1266
1280
1268
1274
1283
1238
1272
1208
1277
1197
1268
1186
1264
1173
1237
1157
1262
1212
1264
1221
1271
1251
1246
1250
1277
1261
1284
1249
1285
1227
1270
1222
1262
1196
1266
1185
1265
1197
1265
1179
1264
1203
1281
1231
1283
1256
1279
1272
1275
1284
1268
1268
1271
1240
1265
1221
1261
1205
1278
1182
1266
1183
1272
1196
1272
1224
1271
1249
1277
1285
1262
1299
1268
1275
1260
1268
1260
1231
1253
1216
1259
1199
1265
1211
1260
1221
1272
1223
1289
1250
1280
1256
1277
1268
1268
1281
1261
1282
1253
1260
1253
1242
1257
1241
1263
1220
1268
1208
1274
1212
1277
1218
1276
1206
1262
1200
1263
1256
1253
1261
1253
1254
1268
1256
1264
1217
1268
1208
1271
1208
1276
1198
1269
1196
1273
1205
1284
1222
1270
1207
1269
1234
1269
1250
1269
1219
1291
1236
1281
1233
1293
1224
1270
1219
1286
1210
1271
1216
1295
1201
1274
1210
1260
1201
1262
1230
1258
1253
1260
1252
1313
1245
1277
1220
1281
1247
1277
1234
1280
1226
1263
1230
1263
1237
1267
1240
1263
1245
1257
1276
1265
1248
1273
1263
1270
1267
1280
1266
1276
1240
1249
1244
1260
1241
1260
1241
1256
1208
1260
1259
1258
1251
1299
1276
1261
1294
1273
1280
1310
1255
1279
1240
1284
1259
1266
1237
1281
1233
1261
1269
1271
1265
1287
1259
1285
1266
1284
1288
1291
1234
1288
1234
1278
1234
1272
1226
1266
1238
1253
1255
1256
1233
1262
1245
1268
1226
1279
1249
1278
1223
1285
1236
1269
1234
1278
1206
1281
1202
1269
1214
1258
1224
1255
1228
1262
1265
1268
1262
1288
1261
1295
1267
1272
1259
1294
1223
1292
1200
1281
1200
1271
1199
1267
1205
1273
1252
1269
1266
1290
1263
1312
1280
1303
1254
1304
1251
1293
1222
1284
1238
1263
1222
1260
1236
1259
1259
1258
1268
1261
1283
1279
1305
1290
1258
1294
1273
1309
1267
1292
1257
1267
1236
1271
1235
1259
1250
1261
1227
1286
1241
1274
1261
1284
1305
1287
1267
1298
1257
1277
1253
1295
1229
1287
1230
1276
1229
1267
1211
1262
1220
1244
1234
1271
1245
1281
1246
1289
1262
1297
1259
1297
1213
1289
1226
1286
1222
1277
1210
1252
1219
1257
1226
1262
1244
1291
1232
1275
1266
1276
1288
1286
1262
1279
1268
1282
1247
1264
1233
1274
1207
1278
1252
1269
1264
1271
1272
1275
1277
1282
1290
1283
1289
1291
1297
1284
1287
1286
1279
1283
1270
1274
1283
1278
1305
1277
1275
1273
1286
1271
1260
1277
1251
1278
1235
1281
1249
1279
1269
1279
1259
1270
1280
1273
1260
1252
1262
1266
1246
1278
1228
1263
1236
1264
1190
1261
1214
1274
1220
1273
1235
1263
1247
1281
1244
1281
1242
1276
1243
1278
1219
1269
1252
1266
1216
1263
1203
1262
1181
1219
1208
1275
1193
1283
1225
1281
1257
1287
1262
1273
1262
1280
1246
1262
1240
1287
1217
1268
1198
1265
1203
1266
1169
1269
1199
1277
1233
1281
1265
1274
1285
1289
1290
1291
1310
1280
1276
1290
1263
1268
1294
1269
1246
1262
1229
1266
1227
1243
1254
1272
1241
1293
1274
1293
1317
1293
1306
1279
1294
1279
1289
1264
1294
1266
1250
1263
1245
1245
1251
1277
1241
1280
1248
1285
1269
1287
1275
1273
1287
1280
1282
1274
1273
1268
1230
1259
1250
1260
1257
1270
1238
1268
1248
1282
1253
1279
1231
1294
1224
1291
1244
1285
1243
1273
1237
1268
1242
1267
1246
1262
1228
1266
1249
1280
1251
1279
1242
1288
1219
1289
1234
1289
1229
1290
1225
1277
1238
1273
1225
1260
1259
1268
1235
1241
1272
1273
1274
1287
1262
1282
1289
1293
1258
1299
1245
1299
1243
1286
1238
1280
1238
1271
1248
1261
1282
1267
1293
1270
1284
1272
1319
1283
1289
1288
1276
1290
1252
1289
1244
1290
1226
1288
1264
1272
1284
1273
1277
1306
1296
1280
1285
1282
1278
1285
1266
1286
1255
1280
1233
1292
1214
1297
1227
1280
1233
1278
1247
1268
1269
1278
1278
1268
1279
1275
1281
1282
1269
1288
1246
1315
1203
1289
1208
1293
1197
1292
1201
1278
1214
1292
1257
1263
1274
1266
1259
1300
1274
1278
1249
1286
1246
1286
1210
1280
1196
1276
1190
1282
1208
1281
1241
1281
1253
1279
1285
1296
1302
1280
1277
1276
1261
1274
1247
1280
1257
1273
1203
1278
1200
1247
1224
1278
1229
1277
1254
1275
1290
1277
1305
1269
1311
1277
1279
1304
1248
1286
1208
1285
1209
1266
1203
1286
1218
1281
1247
1290
1279
1295
1290
1292
1298
1289
1291
1290
1267
1290
1223
1289
1215
1287
1174
1292
1200
1281
1229
1301
1238
1319
1260
1285
1240
1281
1294
1281
1270
1280
1262
1269
1257
1272
1231
1283
1215
1274
1217
1277
1227
1272
1234
1273
1231
1281
1276
1279
1273
1281
1270
1259
1274
1275
1240
1279
1226
1273
1215
1278
1223
1271
1223
1273
1257
1265
1278
1276
1263
1286
1250
1283
1249
1285
1254
1282
1244
1279
1257
1268
1258
1298
1261
1278
1297
1245
1286
1278
1280
1276
1275
1276
1248
1263
1237
1274
1231
1280
1238
1264
1242
1267
1242
1271
1268
1271
1272
1272
1281
1246
1298
1266
1290
1266
1263
1274
1239
1263
1241
1281
1214
1292
1228
1285
1254
1283
1277
1300
1266
1281
1287
1269
1288
1268
1271
1264
1247
1267
1243
1267
1203
1272
1199
1271
1223
1274
1235
1262
1238
1282
1251
1285
1278
1270
1238
1264
1248
1261
1257
1264
1217
1241
1214
1263
1213
1250
1217
1274
1223
1280
1261
1269
1284
1285
1222
1282
1240
1278
1270
1273
1242
1284
1225
1271
1228
1268
1223
1266
1219
1273
1245
1270
1316
1278
1278
1275
1290
1287
1272
1240
1251
1290
1198
1280
1213
1272
1225
1272
1213
1254
1245
1264
1260
1250
1265
1267
1284
1283
1290
1281
1261
1284
1220
1278
1217
1280
1191
1309
1185
1245
1202
1252
1223
1248
1237
1257
1247
1259
1279
1249
1306
1274
1287
1282
1280
1289
1234
1261
1209
1294
1191
1294
1205
1278
1219
1271
1234
1242
1260
1266
1266
1266
1288
1283
1265
1288
1259
1292
1239
1296
1223
1285
1208
1288
1199
1280
1213
1256
1234
1265
1224
1267
1211
1274
1240
1274
1248
1283
1263
1285
1250
1278
1249
1285
1227
1272
1234
1276
1228
1272
1230
1263
1238
1260
1243
1273
1232
1273
1258
1277
1253
1283
1247
1287
1253
1287
1273
1279
1262
1273
1262
1266
1264
1262
1256
1259
1243
1260
1218
1242
1228
1270
1201
1273
1226
1278
1260
1277
1273
1269
1281
1272
1287
1272
1293
1260
1258
1258
1244
1272
1233
1263
1203
1261
1198
1279
1212
1283
1223
1282
1243
1269
1269
1268
1290
1267
1265
1264
1269
1263
1255
1270
1230
1279
1231
1268
1192
1277
1220
1272
1180
1272
1233
1274
1264
1265
1265
1256
1283
1265
1281
1276
1249
1299
1224
1269
1208
1270
1212
1265
1173
1256
1191
1242
1228
1259
1242
1259
1254
1254
1264
1254
1252
1270
1215
1274
1228
1270
1198
1274
1196
1261
1214
1257
1219
1284
1222
1259
1241
1248
1255
1258
1245
1269
1245
1260
1237
1272
1222
1281
1199
1280
1209
1254
1220
1250
1229
1259
1214
1259
1269
1253
1266
1256
1256
1249
1264
1265
1227
1274
1201
1279
1177
1283
1191
1276
1177
1271
1225
1258
1259
1251
1267
1271
1284
1251
1276
1255
1258
1257
1229
1270
1216
1276
1197
1280
1175
1282
1189
1278
1224
1260
1232
1251
1258
1251
1256
1244
1251
1252
1203
1258
1221
1255
1207
1263
1179
1304
1176
1247
1175
1268
1195
1258
1206
1256
1243
1246
1241
1252
1237
1265
1248
1259
1233
1262
1213
1266
1210
1245
1172
1271
1199
1273
1189
1274
1229
1234
1233
1260
1228
1258
1262
1261
1228
1251
1223
1262
1209
1269
1229
1264
1226
1265
1208
1281
1233
1269
1208
1260
1229
1257
1240
1262
1224
1252
1216
1269
1211
1276
1206
1277
1192
1276
1214
1269
1241
1261
1223
1258
1250
1252
1281
1255
1247
1249
1224
1261
1210
1266
1193
1262
1163
1270
1181
1251
1215
1260
1232
1253
1261
1253
1270
1251
1266
1253
1234
1249
1232
1255
1208
1267
1184
1250
1183
1260
1166
1257
1189
1262
1208
1261
1241
1260
1244
1264
1244
1261
1245
1258
1243
1259
1201
1251
1196
1253
1176
1257
1167
1259
1147
1261
1200
1256
1222
1268
1227
1254
1256
1262
1269
1254
1241
1271
1222
1253
1214
1271
1192
1243
1140
1255
1190
1255
1200
1252
1224
1266
1254
1259
1250
1272
1251
1274
1239
1262
1223
1277
1240
1283
1163
1263
1216
1256
1194
1203
1219
1251
1218
1256
1239
1261
1253
1266
1251
1261
1244
1272
1221
1263
1221
1267
1226
1266
1241
1258
1235
1242
1225
1251
1237
1255
1236
1265
1241
1262
1230
1271
1215
1272
1222
1271
1203
1271
1206
1255
1248
1256
1241
1251
1241
1258
1227
1215
1231
1265
1242
1274
1212
1276
1225
1288
1223
1269
1213
1266
1222
1278
1236
1260
1246
1261
1235
1258
1246
1262
1258
1269
1223
1272
1216
1275
1212
1274
1205
1274
1168
1270
1220
1267
1195
1253
1244
1251
1282
1237
1266
1252
1256
1270
1243
1262
1231
1287
1182
1285
1205
1272
1218
1275
1211
1255
1232
1258
1259
1253
1266
1258
1266
1262
1258
1271
1255
1279
1217
1276
1208
1276
1237
1268
1210
1258
1232
1256
1246
1252
1257
1266
1239
1270
1267
1258
1298
1262
1249
1252
1243
1250
1227
1255
1216
1258
1205
1255
1229
1248
1230
1270
1216
1244
1247
1248
1247
1241
1245
1259
1244
1255
1239
1260
1218
1262
1160
1255
1203
1250
1204
1251
1201
1240
1231
1240
1223
1253
1230
1259
1222
1266
1230
1264
1214
1270
1199
1260
1202
1260
1187
1259
1190
1252
1202
1252
1214
1256
1210
1265
1209
1264
1220
1277
1211
1278
1211
1265
1220
1264
1198
1259
1209
1253
1195
1252
1220
1275
1221
1259
1246
1253
1263
1268
1222
1294
1223
1270
1211
1275
1204
1262
1198
1258
1219
1242
1211
1273
1221
1254
1226
1258
1229
1265
1216
1270
1219
1286
1204
1274
1196
1274
1211
1271
1218
1253
1220
1253
1211
1246
1227
1245
1212
1246
1214
1250
1210
1240
1235
1260
1223
1270
1219
1291
1215
1266
1197
1260
1210
1245
1216
1238
1226
1236
1211
1243
1233
1248
1234
1260
1228
1265
1219
1280
1219
1276
1189
1271
1206
1262
1163
1238
1213
1247
1229
1252
1229
1290
1246
1267
1211
1272
1241
1274
1225
1275
1221
1263
1225
1266
1225
1277
1216
1269
1217
1259
1222
1260
1248
1262
1221
1264
1245
1258
1250
1270
1237
1208
1248
1261
1239
1259
1227
1258
1215
1258
1228
1254
1210
1258
1230
1253
1242
1242
1261
1306
1235
1254
1213
1266
1239
1264
1228
1259
1230
1243
1233
1247
1271
1258
1233
1250
1228
1250
1237
1257
1230
1262
1213
1261
1234
1264
1224
1258
1227
1221
1232
1234
1222
1229
1224
1229
1216
1201
1229
1243
1215
1252
1216
1256
1249
1263
1223
1296
1222
1263
1250
1261
1230
1247
1233
1248
1249
1248
1251
1242
1242
1260
1238
1259
1241
1266
1224
1271
1214
1277
1218
1270
1216
1298
1219
1258
1246
1257
1271
1259
1243
1262
1243
1268
1217
1271
1220
1270
1212
1273
1218
1270
1219
1294
1201
1273
1235
1268
1243
1264
1242
1252
1254
1252
1251
1251
1237
1262
1232
1259
1237
1267
1217
1265
1211
1264
1227
1263
1227
1248
1226
1242
1251
1240
1258
1241
1252
1246
1242
1250
1238
1265
1198
1272
1204
1263
1223
1260
1204
1241
1212
1243
1237
1211
1247
1238
1249
1244
1240
1252
1261
1260
1246
1260
1205
1266
1202
1276
1185
1235
1179
1256
1186
1250
1204
1252
1189
1244
1224
1241
1260
1252
1235
1250
1236
1263
1223
1240
1207
1304
1176
1280
1213
1270
1240
1263
1212
1248
1237
1269
1249
1251
1251
1260
1253
1270
1262
1276
1246
1302
1223
1278
1223
1284
1228
1277
1212
1257
1239
1264
1249
1267
1255
1265
1222
1266
1273
1265
1287
1291
1256
1262
1257
1264
1232
1240
1225
1259
1222
1258
1244
1253
1246
1253
1258
1253
1271
1253
1269
1244
1263
1260
1262
1248
1234
1250
1233
1244
1214
1239
1221
1247
1258
1248
1240
1245
1262
1252
1234
1251
1240
1247
1223
1243
1232
1248
1246
1251
1223
1239
1233
1254
1225
1236
1234
1248
1237
1258
1232
1262
1227
1264
1166
1257
1214
1270
1214
1259
1219
1263
1239
1253
1230
1260
1251
1262
1239
1262
1238
1264
1277
1272
1248
1270
1235
1305
1220
1259
1228
1272
1203
1281
1228
1262
1250
1238
1265
1253
1258
1266
1254
1267
1264
1281
1239
1285
1220
1276
1228
1269
1221
1257
1203
1249
1216
1228
1245
1216
1242
1252
1247
1259
1261
1273
1232
1251
1230
1266
1233
1262
1216
1246
1209
1243
1209
1237
1217
1245
1210
1249
1251
1253
1278
1266
1265
1279
1261
1270
1266
1268
1241
1270
1225
1256
1224
1247
1229
1250
1215
1245
1244
1258
1265
1259
1270
1261
1271
1279
1262
1278
1245
1283
1211
1277
1219
1271
1215
1265
1220
1229
1242
1241
1244
1266
1248
1259
1250
1272
1260
1281
1256
1288
1245
1285
1237
1279
1228
1275
1220
1259
1237
1236
1242
1242
1231
1249
1259
1256
1266
1264
1216
1279
1255
1274
1261
1275
1230
1302
1221
1264
1199
1264
1227
1267
1223
1248
1251
1239
1272
1255
1260
1277
1262
1271
1257
1275
1240
1271
1217
1265
1189
1254
1231
1253
1222
1250
1244
1190
1281
1252
1272
1260
1280
1264
1272
1270
1260
1259
1203
1272
1244
1263
1253
1261
1223
1305
1242
1257
1250
1257
1278
1253
1285
1263
1311
1262
1299
1300
1285
1291
1275
1282
1254
1277
1243
1274
1246
1268
1242
1265
1245
1268
1279
1270
1284
1257
1287
1276
1270
1283
1275
1284
1231
1284
1220
1274
1206
1249
1234
1259
1229
1261
1237
1297
1256
1277
1242
1281
1263
1283
1261
1282
1262
1279
1237
1274
1230
1249
1223
1262
1211
1258
1208
1263
1236
1265
1227
1270
1245
1273
1263
1279
1264
1262
1253
1282
1244
1257
1265
1258
1193
1257
1179
1253
1219
1262
1224
1245
1238
1262
1253
1279
1250
1274
1246
1268
1259
1262
1246
1258
1239
1248
1233
1242
1238
1245
1225
1245
1234
1243
1246
1252
1252
1266
1238
1268
1272
1269
1269
1269
1266
1278
1271
1233
1258
1249
1242
1252
1224
1252
1248
1262
1251
1275
1260
1273
1272
1286
1274
1286
1262
1280
1273
1275
1279
1265
1270
1264
1238
1268
1268
1266
1261
1279
1275
1262
1285
1284
1268
1291
1269
1287
1254
1279
1265
1273
1272
1269
1286
1272
1279
1262
1260
1253
1274
1281
1265
1285
1269
1281
1268
1278
1269
1282
1285
1275
1250
1264
1253
1258
1255
1266
1250
1263
1241
1267
1237
1262
1255
1268
1248
1268
1265
1256
1258
1266
1244
1267
1254
1262
1236
1262
1240
1261
1269
1264
1260
1259
1253
1270
1245
1263
1256
1285
1241
1287
1249
1281
1265
1276
1257
1267
1249
1267
1259
1258
1262
1270
1257
1276
1256
1281
1268
1296
1244
1283
1273
1284
1307
1277
1261
1262
1270
1267
1264
1253
1276
1262
1245
1267
1268
1265
1295
1270
1270
1271
1273
1264
1268
1243
1258
1247
1245
1254
1261
1242
1269
1260
1195
1256
1250
1265
1276
1262
1267
1279
1266
1265
1263
1263
1258
1266
1226
1266
1224
1269
1281
1269
1233
1262
1262
1262
1256
1224
1266
1299
1241
1274
1269
1274
1296
1269
1249
1261
1250
1271
1234
1260
1218
1269
1218
1269
1238
1257
1245
1275
1230
1271
1272
1279
1279
1274
1268
1249
1275
1265
1261
1264
1248
1260
1224
1257
1253
1263
1270
1274
1268
1268
1296
1276
1288
1253
1295
1280
1282
1238
1302
1261
1287
1253
1276
1242
1261
1251
1247
1252
1232
1267
1280
1268
1266
1269
1273
1278
1285
1271
1288
1264
1274
1255
1258
1237
1258
1244
1219
1249
1212
1251
1186
1251
1209
1264
1221
1265
1238
1259
1232
1268
1240
1260
1249
1258
1244
1255
1225
1248
1212
1247
1214
1242
1202
1275
1208
1258
1245
1264
1243
1266
1231
1274
1251
1281
1255
1265
1238
1268
1235
1266
1242
1254
1233
1262
1222
1257
1238
1268
1220
1273
1232
1256
1251
1277
1262
1274
1256
1275
1244
1273
1245
1269
1250
1295
1238
1268
1245
1266
1251
1262
1240
1268
1255
1251
1265
1261
1252
1263
1265
1261
1272
1261
1239
1252
1241
1261
1231
1264
1255
1257
1262
1256
1261
1285
1269
1260
1248
1254
1251
1260
1273
1262
1253
1259
1254
1267
1248
1279
1243
1273
1230
1268
1242
1265
1242
1266
1229
1262
1248
1270
1252
1272
1237
1270
1230
1270
1235
1268
1218
1272
1194
1270
1221
1269
1221
1271
1243
1266
1261
1273
1250
1299
1253
1268
1239
1265
1260
1272
1235
1286
1238
1254
1250
1264
1281
1280
1244
1275
1257
1291
1262
1271
1254
1273
1251
1263
1255
1262
1245
1261
1238
1252
1258
1273
1240
1264
1244
1269
1235
1268
1255
1264
1243
1263
1262
1250
1254
1260
1237
1284
1248
1262
1232
1263
1234
1268
1237
1259
1266
1254
1263
1260
1267
1262
1274
1269
1278
1267
1254
1271
1247
1268
1220
1268
1212
1288
1186
1265
1242
1252
1276
1253
1260
1297
1277
1278
1273
1277
1262
1273
1245
1297
1252
1275
1229
1277
1222
1288
1229
1275
1242
1274
1253
1272
1267
1271
1258
1274
1282
1280
1296
1281
1287
1239
1268
1279
1253
1275
1248
1278
1230
1280
1224
1272
1235
1224
1276
1257
1287
1262
1285
1280
1308
1267
1270
1270
1278
1269
1266
1275
1256
1268
1241
1275
1255
1285
1270
1266
1279
1260
1288
1258
1311
1260
1276
1264
1290
1270
1286
1276
1265
1262
1253
1275
1251
1270
1260
1273
1230
1268
1283
1264
1279
1259
1275
1261
1278
1266
1273
1264
1256
1274
1230
1278
1249
1269
1250
1268
1239
1265
1244
1264
1253
1262
1244
1265
1242
1262
1256
1264
1244
1288
1232
1267
1231
1268
1240
1272
1239
1265
1248
1254
1248
1285
1242
1270
1236
1270
1251
1265
1248
1268
1245
1259
1251
1265
