1170
1343
1541
1362
1526
1365
1487
1305
1275
1311
1261
1311
1277
1309
1278
1314
1282
1286
1336
1302
1303
1308
1277
1309
1251
1310
1284
1305
1249
1299
1280
1292
1294
1308
1254
1318
1302
1307
1269
1328
1282
1298
1280
1305
1293
1297
1245
1305
1281
1292
1232
1311
1307
1293
1288
1300
1287
1305
1276
1298
1282
1301
1310
1303
1303
1297
1258
1304
1284
1300
1287
1302
1256
1306
1284
1307
1288
1305
1336
1284
1288
1307
1265
1325
1272
1304
1279
1309
1281
1311
1291
1309
1268
1307
1291
1310
1284
1315
1279
1246
1245
1306
1293
1307
1261
1314
1261
1309
1283
1306
1305
1309
1282
1326
1304
1332
1221
1263
1273
1311
1284
1307
1297
1305
1288
1305
1285
1303
1281
1306
1281
1306
1327
1310
1282
1306
1321
1302
1268
1307
1283
1302
1276
1308
1277
1296
1362
1281
1244
1300
1273
1304
1241
1303
1259
1302
1277
1305
1297
1307
1295
1290
1295
1302
1274
1285
1287
1309
1252
1310
1305
1304
1291
1309
1281
1306
1285
1308
1288
1302
1224
1333
1438
1305
1276
1307
1285
1307
1274
1307
1293
1306
1277
1303
1253
1306
1292
1302
1281
1343
1283
1311
1249
1321
1277
1312
1279
1309
1281
1306
1215
1320
1243
1321
1282
1310
1274
1309
1281
1311
1269
1306
1265
1305
1274
1308
1274
1310
1275
1278
1292
1307
1252
1326
1256
1313
1271
1310
1261
1305
1295
1313
1223
1308
1358
1305
1269
1301
1293
1307
1272
1309
1272
1305
1272
1311
1291
1304
1297
1308
1294
1281
1296
1308
1255
1310
1240
1299
1292
1304
1280
1299
1277
1299
1283
1301
1326
1329
1279
1293
1223
1305
1271
1302
1249
1303
1276
1300
1319
1306
1283
1302
1293
1298
1295
1300
1352
1307
1320
1311
1300
1314
1278
1314
1306
1334
1287
1309
1265
1300
1277
1286
1278
1291
1210
1299
1255
1294
1213
1291
1243
1284
1234
1295
1276
1289
1260
1301
1262
1318
1275
1286
1278
1337
1306
1337
1308
1338
1298
1348
1306
1352
1303
1350
1320
1349
1313
1340
1339
1340
1356
1334
1335
1332
1314
1325
1346
1313
1338
1296
1275
1302
1253
1306
1255
1320
1248
1337
1216
1349
1263
1369
1242
1382
1250
1398
1288
1421
1313
1410
1336
1403
1404
1384
1428
1390
1408
1329
1443
1310
1410
1294
1402
1249
1382
1252
1357
1228
1337
1205
1290
1179
1316
1155
1283
1136
1240
1102
1218
1103
1114
1078
1029
1125
965
1150
883
1189
922
1195
968
1204
935
1234
961
1247
988
1275
1005
1299
1025
1345
1044
1380
1098
1423
1202
1438
1292
1476
1356
1444
1437
1428
1549
1395
1618
1352
1614
1319
1624
1300
1593
1294
1600
1279
1575
1299
1529
1317
1520
1321
1435
1334
1401
1318
1330
1351
1243
1363
1187
1387
1150
1407
1104
1435
1072
1453
1063
1451
1029
1469
1005
1471
951
1465
968
1451
1000
1425
1052
1409
1110
1409
1197
1379
1254
1373
1375
1352
1430
1314
1535
1278
1565
1262
1608
1252
1631
1230
1613
1216
1665
1205
1584
1197
1530
1191
1444
1198
1404
1207
1379
1199
1362
1226
1335
1231
1334
1228
1313
1227
1300
1216
1320
1218
1273
1206
1246
1214
1230
1220
1385
1187
1267
1234
1275
1227
1271
1236
1289
1246
1244
1262
1211
1287
1163
1303
1147
1328
1150
1371
1152
1400
1122
1411
1115
1428
1060
1444
1052
1440
1004
1446
988
1462
984
1434
986
1408
1040
1387
1167
1370
1214
1346
1277
1340
1311
1318
1314
1302
1335
1274
1361
1288
1390
1278
1391
1266
1417
1273
1417
1264
1467
1245
1472
1249
1468
1241
1469
1235
1547
1239
1483
1256
1347
1279
1307
1280
1270
1292
1165
1339
1128
1312
1081
1319
1107
1318
1125
1315
1178
1317
1245
1314
1238
1318
1297
1315
1294
1318
1327
1311
1261
1327
1360
1306
1311
1306
1340
1306
1341
1296
1323
1295
1343
1266
1313
1267
1267
1281
1247
1275
1258
1279
1221
1278
1184
1300
1164
1311
1144
1346
1073
1341
1096
1347
1050
1359
1033
1364
1101
1373
1182
1383
1242
1383
1325
1390
1379
1398
1408
1400
1450
1398
1461
1383
1497
1369
1526
1353
1597
1345
1607
1301
1619
1299
1503
1302
1483
1295
1479
1259
1400
1246
1337
1248
1275
1229
1251
1235
1230
1236
1200
1231
1199
1241
1176
1228
1144
1233
1126
1244
1175
1251
1198
1274
1220
1293
1279
1311
1282
1326
1301
1323
1307
1323
1194
1316
1206
1317
1174
1331
1148
1307
1150
1306
1163
1277
1168
1299
1162
1287
1157
1288
1120
1280
1087
1279
1135
1277
1136
1267
1176
1288
1199
1295
1321
1292
1340
1311
1272
1320
1264
1315
1287
1294
1312
1327
1324
1341
1385
1353
1429
1371
1453
1377
1455
1416
1435
1444
1385
1445
1368
1445
1345
1441
1353
1422
1441
1376
1335
1367
1402
1326
1385
1317
1412
1292
1393
1263
1368
1250
1375
1246
1385
1247
1410
1255
1393
1258
1411
1266
1304
1250
1305
1278
1283
1278
1265
1286
1201
1292
1218
1299
1218
1316
1226
1319
1210
1330
1162
1329
1147
1318
1123
1309
1083
1293
1115
1264
1106
1275
1165
1264
1239
1250
1264
1276
1257
1246
1269
1216
1254
1210
1240
1205
1254
1171
1315
1206
1242
1222
1294
1225
1286
1242
1300
1254
1266
1266
1208
1272
1211
1296
1207
1307
1220
1294
1238
1347
1207
1371
1189
1379
1129
1391
1115
1389
1114
1392
1108
1381
1090
1377
1194
1378
1318
1355
1334
1359
1356
1347
1360
1340
1379
1332
1370
1341
1375
1337
1398
1349
1376
1354
1383
1366
1397
1364
1331
1361
1271
1358
1226
1344
1173
1323
1339
1298
1204
1317
1162
1315
1226
1305
1293
1294
1357
1286
1336
1269
1337
1248
1320
1248
1346
1262
1400
1262
1422
1279
1467
1267
1409
1274
1449
1283
1397
1288
1343
1284
1263
1295
1237
1304
1291
1313
1288
1324
1307
1323
1287
1351
1313
1336
1298
1344
1226
1366
1206
1334
1192
1341
1218
1300
1273
1308
1317
1291
1335
1289
1330
1277
1356
1256
1326
1244
1237
1244
1233
1235
1222
1242
1236
1257
1255
1236
1273
1256
1216
1279
1215
1282
1186
1291
1122
1294
1135
1310
1124
1307
1153
1288
1308
1309
1098
1351
1159
1314
1179
1318
1196
1313
1250
1313
1239
1318
1276
1299
1331
1339
1356
1343
1394
1344
1430
1347
1419
1338
1408
1328
1389
1309
1416
1291
1501
1279
1317
1279
1387
1253
1286
1265
1237
1255
1201
1245
1165
1237
1137
1219
1137
1232
1140
1230
1177
1232
1171
1250
1158
1263
1118
1279
1109
1281
1116
1300
1143
1323
1319
1294
1294
1383
1322
1362
1365
1376
1406
1390
1361
1384
1322
1394
1318
1387
1297
1388
1272
1344
1286
1380
1287
1367
1302
1343
1291
1324
1230
1307
1204
1268
1206
1243
1210
1237
1249
1233
1417
1204
1386
1260
1364
1257
1377
1268
1332
1281
1310
1294
1298
1308
1286
1341
1317
1342
1318
1356
1370
1339
1348
1377
1311
1342
1326
1329
1229
1334
1201
1299
1198
1293
1196
1267
1312
1275
1247
1271
1294
1270
1294
1265
1256
1271
1311
1261
1243
1262
1280
1237
1289
1269
1340
1267
1403
1274
1336
1279
1315
1272
1211
1259
1157
1274
1091
1276
1106
1281
1217
1281
1188
1300
1165
1309
1161
1328
1188
1316
1119
1312
1102
1307
1111
1305
1108
1304
1148
1319
1245
1308
1299
1292
1288
1304
1286
1305
1275
1307
1250
1312
1358
1310
1416
1336
1421
1343
1477
1356
1460
1353
1416
1381
1376
1376
1327
1368
1290
1357
1310
1349
1297
1338
1318
1329
1355
1319
1377
1307
1330
1302
1308
1292
1336
1272
1269
1277
1141
1283
1347
1270
1345
1279
1333
1330
1331
1289
1280
1294
1235
1288
1189
1291
1166
1277
1168
1280
1246
1285
1234
1284
1276
1285
1288
1280
1300
1288
1256
1285
1239
1289
1182
1320
1310
1316
1284
1293
1309
1296
1374
1297
1359
1299
1371
1295
1331
1296
1303
1278
1287
1278
1267
1298
1279
1282
1258
1278
1290
1277
1257
1275
1203
1273
1166
1274
1153
1273
1141
1258
1118
1295
1167
1293
1211
1310
1222
1320
1235
1327
1212
1349
1176
1320
1177
1308
1172
1256
1218
1312
1238
1311
1312
1313
1357
1324
1347
1316
1326
1324
1276
1318
1274
1314
1181
1320
1388
1316
1265
1322
1318
1319
1321
1328
1293
1319
1268
1305
1232
1312
1208
1318
1222
1321
1245
1326
1279
1333
1346
1342
1368
1339
1379
1346
1216
1367
1381
1331
1282
1318
1282
1307
1350
1301
1382
1300
1410
1315
1433
1311
1383
1324
1329
1300
1278
1311
1260
1299
1214
1304
1278
1299
1334
1302
1363
1301
1368
1316
1324
1320
1285
1313
1265
1306
1226
1303
1209
1300
1243
1286
1275
1310
1306
1323
1302
1320
1281
1311
1252
1293
1208
1291
1184
1273
1171
1278
1211
1283
1279
1301
1279
1299
1326
1318
1307
1308
1267
1300
1215
1292
1242
1286
1236
1277
1283
1277
1306
1239
1339
1291
1308
1290
1238
1288
1236
1280
1194
1260
1190
1267
1211
1281
1263
1285
1300
1295
1340
1308
1361
1318
1288
1315
1274
1313
1247
1314
1244
1277
1279
1299
1285
1305
1314
1313
1282
1322
1287
1327
1253
1329
1207
1315
1293
1321
1213
1316
1232
1308
1266
1311
1326
1311
1310
1309
1286
1302
1228
1301
1173
1285
1125
1283
1168
1256
1196
1274
1255
1284
1313
1300
1324
1316
1287
1328
1190
1349
1200
1332
1231
1374
1271
1323
1310
1340
1350
1330
1402
1331
1391
1324
1356
1334
1347
1329
1255
1325
1226
1320
1248
1317
1291
1317
1323
1314
1364
1318
1333
1330
1341
1308
1261
1285
1224
1289
1256
1281
1222
1275
1278
1266
1348
1285
1325
1299
1402
1304
1341
1310
1297
1300
1226
1298
1225
1287
1237
1293
1289
1295
1415
1296
1306
1347
1322
1306
1257
1312
1219
1297
1158
1280
1148
1287
1166
1280
1247
1284
1280
1301
1328
1313
1299
1284
1271
1297
1240
1301
1208
1295
1241
1291
1238
1278
1351
1276
1320
1282
1304
1308
1280
1290
1250
1294
1182
1293
1110
1280
1171
1282
1200
1270
1274
1296
1364
1304
1379
1320
1333
1334
1265
1332
1226
1327
1189
1326
1210
1327
1165
1331
1265
1338
1366
1329
1342
1356
1354
1343
1294
1340
1237
1317
1213
1317
1227
1273
1254
1294
1305
1299
1361
1300
1346
1312
1328
1311
1154
1327
1246
1288
1243
1283
1243
1291
1310
1276
1331
1294
1351
1298
1360
1301
1316
1313
1262
1285
1219
1282
1183
1283
1203
1263
1237
1282
1310
1293
1331
1319
1337
1328
1301
1339
1242
1329
1167
1320
1227
1297
1275
1292
1299
1282
1368
1289
1379
1297
1400
1306
1330
1297
1263
1290
1208
1248
1214
1274
1200
1284
1268
1284
1342
1299
1346
1301
1322
1319
1213
1322
1240
1298
1144
1274
1124
1266
1180
1258
1245
1263
1298
1276
1332
1290
1309
1263
1288
1294
1220
1298
1169
1295
1172
1284
1259
1288
1290
1300
1373
1303
1272
1342
1338
1344
1358
1332
1192
1335
1190
1318
1193
1291
1215
1308
1284
1317
1327
1322
1344
1321
1331
1342
1279
1328
1210
1321
1190
1297
1217
1285
1276
1282
1301
1282
1402
1303
1353
1331
1378
1322
1252
1321
1226
1313
1226
1305
1242
1288
1288
1315
1328
1316
1377
1321
1337
1345
1312
1345
1248
1335
1143
1307
1190
1305
1258
1294
1284
1321
1353
1300
1425
1311
1363
1329
1312
1337
1243
1333
1251
1318
1185
1305
1236
1270
1248
1283
1308
1317
1330
1327
1368
1336
1343
1331
1262
1314
1220
1304
1214
1287
1229
1260
1391
1291
1385
1276
1387
1298
1359
1300
1319
1299
1196
1293
1189
1257
1205
1263
1246
1288
1296
1271
1352
1290
1372
1309
1379
1329
1323
1319
1261
1320
1200
1328
1185
1292
1317
1312
1201
1279
1332
1302
1368
1299
1305
1334
1242
1313
1189
1301
1129
1283
1160
1267
1203
1265
1243
1280
1301
1298
1320
1319
1286
1322
1237
1321
1133
1320
1118
1302
1197
1285
1212
1247
1296
1268
1342
1282
1345
1314
1316
1329
1229
1326
1166
1321
1155
1305
1187
1290
1192
1295
1321
1311
1353
1328
1376
1327
1349
1344
1270
1335
1208
1300
1239
1308
1358
1263
1250
1322
1373
1303
1443
1329
1407
1347
1359
1370
1234
1360
1179
1342
1177
1331
1191
1300
1289
1294
1323
1304
1393
1320
1369
1334
1330
1338
1317
1305
1164
1312
1202
1250
1240
1284
1342
1278
1372
1301
1396
1358
1374
1346
1288
1350
1222
1319
1178
1315
1195
1296
1293
1251
1347
1286
1375
1294
1397
1314
1361
1328
1273
1346
1123
1304
1161
1289
1160
1265
1197
1264
1275
1269
1348
1283
1355
1313
1313
1321
1265
1322
1235
1303
1164
1279
1200
1235
1232
1266
1327
1271
1343
1290
1367
1309
1354
1332
1267
1322
1229
1330
1165
1310
1195
1295
1229
1293
1336
1305
1399
1301
1380
1337
1366
1359
1267
1372
1222
1323
1185
1312
1215
1270
1297
1288
1274
1291
1356
1280
1324
1331
1286
1333
1224
1331
1169
1316
1166
1301
1212
1250
1340
1269
1342
1275
1414
1304
1422
1333
1340
1347
1266
1339
1190
1320
1177
1292
1195
1273
1224
1249
1378
1290
1405
1322
1396
1332
1337
1352
1285
1363
1188
1322
1180
1296
1248
1250
1249
1292
1360
1297
1397
1321
1343
1342
1279
1354
1197
1342
1123
1332
1154
1311
1240
1291
1274
1276
1427
1297
1434
1307
1382
1339
1307
1342
1217
1303
1134
1313
1186
1258
1229
1276
1346
1256
1353
1279
1381
1313
1358
1331
1213
1332
1174
1312
1079
1309
1159
1287
1261
1248
1468
1255
1420
1294
1422
1319
1369
1313
1299
1333
1173
1325
1196
1312
1212
1260
1275
1267
1303
1286
1390
1298
1374
1330
1309
1327
1280
1349
1177
1310
1143
1275
1231
1240
1284
1243
1379
1280
1375
1269
1354
1329
1285
1332
1154
1339
1125
1325
1133
1322
1203
1265
1278
1265
1286
1309
1390
1328
1399
1337
1305
1353
1245
1350
1171
1324
1183
1301
1220
1315
1279
1268
1496
1309
1385
1337
1407
1361
1283
1368
1252
1357
1179
1333
1149
1290
1228
1301
1293
1284
1414
1311
1377
1301
1385
1334
1320
1350
1310
1321
1203
1302
1194
1293
1260
1272
1343
1282
1380
1283
1492
1333
1411
1353
1305
1355
1256
1334
1206
1267
1153
1285
1288
1262
1312
1275
1394
1270
1406
1311
1344
1326
1261
1351
1173
1327
1191
1262
1167
1304
1272
1246
1301
1238
1313
1293
1389
1313
1348
1335
1263
1344
1152
1334
1208
1262
1194
1295
1239
1236
1252
1238
1543
1309
1368
1326
1305
1350
1215
1349
1091
1328
1196
1313
1185
1231
1276
1260
1250
1193
1384
1231
1395
1304
1293
1349
1228
1342
1107
1323
1193
1289
1207
1247
1277
1268
1264
1246
1409
1310
1400
1334
1249
1358
1195
1369
1084
1340
1112
1320
1176
1271
1269
1294
1229
1234
1382
1310
1360
1340
1277
1358
1226
1353
1127
1340
1195
1326
1224
1294
1311
1275
1248
1217
1451
1329
1378
1346
1288
1359
1230
1350
1150
1338
1125
1265
1246
1241
1330
1266
1270
1315
1431
1313
1387
1348
1255
1361
1232
1350
1174
1341
1143
1295
1349
1297
1341
1270
1234
1300
1413
1308
1371
1334
1265
1352
1205
1326
1175
1321
1124
1277
1268
1274
1318
1253
1211
1296
1444
1294
1322
1366
1235
1354
1143
1335
1179
1328
1106
1308
1287
1245
1262
1223
1211
1307
1403
1329
1299
1345
1226
1347
1067
1340
1192
1335
1147
1283
1319
1273
1339
1249
1182
1320
1462
1300
1323
1337
1220
1354
1096
1332
1213
1331
1244
1286
1325
1282
1310
1232
1217
1322
1396
1334
1278
1362
1191
1363
1075
1331
1224
1265
1215
1277
1348
1257
1327
1253
1357
1309
1418
1355
1278
1365
1204
1365
1091
1339
1240
1319
1243
1327
1320
1225
1293
1232
1438
1306
1399
1337
1241
1355
1153
1341
1089
1335
1228
1252
1257
1291
1318
1240
1254
1196
1486
1322
1385
1312
1240
1338
1179
1344
1107
1336
1223
1286
1292
1231
1345
1238
1286
1248
1511
1316
1346
1323
1229
1347
1182
1332
1129
1326
1209
1274
1313
1234
1377
1260
1303
1245
1521
1335
1369
1339
1220
1358
1170
1333
1139
1329
1161
1222
1272
1302
1314
1236
1223
1214
1489
1331
1335
1345
1222
1369
1136
1338
1161
1335
1220
1259
1313
1289
1310
1246
1192
1238
1467
1336
1274
1348
1172
1374
1061
1335
1155
1281
1143
1299
1283
1295
1334
1263
1204
1210
1462
1329
1306
1353
1203
1359
1111
1333
1209
1335
1203
1252
1381
1240
1302
1213
1183
1225
1436
1328
1254
1352
1159
1365
1031
1340
1179
1354
1221
1253
1341
1252
1227
1234
1148
1265
1422
1347
1254
1359
1159
1383
1068
1356
1253
1344
1297
1265
1352
1239
1361
1223
1215
1284
1448
1343
1264
1366
1191
1343
1098
1336
1276
1340
1321
1265
1366
1213
1295
1206
1146
1291
1403
1354
1228
1368
1172
1382
1095
1351
1274
1327
1312
1286
1375
1240
1287
1228
1156
1318
1396
1349
1229
1376
1190
1382
1138
1364
1339
1327
1321
1274
1412
1239
1330
1226
1084
1321
1362
1353
1209
1366
1180
1356
1116
1328
1338
1265
1316
1273
1408
1216
1308
1239
1083
1327
1318
1361
1166
1360
1155
1331
1129
1326
1347
1273
1367
1258
1343
1196
1229
1188
1046
1323
1313
1349
1181
1366
1185
1341
1158
1325
1374
1295
1382
1253
1352
1261
1228
1194
1333
1306
1318
1333
1160
1362
1163
1343
1181
1328
1408
1303
1381
1246
1393
1268
1237
1262
1350
1348
1260
1368
1153
1374
1155
1350
1195
1330
1362
1237
1401
1231
1392
1259
1272
1240
1371
1332
1258
1366
1169
1381
1154
1304
1224
1318
1339
1293
1386
1255
1369
1266
1195
1222
1376
1348
1231
1361
1154
1373
1126
1369
1247
1325
1266
1280
1419
1251
1332
1225
1153
1247
1406
1344
1245
1366
1178
1376
1107
1351
1295
1339
1274
1247
1451
1247
1336
1200
1169
1249
1398
1334
1224
1384
1172
1383
1125
1333
1313
1315
1316
1281
1385
1239
1355
1223
1135
1323
1350
1383
1180
1384
1125
1390
1076
1344
1293
1329
1335
1235
1402
1264
1328
1255
1051
1339
1310
1362
1170
1381
1160
1381
1139
1339
1366
1315
1400
1235
1410
1211
1307
1207
1124
1322
1345
1362
1192
1382
1177
1370
1160
1332
1383
1250
1370
1222
1390
1207
1258
1202
1058
1330
1288
1356
1162
1379
1158
1353
1164
1312
1398
1252
1415
1280
1402
1203
1258
1203
1094
1345
1267
1353
1150
1370
1191
1352
1191
1324
1420
1252
1388
1270
1429
1206
1246
1236
1340
1347
1258
1374
1147
1380
1171
1347
1206
1328
1410
1297
1372
1274
1364
1231
1183
1222
1372
1337
1230
1375
1124
1382
1148
1341
1236
1329
1345
1295
1423
1259
1418
1265
1231
1216
1367
1352
1215
1379
1130
1386
1147
1349
1251
1331
1275
1300
1417
1281
1397
1270
1167
1234
1375
1348
1224
1364
1149
1324
1109
1354
1269
1302
1350
1245
1467
1255
1369
1242
1144
1223
1387
1328
1202
1361
1141
1372
1092
1329
1291
1309
1330
1281
1430
1196
1331
1205
1164
1284
1358
1359
1180
1372
1121
1362
831
1369
1495
1298
1359
1250
1395
1231
1310
1209
1075
1314
1327
1364
1152
1381
1122
1347
839
1368
1427
1300
1390
1234
1431
1255
1326
1239
1126
1331
1304
1357
1131
1379
1112
1327
1217
1374
1411
1295
1385
1234
1442
1282
1330
1247
1262
1349
1304
1374
1158
1389
787
1265
1254
1369
1415
1301
1411
1269
1431
1261
1312
1261
1478
1357
1299
1362
1160
1372
926
1270
1267
1370
1289
1248
1382
1237
1384
1224
1268
1263
1468
1365
1255
1381
1083
1380
710
1317
1266
1370
1334
1193
1363
1210
1371
1254
1215
1310
1484
1346
1250
1364
1140
1283
786
1302
1403
1369
1260
1290
1425
1277
1392
1238
1259
1336
1447
1360
1233
1367
1128
1298
753
1306
1430
1363
1329
1270
1395
1246
1366
1272
1336
1341
1427
1364
1203
1375
1113
1303
823
1309
1440
1381
1304
1245
1417
1217
1350
1227
1592
1325
1400
1340
1180
1349
1096
1271
822
1280
1470
1268
1314
1251
1401
1248
1334
1210
1485
1320
1362
1350
1150
1363
744
1255
822
1292
1475
1357
1281
1233
1381
1248
1339
1207
1557
1339
1322
1383
1129
1383
744
1297
801
1273
1540
1260
1359
1273
1440
1238
1341
1237
1581
1352
1350
1362
1169
1377
747
1277
852
1362
1591
1308
1329
1225
1388
1208
1320
1330
1493
1358
1286
1380
1109
1386
691
1292
888
1359
1558
1299
1345
1244
1388
1231
1317
1330
1553
1373
1301
1383
1185
1335
695
1270
940
1319
1630
1253
1363
1222
1456
1218
1426
1337
1524
1355
1268
1377
1069
1341
696
1313
1225
1358
1345
1208
1374
1204
1425
1228
1270
1335
1471
1350
1232
1364
1076
1262
743
1295
1255
1352
1514
1279
1421
1256
1408
1207
1654
1354
1473
1355
1239
1400
1096
1263
774
1300
1416
1351
1306
1249
1435
1232
1432
1207
1564
1336
1460
1374
1215
1378
716
1312
769
1298
1409
1342
1282
1246
1391
1214
1389
1276
1652
1350
1405
1370
1168
1388
718
1298
742
1271
1438
1371
1291
1215
1414
1209
1367
1223
1651
1351
1407
1371
1182
1388
662
1265
787
1337
1462
1354
1311
1209
1433
1264
1364
1310
1633
1350
1339
1404
1104
1344
650
1307
837
1308
1498
1348
1321
1262
1403
1255
1374
1338
1619
1371
1367
1385
1150
1325
727
1341
877
1351
1575
1306
1391
1230
1533
1222
1469
1309
1643
1359
1361
1380
1107
1323
683
1287
849
1337
1590
1221
1345
1169
1465
1212
1705
1297
1536
1336
1222
1351
1059
1296
659
1321
857
1360
1558
1270
1365
1228
1426
1262
1714
1365
1546
1421
1290
1418
748
1346
746
1332
1306
1378
1672
1227
1431
1200
1478
1244
1725
1327
1568
1357
1299
1363
774
1252
767
1278
1278
1340
1509
1260
1434
1241
1429
1208
1680
1345
1442
1358
1166
1378
603
1297
646
1263
1269
1308
1466
1222
1337
1250
1404
1320
1512
1353
1417
1386
1181
1407
686
1332
778
1310
1433
1345
1357
1231
1488
1209
1476
1278
1659
1321
1420
1350
1163
1320
621
1286
722
1266
1435
1325
1288
1230
1401
1218
1633
1270
1607
1372
1364
1401
1143
1368
654
1307
832
1335
1546
1363
1380
1257
1491
1226
1436
1337
1623
1376
1348
1412
1076
1337
712
1354
851
1362
1598
1349
1438
1253
1492
1197
1825
1275
1664
1370
1373
1383
1099
1379
669
1311
887
1360
1616
1361
1375
1266
1461
1231
1712
1323
1528
1400
1252
1437
1083
1388
663
1302
948
1373
1669
1249
1446
1167
1510
1164
1785
1270
1585
1318
1296
1355
723
1290
772
1283
941
1323
1672
1206
1423
1185
1487
1184
1466
1298
1514
1356
1219
1377
729
1279
720
1286
1266
1345
1414
1196
1349
1160
1367
1212
1520
1319
1436
1359
1206
1382
683
1334
746
1284
1371
1346
1606
1251
1451
1182
1414
1288
1621
1338
1433
1386
1168
1409
685
1347
764
1293
1344
1350
1443
1232
1429
1175
1352
1302
1521
1340
1358
1385
1121
1346
617
1354
718
1311
1418
1373
1292
1268
1328
1244
1630
1260
1546
1360
1320
1394
1116
1368
666
1345
814
1266
1533
1352
1384
1240
1464
1187
1755
1266
1661
1339
1418
1376
1211
1319
678
1304
901
1362
1577
1343
1374
1224
1414
1166
1735
1278
1582
1339
1327
1379
1116
1342
648
1278
867
1319
1597
1323
1321
1208
1402
1162
1698
1269
1543
1352
1303
1404
709
1315
701
1331
873
1401
1618
1359
1363
1224
1489
1270
1496
1328
1615
1375
1378
1407
867
1305
775
1281
984
1352
1630
1254
1330
1201
1316
1170
1426
1301
1456
1326
1225
1375
692
1323
756
1328
1175
1367
1633
1246
1327
1217
1401
1279
1503
1305
1509
1357
1294
1390
730
1286
822
1289
1415
1370
1531
1250
1362
1165
1303
1282
1475
1328
1439
1379
1230
1323
748
1323
839
1278
1466
1356
1537
1266
1385
1201
1410
1268
1578
1301
1419
1355
1206
1323
732
1340
846
1269
1446
1342
1422
1195
1338
1217
1658
1246
1499
1350
1372
1402
1170
1340
654
1347
872
1422
1518
1410
1246
1203
1340
1243
1643
1270
1530
1368
1339
1397
1192
1306
778
1310
959
1310
1594
1340
1357
1178
1386
1186
1598
1242
1631
1324
1450
1372
941
1352
895
1356
1263
1399
1622
1321
1279
1223
1343
1209
1642
1232
1499
1332
1318
1385
831
1309
762
1283
967
1361
1611
1269
1257
1163
1328
1197
1605
1262
1526
1345
1350
1367
851
1319
884
1346
1057
1353
1646
1222
1297
1205
1324
1245
1340
1252
1449
1335
1260
1388
788
1342
834
1348
1347
1396
1573
1251
1244
1243
1250
1288
1363
1318
1459
1355
1312
1342
843
1338
1127
1319
1427
1359
1606
1230
1206
1186
1387
1210
1299
1267
1353
1323
1208
1327
753
1328
830
1285
1495
1354
1314
1197
1311
1187
1293
1299
1523
1271
1480
1381
1325
1372
928
1396
1041
1346
1511
1383
1276
1293
1202
1219
1577
1248
1446
1352
1391
1399
1281
1346
858
1345
1158
1412
1654
1368
1340
1247
1351
1185
1656
1224
1598
1305
1516
1339
1371
1301
867
1313
1022
1344
1561
1373
1189
1231
1190
1241
1508
1279
1411
1366
1290
1410
833
1334
842
1390
1012
1431
1594
1395
1226
1232
1286
1226
1427
1280
1550
1335
1454
1375
1078
1309
1010
1305
1199
1366
1729
1283
1351
1195
1289
1145
1461
1231
1519
1306
1394
1361
912
1287
968
1373
1077
1374
1605
1260
1206
1232
1157
1267
1254
1262
1386
1325
1283
1351
863
1310
932
1259
1491
1349
1575
1231
1262
1145
1259
1219
1280
1265
1470
1329
1375
1295
905
1270
1278
1362
1487
1393
1542
1298
1190
1235
1112
1310
1216
1335
1341
1389
1237
1372
812
1362
878
1389
1492
1391
1192
1273
1164
1225
1144
1280
1334
1307
1380
1344
1241
1267
848
1305
1050
1307
1561
1361
1268
1205
1222
1228
1476
1220
1396
1313
1402
1359
1346
1342
966
1360
1098
1324
1626
1391
1310
1282
1280
1236
1575
1285
1451
1352
1421
1398
983
1301
982
1399
1087
1378
1583
1338
1264
1232
1245
1201
1509
1255
1449
1310
1378
1343
1002
1319
971
1379
1154
1375
1696
1387
1310
1285
1280
1251
1406
1325
1482
1390
1370
1428
900
1406
1145
1414
1012
1406
1589
1311
1138
1254
1090
1148
1130
1251
1329
1310
1268
1338
787
1267
1202
1262
1118
1344
1681
1218
1243
1225
1210
1291
1311
1299
1503
1353
1427
1303
964
1303
1439
1309
1152
1374
1693
1234
1201
1238
1355
1243
1278
1283
1396
1338
1326
1322
907
1311
1292
1318
1479
1356
1505
1253
1197
1236
1260
1284
1288
1300
1425
1336
1360
1293
944
1269
1300
1313
1509
1360
1493
1234
1210
1254
1419
1297
1218
1348
1345
1384
1303
1335
895
1419
1027
1316
1530
1413
1206
1275
1137
1281
1306
1294
1279
1329
1305
1346
1283
1253
913
1281
1067
1281
1616
1328
1289
1219
1224
1212
1517
1231
1438
1331
1451
1370
1042
1286
1118
1408
1133
1427
1671
1391
1255
1277
1157
1240
1468
1302
1400
1363
1358
1374
982
1309
990
1366
1099
1312
1682
1303
1281
1207
1257
1211
1370
1232
1475
1323
1427
1339
1008
1279
1452
1291
1142
1239
1676
1262
1186
1194
1087
1261
1239
1257
1341
1330
1273
1363
864
1271
1286
1300
1085
1376
1585
1288
1142
1284
1042
1331
1159
1343
1319
1403
1276
1358
873
1317
1087
1339
1072
1378
1606
1272
1138
1263
1282
1269
1251
1307
1425
1375
1403
1305
1011
1273
1382
1315
1550
1354
1566
1235
1299
1259
1222
1304
1309
1323
1443
1349
1328
1266
958
1337
1078
1267
1470
1283
1347
1158
1130
1205
1284
1271
1108
1317
1309
1339
1245
1283
867
1383
1057
1335
1580
1382
1268
1301
1177
1298
1450
1327
1315
1388
1429
1400
1010
1344
1310
1394
1129
1293
1638
1337
1309
1239
1202
1225
1493
1265
1358
1334
1359
1366
936
1260
1083
1376
1063
1296
1570
1351
1195
1227
1183
1263
1396
1305
1365
1355
1400
1376
984
1287
1232
1311
1097
1267
1659
1357
1272
1267
1179
1229
1296
1301
1423
1372
1378
1357
946
1343
1414
1324
1127
1284
1649
1332
1210
1288
1144
1338
1326
1311
1438
1382
1387
1350
973
1263
1412
1245
1178
1320
1683
1211
1211
1144
1196
1254
1230
1262
1412
1347
1342
1237
865
1325
1174
1225
1111
1296
1602
1220
1149
1202
1114
1268
1200
1280
1328
1328
1282
1313
873
1279
1133
1230
1386
1328
1364
1223
1131
1253
1069
1368
1200
1362
1354
1400
1243
1336
892
1408
1002
1276
1362
1365
1344
1263
1200
1216
1386
1320
1252
1344
1425
1373
1382
1266
991
1366
1126
1286
1373
1352
1388
1267
1263
1285
1566
1320
1267
1379
1404
1400
926
1313
1350
1377
1054
1279
1557
1340
1175
1214
1176
1252
1500
1270
1374
1345
1393
1356
994
1251
1279
1352
1069
1218
1592
1340
1242
1263
1199
1229
1234
1325
1381
1391
1393
1398
933
1319
1402
1288
1085
1338
1605
1337
1226
1248
1188
1191
1428
1298
1445
1343
1397
1348
915
1245
1422
1266
1145
1222
1678
1250
1299
1197
1238
1264
1395
1261
1453
1337
1375
1255
871
1333
1387
1275
1103
1364
1594
1282
1194
1295
1094
1332
1283
1349
1388
1423
1326
1382
880
1420
1142
1340
1048
1375
1608
1311
1153
1240
1166
1341
1264
1310
1394
1322
1320
1310
888
1332
1080
1273
1075
1301
1641
1239
1209
1266
1547
1320
1286
1348
1434
1393
1336
1307
1027
1387
1067
1289
1457
1357
1377
1267
1233
1262
1272
1323
1256
1345
1402
1368
1350
1259
929
1332
1041
1217
1314
1297
1397
1218
1211
1167
1526
1283
1258
1337
1409
1363
971
1251
1366
1353
1054
1231
1602
1290
1251
1197
1200
1242
1522
1276
1357
1364
1353
1376
900
1264
1197
1340
987
1263
1503
1336
1168
1221
1127
1236
1254
1302
1371
1367
1341
1367
898
1259
1390
1278
1054
1300
1617
1303
1215
1239
1177
1231
1344
1321
1408
1388
1350
1408
858
1286
1346
1368
1069
1315
1601
1314
1228
1283
1177
1309
1315
1307
1430
1361
1379
1283
886
1341
1378
1255
1123
1240
1680
1289
1301
1213
1383
1298
1287
1324
1500
1382
1421
1334
973
1339
1235
1299
1104
1334
1635
1264
1238
1205
1166
1332
1273
1289
1399
1363
1291
1286
1021
1352
1069
1226
1101
1290
1600
1254
1154
1209
1543
1250
1264
1310
1405
1354
1317
1304
1131
1353
1025
1230
1389
1311
1296
1239
1157
1209
1411
1271
1220
1356
1390
1396
1328
1304
939
1384
998
1283
1363
1369
1243
1250
1245
1275
1584
1279
1201
1353
1405
1370
970
1281
1376
1360
1040
1250
1574
1340
1260
1221
1227
1263
1538
1306
1366
1388
1385
1408
961
1342
1338
1373
1083
1312
1617
1374
1305
1279
1256
1291
1564
1314
1448
1368
1411
1370
933
1303
1378
1291
1077
1291
1629
1295
1259
1231
1242
1205
1572
1298
1436
1369
1372
1367
907
1286
1392
1235
1047
1228
1624
1274
1262
1255
1197
1306
1267
1300
1435
1357
1349
1297
850
1337
1328
1218
1063
1194
1625
1251
1194
1233
1177
1293
1296
1286
1390
1340
1282
1307
857
1343
1039
1240
999
1319
1462
1220
1138
1240
1117
1318
1232
1311
1387
1357
1309
1246
1081
1361
1113
1270
1110
1308
1655
1262
1259
1235
1607
1309
1339
1329
1451
1380
1326
1277
1225
1370
987
1248
1393
1354
1253
1245
1236
1240
1315
1319
1283
1374
1418
1389
944
1290
1334
1402
944
1288
1310
1375
1287
1269
1233
1254
1536
1331
1295
1385
1461
1381
986
1255
1357
1347
1075
1243
1570
1310
1248
1219
1178
1202
1520
1251
1382
1333
1403
1349
947
1276
1351
1316
1061
1282
1581
1344
1261
1271
1271
1305
1546
1316
1451
1371
1425
1369
947
1277
1391
1291
1066
1240
1522
1307
1184
1182
1128
1309
1307
1278
1330
1364
1318
1382
873
1265
1330
1267
1015
1264
1614
1329
1278
1271
1209
1333
1317
1303
1485
1372
1401
1289
909
1361
1392
1298
1076
1264
1624
1301
1214
1259
1212
1354
1311
1328
1407
1378
1324
1311
846
1372
1118
1321
1116
1347
1590
1252
1237
1240
1212
1315
1345
1298
1429
1342
1303
1278
1141
1333
1129
1270
1093
1317
1577
1278
1264
1239
1561
1320
1338
1344
1465
1387
1305
1295
1175
1379
1030
1249
1282
1322
1290
1219
1263
1214
1467
1274
1249
1327
1395
1341
930
1254
1314
1341
992
1257
1293
1317
1271
1233
1284
1256
1592
1275
1231
1373
1414
1353
949
1293
1300
1352
955
1252
1510
1335
1234
1234
1169
1256
1480
1256
1301
1353
1325
1363
949
1278
1271
1313
1018
1283
1570
1345
1251
1270
1242
1254
1415
1306
1396
1362
1376
1374
891
1312
1370
1309
1038
1254
1569
1341
1269
1224
1269
1315
1397
1316
1477
1369
1401
1381
943
1326
1377
1284
1104
1248
1647
1276
1254
1214
1251
1265
1269
1287
1423
1346
1322
1303
803
1338
1288
1243
976
1210
1569
1215
1229
1220
1205
1305
1345
1307
1458
1374
1371
1357
918
1375
1211
1308
1134
1337
1631
1270
1265
1257
1200
1303
1371
1316
1431
1364
1317
1283
1184
1360
1069
1242
1075
1316
1498
1260
1171
1249
1507
1303
1262
1346
1403
1388
1315
1291
1248
1402
986
1288
1333
1384
1244
1249
1276
1266
1476
1278
1346
1342
1476
1354
954
1270
1340
1344
1009
1193
1209
1309
1208
1223
1225
1264
1556
1278
1196
1365
1390
1381
918
1291
1337
1354
1012
1294
1213
1353
1261
1254
1272
1276
1431
1312
1383
1367
1396
1354
928
1328
1377
1349
1029
1232
1544
1315
1237
1233
1218
1198
1467
1276
1394
1342
1368
1359
853
1303
1333
1243
972
1211
1498
1304
1161
1230
1132
1275
1327
1268
1378
1329
1345
1336
883
1307
1319
1284
1045
1217
1601
1217
1232
1224
1237
1298
1292
1329
1463
1365
1377
1292
893
1370
1345
1256
1021
1229
1580
1281
1181
1276
1196
1357
1335
1306
1437
1374
1337
1341
847
1369
1151
1273
1097
1336
1535
1283
1177
1251
1191
1341
1314
1333
1460
1386
1303
1317
1203
1383
1044
1262
1010
1330
1479
1249
1234
1243
1457
1302
1239
1344
1436
1380
1354
1290
1276
1366
976
1241
1326
1336
1277
1230
1254
1228
1244
1323
1274
1336
1397
1363
903
1253
1275
1354
959
1271
1094
1318
1209
1240
1233
1233
1522
1292
1270
1349
1406
1362
965
1243
1337
1348
1038
1243
1190
1317
1311
1253
1285
1234
1441
1263
1376
1339
1442
1349
945
1313
1381
1323
1031
1249
1566
1316
1233
1219
1216
1245
1446
1310
1406
1376
1361
1381
822
1346
1314
1298
992
1269
1497
1345
1163
1270
1204
1336
1299
1316
1398
1353
1356
1366
890
1310
1297
1244
976
1260
1564
1240
1173
1247
1214
1240
1268
1333
1446
1379
1362
1296
851
1364
1334
1289
1058
1283
1580
1278
1205
1237
1193
1326
1320
1289
1435
1352
1326
1312
914
1345
1176
1273
1130
1320
1574
1258
1333
1234
1299
1331
1322
1320
1551
1393
1439
1314
1326
1368
1185
1231
1146
1302
1556
1215
1288
1218
1506
1280
1267
1331
1389
1361
1281
1265
1197
1367
927
1262
1204
1354
1173
1267
1125
1276
1213
1285
1228
1339
1361
1366
879
1288
1274
1349
1000
1249
1205
1320
1238
1252
1261
1227
1570
1300
1265
1358
1417
1382
972
1306
1339
1369
1028
1251
1201
1321
1286
1227
1283
1198
1555
1255
1339
1317
1431
1335
928
1244
1360
1331
995
1206
1539
1329
1220
1234
1212
1258
1406
1326
1400
1387
1372
1393
877
1380
1281
1315
937
1258
1491
1329
1160
1212
1239
1308
1261
1301
1405
1335
1367
1307
869
1359
1357
1318
1036
1241
1595
1292
1285
1283
1229
1322
1299
1353
1485
1396
1390
1364
875
1386
1334
1277
1014
1261
1583
1310
1228
1248
1165
1358
1357
1327
1425
1375
1307
1328
913
1354
1104
1224
1075
1299
1582
1229
1300
1212
1264
1289
1341
1293
1493
1357
1344
1281
1273
1352
1178
1232
1115
1300
1516
1232
1251
1262
1375
1309
1301
1340
1434
1387
1339
1329
1284
1398
986
1293
1069
1338
1447
1272
1266
1281
1597
1308
1300
1356
1428
1380
992
1274
1312
1367
1025
1249
1211
1325
1281
1246
1215
1212
1569
1288
1248
1345
1357
1354
875
1254
1238
1394
934
1305
1093
1343
1137
1222
1136
1259
1322
1300
1306
1350
1356
1362
845
1324
1303
1339
979
1268
1510
1329
1269
1254
1296
1237
1486
1299
1473
1364
1449
1381
942
1350
1408
1328
1105
1295
1601
1314
1291
1254
1362
1346
1412
1266
1480
1339
1407
1299
898
1358
1340
1290
1001
1253
1579
1279
1247
1261
1197
1323
1370
1312
1454
1374
1343
1286
797
1377
1318
1314
1030
1275
1599
1278
1191
1253
1228
1324
1350
1298
1435
1377
1332
1311
967
1361
1093
1284
1021
1335
1466
1267
1207
1238
1182
1326
1237
1306
1396
1388
1287
1261
1215
1364
1126
1249
1040
1300
1414
1191
1263
1210
1267
1322
1417
1312
1449
1360
1276
1305
1262
1374
977
1251
1103
1360
1478
1272
1292
1229
1646
1298
1334
1330
1472
1360
991
1292
1346
1347
1000
1227
1152
1314
1271
1241
1208
1209
1526
1313
1283
1367
1387
1389
904
1327
1269
1395
962
1330
1121
1356
1208
1278
1195
1297
1327
1314
1317
1367
1383
1377
814
1354
1287
1356
950
1272
1476
1343
1201
1288
1229
1249
1536
1310
1420
1360
1394
1374
868
1365
1340
1317
1026
1284
1539
1342
1271
1245
1268
1262
1364
1281
1444
1344
1399
1287
922
1332
1340
1312
1020
1250
1585
1241
1182
1235
1285
1350
1333
1307
1511
1379
1412
1329
943
1374
1301
1255
1069
1265
1623
1246
1251
1264
1273
1331
1368
1308
1465
1367
1368
1286
923
1357
1314
1355
1390
1313
1318
1261
1214
1214
1211
1238
1108
1267
968
1397
1322
1369
1256
1354
1284
1332
1239
1281
1363
1265
1412
1263
1251
1254
1149
1292
978
1287
868
1256
1258
1366
1393
1344
1502
1316
1585
1266
1488
1279
1455
1289
1328
1260
1015
1288
897
1244
874
1243
983
1334
1529
1311
1627
1314
1632
1310
1404
1298
1270
1322
1106
1331
909
1323
899
1314
979
1309
1072
1260
1643
1365
1699
1363
1623
1367
1439
1344
1098
1348
1068
1345
1013
1316
978
1281
1071
1215
1182
1269
1242
1334
1613
1352
1502
1363
1355
1373
1100
1340
1113
1338
1212
1348
1199
1262
1266
1249
1297
1232
1217
1284
1527
1364
1393
1368
1290
1360
1247
1297
1191
1287
1324
1271
1411
1210
1293
1200
1204
1221
1086
1285
943
1353
1361
1377
1383
1366
1467
1336
1412
1283
1503
1275
1499
1277
1242
1217
1047
1242
945
1261
897
1305
1360
1365
1471
1342
1584
1334
1572
1287
1450
1295
1344
1310
1182
1255
898
1294
841
1246
894
1285
1021
1344
1609
1312
1663
1329
1602
1328
1308
1304
1150
1318
1024
1338
850
1284
866
1252
997
1236
1185
1267
1682
1346
1671
1353
1549
1356
1369
1325
1108
1339
1087
1326
1115
1247
1110
1239
1225
1260
1275
1253
1211
1327
1529
1356
1384
1366
1257
1363
1078
1319
1166
1334
1321
1295
1247
1277
1317
1253
1243
1268
1150
1270
1448
1377
1388
1379
1323
1362
1411
1319
1387
1296
1488
1287
1526
1283
1248
1279
1112
1272
946
1290
900
1373
1343
1375
1417
1350
1518
1327
1434
1290
1440
1282
1372
1289
1096
1230
921
1276
885
1268
878
1294
1406
1353
1553
1336
1611
1316
1568
1289
1332
1298
1208
1313
1078
1264
891
1280
898
1270
1016
1226
1149
1296
1703
1328
1681
1334
1555
1337
1248
1322
1107
1325
1050
1329
949
1252
1076
1267
1198
1267
1241
1247
1701
1329
1658
1333
1503
1361
1359
1322
1164
1321
1190
1337
1303
1278
1201
1247
1293
1224
1245
1259
1113
1324
1395
1354
1243
1361
1164
1321
1040
1296
1152
1274
1305
1237
1216
1201
1218
1219
1064
1237
947
1246
1229
1330
1262
1315
1302
1289
1396
1238
1330
1206
1409
1203
1375
1202
1061
1136
884
1219
739
1246
684
1298
1216
1303
1351
1270
1475
1243
1421
1201
1326
1228
1198
1268
932
1251
744
1309
780
1341
864
1329
1328
1420
1695
1419
1775
1391
1784
1360
1532
1344
1412
1371
1290
1376
1069
1437
1101
1454
1258
1472
1384
1430
1952
1500
1971
1450
1874
1394
1634
1351
1400
1313
1280
1343
1075
1354
1001
1386
1027
1442
1046
1457
1295
1518
1530
1457
1536
1362
1459
1259
1270
1198
1255
1211
1244
1259
1050
1291
943
1366
911
1428
937
1421
1431
1412
1539
1294
1622
1175
1670
1063
1543
1047
1501
1109
1350
1197
1050
1301
969
1336
945
1310
1126
1338
1682
1226
1809
1126
1845
1027
1629
982
1451
1052
1214
1171
871
1237
715
1354
761
1365
849
1333
1469
1322
1654
1224
1665
1127
1557
1074
1190
1121
981
1190
820
1310
602
1424
634
1429
804
1420
1044
1450
1644
1388
1634
1309
1543
1255
1240
1227
1014
1256
896
1382
708
1416
760
1509
871
1524
1034
1512
1577
1513
1679
1405
1632
1310
1499
1232
1226
1212
1174
1262
1181
1366
1060
1426
1143
1473
1213
1484
1317
1401
1764
1400
1764
1259
1713
1179
1526
1098
1350
1120
1331
1220
1186
1340
1092
1375
1093
1448
1177
1457
1517
1451
1799
1323
1801
1192
1714
1144
1387
1108
1229
1198
1046
1334
756
1447
849
1516
1004
1504
1181
1373
1843
1360
1960
1250
1882
1177
1628
1149
1198
1221
972
1344
834
1452
748
1508
940
1518
1207
1422
1405
1377
1974
1262
1889
1175
1635
1150
1188
1152
963
1236
872
1361
773
1428
900
1462
1192
1467
1373
1395
1853
1390
1833
1298
1647
1233
1410
1199
1092
1231
1047
1314
1116
1348
1084
1412
1227
1457
1368
1395
1419
1418
1856
1328
1748
1228
1617
1153
1361
1107
1254
1155
1251
1252
1158
1306
1111
1423
1082
1414
1096
1405
1175
1376
1523
1254
1477
1146
1407
1088
1176
1089
1113
1191
1034
1332
797
1455
894
1525
947
1509
1042
1370
1581
1377
1654
1257
1618
1207
1480
1135
1181
1211
1076
1327
993
1437
849
1498
923
1514
1098
1414
1265
1378
1848
1296
1795
1204
1651
1181
1308
1181
1141
1264
1063
1412
915
1493
1043
1531
1221
1501
1370
1412
1829
1381
1905
1282
1767
1224
1555
1197
1217
1232
1129
1297
1147
1377
1103
1428
1210
1470
1367
1452
1441
1360
1838
1377
1709
1265
1529
1185
1307
1134
1114
1166
1114
1242
1134
1315
1077
1357
1165
1332
1216
1363
1231
1323
1606
1237
1492
1135
1360
1087
1105
1072
1050
1164
1046
1286
875
1335
970
1444
1005
1419
1085
1342
1506
1317
1538
1206
1464
1127
1305
1063
1025
1159
955
1258
952
1380
818
1393
910
1406
1103
1338
1250
1265
1747
1228
1672
1172
1503
1148
1179
1176
1008
1279
980
1390
970
1458
961
1496
1161
1449
1326
1353
1518
1369
1799
1296
1622
1260
1330
1267
1026
1304
959
1395
1017
1467
1034
1504
1233
1475
1366
1456
1469
1380
1823
1387
1722
1319
1481
1261
1293
1236
1052
1280
1106
1320
1263
1419
1288
1458
1393
1458
1498
1419
1448
1411
1753
1322
1594
1237
1422
1159
1208
1161
1149
1243
1210
1332
1229
1395
1191
1444
1281
1413
1257
1298
1386
1312
1598
1184
1495
1101
1384
1099
1206
1140
1182
1251
1238
1376
1163
1425
1202
1433
1187
1352
1250
1223
1620
1228
1577
1138
1480
1116
1378
1139
1129
1222
1102
1341
1115
1455
971
1397
1060
1395
1139
1293
1180
1271
1606
1206
1498
1170
1335
1183
1073
1217
934
1290
938
1385
1010
1380
991
1362
1108
1285
1202
1252
1247
1244
1557
1181
1386
1167
1201
1204
908
1233
897
1320
1025
1397
1033
1412
1126
1371
1258
1321
1319
1257
1624
1276
1505
1218
1327
1200
1180
1200
970
1274
1043
1350
1192
1408
1197
1466
1335
1426
1381
1354
1290
1277
1666
1245
1505
1189
1350
1193
1169
1244
1064
1337
1173
1428
1282
1438
1202
1468
1280
1351
1289
1248
1220
1223
1538
1135
1376
1119
1219
1177
993
1255
1015
1378
1138
1469
1111
1491
1262
1434
1291
1337
1250
1241
1557
1222
1466
1187
1302
1217
1209
1295
1029
1390
1145
1465
1291
1528
1284
1516
1455
1415
1430
1311
1360
1198
1601
1237
1417
1217
1257
1290
1154
1303
1081
1376
1255
1419
1425
1361
1404
1370
1389
1233
1354
1161
1259
1162
1482
1075
1295
1150
1188
1204
1055
1256
1131
1342
1315
1409
1392
1377
1387
1394
1306
1273
1211
1228
1100
1209
1340
1166
1220
1186
1144
1254
1026
1310
1161
1381
1314
1453
1256
1402
1276
1366
1253
1257
1093
1152
1408
1148
1301
1142
1231
1200
1215
1262
1118
1368
1224
1435
1338
1475
1186
1392
1197
1276
1150
1196
982
1146
1314
1179
1204
1203
1143
1290
1077
1364
1090
1457
1232
1513
1358
1490
1267
1417
1253
1333
1183
1200
1042
1236
1403
1226
1329
1266
1296
1328
1186
1381
1296
1458
1454
1479
1438
1438
1448
1331
1392
1260
1289
1203
1451
1211
1435
1212
1345
1252
1318
1330
1211
1384
1324
1444
1434
1465
1345
1408
1310
1263
1177
1165
1066
1101
1360
1141
1270
1132
1235
1219
1255
1279
1200
1345
1311
1432
1410
1431
1243
1316
1156
1223
1062
1129
947
1107
1319
1147
1252
1186
1248
1259
1228
1331
1214
1418
1300
1460
1350
1396
1192
1352
1093
1208
1015
1108
987
1157
1364
1179
1333
1246
1358
1342
1237
1409
1287
1486
1358
1486
1317
1399
1279
1333
1170
1194
1117
1137
1213
1163
1425
1197
1356
1265
1314
1366
1172
1433
1211
1495
1295
1491
1141
1395
1164
1287
1146
1193
1115
1127
1432
1219
1385
1282
1344
1340
1328
1413
1219
1482
1301
1508
1390
1476
1221
1383
1301
1287
1247
1196
1132
1080
1522
1210
1453
1271
1421
1361
1410
1437
1308
1509
1381
1524
1458
1424
1293
1359
1278
1242
1210
1137
1161
1164
1466
1192
1400
1258
1368
1369
1299
1454
1284
1501
1357
1491
1431
1381
1281
1304
1245
1166
1178
1076
1120
1173
1462
1218
1398
1312
1384
1402
1253
1457
1281
1463
1379
1450
1318
1336
1280
1231
1185
1109
1097
1102
1346
1172
1327
1222
1275
1306
1297
1405
1190
1444
1301
1459
1388
1418
1229
1302
1170
1170
1138
1083
985
1021
1278
1138
1224
1178
1229
1301
1297
1382
1226
1440
1334
1465
1410
1413
1202
1303
1144
1158
981
1073
926
1039
1265
1178
1228
1253
1296
1361
1367
1425
1313
1467
1392
1458
1408
1373
1151
1229
1047
1098
904
1039
865
1132
1299
1196
1322
1304
1334
1424
1414
1504
1379
1520
1446
1493
1445
1348
1231
1268
1094
1142
982
1071
960
1191
1339
1257
1355
1373
1392
1492
1317
1544
1361
1535
1389
1488
1355
1372
1144
1234
1055
1106
986
1133
1097
1213
1392
1279
1415
1380
1458
1469
1384
1475
1405
1458
1430
1391
1290
1285
1163
1128
1092
1076
1045
1041
1373
1201
1454
1309
1495
1407
1533
1504
1401
1512
1405
1506
1377
1443
1168
1301
1069
1094
1058
1055
1057
1033
1466
1189
1484
1280
1510
1400
1532
1482
1358
1491
1346
1461
1337
1373
1137
1213
1094
1091
1056
1020
1076
994
1478
1160
1458
1287
1465
1440
1440
1483
1257
1490
1245
1441
1270
1319
1030
1177
1033
1067
1019
1039
933
1134
1381
1228
1370
1386
1344
1514
1390
1544
1252
1537
1289
1452
1302
1282
1059
1151
1062
1094
1005
1042
937
1154
1384
1267
1407
1406
1451
1520
1444
1545
1357
1548
1384
1430
1370
1279
1150
1149
1055
1049
986
1002
992
1178
1372
1300
1403
1440
1440
1536
1366
1536
1288
1495
1348
1391
1342
1189
1144
1061
1097
1041
1063
1048
1369
1204
1448
1354
1477
1511
1498
1601
1379
1577
1358
1511
1360
1394
1242
1215
1150
1091
1043
1011
1004
1053
1357
1214
1369
1372
1398
1515
1420
1536
1274
1532
1279
1447
1297
1309
1106
1154
1067
1050
1074
1022
973
1066
1380
1249
1383
1370
1419
1524
1438
1579
1321
1527
1327
1413
1322
1259
1094
1094
1051
1002
1038
1009
971
1114
1396
1313
1413
1461
1443
1583
1469
1621
1298
1521
1324
1381
1317
1231
1112
1084
1076
1008
1023
1024
974
1073
1419
1320
1384
1495
1460
1607
1457
1620
1299
1519
1292
1379
1277
1223
1077
1043
1067
1014
1048
1062
981
1261
1340
1403
1420
1548
1430
1628
1426
1598
1249
1472
1267
1311
1265
1127
1076
976
1064
974
1049
1031
1054
1271
1328
1454
1428
1603
1476
1669
1469
1601
1320
1479
1333
1309
1335
1146
1151
1054
1115
959
1099
1102
1074
1318
1371
1483
1423
1616
1472
1626
1475
1554
1333
1432
1351
1254
1365
1033
1192
989
1117
1003
1086
1075
1120
1342
1426
1491
1488
1622
1495
1608
1501
1518
1351
1361
1352
1187
1340
1043
1152
959
1094
1027
1039
1111
1136
1382
1327
1552
1429
1636
1425
1613
1426
1485
1280
1304
1308
1156
1270
1004
1098
945
1015
1010
984
1113
1242
1391
1331
1528
1402
1614
1409
1574
1406
1420
1266
1246
1278
1098
1209
977
1077
939
1079
1038
1048
1131
1376
1367
1317
1542
1370
1583
1368
1569
1355
1393
1220
1216
1241
1077
1223
951
1078
942
1071
1055
1052
1266
1284
1514
1362
1625
1401
1663
1397
1579
1395
1395
1281
1214
1264
1073
1189
913
1111
956
1086
1101
1020
1290
1388
1529
1302
1648
1401
1646
1380
1544
1380
1399
1249
1190
1273
1069
1188
1001
1127
1025
1115
1182
1083
1309
1422
1550
1348
1643
1401
1638
1407
1519
1427
1331
1268
1157
1313
1051
1222
974
1121
1071
1125
1201
1071
1360
1457
1576
1331
1670
1386
1621
1418
1488
1424
1282
1310
1121
1354
1024
1251
977
1199
1005
1161
1206
1125
1373
1285
1578
1353
1646
1427
1605
1442
1466
1443
1242
1334
1085
1411
991
1280
974
1207
1018
1165
1244
1097
1403
1263
1605
1316
1635
1368
1583
1355
1419
1424
1214
1324
1050
1353
968
1269
981
1131
1092
1099
1308
1027
1443
1205
1631
1246
1654
1334
1546
1364
1376
1396
1180
1294
1026
1330
957
1258
960
1104
1129
1052
1290
992
1476
1171
1635
1159
1638
1301
1528
1385
1348
1435
1170
1327
1011
1392
971
1312
931
1209
1135
1114
1319
1049
1548
1088
1655
1226
1625
1316
1509
1371
1336
1446
1160
1383
1010
1470
980
1325
1036
1224
1186
1131
1427
1011
1567
991
1676
1174
1619
1295
1495
1388
1292
1464
1127
1402
1002
1434
985
1342
1040
1158
1229
1044
1469
925
1577
941
1661
1164
1599
1300
1445
1432
1257
1549
1097
1459
980
1473
991
1392
1077
1162
1268
1035
1491
902
1588
933
1630
1173
1561
1348
1388
1492
1215
1612
1074
1527
964
1507
998
1419
1123
1156
1261
1007
1504
870
1611
985
1633
1121
1529
1309
1369
1456
1194
1589
1029
1523
956
1475
999
1393
1135
1072
1333
938
1472
839
1640
940
1605
1132
1518
1339
1355
1514
1170
1634
1041
1591
979
1496
1051
1389
1206
1072
1393
888
1528
812
1618
1029
1613
1143
1475
1403
1306
1556
1136
1681
1037
1704
995
1480
1080
1360
1218
1038
1411
888
1598
812
1636
1064
1568
1159
1432
1381
1258
1585
1133
1702
1083
1698
1028
1477
1129
1349
1283
1016
1447
894
1536
839
1592
906
1548
1162
1426
1402
1278
1619
1149
1734
1071
1720
1056
1495
1145
1343
1307
1105
1439
868
1580
865
1602
983
1530
1139
1397
1440
1243
1660
1085
1778
1030
1756
1044
1496
1137
1325
1312
941
1436
825
1550
814
1548
869
1494
1190
1364
1492
1196
1719
1071
1802
1013
1744
1053
1495
1163
1267
1341
960
1432
901
1559
878
1570
957
1461
1253
1317
1521
1164
1701
1072
1786
1037
1684
1101
1412
1210
1182
1374
935
1500
763
1556
813
1534
888
1447
1185
1287
1465
1136
1682
1087
1756
1077
1632
1136
1410
1236
1115
1340
977
1484
761
1530
818
1506
925
1394
1200
1294
1445
1179
1692
1097
1749
1089
1585
1152
1349
1249
1057
1367
914
1494
748
1504
778
1495
1094
1392
1260
1295
1541
1174
1712
1100
1702
1110
1584
1169
1290
1295
1030
1395
959
1502
872
1546
911
1466
1090
1373
1317
1246
1583
1142
1703
1077
1695
1116
1539
1205
1315
1332
1003
1435
950
1524
780
1519
924
1453
1087
1352
1444
1263
1511
1173
1656
1137
1630
1167
1496
1243
1308
1343
1073
1417
989
1492
942
1481
946
1454
1154
1380
1286
1275
1559
1190
1651
1145
1623
1172
1500
1221
1331
1315
1196
1390
1024
1478
1053
1455
1068
1431
1236
1361
1414
1239
1570
1160
1633
1134
1569
1149
1446
1220
1251
1298
1109
1400
980
1453
1061
1481
1025
1417
1155
1320
1334
1207
1473
1136
1493
1119
1432
1157
1316
1230
1198
1317
1112
1374
1031
1439
1104
1443
1108
1364
1252
1305
1318
1244
1435
1152
1387
1153
1325
1199
1276
1290
1158
1310
1147
1384
1095
1408
1155
1412
1098
1373
1261
1297
1361
1225
1388
1185
1345
1183
1251
1224
1227
1283
1163
1334
1150
1391
1161
1426
1181
1445
1154
1413
1303
1342
1361
1242
1406
1195
1275
1171
1260
1198
1180
1240
1185
1307
1214
1347
1251
1428
1256
1444
1365
1404
1404
1355
1350
1238
1359
1193
1222
1165
1120
1184
1169
1250
1142
1319
1239
1355
1309
1418
1323
1416
1418
1385
1368
1290
1355
1199
1220
1150
1247
1160
1061
1222
1124
1257
1158
1332
1245
1384
1353
1400
1382
1396
1396
1362
1405
1295
1273
1243
1199
1200
1071
1208
1059
1221
1079
1255
1149
1277
1274
1337
1387
1373
1438
1380
1412
1379
1363
1368
1289
1295
1137
1257
1026
1235
933
1222
991
1240
1184
1280
1332
1329
1438
1376
1486
1408
1477
1394
1470
1351
1305
1275
1097
1248
933
1229
917
1213
1027
1243
1164
1297
1327
1365
1486
1408
1499
1427
1538
1395
1477
1326
1321
1258
1154
1197
1001
1201
939
1223
1027
1234
1195
1310
1375
1364
1526
1396
1595
1389
1552
1359
1448
1323
1266
1282
1059
1255
886
1245
845
1291
973
1301
1159
1298
1372
1330
1512
1381
1578
1350
1533
1320
1435
1319
1253
1309
1081
1275
946
1259
912
1255
1011
1267
1154
1282
1367
1296
1518
1323
1608
1355
1585
1357
1515
1342
1311
1325
1152
1284
989
1250
948
1232
1011
1252
1157
1271
1368
1302
1516
1322
1639
1342
1631
1356
1512
1322
1299
1293
1124
1265
1005
1250
950
1257
977
1284
1138
1309
1347
1319
1508
1321
1615
1311
1582
1293
1469
1283
1304
1255
1101
1288
932
1292
920
1313
956
1318
1086
1311
1235
1294
1425
1264
1515
1267
1483
1255
1492
1263
1325
1283
1131
1323
981
1342
985
1340
970
1317
1098
1285
1238
1272
1389
1248
1487
1260
1523
1274
1454
1304
1354
1327
1188
1339
1059
1340
963
1345
955
1312
1065
1296
1186
1312
1339
1260
1488
1285
1490
1287
1496
1313
1381
1329
1241
1355
1102
1379
1027
1364
978
1370
1062
1347
1231
1310
1261
1269
1440
1273
1497
1243
1498
1235
1433
1275
1283
1346
1173
1398
1081
1416
1083
1414
1108
1363
1210
1296
1306
1252
1389
1205
1469
1202
1465
1247
1455
1309
1356
1389
1278
1416
1124
1452
1122
1432
1109
1350
1161
1274
1307
1198
1328
1176
1402
1159
1472
1241
1488
1314
1407
1381
1335
1424
1174
1441
1116
1413
1078
1343
1110
1264
1164
1210
1302
1167
1387
1178
1478
1203
1495
1282
1399
1344
1328
1395
1214
1429
1119
1408
1085
1353
1104
1280
1136
1213
1234
1157
1334
1141
1419
1169
1416
1243
1351
1346
1300
1433
1211
1477
1133
1477
1071
1449
1144
1318
1164
1221
1208
1141
1315
1116
1386
1139
1416
1233
1445
1349
1376
1445
1277
1508
1202
1488
1140
1415
1120
1279
1130
1211
1181
1142
1203
1089
1422
1159
1417
1242
1430
1355
1347
1464
1297
1503
1213
1492
1139
1412
1123
1327
1183
1205
1214
1137
1252
1134
1334
1162
1399
1231
1390
1313
1355
1405
1235
1459
1255
1486
1175
1426
1195
1342
1191
1237
1248
1162
1294
1131
1334
1133
1367
1186
1295
1286
1326
1410
1271
1484
1218
1498
1204
1471
1206
1389
1167
1266
1224
1175
1181
1121
1293
1114
1297
1180
1309
1266
1299
1390
1249
1478
1246
1522
1234
1481
1226
1320
1216
1288
1231
1175
1290
1105
1297
1122
1333
1167
1312
1255
1326
1348
1155
1450
1216
1499
1292
1451
1235
1385
1287
1302
1277
1223
1291
1168
1314
1167
1318
1180
1297
1225
1263
1321
1244
1396
1262
1449
1217
1453
1246
1426
1293
1353
1302
1253
1294
1193
1286
1119
1186
1181
1243
1179
1218
1248
1242
1356
1269
1423
1269
1467
1278
1449
1277
1390
1237
1301
1265
1221
1235
1160
1227
1144
1225
1180
1205
1260
1212
1354
1215
1433
1295
1464
1261
1503
1270
1403
1266
1326
1275
1243
1280
1181
1317
1157
1311
1204
1307
1257
1259
1337
1274
1383
1314
1431
1261
1436
1312
1417
1297
1356
1326
1285
1410
1193
1360
1175
1247
1195
1265
1202
1256
1252
1259
1323
1226
1364
1268
1428
1260
1430
1291
1368
1300
1314
1310
1238
1265
1178
1306
1152
1295
1175
1261
1241
1254
1312
1179
1392
1273
1437
1314
1437
1311
1391
1294
1324
1284
1256
1297
1192
1286
1159
1276
1159
1266
1223
1251
1269
1194
1333
1213
1392
1199
1403
1211
1395
1203
1337
1233
1311
1216
1267
1267
1204
1307
1197
1301
1182
1286
1236
1223
1289
1177
1358
1164
1391
1176
1425
1158
1404
1214
1346
1273
1291
1327
1236
1352
1181
1361
1181
1298
1202
1233
1257
1186
1340
1156
1396
1160
1460
1212
1432
1267
1394
1294
1345
1343
1253
1348
1204
1382
1164
1329
1193
1311
1234
1241
1309
1191
1372
1166
1425
1208
1438
1174
1411
1228
1357
1267
1297
1321
1240
1418
1174
1382
1186
1341
1222
1277
1263
1205
1337
1111
1397
1094
1448
1125
1435
1159
1425
1259
1349
1309
1281
1434
1197
1461
1167
1454
1171
1378
1214
1196
1294
1175
1367
1125
1470
1082
1484
1166
1457
1239
1394
1310
1307
1398
1219
1439
1140
1488
1140
1468
1166
1290
1270
1207
1343
1130
1425
1085
1458
1128
1429
1168
1354
1252
1277
1348
1202
1428
1145
1495
1144
1476
1167
1398
1230
1314
1315
1186
1386
1119
1432
1070
1443
1114
1387
1195
1310
1263
1247
1401
1171
1482
1139
1515
1146
1455
1173
1367
1267
1245
1351
1095
1446
1016
1468
996
1442
1068
1371
1173
1279
1320
1192
1443
1155
1421
1154
1485
1171
1402
1253
1289
1347
1142
1434
1001
1471
947
1459
1020
1384
1079
1291
1184
1201
1371
1131
1499
1136
1513
1174
1590
1225
1467
1335
1255
1399
1081
1453
987
1442
898
1386
928
1309
1084
1232
1292
1180
1496
1162
1684
1168
1641
1222
1535
1265
1393
1366
1166
1419
966
1443
828
1419
828
1359
972
1289
1206
1222
1448
1186
1622
1168
1714
1188
1684
1270
1483
1348
1237
1416
1024
1438
845
1432
791
1384
881
1307
1086
1229
1336
1173
1560
1157
1664
1180
1695
1242
1640
1311
1435
1368
1126
1413
911
1444
789
1377
770
1312
943
1253
1205
1210
1463
1181
1672
1219
1762
1250
1701
1305
1535
1358
1283
1390
1000
1394
768
1396
713
1352
808
1303
1026
1234
1251
1230
1538
1192
1750
1215
1769
1253
1651
1294
1422
1341
1106
1368
843
1383
705
1373
736
1345
919
1294
1213
1242
1450
1214
1691
1178
1791
1217
1736
1274
1590
1296
1282
1351
963
1393
728
1398
690
1363
809
1318
1018
1269
1303
1220
1561
1210
1742
1183
1787
1273
1670
1296
1434
1346
1162
1375
892
1383
758
1378
757
1342
931
1317
1150
1275
1458
1233
1684
1216
1754
1218
1761
1248
1588
1278
1303
1323
1015
1347
794
1378
729
1377
784
1349
1012
1298
1265
1242
1549
1193
1756
1178
1829
1206
1758
1232
1328
1318
1155
1364
891
1399
778
1405
773
1384
892
1327
1113
1279
1369
1200
1593
1168
1748
1171
1710
1212
1539
1282
1347
1327
1061
1373
874
1404
810
1396
866
1357
961
1300
1206
1224
1480
1175
1661
1149
1758
1173
1670
1233
1480
1302
1168
1362
961
1406
815
1429
806
1406
903
1351
1058
1327
1402
1219
1566
1150
1694
1151
1682
1192
1520
1263
1303
1346
1115
1416
888
1454
814
1448
851
1360
1001
1315
1210
1217
1442
1149
1620
1134
1672
1158
1602
1232
1468
1299
1314
1397
991
1459
917
1450
881
1412
925
1335
1089
1255
1295
1185
1488
1115
1615
1166
1558
1224
1539
1289
1334
1354
1141
1410
985
1437
929
1420
969
1378
1046
1290
1225
1241
1416
1195
1571
1173
1640
1196
1584
1239
1457
1309
1288
1376
1121
1428
1034
1435
950
1403
1058
1353
1139
1271
1307
1207
1464
1175
1518
1173
1517
1186
1377
1293
1350
1358
1159
1408
1080
1428
1039
1414
1052
1365
1121
1312
1233
1261
1296
1187
1473
1205
1503
1212
1466
1251
1348
1299
1299
1338
1200
1366
1118
1345
1136
1340
1130
1323
1169
1283
1248
1243
1355
1218
1444
1215
1457
1183
1443
1244
1391
1259
1255
1318
1154
1354
1110
1362
1123
1368
1152
1345
1167
1335
1257
1280
1379
1238
1446
1219
1412
1231
1362
1256
1321
1288
1216
1330
1131
1359
1142
1358
1101
1360
1124
1341
1200
1295
1237
1252
1324
1228
1392
1226
1403
1227
1370
1227
1235
1280
1205
1320
1137
1333
1119
1358
1105
1362
1112
1345
1192
1329
1296
1270
1321
1241
1419
1213
1429
1211
1368
1226
1287
1279
1209
1314
1139
1368
1111
1405
1022
1425
1169
1409
1244
1321
1334
1268
1441
1220
1449
1198
1444
1173
1378
1246
1246
1306
1181
1364
1124
1382
1071
1411
1094
1396
1172
1343
1274
1294
1372
1241
1428
1207
1543
1207
1449
1228
1368
1278
1254
1331
1148
1369
1093
1378
1042
1392
1040
1384
1146
1330
1317
1275
1412
1228
1506
1197
1509
1196
1451
1213
1494
1278
1163
1338
1080
1391
1019
1406
1011
1409
1087
1357
1214
1305
1360
1243
1476
1202
1528
1179
1539
1205
1417
1230
1311
1324
1137
1372
1058
1419
1020
1426
1051
1403
1038
1358
1265
1294
1404
1220
1520
1200
1549
1210
1498
1247
1377
1297
1253
1347
1109
1383
1031
1374
1028
1366
1052
1326
1181
1277
1299
1233
1440
1211
1529
1220
1619
1225
1555
1314
1347
1333
1211
1358
1091
1385
1016
1379
1040
1359
1112
1320
1217
1277
1347
1237
1462
1226
1478
1229
1507
1254
1444
1295
1313
1332
1179
1370
1122
1378
1036
1354
1037
1303
1128
1281
1152
1242
1282
1214
1431
1215
1466
1250
1467
1283
1409
1331
1307
1379
1216
1374
1130
1353
1096
1322
1094
1279
1118
1254
1230
1243
1341
1236
1561
1254
1388
1318
1464
1323
1429
1352
1326
1355
1220
1345
1158
1327
1089
1295
1102
1280
1104
1245
1157
1264
1310
1264
1422
1272
1487
1293
1349
1336
1497
1344
1344
1349
1224
1344
1139
1315
1101
1293
1086
1268
1101
1238
1154
1241
1228
1218
1367
1272
1395
1306
1454
1362
1456
1342
1362
1339
1256
1325
1178
1299
1072
1259
1080
1244
1019
1254
1223
1274
1241
1296
1356
1313
1483
1325
1459
1327
1467
1328
1381
1320
1217
1261
1164
1309
1075
1295
1055
1290
1068
1288
1141
1285
1243
1299
1362
1297
1532
1288
1514
1347
1432
1336
1325
1347
1301
1343
1147
1343
1089
1319
1103
1303
1109
1281
1179
1257
1270
1277
1370
1290
1436
1300
1461
1328
1422
1359
1393
1347
1274
1324
1162
1313
1103
1276
1027
1286
1110
1257
1197
1253
1325
1266
1402
1272
1455
1302
1466
1324
1434
1342
1332
1347
1269
1340
1209
1325
1156
1306
1155
1281
1188
1270
1231
1262
1293
1250
1313
1287
1381
1301
1397
1333
1405
1343
1370
1357
1302
1341
1245
1292
1218
1272
1222
1253
1168
1237
1252
1233
1304
1247
1349
1267
1365
1339
1362
1343
1363
1349
1325
1351
1274
1358
1230
1291
1193
1245
1191
1227
1211
1230
1237
1217
1270
1269
1275
1303
1341
1340
1287
1349
1291
1328
1248
1334
1264
1305
1281
1282
1255
1294
1234
1256
1214
1252
1234
1270
1240
1287
1229
1311
1239
1334
1252
1321
1273
1351
1262
1334
1304
1302
1318
1281
1290
1251
1281
1243
1327
1250
1251
1274
1231
1300
1306
1303
1246
1345
1212
1351
1247
1336
1287
1312
1311
1250
1334
1231
1331
1268
1296
1268
1295
1295
1280
1319
1243
1342
1238
1346
1226
1333
1232
1331
1255
1296
1311
1300
1337
1286
1342
1297
1316
1303
1324
1306
1319
1317
1278
1318
1255
1318
1259
1285
1225
1315
1233
1315
1255
1309
1318
1305
1320
1287
1258
1289
1324
1288
1337
1285
1269
1295
1230
1291
1215
1295
1212
1296
1216
1302
1184
1284
1255
1291
1268
1293
1309
1329
1280
1295
1259
1303
1283
1307
1293
1317
1287
1300
1305
1314
1304
1313
1243
1309
1284
1310
1317
1306
1315
1315
1274
1305
1299
1275
1314
1293
1262
1266
1331
1293
1297
1283
1294
1277
1293
1286
1314
1293
1329
1306
1297
1316
1329
1314
1256
1312
1242
1288
1248
1274
1263
1254
1259
1259
1289
1276
1316
1291
1303
1323
1343
1335
1306
1319
1264
1334
1226
1321
1173
1302
1264
1289
1187
1284
1184
1282
1277
1301
1277
1313
1318
1329
1327
1328
1328
1333
1335
1307
1289
1312
1216
1313
1239
1283
1220
1291
1240
1285
1252
1286
1293
1292
1204
1307
1344
1302
1331
1341
1355
1328
1336
1316
1307
1311
1284
1302
1219
1284
1208
1281
1183
1264
1214
1262
1293
1281
1305
1318
1346
1307
1367
1313
1369
1309
1371
1307
1310
1277
1220
1279
1210
1243
1214
1266
1211
1279
1259
1292
1239
1304
1248
1305
1293
1309
1337
1298
1327
1275
1334
1282
1304
1287
1310
1293
1237
1310
1197
1315
1193
1318
1279
1300
1304
1331
1241
1321
1265
1293
1346
1288
1320
1285
1320
1296
1302
1317
1275
1314
1231
1318
1223
1324
1188
1312
1211
1308
1221
1304
1221
1301
1232
1287
1303
1302
1310
1295
1311
1301
1304
1260
1328
1316
1285
1325
1279
1319
1284
1330
1232
1315
1300
1312
1258
1294
1263
1279
1274
1276
1285
1274
1300
1296
1138
1297
1319
1319
1322
1327
1336
1312
1316
1328
1307
1316
1275
1302
1215
1288
1211
1282
1212
1283
1170
1294
1244
1300
1253
1303
1313
1319
1366
1318
1435
1314
1372
1310
1308
1303
1309
1303
1220
1296
1194
1304
1162
1295
1183
1292
1230
1287
1290
1287
1316
1296
1391
1310
1441
1314
1412
1332
1375
1338
1302
1329
1149
1354
1179
1295
1177
1274
1190
1254
1224
1262
1297
1285
1373
1298
1414
1310
1457
1312
1421
1329
1356
1325
1297
1319
1205
1304
1154
1230
1132
1287
1300
1247
1288
1270
1302
1273
1385
1286
1465
1308
1413
1314
1399
1308
1323
1305
1231
1328
1149
1328
1091
1294
1103
1272
1133
1253
1218
1251
1309
1274
1384
1268
1345
1324
1368
1323
1361
1343
1255
1343
1208
1331
1117
1315
1108
1251
1143
1258
1251
1237
1241
1280
1359
1269
1432
1298
1451
1324
1408
1329
1350
1334
1256
1289
1116
1322
1115
1297
1138
1279
1191
1277
1237
1279
1308
1294
1380
1293
1438
1302
1431
1330
1381
1335
1325
1338
1218
1334
1152
1325
1116
1314
1132
1319
1194
1284
1208
1331
1323
1284
1360
1300
1405
1306
1395
1318
1332
1321
1255
1329
1195
1324
1173
1306
1084
1289
1171
1283
1210
1267
1257
1273
1314
1295
1415
1306
1371
1286
1281
1348
1304
1335
1236
1326
1204
1303
1232
1290
1222
1286
1213
1289
1301
1287
1328
1298
1315
1300
1342
1320
1361
1316
1314
1321
1312
1328
1278
1320
1264
1308
1157
1332
1220
1296
1254
1289
1271
1285
1289
1283
1311
1289
1306
1277
1299
1305
1285
1317
1263
1320
1255
1333
1201
1319
1250
1301
1284
1288
1290
1236
1424
1269
1370
1260
1265
1294
1261
1312
1268
1326
1256
1339
1246
1338
1255
1306
1275
1310
1330
1276
1339
1280
1329
1272
1325
1259
1311
1281
1304
1287
1328
1293
1260
1299
1179
1322
1235
1343
1220
1321
1217
1319
1253
1302
1270
1301
1313
1287
1357
1284
1343
1284
1345
1296
1321
1306
1249
1323
1199
1338
1168
1347
1157
1338
1223
1332
1176
1310
1309
1313
1350
1277
1419
1272
1411
1278
1410
1286
1356
1298
1291
1313
1179
1329
1165
1342
1136
1328
1131
1319
1189
1301
1274
1285
1295
1306
1422
1273
1433
1276
1470
1277
1412
1265
1313
1290
1212
1306
1059
1322
1045
1330
1066
1327
1058
1316
1185
1306
1293
1249
1405
1275
1480
1259
1461
1263
1447
1270
1347
1283
1238
1309
1138
1333
1039
1344
1034
1347
1084
1329
1160
1316
1283
1286
1411
1276
1481
1270
1507
1256
1458
1269
1447
1291
1289
1310
1197
1320
1067
1335
1065
1344
1069
1334
1137
1323
1216
1311
1317
1270
1398
1281
1493
1265
1496
1267
1447
1282
1367
1307
1268
1339
1188
1368
1128
1373
1084
1371
1024
1367
1220
1339
1256
1288
1405
1258
1458
1242
1486
1250
1476
1275
1438
1291
1320
1333
1271
1354
1209
1365
1147
1346
1125
1336
1140
1324
1168
1280
1212
1253
1255
1257
1428
1254
1435
1263
1467
1284
1456
1312
1383
1314
1300
1344
1175
1353
1106
1364
1021
1338
1056
1300
1106
1279
1201
1260
1347
1252
1435
1242
1496
1284
1486
1311
1492
1320
1467
1345
1287
1356
1126
1339
1072
1339
1039
1315
1113
1290
1176
1281
1283
1265
1397
1265
1483
1268
1499
1289
1505
1286
1436
1298
1296
1335
1193
1320
1052
1325
1014
1323
1057
1313
1120
1297
1247
1287
1405
1259
1543
1260
1551
1263
1545
1272
1463
1284
1279
1305
1175
1329
1048
1332
1021
1302
1013
1323
1108
1301
1219
1279
1343
1265
1536
1245
1556
1248
1492
1255
1447
1274
1292
1332
1172
1317
1078
1329
1056
1333
1050
1329
1119
1312
1214
1309
1314
1301
1411
1285
1447
1281
1458
1278
1401
1286
1305
1295
1223
1300
1209
1337
1117
1329
1141
1338
1145
1336
1246
1335
1298
1333
1380
1302
1433
1301
1406
1304
1333
1311
1271
1310
1208
1313
1160
1310
1182
1297
1131
1309
1267
1297
1317
1310
1342
1321
1406
1329
1357
1335
1319
1337
1282
1328
1230
1303
1239
1272
1201
1266
1216
1255
1263
1263
1284
1278
1302
1314
1303
1343
1282
1363
1362
1366
1262
1350
1220
1327
1221
1282
1188
1258
1192
1222
1216
1229
1242
1242
1344
1266
1367
1289
1371
1340
1371
1358
1323
1366
1168
1356
1148
1330
1134
1283
1122
1251
1136
1224
1217
1206
1325
1227
1406
1281
1469
1284
1463
1349
1395
1386
1312
1396
1240
1381
1126
1356
1109
1311
1108
1271
1146
1244
1237
1234
1300
1253
1436
1282
1478
1302
1549
1350
1466
1376
1392
1382
1274
1358
1162
1347
1025
1323
1018
1295
1061
1270
1153
1248
1269
1264
1395
1281
1520
1309
1531
1304
1544
1317
1417
1324
1248
1329
1139
1321
1040
1315
986
1295
1043
1292
1119
1266
1266
1262
1336
1263
1456
1270
1497
1292
1474
1284
1460
1314
1361
1310
1196
1339
1052
1346
1066
1336
1080
1324
1157
1304
1225
1276
1313
1280
1363
1273
1481
1271
1495
1274
1437
1285
1359
1295
1280
1312
1140
1331
1102
1331
1184
1331
1121
1349
1200
1297
1280
1270
1351
1258
1392
1253
1426
1247
1387
1266
1323
1278
1252
1321
1167
1341
1155
1348
1186
1352
1156
1337
1225
1323
1208
1314
1371
1270
1318
1293
1317
1288
1311
1299
1272
1313
1289
1317
1295
1332
1330
1332
1291
1344
1271
1346
1242
1340
1262
1332
1286
1318
1281
1305
1294
1283
1361
1284
1282
1297
1290
1295
1281
1305
1310
1313
1240
1325
1245
1321
1269
1321
1281
1320
1298
1315
1316
1297
1294
1289
1279
1286
1206
1295
1211
1273
1230
1289
1168
1289
1317
1297
1311
1299
1338
1329
1337
1337
1335
1334
1323
1328
1216
1307
1223
1290
1224
1271
1247
1268
1270
1271
1266
1283
1312
1300
1322
1309
1326
1325
1350
1335
1328
1325
1334
1310
1288
1316
1284
1268
1235
1254
1231
1258
1220
1284
1245
1298
1237
1334
1274
1347
1305
1353
1333
1349
1363
1335
1408
1308
1314
1299
1261
1292
1273
1299
1197
1288
1184
1304
1213
1322
1239
1338
1250
1350
1302
1347
1325
1343
1307
1321
1341
1313
1284
1314
1291
1273
1302
1262
1355
1264
1262
1268
1280
1276
1241
1306
1273
1300
1276
1317
1289
1311
1294
1301
1296
1287
1279
1265
1234
1258
1257
1262
1257
1262
1247
1285
1222
1270
1311
1324
1248
1356
1268
1333
1275
1324
1292
1292
1243
1284
1214
1274
1201
1279
1191
1286
1211
1295
1253
1308
1265
1313
1349
1320
1347
1322
1335
1299
1297
1317
1232
1312
1184
1305
1131
1314
1238
1290
1209
1311
1249
1304
1325
1318
1396
1308
1381
1322
1374
1300
1354
1320
1300
1314
1213
1316
1169
1303
1138
1292
1145
1298
1174
1300
1273
1314
1404
1324
1430
1309
1427
1313
1450
1307
1407
1298
1370
1292
1264
1297
1177
1316
1098
1302
1106
1302
1092
1304
1202
1293
1302
1297
1373
1288
1452
1282
1377
1302
1411
1291
1354
1300
1206
1313
1146
1322
1118
1323
1119
1250
1132
1298
1208
1273
1290
1287
1332
1291
1354
1296
1413
1311
1348
1318
1310
1329
1212
1308
1171
1335
1203
1312
1218
1314
1237
1291
1243
1280
1262
1293
1287
1311
1314
1320
1321
1308
1342
1326
1315
1326
1297
1317
1265
1309
1237
1307
1217
1290
1220
1291
1266
1270
1239
1294
1268
1294
1320
1297
1326
1299
1317
1266
1325
1294
1246
1281
1246
1291
1267
1291
1242
1287
1241
1295
1227
1295
1228
1312
1215
1318
1325
1324
1228
1308
1272
1312
1304
1296
1325
1277
1306
1265
1268
1233
1254
1281
1197
1307
1190
1382
1168
1352
1179
1358
1234
1345
1319
1320
1406
1298
1370
1256
1326
1244
1313
1240
1242
1252
1200
1282
1154
1316
1151
1338
1240
1326
1253
1332
1279
1299
1326
1282
1360
1266
1328
1256
1299
1261
1236
1268
1300
1299
1209
1296
1212
1315
1221
1335
1237
1336
1267
1334
1331
1319
1346
1310
1357
1302
1351
1300
1342
1303
1260
1316
1234
1315
1184
1325
1169
1332
1172
1323
1263
1319
1267
1303
1328
1283
1398
1284
1337
1260
1310
1297
1223
1318
1176
1328
1149
1338
1124
1322
1125
1314
1217
1281
1279
1267
1342
1253
1376
1254
1289
1298
1246
1292
1252
1332
1231
1354
1226
1341
1170
1349
1192
1314
1237
1283
1216
1259
1322
1225
1326
1245
1358
1245
1354
1282
1320
1341
1310
1350
1248
1353
1199
1350
1243
1328
1222
1307
1223
1292
1233
1270
1245
1272
1265
1263
1308
1286
1368
1283
1351
1309
1318
1326
1318
1330
1271
1325
1229
1332
1226
1315
1204
1316
1217
1307
1154
1301
1229
1296
1255
1287
1303
1298
1286
1312
1322
1279
1346
1302
1353
1291
1370
1289
1278
1300
1235
1306
1195
1317
1184
1275
1162
1334
1186
1320
1350
1285
1244
1304
1368
1277
1439
1267
1432
1261
1395
1276
1317
1259
1253
1316
1134
1336
1183
1329
1176
1320
1200
1285
1270
1268
1336
1244
1352
1261
1347
1242
1425
1260
1298
1300
1257
1321
1215
1343
1200
1347
1194
1328
1230
1310
1237
1291
1286
1275
1303
1259
1307
1258
1269
1276
1310
1291
1283
1321
1233
1341
1211
1347
1261
1355
1130
1334
1221
1316
1271
1293
1265
1285
1303
1272
1316
1281
1281
1289
1249
1306
1210
1326
1168
1339
1153
1342
1171
1344
1245
1320
1314
1307
1361
1311
1408
1288
1383
1286
1366
1287
1291
1303
1223
1307
1171
1317
1158
1330
1170
1308
1216
1298
1299
1290
1357
1287
1385
1289
1393
1296
1372
1312
1320
1293
1277
1311
1219
1303
1182
1296
1151
1284
1183
1277
1239
1281
1262
1284
1315
1303
1346
1296
1367
1328
1357
1310
1358
1320
1312
1301
1235
1281
1220
1278
1190
1283
1188
1288
1231
1301
1257
1316
1309
1344
1346
1330
1362
1336
1313
1332
1340
1308
1295
1298
1258
1317
1241
1297
1220
1287
1240
1292
1285
1310
1281
1313
1285
1337
1275
1345
1282
1337
1267
1340
1266
1316
1282
1298
1290
1274
1288
1272
1292
1272
1284
1262
1268
1295
1243
1300
1237
1332
1221
1329
1243
1330
1266
1312
1292
1289
1332
1285
1315
1308
1299
1304
1269
1291
1265
1296
1238
1296
1238
1281
1252
1294
1288
1300
1264
1290
1279
1291
1278
1294
1272
1301
1259
1302
1258
1303
1267
1302
1257
1292
1278
1290
1272
1288
1261
1292
1261
1297
1269
1294
1285
1308
1277
1298
1287
1312
1262
1303
1267
1286
1255
1306
1256
1303
1272
1310
1259
1296
1282
1313
1299
1315
1317
1277
1314
1306
1294
1308
1264
1309
1210
1299
1182
1296
1164
1293
1205
1286
1250
1293
1292
1293
1315
1310
1343
1323
1358
1328
1324
1322
1253
1316
1201
1315
1172
1292
1166
1288
1199
1273
1256
1270
1311
1284
1355
1295
1372
1311
1359
1327
1322
1318
1291
1327
1232
1317
1209
1302
1191
1286
1225
1275
1257
1278
1290
1260
1334
1297
1342
1335
1347
1326
1344
1329
1308
1350
1284
1309
1257
1298
1233
1294
1212
1293
1220
1299
1243
1305
1260
1312
1284
1322
1312
1321
1328
1317
1354
1311
1301
1298
1261
1298
1207
1280
1196
1294
1174
1307
1205
1326
1247
1311
1327
1302
1313
1313
1322
1322
1299
1305
1267
1296
1232
1284
1209
1284
1193
1278
1214
1286
1236
1301
1254
1290
1282
1324
1297
1329
1299
1342
1277
1323
1298
1306
1312
1293
1292
1275
1297
1275
1284
1257
1266
1303
1249
1307
1249
1328
1238
1338
1230
1333
1289
1323
1304
1304
1334
1295
1363
1287
1348
1284
1324
1288
1280
1291
1245
1301
1166
1307
1211
1300
1226
1303
1235
1340
1275
1309
1303
1307
1326
1303
1343
1307
1350
1295
1328
1298
1290
1294
1258
1292
1220
1294
1199
1293
1186
1297
1190
1309
1210
1312
1261
1289
1308
1306
1345
1322
1361
1320
1353
1318
1287
1310
1245
1295
1195
1287
1145
1274
1144
1296
1160
1299
1216
1296
1267
1314
1339
1322
1395
1339
1362
1332
1324
1335
1279
1328
1224
1298
1194
1281
1193
1270
1201
1269
1246
1277
1279
1299
1312
1316
1338
1322
1351
1332
1319
1341
1295
1320
1251
1300
1275
1280
1240
1279
1227
1249
1241
1290
1240
1285
1265
1308
1294
1321
1315
1319
1331
1313
1315
1301
1292
1296
1266
1291
1252
1276
1224
1308
1204
1292
1227
1302
1255
1282
1289
1295
1297
1291
1358
1287
1348
1293
1280
1307
1277
1304
1212
1315
1199
1316
1198
1327
1230
1344
1247
1332
1289
1319
1316
1328
1330
1289
1333
1301
1312
1296
1281
1288
1262
1290
1246
1302
1223
1299
1205
1324
1221
1335
1224
1335
1228
1326
1274
1303
1291
1302
1322
1270
1361
1271
1392
1300
1332
1286
1286
1274
1242
1318
1191
1322
1182
1324
1184
1315
1217
1307
1283
1291
1351
1282
1372
1286
1388
1294
1357
1304
1312
1306
1295
1319
1216
1310
1206
1305
1183
1256
1211
1313
1238
1295
1314
1296
1313
1307
1348
1308
1339
1322
1332
1314
1310
1313
1279
1316
1255
1296
1236
1289
1243
1284
1204
1285
1218
1288
1246
1253
1264
1296
1294
1298
1326
1308
1312
1311
1303
1311
1286
1308
1246
1298
1217
1299
1197
1283
1201
1299
1212
1305
1254
1305
1303
1313
1305
1314
1313
1319
1303
1315
1276
1313
1244
1303
1258
1294
1251
1294
1262
1293
1274
1304
1258
1338
1276
1313
1286
1313
1269
1333
1269
1296
1264
1282
1288
1266
1291
1269
1304
1273
1295
1294
1268
1321
1237
1332
1250
1333
1251
1330
1265
1309
1297
1286
1298
1303
1309
1260
1306
1248
1282
1271
1240
1291
1227
1309
1205
1324
1219
1331
1270
1329
1285
1307
1334
1296
1307
1283
1309
1278
1270
1275
1255
1277
1236
1290
1219
1325
1220
1321
1237
1342
1256
1342
1273
1334
1293
1324
1287
1313
1286
1289
1280
1292
1277
1280
1271
1277
1246
1297
1243
1314
1240
1328
1210
1337
1228
1346
1253
1322
1286
1292
1301
1286
1316
1255
1318
1284
1306
1277
1273
1302
1238
1315
1179
1308
1188
1315
1191
1307
1217
1288
1287
1274
1294
1249
1317
1271
1311
1290
1284
1311
1214
1321
1226
1323
1247
1331
1215
1362
1242
1315
1250
1304
1287
1284
1302
1278
1308
1271
1280
1281
1258
1287
1269
1307
1263
1327
1262
1331
1293
1336
1279
1363
1282
1325
1288
1307
1282
1283
1275
1274
1270
1263
1273
1265
1247
1272
1268
1272
1262
1305
1257
1312
1255
1337
1247
1348
1247
1318
1270
1303
1292
1279
1296
1280
1310
1274
1302
1282
1289
1297
1245
1306
1230
1321
1216
1312
1223
1308
1236
1306
1260
1298
1302
1300
1288
1304
1275
1304
1256
1260
1251
1310
1234
1306
1251
1294
1271
1298
1273
1287
1286
1294
1268
1295
1254
1296
1233
1298
1221
1303
1219
1301
1243
1297
1277
1295
1310
1293
1327
1299
1326
1325
1301
1304
1271
1301
1215
1326
1206
1303
1210
1304
1233
1294
1254
1300
1279
1302
1305
1312
1290
1318
1278
1315
1292
1310
1264
1298
1248
1294
1245
1283
1232
1291
1202
1292
1228
1300
1257
1307
1220
1300
1241
1299
1291
1298
1294
1291
1329
1287
1309
1296
1290
1323
1240
1322
1233
1318
1195
1322
1200
1306
1223
1303
1245
1316
1273
1288
1307
1287
1333
1287
1317
1295
1269
1311
1269
1306
1270
1311
1250
1307
1264
1301
1260
1302
1284
1276
1272
1298
1280
1294
1301
1297
1266
1293
1262
1292
1243
1268
1267
1305
1294
1310
1294
1320
1310
1305
1303
1322
1277
1327
1254
1325
1242
1307
1233
1294
1243
1291
1263
1286
1259
1286
1274
1295
1282
1311
1273
1316
1258
1316
1244
1316
1252
1311
1201
1311
1229
1298
1233
1301
1233
1293
1234
1303
1241
1290
1237
1302
1247
1300
1261
1292
1268
1284
1194
1287
1257
1296
1245
1331
1228
1315
1230
1318
1222
1318
1237
1311
1247
1300
1276
1283
1282
1286
1307
1262
1317
1272
1258
1327
1242
1297
1205
1304
1219
1302
1234
1312
1267
1301
1293
1326
1302
1301
1294
1291
1293
1283
1254
1277
1214
1243
1185
1280
1196
1293
1228
1290
1266
1293
1258
1310
1277
1310
1294
1312
1242
1300
1243
1288
1255
1282
1227
1274
1228
1280
1224
1302
1243
1298
1233
1308
1254
1280
1265
1307
1270
1301
1281
1302
1290
1320
1286
1294
1298
1296
1266
1302
1237
1318
1202
1318
1209
1295
1192
1316
1225
1294
1258
1285
1296
1285
1285
1291
1265
1278
1283
1302
1283
1295
1259
1316
1260
1323
1239
1306
1256
1309
1262
1291
1266
1276
1266
1274
1233
1276
1240
1287
1241
1293
1255
1279
1282
1309
1291
1315
1327
1293
1311
1307
1302
1295
1265
1292
1250
1275
1222
1279
1199
1311
1203
1291
1220
1304
1271
1309
1312
1315
1338
1310
1338
1315
1326
1302
1288
1300
1247
1284
1216
1248
1196
1279
1163
1283
1190
1294
1268
1307
1250
1308
1298
1332
1309
1318
1337
1322
1284
1303
1288
1293
1266
1287
1232
1278
1206
1292
1195
1303
1202
1303
1231
1291
1276
1307
1302
1302
1276
1304
1324
1276
1289
1299
1257
1262
1219
1292
1177
1309
1156
1301
1181
1299
1243
1305
1304
1302
1330
1300
1352
1305
1313
1274
1275
1288
1212
1297
1188
1289
1195
1292
1195
1280
1230
1286
1287
1291
1342
1302
1359
1327
1355
1306
1337
1318
1283
1299
1233
1284
1207
1282
1197
1270
1198
1275
1218
1288
1264
1295
1266
1307
1295
1308
1328
1310
1333
1297
1317
1297
1294
1296
1255
1321
1227
1288
1216
1290
1204
1301
1193
1303
1240
1306
1268
1310
1289
1317
1311
1274
1301
1296
1286
1291
1223
1280
1237
1279
1257
1286
1231
1282
1253
1299
1249
1330
1269
1323
1267
1325
1271
1317
1262
1310
1253
1290
1246
1285
1239
1289
1252
1269
1276
1287
1296
1295
1289
1315
1283
1313
1278
1319
1257
1311
1249
1291
1234
1296
1240
1286
1271
1282
1264
1282
1309
1302
1351
1301
1320
1300
1302
1313
1272
1294
1245
1308
1217
1298
1236
1282
1251
1283
1257
1276
1281
1286
1313
1299
1299
1297
1294
1311
1283
1318
1266
1312
1231
1307
1202
1293
1171
1289
1218
1279
1239
1271
1238
1310
1257
1300
1223
1317
1284
1315
1265
1321
1269
1306
1254
1308
1221
1292
1201
1288
1206
1285
1221
1292
1246
1300
1266
1304
1304
1333
1307
1323
1304
1283
1292
1302
1243
1290
1200
1279
1199
1279
1203
1276
1223
1292
1273
1293
1305
1310
1314
1348
1327
1318
1298
1316
1294
1298
1275
1283
1259
1263
1242
1256
1251
1264
1257
1274
1266
1284
1269
1298
1281
1318
1257
1319
1273
1316
1307
1306
1263
1280
1276
1274
1260
1262
1261
1261
1236
1278
1263
1293
1299
1308
1262
1308
1270
1318
1263
1317
1255
1306
1249
1284
1254
1281
1253
1273
1228
1275
1267
1286
1280
1317
1289
1261
1299
1321
1265
1326
1253
1312
1217
1299
1219
1283
1199
1273
1225
1264
1255
1277
1271
1272
1305
1312
1308
1324
1328
1322
1298
1303
1265
1301
1230
1298
1204
1280
1207
1281
1214
1279
1248
1288
1281
1297
1310
1305
1305
1312
1302
1295
1288
1301
1260
1295
1209
1281
1212
1284
1185
1277
1209
1279
1228
1285
1265
1290
1292
1298
1295
1321
1300
1305
1280
1305
1275
1308
1254
1294
1243
1283
1212
1293
1210
1286
1216
1302
1229
1290
1266
1307
1284
1313
1288
1314
1299
1309
1328
1313
1270
1287
1257
1286
1217
1274
1202
1290
1201
1301
1236
1305
1261
1313
1277
1310
1314
1308
1312
1317
1305
1294
1296
1286
1269
1278
1255
1283
1232
1285
1234
1305
1246
1302
1274
1290
1271
1296
1267
1295
1284
1292
1268
1291
1275
1286
1302
1292
1284
1283
1283
1293
1261
1272
1270
1292
1244
1294
1252
1289
1252
1291
1250
1299
1247
1304
1264
1308
1293
1313
1270
1314
1271
1310
1267
1302
1250
1298
1251
1289
1210
1285
1248
1278
1268
1284
1253
1322
1247
1293
1219
1304
1251
1303
1252
1330
1254
1309
1266
1316
1269
1304
1282
1308
1258
1286
1253
1286
1242
1287
1237
1270
1234
1289
1221
1296
1210
1284
1283
1306
1280
1306
1290
1301
1276
1291
1268
1280
1248
1276
1229
1268
1243
1276
1235
1309
1255
1291
1260
1296
1288
1297
1296
1310
1307
1283
1287
1282
1263
1314
1249
1290
1226
1287
1208
1300
1209
1314
1196
1335
1212
1310
1239
1304
1266
1284
1276
1287
1282
1281
1282
1286
1235
1268
1231
1285
1230
1307
1198
1290
1194
1303
1200
1295
1232
1303
1272
1307
1302
1300
1315
1300
1293
1293
1294
1288
1254
1290
1216
1237
1205
1286
1194
1292
1205
1297
1225
1282
1273
1296
1276
1302
1299
1292
1328
1286
1291
1290
1260
1288
1215
1292
1205
1293
1211
1300
1224
1299
1248
1302
1272
1286
1301
1288
1315
1263
1310
1278
1298
1302
1262
1292
1232
1302
1197
1306
1221
1287
1229
1293
1236
1283
1272
1282
1277
1303
1302
1283
1322
1293
1325
1286
1279
1301
1249
1328
1225
1301
1206
1295
1225
1298
1240
1261
1262
1276
1260
1281
1307
1292
1304
1301
1292
1314
1257
1297
1227
1318
1192
1295
1194
1294
1249
1292
1225
1273
1273
1286
1268
1258
1284
1296
1262
1276
1262
1290
1242
1296
1194
1290
1226
1303
1230
1312
1252
1302
1273
1296
1286
1317
1269
1287
1283
1281
1273
1288
1256
1295
1244
1277
1243
1305
1231
1306
1253
1311
1244
1293
1273
1294
1299
1273
1303
1264
1297
1282
1276
1271
1269
1312
1241
1345
1238
1315
1241
1310
1244
1291
1246
1284
1275
1273
1288
1284
1300
1286
1305
1279
1303
1308
1267
1311
1234
1310
1193
1303
1223
1291
1235
1285
1245
1313
1268
1282
1274
1291
1308
1290
1319
1297
1293
1288
1273
1302
1245
1305
1213
1299
1192
1282
1214
1295
1231
1293
1258
1292
1275
1294
1290
1292
1293
1284
1297
1292
1264
1323
1251
1308
1224
1306
1228
1299
1233
1303
1247
1290
1267
1293
1266
1308
1272
1299
1271
1300
1282
1300
1254
1307
1275
1325
1259
1309
1278
1313
1263
1299
1256
1303
1266
1296
1279
1287
1284
1302
1288
1312
1290
1319
1288
1308
1283
1306
1265
1297
1267
1288
1244
1280
1264
1279
1303
1291
1294
1295
1312
1312
1311
1312
1296
1328
1282
1314
1279
1303
1297
1321
1253
1286
1277
1282
1293
1287
1310
1268
1317
1304
1311
1304
1293
1311
1271
1310
1264
1302
1224
1300
1256
1290
1272
1290
1252
1327
1267
1291
1266
1295
1282
1291
1272
1292
1268
1293
1262
1303
1249
1303
1248
1321
1247
1316
1241
1308
1242
1303
1251
1294
1247
1296
1261
1300
1273
1298
1273
1310
1259
1321
1272
1320
1252
1313
1261
1327
1262
1277
1304
1286
1292
1291
1290
1320
1302
1312
1289
1309
1303
1323
1286
1322
1273
1307
1262
1302
1270
1287
1273
1291
1285
1285
1295
1287
1297
1297
1279
1303
1270
1304
1304
1301
1242
1293
1222
1290
1236
1258
1245
1295
1258
1301
1291
1304
1297
1331
1295
1300
1298
1302
1277
1304
1252
1294
1239
1288
1258
1292
1239
1290
1246
1301
1274
1305
1295
1313
1289
1291
1306
1286
1285
1303
1278
1305
1251
1303
1243
1315
1238
1302
1253
1271
1296
1298
1272
1283
1294
1304
1312
1303
1303
1300
1323
1309
1310
1304
1286
1304
1268
1300
1261
1297
1253
1292
1255
1294
1278
1293
1284
1300
1299
1309
1295
1320
1312
1316
1301
1314
1270
1328
1254
1307
1211
1298
1188
1299
1230
1297
1259
1295
1287
1309
1314
1322
1318
1321
1312
1313
1297
1312
1279
1301
1239
1297
1226
1294
1229
1294
1239
1282
1268
1290
1291
1307
1310
1303
1298
1323
1313
1299
1326
1294
1282
1285
1277
1292
1244
1300
1246
1296
1248
1300
1274
1292
1281
1295
1302
1287
1307
1292
1307
1302
1301
1292
1277
1282
1257
1300
1248
1309
1253
1301
1255
1297
1253
1290
1304
1280
1318
1290
1310
1285
1304
1296
1263
1309
1248
1301
1248
1302
1231
1295
1231
1297
1249
1263
1280
1304
1298
1302
1300
1301
1312
1301
1262
1295
1243
1300
1213
1303
1193
1327
1201
1305
1229
1310
1265
1312
1291
1315
1305
1308
1289
1310
1324
1295
1308
1272
1262
1314
1230
1286
1182
1292
1244
1293
1257
1305
1298
1316
1333
1313
1347
1317
1341
1302
1331
1293
1304
1285
1275
1285
1257
1284
1243
1291
1251
1294
1283
1288
1312
1318
1308
1308
1339
1306
1307
1300
1299
1298
1264
1300
1257
1261
1241
1288
1221
1309
1234
1285
1248
1292
1274
1301
1291
1314
1313
1319
1291
1316
1274
1330
1247
1318
1218
1304
1201
1291
1210
1282
1211
1280
1251
1285
1324
1302
1319
1328
1324
1334
1303
1287
1280
1336
1213
1326
1206
1304
1204
1293
1206
1275
1237
1284
1294
1286
1323
1297
1354
1308
1357
1318
1335
1324
1285
1317
1261
1312
1231
1309
1219
1266
1237
1261
1253
1278
1292
1278
1313
1274
1353
1288
1344
1301
1354
1301
1332
1310
1288
1301
1253
1314
1239
1299
1256
1283
1254
1275
1280
1274
1308
1282
1329
1281
1348
1314
1351
1323
1318
1326
1290
1326
1247
1314
1214
1302
1223
1285
1229
1257
1262
1271
1282
1294
1321
1302
1320
1315
1333
1333
1303
1340
1276
1325
1239
1318
1223
1329
1229
1286
1238
1278
1261
1280
1307
1288
1304
1294
1323
1312
1317
1313
1293
1298
1266
1316
1248
1305
1246
1299
1236
1292
1268
1295
1324
1283
1313
1280
1337
1293
1320
1276
1307
1302
1238
1313
1267
1308
1265
1304
1275
1294
1274
1289
1275
1295
1287
1283
1296
1283
1300
1292
1296
1300
1293
1309
1279
1309
1263
1315
1257
1289
1255
1296
1239
1288
1254
1286
1253
1285
1280
1286
1321
1297
1319
1292
1313
1352
1289
1299
1284
1318
1270
1312
1236
1297
1240
1268
1212
1287
1273
1294
1304
1297
1318
1309
1316
1313
1295
1312
1278
1310
1237
1302
1231
1289
1215
1287
1263
1282
1286
1287
1294
1342
1338
1305
1290
1306
1301
1300
1278
1305
1277
1290
1258
1299
1264
1291
1267
1300
1294
1296
1317
1304
1321
1308
1309
1302
1314
1304
1304
1301
1286
1292
1286
1295
1291
1271
1268
1291
1248
1290
1283
1298
1299
1303
1260
1298
1323
1309
1301
1328
1301
1307
1279
1305
1263
1298
1240
1290
1247
1279
1232
1282
1248
1283
1286
1286
1304
1291
1312
1301
1322
1305
1299
1314
1273
1305
1251
1297
1241
1279
1231
1273
1233
1230
1264
1284
1263
1270
1312
1297
1345
1310
1314
1307
1302
1309
1290
1292
1270
1292
1257
1282
1269
1274
1291
1278
1276
1285
1290
1297
1313
1309
1296
1315
1286
1310
1279
1305
1272
1294
1260
1290
1281
1287
1278
1288
1296
1288
1304
1295
1286
1315
1276
1312
1248
1314
1261
1313
1263
1311
1267
1304
1286
1301
1274
1292
1284
1298
1286
1293
1279
1305
1271
1300
1258
1301
1272
1307
1288
1306
1255
1271
1268
1291
1260
1283
1268
1284
1260
1281
1289
1286
1296
1297
1315
1296
1314
1307
1294
1324
1286
1302
1260
1301
1249
1285
1258
1273
1242
1271
1299
1279
1328
1287
1348
1292
1342
1312
1298
1321
1313
1317
1235
1300
1225
1295
1260
1289
1244
1287
1288
1277
1282
1252
1344
1300
1298
1311
1305
1306
1279
1315
1242
1307
1230
1311
1235
1300
1239
1294
1257
1290
1297
1287
1285
1287
1273
1297
1281
1303
1274
1311
1271
1302
1276
1305
1258
1313
1264
1285
1245
1292
1273
1281
1279
1281
1295
1268
1305
1290
1316
1286
1305
1307
1308
1318
1307
1317
1297
1314
1220
1307
1268
1318
1277
1280
1282
1285
1317
1278
1307
1293
1326
1306
1300
1314
1296
1313
1270
1312
1266
1305
1259
1295
1236
1326
1276
1287
1277
1288
1323
1290
1329
1300
1320
1324
1290
1317
1266
1324
1238
1310
1220
1305
1236
1298
1271
1277
1279
1283
1322
1286
1335
1291
1315
1287
1301
1295
1251
1295
1229
1299
1201
1300
1233
1299
1273
1317
1283
1294
1329
1296
1326
1293
1312
1293
1297
1291
1288
1291
1256
1297
1244
1293
1239
1303
1243
1309
1253
1307
1283
1294
1308
1286
1330
1261
1323
1275
1325
1284
1309
1293
1317
1300
1281
1307
1246
1312
1243
1310
1228
1308
1257
1295
1314
1286
1339
1280
1356
1291
1348
1284
1352
1303
1302
1308
1264
1311
1229
1307
1192
1318
1212
1292
1249
1311
1289
1288
1344
1293
1341
1296
1332
1299
1282
1304
1268
1282
1219
1298
1219
1292
1215
1296
1238
1321
1261
1302
1274
1307
1310
1298
1314
1294
1311
1296
1303
1303
1288
1299
1278
1303
1256
1306
1269
1303
1268
1308
1255
1285
1266
1296
1310
1291
1278
1289
1311
1296
1300
1300
1305
1311
1289
1315
1282
1314
1267
1316
1261
1300
1259
1298
1259
1308
1282
1293
1299
1299
1321
1302
1330
1307
1307
1314
1300
1314
1281
1307
1265
1274
1260
1292
1262
1294
1292
1297
1275
1302
1302
1298
1340
1303
1310
1295
1308
1301
1288
1253
1331
1291
1281
1297
1311
1297
1315
1299
1306
1296
1289
1313
1281
1299
1264
1295
1269
1292
1277
1288
1289
1291
1311
1294
1328
1295
1331
1337
1318
1307
1305
1309
1268
1305
1237
1306
1223
1304
1259
1297
1272
1298
1309
1281
1331
1302
1325
1302
1323
1309
1270
1307
1266
1304
1258
1302
1209
1300
1248
1327
1264
1308
1289
1321
1339
1306
1302
1303
1319
1298
1289
1296
1290
1295
1297
1302
1280
1302
1263
1315
1248
1342
1254
1312
1236
1303
1277
1286
1299
1279
1345
1266
1348
1261
1350
1303
1349
1310
1286
1317
1259
1320
1218
1322
1196
1307
1233
1301
1277
1288
1319
1268
1375
1279
1380
1282
1369
1291
1309
1293
1288
1306
1278
1304
1232
1295
1252
1299
1269
1287
1304
1285
1343
1295
1381
1289
1368
1290
1348
1285
1314
1294
1265
1303
1228
1309
1247
1312
1243
1317
1264
1337
1273
1313
1295
1306
1264
1295
1303
1280
1302
1279
1272
1303
1271
1289
1238
1320
1248
1317
1264
1328
1252
1302
1259
1291
1253
1272
1292
1277
1292
1273
1306
1287
1307
1301
1257
1307
1259
1319
1260
1318
1243
1256
1251
1292
1272
1283
1298
1281
1306
1280
1312
1288
1314
1304
1300
1307
1294
1314
1249
1344
1230
1312
1221
1309
1263
1297
1282
1290
1314
1290
1331
1298
1355
1300
1301
1300
1276
1300
1258
1309
1241
1310
1225
1307
1255
1328
1313
1307
1295
1291
1316
1288
1296
1281
1296
1283
1252
1287
1254
1300
1265
1306
1264
1306
1273
1316
1278
1317
1292
1303
1300
1289
1297
1274
1306
1268
1282
1276
1296
1289
1296
1313
1291
1273
1281
1330
1261
1327
1262
1316
1246
1329
1269
1279
1300
1274
1333
1271
1343
1285
1314
1275
1300
1316
1251
1328
1255
1325
1255
1315
1235
1294
1253
1291
1289
1273
1304
1281
1318
1277
1320
1290
1307
1297
1269
1302
1251
1304
1259
1309
1260
1295
1283
1293
1292
1298
1306
1294
1295
1290
1314
1284
1280
1290
1292
1291
1295
1299
1276
1320
1281
1313
1289
1316
1296
1306
1291
1298
1275
1282
1297
1278
1267
1274
1266
1282
1278
1312
1271
1306
1305
1324
1270
1322
1266
1314
1292
1312
1263
1271
1254
1272
1245
1273
1257
1278
1245
1286
1267
1306
1275
1319
1276
1319
1240
1319
1259
1312
1265
1290
1261
1275
1253
1274
1283
1283
1267
1294
1277
1314
1274
1332
1263
1349
1265
1324
1265
1309
1273
1301
1264
1286
1292
1279
1329
1283
1293
1282
1289
1308
1273
1284
1255
1315
1212
1332
1273
1312
1283
1311
1299
1298
1308
1290
1301
1290
1289
1266
1277
1276
1252
1285
1244
1291
1238
1299
1250
1308
1209
1311
1281
1302
1302
1296
1283
1311
1265
1294
1262
1272
1267
1270
1261
1285
1271
1289
1271
1346
1261
1323
1270
1328
1270
1322
1273
1306
1272
1290
1266
1272
1276
1271
1292
1282
1276
1275
1297
1309
1257
1324
1288
1327
1254
1337
1271
1307
1274
1291
1270
1275
1294
1279
1284
1303
1288
1292
1266
1312
1280
1315
1290
1324
1272
1317
1271
1318
1282
1314
1282
1285
1292
1284
1292
1291
1279
1289
1257
1290
1263
1298
1263
1310
1271
1298
1291
1311
1283
1313
1296
1313
1275
1300
1310
1287
1273
1282
1248
1263
1254
1272
1254
1274
1270
1295
1285
1305
1312
1312
1297
1310
1246
1300
1259
1295
1252
1274
1247
1222
1253
1279
1251
1289
1278
1302
1278
1320
1287
1321
1279
1304
1300
1305
1290
1294
1265
1276
1276
1281
1258
1266
1279
1288
1297
1306
1288
1308
1286
1321
1266
1312
1311
1311
1281
1306
1286
1291
1280
1288
1263
1283
1268
1284
1272
1306
1258
1299
1267
1312
1272
1312
1268
1321
1253
1305
1281
1300
1263
1304
1277
1290
1280
1292
1264
1328
1246
1299
1249
1275
1267
1294
1280
1299
1265
1305
1305
1307
1288
1305
1291
1303
1286
1293
1255
1296
1249
1283
1253
1284
1272
1291
1333
1303
1310
1300
1322
1316
1293
1298
1285
1311
1261
1295
1253
1283
1250
1280
1260
1272
1267
1290
1269
1320
1281
1319
1281
1335
1286
1325
1275
1308
1263
1301
1256
1294
1262
1289
1273
1279
1263
1289
1274
1304
1276
1316
1255
1321
1262
1315
1294
1307
1276
1290
1293
1291
1264
1258
1277
1274
1265
1280
1274
1278
1271
1285
1274
1299
1280
1320
1299
1308
1293
1313
1262
1323
1300
1307
1276
1302
1249
1293
1246
1292
1199
1287
1257
1288
1285
1300
1286
1346
1303
1324
1291
1327
1297
1334
1275
1312
1278
1289
1255
1289
1242
1282
1255
1291
1272
1271
1288
1300
1308
1312
1315
1312
1299
1315
1294
1309
1281
1281
1274
1287
1250
1283
1259
1284
1253
1290
1259
1291
1273
1296
1280
1301
1287
1304
1264
1320
1283
1296
1266
1300
1271
1281
1262
1282
1258
1288
1245
1291
1246
1303
1256
1300
1241
1297
1259
1299
1272
1298
1269
1293
1280
1297
1276
1296
1267
1286
1244
1293
1246
1296
1247
1302
1227
1295
1261
1297
1280
1302
1275
1288
1286
1299
1290
1283
1278
1296
1274
1281
1284
1297
1274
1295
1270
1297
1279
1321
1269
1314
1262
1279
1261
1295
1240
1289
1248
1284
1239
1281
1264
1278
1249
1289
1303
1292
1304
1303
1276
1321
1257
1280
1219
1309
1211
1294
1215
1290
1227
1272
1246
1277
1270
1280
1303
1302
1307
1310
1296
1314
1287
1324
1255
1305
1228
1296
1224
1285
1231
1268
1243
1278
1257
1261
1282
1287
1278
1291
1308
1293
1304
1300
1311
1290
1315
1298
1304
1321
1260
1300
1239
1301
1247
1298
1246
1279
1259
1292
1289
1294
1311
1300
1314
1305
1321
1282
1297
1317
1271
1319
1244
1317
1223
1307
1254
1305
1211
1288
1252
1287
1245
1245
1275
1298
1266
1308
1281
1313
1279
1313
1262
1300
1255
1308
1236
1306
1245
1275
1255
1293
1262
1293
1268
1298
1270
1299
1268
1306
1262
1303
1265
1283
1264
1307
1257
1292
1268
1291
1254
1294
1266
1293
1273
1292
1271
1288
1264
1290
1252
1298
1254
1291
1249
1294
1263
1293
1280
1297
1279
1294
1283
1302
1289
1312
1284
1316
1293
1298
1282
1295
1278
1289
1268
1296
1261
1289
1256
1299
1261
1297
1273
1288
1258
1341
1276
1308
1264
1312
1310
1300
1275
1280
1282
1290
1277
1301
1250
1311
1238
1302
1215
1301
1233
1297
1247
1306
1245
1295
1276
1299
1278
1295
1277
1253
1275
1293
1238
1290
1240
1291
1224
1297
1230
1295
1286
1300
1281
1295
1289
1300
1287
1308
1284
1301
1271
1296
1258
1285
1252
1281
1262
1285
1260
1273
1281
1306
1290
1313
1282
1319
1262
1317
1272
1309
1251
1298
1246
1287
1255
1269
1260
1297
1271
1284
1279
1294
1289
1307
1257
1317
1281
1320
1284
1316
1267
1301
1275
1280
1264
1273
1246
1290
1220
1295
1255
1295
1251
1305
1221
1308
1264
1306
1267
1330
1277
1306
1284
1299
1272
1300
1255
1302
1234
1302
1212
1302
1179
1303
1222
1312
1246
1297
1255
1349
1274
1300
1283
1305
1294
1299
1286
1299
1267
1289
1243
1302
1226
1295
1234
1296
1267
1302
1254
1299
1296
1301
1291
1292
1291
1292
1293
1292
1292
1272
1273
1274
1257
1276
1260
1287
1232
1296
1255
1302
1282
1308
1267
1299
1281
1289
1277
1295
1303
1282
1270
1277
1288
1257
1262
1285
1277
1293
1258
1312
1261
1319
1247
1321
1254
1313
1255
1301
1261
1294
1254
1283
1276
1277
1296
1284
1277
1284
1277
1291
1255
1276
1254
1308
1233
1319
1263
1298
1272
1309
1258
1283
1278
1280
1267
1270
1262
1287
1258
1286
1251
1298
1238
1302
1250
1302
1263
1300
1264
1302
1275
1300
1275
1292
1256
1286
1259
1287
1229
1290
1247
1289
1225
1307
1265
1328
1272
1317
1267
1334
1274
1315
1255
1307
1256
1294
1258
1284
1245
1276
1250
1285
1265
1271
1272
1304
1274
1312
1276
1318
1261
1313
1251
1299
1251
1287
1292
1273
1257
1262
1263
1269
1255
1277
1261
1296
1223
1304
1247
1317
1237
1311
1242
1294
1248
1271
1249
1293
1248
1274
1252
1274
1255
1280
1250
1289
1218
1298
1252
1300
1250
1321
1256
1299
1295
1303
1266
1290
1265
1286
1243
1284
1253
1263
1267
1276
1247
1275
1261
1287
1260
1260
1263
1311
1269
1310
1285
1308
1298
1306
1282
1290
1263
1310
1248
1286
1251
1277
1245
1277
1244
1289
1256
1306
1247
1302
1248
1334
1249
1320
1257
1298
1244
1286
1198
1277
1247
1280
1218
1281
1237
1281
1245
1297
1243
1318
1238
1309
1233
1300
1227
1307
1236
1300
1253
1286
1270
1284
1197
1279
1269
1272
1266
1283
1249
1294
1217
1295
1228
1298
1230
1299
1216
1300
1247
1296
1259
1290
1278
1290
1297
1297
1284
1328
1273
1295
1239
1268
1248
1294
1240
1299
1252
1290
1255
1299
1256
1309
1270
1309
1276
1302
1282
1298
1287
1292
1274
1287
1282
1295
1270
1294
1261
1289
1252
1306
1220
1307
1221
1309
1204
1304
1229
1300
1275
1302
1273
1284
1282
1292
1267
1287
1275
1297
1228
1300
1248
1298
1236
1296
1235
1292
1221
1289
1243
1298
1285
1295
1259
1290
1266
1293
1270
1312
1234
1290
1241
1285
1228
1284
1230
1279
1236
1284
1228
1289
1235
1298
1243
1302
1248
1298
1260
1296
1250
1283
1264
1288
1300
1270
1262
1286
1267
1286
1263
1288
1251
1296
1218
1304
1222
1301
1233
1302
1239
1285
1272
1293
1269
1293
1292
1294
1276
1294
1292
1291
1261
1293
1270
1287
1276
1293
1235
1323
1240
1265
1236
1305
1251
1301
1271
1306
1289
1300
1280
1300
1280
1294
1293
1289
1260
1279
1248
1285
1242
1293
1216
1298
1223
1309
1267
1313
1241
1319
1242
1305
1240
1298
1249
1292
1227
1281
1253
1274
1256
1285
1219
1276
1223
1289
1235
1304
1225
1290
1232
1295
1252
1296
1263
1326
1252
1290
1286
1291
1282
1297
1266
1250
1255
1287
1244
1285
1224
1290
1206
1287
1238
1295
1272
1301
1269
1299
1302
1299
1284
1264
1273
1316
1247
1291
1242
1287
1244
1286
1242
1282
1243
1299
1243
1302
1259
1312
1263
1314
1264
1311
1263
1301
1247
1287
1244
1282
1216
1285
1256
1275
1258
1282
1251
1294
1271
1306
1234
1301
1250
1305
1255
1310
1272
1294
1279
1293
1260
1290
1276
1283
1259
1289
1266
1287
1265
1289
1228
1290
1238
1300
1256
1303
1247
1313
1266
1307
1268
1301
1264
1295
1241
1288
1247
1284
1297
1286
1248
1283
1267
1293
1255
1340
1255
1317
1242
1316
1260
1310
1236
1305
1235
1284
1236
1279
1225
1285
1239
1275
1257
1280
1268
1301
1265
1308
1248
1307
1249
1305
1236
1301
1232
1277
1231
1273
1214
1268
1247
1246
1242
1277
1272
1279
1315
1294
1294
1296
1280
1303
1254
1280
1246
1297
1220
1290
1235
1276
1241
1265
1259
1267
1267
1281
1282
1296
1291
1304
1275
1305
1260
1307
1251
1305
1218
1300
1198
1290
1184
1288
1232
1274
1253
1282
1244
1319
1261
1310
1254
1312
1282
1313
1280
1313
1264
1305
1255
1306
1247
1291
1225
1296
1223
1297
1238
1288
1250
1291
1224
1301
1273
1309
1273
1314
1274
1283
1260
1307
1233
1303
1225
1283
1196
1276
1235
1289
1219
1280
1257
1248
1278
1297
1273
1336
1270
1307
1255
1302
1235
1288
1220
1279
1224
1259
1222
1263
1249
1274
1269
1281
1284
1287
1283
1302
1288
1311
1250
1302
1243
1296
1270
1282
1237
1275
1225
1273
1225
1280
1276
1287
1258
1301
1284
1307
1309
1315
1281
1331
1272
1309
1250
1306
1242
1293
1225
1284
1231
1282
1225
1295
1219
1291
1270
1293
1273
1317
1278
1273
1256
1313
1273
1301
1255
1296
1210
1285
1211
1272
1189
1275
1203
1266
1225
1282
1228
1282
1254
1302
1261
1319
1287
1316
1291
1305
1266
1279
1222
1273
1212
1252
1176
1260
1209
1262
1222
1282
1251
1305
1259
1321
1274
1307
1277
1318
1270
1294
1283
1283
1225
1261
1221
1245
1201
1251
1223
1253
1229
1269
1269
1287
1277
1329
1264
1345
1284
1322
1262
1313
1260
1292
1256
1276
1243
1290
1234
1266
1252
1274
1244
1296
1249
1311
1256
1328
1265
1340
1276
1339
1270
1308
1319
1308
1268
1287
1270
1275
1250
1257
1231
1274
1205
1287
1240
1300
1249
1322
1257
1323
1273
1327
1284
1330
1274
1307
1249
1280
1257
1265
1237
1255
1226
1244
1235
1267
1237
1291
1246
1293
1259
1316
1254
1325
1252
1318
1232
1299
1242
1279
1252
1271
1246
1251
1260
1266
1250
1255
1259
1305
1256
1308
1259
1315
1260
1317
1257
1305
1245
1279
1257
1286
1265
1282
1271
1274
1268
1279
1252
1287
1246
1290
1235
1304
1192
1309
1244
1308
1245
1309
1244
1337
1261
1299
1239
1298
1255
1293
1269
1289
1264
1280
1262
1294
1258
1312
1254
1311
1255
1321
1268
1320
1271
1329
1265
1307
1254
1282
1261
1294
1255
1279
1273
1284
1275
1297
1279
1302
1271
1310
1287
1306
1289
1305
1265
1294
1270
1295
1253
1316
1258
1295
1265
1301
1290
1298
1287
1302
1294
1292
1288
1298
1282
1302
1255
1289
1249
1287
1240
1289
1255
1294
1256
1294
1254
1304
1278
1305
1276
1292
1271
1299
1246
1288
1248
1283
1236
1283
1225
1287
1260
1297
1242
1295
1247
1310
1246
1301
1245
1314
1237
1309
1239
1299
1245
1295
1243
1280
1261
1282
1277
1283
1265
1278
1268
1306
1258
1309
1260
1317
1239
1319
1259
1301
1232
1312
1279
1295
1297
1294
1285
1309
1278
1290
1261
1295
1267
1293
1263
1305
1274
1303
1289
1315
1288
1325
1282
1315
1293
1302
1302
1298
1256
1289
1250
1264
1247
1287
1243
1295
1265
1302
1287
1311
1277
1318
1282
1321
1259
1315
1258
1299
1237
1301
1242
1284
1265
1287
1241
1305
1254
1298
1251
1309
1263
1310
1270
1299
1281
1309
1262
1321
1245
1305
1263
1291
1262
1286
1256
1292
1260
1290
1238
1297
1246
1295
1291
1297
1275
1290
1277
1295
1277
1246
1283
1299
1262
1299
1273
1296
1275
1313
1247
1288
1219
1295
1251
1291
1253
1294
1276
1297
1302
1300
1302
1300
1285
1306
1296
1305
1290
1304
1260
1283
1253
1295
1263
1291
1252
1293
1245
1303
1283
1300
1275
1303
1311
1299
1308
1307
1285
1309
1277
1312
1265
1312
1259
1295
1262
1300
1264
1296
1269
1302
1266
1298
1278
1307
1289
1306
1279
1315
1286
1328
1278
1311
1276
1304
1278
1303
1270
1308
1257
1287
1245
1281
1254
1289
1236
1301
1268
1298
1277
1311
1304
1310
1292
1319
1286
1329
1277
1301
1251
1292
1247
1278
1260
1275
1233
1275
1251
1286
1258
1293
1266
1270
1271
1313
1265
1315
1270
1304
1247
1296
1250
1282
1311
1275
1254
1268
1263
1249
1248
1266
1241
1305
1227
1317
1249
1318
1240
1322
1247
1311
1267
1308
1278
1303
1288
1287
1288
1279
1272
1275
1250
1286
1233
1296
1220
1307
1225
1319
1231
1314
1261
1314
1267
1308
1286
1302
1274
1294
1281
1276
1283
1277
1276
1275
1261
1291
1248
1286
1255
1310
1249
1324
1263
1324
1281
1318
1236
1303
1283
1296
1290
1275
1293
1280
1290
1280
1227
1286
1267
1314
1236
1311
1256
1315
1234
1316
1257
1336
1275
1304
1273
1336
1281
1288
1258
1287
1275
1283
1255
1293
1241
1292
1230
1301
1255
1308
1234
1296
1234
1295
1271
1295
1280
1290
1272
1286
1258
1287
1259
1314
1249
1280
1252
1288
1235
1291
1248
1303
1233
1303
1269
1306
1287
1307
1284
1308
1289
1303
1260
1308
1212
1299
1247
1295
1248
1291
1249
1315
1272
1296
1278
1310
1279
1314
1286
1308
1284
1308
1268
1279
1270
1299
1247
1298
1247
1295
1257
1303
1267
1296
1265
1298
1262
1272
1274
1303
1245
1307
1271
1303
1288
1304
1265
1294
1259
1304
1252
1267
1246
1299
1243
1298
1256
1294
1272
1291
1257
1286
1240
1291
1276
1279
1268
1295
1258
1303
1242
1301
1236
1312
1198
1293
1231
1286
1227
1283
1261
1273
1292
1278
1292
1314
1279
1296
1259
1287
1264
1304
1244
1303
1209
1302
1239
1298
1240
1288
1260
1292
1276
1290
1306
1291
1294
1288
1283
1294
1272
1307
1306
1302
1262
1296
1264
1297
1238
1297
1244
1288
1228
1296
1254
1293
1258
1300
1280
1290
1279
1303
1250
1322
1266
1308
1252
1319
1251
1305
1245
1308
1211
1301
1233
1300
1250
1293
1260
1274
1266
1298
1268
1302
1271
1302
1238
1306
1223
1305
1268
1303
1236
1291
1252
1286
1245
1244
1259
1281
1250
1286
1276
1293
1291
1301
1288
1302
1265
1307
1255
1304
1244
1306
1249
1277
1259
1294
1264
1290
1245
1290
1270
1294
1259
1302
1253
1295
1266
1300
1233
1308
1253
1296
1240
1294
1280
1286
1274
1285
1284
1284
1293
1293
1270
1292
1259
1305
1248
1325
1246
1300
1258
1297
1237
1293
1262
1297
1280
1290
1288
1303
1289
1294
1278
1295
1289
1296
1283
1299
1256
1295
1272
1283
1267
1298
1270
1307
1262
1338
1273
1308
1258
1290
1292
1299
1294
1293
1297
1307
1284
1295
1273
1313
1259
1303
1236
1307
1248
1304
1258
1302
1246
1303
1285
1292
1312
1288
1304
1274
1269
1290
1288
1291
1265
1293
1222
1297
1229
1292
1252
1320
1235
1288
1267
1290
1271
1279
1286
1293
1280
1294
1299
1296
1283
1297
1263
1307
1248
1300
1228
1303
1216
1296
1252
1297
1244
1300
1267
1312
1271
1304
1289
1306
1250
1305
1294
1295
1283
1300
1257
1317
1241
1306
1220
1311
1234
1306
1257
1307
1265
1316
1280
1299
1275
1290
1318
1296
1303
1295
1297
1300
1281
1291
1214
1306
1232
1304
1230
1296
1244
1266
1258
1291
1273
1289
1302
1288
1288
1271
1303
1298
1288
1305
1278
1298
1253
1308
1227
1333
1237
1298
1229
1303
1260
1292
1276
1294
1297
1294
1309
1302
1323
1307
1291
1307
1284
1304
1273
1304
1238
1297
1237
1290
1256
1289
1304
1288
1260
1302
1296
1294
1287
1299
1263
1304
1258
1311
1268
1301
1268
1300
1251
1289
1253
1296
1247
1298
1260
1293
1258
1292
1277
1296
1284
1273
1273
1298
1272
1304
1268
1311
1263
1247
1250
1297
1246
1292
1254
1288
1245
1290
1264
1287
1288
1295
1294
1289
1301
1302
1265
1283
1278
1317
1247
1311
1264
1283
1281
1292
1275
1277
1290
1288
1311
1283
1294
1302
1308
1317
1296
1313
1277
1316
1254
1308
1260
1300
1257
1300
1263
1278
1289
1282
1311
1284
1295
1293
1274
1277
1287
1302
1265
1309
1282
1301
1285
1301
1263
1314
1260
1301
1287
1302
1270
1298
1270
1299
1279
1300
1282
1290
1278
1299
1282
1302
1287
1301
1261
1304
1263
1304
1239
1296
1247
1290
1255
1290
1279
1281
1293
1291
1290
1290
1293
1298
1256
1312
1278
1301
1266
1303
1297
1291
1256
1294
1264
1307
1268
1294
1273
1290
1285
1292
1292
1296
1278
1296
1268
1299
1270
1302
1271
1296
1272
1300
1279
1292
1286
1318
1269
1297
1290
1298
1310
1303
1276
1293
1277
1299
1271
1279
1257
1302
1257
1309
1275
1291
1282
1296
1292
1291
1289
1297
1283
1301
1277
1304
1272
1313
1256
1305
1250
1306
1240
1296
1241
1299
1198
1301
1263
1266
1288
1292
1274
1335
1293
1304
1276
1310
1277
1303
1253
1308
1286
1298
1253
1290
1251
1293
1270
1297
1280
1295
1301
1294
1304
1298
1298
1294
1310
1304
1303
1274
1290
1282
1274
1297
1255
1299
1261
1294
1222
1292
1268
1287
1304
1290
1312
1278
1336
1288
1323
1322
1309
1309
1272
1309
1265
1302
1255
1323
1241
1291
1245
1250
1262
1295
1280
1289
1292
1287
1311
1294
1300
1298
1293
1299
1277
1299
1257
1306
1250
1288
1255
1268
1246
1291
1256
1290
1250
1293
1279
1291
1296
1298
1298
1286
1308
1300
1278
1286
1265
1292
1254
1290
1249
1284
1241
1287
1237
1284
1258
1318
1281
1299
1289
1254
1307
1294
1290
1302
1294
1307
1266
1302
1255
1289
1221
1292
1268
1276
1270
1284
1282
1294
1299
1292
1292
1297
1306
1301
1310
1303
1291
1295
1280
1294
1285
1283
1277
1289
1282
1283
1301
1289
1322
1293
1307
1300
1312
1304
1309
1308
1293
1290
1284
1293
1273
1290
1260
1316
1241
1284
1272
1283
1260
1287
1283
1283
1301
1296
1289
1327
1282
1302
1270
1307
1274
1295
1246
1290
1230
1290
1238
1284
1233
1289
1241
1291
1259
1296
1261
1296
1272
1304
1277
1303
1293
1302
1313
1298
1270
1262
1271
1286
1245
1251
1247
1291
1242
1289
1259
1296
1280
1301
1290
1277
1297
1303
1298
1317
1301
1301
1301
1292
1280
1283
1289
1280
1278
1277
1276
1282
1280
1296
1285
1284
1280
1305
1265
1308
1289
1303
1279
1295
1300
1283
1316
1276
1310
1286
1309
1280
1298
1273
1292
1301
1266
1315
1268
1335
1267
1315
1262
1299
1271
1302
1285
1286
1292
1284
1293
1282
1298
1280
1285
1293
1276
1303
1276
1310
1228
1334
1239
1308
1256
1302
1240
1311
1240
1285
1235
1281
1257
1276
1262
1280
1281
1279
1292
1297
1270
1316
1279
1317
1262
1321
1255
1321
1251
1303
1253
1289
1249
1306
1270
1270
1289
1257
1303
1285
1284
1295
1299
1312
1278
1321
1271
1321
1289
1297
1273
1294
1294
1290
1265
1261
1276
1273
1270
1281
1293
1286
1292
1299
1286
1305
1281
1317
1282
1326
1273
1316
1272
1296
1281
1286
1286
1272
1267
1268
1253
1272
1274
1284
1274
1288
1275
1304
1271
1311
1278
1315
1257
1310
1291
1314
1302
1286
1305
1269
1291
1271
1273
1254
1263
1284
1260
1289
1290
1303
1268
1308
1247
1284
1283
1304
1277
1295
1280
1284
1295
1272
1267
1251
1274
1274
1249
1288
1247
1295
1215
1308
1240
1306
1272
1305
1267
1341
1271
1287
1261
1279
1276
1270
1282
1250
1280
1275
1257
1288
1275
1295
1271
1311
1264
1309
1268
1308
1285
1301
1284
1292
1296
1283
1302
1276
1300
1296
1295
1289
1281
1295
1277
1302
1242
1305
1263
1281
1268
1296
1278
1281
1300
1292
1301
1292
1299
1273
1284
1280
1288
1285
1265
1294
1267
1318
1260
1306
1265
1304
1262
1300
1287
1289
1307
1283
1286
1279
1273
1247
1272
1279
1280
1292
1260
1293
1265
1304
1248
1267
1269
1312
1255
1302
1278
1292
1304
1283
1300
1271
1298
1285
1280
1280
1284
1303
1268
1311
1260
1323
1262
1302
1251
1319
1239
1312
1270
1301
1287
1280
1295
1269
1301
1267
1305
1275
1270
1292
1260
1306
1245
1325
1250
1313
1250
1315
1247
1312
1273
1291
1261
1278
1296
1262
1302
1266
1297
1268
1299
1283
1292
1291
1271
1309
1253
1315
1259
1307
1258
1306
1257
1290
1273
1278
1318
1267
1302
1266
1326
1271
1285
1277
1300
1297
1267
1310
1284
1313
1263
1314
1275
1304
1278
1299
1269
1303
1269
1280
1271
1273
1290
1275
1274
1281
1249
1293
1270
1313
1266
1318
1266
1310
1265
1311
1236
1314
1239
1285
1216
1280
1227
1265
1266
1281
1249
1274
1259
1288
1237
1264
1262
1316
1251
1341
1266
1307
1274
1299
1286
1282
1251
1280
1253
1275
1249
1279
1240
1287
1245
1269
1259
1299
1249
1302
1254
1304
1291
1302
1295
1289
1286
1286
