1013
1296
1468
1303
1458
1303
1430
1272
1231
1265
1199
1261
1219
1260
1216
1242
1173
1252
1186
1264
1229
1258
1197
1262
1215
1243
1283
1243
1258
1260
1202
1259
1219
1235
1218
1264
1220
1260
1247
1260
1225
1259
1208
1266
1195
1255
1149
1275
1175
1261
1218
1255
1248
1239
1222
1296
1178
1269
1196
1266
1223
1260
1201
1262
1216
1254
1315
1242
1263
1272
1208
1262
1220
1258
1229
1250
1239
1259
1212
1254
1217
1260
1210
1264
1223
1248
1267
1259
1166
1259
1203
1264
1192
1261
1213
1255
1199
1261
1204
1251
1227
1255
1221
1239
1221
1250
1302
1235
1243
1264
1225
1258
1246
1256
1235
1260
1215
1251
1186
1273
1235
1249
1219
1258
1216
1258
1266
1253
1271
1266
1232
1263
1231
1256
1255
1259
1175
1252
1235
1263
1204
1261
1211
1266
1215
1246
1101
1280
1167
1259
1204
1273
1216
1268
1221
1268
1217
1264
1265
1272
1228
1262
1212
1262
1218
1268
1192
1270
1269
1264
1217
1260
1264
1261
1230
1255
1215
1257
1181
1268
1237
1255
1209
1258
1208
1287
1228
1257
1188
1257
1212
1254
1211
1256
1224
1245
1218
1251
1223
1252
1214
1253
1202
1257
1228
1254
1320
1231
1217
1250
1223
1257
1231
1256
1228
1259
1214
1256
1237
1269
1230
1261
1194
1254
1212
1259
1351
1251
1234
1268
1238
1261
1224
1213
1227
1264
1266
1254
1246
1264
1239
1267
1221
1261
1231
1240
1205
1257
1218
1264
1215
1270
1220
1267
1226
1271
1179
1274
1224
1264
1233
1270
1223
1212
1200
1272
1177
1273
1153
1274
1200
1270
1213
1270
1196
1269
1174
1265
1237
1262
1228
1305
1223
1273
1197
1283
1197
1287
1178
1280
1215
1266
1222
1272
1242
1289
1242
1270
1244
1267
1240
1272
1227
1270
1207
1258
1214
1256
1167
1256
1221
1222
1217
1237
1205
1235
1193
1235
1210
1231
1197
1230
1204
1239
1192
1234
1309
1226
1257
1240
1213
1275
1206
1289
1252
1292
1260
1300
1258
1298
1280
1316
1265
1299
1281
1304
1345
1291
1303
1304
1302
1287
1286
1274
1305
1273
1267
1260
1256
1247
1251
1250
1211
1256
1203
1265
1094
1311
1162
1305
1214
1327
1228
1340
1234
1361
1271
1371
1227
1387
1294
1387
1335
1364
1375
1340
1295
1333
1449
1278
1367
1262
1355
1232
1345
1207
1353
1172
1246
1155
1261
1124
1255
1100
1238
1073
1134
1054
1143
1041
1072
1037
1010
1049
906
1091
858
1101
814
1127
847
1144
881
1170
890
1203
973
1201
896
1230
958
1261
969
1308
1041
1353
1094
1397
1198
1429
1301
1419
1405
1400
1491
1368
1545
1331
1553
1291
1600
1265
1622
1255
1585
1258
1536
1259
1474
1275
1490
1281
1401
1288
1353
1286
1228
1328
1280
1304
1169
1331
1119
1339
1082
1385
1041
1418
1006
1427
1006
1450
966
1454
936
1445
875
1440
929
1411
968
1393
1029
1380
1138
1361
1193
1340
1307
1307
1366
1296
1428
1256
1484
1229
1576
1208
1517
1203
1548
1156
1576
1138
1534
1132
1448
1115
1425
1133
1360
1145
1300
1151
1273
1174
1212
1188
1237
1170
1272
1171
1264
1170
1251
1176
1219
1154
1209
1170
1196
1175
1187
1177
1194
1175
1251
1180
1180
1189
1244
1194
1246
1202
1209
1228
1134
1244
1078
1266
1095
1294
1095
1323
1086
1336
1076
1365
964
1390
985
1399
975
1403
949
1400
934
1395
936
1359
1039
1366
1068
1349
1149
1324
1211
1318
1227
1289
1208
1282
1250
1268
1309
1254
1343
1245
1329
1240
1369
1226
1386
1196
1372
1202
1402
1195
1415
1201
1429
1198
1463
1190
1400
1212
1328
1224
1260
1214
1173
1250
1110
1253
1053
1261
1008
1265
1020
1282
1025
1282
1176
1268
1246
1277
1218
1277
1263
1283
1274
1279
1307
1265
1279
1264
1296
1250
1305
1247
1302
1271
1358
1233
1307
1238
1328
1226
1308
1212
1288
1215
1255
1215
1212
1221
1189
1233
1154
1257
1113
1263
1125
1272
1111
1295
1023
1321
1013
1299
1045
1318
1058
1339
1109
1346
1193
1355
1257
1372
1307
1364
1376
1364
1413
1349
1442
1346
1461
1296
1499
1317
1529
1292
1553
1261
1586
1257
1510
1234
1610
1233
1415
1219
1347
1218
1280
1201
1247
1213
1188
1192
1135
1182
1133
1175
1126
1172
1134
1196
1056
1165
1107
1178
1104
1197
1082
1209
1151
1232
1217
1255
1222
1262
1266
1282
1240
1293
1170
1322
1126
1284
1180
1280
1158
1286
1125
1261
1114
1268
1106
1277
1108
1262
1067
1253
1074
1239
1058
1269
1057
1223
1058
1223
1108
1230
1176
1229
1209
1252
1218
1285
1215
1271
1204
1246
1227
1267
1187
1298
1283
1276
1370
1300
1386
1331
1418
1354
1454
1374
1432
1404
1384
1419
1316
1440
1246
1444
1377
1410
1326
1397
1329
1356
1363
1318
1363
1288
1368
1255
1348
1217
1369
1196
1330
1177
1287
1188
1270
1172
1334
1201
1295
1196
1298
1216
1279
1230
1237
1237
1240
1249
1194
1260
1199
1278
1155
1298
1177
1329
1180
1301
1110
1291
1111
1284
1073
1269
1044
1224
1097
1233
1122
1216
1164
1208
1163
1196
1181
1189
1206
1178
1251
1160
1237
1153
1193
1190
1203
1152
1204
1160
1229
1159
1273
1178
1276
1179
1274
1230
1160
1227
1220
1225
1181
1247
1158
1259
1171
1262
1156
1300
1185
1323
1161
1335
1130
1348
1160
1365
1079
1365
1065
1359
1082
1353
1151
1343
1256
1317
1296
1303
1322
1293
1336
1275
1434
1255
1334
1277
1326
1286
1365
1296
1372
1283
1371
1314
1363
1309
1330
1329
1257
1324
1172
1323
1090
1323
1062
1308
1112
1302
1151
1291
1209
1265
1235
1271
1265
1260
1302
1249
1269
1239
1286
1234
1362
1222
1340
1213
1390
1215
1423
1212
1449
1228
1409
1232
1437
1234
1365
1241
1306
1239
1262
1253
1204
1264
1323
1280
1281
1286
1281
1299
1265
1308
1191
1309
1203
1311
1188
1315
1170
1293
1198
1267
1266
1282
1292
1274
1231
1252
1259
1230
1226
1220
1186
1197
1170
1183
1198
1210
1196
1198
1210
1225
1316
1203
1268
1219
1218
1221
1200
1199
1148
1234
1068
1253
1061
1264
1098
1268
1103
1273
1108
1283
1038
1302
1144
1285
1120
1280
1153
1273
1159
1276
1198
1276
1221
1279
1302
1288
1359
1296
1389
1295
1369
1304
1377
1280
1375
1292
1387
1276
1388
1284
1384
1259
1380
1246
1345
1242
1288
1230
1219
1232
1244
1194
1142
1210
1076
1198
1075
1186
1083
1187
1105
1194
1109
1205
1133
1217
1082
1223
1078
1261
1051
1273
1095
1280
1180
1294
1256
1295
1344
1318
1355
1341
1377
1333
1357
1343
1311
1348
1280
1353
1231
1350
1263
1366
1283
1354
1292
1347
1306
1324
1264
1298
1236
1274
1184
1237
1167
1211
1170
1193
1152
1209
1362
1155
1338
1201
1345
1190
1331
1205
1303
1214
1315
1240
1272
1249
1275
1279
1290
1307
1358
1327
1350
1368
1393
1351
1344
1353
1256
1334
1231
1320
1197
1289
1185
1217
1176
1262
1228
1249
1275
1237
1311
1243
1183
1217
1216
1216
1265
1200
1247
1197
1252
1169
1307
1215
1305
1224
1327
1204
1284
1240
1260
1249
1208
1238
1173
1235
1109
1251
1095
1253
1121
1255
1145
1264
1123
1271
1132
1278
1117
1266
1041
1253
1049
1259
1060
1253
1119
1249
1130
1259
1198
1258
1222
1265
1254
1259
1261
1261
1248
1293
1199
1268
1278
1286
1338
1293
1389
1318
1432
1323
1462
1350
1430
1357
1370
1345
1313
1343
1280
1334
1238
1337
1258
1294
1306
1298
1342
1295
1342
1254
1329
1237
1294
1235
1264
1223
1224
1219
1251
1211
1246
1242
1302
1219
1338
1236
1310
1235
1263
1258
1236
1276
1189
1271
1149
1273
1161
1272
1197
1281
1256
1293
1235
1281
1207
1284
1252
1278
1199
1262
1171
1251
1169
1247
1238
1245
1239
1240
1284
1259
1335
1261
1349
1262
1349
1255
1350
1241
1296
1234
1280
1219
1281
1214
1271
1224
1294
1215
1283
1224
1269
1223
1200
1210
1159
1201
1124
1207
1098
1222
1116
1228
1137
1251
1172
1271
1211
1284
1169
1293
1130
1325
1053
1282
1150
1278
1167
1278
1190
1314
1270
1270
1305
1287
1339
1296
1344
1306
1320
1290
1255
1298
1247
1295
1256
1285
1262
1287
1274
1286
1336
1290
1351
1291
1297
1285
1240
1287
1205
1284
1166
1274
1130
1279
1226
1284
1273
1315
1298
1307
1359
1311
1320
1299
1303
1293
1268
1245
1267
1278
1269
1273
1330
1263
1363
1274
1420
1259
1427
1277
1387
1289
1339
1283
1243
1279
1224
1265
1260
1266
1202
1252
1317
1265
1360
1267
1392
1278
1306
1273
1244
1248
1198
1267
1180
1249
1185
1254
1233
1253
1320
1284
1333
1266
1248
1309
1312
1268
1219
1265
1209
1220
1185
1246
1213
1238
1252
1247
1292
1271
1326
1293
1306
1266
1193
1287
1295
1258
1184
1246
1237
1245
1254
1252
1293
1192
1316
1244
1349
1266
1314
1268
1243
1285
1229
1248
1200
1252
1149
1238
1206
1245
1246
1248
1308
1262
1344
1277
1323
1276
1293
1275
1230
1232
1123
1311
1207
1240
1214
1258
1251
1261
1288
1268
1229
1289
1223
1277
1202
1289
1154
1284
1131
1263
1123
1305
1196
1273
1249
1275
1281
1272
1296
1263
1280
1259
1214
1245
1163
1229
1111
1206
1129
1219
1257
1208
1176
1232
1297
1252
1314
1263
1278
1281
1244
1294
1214
1290
1200
1297
1218
1297
1280
1306
1406
1298
1431
1320
1411
1330
1369
1312
1316
1306
1207
1314
1202
1310
1271
1304
1306
1298
1332
1280
1302
1303
1410
1285
1333
1289
1275
1254
1203
1248
1190
1236
1205
1227
1310
1234
1371
1254
1412
1283
1294
1296
1354
1282
1269
1283
1218
1269
1204
1252
1262
1238
1278
1274
1333
1253
1353
1254
1328
1270
1322
1236
1199
1243
1115
1227
1129
1224
1149
1218
1197
1228
1290
1222
1302
1263
1253
1272
1240
1260
1096
1292
1143
1254
1162
1246
1206
1244
1275
1255
1289
1261
1309
1266
1272
1275
1199
1268
1148
1247
1106
1255
1151
1235
1210
1240
1287
1250
1358
1260
1302
1274
1326
1279
1274
1278
1207
1267
1187
1277
1189
1293
1264
1285
1324
1303
1392
1313
1388
1334
1349
1328
1275
1337
1196
1318
1169
1293
1186
1264
1191
1278
1361
1278
1341
1279
1353
1287
1297
1285
1295
1268
1200
1280
1188
1279
1211
1250
1253
1227
1277
1256
1332
1255
1367
1258
1308
1263
1231
1253
1156
1239
1149
1238
1186
1229
1215
1230
1287
1264
1284
1294
1326
1292
1264
1296
1191
1287
1163
1272
1168
1261
1215
1251
1285
1245
1381
1249
1398
1242
1320
1271
1360
1238
1255
1256
1155
1254
1168
1239
1226
1240
1275
1247
1339
1275
1345
1280
1321
1299
1174
1312
1134
1266
1108
1240
1103
1216
1162
1221
1233
1223
1304
1240
1350
1245
1314
1262
1260
1271
1212
1255
1127
1254
1175
1245
1213
1247
1321
1259
1359
1295
1387
1294
1328
1294
1276
1292
1182
1293
1304
1290
1125
1314
1149
1294
1276
1300
1332
1316
1344
1320
1335
1326
1242
1308
1155
1291
1141
1274
1222
1207
1243
1252
1274
1246
1355
1258
1341
1270
1316
1278
1285
1259
1202
1262
1182
1254
1219
1235
1268
1273
1304
1272
1379
1273
1374
1283
1304
1278
1240
1274
1149
1256
1165
1260
1166
1255
1286
1238
1362
1262
1368
1314
1303
1311
1314
1315
1221
1310
1124
1281
1125
1286
1167
1271
1224
1277
1336
1284
1363
1301
1379
1306
1261
1308
1198
1289
1201
1251
1177
1231
1239
1238
1330
1230
1392
1232
1439
1257
1385
1273
1287
1290
1293
1263
1116
1249
1176
1228
1216
1217
1313
1236
1396
1262
1409
1277
1411
1297
1325
1303
1220
1299
1164
1265
1161
1273
1269
1275
1327
1260
1388
1263
1380
1267
1330
1274
1215
1270
1130
1256
1063
1233
1075
1199
1224
1218
1241
1240
1282
1250
1301
1261
1251
1267
1168
1264
1111
1251
1064
1239
1116
1210
1186
1214
1240
1256
1284
1251
1356
1270
1288
1290
1194
1282
1111
1273
1107
1264
1171
1249
1236
1291
1314
1262
1382
1299
1379
1323
1317
1321
1240
1304
1174
1291
1139
1275
1195
1271
1226
1267
1350
1283
1432
1300
1427
1317
1313
1362
1300
1322
1196
1294
1171
1271
1192
1271
1281
1283
1350
1279
1407
1280
1401
1298
1323
1285
1231
1283
1204
1259
1186
1248
1207
1244
1251
1245
1391
1244
1435
1278
1360
1306
1292
1315
1153
1317
1126
1285
1104
1280
1194
1265
1292
1265
1370
1274
1410
1299
1337
1296
1274
1270
1154
1269
1180
1222
1114
1238
1184
1234
1330
1230
1364
1227
1395
1257
1335
1258
1244
1262
1137
1244
1087
1219
1164
1202
1299
1224
1195
1236
1374
1239
1395
1263
1335
1279
1225
1295
1146
1284
1076
1268
1134
1265
1259
1243
1430
1291
1402
1297
1407
1313
1369
1318
1238
1306
1145
1294
1126
1254
1123
1248
1241
1230
1280
1255
1372
1285
1287
1299
1284
1314
1180
1306
1049
1289
1094
1252
1134
1262
1233
1260
1332
1263
1428
1268
1387
1284
1306
1289
1089
1284
1143
1252
1039
1229
1153
1188
1276
1197
1308
1246
1384
1269
1399
1290
1306
1305
1189
1278
979
1312
1133
1227
1180
1204
1219
1262
1356
1267
1400
1289
1350
1307
1272
1311
1138
1297
1095
1219
1125
1266
1167
1263
1213
1255
1374
1266
1422
1289
1359
1302
1278
1294
1189
1280
1069
1269
1099
1257
1180
1196
1242
1164
1409
1241
1432
1256
1385
1280
1281
1292
1151
1272
1093
1254
1135
1255
1238
1239
1277
1258
1496
1259
1524
1278
1386
1286
1276
1305
1143
1289
1091
1275
1117
1256
1201
1211
1325
1244
1406
1272
1397
1334
1306
1294
1222
1330
1106
1285
1052
1245
1139
1240
1201
1230
1366
1236
1388
1261
1381
1285
1275
1294
1210
1303
1067
1276
1041
1240
1150
1208
1225
1185
1442
1240
1439
1274
1404
1323
1294
1308
1198
1352
1070
1288
1039
1285
1125
1254
1252
1260
1473
1287
1432
1304
1358
1322
1284
1323
1211
1313
1095
1267
1025
1269
1144
1247
1236
1234
1369
1247
1418
1243
1378
1297
1267
1305
1193
1298
1130
1268
1121
1222
1221
1238
1292
1205
1626
1267
1451
1292
1435
1317
1318
1310
1250
1281
1162
1262
1152
1214
1269
1236
1320
1213
1611
1276
1464
1296
1381
1307
1256
1329
1172
1302
1121
1263
1087
1220
1216
1255
1254
1234
1375
1247
1473
1272
1385
1311
1267
1295
1175
1283
1155
1264
1089
1246
1234
1233
1264
1219
1433
1273
1392
1292
1306
1308
1191
1316
1047
1286
1109
1241
1100
1250
1215
1181
1248
1191
1516
1259
1383
1264
1291
1289
1183
1295
1075
1265
1099
1212
1082
1200
1204
1226
1251
1205
1518
1258
1429
1296
1259
1318
1177
1322
1030
1293
1012
1272
1127
1221
1213
1210
1249
1212
1550
1281
1413
1303
1287
1314
1188
1328
1060
1294
1018
1224
1172
1208
1231
1207
1244
1203
1517
1282
1402
1306
1270
1324
1177
1315
1060
1305
1059
1280
1152
1254
1295
1258
1264
1220
1565
1309
1395
1327
1264
1340
1192
1323
1101
1304
1065
1248
1207
1250
1334
1246
1309
1252
1559
1278
1403
1296
1249
1298
1176
1283
1082
1283
1074
1256
1227
1226
1300
1200
1262
1272
1522
1281
1371
1298
1240
1314
1154
1296
1115
1287
1056
1272
1266
1228
1320
1270
1268
1269
1544
1308
1360
1305
1228
1326
1095
1295
1127
1279
1129
1206
1281
1186
1326
1189
1248
1254
1515
1275
1316
1291
1190
1265
1032
1287
1104
1272
1095
1207
1240
1209
1283
1219
1196
1283
1462
1291
1291
1298
1167
1303
1015
1284
1131
1260
1138
1204
1269
1233
1270
1194
1207
1283
1460
1297
1287
1319
1153
1323
996
1299
1103
1273
1079
1244
1265
1234
1277
1237
1283
1297
1437
1309
1258
1300
1155
1348
1018
1307
1150
1268
1182
1255
1302
1204
1323
1196
1456
1304
1449
1298
1271
1324
1186
1314
1056
1291
1207
1252
1186
1196
1294
1198
1300
1177
1467
1264
1421
1276
1251
1311
1136
1283
1049
1268
1093
1203
1185
1183
1301
1190
1294
1206
1502
1314
1387
1292
1216
1336
1136
1317
1049
1302
1084
1229
1217
1270
1319
1229
1236
1225
1546
1307
1369
1316
1219
1311
1132
1295
1078
1282
1129
1262
1253
1233
1336
1213
1240
1202
1514
1277
1344
1296
1168
1303
1075
1270
1073
1268
1064
1217
1220
1227
1341
1219
1246
1178
1517
1296
1330
1308
1179
1320
1073
1297
1074
1277
1062
1272
1267
1237
1291
1218
1206
1234
1467
1315
1281
1326
1130
1337
1010
1299
1064
1287
1067
1189
1254
1210
1317
1225
1201
1181
1476
1292
1275
1314
1159
1321
1070
1295
1153
1280
1149
1207
1338
1216
1350
1178
1235
1176
1506
1309
1291
1318
1159
1320
1031
1281
1151
1270
1198
1194
1295
1212
1300
1170
1155
1203
1422
1303
1176
1320
1101
1336
967
1299
1135
1281
1162
1263
1280
1226
1286
1193
1139
1303
1431
1323
1234
1327
1120
1323
1046
1291
1215
1264
1261
1206
1380
1222
1332
1224
1191
1281
1418
1280
1223
1323
1091
1322
1050
1288
1226
1245
1237
1210
1388
1207
1323
1218
1156
1278
1420
1296
1224
1300
1147
1302
1070
1268
1261
1250
1286
1186
1342
1228
1259
1191
1135
1294
1355
1313
1175
1318
1111
1310
1040
1282
1233
1248
1179
1212
1350
1220
1242
1216
1136
1283
1325
1303
1167
1318
1116
1253
1069
1258
1250
1235
1257
1207
1328
1201
1261
1184
1384
1300
1327
1310
1161
1319
1118
1298
1079
1274
1221
1210
1257
1199
1323
1174
1249
1194
1368
1309
1254
1324
1107
1335
1079
1300
1053
1280
1181
1217
1229
1202
1317
1219
1196
1212
1392
1265
1239
1322
1102
1335
1084
1294
1091
1277
1141
1208
1336
1204
1327
1177
1224
1211
1435
1326
1288
1346
1144
1347
1095
1299
1169
1288
1182
1235
1362
1228
1345
1191
1237
1231
1465
1311
1283
1316
1170
1320
1069
1275
1194
1265
1211
1218
1368
1201
1359
1226
1195
1197
1401
1305
1204
1330
1094
1329
993
1289
1157
1262
1157
1201
1330
1187
1314
1216
1145
1272
1372
1324
1216
1295
1110
1309
1025
1280
1198
1276
1212
1238
1349
1230
1300
1205
1154
1285
1356
1315
1179
1317
1096
1312
1011
1259
1213
1243
1223
1240
1321
1190
1286
1176
1094
1285
1342
1313
1159
1317
1094
1314
1030
1277
1229
1248
1275
1242
1363
1191
1300
1212
1128
1304
1322
1324
1147
1320
1101
1312
1055
1267
1286
1189
1326
1227
1391
1190
1317
1213
1355
1301
1337
1282
1154
1307
1107
1285
1054
1276
1206
1223
1239
1211
1335
1201
1266
1206
1373
1331
1275
1335
1115
1337
1091
1296
1061
1274
1098
1218
1293
1238
1348
1236
1191
1226
1433
1311
1260
1315
1108
1318
1086
1278
1090
1261
1136
1186
1348
1201
1346
1186
1249
1226
1446
1329
1261
1329
1113
1331
1089
1278
1123
1260
1201
1176
1325
1221
1378
1237
1231
1202
1446
1328
1241
1328
1113
1329
1015
1280
1126
1270
1196
1245
1348
1226
1369
1241
1225
1229
1436
1318
1221
1316
1079
1263
713
1296
1347
1223
1217
1226
1351
1212
1330
1235
1165
1299
1417
1312
1208
1319
1081
1297
717
1303
1319
1247
1182
1216
1347
1192
1356
1198
1183
1306
1370
1314
1165
1309
1091
1210
1112
1284
1302
1219
1246
1213
1357
1232
1311
1237
1319
1313
1407
1329
1195
1326
752
1225
1085
1323
1314
1223
1186
1241
1295
1214
1273
1216
1554
1328
1339
1335
1125
1335
788
1251
1089
1303
1081
1196
1198
1207
1298
1197
1305
1217
1542
1336
1311
1287
1132
1326
655
1267
1098
1307
1228
1203
1228
1190
1350
1235
1316
1285
1554
1320
1301
1328
1155
1248
722
1200
1252
1298
1147
1228
1261
1197
1352
1222
1320
1311
1563
1324
1321
1329
1140
1292
714
1223
1223
1301
1111
1222
1264
1186
1339
1221
1275
1311
1539
1323
1301
1330
1116
1260
667
1208
1273
1288
1169
1171
1311
1208
1353
1178
1642
1310
1511
1314
1283
1314
1107
1254
671
1218
1297
1285
1134
1184
1310
1215
1339
1221
1563
1298
1470
1322
1201
1321
711
1253
671
1260
1295
1222
1145
1201
1287
1222
1340
1184
1656
1311
1469
1320
1233
1315
740
1197
677
1210
1317
1247
1101
1202
1291
1189
1339
1238
1648
1331
1443
1333
1204
1332
687
1220
717
1288
1357
1237
1180
1207
1329
1197
1324
1238
1661
1322
1431
1327
1197
1252
685
1248
712
1308
1350
1259
1181
1230
1331
1230
1349
1321
1642
1344
1407
1347
1160
1253
667
1242
751
1294
1384
1212
1184
1190
1327
1209
1508
1314
1637
1334
1401
1342
1173
1314
679
1229
1050
1312
1148
1197
1243
1221
1389
1209
1356
1321
1624
1336
1378
1335
1111
1273
679
1226
1087
1308
1369
1219
1244
1172
1398
1219
1736
1310
1622
1327
1352
1324
1117
1224
676
1211
1182
1300
1065
1212
1246
1235
1387
1240
1674
1327
1587
1337
1327
1341
745
1218
656
1193
1218
1299
1086
1093
1284
1170
1400
1206
1740
1319
1555
1325
1304
1323
823
1250
683
1200
1225
1309
1087
1216
1299
1222
1376
1198
1746
1318
1537
1335
1261
1327
641
1250
638
1188
1266
1289
1100
1207
1237
1207
1397
1289
1738
1312
1504
1329
1248
1263
668
1234
665
1230
1284
1319
1129
1223
1325
1239
1397
1327
1750
1344
1531
1360
1259
1313
657
1252
708
1282
1345
1303
1173
1222
1361
1206
1472
1305
1744
1334
1494
1339
1208
1262
684
1261
730
1287
1340
1214
1116
1167
1280
1173
1717
1289
1649
1303
1399
1328
1118
1231
597
1258
642
1288
1318
1195
1162
1199
1310
1208
1744
1310
1695
1349
1464
1363
866
1239
724
1242
1112
1305
1443
1190
1249
1161
1431
1167
1812
1290
1700
1308
1447
1321
836
1236
639
1191
1062
1267
1304
1186
1174
1164
1308
1207
1551
1337
1606
1326
1342
1338
674
1260
592
1252
1081
1302
1351
1202
1139
1211
1287
1298
1648
1334
1580
1382
1309
1363
717
1246
674
1233
1207
1287
1102
1197
1238
1155
1357
1239
1708
1300
1560
1322
1310
1305
699
1231
694
1211
1234
1303
1067
1199
1218
1185
1554
1278
1710
1347
1558
1365
1307
1310
713
1320
714
1295
1326
1307
1164
1202
1335
1161
1450
1287
1743
1328
1533
1356
1230
1317
708
1297
740
1267
1335
1311
1157
1178
1296
1187
1771
1234
1728
1324
1507
1339
1235
1248
666
1237
695
1316
1285
1282
1058
1179
1277
1186
1661
1274
1651
1350
1434
1375
1228
1295
701
1261
789
1319
1420
1241
1192
1149
1397
1179
1782
1257
1708
1290
1479
1305
895
1240
761
1220
796
1241
1448
1126
1228
1106
1363
1112
1628
1271
1653
1353
1411
1370
834
1302
705
1296
1080
1339
1238
1186
1162
1187
1287
1167
1509
1314
1578
1350
1366
1361
764
1245
735
1211
1182
1277
1369
1139
1207
1165
1304
1233
1506
1262
1567
1320
1332
1344
719
1289
648
1259
1109
1292
1173
1167
1155
1193
1225
1267
1554
1305
1503
1344
1269
1323
656
1265
649
1266
1229
1294
1031
1148
1175
1161
1494
1264
1665
1309
1474
1347
1342
1336
749
1258
787
1247
1330
1293
1120
1143
1262
1136
1698
1230
1717
1292
1562
1330
1332
1268
783
1280
769
1304
1309
1292
1058
1164
1182
1189
1650
1264
1645
1338
1484
1369
1274
1289
743
1281
752
1278
1309
1285
1078
1202
1177
1183
1667
1272
1639
1326
1496
1367
901
1274
761
1260
821
1327
1395
1285
1122
1212
1318
1204
1489
1262
1707
1329
1515
1354
972
1310
775
1277
838
1306
1372
1213
1058
1175
1206
1171
1392
1267
1585
1324
1411
1348
855
1251
808
1217
1089
1304
1446
1190
1124
1143
1274
1186
1513
1279
1673
1296
1501
1321
924
1256
808
1245
1260
1270
1276
1152
1073
1186
1164
1250
1340
1308
1484
1356
1334
1349
745
1311
770
1232
1251
1310
1239
1162
1154
1179
1316
1247
1562
1282
1589
1329
1415
1297
888
1254
889
1242
1349
1279
1232
1160
1154
1153
1606
1246
1568
1340
1491
1381
1366
1331
841
1353
802
1391
1330
1364
1047
1251
1143
1231
1543
1247
1567
1337
1496
1358
1352
1300
855
1301
874
1289
1377
1286
1091
1139
1215
1119
1655
1201
1667
1281
1574
1330
1042
1231
945
1239
1290
1311
1449
1217
1090
1127
1148
1167
1621
1187
1582
1288
1477
1325
987
1236
849
1252
827
1309
1369
1267
987
1187
1046
1186
1370
1247
1544
1307
1456
1350
905
1230
882
1292
1088
1293
1484
1167
1127
1131
1203
1221
1409
1221
1594
1309
1481
1348
965
1310
876
1260
1262
1354
1382
1225
1046
1179
1087
1292
1242
1329
1505
1372
1418
1303
941
1290
1122
1284
1259
1309
1388
1173
995
1127
1054
1232
1292
1253
1481
1293
1410
1246
923
1247
933
1230
1409
1302
1208
1155
1138
1184
1186
1271
1526
1330
1593
1370
1463
1329
980
1320
1083
1257
1456
1325
1106
1207
1100
1180
1460
1232
1457
1327
1519
1346
1426
1299
942
1274
1089
1330
1481
1300
1099
1138
1141
1157
1392
1235
1588
1278
1577
1310
1470
1249
1009
1271
1005
1252
1428
1289
1056
1203
992
1211
1443
1269
1470
1371
1428
1393
1022
1348
927
1354
979
1295
1409
1360
1044
1247
1086
1309
1217
1279
1534
1331
1531
1345
1172
1226
1042
1231
1071
1249
1542
1160
1135
1127
1173
1206
1356
1214
1608
1290
1539
1326
1019
1248
1006
1305
1011
1313
1443
1235
1013
1179
995
1267
1349
1275
1415
1341
1392
1357
913
1271
891
1252
1355
1266
1395
1157
1031
1134
1128
1213
1220
1207
1582
1280
1541
1242
1106
1261
1383
1237
1389
1335
1427
1199
1026
1232
1060
1313
1219
1352
1427
1394
1363
1379
898
1333
979
1297
1373
1323
1001
1183
1005
1199
1005
1263
1358
1290
1486
1319
1420
1258
968
1248
1061
1250
1461
1291
1077
1151
1064
1185
1350
1284
1442
1323
1525
1352
1484
1297
1021
1265
1130
1234
1491
1316
1101
1202
1106
1188
1476
1298
1466
1346
1521
1369
1116
1275
1056
1362
1020
1321
1470
1295
1009
1146
1030
1167
1418
1208
1444
1281
1483
1300
1138
1246
1052
1266
1114
1256
1564
1294
1127
1171
1126
1203
1522
1266
1561
1350
1546
1378
1083
1307
1403
1300
1040
1352
1411
1274
926
1202
877
1210
1215
1272
1334
1326
1337
1337
912
1238
1199
1242
1047
1274
1517
1185
1072
1179
1135
1271
1364
1261
1605
1322
1615
1253
1180
1263
1472
1257
1146
1296
1541
1178
1033
1196
1115
1257
1240
1271
1407
1338
1404
1308
949
1281
1172
1247
1348
1306
1324
1161
978
1195
1043
1276
1161
1299
1467
1327
1466
1297
1071
1276
1251
1236
1402
1291
1356
1170
1014
1168
1385
1258
1253
1340
1529
1380
1479
1312
1115
1371
1116
1305
1524
1324
1099
1230
1010
1230
1204
1313
1300
1320
1418
1329
1420
1232
956
1206
1050
1183
1443
1241
1049
1157
1002
1129
1365
1233
1396
1308
1510
1330
1173
1286
1352
1326
1119
1277
1568
1297
1102
1219
1017
1202
1389
1281
1432
1341
1483
1355
1155
1249
1115
1305
1120
1181
1517
1247
1018
1176
983
1159
1229
1243
1408
1322
1473
1343
1041
1238
1485
1186
1118
1159
1514
1223
1051
1111
981
1231
1178
1233
1413
1307
1430
1326
1013
1225
1410
1286
1060
1285
1466
1204
956
1206
932
1248
1165
1324
1343
1398
1357
1328
954
1385
1180
1273
992
1320
1448
1201
987
1191
1004
1274
1282
1238
1488
1269
1537
1266
1149
1279
1415
1244
1473
1285
1418
1158
1136
1213
1083
1286
1283
1326
1539
1369
1518
1310
1072
1340
1183
1240
1392
1273
1312
1171
1004
1181
1215
1238
1149
1293
1393
1328
1416
1237
1065
1334
1115
1200
1538
1285
1130
1209
1069
1196
1248
1275
1335
1342
1526
1372
1140
1309
1394
1384
1179
1213
1556
1268
1165
1149
1026
1177
1406
1255
1334
1322
1443
1343
1088
1281
1359
1322
1089
1206
1462
1294
1052
1201
986
1186
1257
1268
1334
1330
1398
1348
1125
1262
1242
1274
1093
1222
1534
1255
1093
1173
1047
1172
1414
1268
1457
1339
1494
1359
1084
1262
1519
1297
1083
1244
1527
1294
1048
1218
982
1310
1106
1328
1421
1381
1465
1391
1039
1262
1488
1277
1108
1266
1546
1165
1093
1122
1040
1125
1370
1208
1513
1278
1535
1233
1081
1248
1390
1161
1092
1222
1504
1134
1005
1147
1019
1242
1103
1237
1398
1319
1400
1310
958
1322
1108
1227
1361
1287
1240
1158
999
1200
951
1275
1158
1318
1428
1363
1441
1311
1058
1360
1149
1263
1381
1305
1258
1178
1033
1154
1344
1221
1257
1295
1504
1321
1533
1272
1082
1325
1185
1248
1308
1290
1247
1215
1071
1184
1412
1287
1264
1361
1442
1390
1067
1310
1416
1380
1012
1271
1470
1310
1035
1181
951
1221
1358
1227
1334
1324
1456
1331
1133
1247
1415
1300
1102
1216
1543
1255
1122
1153
1052
1190
1453
1259
1407
1341
1498
1370
1053
1290
1520
1292
1065
1217
1505
1261
1037
1160
984
1209
1341
1244
1390
1313
1383
1313
1014
1205
1504
1235
1142
1110
1577
1205
1081
1128
1094
1149
1201
1207
1475
1294
1476
1237
1044
1311
1485
1244
1069
1312
1529
1195
1064
1188
986
1236
1179
1307
1391
1372
1405
1354
974
1399
1297
1269
1020
1328
1486
1235
1001
1216
938
1284
1140
1279
1429
1327
1436
1273
1031
1314
1160
1201
1081
1262
1523
1189
1094
1195
1401
1233
1341
1286
1486
1355
1501
1318
1139
1383
1184
1276
1395
1328
1290
1201
1080
1181
1252
1250
1223
1301
1458
1330
1440
1257
1013
1309
1101
1214
1187
1243
1181
1148
1016
1151
1406
1195
1244
1276
1458
1311
1141
1262
1478
1321
1140
1185
1558
1279
1113
1152
1096
1165
1393
1213
1334
1281
1410
1309
1022
1214
1358
1318
1035
1197
1422
1287
1033
1161
969
1199
1283
1249
1303
1321
1379
1331
961
1250
1444
1285
1085
1290
1528
1273
1048
1209
1027
1235
1401
1269
1399
1335
1436
1364
1041
1306
1463
1294
1096
1245
1521
1299
1044
1235
1050
1246
1154
1267
1401
1334
1431
1277
1020
1337
1445
1286
1092
1232
1533
1261
1099
1147
1083
1274
1266
1252
1499
1319
1516
1256
1102
1320
1370
1256
1098
1294
1547
1191
1053
1188
1031
1265
1296
1258
1447
1320
1419
1282
1227
1351
1220
1235
1114
1285
1533
1182
1077
1156
1436
1215
1351
1236
1463
1309
1443
1255
1283
1317
1094
1216
1321
1273
1216
1184
1057
1168
1131
1255
1162
1280
1399
1331
1395
1252
1039
1365
1048
1256
1162
1336
1149
1237
1085
1197
1453
1238
1240
1309
1451
1343
1068
1283
1443
1348
1076
1238
1477
1317
1125
1230
1075
1198
1391
1274
1336
1321
1429
1351
1085
1276
1412
1346
1049
1312
1519
1326
1154
1233
1110
1198
1436
1260
1440
1312
1482
1321
1037
1287
1482
1285
1072
1229
1540
1286
1091
1165
1086
1169
1406
1233
1420
1296
1419
1322
965
1240
1426
1244
1065
1254
1516
1249
1051
1221
1084
1250
1205
1239
1461
1300
1450
1272
1012
1318
1463
1235
1088
1201
1532
1205
1068
1166
1048
1254
1222
1226
1421
1305
1389
1293
924
1335
1274
1283
1032
1319
1450
1227
1074
1199
1040
1281
1237
1294
1458
1323
1457
1276
1296
1323
1217
1229
1134
1307
1563
1195
1123
1177
1414
1240
1297
1277
1486
1320
1428
1243
1295
1361
1035
1222
1255
1321
1139
1200
1049
1172
1115
1254
1221
1283
1440
1318
1044
1265
1405
1356
1056
1286
1215
1332
1158
1253
1122
1194
1459
1265
1268
1295
1465
1322
1069
1254
1424
1329
1045
1224
1462
1296
1094
1203
1059
1160
1319
1244
1331
1297
1441
1316
1058
1235
1411
1331
1069
1274
1496
1336
1109
1227
1124
1239
1464
1261
1447
1310
1497
1323
1053
1246
1467
1262
1029
1201
1451
1291
1050
1196
1026
1264
1160
1227
1393
1305
1386
1327
1022
1243
1403
1272
1023
1219
1518
1250
1096
1193
1114
1229
1259
1214
1487
1280
1473
1260
992
1322
1423
1278
1016
1267
1496
1281
1065
1208
1063
1305
1243
1276
1427
1331
1404
1315
948
1359
1288
1278
1086
1314
1499
1252
1096
1206
1093
1261
1310
1234
1474
1293
1420
1225
1292
1345
1177
1234
1059
1314
1456
1216
1085
1200
1436
1264
1209
1279
1485
1331
1431
1241
1320
1368
1047
1279
1272
1342
1199
1251
1171
1235
1111
1281
1352
1276
1503
1291
1042
1188
1425
1310
1025
1191
1181
1301
1131
1153
1131
1173
1499
1197
1276
1258
1472
1291
1028
1211
1352
1314
979
1205
1412
1311
996
1203
1065
1220
1406
1243
1320
1249
1415
1303
1069
1235
1341
1312
945
1238
1419
1288
1074
1168
1093
1187
1385
1219
1385
1288
1466
1309
979
1266
1399
1273
1014
1245
1433
1329
1080
1240
1098
1319
1250
1290
1476
1324
1473
1339
975
1299
1380
1293
984
1243
1492
1228
1116
1203
1083
1227
1294
1258
1464
1308
1394
1255
918
1325
1327
1266
927
1233
1439
1253
1049
1190
1113
1283
1306
1255
1520
1311
1492
1295
1013
1344
1230
1236
1071
1319
1517
1220
1164
1224
1165
1272
1322
1252
1509
1293
1395
1210
1242
1311
1158
1238
928
1270
1313
1237
1068
1204
1382
1220
1275
1247
1472
1298
1428
1209
1327
1327
1010
1251
1265
1320
1173
1240
1156
1218
1194
1287
1377
1283
1571
1314
1091
1235
1416
1335
1014
1245
1156
1316
1147
1233
1083
1201
1477
1247
1272
1298
1484
1309
1069
1247
1376
1316
963
1212
1074
1300
1100
1226
1097
1188
1494
1223
1409
1284
1487
1312
1003
1324
1363
1332
960
1213
1386
1309
1070
1197
1078
1171
1457
1240
1390
1300
1409
1313
910
1264
1333
1273
940
1235
1351
1293
1034
1209
1116
1207
1257
1220
1446
1282
1458
1294
981
1303
1370
1214
1016
1219
1493
1205
1145
1170
1165
1154
1380
1238
1505
1292
1463
1266
930
1321
1299
1272
939
1213
1435
1251
1072
1191
1104
1284
1278
1253
1495
1307
1421
1255
957
1320
1228
1229
988
1306
1379
1218
1115
1244
1161
1293
1204
1290
1517
1346
1409
1254
1330
1355
1116
1231
995
1307
1324
1215
1070
1199
1315
1263
1302
1264
1464
1298
1446
1252
1337
1312
1014
1149
1232
1288
1161
1209
1152
1192
1146
1274
1310
1286
1517
1321
997
1254
1325
1346
916
1220
1042
1312
1046
1248
1107
1208
1509
1258
1286
1278
1471
1295
1054
1242
1361
1297
959
1201
1020
1286
1125
1212
1091
1177
1580
1170
1401
1283
1526
1259
974
1239
1399
1318
984
1256
1416
1307
1125
1211
1129
1192
1509
1246
1444
1310
1462
1327
957
1328
1333
1282
905
1260
1369
1313
1073
1200
1108
1251
1254
1237
1444
1286
1434
1297
952
1281
1317
1213
926
1214
1425
1219
1099
1216
1123
1182
1420
1290
1504
1334
1455
1275
925
1354
1342
1262
997
1240
1480
1226
1138
1192
1153
1264
1301
1239
1497
1284
1430
1251
1035
1317
1234
1207
1009
1333
1396
1215
1170
1197
1186
1324
1295
1294
1570
1331
1459
1264
1343
1350
1175
1242
1043
1276
1379
1208
1166
1211
1379
1276
1323
1258
1482
1289
1388
1219
1268
1288
933
1224
1100
1280
1083
1210
1070
1155
1093
1264
1286
1266
1485
1294
931
1197
1297
1288
904
1203
1009
1297
1099
1189
1137
1234
1536
1266
1324
1317
1501
1331
1085
1245
1376
1330
959
1240
1018
1302
1110
1217
1113
1188
1467
1220
1350
1287
1459
1272
936
1255
1348
1284
926
1190
1375
1255
1074
1172
1126
1173
1485
1255
1401
1316
1401
1335
864
1337
1286
1327
866
1259
1355
1339
1056
1245
1153
1294
1279
1265
1456
1320
1456
1276
921
1358
1357
1309
960
1246
1479
1241
1151
1213
1229
1233
1349
1258
1552
1309
1471
1245
977
1303
1343
1266
935
1256
1470
1229
1112
1249
1122
1308
1362
1265
1492
1334
1421
1260
922
1311
1225
1240
995
1308
1426
1170
1182
1180
1214
1275
1286
1247
1529
1272
1444
1243
1312
1317
1145
1206
1019
1282
1383
1237
1167
1211
1147
1300
1354
1288
1493
1344
1390
1247
1270
1360
922
1273
919
1286
1311
1239
1091
1221
1512
1289
1277
1302
1465
1307
990
1250
1332
1309
962
1193
1013
1273
1132
1195
1127
1147
1470
1192
1252
1264
1404
1281
922
1254
1234
1321
861
1219
966
1320
1092
1201
1138
1204
1478
1255
1315
1305
1460
1319
972
1289
1368
1320
994
1226
1462
1319
1170
1219
1259
1206
1619
1277
1554
1334
1556
1344
1036
1330
1408
1313
1033
1272
1467
1333
1187
1199
1219
1216
1325
1237
1457
1284
1443
1222
917
1297
1313
1218
889
1182
1453
1172
1107
1155
1118
1140
1344
1215
1472
1306
1352
1270
918
1325
1285
1280
908
1254
1454
1288
1104
1196
1163
1303
1321
1241
1474
1332
1386
1291
1019
1327
1152
1240
961
1307
1358
1193
1135
1202
1134
1313
1237
1278
1463
1316
1348
1217
1248
1311
1089
1218
973
1261
1344
1190
1152
1204
1211
1253
1292
1251
1459
1306
1369
1224
1284
1329
970
1234
1033
1345
1340
1258
1210
1218
1559
1229
1380
1295
1539
1321
1050
1223
1399
1328
1029
1214
1166
1305
1174
1180
1182
1214
1540
1253
1305
1291
1468
1316
1024
1282
1310
1333
933
1234
1014
1329
1138
1270
1142
1229
1544
1253
1327
1296
1451
1297
886
1297
1291
1322
892
1210
1354
1304
1094
1210
1111
1203
1391
1261
1397
1305
1382
1318
842
1327
1289
1294
926
1285
1403
1322
1160
1221
1159
1242
1339
1279
1497
1346
1474
1263
962
1331
1378
1283
959
1218
1513
1254
1185
1226
1194
1197
1385
1266
1543
1323
1461
1259
976
1332
1330
1246
991
1258
1493
1219
1183
1223
1219
1274
1385
1227
1532
1277
1413
1263
976
1305
1299
1289
1348
1269
1209
1216
1097
1175
1153
1193
1112
1187
980
1299
1363
1327
1303
1331
1280
1313
1219
1262
1264
1261
1350
1253
1206
1225
1118
1226
1007
1222
911
1202
1289
1325
1323
1326
1378
1316
1452
1231
1390
1256
1391
1254
1316
1201
1066
1219
964
1239
913
1233
900
1289
1455
1313
1529
1299
1566
1290
1415
1247
1310
1254
1214
1258
920
1201
890
1222
926
1245
1000
1254
1504
1326
1621
1281
1596
1313
1477
1288
1238
1274
1139
1284
1089
1259
938
1226
1013
1216
1146
1208
1178
1301
1629
1313
1545
1330
1421
1325
1164
1306
1131
1318
1171
1310
1135
1258
1157
1224
1211
1203
1170
1191
1530
1311
1446
1314
1306
1311
1257
1279
1129
1268
1221
1254
1288
1229
1207
1222
1148
1220
1048
1222
950
1298
1360
1322
1344
1314
1376
1296
1338
1246
1392
1235
1427
1223
1226
1207
1080
1212
969
1210
891
1202
1350
1316
1404
1312
1417
1270
1534
1274
1406
1253
1331
1260
1207
1202
954
1212
870
1225
894
1216
935
1314
1518
1322
1587
1301
1575
1296
1360
1261
1227
1276
1122
1291
914
1272
882
1268
974
1238
1102
1231
1597
1325
1643
1301
1561
1303
1442
1275
1163
1274
1127
1266
1105
1207
1012
1210
1089
1136
1196
1189
1145
1300
1551
1295
1419
1315
1298
1323
1087
1299
1108
1291
1206
1283
1144
1242
1214
1198
1243
1216
1144
1234
1440
1337
1397
1311
1339
1318
1341
1303
1265
1267
1364
1266
1406
1185
1221
1193
1088
1208
999
1212
888
1303
1333
1300
1336
1303
1374
1300
1360
1240
1360
1230
1339
1224
1110
1219
950
1222
851
1215
826
1204
1291
1323
1414
1311
1484
1291
1487
1271
1287
1242
1197
1254
1122
1250
883
1250
880
1227
956
1227
1075
1285
1612
1292
1649
1278
1592
1282
1328
1251
1183
1277
1119
1280
891
1246
918
1268
1037
1215
1140
1202
1594
1289
1592
1293
1483
1295
1363
1291
1120
1279
1126
1273
1187
1216
1079
1194
1170
1219
1129
1194
1088
1260
1420
1305
1272
1303
1191
1304
1103
1268
1090
1254
1200
1236
1127
1208
1182
1156
1105
1200
1011
1189
1264
1280
1302
1262
1278
1238
1335
1207
1275
1168
1347
1152
1351
1126
1051
1123
957
1154
771
1189
687
1192
1144
1278
1225
1264
1339
1241
1382
1177
1226
1177
1183
1192
894
1164
793
1221
763
1292
793
1278
1117
1403
1514
1403
1664
1367
1713
1339
1534
1294
1452
1311
1341
1326
1056
1368
1042
1409
1104
1480
1225
1439
1807
1530
1900
1471
1818
1395
1769
1310
1469
1263
1294
1267
1048
1277
928
1361
869
1401
909
1439
979
1529
1512
1447
1535
1336
1502
1226
1291
1128
1218
1113
1155
1134
942
1180
909
1279
913
1373
929
1364
1429
1403
1541
1299
1596
1161
1628
1033
1465
1003
1405
1034
1315
1071
1021
1181
1018
1221
1027
1292
1069
1354
1615
1248
1690
1114
1709
995
1535
909
1375
949
1208
1064
883
1216
758
1330
733
1394
795
1348
1324
1358
1492
1225
1562
1112
1513
1016
1211
1024
1040
1102
880
1216
589
1339
610
1479
680
1476
891
1496
1542
1395
1563
1287
1511
1175
1322
1149
1058
1203
919
1296
626
1395
614
1526
696
1514
864
1516
1407
1516
1634
1394
1651
1272
1566
1179
1279
1120
1169
1173
1105
1220
914
1330
983
1443
1038
1466
1185
1454
1723
1395
1775
1260
1735
1140
1609
1020
1336
1024
1237
1109
1087
1171
990
1353
1041
1427
1129
1440
1330
1420
1793
1305
1774
1173
1673
1080
1356
1028
1169
1103
1013
1240
797
1362
783
1472
926
1474
1108
1407
1733
1411
1854
1264
1812
1155
1629
1091
1232
1123
998
1235
866
1346
661
1412
776
1495
1021
1438
1244
1410
1849
1285
1854
1165
1693
1095
1309
1081
1020
1162
862
1285
637
1379
749
1401
949
1443
1209
1367
1737
1382
1888
1279
1809
1195
1592
1148
1191
1148
1019
1240
948
1295
852
1357
1046
1417
1223
1397
1396
1343
1932
1295
1878
1200
1737
1101
1512
1035
1160
1069
1033
1156
870
1227
898
1329
944
1346
1087
1382
1149
1377
1591
1271
1512
1148
1379
1074
1075
1043
936
1116
859
1249
648
1349
801
1439
955
1492
1105
1432
1590
1393
1663
1256
1572
1152
1388
1103
1074
1128
945
1240
890
1326
756
1442
852
1464
1059
1440
1220
1452
1797
1310
1794
1196
1666
1123
1382
1106
1077
1177
976
1308
797
1414
865
1466
1025
1458
1221
1414
1672
1379
1891
1257
1821
1183
1636
1130
1281
1127
1087
1215
1011
1301
901
1391
1049
1394
1235
1417
1403
1342
1931
1352
1884
1241
1679
1145
1405
1073
1040
1090
938
1160
969
1219
921
1315
1078
1358
1267
1339
1354
1301
1740
1228
1560
1094
1314
1043
943
1033
804
1063
786
1200
697
1299
841
1366
1070
1419
1191
1360
1572
1340
1558
1203
1382
1088
1181
1034
854
1059
791
1160
837
1262
791
1370
951
1424
1135
1365
1274
1302
1718
1254
1603
1144
1428
1077
1199
1062
914
1192
892
1297
909
1353
915
1417
1127
1427
1320
1358
1377
1363
1832
1281
1667
1209
1435
1213
1081
1219
909
1312
898
1419
821
1463
1041
1512
1267
1478
1396
1355
1800
1365
1775
1271
1522
1168
1264
1175
911
1194
862
1265
968
1315
1005
1359
1282
1418
1447
1406
1549
1329
1880
1315
1672
1214
1402
1159
1164
1120
916
1183
961
1262
1030
1327
1153
1356
1380
1361
1491
1291
1406
1297
1704
1188
1481
1082
1283
1040
1038
1048
1009
1142
1133
1270
1173
1333
1280
1367
1375
1319
1317
1271
1633
1246
1509
1140
1338
1074
1207
1079
984
1139
1011
1272
1092
1369
1028
1378
1083
1420
1085
1353
1114
1241
1449
1207
1386
1133
1254
1112
1097
1117
893
1197
892
1289
920
1355
922
1365
1014
1326
1084
1252
1160
1204
1536
1132
1399
1101
1214
1101
900
1120
805
1233
839
1338
776
1390
995
1369
1149
1344
1256
1295
1590
1265
1551
1189
1325
1143
1106
1151
829
1197
861
1255
1004
1326
1013
1416
1189
1430
1386
1324
1431
1255
1766
1220
1553
1127
1304
1120
1119
1148
922
1235
1039
1358
1222
1415
1227
1423
1395
1391
1375
1269
1259
1205
1545
1116
1350
1070
1120
1105
898
1141
917
1321
1053
1437
1104
1461
1227
1445
1314
1360
1280
1210
1397
1215
1457
1147
1256
1158
1163
1211
996
1295
1081
1403
1248
1478
1245
1467
1317
1399
1360
1255
1313
1142
1594
1168
1442
1144
1262
1188
1136
1247
963
1336
1062
1411
1230
1421
1218
1379
1319
1224
1392
1159
1292
1149
1587
1076
1372
1087
1174
1157
990
1192
969
1286
1152
1351
1324
1351
1334
1331
1441
1255
1378
1157
1188
1175
1400
1131
1188
1140
1041
1198
886
1248
993
1346
1192
1411
1185
1412
1310
1306
1263
1235
1148
1158
1299
1138
1181
1111
1086
1143
1055
1206
986
1301
1134
1377
1303
1457
1178
1418
1189
1321
1138
1175
1006
1086
1301
1117
1195
1124
1136
1204
1154
1291
1095
1402
1232
1477
1351
1462
1211
1409
1262
1327
1187
1211
1088
1192
1464
1165
1380
1195
1297
1267
1196
1332
1172
1411
1302
1447
1279
1385
1329
1354
1303
1234
1262
1170
1210
1177
1472
1188
1325
1227
1233
1307
1097
1358
1198
1422
1337
1429
1322
1367
1361
1281
1306
1148
1166
1096
1389
1117
1266
1117
1140
1143
1113
1210
1035
1261
1180
1364
1319
1361
1240
1312
1211
1218
1102
1161
909
1045
1218
1118
1153
1131
1110
1195
1177
1259
1155
1348
1288
1422
1358
1407
1245
1370
1151
1238
1059
1148
932
1138
1275
1136
1266
1177
1307
1273
1247
1323
1275
1429
1336
1474
1333
1433
1222
1323
1148
1189
1129
1104
1137
1119
1433
1124
1366
1184
1315
1277
1149
1346
1183
1426
1245
1452
1121
1403
1147
1323
1189
1214
1113
1119
1403
1186
1350
1215
1246
1275
1184
1358
1071
1428
1149
1483
1296
1434
1264
1387
1251
1322
1250
1161
1111
1083
1429
1175
1304
1217
1228
1283
1234
1364
1162
1459
1308
1504
1448
1460
1358
1320
1331
1263
1218
1143
1112
1152
1412
1149
1312
1203
1290
1296
1310
1375
1283
1473
1377
1475
1468
1412
1296
1271
1242
1148
1184
1057
1075
1102
1438
1134
1373
1200
1380
1292
1285
1359
1305
1424
1377
1422
1303
1315
1251
1254
1186
1145
1086
1087
1212
1133
1359
1165
1277
1243
1241
1371
1124
1398
1210
1428
1290
1404
1182
1322
1189
1210
1127
1075
1027
1057
1289
1107
1242
1157
1182
1233
1187
1326
1090
1384
1210
1417
1327
1383
1246
1286
1163
1216
1055
1094
911
1015
1207
1114
1164
1148
1163
1242
1230
1318
1177
1393
1299
1425
1377
1387
1184
1285
1071
1199
924
1084
842
1043
1193
1161
1176
1223
1246
1334
1358
1418
1296
1496
1394
1485
1425
1421
1209
1271
1085
1160
1006
1055
929
1108
1306
1174
1308
1272
1339
1389
1307
1451
1308
1500
1366
1472
1375
1387
1208
1261
1165
1151
1062
1110
1047
1145
1381
1192
1340
1275
1370
1380
1298
1421
1341
1447
1411
1421
1334
1289
1274
1218
1149
1113
1078
1091
1202
1159
1390
1203
1357
1298
1384
1406
1309
1445
1397
1464
1483
1428
1292
1318
1224
1211
1103
1071
976
1028
1315
1096
1294
1165
1323
1289
1389
1395
1294
1440
1388
1463
1413
1410
1196
1229
1085
1117
975
997
855
931
1262
1071
1233
1167
1330
1307
1406
1405
1315
1470
1358
1466
1388
1371
1138
1185
1050
1042
949
1020
861
973
1294
1134
1296
1254
1359
1400
1400
1449
1293
1496
1360
1469
1313
1310
1116
1130
995
1072
936
971
894
1071
1289
1152
1289
1326
1336
1437
1384
1501
1330
1533
1365
1484
1400
1369
1203
1218
1114
1082
983
1024
892
1101
1288
1206
1291
1323
1379
1459
1457
1530
1417
1518
1481
1454
1461
1263
1171
1102
1035
983
943
937
1003
1079
1241
1191
1326
1357
1436
1500
1424
1552
1453
1530
1463
1418
1290
1197
1109
1069
990
967
838
936
1166
1091
1191
1241
1330
1417
1432
1545
1362
1555
1389
1499
1349
1367
1188
1169
1000
1007
927
966
834
944
1216
1139
1268
1289
1374
1452
1464
1519
1379
1524
1395
1442
1384
1311
1135
1139
1084
977
985
962
925
1011
1300
1211
1316
1362
1425
1517
1505
1587
1419
1543
1441
1444
1439
1284
1160
1098
1054
990
931
922
862
948
1271
1183
1301
1368
1386
1522
1480
1595
1409
1543
1393
1405
1341
1297
1070
1030
954
939
856
929
819
1012
1272
1210
1343
1411
1453
1561
1526
1617
1378
1533
1340
1385
1264
1208
989
1023
880
895
872
920
850
1146
1343
1301
1447
1498
1509
1642
1537
1639
1357
1517
1321
1352
1265
1175
1039
966
990
958
939
985
996
1186
1339
1392
1485
1550
1515
1655
1505
1616
1370
1483
1362
1310
1336
1136
1082
959
1081
956
1016
1009
1002
1199
1431
1389
1477
1560
1540
1632
1549
1582
1418
1416
1405
1254
1351
1038
1101
918
990
881
963
945
954
1217
1326
1385
1459
1572
1525
1629
1566
1529
1408
1376
1346
1183
1279
999
952
846
868
847
845
987
952
1252
1310
1458
1444
1605
1523
1628
1537
1507
1372
1309
1316
1115
1199
949
935
836
888
859
916
1006
1045
1315
1354
1491
1485
1626
1503
1623
1495
1475
1280
1280
1210
1093
1089
916
892
873
889
954
907
1124
1152
1355
1375
1571
1458
1656
1471
1621
1457
1459
1246
1238
1203
1066
1105
891
943
865
901
941
910
1133
1200
1413
1320
1585
1434
1668
1455
1616
1440
1453
1256
1272
1225
1069
1032
925
1001
927
970
1023
952
1197
1405
1472
1418
1662
1508
1710
1545
1635
1518
1444
1328
1243
1283
1041
1143
915
1066
897
1037
1027
1090
1269
1511
1528
1512
1690
1573
1705
1558
1585
1530
1361
1328
1128
1267
940
1143
853
1039
903
1083
1043
1125
1243
1498
1535
1450
1667
1509
1667
1469
1524
1414
1297
1200
1088
1187
943
1105
820
985
937
1053
1100
1065
1300
1418
1547
1393
1653
1394
1600
1455
1478
1405
1265
1232
1043
1236
882
1151
792
1060
948
1104
1128
1067
1339
1430
1574
1373
1679
1434
1630
1460
1454
1425
1230
1265
1001
1250
893
1173
862
1082
964
1025
1178
992
1427
1402
1624
1298
1705
1425
1605
1427
1415
1422
1198
1259
967
1251
869
1172
837
1044
984
1066
1222
1068
1464
1331
1704
1352
1689
1392
1592
1415
1386
1398
1161
1240
957
1221
890
1206
891
1078
1077
1056
1291
1060
1522
1302
1681
1281
1660
1363
1517
1375
1319
1370
1101
1248
929
1257
887
1237
974
1115
1132
1089
1364
1022
1551
1041
1659
1277
1649
1337
1501
1435
1266
1467
1088
1357
926
1368
896
1335
979
1119
1141
1077
1342
1034
1520
1153
1657
1257
1617
1375
1461
1451
1250
1497
1054
1381
903
1369
893
1331
971
1061
1154
1006
1420
942
1598
1124
1663
1223
1591
1362
1420
1435
1205
1498
1026
1424
846
1366
905
1305
1017
1082
1191
971
1450
943
1572
1075
1623
1215
1536
1269
1354
1451
1138
1492
990
1460
889
1354
928
1314
1081
1092
1254
969
1485
916
1578
1145
1578
1059
1521
1336
1325
1463
1153
1524
980
1543
930
1419
990
1331
1118
1070
1319
985
1521
903
1628
1014
1616
1114
1502
1326
1335
1464
1118
1545
1012
1555
942
1368
1002
1295
1172
993
1312
985
1476
912
1576
1031
1595
1175
1488
1380
1306
1510
1147
1594
1024
1596
972
1379
1035
1290
1222
987
1367
956
1488
906
1577
1013
1603
1175
1447
1370
1266
1523
1091
1591
988
1600
958
1392
1045
1301
1206
1073
1374
989
1491
950
1540
1056
1528
1211
1370
1395
1199
1555
1051
1637
966
1619
968
1415
1054
1304
1228
1071
1390
914
1501
971
1506
1054
1473
1188
1345
1399
1164
1579
1059
1615
1008
1611
1006
1405
1095
1222
1246
1078
1397
897
1500
880
1480
954
1435
1207
1309
1405
1181
1590
1063
1632
999
1539
1025
1335
1102
1123
1261
1035
1400
857
1495
896
1474
1083
1423
1117
1313
1403
1155
1564
1056
1540
1044
1443
1043
1281
1134
1062
1290
1005
1410
851
1486
888
1528
1007
1447
1196
1312
1344
1195
1511
1083
1581
1043
1457
1088
1362
1195
1130
1328
1076
1467
910
1509
914
1480
1052
1401
1251
1282
1415
1160
1571
1081
1595
1057
1491
1113
1375
1189
1129
1334
1041
1452
902
1455
1039
1487
1066
1392
1313
1279
1464
1167
1583
1096
1553
1080
1514
1122
1362
1222
1136
1310
1066
1415
971
1429
1116
1433
1140
1300
1361
1263
1489
1164
1547
1092
1529
1072
1418
1128
1304
1230
1179
1315
1058
1441
1124
1454
1110
1406
1199
1362
1358
1232
1425
1121
1500
1075
1458
1078
1355
1141
1286
1236
1174
1326
1079
1407
1113
1413
1124
1425
1144
1341
1243
1247
1393
1152
1397
1105
1317
1101
1313
1159
1262
1241
1211
1321
1089
1390
1130
1440
1016
1396
1128
1313
1228
1264
1349
1190
1348
1106
1386
1093
1300
1147
1226
1221
1181
1295
1126
1348
1160
1402
1084
1403
1281
1318
1344
1219
1337
1166
1282
1080
1302
1104
1221
1149
1189
1228
1176
1310
1167
1373
1179
1426
1318
1403
1324
1300
1298
1224
1438
1123
1080
1089
1167
1095
1178
1151
1198
1221
1250
1319
1294
1394
1283
1437
1350
1385
1279
1370
1224
1260
1095
1213
1141
1143
1119
1149
1147
1173
1219
1263
1284
1329
1343
1385
1316
1406
1346
1393
1343
1321
1257
1210
1171
1123
1105
1113
1114
1136
1122
1167
1214
1218
1310
1292
1384
1352
1432
1380
1410
1378
1293
1325
1312
1256
1125
1192
1018
1127
1003
1125
1102
1158
1172
1220
1312
1278
1452
1381
1526
1394
1469
1392
1422
1323
1261
1254
1075
1175
941
1096
936
1107
1030
1159
1173
1214
1345
1296
1499
1361
1556
1393
1538
1378
1437
1317
1232
1250
1077
1173
924
1137
963
1146
1031
1199
1188
1250
1436
1319
1482
1389
1567
1410
1509
1379
1387
1320
1216
1248
1061
1173
901
1170
877
1169
1024
1198
1231
1253
1360
1296
1500
1362
1535
1391
1515
1364
1415
1330
1296
1252
1098
1200
921
1177
893
1172
939
1208
1182
1244
1333
1298
1524
1341
1606
1371
1594
1366
1463
1315
1295
1269
1060
1233
900
1202
980
1184
868
1259
1158
1272
1389
1303
1595
1337
1671
1357
1629
1331
1474
1284
1273
1222
1047
1183
1034
1145
868
1188
1034
1210
1183
1262
1426
1290
1570
1312
1646
1317
1562
1291
1433
1259
1229
1211
968
1234
949
1190
897
1226
959
1247
1110
1248
1330
1253
1515
1258
1603
1246
1559
1245
1420
1250
1317
1226
1095
1223
949
1235
913
1248
900
1248
1120
1266
1308
1279
1464
1277
1549
1271
1536
1250
1404
1262
1238
1244
1052
1242
930
1251
878
1264
907
1285
1030
1282
1257
1272
1386
1263
1477
1262
1498
1223
1361
1233
1196
1232
1056
1253
956
1274
915
1304
1012
1315
1110
1305
1263
1283
1417
1263
1386
1248
1441
1197
1366
1218
1265
1242
1139
1284
1049
1326
1037
1358
1106
1355
1171
1321
1291
1274
1299
1246
1360
1177
1416
1174
1385
1183
1327
1225
1258
1260
1143
1315
1147
1345
1134
1339
1123
1324
1193
1262
1273
1217
1330
1163
1404
1186
1419
1189
1376
1247
1323
1290
1226
1346
1155
1383
1102
1386
1111
1314
1149
1285
1184
1222
1299
1177
1355
1157
1341
1181
1345
1232
1321
1263
1244
1362
1217
1402
1192
1420
1172
1383
1212
1303
1228
1216
1266
1154
1335
1105
1324
1120
1352
1180
1307
1265
1320
1344
1193
1442
1191
1463
1169
1376
1114
1284
1116
1181
1139
1101
1224
1059
1281
1082
1321
1167
1397
1280
1403
1362
1344
1436
1251
1445
1167
1352
1116
1273
1098
1166
1115
1088
1200
1055
1283
1075
1371
1143
1373
1260
1395
1352
1359
1432
1248
1429
1162
1407
1145
1270
1062
1224
1071
1130
1157
1067
1259
1083
1336
1128
1374
1242
1369
1362
1317
1477
1220
1496
1154
1464
1121
1369
1083
1223
1077
1130
1048
1075
1270
1057
1257
1123
1335
1236
1397
1394
1369
1491
1328
1527
1197
1483
1128
1370
1033
1273
998
1117
1027
1046
1110
1035
1245
1100
1370
1224
1473
1346
1464
1459
1363
1503
1279
1462
1158
1366
1130
1221
1035
1120
1122
1017
1197
1017
1314
1041
1413
1170
1472
1290
1466
1404
1378
1470
1265
1454
1239
1385
1166
1278
1098
1153
1130
1079
1200
1022
1267
1081
1328
1164
1402
1293
1443
1423
1394
1509
1355
1522
1204
1458
1161
1340
1083
1213
1092
1100
1126
1037
1140
1052
1316
1131
1382
1260
1420
1381
1456
1490
1316
1527
1198
1448
1085
1338
1032
1194
1025
1109
1075
1049
1226
1051
1341
1160
1437
1270
1401
1381
1425
1444
1342
1487
1195
1442
1114
1349
1065
1250
1069
1143
1131
1085
1285
1069
1366
1148
1302
1210
1435
1312
1364
1422
1271
1420
1196
1430
1074
1384
1109
1280
1111
1186
1175
1111
1250
1100
1390
1086
1427
1158
1400
1254
1315
1368
1207
1448
1158
1457
1120
1408
1125
1312
1151
1214
1193
1130
1326
1064
1342
1087
1423
1130
1408
1236
1347
1344
1273
1418
1176
1445
1124
1417
1124
1323
1167
1256
1154
1148
1298
1098
1379
1098
1414
1139
1422
1200
1349
1299
1210
1387
1140
1402
1048
1390
1037
1328
1151
1285
1203
1193
1308
1153
1379
1110
1434
1147
1348
1192
1291
1256
1173
1323
1102
1368
1067
1393
1083
1378
1093
1318
1208
1258
1310
1179
1401
1127
1394
1119
1375
1139
1316
1186
1153
1291
1063
1352
1037
1386
1042
1399
1073
1353
1168
1292
1287
1205
1388
1136
1397
1117
1400
1107
1343
1187
1245
1251
1136
1327
1061
1359
1019
1381
1042
1348
1144
1307
1233
1228
1370
1180
1428
1149
1413
1160
1390
1189
1257
1239
1189
1297
1051
1341
1016
1381
967
1401
1098
1372
1207
1321
1359
1263
1337
1228
1448
1168
1452
1161
1359
1202
1223
1260
1072
1324
1009
1381
1044
1420
1081
1393
1289
1368
1228
1300
1404
1200
1453
1142
1439
1123
1373
1153
1250
1178
1159
1286
1094
1350
1045
1388
1067
1384
1057
1362
1210
1277
1272
1208
1393
1149
1438
1133
1454
1146
1328
1200
1271
1262
1162
1329
1103
1342
992
1386
1116
1360
1129
1317
1257
1242
1391
1207
1466
1156
1508
1155
1431
1151
1341
1212
1212
1262
1062
1337
1083
1371
1037
1365
1107
1333
1180
1280
1299
1209
1409
1153
1448
1124
1508
1123
1362
1169
1294
1240
1187
1319
1064
1386
1023
1395
1022
1375
1057
1304
1153
1227
1225
1171
1389
1122
1479
1126
1465
1175
1394
1275
1291
1322
1143
1382
1020
1381
937
1369
941
1290
1084
1239
1193
1201
1336
1159
1475
1160
1546
1174
1492
1226
1400
1273
1210
1327
1013
1353
879
1314
960
1294
892
1286
1078
1228
1259
1192
1467
1157
1572
1163
1592
1177
1522
1234
1333
1266
1151
1339
1020
1369
866
1366
866
1330
985
1261
1197
1204
1418
1155
1571
1145
1667
1174
1633
1237
1485
1288
1265
1363
1100
1376
867
1385
788
1318
867
1263
1027
1202
1255
1171
1479
1172
1655
1179
1784
1231
1667
1269
1442
1328
1116
1362
883
1336
704
1332
721
1295
858
1265
1140
1222
1437
1191
1740
1195
1717
1227
1752
1243
1551
1276
1264
1291
959
1326
725
1344
653
1312
786
1287
1045
1246
1423
1204
1551
1196
1766
1186
1816
1205
1703
1269
1442
1302
1100
1347
853
1352
689
1352
650
1303
733
1254
1097
1204
1438
1171
1676
1164
1827
1190
1788
1237
1588
1282
1264
1316
960
1332
685
1352
653
1307
747
1277
946
1239
1268
1215
1590
1164
1820
1205
1832
1218
1732
1243
1427
1280
1058
1291
804
1323
636
1341
651
1329
817
1304
1112
1250
1496
1213
1771
1184
1872
1184
1850
1204
1592
1241
1262
1300
918
1349
696
1373
630
1361
686
1323
941
1263
1285
1192
1578
1150
1858
1170
1824
1174
1694
1220
1415
1278
1105
1328
838
1348
717
1360
704
1342
866
1288
1125
1227
1540
1176
1655
1171
1808
1177
1778
1205
1564
1247
1229
1297
933
1318
745
1355
656
1364
761
1347
1074
1271
1315
1242
1546
1175
1738
1120
1749
1111
1627
1173
1329
1240
1078
1298
872
1347
838
1376
772
1375
955
1307
1182
1257
1417
1133
1625
1121
1622
1123
1612
1159
1464
1229
1225
1304
1012
1332
868
1396
812
1389
898
1342
1041
1244
1251
1190
1431
1142
1541
1116
1636
1151
1546
1217
1484
1271
1118
1351
1014
1382
884
1403
886
1347
980
1332
1120
1289
1336
1201
1492
1145
1576
1133
1566
1166
1374
1227
1288
1280
1088
1350
974
1358
933
1406
922
1370
1092
1307
1217
1217
1355
1147
1454
1093
1442
1149
1467
1203
1339
1293
1230
1353
1087
1434
1044
1431
1016
1398
1085
1316
1139
1232
1197
1134
1314
1138
1475
1139
1489
1191
1436
1257
1362
1317
1229
1367
1168
1382
1052
1350
994
1341
1052
1247
1141
1197
1239
1156
1383
1146
1493
1152
1489
1204
1420
1256
1305
1292
1176
1345
1012
1360
1055
1353
1037
1333
1117
1258
1198
1208
1307
1161
1415
1162
1435
1177
1402
1228
1279
1284
1278
1311
1165
1349
1063
1355
1049
1309
1064
1263
1156
1248
1207
1161
1264
1161
1368
1182
1510
1192
1349
1258
1317
1304
1215
1340
1121
1331
1038
1312
1014
1285
1029
1257
1098
1232
1203
1193
1244
1255
1442
1239
1459
1252
1403
1261
1318
1278
1160
1293
1066
1310
1019
1308
1010
1295
1062
1278
1070
1286
1385
1235
1405
1213
1474
1200
1466
1206
1331
1220
1226
1252
1127
1287
1040
1317
972
1318
939
1329
1080
1264
1202
1244
1356
1224
1445
1213
1455
1223
1412
1227
1341
1245
1214
1275
1073
1283
901
1316
1056
1306
993
1292
1129
1278
1244
1248
1411
1248
1537
1228
1534
1218
1490
1215
1343
1224
1273
1245
965
1294
939
1333
920
1371
1013
1344
1169
1311
1353
1259
1501
1220
1560
1183
1527
1111
1353
1215
1299
1237
1077
1288
954
1308
919
1359
920
1357
1075
1311
1244
1259
1393
1241
1488
1185
1576
1176
1513
1196
1362
1241
1222
1288
1070
1312
919
1335
899
1332
974
1308
1087
1261
1359
1250
1373
1221
1549
1196
1579
1205
1535
1189
1381
1253
1196
1286
1017
1313
903
1331
889
1319
1158
1311
1186
1256
1404
1229
1515
1175
1628
1192
1581
1202
1494
1224
1283
1273
1118
1307
936
1363
849
1351
927
1331
1082
1283
1224
1233
1393
1208
1526
1188
1543
1210
1543
1252
1422
1287
1239
1331
1173
1341
942
1358
923
1319
943
1271
1048
1247
1213
1217
1354
1207
1509
1238
1574
1249
1475
1308
1413
1295
1218
1311
1059
1303
928
1294
892
1250
944
1245
1076
1218
1239
1211
1424
1208
1547
1224
1565
1241
1415
1271
1345
1274
1177
1299
1012
1306
930
1295
903
1262
994
1227
1189
1203
1351
1179
1423
1199
1499
1235
1519
1274
1421
1307
1318
1333
1202
1331
1078
1311
979
1257
979
1246
1071
1217
1118
1209
1257
1220
1378
1248
1506
1268
1460
1279
1479
1309
1330
1304
1167
1306
1016
1227
907
1252
908
1241
1015
1229
1166
1231
1305
1225
1470
1256
1490
1259
1451
1289
1339
1329
1147
1340
1078
1316
960
1312
1001
1271
1050
1274
1110
1255
1255
1232
1372
1229
1416
1238
1435
1257
1432
1286
1294
1310
1207
1319
1158
1329
1098
1320
1117
1263
1106
1232
1205
1211
1222
1240
1273
1207
1415
1245
1415
1274
1364
1282
1266
1283
1193
1302
1107
1299
1076
1287
1104
1280
1104
1296
1239
1223
1289
1251
1377
1243
1378
1251
1353
1249
1274
1293
1166
1315
1121
1324
1138
1309
1111
1350
1192
1296
1291
1261
1375
1233
1374
1217
1346
1208
1318
1228
1234
1255
1175
1294
1029
1347
1178
1349
1200
1318
1222
1301
1290
1269
1341
1235
1386
1209
1363
1215
1287
1228
1221
1248
1105
1289
1099
1293
1120
1309
1162
1297
1206
1293
1263
1267
1298
1261
1382
1236
1374
1216
1340
1203
1277
1211
1167
1231
1094
1259
1060
1265
1075
1295
1091
1319
1223
1315
1315
1301
1370
1269
1450
1243
1342
1205
1241
1204
1182
1208
1094
1231
1006
1285
1026
1289
1061
1319
1197
1309
1301
1303
1372
1300
1320
1274
1401
1233
1335
1220
1248
1207
1170
1249
1095
1271
1045
1296
1112
1307
1159
1288
1233
1305
1351
1288
1389
1278
1375
1260
1358
1228
1326
1239
1271
1249
1161
1246
1131
1260
1062
1267
1099
1274
1146
1305
1232
1305
1307
1306
1366
1267
1405
1279
1369
1254
1346
1239
1264
1235
1129
1272
1170
1261
1123
1284
1142
1309
1149
1312
1244
1308
1311
1270
1327
1262
1345
1247
1268
1253
1331
1223
1243
1248
1177
1264
1156
1274
1104
1274
1138
1302
1168
1292
1207
1274
1249
1274
1261
1281
1331
1262
1261
1261
1264
1255
1244
1255
1136
1249
1172
1253
1169
1269
1176
1278
1180
1285
1252
1293
1284
1277
1340
1272
1343
1261
1290
1248
1288
1234
1249
1237
1205
1276
1180
1269
1182
1280
1280
1288
1262
1289
1300
1280
1313
1265
1302
1247
1276
1236
1253
1231
1222
1233
1186
1253
1165
1269
1155
1300
1208
1284
1309
1261
1316
1296
1318
1285
1291
1283
1245
1258
1215
1264
1220
1258
1159
1257
1218
1258
1224
1243
1209
1263
1257
1269
1320
1277
1328
1285
1330
1305
1311
1283
1246
1264
1178
1259
1216
1233
1036
1236
1117
1252
1104
1257
1188
1275
1261
1290
1333
1271
1376
1291
1341
1279
1306
1263
1311
1202
1148
1226
1051
1233
1079
1241
1104
1265
1155
1307
1265
1280
1351
1288
1386
1281
1402
1266
1383
1249
1338
1254
1172
1255
1107
1252
1088
1261
1090
1263
1132
1272
1206
1262
1278
1268
1362
1270
1406
1252
1394
1274
1341
1270
1292
1270
1201
1268
1122
1282
1116
1253
1118
1252
1136
1269
1171
1263
1333
1285
1273
1292
1359
1279
1375
1229
1339
1237
1222
1229
1178
1219
1123
1235
1087
1247
1096
1271
1064
1307
1125
1298
1225
1277
1297
1266
1333
1237
1340
1222
1282
1217
1276
1239
1196
1258
1332
1282
1150
1327
1187
1328
1178
1347
1178
1304
1219
1287
1216
1257
1256
1231
1302
1224
1307
1230
1309
1272
1303
1280
1297
1301
1241
1310
1192
1303
1162
1313
1099
1288
1174
1267
1160
1251
1285
1245
1315
1213
1338
1239
1397
1248
1303
1276
1283
1305
1232
1324
1186
1331
1154
1320
1147
1293
1174
1264
1222
1222
1250
1199
1345
1197
1329
1209
1348
1245
1343
1289
1271
1319
1233
1350
1168
1328
1242
1302
1127
1261
1158
1230
1262
1219
1275
1185
1321
1214
1333
1189
1321
1261
1265
1276
1297
1287
1240
1301
1153
1287
1145
1263
1126
1271
1124
1256
1189
1236
1252
1219
1269
1211
1258
1187
1344
1221
1266
1250
1210
1236
1175
1264
1168
1316
1192
1315
1167
1293
1204
1262
1190
1224
1402
1174
1174
1210
1267
1263
1236
1248
1214
1310
1257
1320
1224
1341
1233
1334
1246
1317
1146
1294
1267
1252
1221
1231
1218
1215
1225
1223
1209
1214
1272
1258
1279
1276
1284
1263
1356
1295
1239
1324
1237
1292
1188
1276
1174
1249
1174
1233
1182
1212
1232
1206
1237
1210
1277
1219
1216
1278
1259
1297
1285
1312
1250
1295
1190
1290
1153
1249
1153
1231
1121
1212
1129
1184
1181
1202
1302
1226
1230
1290
1329
1321
1336
1305
1345
1329
1242
1309
1215
1276
1128
1249
1104
1231
1109
1227
1112
1242
1217
1257
1281
1284
1337
1284
1341
1300
1356
1284
1295
1281
1243
1259
1206
1285
1125
1253
1081
1251
1153
1250
1197
1253
1283
1278
1332
1270
1362
1299
1355
1292
1358
1278
1294
1284
1285
1278
1186
1268
1161
1248
1158
1231
1178
1227
1256
1224
1284
1249
1283
1276
1320
1286
1234
1305
1346
1297
1214
1288
1203
1267
1175
1234
1163
1228
1185
1229
1205
1233
1251
1245
1325
1258
1206
1285
1290
1277
1280
1283
1205
1275
1187
1290
1162
1272
1200
1267
1177
1256
1264
1243
1309
1237
1286
1228
1312
1236
1248
1238
1241
1276
1165
1294
1146
1314
1160
1317
1169
1300
1204
1297
1281
1259
1269
1226
1358
1219
1361
1223
1336
1254
1258
1271
1218
1289
1128
1340
1096
1308
1110
1287
1090
1300
1175
1237
1254
1226
1337
1217
1388
1222
1401
1228
1425
1258
1305
1299
1205
1299
1114
1302
1074
1295
1103
1285
1046
1263
1161
1251
1274
1221
1360
1228
1448
1233
1457
1233
1410
1254
1318
1269
1324
1257
1181
1304
1068
1295
1076
1280
1061
1273
1133
1247
1225
1237
1324
1227
1408
1235
1436
1240
1519
1248
1303
1275
1260
1289
1164
1290
1113
1274
1057
1258
1046
1227
1101
1237
1167
1238
1263
1232
1433
1255
1466
1268
1417
1284
1398
1277
1336
1272
1279
1269
1197
1262
1107
1267
1041
1259
1044
1284
1062
1283
1184
1278
1275
1274
1357
1254
1411
1255
1463
1247
1373
1259
1318
1264
1222
1281
1134
1296
1065
1295
991
1299
1034
1289
1098
1257
1185
1253
1231
1247
1356
1238
1400
1241
1427
1247
1388
1252
1306
1264
1321
1273
1174
1311
1114
1269
1057
1286
1081
1277
1093
1264
1213
1239
1261
1241
1409
1240
1543
1243
1522
1263
1450
1276
1362
1299
1240
1305
1142
1294
1027
1283
1023
1250
1004
1271
1130
1231
1242
1230
1377
1239
1450
1250
1532
1262
1495
1282
1384
1289
1256
1259
1145
1275
1055
1291
966
1261
1029
1262
1069
1265
1176
1277
1311
1267
1439
1285
1472
1271
1476
1258
1393
1240
1307
1222
1125
1228
1069
1233
987
1242
1001
1259
1106
1269
1181
1274
1282
1248
1414
1248
1378
1279
1409
1227
1396
1235
1273
1260
1146
1252
1093
1261
1002
1271
1041
1289
1086
1296
1172
1295
1291
1287
1410
1275
1405
1253
1398
1236
1344
1229
1197
1229
1164
1244
1083
1259
1091
1272
1111
1298
1227
1303
1273
1317
1259
1300
1347
1277
1373
1259
1362
1227
1323
1224
1267
1197
1214
1234
1179
1252
1096
1287
1226
1280
1166
1280
1223
1245
1263
1270
1292
1267
1301
1263
1289
1277
1262
1269
1214
1260
1163
1258
1229
1258
1186
1244
1201
1253
1236
1213
1226
1268
1239
1281
1273
1288
1260
1317
1238
1292
1259
1285
1161
1252
1162
1243
1163
1242
1201
1219
1185
1222
1226
1225
1305
1251
1313
1277
1306
1239
1339
1295
1259
1304
1184
1297
1143
1281
1109
1257
1085
1241
1178
1217
1260
1214
1336
1264
1541
1232
1437
1269
1459
1294
1365
1318
1310
1315
1198
1325
1085
1311
1056
1276
1054
1233
1145
1235
1205
1209
1310
1217
1461
1238
1508
1263
1484
1282
1445
1302
1268
1278
1151
1292
1097
1264
957
1270
958
1242
1012
1225
1168
1230
1317
1207
1519
1232
1540
1255
1554
1260
1479
1275
1303
1281
1150
1300
1000
1292
904
1306
893
1295
960
1283
1125
1259
1269
1243
1434
1235
1578
1229
1701
1200
1496
1260
1377
1266
1203
1285
1007
1302
894
1301
877
1297
950
1276
1075
1260
1238
1256
1431
1231
1578
1220
1575
1211
1542
1223
1409
1235
1241
1258
1085
1292
979
1304
931
1305
937
1299
1036
1283
1166
1253
1330
1216
1444
1199
1496
1178
1482
1196
1405
1235
1306
1266
1130
1301
1056
1322
1092
1314
1010
1315
1075
1287
1189
1250
1297
1221
1376
1202
1452
1204
1476
1214
1402
1241
1313
1281
1172
1308
1186
1321
1096
1327
1103
1312
1141
1292
1182
1266
1261
1246
1391
1235
1371
1226
1363
1239
1374
1263
1240
1278
1160
1294
1135
1300
1118
1306
1097
1291
1163
1291
1199
1261
1246
1255
1281
1248
1269
1253
1362
1258
1270
1263
1224
1280
1181
1295
1187
1289
1149
1292
1157
1275
1221
1274
1254
1234
1312
1244
1343
1247
1324
1246
1300
1244
1249
1303
1161
1267
1134
1262
1135
1256
1159
1253
1266
1251
1295
1257
1368
1276
1379
1269
1370
1279
1343
1275
1247
1267
1135
1255
1136
1251
1104
1286
1104
1267
1137
1276
1278
1284
1311
1290
1370
1298
1395
1288
1372
1280
1321
1259
1265
1255
1111
1245
1124
1245
1075
1268
1126
1277
1167
1284
1240
1262
1307
1286
1337
1269
1396
1269
1354
1257
1341
1258
1239
1255
1168
1243
1131
1251
1100
1249
1080
1250
1194
1269
1241
1273
1308
1279
1223
1301
1308
1257
1344
1254
1272
1240
1233
1240
1158
1229
1156
1246
1146
1264
1160
1274
1229
1288
1316
1280
1270
1296
1319
1280
1322
1264
1285
1247
1239
1238
1194
1241
1180
1259
1172
1262
1198
1270
1335
1241
1344
1267
1301
1273
1322
1269
1289
1272
1278
1261
1210
1263
1198
1253
1178
1262
1163
1273
1114
1290
1183
1265
1269
1262
1319
1270
1357
1244
1350
1271
1264
1279
1251
1270
1173
1258
1131
1258
1187
1237
1073
1241
1139
1247
1214
1243
1282
1262
1298
1275
1351
1282
1353
1274
1291
1264
1246
1249
1255
1246
1140
1261
1099
1254
1101
1236
1141
1262
1175
1268
1269
1271
1351
1274
1361
1313
1399
1276
1355
1283
1332
1289
1229
1280
1149
1272
1112
1268
1057
1257
1089
1247
1150
1254
1265
1244
1307
1269
1354
1285
1412
1306
1379
1306
1349
1302
1274
1289
1176
1262
1134
1251
1104
1257
1155
1236
1177
1246
1245
1258
1313
1276
1368
1277
1394
1285
1395
1283
1332
1268
1267
1250
1205
1240
1178
1234
1094
1231
1107
1239
1155
1247
1219
1243
1286
1247
1337
1270
1333
1271
1308
1269
1313
1254
1198
1249
1201
1238
1169
1241
1195
1261
1166
1266
1190
1282
1247
1284
1292
1294
1301
1294
1414
1262
1335
1280
1248
1262
1192
1253
1176
1250
1162
1276
1150
1274
1201
1296
1262
1309
1267
1302
1391
1279
1248
1228
1286
1259
1236
1235
1240
1226
1203
1233
1197
1229
1188
1265
1177
1280
1226
1269
1343
1269
1257
1266
1314
1249
1270
1230
1276
1217
1235
1221
1235
1218
1190
1237
1150
1253
1174
1260
1281
1251
1181
1255
1245
1274
1328
1247
1358
1249
1319
1300
1309
1261
1238
1277
1224
1271
1194
1265
1248
1264
1266
1268
1231
1274
1279
1256
1338
1253
1338
1248
1337
1247
1327
1254
1293
1272
1259
1289
1257
1284
1178
1296
1148
1298
1139
1255
1146
1256
1188
1236
1267
1216
1298
1207
1322
1229
1301
1225
1309
1286
1230
1326
1178
1335
1153
1328
1120
1316
1114
1290
1136
1250
1198
1242
1232
1256
1318
1219
1384
1246
1361
1268
1333
1286
1295
1289
1233
1274
1148
1290
1102
1270
1121
1267
1166
1301
1150
1266
1260
1270
1349
1253
1389
1256
1402
1253
1375
1247
1295
1242
1224
1258
1171
1263
1196
1283
1115
1285
1125
1307
1207
1294
1273
1281
1352
1268
1400
1247
1385
1228
1371
1226
1311
1237
1176
1228
1176
1266
1118
1289
1129
1311
1112
1312
1163
1307
1240
1291
1308
1263
1333
1249
1457
1215
1405
1210
1299
1239
1266
1223
1212
1239
1211
1265
1176
1296
1176
1317
1192
1325
1236
1309
1313
1275
1263
1237
1310
1209
1303
1190
1309
1196
1240
1214
1179
1256
1187
1290
1188
1325
1167
1338
1213
1343
1224
1298
1284
1260
1287
1245
1304
1221
1285
1240
1226
1257
1238
1272
1201
1282
1312
1277
1225
1293
1205
1290
1223
1284
1255
1261
1278
1250
1282
1243
1317
1234
1288
1236
1247
1231
1238
1252
1277
1242
1193
1284
1141
1266
1123
1247
1190
1270
1243
1261
1320
1235
1341
1239
1333
1250
1298
1220
1189
1252
1176
1255
1122
1277
1049
1282
1083
1292
1126
1292
1164
1288
1261
1274
1303
1269
1339
1265
1348
1266
1326
1268
1277
1267
1233
1279
1185
1269
1152
1274
1096
1278
1129
1284
1179
1288
1244
1286
1308
1288
1346
1297
1342
1278
1343
1276
1306
1255
1244
1243
1212
1245
1150
1230
1140
1271
1156
1289
1205
1285
1263
1307
1274
1298
1333
1270
1331
1264
1318
1239
1319
1239
1255
1232
1221
1248
1184
1246
1189
1282
1176
1286
1208
1282
1235
1284
1279
1257
1260
1249
1273
1243
1281
1242
1241
1245
1237
1247
1245
1246
1226
1251
1223
1267
1232
1255
1250
1276
1226
1281
1229
1281
1265
1278
1216
1275
1234
1261
1235
1256
1298
1246
1271
1257
1270
1292
1276
1283
1252
1296
1255
1293
1254
1307
1243
1270
1230
1260
1229
1253
1247
1254
1214
1256
1230
1226
1247
1276
1244
1280
1268
1285
1289
1285
1277
1282
1270
1258
1239
1259
1253
1265
1161
1263
1171
1260
1199
1271
1186
1266
1222
1276
1242
1251
1263
1298
1265
1279
1289
1278
1314
1282
1258
1276
1233
1276
1209
1262
1185
1253
1175
1236
1181
1247
1188
1241
1225
1252
1249
1274
1279
1286
1288
1289
1304
1277
1297
1269
1260
1259
1199
1245
1200
1235
1174
1235
1167
1237
1199
1253
1218
1263
1248
1270
1288
1285
1330
1270
1324
1271
1298
1269
1274
1275
1227
1286
1191
1275
1178
1265
1169
1251
1179
1245
1201
1245
1241
1240
1226
1253
1303
1262
1319
1275
1296
1328
1274
1300
1230
1290
1217
1281
1184
1268
1180
1255
1203
1254
1203
1262
1241
1263
1276
1272
1299
1268
1293
1274
1268
1246
1248
1273
1207
1270
1163
1274
1170
1273
1160
1275
1176
1279
1200
1276
1241
1263
1311
1257
1280
1250
1285
1258
1244
1226
1226
1282
1183
1293
1179
1285
1187
1284
1200
1270
1225
1273
1247
1254
1307
1264
1313
1265
1313
1282
1264
1300
1295
1296
1249
1295
1207
1282
1213
1265
1207
1266
1195
1259
1230
1235
1249
1265
1280
1267
1278
1275
1309
1264
1319
1261
1281
1282
1263
1247
1209
1248
1193
1246
1188
1243
1208
1248
1210
1252
1234
1282
1274
1256
1288
1253
1297
1257
1299
1264
1297
1263
1249
1270
1235
1246
1217
1262
1191
1247
1173
1237
1194
1242
1162
1232
1186
1262
1212
1287
1240
1299
1256
1311
1242
1286
1259
1295
1224
1275
1195
1258
1213
1242
1177
1240
1158
1258
1168
1271
1167
1288
1187
1293
1226
1277
1253
1292
1253
1278
1252
1276
1273
1268
1250
1284
1228
1264
1201
1269
1198
1260
1143
1256
1169
1230
1210
1247
1203
1238
1243
1255
1262
1246
1275
1295
1280
1285
1298
1276
1300
1265
1258
1251
1233
1223
1216
1228
1189
1211
1203
1238
1226
1248
1247
1292
1266
1270
1291
1277
1307
1279
1281
1274
1263
1267
1226
1279
1189
1276
1166
1269
1180
1266
1181
1266
1208
1252
1245
1255
1266
1289
1252
1267
1224
1289
1256
1282
1213
1284
1204
1274
1183
1269
1184
1276
1192
1258
1226
1255
1267
1263
1248
1274
1247
1265
1257
1279
1238
1275
1212
1258
1203
1243
1165
1237
1167
1244
1165
1250
1208
1272
1251
1285
1285
1284
1320
1293
1311
1264
1296
1257
1275
1242
1232
1233
1195
1236
1116
1248
1182
1270
1194
1277
1233
1312
1287
1289
1305
1277
1322
1266
1301
1248
1267
1263
1267
1239
1210
1240
1193
1250
1158
1236
1175
1271
1182
1266
1217
1261
1257
1262
1288
1260
1285
1300
1272
1290
1256
1285
1248
1286
1204
1275
1184
1278
1159
1270
1183
1244
1208
1263
1245
1207
1257
1262
1253
1266
1256
1264
1229
1268
1202
1270
1158
1274
1196
1283
1191
1292
1186
1331
1216
1289
1198
1273
1225
1252
1231
1236
1237
1217
1221
1229
1213
1252
1218
1271
1204
1289
1211
1303
1225
1301
1232
1283
1226
1247
1234
1224
1233
1174
1222
1194
1216
1210
1232
1231
1213
1260
1223
1278
1259
1292
1244
1285
1237
1283
1225
1234
1220
1260
1185
1252
1199
1255
1217
1254
1213
1257
1226
1268
1256
1263
1255
1273
1245
1283
1246
1270
1245
1274
1195
1274
1168
1274
1194
1281
1191
1255
1210
1267
1236
1261
1276
1261
1241
1256
1254
1238
1236
1256
1228
1249
1184
1235
1167
1272
1152
1265
1147
1272
1198
1270
1215
1278
1252
1273
1276
1277
1285
1267
1260
1247
1221
1233
1194
1220
1158
1223
1112
1236
1152
1259
1186
1286
1228
1287
1285
1291
1309
1284
1308
1272
1269
1245
1253
1228
1186
1241
1148
1222
1134
1243
1124
1265
1144
1284
1186
1294
1265
1286
1298
1272
1312
1254
1310
1246
1266
1247
1201
1258
1152
1213
1132
1278
1124
1295
1136
1288
1218
1282
1307
1275
1316
1254
1343
1252
1330
1254
1259
1263
1184
1261
1148
1275
1130
1283
1127
1284
1177
1296
1219
1300
1267
1287
1315
1283
1338
1268
1297
1256
1261
1241
1206
1242
1146
1246
1137
1252
1144
1263
1171
1287
1214
1287
1266
1280
1301
1266
1305
1259
1309
1234
1305
1217
1227
1252
1188
1231
1151
1250
1162
1261
1168
1277
1208
1272
1251
1274
1266
1274
1280
1251
1279
1241
1256
1234
1226
1237
1184
1247
1192
1260
1192
1268
1211
1223
1236
1258
1223
1251
1227
1241
1213
1257
1193
1265
1179
1269
1189
1269
1211
1281
1193
1274
1231
1256
1245
1261
1264
1256
1265
1256
1243
1252
1197
1268
1155
1263
1131
1270
1160
1268
1143
1258
1201
1253
1241
1259
1306
1260
1350
1269
1343
1260
1298
1296
1230
1280
1182
1273
1100
1262
1098
1250
1150
1236
1186
1249
1237
1256
1305
1248
1352
1272
1327
1293
1305
1270
1266
1268
1207
1262
1146
1266
1127
1265
1135
1270
1151
1259
1205
1260
1264
1249
1280
1242
1305
1241
1301
1250
1275
1238
1210
1267
1168
1282
1154
1293
1119
1289
1175
1266
1211
1257
1275
1231
1310
1222
1314
1249
1274
1236
1226
1253
1201
1269
1169
1283
1153
1285
1180
1287
1230
1284
1272
1277
1284
1266
1318
1264
1306
1266
1241
1260
1197
1268
1167
1268
1144
1251
1180
1259
1205
1258
1267
1284
1284
1280
1332
1282
1348
1285
1283
1279
1239
1269
1181
1240
1134
1250
1115
1242
1166
1237
1216
1250
1262
1261
1317
1266
1351
1275
1317
1286
1284
1280
1236
1278
1166
1252
1121
1261
1122
1260
1137
1266
1188
1260
1253
1259
1303
1258
1317
1259
1288
1260
1275
1261
1213
1270
1164
1259
1137
1271
1112
1284
1139
1268
1199
1258
1276
1248
1314
1257
1357
1246
1343
1250
1292
1261
1228
1269
1184
1270
1129
1284
1115
1265
1147
1258
1213
1255
1221
1261
1330
1258
1363
1269
1321
1287
1278
1283
1200
1277
1161
1269
1132
1254
1136
1245
1165
1255
1198
1259
1250
1272
1295
1280
1306
1283
1292
1284
1241
1271
1229
1266
1195
1269
1182
1268
1201
1265
1178
1272
1203
1274
1224
1284
1244
1269
1305
1270
1278
1263
1268
1262
1231
1213
1228
1268
1195
1279
1199
1277
1225
1281
1235
1266
1240
1270
1246
1254
1249
1254
1237
1252
1222
1256
1214
1254
1203
1275
1206
1246
1201
1266
1270
1247
1287
1259
1265
1266
1285
1276
1228
1277
1185
1278
1126
1269
1145
1257
1147
1251
1177
1280
1249
1241
1275
1245
1327
1255
1334
1278
1332
1290
1231
1306
1175
1285
1131
1295
1110
1277
1132
1260
1192
1249
1235
1264
1293
1255
1325
1266
1336
1275
1285
1286
1229
1277
1189
1289
1125
1286
1130
1277
1166
1267
1199
1271
1248
1265
1292
1253
1307
1275
1274
1276
1277
1276
1261
1284
1210
1281
1186
1290
1191
1280
1192
1278
1217
1267
1268
1259
1311
1251
1308
1243
1303
1253
1308
1265
1266
1268
1225
1283
1192
1282
1180
1275
1168
1258
1225
1236
1298
1228
1313
1213
1340
1228
1336
1235
1288
1264
1229
1280
1198
1278
1168
1271
1154
1260
1186
1239
1222
1247
1254
1239
1249
1249
1301
1260
1264
1272
1218
1279
1164
1283
1146
1281
1143
1268
1170
1259
1197
1257
1224
1267
1238
1261
1275
1268
1237
1275
1228
1273
1214
1275
1172
1295
1164
1277
1171
1260
1213
1271
1237
1268
1252
1256
1295
1258
1280
1256
1257
1253
1243
1254
1201
1260
1173
1274
1170
1280
1184
1278
1227
1268
1213
1251
1312
1238
1308
1239
1307
1236
1272
1249
1240
1271
1197
1282
1144
1284
1122
1295
1132
1270
1151
1268
1250
1256
1317
1245
1356
1251
1342
1253
1332
1272
1262
1282
1194
1312
1135
1291
1100
1272
1082
1265
1164
1250
1218
1245
1308
1253
1347
1259
1359
1269
1304
1279
1262
1253
1183
1290
1128
1271
1078
1268
1128
1252
1159
1263
1205
1278
1272
1253
1306
1265
1319
1269
1304
1270
1251
1267
1223
1274
1181
1281
1168
1227
1161
1273
1174
1270
1218
1264
1239
1258
1277
1249
1285
1256
1321
1256
1303
1267
1224
1296
1227
1288
1161
1283
1168
1272
1175
1265
1194
1247
1226
1249
1268
1243
1288
1264
1293
1267
1274
1271
1275
1268
1214
1259
1197
1253
1198
1244
1202
1224
1208
1257
1231
1276
1262
1286
1249
1294
1230
1285
1296
1277
1245
1250
1244
1238
1227
1194
1235
1240
1227
1253
1258
1266
1277
1289
1255
1290
1254
1296
1253
1282
1220
1272
1222
1260
1240
1238
1247
1245
1234
1252
1268
1237
1257
1278
1271
1272
1240
1277
1239
1272
1215
1273
1172
1266
1190
1257
1181
1254
1215
1248
1257
1252
1265
1292
1278
1267
1263
1276
1270
1303
1228
1313
1195
1274
1170
1275
1171
1268
1151
1250
1182
1236
1213
1232
1257
1235
1289
1245
1317
1267
1300
1285
1261
1281
1243
1283
1184
1274
1142
1258
1120
1237
1170
1210
1211
1227
1257
1235
1321
1256
1326
1264
1323
1292
1289
1290
1259
1276
1219
1261
1183
1248
1180
1258
1185
1243
1224
1254
1264
1265
1293
1277
1309
1285
1303
1278
1294
1280
1309
1274
1246
1260
1235
1271
1199
1277
1209
1282
1218
1288
1247
1265
1267
1285
1288
1254
1306
1276
1273
1274
1261
1272
1253
1274
1230
1269
1207
1267
1222
1258
1226
1253
1226
1258
1240
1254
1254
1262
1239
1272
1230
1287
1209
1282
1200
1281
1163
1270
1225
1248
1269
1265
1240
1288
1291
1275
1255
1271
1261
1280
1245
1296
1248
1270
1220
1305
1202
1284
1213
1269
1236
1268
1256
1269
1289
1276
1303
1275
1319
1265
1324
1264
1300
1262
1262
1261
1218
1255
1194
1263
1184
1270
1191
1278
1253
1280
1279
1271
1307
1265
1315
1220
1322
1246
1273
1268
1262
1238
1264
1249
1216
1252
1197
1271
1207
1282
1227
1284
1238
1275
1266
1266
1290
1259
1291
1256
1278
1256
1269
1265
1245
1239
1224
1279
1204
1278
1216
1280
1189
1274
1225
1262
1251
1260
1261
1252
1262
1257
1256
1264
1256
1269
1214
1267
1230
1273
1222
1268
1220
1263
1233
1278
1245
1294
1248
1281
1252
1277
1266
1266
1257
1260
1244
1244
1246
1248
1283
1262
1266
1249
1275
1282
1282
1296
1286
1293
1255
1281
1249
1263
1229
1251
1227
1234
1218
1234
1230
1266
1233
1270
1238
1285
1274
1291
1268
1297
1283
1280
1279
1269
1256
1259
1228
1258
1212
1252
1208
1267
1199
1279
1213
1281
1242
1285
1259
1277
1275
1268
1290
1264
1278
1245
1254
1256
1214
1266
1222
1274
1227
1278
1211
1268
1231
1269
1231
1249
1250
1239
1266
1252
1284
1264
1283
1261
1278
1255
1254
1273
1241
1275
1225
1282
1231
1273
1228
1280
1233
1278
1254
1273
1267
1279
1272
1264
1282
1284
1290
1262
1245
1255
1230
1250
1209
1262
1225
1265
1204
1276
1275
1267
1299
1277
1287
1293
1299
1259
1284
1249
1260
1236
1231
1246
1233
1254
1211
1273
1223
1289
1252
1315
1291
1285
1297
1267
1298
1238
1320
1230
1282
1229
1245
1246
1245
1266
1224
1294
1193
1322
1224
1281
1226
1300
1272
1274
1320
1248
1341
1220
1332
1229
1305
1230
1283
1263
1268
1284
1206
1302
1200
1309
1162
1302
1209
1292
1248
1265
1294
1262
1317
1272
1319
1244
1320
1251
1286
1266
1240
1272
1257
1298
1204
1285
1199
1290
1227
1245
1259
1277
1261
1298
1306
1257
1332
1249
1325
1239
1265
1254
1235
1290
1206
1285
1180
1302
1196
1305
1233
1297
1224
1298
1284
1251
1297
1231
1308
1195
1278
1223
1242
1225
1225
1269
1186
1297
1197
1302
1202
1299
1271
1300
1305
1250
1316
1273
1343
1222
1271
1231
1261
1249
1235
1283
1210
1293
1215
1302
1232
1305
1251
1277
1284
1246
1320
1225
1327
1227
1299
1233
1298
1252
1270
1292
1236
1298
1215
1307
1195
1293
1199
1304
1213
1232
1261
1228
1335
1225
1317
1228
1329
1247
1299
1242
1261
1295
1204
1305
1189
1294
1174
1320
1172
1275
1210
1259
1268
1235
1288
1234
1332
1223
1341
1237
1317
1257
1267
1272
1234
1296
1186
1318
1173
1298
1190
1298
1210
1275
1265
1243
1294
1223
1345
1207
1345
1219
1313
1239
1311
1279
1241
1325
1203
1336
1188
1332
1216
1295
1228
1255
1273
1221
1308
1194
1316
1204
1321
1230
1309
1274
1278
1344
1245
1344
1224
1342
1228
1320
1229
1277
1251
1241
1287
1196
1297
1189
1301
1206
1278
1246
1273
1284
1234
1317
1235
1325
1233
1326
1201
1307
1216
1264
1234
1226
1248
1201
1273
1199
1298
1193
1282
1235
1261
1283
1239
1309
1228
1322
1168
1325
1185
1326
1200
1285
1218
1245
1294
1218
1295
1195
1310
1198
1296
1227
1265
1269
1219
1310
1208
1332
1216
1339
1207
1315
1217
1289
1242
1229
1286
1211
1294
1195
1308
1204
1315
1240
1275
1282
1255
1319
1240
1339
1239
1334
1224
1299
1224
1255
1255
1217
1235
1194
1269
1200
1287
1200
1299
1281
1287
1307
1234
1354
1271
1329
1230
1301
1236
1264
1233
1228
1255
1193
1246
1197
1251
1204
1264
1247
1262
1271
1251
1278
1276
1301
1240
1293
1246
1280
1258
1268
1225
1225
1233
1234
1240
1217
1256
1243
1226
1257
1227
1275
1239
1289
1243
1294
1248
1299
1246
1296
1272
1281
1240
1255
1271
1203
1286
1232
1262
1231
1257
1255
1236
1275
1212
1332
1213
1323
1232
1315
1254
1300
1230
1261
1277
1244
1282
1210
1265
1195
1250
1228
1232
1258
1207
1302
1190
1319
1220
1323
1272
1311
1259
1268
1300
1210
1308
1176
1298
1205
1254
1229
1280
1250
1256
1287
1215
1308
1239
1316
1240
1310
1242
1284
1263
1233
1281
1240
1292
1229
1261
1242
1315
1256
1305
1282
1308
1265
1286
1296
1293
1296
1244
1284
1223
1257
1237
1257
1221
1249
1266
1251
1298
1242
1289
1304
1293
1253
1280
1267
1294
1277
1231
1282
1213
1272
1223
1276
1219
1273
1231
1252
1258
1245
1263
1251
1265
1246
1253
1254
1273
1269
1225
1290
1219
1291
1234
1284
1217
1270
1218
1252
1234
1229
1250
1219
1276
1230
1265
1242
1270
1276
1223
1275
1249
1284
1234
1290
1238
1268
1248
1247
1276
1226
1273
1229
1274
1230
1287
1261
1304
1285
1264
1306
1262
1327
1246
1298
1235
1282
1267
1262
1224
1239
1243
1268
1247
1250
1275
1265
1269
1286
1293
1297
1298
1304
1293
1285
1250
1279
1218
1285
1214
1254
1199
1250
1221
1252
1253
1258
1295
1268
1294
1274
1314
1290
1310
1285
1273
1281
1242
1271
1233
1277
1198
1257
1223
1245
1199
1238
1277
1227
1295
1237
1302
1293
1320
1274
1265
1286
1272
1290
1251
1294
1244
1268
1238
1255
1249
1235
1237
1219
1256
1226
1276
1254
1281
1268
1254
1297
1253
1318
1263
1315
1254
1300
1252
1265
1248
1249
1240
1223
1224
1221
1236
1236
1296
1275
1265
1300
1279
1326
1284
1285
1278
1316
1238
1286
1253
1252
1259
1238
1233
1224
1241
1236
1261
1245
1270
1281
1289
1304
1305
1300
1297
1303
1268
1294
1260
1278
1242
1263
1226
1237
1243
1247
1264
1239
1278
1243
1283
1275
1311
1266
1310
1288
1284
1287
1272
1295
1243
1322
1222
1285
1214
1261
1255
1242
1262
1231
1284
1225
1302
1248
1293
1306
1274
1303
1268
1323
1248
1325
1228
1306
1217
1278
1239
1247
1238
1228
1249
1225
1274
1225
1272
1257
1276
1289
1270
1295
1281
1338
1253
1321
1258
1294
1266
1270
1227
1253
1236
1221
1235
1233
1258
1248
1287
1258
1303
1271
1306
1287
1284
1286
1281
1289
1271
1277
1243
1264
1234
1279
1244
1250
1259
1249
1275
1243
1302
1237
1312
1255
1292
1264
1282
1286
1246
1296
1232
1297
1260
1296
1255
1273
1271
1263
1289
1219
1306
1210
1298
1234
1291
1246
1281
1274
1273
1285
1244
1307
1242
1309
1253
1298
1260
1271
1248
1253
1270
1235
1264
1230
1251
1240
1232
1240
1261
1268
1254
1288
1248
1295
1260
1296
1223
1277
1243
1264
1235
1259
1250
1245
1249
1255
1219
1290
1263
1273
1246
1271
1263
1269
1273
1269
1286
1269
1252
1267
1257
1275
1263
1279
1252
1272
1258
1266
1270
1260
1259
1258
1258
1250
1275
1255
1267
1257
1275
1275
1273
1287
1288
1294
1254
1287
1269
1281
1312
1263
1280
1234
1264
1242
1252
1234
1274
1264
1246
1275
1276
1266
1313
1295
1257
1282
1312
1273
1317
1257
1277
1265
1253
1249
1224
1254
1218
1268
1204
1275
1242
1276
1306
1281
1318
1270
1314
1258
1311
1244
1284
1288
1224
1273
1231
1267
1211
1270
1188
1260
1202
1261
1216
1262
1232
1255
1239
1253
1283
1261
1279
1296
1218
1271
1256
1275
1265
1273
1219
1210
1217
1243
1206
1252
1206
1254
1225
1264
1255
1271
1236
1329
1299
1285
1331
1277
1317
1309
1274
1266
1237
1257
1232
1254
1200
1263
1218
1256
1251
1273
1283
1309
1306
1282
1335
1267
1345
1261
1315
1254
1271
1252
1251
1266
1220
1259
1216
1243
1244
1280
1252
1273
1284
1264
1300
1255
1330
1245
1316
1248
1288
1252
1279
1263
1238
1234
1240
1271
1227
1269
1241
1270
1257
1248
1268
1235
1275
1248
1258
1252
1255
1260
1252
1274
1230
1272
1214
1270
1207
1258
1206
1253
1194
1244
1215
1231
1226
1245
1226
1250
1246
1264
1248
1259
1248
1253
1253
1259
1250
1244
1231
1260
1206
1272
1213
1266
1192
1274
1213
1265
1236
1259
1259
1255
1260
1252
1266
1259
1289
1264
1258
1285
1244
1294
1241
1311
1230
1288
1225
1295
1243
1281
1262
1250
1259
1244
1257
1240
1271
1251
1255
1268
1267
1291
1273
1308
1281
1300
1273
1298
1252
1287
1254
1259
1226
1242
1229
1233
1249
1233
1259
1239
1274
1264
1303
1278
1310
1290
1293
1306
1280
1283
1264
1262
1210
1244
1188
1236
1252
1228
1222
1219
1235
1231
1257
1223
1295
1264
1258
1278
1249
1282
1281
1291
1239
1280
1217
1276
1211
1242
1200
1240
1195
1215
1228
1202
1253
1240
1246
1266
1276
1300
1284
1319
1265
1340
1258
1311
1250
1287
1229
1251
1189
1235
1199
1200
1201
1227
1214
1243
1246
1280
1263
1345
1272
1332
1256
1317
1279
1290
1256
1267
1231
1230
1214
1208
1209
1238
1201
1236
1210
1254
1254
1272
1276
1293
1269
1295
1300
1291
1292
1283
1265
1251
1255
1238
1235
1232
1224
1233
1209
1232
1238
1241
1249
1263
1264
1264
1281
1280
1264
1283
1258
1289
1241
1285
1260
1262
1257
1241
1247
1242
1253
1232
1258
1233
1228
1261
1230
1280
1237
1304
1232
1294
1230
1290
1255
1283
1249
1262
1251
1228
1260
1234
1232
1237
1225
1262
1199
1264
1214
1297
1240
1303
1240
1293
1265
1285
1238
1256
1258
1257
1253
1254
1255
1255
1245
1265
1245
1272
1238
1295
1221
1300
1220
1292
1232
1281
1228
1269
1237
1259
1246
1252
1265
1260
1271
1257
1285
1228
1281
1265
1254
1267
1231
1272
1210
1261
1205
1260
1190
1249
1238
1256
1268
1259
1272
1290
1296
1261
1289
1264
1273
1257
1225
1267
1221
1259
1185
1268
1172
1279
1194
1275
1225
1267
1238
1265
1277
1273
1285
1257
1276
1255
1249
1261
1231
1262
1195
1287
1162
1273
1168
1266
1182
1260
1210
1246
1267
1254
1282
1239
1302
1262
1289
1251
1292
1285
1228
1298
1218
1285
1202
1277
1185
1255
1182
1252
1217
1247
1256
1250
1282
1263
1313
1279
1324
1292
1294
1293
1265
1294
1236
1288
1208
1249
1179
1255
1173
1258
1212
1263
1202
1269
1268
1270
1306
1280
1321
1278
1309
1286
1275
1301
1238
1286
1191
1285
1176
1302
1174
1270
1194
1256
1208
1251
1253
1245
1270
1244
1286
1245
1277
1259
1250
1270
1200
1279
1180
1282
1130
1279
1165
1258
1192
1263
1214
1228
1243
1230
1237
1227
1282
1242
1288
1263
1265
1271
1245
1296
1220
1294
1192
1296
1195
1285
1203
1263
1208
1261
1195
1246
1260
1226
1284
1248
1271
1267
1271
1281
1243
1283
1214
1290
1184
1291
1193
1286
1241
1279
1217
1261
1261
1253
1274
1179
1282
1244
1259
1250
1269
1254
1243
1273
1212
1277
1200
1313
1183
1302
1188
1295
1214
1270
1241
1246
1249
1230
1235
1223
1257
1226
1245
1243
1237
1250
1234
1283
1206
1299
1203
1304
1197
1293
1220
1274
1191
1255
1210
1237
1269
1229
1253
1285
1253
1248
1241
1264
1238
1272
1231
1285
1235
1258
1238
1279
1226
1278
1243
1252
1254
1271
1252
1254
1272
1248
1260
1248
1263
1261
1247
1273
1251
1241
1254
1282
1221
1279
1218
1279
1214
1269
1210
1261
1226
1249
1233
1238
1251
1242
1231
1227
1240
1276
1227
1283
1230
1287
1245
1295
1233
1281
1221
1299
1208
1257
1212
1269
1235
1250
1208
1248
1229
1246
1242
1271
1242
1280
1267
1276
1270
1260
1250
1267
1228
1262
1229
1255
1234
1268
1203
1260
1243
1249
1245
1261
1262
1267
1273
1271
1286
1241
1271
1274
1268
1253
1258
1258
1247
1259
1212
1272
1208
1271
1215
1284
1212
1261
1237
1271
1253
1263
1246
1251
1259
1251
1262
1258
1252
1255
1229
1263
1207
1267
1210
1285
1170
1283
1188
1276
1201
1274
1226
1255
1243
1255
1258
1262
1268
1254
1230
1253
1231
1251
1224
1273
1202
1278
1192
1291
1203
1292
1213
1289
1231
1270
1257
1254
1281
1227
1255
1223
1259
1233
1270
1241
1228
1255
1217
1281
1213
1298
1219
1302
1210
1291
1247
1268
1279
1252
1266
1209
1291
1214
1270
1203
1244
1244
1225
1274
1232
1289
1222
1310
1173
1310
1226
1300
1249
1278
1248
1259
1230
1231
1267
1232
1258
1237
1222
1265
1230
1290
1219
1306
1205
1306
1203
1306
1202
1297
1209
1276
1207
1265
1244
1238
1227
1237
1252
1227
1254
1248
1240
1300
1207
1285
1194
1281
1200
1302
1180
1293
1187
1275
1224
1259
1237
1247
1240
1168
1284
1224
1263
1239
1235
1256
1211
1270
1216
1281
1180
1290
1210
1274
1228
1263
1213
1272
1227
1238
1233
1230
1252
1236
1260
1248
1266
1256
1283
1288
1246
1292
1223
1295
1232
1287
1226
1239
1224
1244
1208
1236
1252
1239
1250
1246
1267
1249
1275
1281
1247
1291
1256
1291
1225
1284
1216
1276
1238
1253
1224
1234
1224
1236
1220
1220
1241
1259
1238
1280
1246
1288
1248
1298
1241
1295
1223
1299
1206
1289
1202
1265
1229
1262
1205
1230
1197
1251
1203
1255
1218
1269
1223
1285
1241
1273
1237
1297
1223
1294
1246
1283
1205
1273
1205
1253
1190
1243
1223
1232
1220
1247
1212
1292
1230
1280
1224
1298
1231
1293
1236
1290
1244
1271
1217
1238
1223
1245
1222
1238
1209
1240
1212
1249
1205
1261
1212
1272
1226
1280
1242
1278
1254
1261
1253
1259
1247
1251
1254
1251
1207
1251
1216
1251
1247
1258
1220
1256
1226
1260
1232
1239
1245
1264
1231
1258
1248
1255
1261
1266
1239
1255
1232
1261
1225
1261
1205
1280
1194
1278
1206
1279
1207
1279
1202
1264
1231
1261
1264
1252
1249
1245
1252
1253
1237
1259
1225
1280
1183
1286
1206
1290
1206
1292
1201
1275
1226
1276
1236
1273
1232
1254
1228
1256
1252
1251
1233
1266
1229
1277
1224
1298
1237
1309
1211
1302
1224
1290
1230
1273
1230
1251
1225
1229
1241
1223
1198
1245
1238
1243
1241
1272
1220
1325
1209
1299
1185
1300
1211
1281
1183
1261
1220
1234
1242
1233
1241
1229
1238
1241
1247
1259
1237
1278
1227
1285
1178
1296
1219
1307
1211
1282
1211
1261
1237
1246
1236
1243
1235
1241
1226
1245
1240
1254
1260
1269
1200
1269
1246
1278
1220
1233
1230
1279
1223
1272
1245
1255
1258
1254
1249
1244
1219
1255
1219
1253
1218
1275
1218
1280
1207
1283
1212
1281
1231
1274
1240
1269
1219
1259
1250
1222
1270
1254
1223
1257
1208
1273
1197
1283
1192
1285
1191
1286
1227
1271
1245
1276
1238
1263
1254
1247
1241
1254
1234
1256
1209
1272
1218
1264
1196
1279
1191
1290
1205
1269
1212
1250
1224
1237
1246
1223
1257
1233
1249
1244
1225
1261
1235
1284
1200
1288
1182
1289
1183
1284
1159
1272
1172
1249
1204
1211
1246
1233
1255
1235
1265
1247
1263
1267
1219
1287
1207
1291
1202
1297
1188
1290
1171
1280
1190
1266
1218
1247
1232
1236
1239
1222
1268
1239
1255
1266
1233
1277
1226
1295
1207
1302
1188
1298
1190
1283
1220
1269
1199
1241
1231
1238
1281
1220
1264
1218
1251
1239
1231
1251
1212
1294
1180
1304
1197
1306
1206
1293
1205
1266
1227
1248
1242
1233
1235
1255
1242
1232
1230
1230
1241
1267
1194
1286
1187
1282
1205
1299
1192
1279
1221
1273
1238
1255
1243
1251
1222
1236
1239
1231
1214
1245
1214
1251
1207
1246
1212
1304
1216
1288
1226
1278
1257
1270
1257
1288
1262
1248
1264
1250
1288
1252
1222
1251
1216
1238
1204
1271
1192
1281
1187
1261
1218
1270
1241
1269
1249
1260
1272
1257
1254
1250
1241
1259
1189
1251
1197
1249
1195
1271
1170
1268
1212
1273
1218
1251
1229
1261
1262
1253
1285
1251
1253
1248
1188
1237
1209
1266
1180
1269
1164
1279
1186
1270
1183
1294
1218
1262
1233
1249
1277
1248
1265
1255
1252
1252
1249
1262
1200
1273
1180
1275
1154
1269
1170
1271
1176
1255
1211
1241
1231
1247
1248
1263
1254
1267
1268
1267
1254
1264
1229
1270
1192
1261
1197
1287
1194
1263
1203
1199
1213
1258
1217
1259
1241
1263
1250
1272
1245
1267
1212
1266
1245
1261
1235
1254
1201
1291
1205
1257
1193
1261
1202
1259
1244
1255
1249
1250
1245
1265
1248
1279
1250
1277
1240
1276
1215
1270
1223
1266
1213
1254
1213
1251
1227
1252
1237
1240
1234
1268
1238
1283
1218
1297
1211
1308
1220
1290
1264
1272
1236
1257
1235
1244
1226
1195
1243
1234
1209
1248
1220
1285
1233
1286
1217
1294
1207
1302
1220
1290
1233
1277
1220
1260
1222
1234
1241
1228
1215
1224
1222
1236
1235
1256
1224
1263
1221
1286
1215
1294
1219
1289
1193
1274
1214
1259
1220
1248
1231
1230
1254
1231
1251
1270
1245
1256
1222
1273
1239
1284
1223
1301
1220
1296
1218
1296
1223
1302
1218
1273
1236
1254
1246
1245
1249
1236
1231
1243
1252
1258
1243
1284
1230
1287
1224
1294
1223
1282
1217
1289
1202
1275
1231
1256
1240
1246
1235
1234
1254
1246
1234
1250
1232
1272
1198
1284
1239
1286
1228
1287
1226
1274
1225
1251
1216
1250
1205
1256
1215
1252
1221
1262
1201
1265
1214
1266
1239
1272
1277
1269
1241
1260
1244
1262
1220
1268
1208
1264
1182
1250
1200
1256
1207
1257
1210
1238
1238
1245
1233
1246
1244
1254
1249
1262
1243
1264
1225
1273
1225
1267
1205
1281
1200
1269
1194
1262
1227
1248
1223
1245
1237
1249
1242
1257
1270
1273
1222
1282
1267
1315
1264
1290
1227
1320
1227
1286
1195
1276
1207
1289
1203
1262
1228
1249
1255
1256
1258
1272
1267
1270
1267
1271
1249
1279
1243
1292
1209
1292
1202
1303
1195
1283
1207
1253
1229
1250
1215
1241
1231
1234
1222
1248
1222
1258
1234
1278
1227
1285
1220
1290
1197
1262
1211
1285
1201
1256
1212
1237
1232
1225
1232
1217
1228
1240
1223
1247
1231
1275
1231
1284
1228
1296
1243
1287
1255
1269
1231
1253
1241
1241
1235
1204
1230
1229
1217
1239
1234
1251
1203
1271
1218
1282
1246
1293
1248
1287
1254
1287
1254
1291
1269
1272
1233
1264
1241
1246
1244
1247
1228
1255
1218
1270
1223
1290
1229
1296
1231
1299
1249
1295
1257
1304
1252
1268
1272
1258
1253
1250
1231
1232
1216
1262
1203
1262
1202
1292
1176
1301
1208
1299
1224
1292
1244
1269
1265
1259
1271
1266
1263
1227
1229
1250
1239
1228
1229
1275
1216
1278
1198
1289
1237
1281
1233
1295
1242
1259
1265
1254
1265
1254
1245
1250
1242
1234
1247
1270
1230
1269
1242
1268
1237
1269
1238
1270
1220
1258
1256
1248
1316
1262
1257
1241
1265
1236
1249
1238
1238
1266
1232
1271
1246
1254
1242
1289
1241
1264
1249
1270
1260
1263
1234
1259
1241
1248
1236
1251
1222
1248
1203
1256
1227
1265
1224
1300
1239
1272
1252
1273
1265
1267
1248
1268
1221
1265
1247
1258
1212
1259
1217
1251
1228
1266
1203
1293
1223
1277
1235
1273
1258
1273
1265
1263
1281
1260
1275
1268
1247
1259
1240
1275
1229
1284
1206
1282
1202
1282
1213
1269
1231
1257
1214
1253
1275
1246
1289
1250
1262
1255
1253
1273
1211
1277
1229
1285
1206
1260
1214
1259
1225
1262
1229
1250
1249
1245
1262
1254
1259
1257
1250
1266
1202
1270
1232
1276
1218
1271
1221
1282
1225
1272
1208
1264
1240
1271
1250
1257
1245
1249
1291
1252
1256
1252
1243
1255
1217
1222
1209
1272
1190
1305
1208
1290
1216
1287
1251
1263
1254
1262
1255
1251
1252
1249
1232
1251
1209
1262
1202
1287
1181
1283
1197
1291
1200
1291
1256
1237
1259
1270
1260
1252
1266
1253
1258
1251
1226
1255
1183
1272
1202
1279
1190
1283
1197
1327
1221
1282
1222
1271
1272
1257
1301
1255
1319
1245
1291
1255
1269
1273
1246
1270
1207
1275
1198
1269
1209
1269
1207
1262
1238
1263
1283
1262
1309
1247
1310
1259
1285
1256
1280
1261
1218
1264
1194
1264
1205
1267
1191
1261
1217
1272
1235
1245
1250
1268
1262
1264
1291
1255
1295
1250
1258
1242
1228
1258
1220
1259
1202
1277
1191
1276
1219
1290
1239
1277
1247
1258
1247
1257
1290
1244
1269
1235
1252
1252
1233
1264
1215
1281
1174
1283
1198
1274
1225
1277
1239
1264
1257
1267
1279
1257
1277
1260
1253
1263
1250
1263
1214
1265
1179
1266
1201
1271
1223
1282
1231
1272
1257
1271
1290
1268
1301
1264
1287
1255
1279
1253
1244
1242
1220
1237
1220
1244
1205
1254
1218
1258
1234
1263
1288
1290
1285
1286
1321
1271
1320
1272
1282
1275
1247
1259
1216
1255
1209
1254
1197
1260
1214
1273
1242
1278
1264
1285
1276
1283
1309
1278
1295
1276
1282
1264
1247
1259
1217
1252
1228
1261
1195
1248
1210
1266
1203
1269
1237
1271
1240
1276
1266
1278
1289
1273
1271
1260
1252
1278
1225
1244
1210
1254
1208
1258
1210
1258
1226
1260
1244
1262
1256
1269
1241
1276
1262
1277
1270
1269
1244
1259
1235
1257
1230
1246
1228
1237
1237
1255
1259
1265
1259
1275
1254
1296
1243
1288
1237
1282
1230
1265
1228
1234
1245
1228
1240
1232
1239
1259
1266
1264
1261
1286
1262
1291
1260
1274
1227
1284
1229
1272
1204
1258
1235
1214
1232
1240
1236
1248
1263
1247
1262
1275
1266
1288
1262
1274
1282
1299
1265
1291
1206
1311
1245
1276
1211
1260
1235
1250
1262
1250
1280
1250
1283
1263
1295
1268
1294
1273
1267
1293
1244
1299
1252
1296
1197
1279
1217
1268
1233
1248
1251
1216
1259
1237
1275
1243
1295
1252
1261
1268
1262
1274
1285
1281
1248
1286
1216
1272
1202
1229
1206
1254
1197
1229
1243
1242
1275
1253
1275
1259
1280
1274
1275
1276
1244
1273
1217
1272
1218
1262
1213
1263
1186
1265
1224
1266
1258
1267
1257
1254
1275
1262
1278
1263
1261
1269
1216
1254
1220
1248
1191
1256
1203
1252
1218
1265
1226
1304
1261
1277
1249
1268
1285
1267
1281
1270
1285
1255
1279
1257
1256
1261
1243
1262
1246
1267
1247
1274
1243
1276
1239
1276
1267
1280
1273
1275
1276
1260
1291
1268
1279
1266
1254
1265
1200
1260
1249
1259
1250
1266
1249
1282
1264
1276
1267
1264
1257
1290
1255
1287
1265
1277
1258
1260
1244
1246
1252
1246
1239
1242
1235
1255
1248
1265
1235
1280
1248
1290
1225
1268
1242
1278
1272
1272
1207
1253
1264
1247
1235
1246
1258
1252
1251
1267
1264
1261
1264
1275
1265
1252
1264
1279
1246
1277
1232
1272
1255
1263
1261
1261
1261
1259
1286
1262
1290
1269
1276
1277
1273
1277
1275
1277
1240
1290
1237
1278
1218
1275
1224
1280
1185
1281
1252
1271
1272
1270
1253
1304
1242
1268
1248
1270
1253
1263
1237
1268
1246
1250
1238
1261
1219
1274
1227
1261
1230
1260
1218
1256
1235
1265
1238
1263
1241
1271
1247
1269
1255
1272
1247
1270
1233
1263
1233
1235
1221
1259
1229
1262
1255
1259
1251
1260
1262
1266
1253
1229
1276
1269
1241
1265
1257
1258
1275
1261
1258
1250
1250
1261
1254
1255
1267
1274
1267
1272
1261
1267
1286
1263
1288
1252
1269
1250
1280
1240
1279
1251
1267
1270
1236
1283
1275
1283
1243
1298
1256
1274
1260
1265
1266
1247
1247
1248
1247
1247
1255
1263
1223
1279
1250
1278
1250
1289
1249
1278
1249
1263
1251
1286
1250
1269
1241
1257
1242
1231
1241
1255
1219
1252
1216
1260
1235
1268
1230
1268
1240
1278
1257
1277
1265
1258
1228
1269
1254
1257
1252
1257
1252
1238
1237
1240
1252
1252
1246
1264
1231
1270
1270
1282
1280
1291
1276
1285
1281
1299
1284
1269
1271
1257
1264
1244
1262
1244
1253
1248
1247
1264
1256
1281
1289
1294
1260
1293
1274
1305
1268
1283
1258
1270
1233
1258
1260
1253
1275
1287
1253
1259
1260
1276
1274
1270
1242
1293
1230
1280
1244
1281
1225
1275
1232
1256
1239
1257
1241
1272
1237
1260
1258
1254
1249
1263
1246
1267
1238
1270
1235
1273
1217
1271
1214
1267
1227
1249
1216
1252
1222
1251
1212
1251
1249
1248
1238
1253
1263
1253
1272
1271
1255
1298
1247
1277
1246
1289
1240
1274
1237
1259
1251
1244
1253
1249
1253
1254
1251
1258
1301
1264
1289
1273
1293
1277
1290
1270
1279
1264
1248
1261
1283
1228
1271
1234
1247
1248
1242
1260
1257
1274
1282
1277
1281
1281
1295
1270
1299
1273
1271
1259
1274
1267
1267
1277
1258
1274
1257
1280
1214
1273
1256
1283
1251
1262
1263
1269
1273
1263
1249
1264
1260
1258
1254
1288
1245
1271
1289
1272
1254
1266
1233
1287
1209
1234
1216
1244
1201
1258
1214
1255
1233
1255
1246
1251
1248
1260
1238
1269
1256
1263
1236
1266
1224
1257
1223
1262
1190
1259
1205
1261
1200
1272
1232
1220
1230
1253
1240
1250
1256
1256
1243
1268
1247
1268
1222
1278
1258
1278
1247
1278
1239
1321
1241
1264
1210
1257
1240
1250
1267
1251
1280
1277
1288
1274
1305
1297
1300
1296
1282
1297
1275
1289
1264
1275
1232
1261
1241
1254
1265
1249
1270
1251
1290
1259
1298
1273
1310
1289
1279
1296
1277
1295
1290
1294
1251
1275
1261
1268
1245
1230
1249
1258
1232
1253
1267
1245
1275
1257
1260
1251
1261
1267
1260
1264
1237
1276
1234
1272
1239
1268
1238
1253
1223
1246
1243
1213
1255
1236
1245
1229
1238
1250
1251
1266
1239
1269
1217
1282
1232
1278
1231
1272
1230
1257
1246
1257
1240
1260
1244
1256
1238
1266
1272
1266
1260
1290
1252
1278
1251
1284
1241
1291
1225
1279
1232
1241
1244
1268
1247
1270
1262
1274
1278
1280
1280
1294
1274
1277
1286
1276
1261
1269
1247
1267
1224
1250
1234
1256
1221
1264
1266
1260
1276
1281
1266
1287
1276
1278
1271
1275
1272
1268
1259
1257
1257
1226
1251
1254
1230
1251
1212
1259
1246
1255
1229
1264
1239
1269
1238
1248
1243
1266
1269
1271
1257
1275
1269
1255
1230
1251
1242
1247
1216
1249
1222
1275
1232
1261
1228
1258
1266
1276
1232
1259
1239
1268
1251
1274
1258
1257
1271
1247
1252
1238
1262
1265
1261
1259
1269
1275
1262
1279
1237
1308
1241
1296
1237
1277
1235
1263
1250
1257
1281
1247
1288
1242
1279
1270
1297
1273
1282
1290
1271
1285
1259
1272
1258
1270
1240
1269
1236
1276
1249
1264
1253
1258
1280
1267
1282
1274
1278
1278
1284
1285
1283
1280
1267
1236
1244
1271
1225
1263
1225
1261
1190
1264
1219
1253
1231
1257
1266
1249
1275
1254
1276
1274
1281
1270
1250
1270
1250
1263
1247
1284
1228
1249
1214
1245
1218
1237
1233
1246
1233
1250
1226
1258
1280
1273
1252
1274
1278
1281
1280
1271
1293
1247
1251
1246
1242
1224
1245
1243
1224
1245
1239
1259
1292
1251
1260
1267
1273
1275
1269
1248
1290
1270
1232
1270
1251
1262
1257
1259
1251
1251
1245
1270
1272
1276
1263
1289
1254
1292
1266
1288
1262
1283
1225
1274
1239
1268
1257
1275
1246
1254
1269
1264
1270
1268
1273
1305
1254
1281
1268
1276
1241
1281
1252
1267
1262
1241
1244
1300
1230
1268
1241
1270
1261
1265
1254
1286
1272
1260
1288
1274
1284
1275
1276
1276
1274
1271
1264
1269
1237
1263
1164
1256
1222
1246
1227
1248
1242
1235
1278
1248
1274
1279
1285
1271
1285
1264
1280
1267
1262
1265
1230
1260
1245
1244
1218
1237
1211
1259
1231
1268
1248
1270
1262
1279
1273
1256
1295
1283
1275
1270
1269
1269
1265
1264
1242
1267
1236
1271
1226
1272
1244
1284
1266
1285
1251
1275
1261
1257
1251
1273
1265
1277
1257
1276
1266
1275
1269
1277
1261
1273
1253
1283
1236
1264
1231
1274
1237
1278
1235
1266
1230
1260
1270
1273
1263
1271
1274
1278
1283
1273
1280
1263
1246
1262
1252
1258
1227
1253
1220
1250
1191
1254
1252
1244
1264
1251
1260
1286
1278
1257
1253
1264
1260
1237
1255
1241
1259
1252
1234
1262
1213
1273
1233
1261
1222
1262
1236
1261
1260
1264
1286
1261
1274
1284
1281
1268
1288
1287
1261
1286
1257
1281
1243
1280
1208
1294
1219
1260
1272
1261
1252
1256
1274
1266
1285
1226
1301
1290
1262
1294
1279
1282
1283
1280
1242
1288
1233
1261
1230
1248
1244
1259
1254
1269
1270
1246
1288
1273
1297
1278
1286
1276
1298
1267
1269
1241
1257
1257
1240
1255
1250
1256
1201
1259
1229
1261
1255
1269
1264
1258
1282
1264
1293
1279
1280
1274
1249
1260
1268
1254
1237
1258
1223
1255
1229
1252
1223
1283
1223
1290
1244
1274
1262
1271
1265
1284
1261
1265
1265
1262
1266
1265
1232
1241
1228
1254
1218
1262
1218
1269
1198
1278
1245
1280
1243
1297
1268
1272
1286
1267
1270
1273
1233
1249
1231
1233
1239
1260
1224
1263
1219
1275
1245
1291
1247
1289
1263
1283
1277
1269
1280
1259
1279
1242
1265
1211
1258
1237
1234
1249
1230
1262
1246
1277
1227
1287
1247
1302
1241
1277
1294
1258
1305
1249
1289
1219
1297
1235
1268
1220
1259
1259
1245
1268
1237
1304
1237
1285
1252
1278
1255
1275
1265
1265
1279
1259
1295
1251
1280
1250
1276
1247
1264
1259
1240
1282
1221
1286
1231
1288
1231
1294
1212
1289
1238
1286
1234
1266
1248
1247
1259
1240
1278
1234
1268
1245
1249
1289
1251
1285
1234
1304
1220
1298
1235
1294
1254
1272
1246
1256
1263
1246
1276
1232
1270
1240
1260
1250
1244
1270
1236
1287
1230
1296
1223
1291
1246
1278
1244
1264
1244
1239
1261
1234
1224
1231
1241
1255
1261
1260
1244
1266
1226
1287
1221
1280
1228
1289
1212
1281
1217
1265
1242
1252
1186
1247
1245
1244
1249
1269
1247
1273
1252
1274
1203
1288
1232
1294
1214
1292
1218
1258
1274
1266
1258
1251
1262
1244
1266
1214
1281
1248
1238
1260
1235
1271
1262
1282
1236
1287
1233
1292
1239
1288
1241
1268
1243
1256
1268
1220
1282
1242
1234
1248
1231
1270
1268
1285
1240
1290
1227
1294
1221
1290
1225
1271
1217
1253
1239
1251
1222
1235
1269
1231
1251
1252
1279
1316
1259
1292
1226
1305
1247
1296
1232
1286
1224
1255
1240
1247
1251
1243
1245
1238
1273
1247
1276
1242
1264
1272
1230
1285
1255
1294
1241
1301
1226
1249
1240
1268
1226
1255
1240
1253
1233
1244
1252
1241
1279
1251
1258
1261
1263
1273
1245
1276
1238
1294
1221
1285
1229
1276
1235
1263
1240
1230
1252
1243
1253
1234
1273
1263
1280
1263
1269
1282
1255
1293
1240
1295
1234
1293
1213
1285
1218
1273
1241
1258
1230
1243
1245
1250
1244
1261
1257
1275
1247
1284
1259
1283
1251
1289
1231
1296
1228
1280
1219
1257
1218
1249
1239
1256
1244
1259
1238
1287
1246
1288
1254
1260
1246
1273
1233
1268
1234
1261
1230
1253
1224
1250
1229
1254
1245
1248
1249
1255
1227
1261
1245
1274
1224
1267
1232
1263
1220
1268
1245
1249
1238
1253
1230
1258
1242
1255
1239
1262
1244
1262
1259
1266
1250
1270
1236
1274
1262
1279
1243
1273
1224
1269
1229
1261
1250
1255
1232
1245
1248
1249
1305
1257
1271
1263
1261
1274
1245
1284
1247
1280
1200
1278
1222
1261
1245
1254
1236
1243
1246
1248
1253
1246
1260
1276
1256
1287
1261
1281
1257
1304
1236
1275
1232
1264
1228
1255
1220
1254
1221
1254
1231
1251
1233
1267
1220
1273
1239
1268
1225
1281
1233
1267
1235
1255
1236
1291
1218
1239
1197
1251
1229
1256
1227
1264
1243
1262
1233
1276
1244
1291
1230
1280
1207
1268
1219
1262
1205
1262
1166
1252
1213
1249
1214
1257
1245
1245
1238
1264
1269
1273
1260
1281
1228
1287
1225
1286
1216
1279
1190
1261
1203
1252
1196
1236
1220
1252
1227
1257
1287
1252
1286
1289
1277
1289
1274
1303
1240
1287
1214
1282
1202
1260
1200
1246
1197
1216
1206
1228
1249
1252
1272
1269
1287
1275
1301
1296
1276
1312
1256
1289
1215
1268
1211
1249
1209
1241
1192
1236
1228
1246
1215
1248
1257
1275
1266
1292
1283
1288
1275
1294
1270
1282
1246
1272
1212
1265
1164
1253
1196
1247
1187
1230
1200
1253
1221
1258
1242
1276
1251
1288
1267
1254
1264
1290
1228
1281
1213
1268
1192
1250
1189
1256
1168
1239
1219
1235
1262
1258
1229
1299
1246
1301
1250
1306
1247
1296
1242
1284
1240
1259
1213
1249
1207
1240
1213
1243
1252
1254
1201
1272
1237
1278
1244
1300
1237
1293
1252
1288
1262
1269
1251
1266
1235
1246
1238
1244
1210
1253
1221
1252
1255
1254
1242
1264
1245
1277
1242
1251
1251
1270
1242
1282
1243
1255
1260
1251
1256
1244
1242
1268
1255
1251
1281
1266
1243
1267
1237
1275
1244
1285
