1080
1305
1489
1313
1481
1309
1461
1310
1246
1259
1241
1257
1242
1260
1331
1234
1262
1266
1213
1261
1234
1262
1220
1262
1233
1252
1298
1263
1255
1250
1249
1259
1264
1243
1203
1268
1184
1269
1244
1260
1256
1265
1258
1258
1241
1257
1243
1261
1249
1267
1242
1263
1237
1265
1352
1238
1296
1257
1261
1262
1286
1245
1252
1257
1222
1270
1248
1263
1263
1267
1194
1266
1238
1254
1164
1296
1311
1254
1251
1265
1246
1242
1255
1268
1253
1265
1210
1266
1259
1264
1244
1255
1316
1246
1166
1276
1213
1261
1227
1263
1242
1226
1241
1268
1238
1277
1236
1266
1203
1264
1235
1254
1244
1257
1310
1286
1285
1250
1213
1258
1244
1256
1246
1257
1207
1249
1257
1253
1251
1262
1237
1261
1240
1269
1349
1225
1208
1262
1184
1255
1242
1259
1255
1258
1251
1260
1229
1259
1245
1253
1236
1256
1215
1249
1180
1266
1246
1254
1240
1257
1238
1258
1240
1230
1231
1264
1200
1265
1237
1265
1241
1274
1230
1258
1206
1267
1207
1260
1231
1268
1241
1242
1240
1269
1190
1267
1176
1263
1252
1268
1244
1276
1217
1211
1178
1278
1250
1269
1236
1266
1227
1254
1230
1266
1189
1271
1196
1258
1275
1266
1248
1288
1249
1244
1248
1269
1288
1265
1243
1266
1251
1260
1266
1271
1258
1279
1220
1268
1269
1261
1256
1250
1364
1267
1284
1247
1207
1260
1239
1261
1254
1249
1261
1260
1206
1265
1249
1256
1243
1257
1242
1255
1237
1234
1280
1239
1267
1259
1240
1249
1235
1257
1229
1262
1251
1258
1224
1268
1252
1259
1239
1263
1224
1274
1268
1267
1194
1264
1235
1260
1238
1266
1234
1268
1186
1277
1217
1269
1244
1256
1231
1275
1236
1278
1296
1272
1293
1286
1241
1278
1280
1279
1253
1267
1257
1272
1235
1247
1243
1262
1211
1255
1239
1245
1203
1251
1242
1245
1211
1244
1209
1252
1222
1255
1236
1247
1220
1283
1255
1270
1241
1273
1252
1286
1275
1297
1335
1292
1279
1301
1285
1306
1296
1306
1223
1303
1302
1299
1308
1286
1318
1270
1326
1282
1201
1308
1361
1255
1265
1251
1280
1239
1251
1248
1260
1256
1212
1277
1238
1300
1230
1324
1225
1353
1146
1391
1191
1377
1259
1378
1310
1374
1371
1362
1339
1332
1439
1301
1410
1278
1391
1255
1336
1224
1415
1205
1304
1183
1327
1146
1294
1131
1288
1085
1248
1087
1203
1046
1179
1046
1095
1056
1008
1052
957
1080
879
1109
859
1138
879
1122
893
1164
944
1191
887
1216
951
1238
984
1266
1094
1310
1003
1369
1078
1408
1202
1427
1304
1427
1400
1412
1442
1380
1593
1331
1623
1320
1613
1283
1603
1257
1651
1252
1607
1258
1522
1271
1483
1276
1446
1286
1328
1298
1308
1305
1253
1308
1185
1326
1136
1339
1134
1364
1017
1396
993
1430
1009
1435
1000
1439
983
1454
940
1423
948
1413
993
1387
1062
1360
1213
1349
1175
1342
1324
1312
1396
1290
1446
1267
1547
1232
1560
1197
1591
1178
1592
1157
1598
1138
1575
1121
1453
1125
1427
1127
1386
1115
1334
1143
1315
1158
1308
1181
1340
1172
1305
1174
1300
1143
1192
1205
1173
1183
1227
1178
1215
1181
1235
1173
1271
1177
1294
1188
1265
1197
1246
1204
1234
1207
1145
1230
1091
1245
1119
1263
1103
1294
1110
1325
1111
1341
1095
1366
1054
1382
978
1390
955
1396
888
1379
901
1388
1009
1372
1041
1387
1108
1342
1134
1328
1178
1307
1253
1300
1288
1272
1306
1262
1234
1299
1397
1247
1349
1238
1378
1233
1399
1223
1447
1208
1413
1204
1442
1197
1432
1186
1437
1200
1366
1218
1396
1223
1252
1246
1194
1254
1140
1254
1053
1260
1024
1292
1032
1268
1078
1295
1104
1300
1154
1296
1287
1293
1264
1289
1287
1287
1287
1274
1235
1279
1296
1270
1299
1256
1286
1253
1305
1237
1264
1245
1376
1238
1304
1218
1296
1225
1255
1224
1209
1228
1161
1240
1153
1250
1116
1268
1095
1267
1108
1287
1087
1301
1023
1322
987
1331
1077
1336
1095
1344
1215
1352
1273
1362
1343
1364
1381
1364
1446
1358
1397
1357
1460
1332
1506
1311
1543
1299
1525
1277
1565
1259
1581
1242
1515
1255
1434
1206
1243
1246
1362
1208
1232
1207
1222
1191
1190
1190
1136
1212
1117
1187
1155
1183
1105
1187
935
1184
1034
1216
1120
1208
1165
1239
1215
1257
1248
1270
1262
1276
1227
1284
1197
1281
1151
1289
1175
1275
1102
1281
1150
1282
1115
1223
1124
1246
1090
1266
1104
1252
1061
1250
1080
1226
1081
1243
1089
1222
1083
1231
1212
1239
1198
1250
1245
1245
1220
1269
1240
1276
1231
1274
1271
1275
1244
1327
1340
1311
1397
1332
1427
1359
1426
1380
1387
1410
1395
1416
1345
1408
1337
1462
1324
1414
1247
1410
1341
1354
1390
1324
1373
1286
1369
1255
1398
1233
1353
1202
1326
1194
1339
1181
1339
1193
1354
1188
1321
1211
1273
1221
1295
1214
1234
1234
1210
1244
1209
1262
1164
1277
1165
1286
1195
1296
1125
1308
1136
1286
1089
1266
1093
1272
1053
1252
1094
1231
1146
1218
1168
1195
1229
1195
1251
1179
1210
1191
1249
1170
1219
1164
1234
1158
1207
1152
1229
1146
1269
1167
1267
1150
1270
1183
1263
1201
1173
1239
1164
1231
1159
1248
1190
1287
1181
1279
1179
1292
1195
1321
1158
1342
1082
1357
1097
1364
1122
1374
1062
1363
1099
1368
1170
1355
1218
1338
1255
1309
1314
1313
1312
1279
1312
1290
1316
1296
1273
1305
1329
1294
1356
1308
1397
1314
1357
1321
1302
1308
1253
1323
1141
1320
1144
1299
1118
1297
1067
1320
1231
1291
1117
1292
1258
1266
1247
1257
1281
1241
1298
1232
1292
1224
1294
1216
1328
1212
1430
1226
1409
1205
1437
1222
1442
1223
1413
1230
1360
1229
1331
1236
1249
1246
1265
1262
1227
1272
1232
1292
1294
1313
1290
1290
1281
1304
1214
1289
1167
1305
1197
1305
1213
1286
1234
1279
1183
1286
1224
1250
1269
1236
1268
1220
1246
1215
1221
1205
1242
1185
1222
1201
1237
1214
1259
1231
1305
1222
1163
1235
1184
1252
1145
1258
1084
1264
1087
1268
1047
1277
1117
1277
1111
1291
1127
1315
1005
1327
1118
1298
1138
1289
1159
1286
1124
1285
1245
1289
1296
1312
1364
1316
1385
1308
1388
1302
1447
1297
1431
1291
1364
1270
1345
1265
1372
1254
1387
1239
1305
1251
1280
1228
1183
1221
1145
1234
1232
1185
1126
1170
1072
1179
1088
1173
1088
1187
1121
1189
1084
1205
1095
1231
1041
1233
1076
1259
1070
1279
1167
1228
1225
1305
1309
1317
1354
1333
1322
1342
1336
1344
1351
1353
1297
1348
1474
1353
1184
1361
1272
1357
1283
1352
1274
1326
1280
1310
1190
1271
1204
1252
1179
1219
1179
1205
1223
1165
1162
1213
1341
1191
1316
1196
1337
1210
1322
1228
1341
1220
1311
1267
1285
1287
1300
1310
1316
1344
1266
1367
1312
1358
1330
1339
1279
1333
1226
1345
1182
1297
1140
1273
1197
1257
1207
1244
1273
1228
1163
1234
1263
1209
1212
1207
1223
1197
1225
1198
1225
1197
1238
1206
1317
1220
1304
1228
1294
1213
1302
1228
1136
1244
1141
1248
1070
1252
1103
1249
1137
1257
1136
1248
1179
1263
1143
1252
1123
1270
1014
1281
1024
1273
1094
1269
1106
1253
1195
1256
1203
1260
1242
1261
1255
1279
1211
1276
1221
1282
1226
1278
1255
1296
1330
1313
1426
1307
1419
1321
1417
1346
1404
1347
1336
1357
1258
1351
1260
1340
1276
1321
1290
1308
1307
1310
1389
1285
1326
1277
1309
1252
1282
1239
1265
1220
1203
1216
1225
1214
1264
1212
1223
1239
1270
1233
1250
1250
1218
1265
1163
1260
1077
1252
1110
1259
1108
1266
1137
1306
1180
1277
1218
1281
1198
1272
1191
1265
1167
1243
1150
1242
1141
1254
1187
1248
1180
1258
1256
1262
1399
1232
1288
1255
1333
1263
1318
1251
1302
1248
1271
1231
1252
1232
1274
1227
1282
1225
1289
1222
1258
1234
1262
1222
1171
1213
1133
1168
1108
1227
1091
1246
1200
1261
1201
1282
1185
1285
1187
1306
1228
1271
1170
1280
1161
1291
1126
1282
1191
1281
1172
1278
1303
1278
1340
1296
1326
1302
1300
1295
1238
1292
1162
1307
1225
1283
1232
1286
1275
1296
1288
1291
1279
1295
1278
1319
1221
1290
1131
1279
1145
1273
1140
1271
1156
1267
1232
1289
1323
1309
1303
1279
1248
1303
1276
1293
1243
1281
1224
1264
1205
1291
1296
1263
1363
1211
1383
1258
1406
1270
1346
1272
1270
1271
1222
1269
1183
1265
1206
1242
1315
1248
1309
1269
1325
1276
1321
1284
1295
1281
1236
1277
1148
1255
1192
1259
1192
1256
1227
1260
1343
1260
1257
1236
1392
1274
1270
1267
1233
1262
1184
1248
1187
1223
1197
1241
1212
1248
1262
1253
1304
1267
1313
1277
1271
1264
1235
1250
1199
1245
1180
1222
1226
1251
1247
1249
1295
1254
1293
1260
1259
1258
1205
1260
1168
1253
1114
1247
1140
1239
1149
1238
1212
1254
1257
1256
1286
1266
1303
1276
1246
1259
1196
1268
1177
1257
1172
1257
1182
1258
1213
1256
1244
1261
1277
1272
1219
1281
1189
1308
1245
1261
1155
1286
1159
1278
1213
1272
1256
1271
1269
1273
1314
1276
1301
1262
1214
1250
1166
1236
1068
1254
1119
1208
1175
1223
1229
1231
1301
1242
1312
1266
1276
1277
1237
1288
1192
1291
1174
1260
1277
1276
1316
1294
1314
1303
1355
1298
1334
1325
1319
1320
1283
1320
1228
1309
1200
1306
1123
1296
1276
1288
1341
1287
1334
1284
1353
1278
1298
1270
1199
1246
1169
1236
1210
1229
1208
1225
1354
1224
1292
1228
1351
1267
1324
1275
1296
1278
1253
1271
1173
1251
1190
1228
1194
1264
1256
1266
1267
1264
1318
1267
1295
1262
1248
1250
1154
1240
1127
1235
1110
1223
1151
1225
1322
1207
1268
1258
1278
1257
1266
1275
1210
1273
1185
1260
1192
1268
1177
1292
1204
1280
1233
1264
1361
1260
1328
1272
1249
1281
1220
1268
1145
1277
1163
1251
1079
1256
1187
1248
1255
1255
1274
1272
1355
1277
1323
1281
1249
1287
1198
1284
1177
1277
1206
1272
1251
1278
1321
1299
1392
1313
1373
1329
1214
1342
1250
1317
1169
1309
1121
1290
1154
1267
1200
1266
1250
1254
1334
1260
1314
1263
1278
1284
1221
1273
1125
1278
1293
1261
1191
1237
1253
1241
1308
1249
1361
1189
1346
1268
1282
1259
1218
1244
1149
1234
1103
1215
1142
1204
1262
1218
1310
1244
1301
1279
1298
1286
1229
1290
1177
1277
1137
1269
1290
1239
1156
1294
1217
1251
1371
1249
1398
1257
1377
1266
1327
1272
1242
1256
1169
1270
1166
1261
1290
1207
1317
1261
1310
1285
1328
1305
1297
1303
1231
1289
1170
1262
1110
1244
1112
1224
1156
1218
1228
1230
1201
1246
1235
1253
1332
1246
1258
1259
1165
1253
1130
1230
1145
1242
1182
1243
1254
1252
1344
1272
1328
1281
1334
1304
1281
1290
1134
1268
1120
1279
1130
1277
1171
1269
1234
1290
1316
1306
1312
1309
1273
1305
1219
1314
1192
1285
1130
1262
1132
1251
1237
1215
1304
1246
1350
1251
1373
1278
1342
1288
1259
1293
1050
1284
1223
1254
1203
1262
1294
1259
1375
1235
1374
1288
1350
1312
1311
1296
1228
1307
1150
1270
1147
1250
1196
1255
1337
1254
1348
1259
1405
1258
1362
1308
1267
1321
1178
1328
1128
1301
1124
1284
1301
1270
1278
1289
1311
1290
1350
1278
1326
1309
1279
1294
1195
1275
1110
1246
1165
1234
1244
1223
1304
1218
1484
1210
1397
1221
1379
1271
1254
1249
1168
1257
1137
1240
1139
1219
1246
1216
1283
1226
1402
1266
1349
1286
1357
1292
1322
1291
1208
1259
1171
1272
1205
1233
1193
1269
1334
1254
1382
1260
1372
1269
1232
1277
1245
1267
1085
1255
1058
1223
1089
1211
1151
1250
1200
1238
1276
1254
1298
1270
1197
1288
1200
1255
1152
1260
1086
1241
1161
1254
1175
1247
1299
1249
1380
1265
1389
1272
1348
1291
1174
1304
1103
1286
1155
1265
1169
1257
1242
1267
1322
1281
1376
1293
1384
1319
1332
1286
1273
1308
1131
1268
1107
1292
1190
1257
1261
1263
1351
1267
1415
1290
1377
1319
1318
1322
1194
1325
1094
1337
1121
1292
1162
1266
1276
1255
1329
1269
1391
1301
1369
1298
1292
1288
1227
1273
1153
1254
1138
1203
1222
1229
1315
1260
1435
1243
1423
1276
1370
1313
1290
1310
1178
1303
1101
1279
1163
1271
1214
1250
1309
1240
1307
1296
1375
1298
1354
1301
1260
1288
1159
1282
1061
1255
1084
1242
1160
1229
1266
1237
1368
1247
1360
1291
1309
1281
1222
1264
1137
1246
1096
1228
1126
1202
1188
1205
1297
1203
1389
1249
1339
1256
1362
1291
1288
1291
1141
1282
1108
1264
1137
1279
1232
1281
1342
1287
1428
1289
1429
1304
1391
1320
1300
1314
1206
1292
1136
1248
1163
1227
1232
1242
1321
1258
1351
1277
1360
1300
1228
1318
1221
1307
1071
1300
1107
1294
1145
1259
1264
1260
1347
1273
1427
1277
1395
1291
1315
1298
1241
1278
1187
1263
1074
1251
1150
1211
1285
1233
1342
1241
1437
1272
1390
1296
1319
1301
1204
1299
1121
1291
1044
1268
1181
1250
1230
1227
1358
1267
1402
1254
1376
1303
1264
1302
1120
1303
1083
1284
1101
1252
1180
1262
1218
1227
1394
1292
1410
1293
1391
1281
1255
1310
1154
1284
1087
1260
1070
1249
1175
1193
1252
1226
1457
1200
1425
1278
1354
1292
1258
1266
1124
1277
1043
1249
1120
1248
1219
1193
1253
1237
1378
1262
1431
1293
1368
1301
1271
1308
1130
1276
1091
1279
1100
1234
1186
1253
1250
1261
1417
1314
1376
1297
1315
1306
1244
1303
1100
1274
1071
1240
1139
1219
1186
1219
1386
1238
1461
1254
1356
1284
1302
1296
1215
1304
1093
1253
1058
1250
1127
1251
1241
1258
1459
1258
1421
1288
1385
1317
1307
1338
1211
1327
1082
1304
1071
1288
1165
1255
1236
1234
1521
1270
1436
1298
1428
1324
1302
1323
1224
1308
1110
1277
1073
1267
1185
1211
1246
1212
1490
1241
1424
1254
1385
1284
1298
1288
1219
1317
1118
1275
1121
1251
1237
1212
1306
1212
1596
1259
1439
1286
1415
1302
1291
1313
1227
1291
1145
1295
1093
1242
1228
1246
1290
1236
1567
1262
1464
1278
1376
1307
1256
1329
1178
1294
1121
1232
1205
1269
1194
1244
1265
1186
1452
1276
1474
1275
1393
1293
1281
1306
1173
1282
1167
1267
1141
1249
1226
1206
1274
1195
1571
1278
1415
1301
1329
1314
1203
1323
1026
1290
1110
1262
1111
1227
1211
1177
1267
1164
1410
1236
1448
1279
1296
1262
1194
1299
1060
1284
1099
1265
1136
1254
1254
1224
1274
1214
1527
1285
1416
1296
1265
1318
1144
1285
1027
1305
1039
1236
1094
1267
1259
1240
1261
1198
1500
1279
1427
1302
1298
1312
1197
1323
1085
1294
1013
1229
1198
1259
1231
1216
1251
1218
1533
1302
1430
1311
1294
1316
1193
1308
1078
1308
1014
1287
1149
1269
1276
1255
1243
1213
1551
1305
1391
1323
1261
1341
1195
1309
1114
1313
1083
1229
1253
1225
1347
1230
1319
1191
1604
1282
1416
1291
1275
1305
1202
1280
1119
1287
1090
1262
1214
1249
1299
1208
1254
1260
1551
1280
1392
1303
1254
1313
1146
1288
1112
1287
1090
1267
1215
1240
1291
1251
1270
1277
1544
1286
1348
1306
1215
1324
1079
1298
1109
1267
1133
1207
1287
1195
1337
1206
1248
1259
1516
1286
1331
1302
1191
1313
991
1261
1112
1227
1087
1239
1267
1199
1314
1217
1179
1284
1476
1299
1306
1302
1181
1321
1022
1290
1139
1279
1116
1217
1299
1232
1292
1227
1226
1327
1493
1323
1297
1335
1187
1348
1029
1329
1151
1257
1128
1258
1241
1248
1282
1211
1238
1308
1458
1322
1278
1335
1180
1332
1040
1302
1168
1275
1152
1213
1274
1218
1305
1189
1428
1297
1441
1300
1281
1309
1190
1302
1063
1282
1175
1258
1242
1221
1359
1212
1305
1210
1537
1269
1445
1274
1274
1285
1185
1280
1072
1278
1191
1216
1218
1228
1349
1206
1357
1196
1514
1297
1440
1318
1263
1329
1182
1311
1082
1296
1062
1270
1206
1254
1322
1225
1250
1209
1543
1296
1382
1307
1213
1322
1148
1306
1080
1297
1077
1237
1258
1228
1344
1230
1268
1184
1510
1295
1331
1319
1166
1325
1083
1308
1046
1296
1058
1276
1253
1253
1301
1227
1237
1233
1526
1313
1354
1317
1198
1325
1110
1303
1099
1289
1156
1231
1268
1251
1320
1201
1214
1245
1496
1309
1300
1321
1135
1328
1005
1301
1083
1307
1079
1233
1260
1223
1321
1229
1205
1178
1453
1315
1279
1320
1154
1331
1060
1294
1147
1288
1174
1215
1327
1238
1349
1176
1268
1199
1527
1311
1317
1330
1193
1333
1074
1280
1204
1277
1181
1227
1382
1206
1379
1236
1232
1277
1462
1326
1276
1339
1160
1358
1039
1315
1184
1320
1228
1222
1362
1207
1359
1231
1217
1304
1404
1310
1276
1323
1177
1324
1073
1264
1241
1259
1289
1207
1438
1215
1339
1208
1219
1265
1422
1314
1246
1327
1151
1330
1054
1298
1228
1292
1209
1232
1380
1193
1336
1210
1153
1281
1406
1314
1221
1316
1148
1320
1063
1286
1252
1253
1260
1205
1357
1222
1273
1211
1142
1295
1366
1268
1189
1310
1112
1333
1047
1279
1241
1252
1238
1196
1358
1220
1246
1196
1163
1275
1337
1301
1154
1320
1101
1306
1053
1285
1247
1247
1248
1212
1342
1190
1275
1172
1390
1313
1311
1325
1160
1334
1141
1301
1073
1255
1269
1215
1331
1202
1300
1163
1278
1197
1447
1307
1328
1330
1169
1346
1143
1313
1131
1305
1190
1259
1317
1211
1349
1208
1246
1195
1449
1328
1277
1340
1142
1336
1117
1292
1117
1272
1142
1200
1345
1165
1334
1165
1242
1194
1461
1321
1268
1335
1151
1344
1104
1312
1174
1283
1233
1211
1348
1230
1390
1237
1213
1204
1449
1325
1263
1342
1154
1330
1092
1287
1197
1271
1234
1209
1361
1193
1343
1182
1191
1195
1415
1310
1207
1322
1066
1328
1025
1288
1173
1265
1186
1184
1361
1179
1338
1187
1171
1290
1409
1317
1213
1323
1129
1331
1009
1281
1235
1270
1227
1235
1389
1234
1324
1212
1217
1287
1404
1319
1206
1334
1116
1332
1047
1284
1215
1252
1239
1240
1363
1184
1329
1196
1110
1294
1355
1328
1165
1332
1109
1304
1054
1281
1258
1208
1259
1195
1402
1229
1301
1215
1128
1299
1357
1333
1183
1332
1109
1322
1071
1274
1291
1200
1336
1227
1404
1211
1315
1233
1296
1327
1324
1327
1147
1334
1142
1306
1008
1280
1212
1224
1316
1240
1383
1229
1252
1235
1429
1315
1281
1331
1133
1328
1102
1297
1085
1273
1150
1241
1315
1156
1363
1178
1267
1183
1438
1316
1266
1323
1114
1330
1095
1283
1101
1268
1140
1210
1343
1197
1395
1205
1284
1187
1470
1316
1250
1321
1131
1330
1086
1298
1148
1202
1190
1223
1438
1208
1431
1229
1285
1182
1470
1328
1265
1334
1143
1335
1071
1287
1143
1294
1212
1242
1348
1225
1378
1233
1209
1188
1439
1310
1214
1328
1075
1310
703
1319
1314
1234
1189
1256
1339
1206
1317
1213
1225
1299
1406
1328
1190
1317
1078
1310
722
1306
1326
1205
1194
1224
1369
1246
1332
1218
1301
1299
1410
1318
1206
1321
1099
1254
1116
1329
1362
1233
1279
1236
1402
1237
1336
1248
1256
1321
1420
1341
1198
1340
761
1220
1099
1298
1257
1221
1276
1197
1396
1200
1307
1197
1601
1307
1380
1322
1181
1326
821
1216
1063
1314
1059
1227
1268
1231
1337
1245
1288
1250
1554
1349
1326
1354
1140
1351
713
1232
1107
1317
1240
1225
1296
1231
1385
1201
1284
1306
1602
1332
1368
1338
1151
1310
691
1238
1258
1319
1140
1181
1330
1230
1390
1204
1346
1309
1568
1321
1333
1329
1146
1263
681
1234
1260
1297
1111
1202
1303
1220
1377
1183
1317
1304
1554
1325
1324
1314
1136
1224
688
1234
1282
1308
1175
1194
1330
1227
1369
1203
1659
1315
1533
1331
1292
1331
1129
1245
717
1271
1328
1273
1126
1226
1302
1183
1377
1194
1562
1309
1514
1315
1268
1324
766
1225
678
1287
1299
1302
1101
1187
1298
1178
1340
1222
1659
1320
1450
1330
1217
1330
760
1233
686
1225
1319
1242
1119
1208
1288
1199
1331
1253
1652
1285
1448
1301
1215
1338
664
1265
739
1310
1361
1258
1157
1220
1320
1234
1383
1315
1671
1329
1434
1367
1192
1336
674
1227
752
1309
1400
1199
1194
1185
1370
1210
1364
1275
1681
1336
1450
1339
1216
1306
646
1233
756
1312
1428
1252
1215
1205
1379
1204
1500
1314
1658
1327
1406
1333
1169
1267
626
1258
1048
1278
1220
1181
1247
1195
1343
1226
1318
1313
1637
1326
1389
1344
1163
1249
641
1247
1073
1309
1412
1216
1255
1226
1390
1187
1767
1314
1612
1347
1357
1340
1132
1242
699
1231
1208
1311
1091
1185
1296
1199
1375
1197
1647
1313
1612
1334
1352
1325
769
1254
648
1230
1222
1306
1107
1167
1306
1176
1420
1227
1770
1317
1576
1338
1301
1356
767
1224
669
1260
1252
1305
1119
1185
1328
1194
1432
1222
1780
1339
1581
1346
1313
1353
732
1254
718
1318
1284
1315
1141
1225
1336
1225
1399
1297
1776
1324
1539
1338
1262
1280
652
1230
667
1274
1311
1309
1135
1175
1337
1223
1554
1296
1766
1333
1543
1349
1292
1275
723
1221
752
1283
1371
1308
1179
1199
1386
1204
1485
1308
1773
1338
1522
1337
1225
1234
652
1216
691
1280
1367
1223
1148
1129
1300
1164
1698
1265
1673
1292
1423
1302
1147
1226
598
1197
681
1292
1332
1242
1109
1214
1333
1237
1740
1329
1668
1359
1408
1370
826
1259
689
1252
1076
1303
1421
1231
1224
1186
1429
1187
1810
1290
1713
1315
1454
1327
873
1217
680
1204
1086
1301
1316
1176
1238
1185
1389
1175
1711
1303
1597
1325
1362
1338
699
1226
665
1216
1079
1293
1366
1220
1208
1168
1357
1283
1612
1324
1581
1355
1340
1348
744
1251
699
1258
1225
1314
1099
1189
1297
1152
1407
1269
1775
1293
1590
1325
1322
1280
703
1278
636
1250
1229
1290
1145
1208
1286
1176
1390
1304
1742
1331
1576
1362
1326
1298
740
1297
722
1313
1297
1303
1079
1162
1293
1198
1453
1241
1710
1334
1511
1360
1202
1313
678
1303
735
1303
1337
1291
1177
1181
1319
1175
1781
1271
1750
1331
1528
1367
1257
1262
703
1263
739
1299
1337
1320
1125
1182
1316
1206
1729
1299
1688
1354
1472
1395
1210
1310
718
1272
826
1335
1453
1234
1216
1153
1440
1163
1825
1256
1748
1287
1527
1303
896
1268
729
1208
822
1260
1445
1151
1212
1108
1338
1098
1658
1255
1651
1311
1367
1324
870
1257
688
1267
1052
1324
1214
1187
1139
1158
1270
1182
1682
1302
1592
1352
1382
1365
759
1292
694
1265
1193
1308
1367
1173
1230
1134
1350
1241
1588
1290
1587
1324
1359
1355
764
1287
706
1274
1134
1294
1231
1169
1161
1163
1301
1244
1605
1293
1519
1333
1303
1248
674
1278
642
1275
1207
1300
993
1154
1130
1150
1516
1229
1647
1303
1531
1347
1360
1341
755
1271
783
1236
1327
1307
1142
1188
1321
1182
1729
1237
1754
1311
1617
1348
1362
1312
841
1293
820
1336
1361
1309
1139
1193
1256
1176
1710
1212
1703
1320
1534
1373
1314
1298
788
1284
790
1246
1331
1272
1061
1184
1218
1137
1657
1225
1639
1302
1454
1345
851
1298
710
1286
783
1336
1354
1320
1095
1232
1291
1205
1470
1285
1702
1344
1533
1377
950
1313
772
1273
850
1325
1385
1213
1095
1202
1226
1191
1404
1231
1603
1305
1439
1333
811
1279
756
1260
1088
1287
1429
1157
1164
1140
1279
1209
1516
1244
1662
1294
1488
1321
901
1273
791
1270
1251
1297
1274
1153
1122
1141
1215
1248
1490
1307
1550
1363
1395
1320
857
1310
829
1309
1268
1347
1250
1204
1134
1161
1367
1259
1630
1291
1613
1333
1448
1286
875
1237
870
1250
1309
1301
1237
1198
1192
1175
1616
1206
1592
1312
1559
1367
1368
1318
841
1321
832
1369
1326
1378
1025
1261
1095
1230
1496
1285
1581
1330
1516
1369
1379
1281
914
1291
871
1241
1418
1259
1123
1132
1270
1096
1721
1181
1732
1267
1635
1312
1100
1260
960
1271
1160
1323
1469
1278
1108
1168
1192
1161
1603
1227
1583
1311
1487
1356
1001
1252
848
1271
816
1315
1363
1236
1030
1126
1114
1094
1465
1233
1586
1297
1486
1306
1003
1276
950
1313
969
1303
1482
1184
1112
1145
1206
1219
1321
1223
1582
1311
1471
1359
934
1297
878
1280
1234
1361
1367
1232
1009
1218
1098
1271
1264
1316
1528
1315
1445
1318
917
1273
1043
1254
1263
1316
1368
1159
1006
1169
1080
1228
1288
1253
1453
1280
1380
1299
870
1268
894
1233
1400
1305
1173
1183
1145
1220
1189
1281
1546
1322
1622
1363
1474
1329
987
1318
1108
1319
1394
1362
1060
1202
1002
1176
1446
1265
1456
1328
1529
1356
1446
1268
998
1281
1101
1350
1476
1306
1165
1194
1220
1180
1433
1227
1659
1273
1644
1305
1548
1226
1030
1241
986
1228
1433
1299
1047
1176
983
1209
1428
1259
1439
1301
1402
1390
988
1341
894
1330
906
1368
1394
1364
1039
1242
1094
1292
1285
1276
1593
1338
1581
1352
1214
1253
1090
1260
1169
1301
1576
1178
1182
1136
1185
1133
1487
1224
1632
1291
1578
1329
1029
1249
1007
1278
989
1316
1464
1195
1031
1143
1035
1230
1233
1244
1457
1297
1396
1312
948
1236
937
1219
1346
1256
1343
1131
1015
1121
1069
1227
1214
1249
1521
1303
1500
1290
1009
1249
1357
1289
1366
1346
1389
1240
1044
1235
1017
1322
1258
1351
1459
1382
1399
1331
974
1335
1070
1268
1410
1328
1046
1195
1034
1181
1016
1256
1353
1235
1499
1308
1450
1242
984
1277
1050
1212
1421
1276
1040
1148
1018
1154
1316
1263
1425
1305
1511
1325
1475
1308
1014
1315
1089
1265
1459
1344
1102
1250
1021
1254
1463
1275
1453
1368
1515
1381
1123
1326
1030
1374
1049
1285
1446
1299
1040
1146
1033
1160
1414
1200
1495
1262
1535
1292
1139
1226
1086
1293
1159
1263
1584
1279
1143
1201
1154
1163
1372
1291
1552
1362
1526
1405
1032
1328
1421
1348
967
1357
1367
1242
906
1178
891
1202
1249
1250
1346
1334
1369
1319
948
1252
1135
1226
996
1270
1505
1157
1092
1124
1105
1254
1353
1270
1590
1331
1591
1266
1168
1271
1471
1271
1160
1301
1509
1233
1040
1179
1066
1271
1171
1281
1439
1334
1436
1301
973
1239
1238
1227
1334
1297
1344
1204
978
1153
1018
1281
1185
1302
1476
1314
1475
1282
1081
1248
1304
1193
1349
1278
1346
1140
992
1152
1368
1231
1257
1330
1498
1372
1499
1310
1081
1378
1091
1250
1470
1341
995
1232
942
1238
1155
1331
1277
1352
1401
1348
1422
1290
988
1225
1054
1223
1473
1249
1072
1181
1039
1118
1446
1191
1455
1278
1568
1317
1244
1269
1276
1330
1140
1315
1572
1296
1078
1210
949
1258
1377
1287
1399
1350
1483
1317
1127
1284
1032
1329
1032
1244
1466
1227
1013
1148
1004
1149
1358
1238
1444
1309
1481
1333
1133
1243
1475
1248
1112
1238
1523
1277
1025
1183
1023
1253
1063
1242
1431
1331
1449
1344
1022
1258
1454
1252
1044
1284
1434
1179
959
1175
886
1280
1060
1295
1350
1381
1367
1339
952
1318
1373
1265
991
1316
1424
1213
935
1190
1025
1281
1184
1277
1482
1341
1535
1289
1152
1280
1411
1243
1450
1292
1473
1169
1143
1216
1072
1291
1322
1323
1545
1357
1478
1267
1082
1335
1141
1256
1270
1263
1164
1150
892
1145
1140
1253
1054
1284
1372
1304
1403
1249
1052
1323
1115
1223
1491
1304
1075
1195
1027
1185
1215
1274
1343
1350
1544
1374
1157
1267
1483
1357
1111
1258
1511
1287
1104
1193
983
1207
1367
1278
1330
1328
1453
1356
1024
1270
1340
1331
1037
1252
1459
1289
1038
1166
990
1176
1268
1259
1389
1320
1473
1342
1179
1284
1276
1275
1089
1286
1541
1283
1053
1188
1049
1217
1436
1277
1450
1355
1505
1351
1090
1298
1501
1298
1086
1304
1512
1335
1004
1252
1014
1316
1105
1304
1483
1354
1502
1366
1093
1269
1483
1256
1129
1259
1525
1180
1064
1137
1043
1212
1085
1233
1488
1286
1508
1253
1083
1239
1427
1209
1042
1245
1485
1178
949
1169
940
1270
1186
1270
1380
1335
1396
1276
1015
1255
1131
1254
1306
1285
1194
1195
914
1209
876
1292
1144
1332
1391
1393
1398
1282
1040
1381
1134
1278
1371
1313
1200
1203
986
1174
1263
1280
1239
1312
1497
1328
1501
1235
1097
1330
1176
1238
1215
1251
1218
1186
1007
1227
1373
1295
1226
1358
1436
1396
1043
1299
1420
1377
1098
1259
1464
1314
1038
1230
991
1190
1353
1254
1356
1316
1486
1318
1175
1253
1478
1283
1132
1180
1525
1261
1082
1185
1008
1206
1301
1281
1397
1363
1492
1386
1055
1279
1500
1327
1064
1276
1505
1304
1027
1175
997
1214
1324
1249
1416
1304
1471
1308
1039
1209
1506
1185
1117
1135
1543
1163
1086
1101
1042
1203
1148
1202
1441
1286
1454
1234
1038
1316
1464
1280
1058
1309
1471
1226
1000
1225
959
1224
1091
1274
1377
1378
1404
1318
1000
1396
1258
1284
1019
1334
1497
1262
1062
1185
1048
1290
1196
1271
1450
1328
1441
1282
1063
1322
1220
1241
1125
1262
1525
1198
1079
1194
1380
1242
1325
1285
1474
1354
1486
1304
1236
1368
1166
1267
1328
1335
1279
1233
1074
1225
1255
1256
1197
1306
1417
1324
1418
1271
1076
1315
1036
1199
1202
1244
1177
1148
1020
1183
1384
1243
1231
1295
1478
1331
1095
1255
1491
1334
1106
1245
1564
1287
1154
1202
1050
1145
1345
1225
1305
1286
1394
1316
1035
1252
1348
1309
964
1233
1406
1293
980
1158
933
1203
1149
1239
1280
1306
1385
1313
974
1207
1445
1287
1069
1227
1529
1245
1093
1202
1000
1186
1353
1245
1388
1321
1432
1349
1026
1302
1437
1296
1072
1271
1508
1295
1050
1221
1025
1289
1173
1260
1415
1320
1424
1280
1006
1336
1466
1244
1091
1257
1538
1274
1098
1179
1221
1237
1266
1252
1487
1326
1493
1261
1080
1330
1363
1277
1127
1303
1485
1208
1075
1193
1015
1276
1198
1272
1429
1319
1377
1254
1152
1347
1212
1243
1089
1298
1505
1231
1066
1223
1371
1219
1194
1262
1417
1302
1409
1226
1249
1319
1088
1235
1344
1270
1175
1190
1051
1148
1092
1245
1166
1286
1414
1324
1420
1271
1110
1346
1067
1259
1263
1331
1218
1239
1058
1216
1432
1251
1154
1303
1435
1319
1068
1271
1443
1343
1083
1258
1498
1325
1122
1227
1048
1184
1370
1272
1302
1302
1409
1358
1077
1287
1413
1353
1054
1261
1492
1339
1137
1196
1119
1224
1381
1257
1402
1310
1474
1337
1054
1289
1482
1275
1090
1265
1535
1254
1122
1205
1040
1214
1377
1245
1408
1306
1432
1324
1012
1248
1412
1267
1062
1232
1502
1280
1042
1223
1067
1235
1207
1217
1441
1289
1446
1255
987
1297
1462
1197
1097
1194
1540
1179
1108
1168
1038
1231
1235
1212
1427
1264
1400
1236
964
1326
1228
1236
994
1298
1457
1211
1037
1214
1008
1259
1206
1250
1411
1304
1369
1232
1171
1332
1209
1220
1089
1283
1497
1205
1097
1173
1440
1244
1250
1280
1434
1330
1397
1261
1276
1368
1058
1272
1242
1333
1170
1229
1072
1226
1057
1290
1220
1299
1432
1331
1005
1266
1397
1375
1005
1267
1172
1346
1178
1264
1069
1250
1457
1278
1287
1320
1456
1340
1046
1248
1396
1347
1012
1263
1449
1312
1041
1209
1058
1185
1379
1235
1324
1293
1460
1313
1138
1268
1431
1288
1071
1216
1514
1316
1144
1232
1127
1216
1481
1230
1487
1289
1512
1299
1051
1195
1463
1246
1053
1177
1447
1286
1084
1190
1048
1260
1147
1241
1354
1303
1418
1329
993
1248
1412
1285
1015
1242
1525
1219
1106
1201
1127
1191
1279
1221
1511
1289
1497
1256
1005
1320
1433
1237
1069
1244
1481
1267
1052
1241
1032
1319
1187
1271
1396
1341
1384
1327
937
1362
1187
1241
1022
1311
1517
1227
1032
1202
1057
1232
1271
1235
1458
1271
1397
1224
1297
1328
1158
1266
998
1299
1458
1267
1159
1252
1452
1271
1293
1276
1494
1351
1465
1274
1335
1374
1032
1255
1230
1353
1153
1203
1107
1231
1232
1288
1283
1295
1497
1289
1056
1236
1418
1317
1046
1206
1074
1278
1163
1193
1083
1168
1478
1207
1253
1256
1474
1285
1027
1202
1374
1301
961
1197
1394
1323
1002
1199
1029
1221
1319
1275
1229
1291
1383
1302
1048
1243
1321
1262
947
1231
1390
1282
1043
1165
1064
1186
1427
1228
1372
1287
1430
1307
982
1270
1403
1297
978
1242
1434
1327
1111
1234
1154
1285
1237
1284
1518
1338
1498
1362
998
1271
1447
1292
1016
1289
1495
1279
1102
1228
1071
1234
1236
1273
1462
1325
1418
1252
959
1335
1347
1273
978
1254
1436
1239
1083
1217
1096
1288
1274
1257
1513
1319
1484
1307
991
1339
1248
1267
1026
1312
1498
1250
1135
1201
1154
1273
1366
1246
1514
1296
1419
1238
1271
1315
1142
1246
918
1259
1350
1205
1038
1197
1267
1239
1233
1262
1463
1307
1418
1212
1335
1328
1040
1268
1285
1305
1168
1199
1162
1235
1195
1285
1357
1299
1563
1320
1084
1260
1405
1350
976
1245
1102
1332
1058
1251
1079
1205
1475
1252
1260
1309
1444
1338
1017
1259
1339
1339
868
1231
982
1317
1116
1199
1110
1227
1452
1268
1388
1305
1493
1357
1009
1258
1390
1342
967
1229
1405
1321
1071
1209
1108
1238
1450
1275
1421
1311
1474
1287
970
1318
1389
1259
909
1182
1404
1286
1063
1205
1125
1256
1193
1254
1460
1285
1477
1293
1003
1289
1384
1225
1011
1116
1488
1195
1129
1182
1173
1254
1307
1222
1529
1296
1467
1269
942
1315
1358
1249
968
1263
1444
1266
1055
1206
1115
1284
1304
1254
1481
1308
1430
1299
908
1313
1221
1217
967
1297
1356
1203
1071
1230
1098
1301
1292
1298
1465
1357
1367
1224
1254
1383
1065
1264
948
1334
1301
1270
1055
1229
1250
1296
1282
1275
1507
1323
1451
1263
1358
1323
1022
1236
1180
1286
1127
1164
1137
1210
1116
1292
1336
1299
1530
1345
1011
1248
1365
1356
998
1273
1089
1318
1114
1219
1098
1203
1523
1230
1349
1297
1499
1312
1112
1251
1399
1317
1014
1214
1068
1301
1140
1214
1146
1211
1460
1250
1426
1312
1541
1343
1040
1320
1408
1321
983
1213
1407
1297
1104
1179
1158
1181
1525
1250
1450
1303
1466
1288
940
1319
1337
1299
880
1230
1372
1300
1024
1238
1113
1174
1419
1276
1410
1293
1437
1329
925
1315
1312
1259
906
1261
1418
1300
1020
1284
1099
1268
1324
1329
1505
1382
1474
1337
956
1372
1375
1298
976
1241
1479
1237
1146
1179
1158
1269
1342
1239
1519
1278
1465
1235
985
1276
1262
1208
989
1256
1428
1202
1098
1219
1171
1269
1274
1272
1578
1319
1503
1269
1385
1344
1122
1233
1034
1306
1388
1216
1129
1234
1356
1275
1271
1303
1490
1345
1399
1241
1286
1344
958
1237
1129
1312
1091
1204
1103
1215
1082
1280
1289
1285
1465
1317
1033
1241
1330
1309
925
1212
1054
1291
1109
1226
1089
1182
1497
1263
1304
1319
1477
1335
1016
1213
1347
1333
934
1210
946
1292
1078
1209
1092
1198
1495
1236
1434
1280
1493
1303
963
1257
1382
1309
917
1209
1414
1328
1080
1246
1127
1250
1520
1281
1481
1343
1460
1349
960
1352
1323
1314
907
1220
1357
1323
1081
1204
1081
1287
1270
1267
1456
1320
1458
1240
988
1309
1383
1249
941
1210
1469
1140
1123
1189
1136
1158
1365
1239
1563
1301
1504
1227
989
1341
1371
1267
960
1242
1462
1248
1112
1220
1155
1324
1327
1294
1506
1355
1435
1287
908
1341
1245
1246
964
1299
1402
1210
1129
1181
1144
1269
1305
1264
1504
1310
1409
1234
1290
1285
1169
1235
965
1275
1343
1224
1120
1192
1180
1286
1305
1291
1486
1324
1398
1232
1286
1337
965
1248
975
1311
1244
1215
1130
1236
1514
1238
1301
1307
1493
1348
1017
1234
1378
1331
1012
1258
1141
1305
1181
1190
1166
1189
1562
1254
1353
1294
1491
1324
1002
1213
1323
1346
915
1277
1002
1326
1081
1242
1114
1227
1461
1254
1364
1287
1485
1306
944
1281
1374
1294
938
1179
1396
1276
1088
1190
1180
1191
1553
1258
1469
1309
1492
1323
949
1321
1358
1284
964
1229
1400
1330
1082
1243
1155
1315
1254
1271
1463
1323
1424
1267
922
1318
1296
1254
882
1187
1403
1239
1045
1213
1067
1188
1252
1257
1470
1326
1418
1252
947
1332
1306
1253
943
1254
1451
1240
1048
1247
1116
1286
1339
1256
1501
1312
1438
1304
989
1326
1144
1208
972
1294
1359
1246
1059
1248
1105
1304
1299
1281
1468
1328
1370
1214
1269
1326
1124
1245
945
1294
1317
1177
1122
1186
1240
1276
1331
1281
1512
1327
1423
1238
1330
1338
958
1214
1014
1261
1340
1237
1180
1181
1561
1250
1373
1272
1492
1297
1035
1181
1371
1289
994
1201
1057
1269
1078
1152
1095
1200
1428
1259
1267
1304
1434
1335
944
1276
1272
1352
886
1283
1009
1342
1086
1229
1156
1239
1470
1293
1337
1312
1460
1343
954
1312
1326
1346
921
1244
1377
1309
1109
1218
1154
1192
1546
1256
1411
1307
1439
1315
885
1318
1320
1263
914
1253
1402
1293
1124
1204
1149
1234
1329
1265
1470
1320
1489
1280
1084
1316
1374
1261
1006
1218
1460
1259
1172
1204
1225
1260
1375
1280
1556
1341
1470
1278
966
1335
1345
1249
975
1205
1494
1231
1133
1233
1162
1275
1347
1241
1521
1293
1427
1234
892
1288
1310
1286
1356
1266
1205
1177
1068
1206
1144
1224
1106
1245
999
1336
1396
1349
1336
1346
1293
1293
1188
1284
1255
1269
1337
1269
1191
1231
1160
1198
1072
1246
957
1246
1297
1325
1338
1321
1378
1299
1441
1262
1346
1250
1359
1249
1314
1186
1058
1221
956
1236
891
1223
867
1283
1417
1294
1479
1277
1496
1267
1395
1240
1279
1250
1197
1262
947
1210
895
1228
914
1224
975
1235
1509
1322
1614
1326
1589
1313
1518
1256
1259
1283
1187
1288
1129
1243
957
1223
1050
1249
1161
1210
1195
1306
1654
1330
1556
1339
1437
1353
1222
1310
1137
1308
1163
1305
1082
1239
1136
1255
1188
1204
1144
1215
1507
1312
1422
1311
1307
1303
1245
1274
1092
1258
1192
1242
1240
1220
1159
1249
1152
1231
1073
1243
1002
1313
1372
1330
1339
1328
1380
1299
1301
1266
1389
1262
1431
1262
1208
1238
1149
1203
1043
1236
953
1256
1345
1322
1418
1332
1467
1310
1516
1286
1380
1265
1310
1268
1204
1228
1004
1240
911
1235
883
1216
925
1284
1518
1281
1573
1290
1569
1280
1375
1250
1241
1254
1146
1261
950
1230
919
1199
983
1240
1069
1220
1576
1311
1622
1309
1558
1304
1449
1294
1183
1269
1123
1284
1081
1258
1024
1250
1074
1235
1122
1231
1131
1303
1540
1311
1423
1318
1318
1323
1115
1296
1096
1298
1181
1275
1102
1207
1189
1194
1206
1229
1135
1246
1465
1306
1421
1321
1361
1327
1356
1301
1240
1271
1344
1269
1410
1205
1256
1247
1141
1251
995
1262
897
1317
1334
1334
1354
1324
1392
1306
1367
1255
1363
1255
1354
1231
1132
1238
1032
1222
959
1258
924
1239
1326
1318
1470
1310
1539
1304
1556
1270
1350
1258
1271
1253
1189
1230
936
1248
929
1218
964
1225
1048
1278
1586
1286
1604
1290
1536
1270
1306
1261
1166
1249
1097
1276
931
1253
977
1212
1065
1217
1163
1176
1532
1253
1588
1269
1487
1279
1364
1280
1137
1246
1116
1257
1181
1227
1049
1198
1126
1215
1122
1209
1068
1283
1415
1318
1292
1328
1170
1321
1082
1285
1063
1277
1164
1264
1089
1235
1133
1192
1071
1209
927
1209
1253
1273
1318
1266
1302
1213
1347
1200
1269
1170
1346
1159
1351
1127
1113
1141
938
1148
852
1160
753
1184
1226
1288
1270
1264
1357
1236
1409
1179
1272
1177
1207
1185
979
1191
849
1215
772
1239
808
1290
1102
1392
1529
1394
1637
1373
1733
1344
1532
1298
1465
1278
1358
1300
1080
1373
1031
1436
1052
1437
1232
1466
1799
1526
1885
1465
1869
1380
1761
1292
1469
1263
1328
1275
1047
1264
927
1358
861
1406
950
1444
1069
1524
1523
1490
1546
1365
1519
1257
1305
1156
1190
1138
1135
1178
902
1231
889
1316
883
1393
940
1382
1445
1411
1532
1294
1603
1155
1617
1033
1460
973
1427
1016
1346
1088
1075
1192
1092
1269
1081
1290
1134
1319
1667
1209
1730
1079
1727
971
1558
892
1396
935
1234
1039
902
1159
768
1296
744
1336
779
1297
1337
1325
1505
1213
1567
1138
1499
1045
1205
1038
1032
1107
879
1229
622
1357
612
1430
709
1480
829
1517
1440
1431
1524
1316
1484
1229
1274
1163
1060
1205
914
1299
654
1365
569
1499
707
1535
855
1521
1396
1535
1645
1422
1689
1297
1613
1190
1335
1135
1207
1163
1168
1259
939
1341
1018
1456
1077
1478
1220
1441
1766
1401
1820
1263
1762
1153
1624
1040
1352
1039
1255
1117
1102
1210
1012
1386
1037
1426
1168
1448
1278
1430
1830
1306
1812
1171
1686
1078
1387
1042
1188
1109
1043
1225
773
1312
876
1452
1003
1489
1173
1436
1773
1383
1899
1252
1827
1143
1633
1089
1236
1124
1029
1234
887
1358
692
1410
797
1466
1015
1412
1259
1399
1863
1291
1858
1169
1687
1105
1321
1082
1031
1158
853
1265
600
1373
719
1402
927
1441
1159
1411
1689
1430
1871
1304
1787
1220
1602
1169
1217
1160
1037
1219
956
1284
813
1399
1021
1428
1240
1441
1406
1384
1967
1324
1909
1199
1800
1107
1563
1042
1189
1045
1048
1178
873
1266
899
1356
966
1391
1141
1380
1234
1393
1704
1276
1610
1156
1449
1073
1134
1046
973
1122
899
1250
750
1375
789
1466
932
1457
1093
1377
1632
1384
1657
1251
1548
1149
1406
1087
1079
1111
950
1208
896
1287
783
1382
887
1409
1062
1420
1232
1386
1777
1286
1795
1180
1662
1114
1390
1087
1138
1168
1023
1300
878
1379
935
1452
1077
1455
1291
1452
1647
1415
1926
1300
1832
1207
1682
1157
1307
1132
1128
1207
1035
1312
911
1363
1061
1411
1277
1451
1406
1340
1925
1364
1838
1246
1684
1148
1399
1078
1024
1095
907
1174
880
1206
846
1306
1016
1355
1223
1338
1299
1343
1710
1247
1585
1128
1334
1051
973
1024
808
1090
789
1205
715
1267
861
1360
1091
1418
1210
1313
1629
1322
1643
1201
1447
1085
1234
1044
904
1053
831
1163
881
1223
836
1331
1033
1360
1225
1336
1253
1296
1745
1256
1639
1157
1437
1098
1204
1079
938
1155
915
1301
926
1355
979
1414
1103
1422
1291
1375
1399
1373
1829
1291
1684
1199
1458
1186
1086
1194
946
1289
920
1394
835
1453
1018
1526
1226
1472
1401
1400
1867
1421
1839
1317
1617
1247
1345
1214
978
1230
912
1267
1005
1379
1058
1394
1287
1453
1462
1383
1588
1368
1948
1295
1746
1192
1437
1126
1156
1105
899
1133
926
1248
1058
1309
1157
1373
1378
1372
1437
1298
1405
1277
1684
1165
1460
1080
1250
1049
969
1011
946
1150
1087
1258
1128
1292
1259
1371
1340
1311
1328
1246
1632
1235
1541
1134
1350
1080
1226
1006
1012
1131
1050
1244
1089
1346
1075
1348
1144
1402
1131
1353
1151
1266
1521
1228
1420
1165
1295
1122
1148
1130
937
1200
938
1306
939
1346
888
1381
1040
1354
1114
1269
1163
1238
1552
1155
1427
1101
1217
1094
929
1128
824
1231
867
1303
820
1390
1004
1397
1177
1345
1299
1289
1684
1267
1642
1188
1402
1142
1163
1165
868
1211
880
1330
1023
1400
1075
1432
1311
1389
1481
1331
1452
1217
1782
1223
1554
1155
1292
1136
1104
1166
910
1247
1020
1345
1265
1379
1336
1402
1431
1365
1409
1257
1281
1176
1548
1115
1299
1072
1065
1100
928
1160
930
1279
1098
1398
1156
1443
1273
1420
1329
1372
1282
1209
1360
1234
1434
1161
1309
1155
1196
1219
1040
1299
1121
1407
1256
1486
1209
1469
1355
1410
1400
1333
1352
1201
1651
1172
1482
1140
1315
1192
1181
1242
984
1326
1073
1407
1262
1431
1205
1343
1318
1287
1368
1176
1344
1107
1623
1087
1390
1085
1171
1155
979
1211
935
1307
1109
1380
1256
1406
1362
1342
1411
1273
1390
1179
1252
1178
1418
1143
1196
1185
1036
1204
875
1268
1004
1332
1242
1416
1276
1395
1398
1333
1369
1211
1210
1147
1365
1147
1223
1107
1104
1151
1080
1224
1016
1291
1195
1384
1358
1428
1283
1367
1266
1295
1187
1224
1003
1099
1284
1126
1182
1127
1131
1185
1137
1260
1089
1368
1221
1451
1324
1456
1227
1436
1241
1301
1199
1203
1103
1171
1482
1163
1410
1180
1321
1258
1192
1334
1186
1425
1291
1475
1283
1415
1336
1354
1325
1241
1303
1169
1226
1178
1489
1182
1327
1214
1214
1297
1052
1361
1130
1415
1285
1430
1242
1385
1366
1239
1340
1181
1205
1100
1412
1122
1256
1119
1135
1168
1074
1236
1045
1289
1212
1364
1371
1385
1265
1298
1273
1239
1125
1169
960
1086
1202
1127
1127
1118
1154
1205
1218
1239
1213
1331
1360
1394
1432
1380
1253
1300
1159
1236
1084
1120
972
1130
1341
1136
1327
1163
1361
1245
1334
1309
1344
1405
1390
1454
1301
1371
1194
1340
1196
1246
1117
1115
1173
1143
1435
1122
1374
1178
1279
1268
1104
1350
1107
1452
1169
1420
1081
1389
1102
1363
1166
1244
1117
1110
1402
1180
1355
1215
1236
1281
1164
1380
1035
1465
1143
1520
1290
1508
1255
1327
1355
1267
1350
1167
1208
1101
1490
1170
1355
1241
1266
1292
1261
1360
1221
1431
1356
1464
1507
1427
1430
1293
1386
1201
1244
1118
1119
1069
1391
1143
1292
1199
1277
1291
1300
1361
1273
1433
1395
1426
1469
1392
1305
1301
1225
1218
1124
1108
1017
1125
1426
1140
1383
1196
1368
1283
1282
1358
1291
1407
1341
1428
1275
1328
1192
1272
1195
1157
1102
1085
1276
1105
1382
1149
1302
1209
1260
1316
1110
1378
1169
1421
1277
1406
1212
1282
1186
1225
1191
1107
1065
1007
1349
1116
1239
1163
1166
1251
1163
1326
1045
1412
1188
1446
1323
1431
1232
1308
1243
1186
1147
1117
981
1045
1255
1105
1153
1157
1189
1240
1277
1323
1253
1394
1404
1422
1481
1346
1262
1289
1177
1141
1034
1079
826
1084
1197
1150
1191
1220
1246
1335
1340
1401
1313
1466
1405
1476
1421
1411
1209
1326
1099
1180
998
1110
888
1140
1312
1186
1319
1256
1359
1366
1353
1442
1320
1494
1361
1491
1372
1381
1159
1231
1088
1149
1071
1078
999
1154
1393
1183
1358
1278
1339
1391
1241
1445
1293
1476
1369
1451
1314
1344
1238
1195
1215
1112
1100
1032
1296
1146
1330
1195
1309
1294
1349
1417
1284
1452
1405
1476
1504
1400
1355
1318
1316
1149
1130
1086
1043
1042
1313
1117
1301
1206
1338
1316
1464
1411
1374
1457
1469
1448
1508
1399
1277
1256
1144
1112
1011
1038
896
997
1247
1096
1283
1187
1351
1262
1445
1407
1349
1424
1373
1463
1343
1396
1090
1250
992
1101
938
995
883
989
1331
1129
1359
1253
1396
1391
1438
1431
1304
1510
1320
1483
1284
1384
1069
1203
1065
1107
964
1029
907
1087
1360
1159
1292
1283
1332
1421
1379
1506
1318
1528
1363
1492
1397
1318
1198
1185
1104
1018
1006
962
893
1075
1262
1172
1259
1323
1328
1468
1398
1518
1410
1533
1492
1438
1420
1292
1238
1147
1091
1038
899
992
977
1103
1195
1227
1293
1390
1435
1523
1455
1549
1505
1537
1496
1434
1289
1252
1095
1080
990
1002
869
936
1101
1106
1274
1241
1389
1411
1494
1531
1432
1548
1423
1509
1402
1379
1140
1183
1001
1047
948
969
870
890
1257
1132
1332
1273
1402
1439
1455
1543
1351
1531
1365
1468
1345
1321
1142
1109
1094
977
991
894
914
973
1317
1160
1305
1351
1384
1501
1460
1589
1381
1556
1432
1449
1445
1285
1231
1099
1060
961
919
926
848
976
1232
1214
1260
1388
1348
1548
1468
1630
1398
1573
1417
1445
1357
1277
1089
1012
956
956
834
951
784
1011
1265
1222
1357
1419
1495
1587
1587
1613
1442
1520
1397
1384
1296
1212
1030
995
921
965
862
978
933
1177
1382
1330
1525
1513
1564
1641
1520
1656
1358
1559
1301
1361
1244
1168
973
1039
1000
943
1007
1003
979
1211
1425
1371
1505
1550
1542
1630
1513
1619
1346
1486
1351
1300
1342
1079
1122
924
1109
909
1018
989
985
1168
1320
1365
1406
1550
1460
1633
1502
1566
1394
1423
1402
1238
1380
1022
1108
948
992
818
922
979
871
1240
1231
1436
1380
1591
1513
1646
1577
1547
1436
1374
1383
1184
1285
984
962
914
863
931
796
1047
937
1291
1293
1465
1485
1615
1564
1638
1576
1510
1368
1322
1277
1154
1089
949
843
873
863
904
887
1022
1196
1267
1366
1491
1460
1604
1480
1608
1440
1476
1237
1284
1185
1103
1120
938
915
858
910
912
928
1088
990
1376
1358
1562
1458
1666
1457
1633
1442
1480
1269
1280
1241
1084
1097
933
975
879
893
960
851
1146
1228
1416
1287
1594
1396
1671
1439
1626
1440
1451
1269
1239
1215
1057
1039
881
925
920
883
1043
883
1211
1339
1469
1385
1664
1457
1704
1539
1612
1515
1423
1295
1197
1208
1029
1018
885
943
936
942
1069
971
1253
1461
1510
1450
1677
1564
1696
1529
1582
1465
1365
1250
1148
1195
997
1082
868
986
927
1081
1075
1121
1268
1523
1506
1482
1683
1525
1666
1497
1542
1425
1322
1238
1099
1234
941
1141
829
1082
925
1055
1086
1032
1326
1329
1534
1434
1654
1444
1636
1428
1480
1415
1259
1270
1040
1237
894
1105
852
997
895
1009
1096
992
1325
1238
1593
1332
1694
1431
1633
1449
1464
1444
1245
1267
1011
1236
889
1101
823
985
973
1024
1173
1019
1398
1345
1630
1371
1683
1449
1594
1444
1401
1420
1174
1211
958
1194
862
1116
849
1001
977
982
1224
1003
1443
1399
1649
1254
1713
1376
1585
1388
1386
1364
1158
1201
962
1219
882
1195
919
1077
1080
1092
1312
1068
1501
1338
1679
1285
1685
1355
1546
1374
1306
1374
1109
1235
959
1245
887
1195
887
1030
1055
999
1326
979
1530
1182
1673
1240
1639
1349
1505
1405
1277
1451
1072
1314
926
1297
878
1253
935
1015
1117
975
1350
964
1544
1067
1648
1209
1623
1358
1450
1448
1230
1493
1037
1320
875
1281
889
1226
992
997
1156
953
1397
961
1557
1084
1672
1296
1564
1334
1415
1444
1210
1438
1028
1342
908
1282
925
1254
1000
1025
1227
1030
1449
973
1590
1107
1633
1211
1538
1341
1364
1425
1165
1443
1005
1437
905
1361
942
1300
1069
1048
1283
987
1438
954
1565
1221
1606
1192
1512
1364
1341
1453
1155
1535
1005
1535
915
1374
988
1302
1110
1028
1308
983
1521
899
1605
1050
1624
1115
1512
1309
1317
1453
1145
1509
1006
1512
944
1311
1004
1233
1160
914
1323
939
1450
916
1578
977
1601
1211
1464
1359
1291
1513
1121
1559
1000
1564
954
1384
1021
1273
1197
1045
1351
980
1505
914
1549
1057
1545
1216
1410
1378
1237
1544
1098
1577
987
1592
961
1359
1034
1274
1191
1037
1329
945
1500
963
1544
1101
1530
1167
1388
1443
1201
1547
1089
1545
1001
1582
1002
1388
1071
1275
1230
1009
1365
942
1524
935
1558
970
1482
1217
1340
1333
1202
1567
1048
1619
991
1567
984
1333
1085
1167
1241
1027
1351
845
1474
860
1518
928
1405
1120
1317
1363
1160
1493
1061
1527
1038
1455
1029
1245
1107
1081
1264
1036
1388
903
1464
913
1509
965
1432
1189
1304
1352
1173
1493
1080
1530
1030
1415
1059
1319
1149
1082
1288
1035
1405
881
1480
924
1491
1041
1417
1165
1295
1320
1174
1500
1079
1535
1039
1459
1074
1315
1162
1114
1304
1059
1436
879
1486
901
1490
1013
1416
1203
1296
1396
1176
1532
1101
1492
1078
1483
1124
1371
1220
1057
1331
1010
1452
835
1497
952
1493
1007
1407
1318
1306
1368
1210
1559
1133
1544
1103
1469
1156
1329
1237
1144
1350
1036
1460
976
1453
1029
1465
1157
1366
1250
1252
1384
1147
1562
1082
1522
1081
1421
1127
1295
1209
1142
1302
1077
1387
1109
1410
1172
1419
1157
1311
1250
1212
1388
1160
1454
1088
1429
1095
1349
1133
1272
1226
1186
1312
1062
1389
1136
1438
1048
1421
1144
1358
1221
1258
1320
1173
1388
1115
1396
1089
1305
1145
1238
1233
1181
1308
1028
1385
1110
1434
1044
1399
1089
1355
1199
1258
1317
1173
1310
1098
1336
1106
1272
1136
1210
1207
1094
1292
1143
1351
1142
1409
1079
1393
1247
1304
1223
1240
1369
1169
1245
1122
1233
1117
1209
1162
1201
1234
1192
1321
1158
1386
1208
1442
1217
1409
1255
1352
1273
1257
1204
1171
1187
1116
1164
1102
1108
1131
1208
1224
1247
1301
1284
1371
1273
1407
1341
1398
1279
1337
1229
1255
1194
1175
1110
1113
1214
1110
1071
1171
1218
1240
1264
1317
1289
1373
1304
1417
1338
1430
1312
1354
1215
1280
1152
1195
1074
1151
1003
1135
1113
1170
1221
1224
1309
1279
1394
1355
1450
1409
1414
1403
1277
1341
1258
1249
1249
1157
981
1130
1012
1105
1065
1151
1163
1208
1268
1290
1431
1359
1503
1405
1408
1404
1326
1356
1190
1266
1062
1189
884
1143
946
1129
1031
1163
1142
1230
1351
1309
1489
1366
1540
1406
1500
1400
1393
1365
1234
1267
1035
1212
935
1151
944
1138
1016
1162
1230
1243
1330
1303
1494
1366
1511
1398
1518
1381
1402
1337
1288
1236
1064
1178
934
1131
924
1136
1012
1171
1167
1233
1330
1302
1482
1361
1552
1401
1528
1413
1480
1338
1219
1261
1083
1214
912
1164
832
1162
963
1195
1115
1242
1349
1313
1536
1349
1594
1401
1633
1373
1492
1318
1290
1259
1058
1198
905
1183
931
1175
959
1216
1152
1264
1409
1307
1592
1370
1611
1376
1603
1335
1483
1310
1265
1262
1085
1212
931
1174
852
1202
983
1230
1112
1261
1314
1287
1555
1339
1642
1327
1601
1301
1456
1272
1256
1244
1045
1206
912
1183
891
1193
871
1219
1123
1244
1329
1264
1506
1305
1561
1297
1541
1286
1423
1269
1246
1236
1028
1218
917
1187
872
1203
922
1251
1096
1251
1255
1273
1445
1276
1528
1269
1537
1242
1452
1205
1292
1216
1080
1223
944
1234
874
1254
936
1261
1100
1277
1227
1273
1415
1271
1458
1245
1518
1215
1388
1228
1236
1235
1086
1254
966
1296
943
1300
961
1333
1100
1313
1253
1302
1373
1280
1452
1251
1410
1231
1359
1237
1277
1244
1159
1269
1080
1321
1052
1333
1071
1347
1148
1322
1265
1290
1350
1239
1396
1198
1408
1190
1341
1209
1325
1231
1195
1266
1130
1327
1109
1358
1114
1376
1174
1310
1319
1303
1308
1236
1352
1196
1289
1202
1389
1200
1285
1227
1297
1271
1243
1336
1174
1354
1155
1380
1150
1360
1217
1301
1262
1214
1404
1160
1383
1143
1360
1145
1361
1197
1296
1273
1261
1336
1234
1395
1198
1433
1204
1363
1181
1275
1267
1188
1300
1138
1289
1089
1353
1113
1357
1184
1350
1287
1305
1370
1304
1425
1224
1438
1174
1381
1124
1312
1076
1208
1158
1132
1200
1089
1277
1106
1324
1183
1337
1273
1404
1368
1357
1439
1242
1423
1259
1379
1100
1272
1073
1200
1104
1086
1167
1061
1256
1076
1344
1124
1406
1261
1382
1348
1362
1441
1266
1457
1209
1420
1093
1321
1084
1185
1096
1116
1141
1060
1248
1054
1331
1121
1397
1227
1423
1349
1353
1467
1301
1502
1182
1464
1129
1336
1092
1231
1077
1149
1123
1061
1169
1053
1277
1112
1357
1224
1400
1362
1392
1481
1300
1510
1227
1473
1122
1381
1086
1222
1044
1109
1081
1031
1151
1035
1267
1098
1317
1227
1454
1348
1418
1464
1366
1482
1239
1493
1100
1405
1083
1283
1065
1159
1099
1069
1214
1003
1243
1109
1342
1186
1465
1309
1477
1409
1416
1483
1339
1483
1165
1410
1130
1297
1060
1176
1043
1049
1128
1027
1250
1042
1360
1134
1443
1229
1451
1404
1383
1491
1331
1500
1217
1433
1110
1341
1067
1176
1064
1094
1150
1028
1251
1046
1333
1138
1407
1254
1391
1396
1378
1481
1293
1503
1195
1447
1098
1339
1066
1216
1127
1108
1111
1034
1227
1059
1338
1137
1377
1242
1429
1371
1380
1459
1338
1510
1244
1474
1106
1388
1097
1261
1072
1157
1151
1092
1280
1082
1354
1123
1420
1214
1415
1315
1312
1426
1330
1499
1223
1468
1171
1408
1119
1295
1146
1174
1219
1107
1288
1077
1379
1090
1436
1171
1310
1289
1455
1380
1284
1448
1184
1466
1141
1410
1132
1315
1138
1203
1197
1121
1255
1077
1316
1105
1310
1149
1456
1238
1341
1340
1224
1433
1144
1433
1110
1406
1130
1318
1123
1239
1209
1151
1231
1141
1394
1114
1484
1148
1398
1217
1351
1293
1236
1356
1128
1395
1115
1399
1117
1348
1159
1264
1247
1198
1352
1142
1386
1123
1407
1135
1389
1179
1315
1250
1225
1324
1115
1386
1060
1393
1076
1405
999
1343
1211
1241
1313
1174
1395
1132
1430
1125
1367
1160
1322
1231
1229
1298
1107
1368
1075
1398
1099
1387
1145
1348
1228
1280
1311
1201
1394
1158
1365
1143
1351
1147
1341
1189
1243
1259
1046
1332
1203
1348
1104
1374
1096
1376
1173
1322
1262
1270
1378
1196
1396
1168
1421
1150
1373
1171
1276
1190
1172
1283
1075
1348
1034
1387
1065
1390
1112
1366
1230
1322
1311
1256
1407
1183
1419
1157
1396
1157
1364
1182
1191
1260
1125
1322
1075
1382
1077
1402
1143
1390
1176
1349
1339
1278
1398
1210
1358
1149
1433
1145
1385
1167
1286
1223
1202
1300
1135
1366
1083
1415
1141
1400
1203
1360
1247
1302
1351
1248
1397
1193
1461
1135
1419
1153
1366
1173
1286
1247
1172
1311
1142
1367
1113
1393
1092
1392
1165
1322
1218
1270
1370
1196
1414
1147
1477
1109
1440
1152
1341
1198
1276
1279
1183
1342
1054
1412
1067
1385
1103
1345
1160
1283
1219
1212
1376
1149
1450
1129
1465
1131
1438
1190
1332
1287
1195
1343
1019
1393
1019
1401
994
1398
1041
1296
1153
1234
1257
1167
1385
1131
1491
1121
1502
1154
1428
1238
1318
1268
1188
1345
1050
1377
947
1328
958
1304
1022
1256
1140
1208
1314
1172
1452
1165
1562
1189
1547
1228
1408
1306
1261
1350
1070
1405
886
1389
843
1371
874
1309
1037
1239
1265
1187
1481
1206
1618
1160
1596
1207
1574
1265
1377
1329
1149
1375
941
1396
838
1369
841
1304
994
1250
1232
1180
1510
1162
1609
1158
1735
1181
1675
1243
1545
1285
1326
1351
1047
1396
880
1361
787
1325
863
1273
1056
1220
1288
1179
1549
1167
1723
1186
1778
1223
1691
1276
1437
1322
1171
1359
908
1362
680
1334
852
1307
915
1248
1161
1216
1444
1182
1687
1189
1810
1205
1771
1241
1604
1286
1294
1317
913
1353
673
1343
672
1328
773
1287
987
1232
1312
1202
1598
1176
1799
1185
1810
1225
1692
1276
1464
1345
1072
1353
780
1370
652
1347
678
1313
894
1270
1155
1215
1459
1211
1729
1161
1861
1209
1781
1268
1695
1277
1289
1321
992
1333
742
1345
672
1347
766
1304
967
1266
1301
1223
1651
1198
1860
1196
1878
1223
1772
1259
1485
1295
1080
1319
818
1329
677
1340
671
1313
853
1279
1208
1224
1570
1190
1785
1180
1905
1241
1858
1229
1554
1277
1263
1310
943
1349
704
1352
657
1356
742
1328
1041
1271
1279
1213
1600
1153
1796
1166
1776
1178
1682
1230
1408
1279
1092
1326
835
1354
794
1343
722
1354
845
1296
1159
1256
1482
1195
1702
1156
1854
1156
1787
1153
1576
1231
1237
1298
999
1332
830
1357
710
1359
817
1331
1057
1262
1302
1213
1593
1153
1770
1123
1783
1147
1657
1193
1399
1255
1088
1348
864
1329
818
1388
821
1376
950
1327
1179
1249
1433
1186
1585
1151
1699
1132
1648
1173
1464
1258
1222
1321
1024
1371
876
1406
836
1404
923
1342
1086
1296
1288
1201
1459
1147
1577
1121
1661
1140
1526
1201
1354
1263
1185
1342
1002
1398
918
1394
916
1390
950
1332
1140
1253
1321
1181
1478
1129
1423
1168
1555
1175
1483
1246
1324
1334
1140
1392
1001
1436
969
1422
1014
1368
1111
1287
1232
1209
1374
1142
1533
1114
1562
1147
1505
1204
1407
1264
1253
1355
1135
1408
1142
1417
1082
1382
1061
1324
1160
1240
1304
1184
1370
1146
1448
1143
1501
1197
1471
1257
1397
1330
1262
1371
1171
1408
1065
1426
1047
1343
1121
1276
1170
1207
1244
1157
1382
1133
1493
1176
1493
1222
1461
1277
1367
1332
1222
1365
1114
1380
1075
1344
1066
1287
1092
1237
1182
1210
1321
1167
1409
1159
1469
1197
1472
1245
1390
1282
1290
1325
1170
1365
1117
1342
1053
1314
1069
1267
1128
1218
1222
1179
1318
1168
1413
1186
1452
1217
1503
1241
1415
1292
1203
1322
1117
1322
1052
1291
1019
1286
994
1253
1083
1227
1207
1207
1396
1243
1361
1229
1469
1256
1452
1265
1318
1267
1187
1288
1050
1300
974
1304
975
1302
1071
1281
1197
1302
1245
1217
1506
1226
1535
1227
1508
1224
1422
1214
1253
1271
1078
1297
1016
1304
990
1314
1078
1311
1153
1310
1337
1251
1417
1225
1472
1226
1476
1199
1456
1226
1347
1245
1218
1267
1135
1302
1043
1324
1010
1327
971
1342
1137
1299
1268
1271
1401
1242
1508
1224
1502
1212
1432
1176
1351
1232
1175
1263
1037
1296
899
1332
946
1308
1024
1320
1199
1287
1378
1253
1492
1244
1523
1200
1508
1189
1442
1231
1228
1249
1071
1277
980
1324
947
1350
1003
1343
1106
1317
1246
1273
1416
1224
1512
1189
1580
1212
1477
1193
1386
1215
1267
1276
1110
1299
1064
1344
983
1359
1036
1332
1163
1295
1188
1262
1382
1211
1512
1178
1585
1208
1506
1239
1397
1271
1239
1308
1079
1328
948
1341
935
1330
995
1303
1143
1276
1395
1224
1483
1199
1598
1188
1596
1202
1497
1232
1339
1280
1160
1307
1011
1320
923
1330
853
1332
1027
1261
1162
1233
1365
1193
1493
1188
1559
1232
1549
1234
1415
1286
1311
1316
1189
1340
991
1338
942
1317
983
1281
1052
1212
1178
1195
1346
1192
1508
1206
1585
1227
1593
1271
1458
1306
1355
1349
1170
1320
994
1325
930
1277
897
1231
1043
1200
1238
1200
1404
1201
1578
1233
1642
1266
1587
1329
1538
1320
1249
1319
1101
1315
956
1291
930
1267
1000
1237
1144
1221
1307
1216
1454
1228
1490
1240
1662
1272
1470
1301
1414
1317
1200
1314
1077
1314
967
1241
948
1242
954
1225
1119
1206
1218
1216
1417
1216
1512
1262
1551
1285
1479
1310
1317
1323
1202
1300
1022
1297
862
1244
992
1208
951
1217
1142
1211
1345
1221
1495
1236
1557
1261
1490
1280
1421
1290
1238
1294
1099
1286
1017
1275
922
1322
1017
1257
1119
1256
1286
1254
1399
1255
1443
1258
1481
1284
1401
1307
1323
1311
1126
1343
1062
1340
1072
1315
1055
1293
1135
1272
1212
1252
1287
1213
1397
1233
1418
1251
1436
1276
1445
1292
1339
1316
1221
1350
1172
1321
1171
1316
1171
1276
1207
1270
1276
1245
1360
1208
1425
1215
1530
1215
1416
1269
1306
1276
1202
1302
1129
1308
1078
1308
1134
1288
1205
1276
1297
1273
1373
1212
1395
1202
1377
1215
1306
1222
1239
1240
1111
1278
1071
1298
1096
1325
1173
1309
1232
1303
1299
1290
1406
1233
1319
1210
1324
1190
1284
1194
1223
1213
1178
1248
1144
1308
1134
1313
1163
1317
1211
1310
1175
1309
1284
1252
1354
1218
1358
1207
1341
1190
1278
1221
1178
1245
1125
1284
1057
1308
1089
1320
1161
1321
1286
1305
1350
1297
1452
1285
1458
1256
1446
1240
1353
1245
1222
1223
1114
1249
1031
1242
930
1325
1062
1312
1209
1317
1331
1308
1418
1288
1458
1249
1401
1232
1393
1223
1266
1202
1161
1213
1059
1244
1085
1272
1050
1290
1136
1303
1280
1306
1310
1286
1372
1271
1362
1238
1351
1239
1290
1246
1245
1252
1152
1276
1118
1262
1084
1287
1095
1292
1130
1292
1191
1286
1289
1277
1350
1269
1403
1256
1371
1251
1376
1248
1264
1245
1164
1252
1092
1266
1062
1266
1057
1285
1143
1290
1232
1300
1302
1288
1380
1285
1411
1287
1367
1255
1250
1251
1213
1245
1140
1253
1133
1281
1144
1285
1171
1304
1228
1312
1215
1322
1375
1286
1315
1269
1321
1252
1320
1242
1283
1248
1256
1262
1271
1256
1215
1279
1210
1263
1131
1300
1177
1285
1256
1282
1313
1247
1346
1268
1333
1254
1368
1256
1296
1251
1223
1251
1168
1248
1054
1261
1210
1263
1193
1270
1250
1228
1299
1285
1328
1279
1320
1272
1282
1251
1233
1230
1205
1227
1215
1227
1150
1251
1161
1249
1220
1267
1256
1319
1322
1306
1301
1294
1296
1266
1257
1253
1229
1247
1208
1248
1184
1261
1159
1275
1161
1284
1208
1294
1240
1295
1285
1292
1326
1263
1349
1300
1299
1271
1241
1269
1211
1266
1152
1276
1112
1266
1135
1257
1155
1261
1190
1292
1355
1251
1378
1293
1401
1279
1383
1278
1370
1264
1261
1250
1159
1256
1089
1234
1066
1236
1071
1252
1070
1286
1291
1268
1359
1270
1416
1289
1460
1267
1380
1257
1318
1244
1218
1230
1096
1227
1067
1236
1109
1253
1096
1260
1183
1281
1271
1283
1335
1284
1370
1271
1361
1267
1353
1266
1295
1251
1223
1266
1250
1233
1113
1280
1071
1277
1068
1281
1131
1279
1185
1266
1291
1258
1365
1261
1403
1248
1383
1253
1220
1282
1216
1268
1120
1269
1085
1274
1074
1282
1086
1276
1128
1293
1238
1300
1307
1277
1366
1259
1273
1271
1367
1242
1277
1222
1223
1259
1186
1285
1111
1305
1182
1318
1158
1318
1184
1312
1192
1290
1178
1267
1278
1231
1301
1215
1318
1229
1320
1254
1309
1282
1249
1310
1224
1325
1172
1328
1147
1279
1187
1279
1126
1262
1218
1245
1307
1239
1347
1228
1361
1247
1316
1260
1333
1286
1265
1298
1204
1311
1235
1302
1195
1302
1149
1282
1175
1255
1229
1236
1393
1212
1284
1203
1344
1218
1321
1203
1280
1291
1177
1321
1276
1326
1216
1344
1192
1297
1166
1301
1172
1255
1184
1225
1218
1204
1261
1191
1323
1219
1266
1249
1334
1293
1299
1315
1252
1298
1202
1325
1135
1300
1099
1265
1110
1239
1165
1222
1187
1198
1219
1231
1304
1237
1326
1315
1313
1269
1240
1312
1242
1308
1173
1310
1174
1287
1154
1281
1168
1275
1237
1235
1273
1223
1249
1220
1275
1205
1292
1235
1243
1274
1279
1300
1250
1283
1216
1309
1176
1297
1070
1284
1081
1251
1129
1219
1182
1209
1239
1219
1258
1233
1313
1227
1335
1288
1281
1306
1267
1310
1235
1296
1189
1271
1137
1265
1145
1222
1185
1249
1261
1244
1266
1257
1362
1275
1330
1261
1331
1291
1338
1297
1300
1286
1227
1297
1173
1271
1190
1291
1116
1285
1158
1263
1212
1262
1246
1246
1281
1256
1359
1267
1285
1278
1268
1291
1278
1279
1230
1287
1166
1277
1120
1265
1103
1251
1152
1235
1194
1231
1202
1239
1325
1257
1334
1271
1365
1292
1336
1286
1266
1281
1226
1277
1138
1262
1077
1254
1096
1240
1159
1240
1229
1252
1284
1233
1312
1275
1341
1304
1310
1296
1271
1303
1156
1325
1180
1293
1187
1279
1179
1271
1175
1259
1167
1258
1199
1251
1263
1255
1263
1267
1290
1275
1209
1316
1404
1316
1261
1295
1256
1289
1204
1280
1163
1265
1129
1237
1190
1241
1285
1239
1290
1249
1313
1281
1314
1299
1236
1314
1217
1304
1206
1283
1151
1257
1183
1239
1214
1217
1253
1212
1300
1227
1338
1241
1301
1259
1278
1292
1205
1284
1146
1286
1061
1293
1084
1254
1132
1253
1144
1295
1240
1259
1270
1260
1337
1255
1301
1258
1290
1257
1256
1264
1162
1278
1118
1265
1089
1274
1103
1266
1132
1268
1231
1238
1304
1263
1342
1243
1384
1248
1394
1242
1358
1247
1287
1268
1183
1273
1095
1287
1078
1299
1053
1296
1165
1277
1171
1278
1280
1277
1363
1270
1408
1259
1422
1257
1381
1261
1275
1263
1174
1260
1111
1282
1009
1316
1052
1286
1078
1282
1126
1267
1213
1259
1292
1227
1344
1171
1348
1218
1358
1213
1327
1228
1203
1238
1204
1247
1132
1283
1084
1286
1064
1290
1047
1270
1113
1238
1166
1215
1245
1213
1351
1221
1389
1250
1392
1272
1313
1306
1292
1308
1162
1312
1090
1296
1043
1280
1042
1260
1080
1257
1162
1257
1193
1214
1392
1258
1377
1291
1424
1293
1396
1293
1354
1260
1262
1283
1189
1270
1117
1271
1060
1286
1035
1322
1056
1293
1093
1288
1291
1274
1356
1262
1442
1224
1490
1255
1463
1262
1371
1266
1270
1275
1080
1304
1014
1279
1027
1273
1029
1268
1093
1250
1188
1240
1325
1243
1403
1247
1456
1244
1458
1246
1476
1276
1283
1252
1189
1269
1084
1264
978
1292
993
1286
1006
1279
1071
1269
1217
1244
1340
1234
1372
1247
1455
1227
1486
1237
1399
1263
1268
1290
1087
1319
1033
1306
971
1295
986
1264
1159
1232
1261
1266
1330
1228
1445
1236
1518
1253
1461
1278
1419
1282
1270
1299
1117
1321
1018
1282
1004
1249
928
1252
1053
1263
1164
1265
1292
1275
1342
1283
1452
1288
1445
1278
1343
1262
1250
1247
1117
1244
1138
1245
1040
1245
1013
1248
1100
1266
1177
1277
1291
1273
1339
1271
1397
1251
1423
1247
1478
1197
1240
1219
1174
1214
1106
1235
1045
1252
1033
1263
1121
1271
1189
1287
1245
1297
1324
1319
1346
1313
1314
1273
1297
1251
1233
1236
1164
1200
1115
1223
1087
1244
1148
1257
1188
1291
1200
1320
1330
1322
1244
1322
1285
1300
1282
1234
1263
1231
1249
1223
1202
1237
1176
1238
1165
1257
1190
1292
1288
1285
1294
1297
1282
1292
1313
1281
1310
1275
1267
1264
1253
1265
1178
1258
1118
1253
1120
1250
1049
1271
1217
1241
1282
1248
1317
1260
1351
1268
1268
1293
1277
1299
1238
1319
1140
1306
1093
1293
1001
1295
1081
1261
1153
1248
1247
1233
1340
1233
1413
1239
1455
1255
1408
1275
1339
1275
1267
1283
1217
1281
1125
1297
1018
1258
1047
1225
1132
1242
1183
1220
1319
1219
1410
1201
1471
1258
1458
1267
1463
1291
1351
1314
1140
1315
1009
1285
939
1291
860
1261
973
1227
1124
1208
1278
1194
1544
1214
1521
1245
1599
1276
1493
1302
1348
1300
1172
1320
987
1303
863
1280
862
1254
915
1239
1122
1218
1331
1224
1426
1273
1552
1250
1593
1252
1549
1264
1389
1282
1198
1271
1080
1285
910
1304
796
1306
839
1305
1045
1286
1192
1283
1388
1249
1553
1252
1615
1241
1623
1223
1492
1245
1300
1263
1101
1289
876
1322
842
1314
907
1317
1025
1288
1188
1270
1377
1228
1457
1239
1526
1226
1507
1215
1414
1223
1352
1235
1181
1271
1006
1290
961
1296
976
1317
1032
1301
1137
1274
1259
1231
1370
1195
1479
1194
1430
1165
1421
1187
1294
1231
1195
1254
1075
1312
975
1339
1003
1355
1057
1315
1147
1289
1182
1250
1363
1212
1383
1210
1381
1211
1334
1242
1262
1274
1132
1311
1096
1325
1072
1342
1094
1317
1169
1294
1147
1292
1342
1248
1326
1242
1315
1250
1335
1261
1282
1274
1171
1296
1170
1296
1109
1305
1130
1269
1129
1290
1266
1269
1284
1272
1332
1257
1340
1260
1315
1255
1290
1255
1266
1262
1182
1269
1157
1275
1074
1298
1174
1281
1187
1278
1236
1273
1328
1273
1373
1263
1354
1274
1401
1274
1287
1264
1212
1265
1154
1214
1051
1258
1059
1249
1133
1244
1241
1252
1310
1248
1350
1274
1405
1271
1385
1285
1314
1274
1154
1271
1172
1247
1042
1228
1043
1222
1077
1242
1134
1238
1213
1283
1292
1308
1333
1312
1349
1301
1345
1275
1282
1263
1213
1233
1155
1246
1119
1284
1078
1259
1081
1289
1154
1307
1152
1345
1371
1321
1305
1323
1341
1311
1315
1275
1288
1261
1228
1243
1197
1236
1091
1245
1130
1260
1159
1279
1204
1267
1330
1301
1315
1289
1344
1277
1302
1258
1271
1238
1233
1223
1167
1212
1135
1222
1137
1194
1209
1247
1175
1275
1316
1274
1319
1285
1327
1274
1290
1273
1187
1249
1177
1249
1153
1216
1117
1262
1145
1251
1156
1265
1233
1289
1265
1292
1287
1266
1327
1288
1283
1276
1282
1260
1207
1271
1119
1281
1131
1264
1080
1264
1104
1269
1128
1290
1199
1278
1258
1277
1351
1266
1377
1269
1384
1267
1389
1270
1335
1286
1173
1281
1142
1272
1071
1261
1075
1253
1131
1248
1192
1256
1293
1257
1373
1259
1443
1294
1401
1291
1373
1293
1277
1284
1221
1268
1150
1260
1130
1242
1105
1248
1106
1260
1279
1254
1262
1296
1308
1279
1396
1290
1424
1288
1412
1282
1318
1274
1278
1274
1132
1272
1074
1260
934
1278
948
1248
1037
1254
1195
1256
1266
1256
1357
1264
1433
1268
1441
1277
1325
1275
1257
1266
1092
1282
1133
1247
1048
1257
1068
1224
1143
1268
1199
1277
1322
1283
1396
1291
1421
1312
1341
1293
1278
1289
1230
1281
1155
1269
1121
1276
1124
1279
1162
1283
1213
1266
1372
1260
1308
1275
1397
1262
1393
1287
1343
1244
1274
1231
1206
1248
1116
1248
1083
1247
1076
1273
1223
1261
1259
1278
1239
1271
1339
1266
1384
1263
1243
1254
1292
1244
1204
1252
1129
1257
1086
1252
1165
1247
1122
1287
1208
1274
1296
1275
1387
1286
1456
1268
1406
1264
1326
1243
1242
1247
1151
1240
1106
1237
1158
1248
1125
1250
1199
1267
1251
1274
1313
1287
1318
1280
1372
1266
1344
1239
1261
1239
1184
1252
1232
1255
1121
1248
1093
1273
1115
1287
1136
1287
1197
1272
1281
1251
1351
1244
1374
1226
1442
1235
1323
1258
1240
1285
1150
1268
1107
1312
1062
1315
1105
1288
1178
1275
1229
1256
1330
1245
1272
1256
1344
1242
1330
1259
1271
1282
1224
1300
1166
1315
1106
1277
1098
1315
1095
1303
1133
1283
1159
1263
1264
1244
1299
1227
1372
1208
1402
1226
1324
1266
1288
1272
1234
1300
1150
1307
1099
1315
1139
1293
1148
1283
1166
1279
1273
1248
1378
1226
1430
1223
1435
1230
1408
1233
1309
1286
1217
1263
1109
1266
1094
1280
1044
1280
1080
1294
1153
1276
1247
1269
1361
1261
1392
1245
1390
1235
1347
1206
1259
1231
1221
1238
1136
1256
1099
1275
1084
1303
1083
1350
1135
1336
1227
1317
1238
1306
1345
1256
1370
1233
1398
1218
1338
1214
1277
1238
1209
1261
1145
1296
1096
1319
1089
1337
1101
1335
1235
1282
1312
1277
1369
1249
1397
1236
1345
1251
1307
1234
1222
1250
1161
1266
1067
1309
1200
1301
1170
1324
1213
1315
1273
1302
1317
1277
1278
1255
1312
1227
1259
1209
1232
1206
1116
1244
1208
1233
1161
1261
1179
1256
1183
1301
1172
1301
1198
1282
1287
1259
1295
1231
1290
1223
1232
1215
1337
1235
1214
1248
1179
1270
1152
1289
1118
1292
1151
1288
1199
1276
1258
1277
1321
1250
1344
1251
1369
1254
1277
1253
1238
1258
1219
1273
1142
1271
1116
1286
1140
1279
1163
1299
1180
1313
1260
1299
1332
1289
1338
1273
1350
1274
1343
1276
1308
1253
1269
1263
1243
1272
1197
1281
1121
1279
1150
1281
1165
1284
1193
1244
1230
1238
1309
1248
1351
1254
1341
1249
1347
1252
1246
1258
1233
1250
1178
1227
1128
1287
1113
1256
1118
1259
1210
1266
1261
1291
1314
1276
1353
1280
1350
1284
1317
1262
1283
1259
1251
1237
1211
1236
1174
1243
1193
1270
1196
1295
1211
1301
1258
1321
1274
1314
1287
1280
1296
1269
1317
1245
1328
1234
1290
1227
1269
1245
1215
1226
1193
1290
1175
1298
1202
1297
1222
1298
1252
1271
1292
1263
1282
1248
1275
1251
1263
1255
1232
1258
1206
1278
1191
1283
1214
1298
1219
1308
1247
1289
1264
1302
1268
1292
1241
1272
1210
1273
1202
1261
1184
1261
1221
1258
1234
1276
1242
1310
1273
1302
1267
1289
1260
1277
1246
1263
1231
1239
1207
1236
1198
1234
1209
1230
1226
1242
1224
1260
1234
1274
1239
1280
1249
1280
1259
1294
1275
1249
1307
1245
1261
1238
1259
1220
1223
1250
1207
1241
1196
1267
1210
1260
1213
1267
1228
1254
1276
1264
1320
1263
1333
1265
1334
1264
1313
1274
1259
1284
1227
1277
1206
1277
1173
1274
1195
1257
1223
1251
1226
1243
1253
1249
1314
1248
1272
1260
1271
1272
1253
1273
1248
1289
1206
1268
1238
1263
1233
1259
1215
1241
1200
1243
1199
1242
1213
1250
1200
1265
1243
1282
1266
1295
1273
1318
1270
1322
1261
1325
1232
1314
1207
1282
1165
1264
1205
1241
1193
1234
1242
1239
1246
1260
1313
1272
1322
1299
1303
1340
1292
1322
1221
1296
1190
1275
1198
1246
1204
1216
1215
1221
1246
1240
1251
1248
1253
1272
1263
1252
1255
1291
1212
1293
1217
1280
1243
1267
1211
1276
1205
1238
1216
1242
1254
1233
1212
1251
1254
1256
1307
1284
1290
1283
1311
1291
1297
1265
1266
1316
1210
1268
1198
1261
1206
1262
1180
1250
1217
1261
1247
1267
1291
1290
1309
1306
1345
1302
1317
1312
1258
1283
1221
1269
1179
1254
1157
1226
1173
1238
1208
1248
1244
1258
1272
1276
1322
1284
1335
1289
1318
1275
1306
1259
1281
1260
1238
1238
1210
1226
1237
1225
1218
1237
1231
1251
1250
1255
1250
1273
1256
1269
1269
1269
1278
1270
1273
1271
1264
1263
1268
1267
1241
1268
1217
1255
1209
1255
1185
1250
1197
1256
1175
1259
1205
1261
1201
1268
1197
1249
1262
1276
1241
1298
1237
1288
1243
1286
1247
1281
1237
1270
1234
1254
1225
1251
1190
1250
1180
1263
1189
1257
1194
1272
1210
1285
1251
1294
1276
1302
1290
1301
1298
1263
1285
1275
1225
1258
1167
1249
1151
1232
1167
1226
1221
1243
1251
1246
1299
1267
1309
1263
1320
1286
1301
1285
1265
1262
1191
1244
1215
1222
1192
1221
1210
1225
1244
1232
1262
1248
1270
1268
1290
1276
1273
1273
1245
1267
1216
1257
1227
1247
1215
1252
1205
1256
1228
1284
1205
1280
1244
1287
1232
1300
1259
1290
1258
1293
1246
1297
1246
1270
1222
1261
1210
1258
1202
1263
1230
1263
1190
1279
1233
1280
1255
1288
1279
1298
1298
1294
1318
1284
1291
1291
1246
1254
1230
1246
1217
1247
1199
1244
1201
1242
1241
1280
1240
1290
1294
1299
1326
1301
1330
1280
1308
1274
1284
1247
1261
1242
1231
1237
1232
1246
1242
1265
1193
1255
1263
1263
1259
1271
1252
1272
1249
1267
1255
1255
1259
1253
1246
1245
1250
1244
1271
1251
1220
1252
1210
1258
1190
1224
1177
1266
1161
1261
1216
1257
1255
1262
1264
1261
1288
1268
1291
1283
1258
1290
1226
1296
1214
1293
1191
1292
1143
1284
1204
1267
1227
1269
1254
1227
1253
1257
1286
1251
1281
1263
1236
1268
1222
1276
1195
1294
1200
1286
1221
1309
1221
1328
1232
1271
1240
1255
1279
1237
1281
1232
1292
1223
1304
1228
1309
1264
1272
1277
1254
1283
1243
1295
1215
1295
1206
1280
1235
1279
1252
1261
1305
1206
1333
1229
1333
1228
1313
1244
1266
1249
1233
1266
1214
1275
1175
1278
1200
1290
1205
1284
1252
1286
1280
1279
1335
1246
1323
1254
1296
1228
1254
1250
1203
1244
1158
1258
1166
1269
1162
1292
1182
1274
1209
1273
1248
1277
1253
1271
1268
1251
1272
1266
1240
1270
1234
1272
1201
1270
1197
1272
1178
1271
1205
1255
1217
1260
1206
1278
1237
1281
1255
1278
1270
1283
1271
1293
1286
1289
1263
1288
1241
1283
1218
1267
1204
1255
1196
1245
1213
1254
1227
1260
1246
1272
1256
1288
1277
1284
1278
1290
1246
1283
1247
1272
1229
1264
1228
1250
1220
1251
1258
1240
1256
1253
1240
1255
1247
1266
1273
1274
1249
1270
1292
1265
1299
1258
1294
1261
1293
1266
1300
1266
1267
1290
1227
1275
1227
1283
1205
1283
1209
1285
1286
1279
1302
1269
1318
1259
1324
1253
1310
1244
1260
1272
1234
1242
1219
1257
1182
1271
1186
1302
1217
1290
1271
1301
1290
1282
1331
1265
1337
1226
1305
1207
1258
1207
1227
1216
1191
1248
1155
1276
1150
1303
1173
1311
1178
1304
1226
1282
1249
1259
1303
1233
1309
1222
1303
1263
1283
1246
1226
1266
1185
1295
1167
1306
1153
1303
1170
1294
1201
1293
1246
1265
1288
1245
1347
1234
1332
1240
1293
1251
1289
1264
1248
1278
1190
1289
1173
1287
1169
1276
1196
1263
1209
1239
1264
1233
1310
1220
1296
1216
1278
1230
1268
1239
1236
1286
1197
1299
1215
1302
1238
1298
1226
1268
1243
1256
1238
1222
1221
1219
1211
1227
1225
1250
1211
1295
1213
1307
1237
1314
1272
1319
1259
1283
1275
1278
1264
1252
1234
1233
1207
1225
1211
1229
1218
1258
1210
1276
1237
1299
1237
1314
1253
1299
1256
1281
1292
1265
1296
1259
1292
1243
1285
1263
1261
1278
1232
1289
1217
1295
1200
1300
1201
1292
1227
1272
1274
1266
1288
1255
1333
1243
1353
1245
1322
1264
1284
1269
1230
1284
1221
1291
1176
1292
1200
1283
1248
1261
1264
1249
1285
1225
1314
1208
1322
1224
1298
1221
1271
1243
1231
1283
1205
1308
1200
1322
1218
1316
1228
1291
1264
1259
1266
1216
1262
1193
1257
1197
1257
1204
1251
1241
1221
1278
1192
1315
1206
1322
1212
1313
1237
1286
1224
1247
1232
1231
1209
1205
1223
1204
1233
1253
1236
1279
1223
1302
1246
1311
1216
1315
1206
1301
1210
1281
1224
1243
1224
1239
1243
1238
1254
1251
1252
1268
1226
1292
1266
1292
1248
1300
1239
1281
1249
1279
1224
1269
1250
1248
1252
1244
1258
1233
1268
1250
1209
1290
1247
1283
1217
1297
1226
1302
1244
1298
1274
1278
1267
1264
1287
1243
1298
1223
1259
1215
1206
1224
1234
1253
1208
1277
1216
1303
1241
1313
1270
1310
1284
1281
1288
1232
1294
1233
1245
1214
1239
1227
1263
1241
1219
1257
1237
1289
1244
1285
1247
1293
1238
1280
1260
1246
1284
1227
1207
1215
1278
1220
1290
1239
1276
1310
1258
1302
1242
1315
1243
1319
1171
1301
1169
1260
1213
1253
1202
1234
1240
1228
1266
1235
1307
1274
1263
1283
1266
1306
1234
1321
1188
1309
1173
1303
1144
1293
1166
1259
1192
1243
1248
1231
1270
1237
1273
1248
1308
1273
1283
1300
1232
1257
1230
1309
1211
1300
1195
1279
1177
1255
1207
1236
1186
1231
1243
1223
1281
1237
1277
1318
1288
1293
1276
1309
1296
1303
1274
1292
1255
1259
1251
1241
1211
1231
1230
1229
1245
1241
1275
1261
1289
1291
1276
1308
1305
1313
1282
1296
1259
1247
1246
1249
1209
1223
1202
1220
1208
1231
1240
1245
1300
1265
1300
1280
1318
1288
1267
1252
1231
1283
1203
1269
1206
1258
1189
1247
1208
1242
1235
1260
1254
1274
1277
1290
1287
1301
1264
1307
1244
1296
1202
1284
1193
1270
1185
1263
1193
1247
1210
1256
1208
1261
1225
1274
1232
1285
1242
1289
1232
1295
1249
1284
1266
1279
1222
1294
1224
1236
1214
1249
1217
1242
1226
1256
1271
1264
1271
1289
1261
1300
1289
1292
1276
1277
1251
1253
1238
1229
1220
1227
1219
1228
1250
1240
1277
1239
1306
1294
1307
1287
1319
1293
1280
1284
1233
1269
1197
1250
1169
1231
1155
1233
1170
1230
1223
1253
1259
1295
1308
1272
1338
1276
1337
1268
1253
1262
1206
1237
1159
1250
1123
1248
1129
1247
1184
1256
1209
1285
1277
1269
1370
1269
1357
1264
1321
1273
1277
1270
1235
1270
1145
1272
1142
1262
1168
1259
1168
1253
1207
1259
1255
1266
1301
1283
1310
1298
1330
1301
1311
1308
1264
1284
1223
1278
1195
1272
1167
1255
1168
1250
1199
1253
1238
1263
1266
1266
1320
1277
1300
1283
1322
1285
1292
1258
1256
1281
1211
1243
1163
1237
1199
1236
1230
1252
1265
1254
1307
1276
1328
1285
1308
1275
1279
1263
1253
1256
1207
1249
1149
1250
1199
1259
1228
1270
1247
1273
1279
1274
1292
1284
1274
1283
1229
1277
1218
1272
1224
1277
1195
1257
1227
1258
1233
1229
1261
1261
1245
1266
1296
1268
1289
1278
1250
1277
1234
1289
1200
1276
1199
1303
1212
1273
1268
1256
1263
1247
1294
1238
1314
1249
1308
1241
1295
1250
1276
1274
1218
1279
1180
1279
1145
1268
1154
1255
1175
1247
1197
1218
1294
1235
1306
1262
1337
1260
1320
1271
1290
1273
1215
1281
1163
1246
1127
1267
1105
1269
1130
1255
1213
1253
1283
1260
1351
1261
1379
1264
1388
1267
1307
1276
1227
1255
1157
1279
1092
1282
1090
1291
1123
1284
1207
1277
1279
1271
1372
1250
1402
1257
1362
1248
1324
1246
1236
1280
1179
1288
1144
1294
1151
1285
1169
1281
1226
1264
1295
1251
1364
1248
1363
1252
1363
1271
1333
1266
1254
1277
1195
1282
1163
1281
1134
1280
1132
1269
1185
1261
1218
1253
1266
1247
1338
1270
1333
1249
1322
1267
1266
1253
1209
1278
1140
1302
1129
1275
1156
1277
1168
1268
1224
1277
1280
1272
1320
1279
1304
1278
1282
1277
1245
1277
1190
1280
1164
1279
1181
1283
1213
1275
1251
1268
1299
1266
1341
1256
1295
1247
1304
1249
1252
1258
1231
1254
1208
1280
1204
1313
1226
1294
1253
1284
1303
1266
1335
1255
1329
1262
1309
1241
1283
1252
1231
1266
1172
1284
1189
1299
1182
1309
1179
1301
1214
1292
1269
1276
1284
1253
1311
1243
1306
1244
1284
1249
1224
1252
1214
1273
1202
1286
1177
1283
1179
1291
1197
1265
1232
1278
1276
1244
1327
1253
1346
1251
1261
1244
1300
1252
1256
1260
1209
1277
1171
1281
1190
1290
1204
1290
1236
1279
1288
1263
1337
1255
1329
1241
1329
1209
1290
1259
1240
1274
1178
1297
1205
1304
1196
1313
1221
1297
1261
1284
1276
1272
1278
1244
1272
1241
1271
1237
1239
1249
1201
1269
1220
1293
1215
1315
1219
1258
1231
1300
1242
1280
1250
1258
1239
1258
1236
1229
1197
1234
1220
1241
1238
1262
1204
1339
1216
1300
1214
1294
1241
1289
1244
1281
1268
1246
1282
1250
1264
1237
1266
1241
1254
1242
1240
1283
1226
1276
1204
1313
1265
1308
1271
1312
1284
1286
1308
1285
1290
1264
1281
1246
1253
1239
1230
1270
1242
1262
1220
1279
1242
1301
1236
1286
1275
1318
1256
1307
1293
1275
1301
1247
1280
1219
1244
1237
1228
1245
1226
1273
1232
1307
1222
1328
1249
1338
1244
1325
1248
1299
1243
1268
1250
1220
1231
1221
1213
1219
1222
1239
1198
1267
1214
1287
1210
1306
1239
1313
1232
1296
1234
1311
1220
1257
1200
1229
1212
1222
1222
1202
1238
1232
1239
1255
1257
1286
1266
1306
1264
1316
1259
1311
1272
1295
1238
1251
1242
1243
1243
1233
1253
1219
1242
1245
1207
1265
1273
1303
1248
1322
1283
1329
1327
1316
1316
1280
1291
1252
1259
1210
1242
1220
1202
1227
1213
1256
1226
1288
1238
1318
1273
1338
1298
1327
1308
1300
1301
1267
1287
1234
1264
1218
1214
1210
1163
1236
1202
1264
1196
1292
1213
1319
1242
1326
1262
1314
1245
1286
1274
1249
1276
1225
1257
1203
1247
1210
1227
1260
1204
1271
1211
1299
1222
1312
1231
1320
1238
1305
1257
1263
1272
1258
1261
1230
1254
1219
1241
1223
1218
1256
1187
1266
1213
1296
1191
1306
1216
1314
1247
1293
1263
1299
1264
1251
1252
1219
1265
1208
1246
1220
1220
1226
1232
1265
1219
1303
1223
1325
1246
1315
1280
1300
1285
1272
1263
1239
1281
1220
1267
1211
1240
1239
1235
1256
1217
1291
1204
1314
1212
1312
1246
1305
1306
1279
1275
1249
1304
1200
1277
1171
1266
1228
1219
1254
1219
1274
1205
1299
1186
1293
1199
1304
1200
1278
1227
1260
1256
1253
1276
1235
1290
1228
1259
1238
1280
1265
1249
1288
1220
1297
1211
1305
1178
1304
1192
1287
1205
1262
1248
1235
1255
1226
1341
1215
1340
1219
1299
1294
1281
1289
1225
1313
1198
1322
1171
1322
1192
1294
1207
1273
1237
1256
1286
1223
1319
1219
1323
1226
1285
1257
1290
1286
1247
1311
1219
1326
1192
1295
1187
1292
1186
1260
1225
1227
1241
1234
1271
1215
1297
1240
1320
1262
1305
1288
1267
1288
1254
1305
1229
1296
1196
1268
1207
1244
1217
1222
1231
1223
1260
1230
1304
1258
1306
1259
1307
1298
1304
1313
1279
1306
1234
1298
1195
1267
1216
1245
1216
1246
1233
1229
1260
1243
1249
1284
1269
1272
1281
1292
1266
1298
1245
1306
1239
1290
1237
1286
1213
1266
1224
1237
1245
1226
1241
1247
1236
1238
1236
1282
1232
1290
1214
1303
1221
1311
1231
1298
1217
1272
1235
1244
1246
1228
1246
1213
1239
1219
1230
1237
1226
1269
1190
1278
1214
1293
1215
1300
1231
1271
1255
1252
1254
1250
1261
1232
1244
1231
1256
1245
1245
1265
1228
1279
1230
1294
1240
1294
1242
1283
1251
1265
1289
1246
1285
1238
1273
1235
1277
1245
1302
1260
1249
1269
1229
1278
1219
1289
1212
1286
1200
1279
1244
1268
1279
1261
1274
1245
1299
1246
1262
1235
1258
1261
1237
1270
1232
1278
1199
1290
1179
1294
1210
1288
1237
1279
1250
1268
1285
1264
1292
1244
1285
1243
1233
1250
1231
1270
1189
1293
1185
1294
1194
1295
1196
1307
1227
1267
1243
1228
1322
1229
1299
1221
1304
1231
1292
1268
1238
1306
1215
1304
1182
1307
1200
1295
1210
1283
1217
1231
1289
1240
1305
1237
1310
1203
1330
1248
1260
1268
1245
1285
1202
1291
1209
1292
1163
1284
1190
1267
1212
1256
1248
1248
1298
1241
1304
1240
1318
1243
1301
1248
1274
1246
1252
1272
1187
1270
1164
1282
1172
1274
1188
1280
1230
1269
1248
1253
1295
1248
1317
1240
1322
1239
1321
1271
1237
1299
1211
1312
1164
1307
1163
1298
1189
1285
1227
1261
1265
1260
1277
1224
1310
1242
1295
1252
1286
1260
1265
1276
1247
1275
1210
1277
1191
1278
1196
1263
1217
1251
1226
1243
1257
1245
1264
1247
1279
1236
1263
1264
1282
1248
1256
1267
1231
1265
1231
1265
1188
1258
1197
1257
1204
1257
1251
1251
1253
1278
1223
1292
1278
1269
1244
1275
1242
1276
1230
1278
1244
1281
1193
1281
1196
1276
1209
1264
1206
1252
1206
1249
1247
1245
1247
1245
1241
1243
1253
1270
1243
1266
1234
1276
1235
1269
1221
1261
1195
1247
1229
1242
1267
1250
1242
1253
1257
1272
1254
1261
1248
1292
1226
1289
1239
1252
1250
1267
1227
1250
1236
1248
1241
1250
1240
1259
1244
1282
1254
1282
1279
1280
1240
1277
1241
1246
1253
1270
1246
1240
1237
1250
1243
1253
1235
1259
1209
1268
1236
1267
1225
1272
1233
1261
1249
1250
1241
1282
1237
1265
1228
1262
1257
1262
1225
1262
1249
1254
1249
1263
1242
1269
1239
1275
1248
1256
1239
1287
1231
1288
1220
1273
1238
1267
1218
1262
1243
1249
1260
1251
1240
1258
1231
1279
1206
1268
1227
1291
1223
1294
1213
1267
1250
1261
1238
1233
1252
1233
1261
1231
1261
1241
1247
1253
1197
1245
1235
1285
1223
1279
1226
1279
1251
1260
1241
1250
1257
1250
1268
1243
1285
1249
1294
1261
1250
1258
1251
1272
1210
1230
1218
1276
1201
1274
1228
1277
1244
1262
1262
1251
1271
1264
1279
1266
1264
1249
1267
1267
1245
1268
1227
1265
1204
1268
1205
1278
1221
1272
1240
1225
1262
1261
1251
1262
1277
1249
1272
1259
1261
1256
1208
1260
1256
1262
1237
1270
1220
1309
1231
1268
1223
1264
1243
1256
1256
1250
1280
1244
1272
1275
1267
1276
1251
1263
1234
1294
1220
1267
1229
1266
1212
1260
1231
1260
1246
1271
1265
1229
1256
1267
1245
1274
1245
1279
1210
1278
1204
1273
1244
1268
1226
1257
1235
1262
1248
1233
1270
1272
1245
1277
1266
1279
1275
1280
1241
1272
1227
1269
1233
1257
1228
1262
1221
1292
1240
1285
1263
1288
1240
1285
1262
1292
1266
1286
1253
1260
1242
1263
1228
1255
1227
1256
1190
1259
1213
1267
1221
1277
1237
1279
1246
1264
1275
1291
1273
1289
1261
1271
1280
1256
1250
1251
1234
1242
1231
1246
1232
1265
1228
1270
1236
1276
1280
1278
1294
1282
1289
1270
1309
1264
1337
1261
1279
1240
1269
1251
1240
1240
1227
1248
1207
1264
1246
1274
1248
1286
1280
1286
1300
1289
1297
1287
1261
1263
1250
1242
1244
1240
1217
1234
1207
1240
1217
1258
1214
1273
1226
1285
1253
1288
1305
1288
1270
1274
1260
1264
1264
1245
1287
1241
1243
1236
1246
1255
1218
1294
1222
1308
1227
1301
1288
1292
1285
1291
1287
1278
1296
1269
1265
1247
1254
1258
1236
1265
1229
1269
1222
1278
1234
1276
1273
1286
1259
1290
1268
1275
1281
1284
1251
1282
1248
1255
1222
1263
1207
1285
1203
1260
1234
1255
1284
1263
1244
1302
1269
1271
1256
1274
1259
1268
1240
1265
1255
1262
1234
1263
1224
1278
1232
1264
1233
1268
1241
1270
1261
1263
1240
1273
1266
1273
1256
1272
1266
1263
1250
1264
1222
1266
1221
1271
1212
1277
1220
1274
1239
1248
1263
1263
1266
1261
1245
1255
1275
1253
1229
1252
1241
1262
1243
1264
1254
1264
1237
1275
1248
1273
1267
1274
1266
1264
1278
1259
1282
1255
1231
1265
1247
1256
1238
1284
1235
1268
1252
1276
1243
1288
1260
1281
1241
1276
1263
1250
1307
1262
1267
1261
1247
1264
1229
1252
1222
1271
1191
1278
1217
1279
1243
1271
1251
1264
1260
1265
1279
1269
1268
1260
1240
1263
1230
1266
1214
1268
1172
1270
1142
1287
1205
1273
1220
1243
1247
1263
1275
1262
1285
1259
1251
1255
1261
1253
1222
1265
1217
1255
1212
1269
1217
1307
1223
1276
1252
1274
1296
1264
1316
1254
1321
1244
1323
1194
1294
1244
1259
1254
1232
1260
1222
1270
1213
1283
1214
1277
1251
1273
1281
1252
1302
1247
1330
1247
1313
1251
1283
1258
1209
1272
1210
1279
1205
1289
1186
1284
1212
1287
1222
1252
1280
1263
1286
1271
1321
1250
1300
1251
1283
1251
1245
1271
1194
1289
1166
1290
1179
1287
1193
1284
1218
1281
1258
1247
1283
1265
1295
1280
1291
1253
1285
1252
1234
1258
1200
1265
1167
1259
1188
1268
1219
1275
1233
1265
1272
1273
1274
1280
1290
1259
1296
1256
1276
1254
1236
1248
1238
1248
1241
1257
1207
1261
1222
1249
1248
1265
1258
1268
1271
1264
1274
1261
1261
1260
1203
1240
1236
1241
1237
1242
1197
1243
1211
1252
1205
1259
1226
1266
1244
1275
1264
1267
1256
1286
1235
1291
1226
1276
1218
1265
1198
1256
1200
1253
1178
1252
1217
1258
1242
1266
1261
1286
1270
1290
1254
1296
1261
1296
1227
1289
1215
1269
1271
1249
1222
1244
1250
1249
1263
1213
1288
1268
1264
1286
1277
1294
1281
1298
1260
1286
1222
1283
1217
1268
1236
1255
1227
1243
1246
1239
1280
1247
1254
1257
1272
1272
1268
1280
1237
1265
1211
1277
1184
1270
1193
1258
1176
1248
1209
1239
1216
1245
1296
1240
1284
1255
1285
1302
1271
1278
1220
1278
1187
1271
1202
1272
1190
1253
1200
1252
1226
1264
1242
1247
1265
1256
1293
1248
1301
1272
1256
1281
1229
1285
1222
1281
1189
1269
1174
1267
1177
1258
1228
1261
1209
1264
1263
1244
1308
1279
1309
1281
1287
1285
1267
1259
1228
1283
1173
1267
1182
1252
1186
1251
1196
1241
1248
1229
1285
1252
1282
1271
1292
1278
1303
1278
1260
1275
1208
1262
1186
1258
1174
1253
1174
1239
1199
1236
1236
1276
1263
1276
1267
1270
1277
1269
1268
1291
1231
1259
1212
1256
1174
1261
1159
1256
1160
1274
1203
1259
1223
1284
1252
1270
1294
1276
1277
1280
1259
1274
1241
1271
1212
1247
1180
1260
1160
1256
1178
1260
1193
1267
1230
1262
1276
1276
1282
1282
1293
1261
1278
1273
1275
1268
1213
1263
1205
1249
1200
1258
1184
1279
1207
1277
1238
1284
1282
1298
1303
1283
1316
1267
1300
1263
1260
1248
1215
1247
1216
1240
1167
1246
1186
1260
1216
1273
1243
1282
1299
1290
1298
1258
1317
1271
1274
1253
1257
1243
1216
1237
1206
1240
1215
1253
1221
1262
1252
1294
1241
1281
1261
1308
1275
1296
1272
1277
1278
1235
1248
1238
1243
1252
1223
1237
1235
1250
1219
1256
1212
1283
1228
1299
1233
1300
1236
1292
1260
1280
1277
1249
1269
1258
1248
1234
1244
1225
1205
1244
1201
1259
1202
1275
1230
1298
1238
1312
1261
1320
1279
1289
1273
1258
1269
1241
1257
1228
1213
1239
1213
1243
1215
1270
1225
1273
1230
1313
1236
1321
1265
1316
1247
1298
1254
1270
1247
1242
1256
1222
1243
1220
1214
1248
1253
1264
1208
1288
1223
1306
1245
1316
1272
1284
1243
1286
1256
1281
1256
1249
1250
1233
1245
1231
1248
1238
1194
1277
1211
1278
1215
1295
1217
1302
1213
1306
1229
1291
1247
1281
1234
1252
1258
1231
1281
1226
1241
1222
1227
1235
1211
1236
1225
1283
1186
1301
1214
1262
1267
1293
1254
1256
1272
1250
1280
1244
1261
1231
1253
1235
1253
1245
1243
1264
1206
1271
1233
1254
1245
1289
1245
1249
1234
1264
1277
1250
1280
1251
1269
1246
1284
1251
1248
1270
1255
1271
1253
1274
1226
1318
1215
1302
1201
1284
1254
1271
1251
1294
1273
1261
1290
1270
1286
1274
1274
1276
1255
1282
1240
1280
1208
1273
1194
1267
1217
1267
1241
1261
1246
1226
1286
1253
1297
1261
1268
1271
1237
1266
1220
1274
1230
1276
1207
1265
1229
1262
1221
1236
1233
1258
1249
1256
1269
1257
1254
1259
1255
1270
1248
1273
1230
1273
1220
1284
1232
1276
1227
1278
1230
1256
1229
1249
1270
1246
1239
1254
1249
1264
1255
1279
1228
1264
1225
1293
1206
1295
1216
1282
1213
1272
1235
1246
1247
1247
1243
1263
1264
1245
1273
1267
1271
1277
1258
1284
1270
1286
1231
1291
1217
1285
1218
1251
1239
1263
1235
1256
1260
1249
1276
1246
1288
1253
1243
1263
1278
1263
1267
1269
1213
1275
1210
1280
1182
1277
1209
1269
1243
1264
1259
1245
1270
1252
1273
1250
1281
1258
1262
1265
1238
1275
1232
1282
1182
1286
1183
1284
1202
1271
1224
1269
1229
1245
1225
1246
1258
1254
1248
1261
1253
1268
1305
1271
1264
1276
1240
1277
1202
1225
1209
1268
1169
1267
1189
1258
1221
1261
1234
1254
1247
1270
1265
1272
1276
1276
1265
1278
1245
1274
1246
1274
1194
1274
1200
1275
1208
1263
1217
1227
1222
1262
1241
1265
1266
1267
1243
1267
1241
1264
1226
1269
1258
1268
1250
1267
1238
1330
1239
1267
1216
1260
1207
1249
1223
1259
1224
1254
1240
1254
1258
1280
1269
1272
1268
1274
1272
1258
1262
1270
1215
1257
1194
1260
1195
1246
1185
1254
1205
1262
1225
1269
1278
1275
1216
1273
1258
1271
1274
1268
1238
1255
1232
1247
1204
1225
1191
1267
1170
1264
1206
1266
1247
1270
1238
1266
1257
1275
1273
1263
1265
1276
1247
1272
1263
1272
1254
1275
1228
1268
1237
1268
1241
1267
1244
1254
1254
1276
1262
1276
1267
1279
1252
1264
1283
1274
1275
1271
1257
1260
1262
1259
1226
1269
1207
1260
1165
1266
1235
1264
1232
1269
1249
1278
1268
1268
1270
1274
1247
1255
1234
1230
1222
1255
1193
1258
1150
1258
1197
1263
1203
1270
1224
1260
1262
1262
1250
1258
1274
1261
1241
1232
1253
1263
1221
1277
1234
1278
1235
1286
1203
1294
1222
1277
1230
1278
1262
1267
1249
1263
1266
1258
1265
1269
1257
1275
1248
1283
1253
1282
1226
1284
1212
1276
1204
1267
1218
1259
1265
1254
1256
1270
1284
1260
1290
1266
1277
1272
1254
1280
1246
1288
1243
1272
1222
1272
1223
1279
1207
1256
1227
1260
1248
1263
1262
1249
1273
1250
1278
1232
1270
1258
1251
1272
1240
1284
1230
1286
1190
1280
1185
1273
1199
1259
1199
1239
1193
1234
1227
1228
1233
1247
1223
1296
1232
1278
1224
1288
1232
1287
1207
1275
1227
1257
1205
1253
1195
1258
1207
1242
1206
1245
1224
1258
1251
1251
1258
1288
1284
1294
1283
1303
1288
1287
1261
1277
1230
1262
1224
1258
1225
1251
1212
1253
1239
1245
1270
1259
1290
1279
1293
1287
1314
1295
1282
1292
1281
1284
1283
1272
1260
1254
1226
1244
1219
1243
1227
1246
1226
1262
1245
1273
1279
1291
1256
1303
1304
1302
1296
1285
1290
1260
1253
1252
1223
1234
1215
1230
1146
1235
1178
1254
1230
1276
1232
1289
1263
1297
1284
1282
1294
1285
1263
1267
1267
1231
1247
1234
1208
1229
1189
1236
1200
1257
1205
1277
1221
1285
1257
1291
1278
1293
1261
1283
1264
1269
1267
1266
1241
1232
1231
1244
1225
1248
1224
1252
1193
1267
1222
1272
1215
1285
1239
1281
1271
1295
1272
1313
1261
1282
1249
1267
1274
1259
1262
1259
1247
1258
1247
1269
1253
1282
1237
1291
1213
1294
1263
1297
1264
1293
1259
1277
1277
1281
1273
1266
1265
1251
1274
1239
1262
1277
1256
1284
1210
1287
1251
1285
1268
1281
1244
1263
1257
1256
1237
1223
1239
1251
1252
1278
1263
1266
1258
1271
1257
1270
1268
1250
1253
1260
1238
1255
1234
1245
1242
1247
1204
1248
1210
1240
1226
1266
1236
1275
1250
1269
1278
1270
1265
1298
1259
1261
1223
1255
1247
1247
1201
1248
1213
1232
1223
1252
1209
1283
1236
1270
1241
1259
1253
1291
1259
1280
1278
1274
1290
1272
1247
1270
1254
1266
1258
1263
1234
1260
1238
1270
1238
1272
1233
1280
1223
1283
1252
1279
1294
1281
1268
1273
1275
1282
1256
1263
1250
1262
1263
1271
1249
1265
1234
1309
1223
1295
1231
1288
1244
1280
1242
1278
1253
1259
1206
1268
1247
1269
1244
1272
1253
1289
1249
1283
1239
1277
1243
1272
1222
1259
1223
1250
1254
1252
1238
1244
1231
1253
1238
1224
1258
1272
1228
1305
1248
1274
1260
1266
1249
1244
1231
1247
1219
1262
1223
1243
1211
1250
1244
1260
1257
1267
1221
1305
1264
1283
1270
1293
1268
1242
1246
1275
1230
1265
1229
1252
1214
1247
1231
1243
1216
1252
1270
1268
1287
1271
1275
1324
1283
1300
1245
1297
1254
1285
1253
1283
1240
1261
1251
1252
1271
1252
1275
1251
1273
1262
1297
1270
1293
1293
1265
1303
1269
1307
1271
1298
1248
1253
1228
1270
1236
1254
1240
1249
1230
1250
1254
1273
1299
1275
1294
1282
1256
1291
1263
1255
1243
1291
1212
1265
1211
1263
1209
1250
1198
1242
1215
1215
1233
1250
1240
1260
1268
1269
1251
1267
1252
1268
1222
1261
1228
1257
1211
1263
1199
1247
1211
1227
1214
1259
1217
1259
1203
1284
1248
1264
1236
1263
1248
1254
1262
1260
1245
1287
1242
1269
1229
1262
1252
1269
1237
1272
1267
1276
1253
1285
1240
1322
1245
1289
1258
1282
1295
1274
1255
1265
1251
1241
1264
1258
1260
1267
1255
1265
1278
1286
1238
1289
1235
1294
1224
1285
1241
1274
1246
1258
1262
1231
1289
1259
1272
1235
1269
1251
1271
1265
1264
1283
1251
1287
1248
1282
1230
1274
1220
1254
1223
1250
1234
1238
1230
1238
1254
1246
1242
1258
1253
1273
1290
1284
1250
1279
1243
1288
1210
1270
1209
1262
1174
1255
1184
1250
1207
1247
1228
1243
1226
1262
1244
1266
1263
1258
1258
1283
1241
1284
1223
1271
1229
1266
1202
1285
1205
1254
1228
1247
1257
1245
1255
1253
1281
1279
1273
1260
1276
1289
1229
1296
1280
1282
1269
1276
1226
1297
1256
1254
1231
1248
1255
1241
1264
1256
1280
1265
1270
1287
1269
1308
1275
1301
1266
1297
1267
1272
1270
1251
1262
1234
1255
1232
1242
1241
1271
1252
1253
1267
1242
1277
1255
1289
1231
1290
1235
1285
1280
1258
1277
1250
1270
1227
1255
1206
1273
1254
1233
1251
1248
1243
1258
1267
1249
1277
1218
1287
1213
1273
1223
1292
1224
1283
1244
1275
1263
1257
1260
1253
1242
1245
1244
1246
1264
1241
1202
1274
1191
1291
1195
1299
1177
1292
1221
1272
1239
1257
1259
1242
1281
1236
1276
1255
1276
1247
1225
1263
1239
1269
1229
1280
1218
1277
1220
1279
1248
1284
1256
1260
1263
1252
1271
1251
1279
1254
1273
1258
1272
1228
1263
1275
1251
1280
1212
1273
1257
1267
1244
1264
1229
1264
1257
1258
1258
1265
1256
1258
1272
1243
1268
1263
1255
1268
1228
1265
1256
1265
1262
1274
1255
1252
1260
1277
1282
1258
1258
1265
1243
1268
1233
1269
1218
1271
1223
1251
1218
1272
1222
1305
1237
1266
1257
1271
1277
1265
1240
1265
1212
1261
1221
1247
1219
1272
1207
1274
1212
1286
1202
1275
1210
1286
1233
1279
1285
1266
1266
1260
1277
1247
1268
1253
1243
1262
1232
1271
1231
1277
1219
1309
1235
1280
1248
1269
1264
1259
1277
1259
1302
1254
1315
1260
1278
1264
1281
1275
1256
1278
1259
1300
1233
1274
1271
1261
1287
1261
1263
1274
1282
1258
1304
1263
1288
1263
1299
1265
1299
1266
1280
1291
1264
1277
1256
1268
1255
1257
1227
1253
1250
1251
1241
1247
1231
1255
1257
1261
1248
1264
1245
1299
1227
1278
1236
1282
1202
1274
1214
1257
1236
1237
1222
1243
1197
1251
1212
1236
1219
1261
1209
1287
1217
1283
1233
1293
1191
1292
1231
1287
1241
1281
1257
1271
1252
1255
1229
1250
1246
1258
1224
1274
1219
1258
1247
1286
1260
1289
1272
1294
1285
1300
1304
1277
1269
1265
1290
1249
1286
1244
1274
1238
1267
1247
1258
1267
1255
1271
1256
1276
1278
1279
1287
1286
1256
1273
1288
1264
1297
1264
1280
1192
1268
1243
1254
1241
1255
1265
1223
1258
1234
1264
1227
1276
1248
1272
1262
1275
1258
1297
1252
1272
1218
1265
1233
1260
1228
1259
1214
1249
1225
1254
1247
1266
1236
1278
1239
1284
1261
1289
1254
1269
1216
1283
1237
1280
1233
1277
1216
1249
1225
1274
1233
1269
1239
1268
1239
1264
1280
1264
1318
1278
1288
1268
1296
1274
1260
1253
1242
1287
1209
1283
1238
1274
1241
1269
1263
1251
1284
1255
1291
1253
1295
1259
1295
1267
1299
1274
1262
1278
1233
1278
1234
1283
1221
1280
1219
1248
1250
1256
1258
1246
1281
1243
1274
1245
1284
1251
1253
1256
1263
1265
1258
1276
1213
1310
1209
1280
1213
1274
1231
1264
1238
1259
1277
1225
1292
1253
1290
1281
1276
1270
1297
1282
1251
1296
1229
1306
1218
1302
1227
1284
1231
1280
1253
1239
1284
1250
1278
1244
1271
1257
1255
1263
1269
1277
1263
1277
1244
1295
1241
1309
1230
1283
1256
1257
1244
1273
1268
1254
1285
1251
1293
1237
1270
1252
1258
1260
1264
1279
1252
1290
1222
1293
1251
1285
1240
1265
1253
1252
1252
1243
1281
1225
1274
1228
1265
1261
1264
1262
1237
1272
1229
1280
1225
1286
1226
1281
1234
1251
1243
1282
1257
1255
1251
1249
1261
1243
1269
1249
1259
1258
1245
1269
1252
1265
1253
1287
1246
1280
1230
1273
1271
1264
1247
1254
1260
1248
1229
1250
1272
1251
1263
1259
1260
1266
1256
1285
1226
1288
1241
1293
1272
1285
1266
1269
1262
1269
1259
1284
1254
1266
1237
1267
1245
1296
1249
1283
1228
1276
1248
1278
1255
1273
1235
1277
1259
1264
1240
1249
1227
1265
1211
1273
1227
1274
1286
1278
1234
1273
1256
1268
1261
1216
1257
1266
1234
1265
1261
1259
1273
1266
1239
1263
1246
1263
1239
1278
1237
1281
1224
1279
1265
1263
1264
1255
1267
1244
1262
1253
1281
1259
1268
1257
1267
1256
1243
1281
1224
1289
1192
1287
1235
1278
1211
1275
1270
1261
1312
1246
1303
1292
1304
1249
1278
1258
1277
1268
1237
1286
1187
1290
1228
1295
1220
1303
1235
1279
1274
1279
1296
1257
1320
1250
1300
1221
1290
1254
1265
1274
1241
1269
1237
1291
1197
1297
1204
1294
1190
1284
1240
1271
1244
1259
1269
1241
1296
1251
1275
1233
1276
1274
1250
1286
1238
1315
1226
1295
1221
1284
1215
1281
1208
1261
1228
1271
1260
1257
1263
1259
1285
1264
1285
1271
1272
1301
1263
1284
1252
1269
1250
1270
1235
1264
1248
1258
1243
1252
1258
1244
1285
1257
1290
1255
1281
1271
1259
1278
1267
1264
1253
1279
1258
1265
1268
1265
1282
1244
1267
1242
1260
1250
1260
1253
1249
1267
1228
1277
1228
1295
1230
1291
1232
1291
1241
1289
1266
1264
1259
1257
1250
1243
1250
1246
1215
1253
1210
1271
1196
1283
1213
1286
1209
1296
1221
1308
1240
1282
1236
1265
1260
1246
1280
1237
1287
1236
1259
1242
1257
1233
1247
1276
1220
1289
1214
1299
1226
1296
1204
1279
1227
1267
1292
1254
1278
1242
1285
1249
1280
1219
1279
1274
1231
1283
1240
1279
1238
1306
1210
1280
1241
1274
1240
1250
1253
1259
1260
1259
1285
1248
1295
1251
1220
1251
1255
1266
1242
1275
1218
1299
1209
1279
1236
1275
1236
1246
1228
1251
1252
1276
1269
1254
1259
1247
1249
1253
1248
1289
1240
1281
1206
1290
1224
1284
1229
1287
1229
1269
1240
1266
1235
1278
1235
1263
1232
1267
1240
1270
1231
1278
1207
1280
1224
1289
1235
1291
1229
1264
1244
1270
1252
1264
1249
1257
1229
1259
1239
1243
1229
1278
1232
1266
1243
1272
1227
1280
1235
1273
1230
1263
1272
1257
1275
1256
1273
1240
1287
1251
1269
1246
1241
1258
1231
1257
1237
1262
1224
1264
1217
1271
1237
1268
1269
1260
1277
1245
1299
1261
1278
1257
1263
1253
1230
1255
1223
1251
1242
1267
1218
1265
1242
1272
1226
1262
1248
1280
1249
1276
1262
1266
1273
1259
1255
1230
1251
1258
1233
1259
1226
1271
1235
1276
1224
1285
1226
1289
1214
1287
1238
1292
1234
1290
1246
1272
1260
1272
1243
1268
1253
1269
1227
1267
1228
1262
1207
1280
1244
1255
1284
1283
1231
1315
1238
1300
1231
1291
1231
1276
1229
1262
1247
1251
1234
1238
1243
1244
1260
1252
1283
1265
1251
1273
1238
1282
1232
1284
1217
1285
1195
1274
1231
1250
1234
1245
1231
1235
1262
1236
1241
1231
1254
1243
1301
1254
1255
1252
1241
1270
1213
1256
1227
1271
1215
1270
1229
1261
1260
1263
1260
1254
1260
1258
1261
1254
1251
1269
1228
1269
1229
1278
1206
1285
1194
1282
1211
1283
1230
1277
1258
1273
1248
1268
1257
1263
1260
1266
1220
1270
1219
1266
1238
1277
1230
1274
1234
1283
1235
1295
1272
1277
1248
1275
1267
1286
1270
1266
1268
1259
1262
1269
1269
1275
1231
1276
1227
1267
1238
1270
1244
1273
1251
1261
1258
1261
1247
1264
1280
1254
1287
1252
1255
1260
1224
1285
1180
1257
1199
1253
1203
1258
1212
1247
1254
1253
1277
1252
1283
1260
1277
1264
1282
1264
1257
1278
1180
1258
1199
1279
1202
1256
1196
1254
1222
1254
1252
1260
1264
1261
1277
1268
1286
1268
1321
1270
1260
1267
1255
1268
1228
1225
1213
1269
1190
1267
1231
1266
1244
1266
1254
1257
1278
1269
1271
1278
1270
1284
1266
1279
1265
1279
1228
1278
1196
1267
1225
1266
1210
1264
1216
1245
1254
1262
1251
1272
1258
1278
1256
1281
1259
1278
1214
1280
1243
1277
1254
1268
1224
1306
1240
1263
1227
1265
1253
1268
1247
1275
1263
1272
1254
1282
1244
1286
1210
1267
1254
1262
1245
1252
1249
1250
1250
1248
1260
1261
1248
1266
1252
1234
1255
1271
1225
1273
1239
1272
1228
1267
1230
1259
1251
1260
1260
1248
1286
1254
1252
1229
1256
1266
1234
1270
1231
1271
1233
1277
1229
1278
1219
1286
1224
1266
1236
1272
1246
1271
1240
1258
1257
1259
1248
1262
1236
1274
1232
1276
1230
1265
1216
1280
1198
1262
1212
1275
1206
1273
1220
1266
1249
1271
1264
1261
1274
1270
1262
1288
1261
1283
1226
1286
1217
1282
1214
1277
1214
1269
1211
1263
1209
1271
1266
1265
1269
1258
1280
1262
1289
1266
1269
1263
1258
1269
1252
1274
1237
1288
1226
1273
1227
1266
1242
1269
1217
1264
1244
1258
1262
1264
1265
1257
1279
1265
1269
1275
1266
1270
1242
1272
1228
1262
1252
1266
1231
1258
1230
1256
1248
1250
1255
1258
1250
1253
1263
1232
1267
1268
1237
1245
1228
1265
1276
1270
1217
1273
1213
1261
1217
1260
1231
1263
1206
1262
1235
1263
1259
1270
1231
1269
1230
1275
1224
1265
1203
1293
1192
1279
1214
1275
1244
1279
1197
1268
1222
1267
1231
1268
1227
1268
1225
1264
1229
1266
1244
1294
1209
1266
1218
1280
1222
1289
1236
1277
1257
1272
1251
1306
1256
1262
1246
1260
1268
1253
1244
1265
1258
1257
1265
1270
1249
1290
1220
1276
1245
1276
1271
1270
1255
1259
1238
1249
1289
1257
1288
1254
1281
1242
1280
1256
1256
1263
1227
1267
1202
1262
1224
1266
1245
1268
1244
1265
1282
1264
1273
1257
1278
1264
1253
1262
1252
1258
1252
1262
1194
1235
1212
1262
1192
1261
1201
1275
1226
1274
1219
1279
1247
1277
1255
1293
1269
1266
1257
1263
1238
1249
1246
1266
1212
1295
1196
1271
1188
1272
1208
1275
1240
1275
1253
1265
1287
1275
1279
1272
1290
1277
1274
1281
1269
1289
1240
1274
1230
1257
1207
1264
1202
1271
1224
1272
1254
1269
1264
1271
1290
1273
1296
1271
1287
1273
1272
1271
1262
1240
1241
1261
1215
1258
1224
1256
1219
1261
1235
1262
1236
1269
1282
1265
1288
1261
1269
1291
1267
1253
1250
1269
1238
1264
1230
1260
1238
1256
1239
1266
1236
1262
1247
1264
1287
1263
1251
1271
1259
1273
1248
1273
1243
1272
1245
1271
1242
1263
1229
1264
1221
1259
1235
1266
1246
1265
1222
1270
1282
1264
1271
1272
1260
1273
1233
1261
1245
1273
1219
1291
1219
1261
1248
1273
1248
1247
1254
1267
1272
1272
1284
1277
1246
1273
1262
1279
1244
1266
1220
1259
1210
1256
1227
1257
1254
1252
1251
1258
1265
1261
1279
1276
1245
1278
1244
1276
1241
1273
1236
1280
1229
1259
1220
1278
1232
1261
1218
1263
1248
1247
1264
1273
1271
1275
1270
1280
1273
1284
1257
1287
1236
1266
1231
1257
1228
1257
1204
1244
1207
1248
1230
1250
1238
1257
1263
1269
1262
1274
1242
1295
1228
1280
1245
1274
1248
1265
1212
1243
1216
1263
1211
1239
1225
1260
1220
1270
1267
1287
1267
1304
1205
1293
1261
1292
1249
1277
1225
1278
1227
1255
1224
1251
1222
1255
1224
1257
1249
1259
1280
1290
1257
1281
1296
1284
1256
1271
1239
1278
1221
1274
1248
1242
1243
1250
1244
1241
1260
1256
1255
1268
1251
1278
1250
1285
1248
1287
1239
1283
1211
1274
1242
1268
1233
1264
1215
1203
1248
1254
1234
1262
1230
1261
1229
1272
1226
1279
1191
1287
1239
1278
1255
1274
1229
1315
1229
1260
1221
1247
1239
1241
1227
1249
1242
1238
1254
1267
1238
1274
1228
1279
1236
1275
1229
1274
1229
1270
1221
1253
1254
1249
1247
1248
1256
1224
1266
1259
1236
1241
1228
1274
1204
1278
1195
1279
1224
1277
1220
1267
1241
1273
1242
1231
1265
1263
1266
1273
1255
1275
1248
1276
1241
1273
1213
1277
1201
1269
1212
1270
1224
1270
1236
1264
1228
1273
1260
1265
1260
1269
1252
1271
1250
1259
1230
1264
1208
1259
1209
1277
1203
1256
1216
1253
1224
1258
1264
1257
1270
1269
1264
1297
1273
1278
1263
1284
1231
1268
1214
1245
1215
1259
1198
1258
1205
1266
1228
1260
1231
1268
1246
1272
1275
1279
1269
1278
1243
1289
1232
1272
1234
1262
1200
1260
1181
1257
1201
1258
1191
1271
1223
1262
1261
1271
1273
1268
1273
1276
1254
1272
1247
1276
1228
1269
1214
1243
1222
1244
1222
1249
1231
1246
1261
1249
1257
1267
1267
1275
1273
1289
1269
1287
1228
1274
1225
1266
1271
1253
1229
1237
1239
1243
1243
1244
1261
1258
1230
1271
1242
1270
1280
1286
1253
1279
1251
1302
1238
1271
1246
1260
1208
1258
1238
1247
1241
1254
1242
1251
1237
1268
1262
1274
1246
1281
1224
1284
1235
1283
1252
1275
1201
1266
1208
1249
1189
1259
1227
1260
1237
1241
1254
1295
1253
1299
1227
1277
1239
1278
1227
1274
1205
1270
1209
1259
1206
1279
1209
1261
1218
1261
1258
1249
1253
1282
1237
1265
1256
1270
1251
1274
1226
1273
1233
1252
1217
1266
1218
1260
1199
1263
1233
1257
1260
1257
1248
1255
1270
1263
1258
1243
1249
1271
1237
1289
1253
1275
1245
1267
1253
1258
1245
1252
1230
1247
1227
1265
1243
1261
1263
1263
1250
1267
1262
1269
1259
1266
1246
1262
1235
1235
1246
1257
1215
1252
1217
1258
1172
1257
1221
1256
1229
1263
1241
1255
1256
1263
1237
1279
1234
1270
1228
1268
1227
1254
1214
1268
1225
1257
1223
1264
1206
1277
1216
1273
1230
1276
1221
1275
1228
1278
1238
1273
1242
1269
1248
1269
1257
1279
1260
1268
1253
1266
1228
1268
1208
1269
1213
1273
1206
1258
1244
1255
1261
1260
1253
1274
1265
1242
1257
1258
1252
1253
1241
1258
1244
1251
1231
1265
1232
1264
1240
1268
1260
1265
1235
1269
1249
1274
1246
1268
1241
1270
1242
1288
1260
1264
1251
1256
1239
1263
1245
1272
1221
1274
1220
1272
1249
1276
1240
1266
1235
1270
1230
1248
1252
1269
1242
1271
1252
1265
1251
1270
1245
1268
1225
1270
1214
1248
1222
1270
1212
1261
1225
1264
1234
1268
1232
1267
1231
1264
1246
1266
1247
1261
1232
1260
1224
1268
1229
1258
1198
1259
1204
1254
1211
1263
1244
1257
1233
1264
1239
1278
1252
1276
1230
1275
1242
1271
1254
1266
1251
1258
1240
1262
1238
1263
1261
1266
1232
1268
1238
1242
1251
1280
1247
1278
1251
1273
1276
1274
1261
1263
1267
1258
1249
1254
1245
1261
1201
1252
1231
1251
1253
1266
1239
1278
1243
1266
1271
1256
1261
1277
1249
1273
1262
1265
1249
1265
1163
1252
1220
1252
1223
1254
1228
1268
1247
1284
1254
1277
1266
1281
1255
1283
1259
1281
1272
1281
1226
1248
