1079
1306
1496
1324
1497
1320
1474
1308
1216
1291
1254
1271
1248
1268
1253
1254
1250
1269
1223
1272
1292
1274
1268
1263
1313
1264
1254
1242
1308
1262
1233
1265
1253
1265
1256
1279
1268
1259
1268
1268
1253
1272
1254
1267
1311
1277
1269
1262
1258
1262
1231
1263
1250
1263
1258
1254
1269
1264
1275
1253
1268
1283
1274
1262
1205
1262
1251
1253
1247
1259
1265
1259
1261
1248
1240
1269
1270
1262
1230
1261
1246
1260
1242
1263
1304
1240
1256
1257
1216
1228
1257
1259
1233
1264
1241
1265
1254
1264
1185
1261
1244
1268
1168
1291
1247
1231
1235
1267
1283
1266
1252
1272
1231
1270
1238
1271
1255
1276
1245
1271
1267
1271
1257
1292
1317
1279
1250
1266
1306
1280
1287
1274
1286
1267
1270
1275
1279
1286
1275
1278
1271
1255
1276
1270
1332
1294
1244
1272
1217
1275
1285
1271
1252
1252
1264
1268
1276
1253
1265
1268
1238
1271
1256
1267
1210
1292
1240
1258
1305
1258
1299
1233
1239
1267
1224
1261
1254
1264
1224
1266
1223
1256
1265
1263
1237
1265
1166
1259
1242
1262
1300
1265
1247
1269
1229
1268
1259
1265
1261
1265
1235
1249
1254
1266
1225
1269
1244
1274
1174
1277
1223
1263
1215
1270
1232
1258
1236
1264
1242
1289
1212
1261
1227
1267
1237
1262
1220
1259
1164
1271
1222
1260
1237
1261
1234
1258
1239
1258
1234
1254
1272
1255
1235
1254
1224
1253
1235
1251
1296
1226
1209
1251
1227
1247
1247
1273
1219
1256
1230
1248
1257
1260
1242
1246
1237
1246
1235
1226
1151
1279
1277
1242
1235
1248
1251
1248
1236
1253
1223
1253
1256
1282
1237
1257
1225
1254
1221
1257
1289
1254
1256
1263
1211
1268
1236
1266
1233
1256
1217
1268
1246
1263
1212
1270
1178
1270
1190
1261
1101
1268
1157
1238
1187
1247
1199
1256
1178
1245
1178
1245
1158
1235
1185
1247
1184
1250
1183
1245
1126
1284
1250
1280
1202
1284
1235
1262
1256
1301
1246
1297
1231
1304
1303
1301
1267
1296
1264
1283
1327
1275
1257
1277
1261
1268
1321
1259
1303
1236
1233
1235
1207
1242
1224
1247
1208
1255
1182
1267
1139
1304
1224
1316
1201
1335
1214
1335
1234
1375
1263
1376
1261
1372
1321
1356
1359
1337
1378
1300
1439
1260
1312
1245
1352
1216
1316
1209
1305
1179
1292
1146
1242
1140
1262
1095
1240
1060
1335
1032
1213
1028
1050
1024
987
1049
904
1066
866
1101
824
1130
819
1146
853
1170
821
1181
904
1211
977
1229
920
1268
958
1317
974
1342
1067
1404
1158
1433
1221
1426
1387
1411
1455
1382
1546
1335
1609
1299
1628
1292
1554
1267
1536
1258
1544
1274
1498
1293
1477
1285
1407
1299
1346
1303
1261
1307
1181
1331
1108
1341
1112
1362
1090
1392
1056
1419
958
1445
938
1458
958
1461
931
1452
941
1426
928
1418
1063
1401
1057
1370
1136
1373
1225
1354
1270
1331
1427
1312
1462
1266
1505
1252
1558
1209
1628
1195
1609
1180
1589
1160
1574
1142
1469
1142
1412
1143
1372
1144
1325
1113
1303
1174
1287
1171
1256
1194
1296
1187
1254
1180
1221
1158
1224
1170
1206
1174
1189
1218
1180
1180
1159
1184
1175
1179
1253
1180
1256
1187
1188
1205
1164
1194
1135
1240
1102
1264
1084
1299
1090
1331
1048
1353
1059
1380
962
1423
1040
1406
934
1424
932
1421
955
1421
959
1408
1004
1390
1125
1371
1163
1380
1221
1333
1286
1274
1343
1321
1297
1287
1359
1252
1373
1256
1370
1236
1403
1239
1422
1203
1378
1213
1441
1205
1418
1198
1493
1206
1405
1202
1401
1184
1386
1230
1267
1239
1204
1257
1139
1266
1078
1287
1011
1272
1088
1284
1120
1306
1131
1299
1205
1318
1239
1336
1283
1287
1274
1296
1309
1293
1305
1300
1299
1278
1323
1276
1288
1270
1317
1269
1313
1241
1326
1260
1288
1266
1263
1244
1258
1239
1251
1258
1187
1238
1125
1263
1153
1273
1077
1292
1051
1301
1034
1315
1012
1336
1032
1333
1094
1345
1116
1368
1211
1353
1299
1372
1403
1377
1408
1385
1450
1374
1476
1369
1509
1359
1557
1338
1597
1318
1583
1319
1632
1273
1636
1258
1545
1249
1470
1240
1419
1208
1359
1221
1275
1211
1263
1209
1169
1206
1250
1225
1168
1194
1121
1182
1120
1188
1121
1192
1136
1210
1152
1235
1197
1248
1247
1279
1331
1274
1300
1293
1269
1291
1272
1296
1216
1301
1187
1303
1133
1271
1170
1295
1158
1299
1179
1295
1163
1277
1164
1267
1105
1258
1134
1251
1065
1239
1108
1238
1183
1254
1215
1251
1248
1272
1255
1301
1209
1312
1234
1308
1291
1292
1356
1295
1379
1309
1397
1337
1451
1372
1488
1378
1501
1421
1484
1429
1485
1437
1358
1452
1399
1451
1367
1441
1410
1407
1416
1385
1454
1354
1460
1319
1418
1284
1424
1246
1429
1223
1472
1222
1411
1203
1420
1194
1408
1223
1379
1233
1363
1245
1339
1253
1291
1257
1282
1268
1245
1288
1315
1320
1249
1313
1208
1328
1234
1332
1184
1323
1147
1297
1111
1294
1099
1268
1126
1256
1154
1267
1172
1237
1284
1209
1230
1197
1273
1190
1243
1170
1242
1174
1226
1189
1205
1174
1232
1180
1284
1181
1319
1193
1248
1202
1252
1223
1254
1238
1191
1256
1161
1247
1177
1275
1151
1302
1199
1306
1198
1322
1274
1331
1223
1344
1147
1347
1093
1308
1073
1354
1095
1336
1182
1336
1267
1322
1302
1330
1360
1309
1418
1324
1354
1297
1316
1303
1372
1303
1371
1309
1357
1314
1405
1331
1393
1332
1364
1319
1325
1330
1207
1351
1181
1317
1141
1302
1192
1298
1147
1296
1228
1269
1285
1267
1296
1310
1329
1251
1320
1240
1321
1217
1354
1239
1391
1209
1411
1211
1425
1223
1449
1217
1453
1229
1415
1236
1358
1249
1317
1249
1263
1270
1248
1273
1301
1276
1287
1301
1262
1302
1255
1303
1205
1317
1195
1311
1185
1311
1182
1296
1184
1288
1249
1258
1215
1306
1277
1255
1276
1240
1278
1245
1276
1201
1216
1202
1226
1197
1241
1201
1297
1219
1268
1212
1282
1220
1236
1227
1188
1233
1151
1222
1133
1209
1104
1256
1115
1267
1137
1283
1078
1299
1129
1293
1156
1290
1157
1283
1152
1288
1171
1284
1219
1289
1239
1294
1306
1298
1366
1292
1377
1299
1277
1297
1331
1290
1374
1287
1359
1271
1359
1251
1373
1247
1335
1230
1309
1224
1261
1233
1218
1197
1181
1205
1120
1191
1096
1186
1037
1188
1094
1176
1114
1196
1115
1197
1115
1221
1186
1225
1129
1269
1064
1288
1147
1298
1207
1298
1295
1315
1387
1335
1397
1352
1400
1353
1356
1353
1285
1368
1367
1358
1300
1362
1287
1366
1323
1368
1328
1344
1340
1336
1312
1319
1269
1285
1211
1258
1215
1223
1200
1220
1270
1176
1281
1181
1345
1168
1369
1195
1346
1183
1343
1217
1305
1236
1285
1256
1304
1279
1288
1299
1329
1325
1330
1327
1378
1338
1341
1335
1283
1325
1240
1305
1218
1282
1187
1260
1202
1254
1186
1252
1223
1234
1249
1236
1243
1212
1181
1207
1183
1196
1193
1192
1168
1215
1264
1201
1262
1214
1300
1208
1319
1220
1269
1220
1182
1231
1098
1237
1100
1247
1100
1227
1103
1254
1135
1264
1156
1260
1172
1265
1143
1262
1104
1246
1100
1248
1061
1241
1105
1246
1138
1257
1189
1262
1249
1265
1267
1257
1317
1264
1253
1256
1249
1282
1270
1293
1339
1303
1453
1332
1464
1354
1465
1347
1453
1349
1401
1350
1320
1349
1275
1335
1248
1308
1287
1297
1287
1284
1315
1272
1342
1252
1297
1237
1265
1252
1311
1197
1239
1171
1216
1194
1189
1210
1261
1213
1276
1231
1203
1264
1222
1253
1159
1256
1118
1255
1115
1258
1094
1246
1135
1265
1201
1270
1212
1274
1225
1264
1247
1262
1194
1250
1146
1239
1153
1213
1186
1245
1205
1245
1283
1253
1333
1211
1376
1255
1314
1241
1319
1227
1322
1196
1280
1216
1171
1223
1233
1219
1364
1222
1281
1227
1264
1208
1218
1217
1093
1211
1080
1220
1090
1223
1106
1261
1233
1259
1251
1270
1188
1288
1206
1296
1175
1276
1101
1292
1101
1271
1136
1262
1193
1307
1250
1245
1319
1275
1282
1290
1364
1274
1308
1262
1266
1266
1230
1268
1213
1268
1261
1269
1298
1270
1261
1302
1360
1281
1303
1277
1172
1278
1144
1268
1135
1254
1138
1266
1160
1272
1199
1273
1288
1288
1335
1288
1368
1298
1188
1314
1208
1257
1210
1267
1205
1248
1273
1259
1357
1253
1378
1251
1380
1266
1324
1265
1340
1272
1255
1265
1249
1259
1191
1264
1229
1235
1319
1274
1335
1280
1304
1264
1303
1285
1229
1282
1188
1282
1211
1259
1178
1272
1226
1269
1315
1237
1355
1261
1334
1280
1301
1261
1243
1257
1209
1244
1206
1245
1191
1242
1206
1250
1274
1260
1314
1270
1304
1283
1261
1270
1186
1256
1160
1255
1145
1225
1188
1208
1306
1213
1264
1247
1307
1253
1299
1244
1225
1242
1139
1230
1182
1221
1149
1210
1179
1225
1231
1227
1293
1239
1328
1253
1356
1260
1275
1260
1224
1251
1185
1244
1212
1240
1199
1251
1222
1254
1248
1269
1313
1263
1216
1287
1247
1283
1105
1285
1119
1264
1123
1264
1155
1279
1234
1277
1235
1275
1277
1274
1275
1266
1199
1258
1130
1243
1069
1241
1104
1240
1127
1239
1215
1245
1280
1267
1284
1269
1266
1295
1109
1313
1253
1289
1165
1297
1203
1295
1268
1295
1316
1298
1365
1305
1388
1315
1323
1298
1292
1299
1315
1277
1240
1276
1257
1279
1297
1274
1353
1281
1384
1276
1387
1249
1342
1278
1255
1257
1188
1249
1156
1241
1198
1231
1237
1236
1308
1260
1361
1282
1294
1303
1300
1306
1247
1286
1185
1274
1172
1255
1157
1288
1228
1260
1286
1249
1342
1263
1308
1268
1231
1261
1164
1260
1115
1247
1127
1241
1138
1241
1173
1273
1306
1257
1307
1249
1316
1271
1280
1271
1230
1267
1229
1259
1219
1253
1241
1257
1298
1270
1322
1271
1311
1297
1283
1295
1204
1294
1172
1284
1130
1274
1147
1256
1208
1259
1249
1272
1332
1287
1252
1293
1286
1286
1237
1289
1212
1276
1153
1294
1168
1314
1234
1302
1314
1329
1351
1343
1384
1365
1356
1355
1309
1356
1198
1341
1186
1317
1172
1293
1232
1296
1279
1290
1346
1293
1361
1294
1356
1304
1344
1247
1288
1275
1208
1240
1245
1253
1257
1257
1356
1252
1408
1277
1395
1256
1365
1252
1257
1238
1298
1205
1142
1217
1213
1208
1263
1225
1311
1244
1338
1263
1333
1281
1257
1292
1216
1275
1157
1276
1175
1275
1184
1287
1297
1260
1313
1277
1438
1273
1411
1272
1341
1337
1272
1260
1167
1247
1202
1243
1240
1250
1286
1246
1390
1269
1411
1285
1362
1293
1255
1295
1206
1261
1132
1274
1141
1247
1154
1240
1252
1244
1303
1285
1327
1252
1252
1279
1280
1273
1153
1264
1130
1232
1194
1257
1251
1239
1305
1266
1377
1257
1384
1299
1256
1289
1253
1309
1244
1290
1151
1269
1182
1249
1195
1299
1305
1300
1336
1321
1365
1326
1323
1326
1306
1311
1151
1299
1194
1276
1212
1264
1271
1243
1341
1257
1384
1268
1412
1282
1360
1280
1291
1304
1227
1285
1207
1279
1237
1267
1306
1277
1343
1313
1425
1291
1405
1304
1357
1285
1254
1274
1126
1268
1155
1239
1171
1232
1287
1242
1361
1257
1391
1268
1359
1293
1297
1311
1217
1292
1140
1302
1075
1263
1221
1293
1197
1299
1305
1303
1356
1318
1373
1328
1338
1315
1227
1318
1172
1280
1194
1221
1280
1221
1261
1257
1340
1258
1419
1260
1380
1289
1293
1271
1190
1287
1113
1263
1115
1249
1163
1236
1279
1266
1336
1268
1427
1215
1380
1298
1287
1292
1208
1251
1148
1286
1228
1258
1224
1267
1325
1267
1377
1268
1472
1289
1367
1285
1253
1273
1129
1252
1088
1230
1087
1212
1157
1224
1210
1238
1310
1254
1307
1259
1306
1293
1216
1273
1144
1274
1069
1255
1095
1224
1183
1232
1259
1274
1372
1288
1382
1307
1295
1313
1267
1307
1086
1293
1154
1267
1134
1266
1216
1254
1301
1291
1338
1304
1359
1329
1309
1337
1256
1322
1146
1324
1152
1306
1235
1286
1274
1294
1366
1313
1447
1321
1428
1328
1367
1332
1278
1324
1171
1285
1175
1280
1219
1267
1283
1278
1346
1279
1425
1292
1388
1301
1316
1301
1257
1278
1170
1279
1170
1239
1215
1246
1366
1241
1456
1251
1444
1277
1416
1270
1325
1292
1168
1284
1109
1270
1149
1255
1201
1249
1282
1255
1407
1266
1424
1282
1331
1281
1271
1298
1161
1279
1083
1259
1031
1257
1159
1242
1253
1251
1338
1262
1257
1292
1316
1274
1240
1275
1111
1265
1067
1242
1103
1221
1208
1201
1316
1232
1401
1251
1412
1277
1338
1284
1269
1294
1231
1275
1065
1268
1149
1245
1187
1256
1346
1246
1446
1276
1449
1303
1356
1305
1268
1301
1151
1270
1141
1263
1134
1244
1253
1237
1315
1255
1407
1274
1349
1294
1285
1307
1225
1296
1100
1284
1082
1251
1146
1248
1258
1245
1366
1270
1452
1277
1435
1298
1336
1299
1236
1287
1143
1268
1118
1231
1150
1223
1197
1236
1411
1248
1419
1275
1424
1300
1315
1288
1207
1290
1118
1284
1075
1285
1150
1267
1232
1267
1367
1274
1448
1292
1398
1297
1289
1322
1174
1279
1100
1289
1103
1235
1176
1260
1238
1260
1380
1268
1364
1293
1388
1295
1316
1289
1200
1273
1106
1236
1114
1219
1175
1189
1250
1228
1417
1244
1439
1260
1374
1277
1291
1276
1203
1260
1108
1246
1146
1204
1211
1196
1410
1216
1459
1251
1472
1274
1390
1285
1289
1293
1115
1291
1131
1262
1096
1235
1203
1255
1258
1268
1357
1283
1360
1318
1276
1353
1193
1362
1053
1295
1089
1224
1153
1237
1201
1215
1350
1269
1411
1277
1382
1319
1282
1310
1198
1304
1080
1283
1014
1259
1119
1228
1228
1255
1189
1305
1426
1289
1399
1306
1304
1323
1215
1324
1096
1275
1083
1266
1153
1253
1237
1250
1455
1270
1425
1299
1416
1303
1309
1308
1245
1297
1142
1259
1134
1265
1181
1256
1260
1195
1517
1248
1470
1267
1431
1287
1302
1293
1245
1282
1128
1257
1099
1235
1219
1212
1304
1249
1526
1265
1481
1285
1431
1316
1310
1300
1243
1279
1143
1245
1069
1261
1210
1201
1295
1232
1494
1248
1447
1276
1371
1284
1247
1327
1166
1273
1114
1262
1102
1207
1168
1225
1254
1200
1538
1254
1398
1277
1358
1281
1247
1292
1115
1271
1084
1253
1063
1246
1194
1233
1212
1180
1406
1231
1382
1254
1276
1281
1174
1305
1028
1266
1078
1193
1034
1200
1201
1192
1273
1191
1499
1233
1424
1262
1305
1273
1193
1283
1060
1260
1092
1207
1020
1195
1242
1213
1246
1227
1541
1260
1438
1301
1296
1282
1198
1296
1032
1265
1019
1252
1129
1198
1203
1189
1227
1206
1534
1235
1375
1276
1260
1292
1187
1292
1049
1278
1058
1244
1144
1210
1273
1231
1226
1207
1460
1278
1393
1287
1254
1292
1145
1287
1041
1289
987
1264
1178
1208
1273
1243
1215
1274
1407
1281
1390
1286
1257
1296
1180
1285
1082
1270
1060
1200
1194
1224
1291
1195
1250
1218
1527
1260
1384
1277
1243
1279
1169
1272
1082
1274
1023
1240
1181
1244
1264
1202
1246
1222
1454
1279
1365
1305
1243
1306
1150
1269
1102
1287
1058
1261
1240
1256
1250
1200
1213
1280
1520
1294
1333
1314
1203
1314
1072
1280
1110
1250
1072
1232
1271
1245
1277
1201
1251
1279
1432
1273
1318
1293
1186
1308
1021
1284
1091
1257
1074
1258
1194
1194
1284
1231
1195
1278
1475
1264
1302
1286
1183
1312
1031
1271
1141
1228
1113
1192
1262
1207
1322
1189
1205
1262
1460
1286
1273
1305
1138
1315
986
1291
1099
1256
1075
1223
1206
1211
1229
1238
1359
1295
1371
1296
1207
1304
1111
1318
948
1274
1110
1251
1180
1248
1271
1210
1252
1166
1375
1265
1395
1290
1212
1297
1128
1296
1013
1283
1102
1231
1165
1201
1302
1201
1251
1215
1512
1291
1405
1294
1236
1296
1149
1284
1045
1282
1122
1271
1280
1204
1303
1208
1271
1186
1520
1298
1381
1300
1232
1319
1131
1315
1055
1308
1116
1272
1211
1259
1375
1235
1255
1193
1523
1267
1372
1307
1214
1308
1148
1286
1082
1286
1116
1262
1239
1249
1334
1189
1308
1165
1541
1289
1368
1275
1195
1304
1131
1288
1060
1287
1118
1247
1298
1206
1363
1232
1232
1221
1528
1291
1347
1285
1191
1268
1099
1273
1100
1285
1071
1218
1250
1248
1295
1219
1246
1174
1495
1302
1272
1311
1114
1322
1008
1295
1074
1280
1111
1249
1272
1203
1310
1216
1164
1203
1458
1301
1261
1306
1145
1325
1029
1297
1142
1269
1193
1277
1331
1269
1300
1205
1238
1254
1490
1332
1294
1338
1153
1341
1028
1307
1155
1301
1186
1276
1279
1234
1318
1216
1143
1246
1411
1316
1211
1324
1096
1339
989
1311
1142
1291
1142
1277
1293
1265
1306
1234
1188
1315
1429
1323
1231
1327
1149
1335
1063
1304
1235
1237
1237
1271
1413
1231
1345
1209
1173
1294
1447
1316
1244
1328
1159
1337
1065
1310
1253
1281
1279
1241
1355
1263
1357
1242
1173
1315
1430
1323
1235
1335
1172
1338
1092
1309
1292
1241
1277
1246
1393
1255
1323
1218
1121
1318
1372
1332
1196
1335
1121
1340
1058
1300
1266
1245
1295
1275
1396
1264
1275
1202
1260
1309
1324
1319
1157
1326
1116
1311
1064
1290
1286
1255
1295
1253
1376
1238
1195
1195
1334
1312
1313
1321
1156
1331
1139
1310
1121
1296
1233
1244
1320
1224
1410
1242
1260
1214
1446
1310
1309
1327
1156
1330
1137
1308
1097
1301
1265
1286
1361
1218
1359
1209
1256
1236
1447
1316
1289
1310
1156
1329
1123
1301
1093
1307
1243
1274
1347
1270
1335
1204
1248
1205
1443
1323
1267
1333
1146
1344
1098
1301
1181
1300
1250
1228
1373
1261
1354
1229
1254
1220
1452
1328
1254
1330
1148
1348
1060
1288
1216
1306
1225
1248
1361
1278
1351
1228
1230
1232
1439
1343
1218
1347
1177
1348
1072
1313
1249
1287
1279
1223
1434
1228
1400
1228
1181
1279
1446
1316
1259
1329
1184
1346
1107
1310
1301
1285
1337
1263
1423
1248
1413
1249
1190
1306
1420
1338
1224
1353
1152
1360
1082
1326
1288
1308
1335
1283
1412
1234
1328
1269
1177
1325
1359
1355
1195
1317
1130
1350
1080
1303
1298
1258
1292
1253
1391
1246
1340
1242
1118
1325
1337
1327
1155
1340
1124
1334
1083
1295
1352
1223
1389
1258
1438
1226
1370
1219
1349
1308
1377
1325
1201
1333
1173
1315
1143
1299
1295
1265
1405
1268
1428
1225
1362
1183
1458
1317
1341
1336
1180
1334
1162
1304
1152
1301
1234
1276
1386
1227
1448
1261
1278
1245
1474
1333
1299
1333
1149
1319
1141
1318
1148
1309
1202
1279
1359
1293
1392
1241
1298
1238
1478
1355
1284
1383
1145
1361
1168
1302
1207
1320
1284
1244
1370
1300
1430
1217
1330
1225
1519
1346
1301
1347
1167
1359
1114
1320
1223
1320
1299
1285
1468
1253
1412
1232
1271
1286
1488
1347
1271
1347
1156
1288
811
1351
1458
1297
1319
1274
1426
1218
1463
1219
1255
1303
1517
1317
1287
1307
1168
1288
838
1321
1302
1233
1320
1269
1444
1210
1455
1197
1482
1318
1453
1324
1214
1327
1111
1231
1161
1338
1399
1288
1297
1270
1418
1253
1391
1213
1194
1327
1411
1336
1205
1345
783
1232
1117
1347
1331
1293
1299
1257
1388
1264
1378
1263
1636
1311
1393
1333
1187
1343
889
1224
1157
1331
1196
1236
1344
1225
1456
1262
1376
1235
1619
1336
1387
1342
1176
1339
742
1229
1178
1349
1332
1284
1329
1229
1463
1222
1330
1322
1610
1345
1370
1337
1183
1267
729
1213
1328
1333
1226
1260
1369
1199
1482
1214
1397
1329
1624
1336
1357
1327
1192
1298
784
1235
1360
1342
1214
1269
1357
1199
1439
1269
1367
1336
1549
1349
1300
1350
1132
1262
736
1276
1342
1350
1265
1275
1348
1230
1400
1224
1707
1342
1531
1332
1310
1333
1157
1281
767
1288
1411
1340
1217
1256
1431
1271
1479
1272
1649
1341
1551
1343
1304
1335
818
1228
788
1243
1421
1329
1264
1247
1370
1220
1449
1220
1724
1307
1496
1319
1252
1321
807
1258
776
1238
1413
1312
1263
1259
1365
1211
1416
1221
1676
1348
1445
1326
1208
1338
648
1276
748
1335
1435
1300
1236
1222
1432
1240
1398
1331
1684
1345
1433
1341
1201
1345
713
1239
800
1343
1456
1297
1249
1222
1432
1232
1384
1255
1641
1338
1408
1332
1185
1297
704
1245
770
1312
1501
1231
1314
1228
1400
1136
1521
1311
1650
1328
1352
1327
1158
1307
680
1219
1075
1338
1211
1270
1268
1208
1432
1231
1372
1328
1620
1326
1347
1330
1115
1258
638
1219
1141
1321
1463
1227
1302
1199
1411
1236
1765
1314
1621
1320
1312
1316
1150
1262
682
1226
1291
1306
1183
1247
1333
1213
1443
1221
1691
1315
1582
1323
1307
1328
721
1261
652
1216
1286
1337
1172
1199
1367
1237
1420
1201
1773
1315
1557
1340
1287
1317
752
1207
689
1213
1294
1326
1210
1257
1373
1197
1449
1197
1775
1312
1546
1316
1267
1307
716
1235
707
1299
1367
1332
1217
1233
1371
1237
1449
1229
1735
1307
1488
1308
1213
1278
637
1289
671
1263
1346
1334
1200
1228
1399
1230
1428
1323
1710
1334
1479
1337
1203
1286
647
1267
747
1320
1423
1327
1277
1253
1461
1235
1615
1293
1747
1286
1478
1317
1161
1223
689
1236
728
1294
1419
1254
1218
1177
1383
1174
1729
1259
1616
1268
1335
1258
1074
1207
579
1214
643
1272
1376
1226
1190
1211
1337
1170
1694
1287
1637
1314
1355
1315
731
1229
649
1259
1116
1322
1479
1209
1263
1188
1453
1187
1806
1291
1643
1295
1359
1306
777
1214
679
1198
1105
1290
1374
1206
1271
1161
1414
1178
1744
1288
1564
1285
1289
1288
695
1230
605
1192
1104
1314
1385
1204
1222
1184
1347
1302
1524
1333
1463
1354
1200
1359
569
1243
667
1277
1215
1343
1142
1207
1303
1195
1404
1286
1693
1316
1515
1320
1245
1248
662
1257
697
1263
1289
1322
1176
1197
1370
1212
1522
1282
1734
1301
1482
1308
1263
1290
701
1256
695
1242
1380
1289
1155
1141
1362
1191
1409
1264
1656
1274
1400
1313
1111
1238
598
1265
673
1323
1328
1333
1170
1236
1336
1227
1708
1241
1637
1303
1376
1314
1108
1256
594
1234
682
1237
1363
1310
1155
1196
1282
1238
1701
1291
1583
1345
1344
1370
1170
1331
642
1291
779
1369
1472
1258
1284
1236
1427
1203
1738
1277
1622
1301
1343
1302
752
1190
675
1219
785
1265
1483
1162
1251
1162
1345
1104
1531
1250
1599
1286
1336
1349
773
1273
642
1237
1116
1340
1381
1253
1226
1189
1354
1209
1684
1287
1537
1308
1293
1320
696
1249
704
1200
1226
1294
1499
1177
1298
1148
1370
1242
1470
1254
1502
1281
1243
1270
655
1190
664
1242
1138
1287
1274
1182
1215
1139
1303
1232
1573
1265
1431
1283
1176
1220
606
1235
650
1228
1246
1318
1132
1230
1204
1170
1502
1254
1580
1323
1419
1345
1200
1344
663
1307
713
1322
1330
1369
1158
1237
1325
1230
1629
1263
1655
1318
1460
1337
1227
1292
668
1261
741
1337
1419
1329
1178
1182
1301
1185
1726
1236
1647
1310
1419
1328
1196
1260
706
1279
720
1286
1368
1289
1152
1201
1246
1137
1633
1193
1523
1273
1317
1300
757
1247
602
1226
773
1320
1424
1305
1170
1195
1292
1202
1577
1250
1621
1307
1409
1331
876
1281
701
1228
825
1326
1409
1220
1165
1200
1240
1167
1364
1271
1477
1305
1258
1315
697
1265
656
1252
1098
1307
1452
1200
1181
1179
1251
1232
1425
1245
1543
1274
1335
1301
792
1271
739
1229
1280
1320
1366
1202
1201
1192
1261
1306
1477
1334
1433
1365
1275
1320
751
1338
746
1321
1369
1361
1364
1220
1300
1213
1357
1258
1618
1270
1539
1295
1348
1258
746
1199
863
1198
1377
1291
1338
1179
1245
1125
1574
1217
1558
1254
1441
1271
1229
1265
710
1251
730
1332
1354
1352
1092
1241
1157
1233
1530
1274
1488
1316
1369
1347
1186
1298
716
1264
829
1266
1417
1341
1153
1202
1286
1188
1663
1225
1622
1288
1474
1298
935
1204
898
1247
1296
1322
1556
1255
1215
1151
1285
1192
1649
1237
1561
1296
1392
1320
892
1262
742
1247
850
1332
1473
1306
1135
1213
1190
1115
1328
1259
1477
1314
1337
1359
810
1278
826
1343
1018
1336
1558
1264
1234
1220
1293
1251
1483
1267
1551
1317
1413
1342
911
1303
876
1286
1344
1395
1564
1278
1210
1223
1242
1302
1325
1323
1522
1339
1363
1266
864
1284
965
1258
1369
1295
1509
1203
1163
1181
1126
1256
1310
1256
1371
1287
1246
1284
748
1224
857
1262
1439
1333
1243
1240
1204
1203
1267
1304
1526
1340
1535
1345
1308
1265
884
1317
1011
1297
1439
1368
1193
1235
1170
1239
1487
1290
1445
1325
1412
1348
1313
1275
831
1261
958
1374
1559
1353
1226
1228
1312
1226
1485
1276
1626
1284
1526
1300
1407
1252
946
1218
1019
1264
1576
1328
1230
1225
1204
1194
1552
1263
1480
1336
1369
1367
882
1289
844
1374
976
1393
1526
1395
1191
1320
1201
1328
1405
1289
1554
1350
1459
1355
1050
1268
960
1273
1150
1319
1677
1232
1323
1186
1315
1205
1489
1237
1594
1294
1461
1322
928
1223
974
1349
1062
1339
1569
1289
1158
1212
1155
1301
1266
1290
1379
1323
1277
1326
768
1207
879
1197
1407
1323
1535
1155
1186
1166
1212
1223
1274
1242
1524
1255
1402
1224
953
1269
1360
1263
1457
1365
1562
1281
1218
1251
1170
1366
1303
1381
1424
1408
1303
1362
871
1350
987
1303
1509
1384
1190
1228
1243
1204
1234
1296
1424
1291
1483
1309
1372
1252
937
1211
1066
1213
1542
1317
1224
1193
1174
1196
1532
1257
1223
1318
1426
1334
1354
1288
907
1249
1070
1258
1569
1367
1255
1265
1276
1249
1627
1318
1508
1372
1474
1389
1020
1324
977
1391
1073
1330
1597
1356
1209
1251
1175
1212
1525
1270
1465
1305
1393
1314
956
1204
980
1273
1081
1217
1681
1307
1278
1239
1257
1185
1466
1279
1557
1351
1453
1373
922
1280
1357
1291
1069
1369
1536
1301
1134
1236
1119
1246
1375
1297
1376
1333
1295
1343
835
1246
1187
1276
1082
1320
1670
1250
1325
1189
1290
1293
1371
1286
1623
1340
1539
1286
1052
1246
1460
1269
1205
1327
1732
1243
1282
1224
1373
1300
1285
1310
1434
1348
1326
1284
810
1294
1194
1286
1424
1345
1484
1232
1205
1204
1150
1329
1243
1327
1441
1339
1358
1331
897
1251
1328
1233
1418
1338
1454
1224
1212
1249
1474
1279
1215
1339
1461
1366
1384
1264
993
1366
1090
1289
1597
1365
1230
1234
1183
1220
1483
1275
1340
1321
1368
1328
1301
1190
917
1190
1072
1186
1546
1256
1216
1158
1150
1159
1537
1219
1431
1288
1442
1311
984
1221
1068
1336
1086
1330
1628
1324
1219
1209
1169
1225
1539
1258
1440
1344
1383
1370
1012
1286
960
1316
1103
1254
1628
1283
1187
1200
1179
1196
1457
1252
1456
1274
1392
1331
904
1226
1409
1263
1132
1223
1656
1298
1260
1178
1176
1262
1327
1246
1437
1308
1354
1348
907
1264
1329
1265
1043
1317
1578
1254
1096
1277
1096
1313
1219
1336
1324
1391
1250
1356
816
1351
1223
1274
989
1340
1570
1232
1162
1190
1140
1294
1324
1282
1433
1326
1377
1250
982
1261
1175
1204
1552
1302
1575
1213
1275
1201
1257
1307
1288
1346
1497
1341
1394
1282
936
1327
1079
1231
1423
1282
1375
1158
1136
1187
1388
1234
1168
1266
1296
1314
1249
1211
879
1301
958
1196
1517
1294
1174
1196
1179
1246
1211
1304
1347
1340
1409
1358
950
1310
1136
1344
1056
1251
1586
1292
1223
1153
1194
1203
1543
1231
1371
1294
1370
1319
913
1218
1238
1293
1050
1196
1535
1299
1215
1186
1155
1186
1414
1265
1364
1312
1330
1299
960
1252
1022
1300
993
1214
1573
1257
1210
1187
1177
1180
1389
1240
1433
1282
1336
1352
858
1279
1322
1293
1045
1269
1563
1354
1158
1239
1123
1340
1366
1316
1420
1374
1343
1366
855
1241
1335
1280
1000
1281
1620
1216
1196
1178
1206
1223
1290
1213
1468
1268
1369
1199
862
1164
1250
1172
1073
1238
1575
1168
1155
1135
1122
1247
1218
1230
1330
1300
1233
1248
789
1303
939
1188
1315
1302
1317
1209
1107
1208
1080
1286
1248
1305
1379
1353
1292
1278
839
1360
1050
1274
1387
1314
1387
1215
1151
1176
1341
1288
1287
1290
1423
1297
1345
1251
897
1307
1005
1196
1233
1300
1321
1209
1183
1222
1522
1247
1319
1348
1346
1364
843
1263
1221
1373
960
1280
1452
1350
1130
1231
1111
1246
1460
1259
1341
1319
1347
1298
938
1239
1230
1300
1013
1221
1529
1276
1179
1175
1199
1202
1536
1245
1423
1303
1389
1340
908
1273
1354
1294
1005
1304
1591
1292
1181
1189
1237
1190
1528
1226
1518
1286
1419
1295
908
1176
1406
1165
1139
1147
1672
1224
1280
1145
1278
1128
1373
1200
1495
1276
1382
1236
905
1305
1306
1228
1038
1331
1578
1261
1139
1249
1126
1249
1231
1336
1372
1380
1258
1337
755
1396
1121
1326
999
1387
1540
1281
1165
1244
1158
1325
1311
1293
1410
1343
1305
1301
867
1278
1031
1198
1054
1282
1602
1173
1201
1189
1479
1248
1297
1290
1428
1340
1329
1282
962
1365
960
1247
1361
1341
1338
1221
1160
1188
1355
1259
1267
1279
1373
1291
1222
1187
780
1293
880
1176
1185
1278
1223
1168
1152
1160
1521
1219
1249
1292
1359
1315
888
1216
1330
1332
1011
1237
1565
1304
1286
1207
1281
1186
1584
1236
1426
1274
1348
1304
899
1205
1228
1291
945
1252
1438
1319
1157
1214
1143
1205
1423
1252
1348
1308
1306
1320
795
1195
1271
1274
979
1206
1548
1261
1195
1232
1192
1192
1528
1249
1440
1317
1332
1314
838
1260
1264
1305
910
1254
1527
1309
1131
1267
1172
1262
1313
1273
1428
1309
1323
1258
817
1303
1290
1211
1037
1225
1569
1259
1228
1179
1344
1266
1348
1212
1527
1303
1407
1228
923
1303
1222
1258
1030
1305
1597
1251
1180
1224
1157
1281
1242
1269
1418
1327
1250
1241
976
1347
1032
1256
1006
1324
1567
1277
1217
1214
1441
1290
1297
1281
1435
1310
1292
1207
963
1322
956
1253
1292
1307
1240
1205
1182
1164
1196
1259
1234
1277
1348
1299
1250
1253
902
1331
927
1269
1156
1327
1243
1256
1229
1204
1558
1264
1265
1286
1400
1304
892
1214
1232
1331
935
1266
1456
1336
1173
1246
1199
1239
1522
1227
1353
1305
1347
1312
920
1238
1229
1304
905
1238
1482
1349
1201
1200
1254
1204
1551
1255
1450
1306
1390
1305
835
1244
1264
1283
934
1225
1492
1261
1167
1191
1200
1171
1520
1210
1455
1263
1345
1273
834
1205
1265
1261
929
1241
1517
1245
1176
1204
1199
1306
1323
1242
1477
1280
1368
1208
856
1294
1310
1195
1021
1206
1578
1199
1238
1150
1231
1238
1366
1201
1433
1266
1285
1254
741
1298
1071
1223
926
1308
1424
1232
1125
1220
1130
1306
1336
1280
1388
1324
1258
1246
1041
1339
1054
1235
985
1305
1545
1262
1219
1209
1439
1277
1321
1258
1434
1307
1276
1231
1106
1341
902
1269
1224
1335
1186
1249
1192
1249
1161
1313
1299
1310
1430
1322
914
1258
1244
1349
938
1274
1165
1361
1213
1260
1240
1260
1617
1289
1346
1295
1448
1297
900
1185
1263
1304
923
1232
1414
1294
1069
1173
1129
1153
1517
1193
1351
1254
1372
1277
922
1164
1254
1286
914
1227
1473
1327
1249
1238
1238
1233
1587
1246
1523
1304
1461
1297
888
1217
1327
1270
923
1237
1444
1318
1154
1246
1169
1292
1356
1263
1426
1302
1330
1315
834
1271
1242
1251
942
1248
1487
1297
1186
1198
1200
1249
1368
1246
1518
1271
1397
1233
876
1295
1287
1231
978
1214
1541
1293
1103
1250
1204
1324
1331
1280
1443
1340
1313
1250
779
1353
1157
1261
963
1334
1513
1249
1215
1221
1211
1279
1371
1248
1491
1286
1333
1257
1129
1307
1049
1259
990
1319
1519
1261
1252
1235
1439
1311
1373
1286
1503
1315
1352
1240
1185
1368
912
1266
1157
1343
1193
1273
1179
1176
1198
1313
1346
1276
1454
1288
909
1181
1259
1296
959
1241
1130
1304
1234
1225
1291
1203
1656
1216
1337
1251
1484
1301
947
1185
1287
1321
927
1281
1423
1385
1110
1252
1159
1241
1510
1277
1367
1321
1345
1328
910
1217
1201
1300
854
1182
1418
1313
1151
1225
1174
1218
1332
1240
1476
1284
1395
1295
833
1202
1279
1276
931
1279
1402
1358
1146
1274
1271
1288
1338
1294
1520
1310
1456
1305
920
1286
1331
1256
971
1262
1557
1262
1223
1274
1262
1315
1350
1263
1509
1314
1381
1252
811
1322
1235
1234
940
1231
1484
1273
1162
1258
1213
1305
1449
1255
1567
1307
1460
1251
899
1320
1126
1259
994
1325
1547
1276
1212
1256
1244
1299
1267
1272
1510
1312
1311
1238
1175
1322
912
1240
864
1305
1362
1252
1114
1187
1290
1284
1292
1273
1446
1301
1330
1253
1185
1332
929
1251
1217
1348
1242
1238
1244
1255
1439
1248
1445
1301
1559
1313
1026
1245
1313
1334
957
1267
1144
1342
1130
1227
1173
1229
1576
1258
1318
1323
1428
1328
949
1259
1212
1345
876
1252
1004
1323
1163
1246
1211
1211
1621
1272
1411
1304
1473
1313
870
1272
1294
1314
887
1223
1397
1328
1147
1250
1168
1239
1591
1243
1427
1308
1412
1298
873
1277
1277
1266
855
1225
1392
1338
1125
1220
1195
1262
1317
1242
1497
1302
1425
1302
894
1269
1280
1248
905
1241
1520
1231
1165
1235
1258
1187
1507
1255
1567
1287
1430
1257
852
1299
1267
1258
885
1178
1465
1274
1112
1234
1164
1295
1374
1254
1474
1305
1356
1261
837
1309
1072
1206
949
1313
1449
1248
1184
1221
1228
1309
1412
1283
1505
1335
1318
1227
1191
1357
957
1258
937
1333
1365
1244
1180
1238
1385
1257
1375
1251
1504
1277
1373
1163
1251
1278
953
1179
1162
1274
1207
1182
1244
1151
1303
1257
1393
1269
1490
1279
929
1198
1243
1324
888
1243
1030
1332
1158
1244
1245
1220
1590
1229
1359
1299
1472
1297
951
1185
1293
1308
915
1216
1015
1319
1215
1233
1211
1216
1462
1248
1429
1297
1482
1323
918
1248
1291
1320
956
1251
1438
1327
1169
1241
1235
1194
1637
1243
1493
1315
1439
1324
862
1314
1272
1285
907
1279
1394
1354
1150
1220
1171
1332
1360
1255
1485
1305
1442
1291
859
1299
1279
1241
896
1243
1481
1269
1122
1253
1179
1229
1337
1304
1514
1322
1398
1286
832
1351
1289
1287
955
1222
1511
1274
1185
1225
1237
1282
1444
1227
1540
1277
1403
1242
917
1294
1053
1213
938
1306
1419
1183
1226
1219
1226
1278
1325
1299
1574
1350
1426
1245
1290
1370
1155
1264
1058
1341
1408
1253
1273
1215
1293
1315
1394
1293
1459
1335
1345
1226
1201
1331
872
1245
1068
1324
1119
1226
1180
1176
1223
1258
1314
1284
1449
1308
887
1240
1253
1315
888
1219
1023
1312
1168
1219
1224
1225
1611
1256
1377
1301
1502
1312
1042
1245
1286
1310
966
1229
1130
1297
1231
1104
1308
1152
1618
1206
1450
1250
1518
1255
955
1249
1343
1287
964
1223
1451
1296
1193
1219
1218
1218
1621
1256
1473
1335
1404
1338
866
1326
1237
1316
830
1248
1368
1360
1076
1275
1151
1217
1378
1275
1426
1325
1373
1296
854
1331
1253
1232
854
1216
1460
1279
1154
1194
1216
1257
1432
1250
1553
1317
1430
1263
848
1313
1277
1277
941
1240
1501
1273
1140
1244
1205
1287
1409
1253
1507
1312
1371
1280
931
1307
1044
1222
936
1283
1412
1183
1182
1151
1193
1240
1296
1234
1514
1265
1351
1181
1224
1297
1085
1212
972
1293
1397
1232
1193
1178
1288
1253
1357
1282
1480
1341
1338
1233
1199
1343
850
1232
969
1334
1300
1232
1144
1234
1577
1260
1334
1302
1436
1317
896
1196
1256
1325
898
1236
1019
1301
1142
1185
1196
1165
1553
1231
1306
1282
1434
1296
941
1243
1224
1315
863
1264
943
1318
1118
1203
1164
1195
1548
1248
1318
1292
1404
1294
837
1267
1250
1287
871
1197
1397
1285
1145
1208
1201
1182
1603
1215
1441
1299
1409
1313
840
1315
1249
1296
841
1235
1395
1355
1149
1215
1207
1182
1458
1269
1456
1303
1402
1224
864
1287
1259
1240
863
1203
1445
1206
1111
1195
1164
1223
1416
1217
1493
1274
1362
1236
784
1299
1229
1243
854
1225
1441
1250
1126
1217
1148
1279
1383
1247
1487
1313
1341
1260
911
1332
1102
1243
926
1328
1400
1262
1146
1212
1147
1313
1288
1274
1458
1328
1301
1246
1171
1337
1026
1268
875
1301
1332
1217
1130
1206
1236
1279
1318
1263
1446
1287
1274
1247
1163
1329
831
1234
949
1284
1286
1207
1173
1197
1627
1236
1417
1287
1500
1320
972
1238
1278
1328
935
1255
1050
1325
1121
1198
1163
1197
1528
1231
1310
1324
1382
1347
881
1262
1191
1371
801
1266
981
1369
1107
1260
1208
1227
1428
1281
1341
1332
1410
1341
811
1303
1226
1328
845
1269
1361
1323
1099
1184
1133
1182
1565
1242
1414
1295
1381
1300
796
1278
1239
1306
847
1219
1405
1312
1186
1206
1244
1251
1432
1241
1514
1286
1410
1258
895
1319
1319
1259
955
1216
1508
1238
1196
1245
1254
1186
1555
1261
1560
1311
1425
1284
840
1325
1266
1278
931
1241
1497
1270
1187
1219
1255
1296
1325
1268
1521
1314
1389
1273
889
1346
1270
1336
1367
1314
1277
1242
1183
1202
1166
1202
1150
1215
1054
1313
1354
1344
1263
1334
1240
1326
1188
1286
1308
1270
1416
1248
1280
1176
1228
1183
1059
1212
932
1235
1279
1333
1321
1339
1407
1321
1506
1279
1439
1253
1463
1255
1390
1189
1100
1266
934
1254
891
1237
892
1326
1413
1337
1558
1307
1616
1289
1465
1244
1345
1253
1208
1265
938
1265
822
1255
916
1255
1032
1237
1577
1326
1694
1318
1670
1315
1558
1298
1231
1290
1118
1291
1034
1300
953
1291
1041
1255
1185
1234
1214
1324
1684
1339
1570
1336
1427
1350
1117
1326
1072
1341
1137
1334
1116
1251
1193
1233
1288
1270
1228
1213
1542
1327
1437
1334
1311
1333
1252
1302
1140
1263
1260
1269
1346
1231
1253
1229
1252
1226
1110
1202
995
1328
1346
1350
1341
1352
1389
1344
1364
1283
1447
1276
1505
1270
1257
1232
1139
1269
983
1250
905
1278
1322
1363
1433
1355
1538
1335
1640
1298
1486
1268
1432
1290
1285
1266
995
1277
864
1244
920
1268
996
1378
1574
1347
1660
1331
1661
1305
1432
1283
1260
1280
1122
1313
873
1253
881
1270
944
1251
1067
1228
1655
1322
1716
1316
1644
1321
1470
1294
1159
1297
1084
1295
1062
1250
1033
1237
1137
1251
1195
1282
1193
1313
1615
1338
1509
1350
1316
1352
1145
1312
1127
1314
1171
1300
1192
1228
1286
1209
1295
1260
1161
1211
1487
1337
1434
1337
1335
1342
1359
1278
1282
1300
1429
1282
1514
1247
1305
1249
1243
1278
1075
1225
976
1334
1380
1361
1427
1335
1513
1322
1485
1264
1500
1253
1447
1251
1161
1196
1024
1202
884
1256
861
1226
1361
1339
1492
1264
1603
1308
1629
1276
1420
1258
1288
1276
1173
1249
923
1239
878
1223
1001
1259
1088
1298
1710
1311
1743
1280
1656
1298
1397
1277
1206
1284
1102
1297
939
1253
1020
1231
1133
1241
1236
1211
1680
1310
1649
1285
1561
1292
1374
1284
1111
1227
1131
1271
1213
1223
1131
1203
1230
1195
1211
1176
1150
1241
1451
1280
1276
1310
1151
1324
1037
1267
1061
1269
1203
1255
1171
1181
1156
1213
1048
1175
977
1182
1188
1299
1217
1290
1234
1276
1322
1257
1273
1195
1370
1175
1405
1110
1133
1128
938
1157
734
1149
701
1167
1156
1280
1265
1252
1392
1230
1435
1162
1303
1159
1203
1177
921
1203
748
1210
698
1287
697
1341
1128
1423
1542
1417
1666
1388
1762
1359
1556
1311
1445
1322
1311
1351
1049
1380
1033
1414
1098
1446
1299
1452
1884
1519
1965
1487
1919
1391
1764
1299
1445
1270
1300
1287
1081
1328
963
1366
1014
1433
1059
1422
1126
1516
1609
1450
1578
1355
1517
1252
1289
1150
1237
1137
1183
1181
987
1253
946
1306
945
1397
917
1372
1427
1447
1532
1329
1582
1185
1629
1061
1491
978
1465
1031
1367
1084
1143
1175
1015
1271
991
1320
1002
1329
1606
1244
1737
1113
1752
999
1576
913
1416
950
1228
1068
876
1211
681
1336
679
1389
776
1373
1323
1375
1564
1248
1632
1123
1580
1046
1252
1027
1057
1099
867
1174
589
1347
627
1438
708
1427
947
1487
1556
1391
1628
1268
1553
1190
1313
1151
1020
1189
868
1287
629
1395
642
1461
711
1518
903
1528
1385
1525
1646
1417
1621
1290
1510
1192
1256
1144
1138
1181
1112
1239
951
1352
1002
1456
1109
1442
1175
1445
1735
1410
1754
1271
1714
1143
1610
1045
1374
1040
1296
1116
1141
1200
978
1380
1047
1412
1159
1401
1228
1443
1732
1321
1797
1187
1736
1097
1448
1027
1257
1104
1083
1243
783
1336
797
1461
915
1457
1153
1432
1778
1367
1981
1246
1926
1143
1765
1078
1346
1111
1077
1217
894
1342
671
1425
776
1472
1048
1484
1274
1431
1946
1311
1958
1183
1769
1099
1364
1083
1036
1154
856
1269
663
1317
699
1472
937
1431
1231
1364
1763
1388
1906
1306
1796
1180
1581
1157
1188
1153
1024
1246
997
1330
889
1408
1058
1425
1220
1402
1425
1332
1879
1326
1822
1202
1680
1099
1493
1044
1190
1081
1096
1170
939
1226
900
1337
936
1396
1064
1378
1059
1398
1567
1258
1536
1172
1444
1094
1198
1049
1093
1124
999
1245
749
1330
806
1453
884
1445
1009
1420
1602
1372
1725
1266
1699
1151
1588
1087
1237
1102
1055
1210
922
1326
712
1437
787
1485
903
1411
1163
1428
1801
1297
1864
1159
1766
1099
1462
1077
1144
1150
980
1268
813
1385
861
1437
1063
1471
1278
1408
1762
1402
2010
1278
1883
1180
1714
1128
1310
1125
1125
1208
1049
1298
942
1351
1078
1463
1278
1396
1437
1365
1930
1380
1867
1257
1680
1157
1454
1084
1086
1084
1009
1172
986
1226
912
1303
1106
1348
1202
1340
1284
1345
1742
1250
1593
1137
1417
1052
1109
1019
942
1080
899
1197
766
1300
852
1363
999
1446
1073
1377
1568
1386
1625
1235
1513
1115
1336
1056
988
1053
870
1149
826
1263
739
1324
838
1374
1089
1415
1228
1288
1784
1282
1755
1147
1577
1089
1326
1067
959
1167
851
1295
840
1382
859
1473
1043
1433
1317
1401
1466
1380
1913
1284
1754
1203
1479
1189
1052
1198
861
1297
845
1412
781
1486
1039
1530
1270
1444
1459
1410
1876
1388
1813
1278
1560
1218
1275
1196
935
1209
907
1291
1015
1316
1045
1392
1320
1446
1473
1386
1471
1311
1869
1312
1670
1239
1427
1164
1193
1125
969
1175
1000
1262
1054
1342
1146
1357
1248
1363
1333
1331
1328
1307
1648
1195
1490
1087
1322
1053
1067
1070
1037
1134
1105
1261
1027
1321
1135
1397
1261
1345
1299
1259
1650
1261
1602
1157
1448
1087
1306
1082
1029
1142
990
1267
1033
1366
973
1428
1047
1404
1137
1369
1194
1230
1610
1220
1502
1136
1351
1076
1179
1118
924
1228
912
1314
968
1369
957
1409
1078
1330
1231
1232
1252
1219
1633
1140
1470
1063
1266
1098
974
1126
869
1234
938
1330
924
1336
974
1387
1206
1336
1311
1248
1645
1277
1594
1190
1374
1151
1199
1161
894
1201
950
1298
1055
1388
1028
1435
1191
1395
1340
1384
1360
1269
1711
1251
1570
1165
1370
1145
1156
1153
977
1248
1025
1363
1152
1439
1121
1436
1245
1398
1339
1335
1240
1272
1628
1152
1469
1082
1262
1079
986
1153
915
1286
1008
1417
1017
1445
1212
1424
1327
1400
1312
1250
1556
1231
1556
1156
1371
1151
1222
1208
996
1296
1053
1422
1202
1495
1235
1495
1353
1399
1492
1325
1442
1174
1709
1178
1507
1149
1273
1173
1159
1236
944
1324
1085
1398
1273
1433
1277
1371
1382
1248
1415
1193
1325
1081
1605
1105
1390
1087
1201
1137
1059
1196
1019
1289
1176
1364
1258
1347
1334
1359
1358
1252
1338
1173
1137
1193
1416
1150
1217
1150
1103
1209
919
1268
984
1375
1183
1450
1186
1423
1291
1390
1273
1269
1199
1179
1447
1182
1335
1138
1231
1159
1173
1234
1041
1314
1165
1427
1308
1451
1239
1488
1297
1366
1253
1270
1172
1156
1432
1151
1297
1146
1184
1219
1132
1294
1034
1408
1181
1491
1336
1500
1266
1433
1239
1319
1281
1191
1141
1160
1453
1156
1312
1202
1229
1282
1099
1354
1164
1406
1330
1487
1395
1426
1402
1389
1381
1239
1349
1151
1207
1179
1474
1171
1364
1206
1259
1294
1151
1312
1263
1433
1411
1463
1323
1421
1394
1318
1300
1206
1143
1128
1402
1140
1325
1130
1234
1160
1214
1220
1114
1307
1252
1395
1366
1414
1232
1382
1219
1299
1161
1197
1014
1089
1336
1141
1219
1151
1179
1204
1213
1288
1163
1390
1294
1465
1400
1431
1222
1344
1199
1244
1157
1152
1013
1141
1403
1121
1333
1159
1325
1257
1265
1337
1275
1423
1386
1484
1389
1393
1261
1349
1227
1243
1154
1084
1039
1135
1407
1128
1336
1195
1284
1295
1138
1371
1199
1457
1277
1473
1207
1367
1165
1318
1129
1172
1101
1088
1399
1139
1368
1171
1318
1268
1272
1382
1199
1446
1310
1507
1397
1502
1258
1391
1274
1307
1213
1161
1144
1100
1480
1161
1422
1196
1373
1284
1377
1373
1281
1471
1368
1524
1418
1456
1266
1384
1248
1244
1175
1112
1127
1136
1494
1144
1406
1206
1386
1317
1356
1385
1269
1482
1336
1482
1384
1358
1242
1295
1244
1162
1161
1021
1117
1079
1467
1113
1397
1213
1337
1325
1224
1398
1231
1470
1298
1459
1286
1359
1238
1241
1177
1128
1146
1074
1157
1128
1415
1175
1319
1253
1302
1357
1170
1406
1240
1371
1325
1411
1218
1273
1195
1214
1156
1061
1119
1020
1382
1120
1364
1164
1297
1255
1289
1369
1185
1416
1270
1434
1344
1413
1156
1271
1192
1181
1096
1079
985
1034
1349
1136
1290
1194
1278
1273
1295
1389
1160
1443
1266
1458
1326
1398
1170
1243
1087
1149
1076
1091
985
994
1357
1153
1308
1223
1319
1322
1322
1405
1216
1467
1283
1454
1337
1350
1151
1289
1141
1167
1088
1056
998
1123
1376
1207
1294
1290
1290
1416
1205
1479
1171
1512
1240
1489
1266
1360
1117
1255
1137
1162
1059
1042
968
1165
1349
1245
1314
1323
1303
1402
1207
1439
1270
1480
1369
1440
1302
1288
1272
1196
1217
1126
1134
1078
1380
1155
1439
1219
1410
1292
1404
1420
1287
1459
1331
1489
1402
1436
1231
1313
1245
1171
1189
1089
1110
1018
1465
1130
1442
1175
1431
1310
1428
1393
1302
1457
1356
1461
1408
1390
1248
1216
1241
1068
1212
1016
1054
934
1418
1106
1349
1201
1310
1337
1308
1433
1185
1470
1249
1454
1304
1359
1157
1226
1180
1032
1097
1000
996
989
1332
1134
1264
1232
1229
1387
1266
1444
1178
1509
1261
1468
1343
1315
1181
1155
1131
1049
1083
1048
958
1078
1304
1186
1255
1323
1266
1435
1304
1494
1262
1495
1374
1449
1430
1326
1219
1162
1165
1078
1012
1029
892
1108
1258
1193
1234
1323
1264
1476
1324
1495
1321
1515
1436
1449
1441
1313
1245
1170
1123
1027
1015
957
888
1097
1272
1214
1271
1372
1319
1510
1291
1554
1348
1543
1426
1447
1339
1230
1218
1105
1091
942
1023
929
1160
1104
1183
1242
1267
1405
1315
1524
1280
1536
1351
1486
1425
1358
1283
1151
1205
1024
1084
914
986
954
1263
1152
1222
1306
1268
1459
1333
1553
1284
1526
1381
1458
1449
1305
1245
1124
1171
1017
1041
922
934
984
1247
1185
1186
1347
1257
1474
1351
1580
1317
1534
1416
1446
1478
1298
1287
1117
1148
1007
982
914
882
1010
1211
1205
1190
1393
1264
1519
1351
1596
1331
1542
1412
1429
1446
1249
1205
1077
1053
943
962
918
851
990
1224
1227
1219
1412
1293
1548
1408
1617
1324
1536
1408
1396
1429
1168
1209
963
1079
918
970
873
854
1050
1278
1271
1288
1471
1353
1599
1446
1590
1369
1493
1422
1330
1436
1125
1197
953
1087
930
930
941
819
1167
1191
1365
1268
1535
1376
1643
1488
1584
1422
1443
1494
1269
1484
1082
1198
884
1053
890
949
969
775
1196
1155
1375
1302
1533
1419
1616
1542
1564
1479
1426
1505
1252
1459
1020
1157
948
992
924
827
959
780
1210
1127
1389
1292
1558
1408
1626
1523
1545
1436
1393
1454
1202
1345
1010
996
851
864
854
775
991
695
1255
1091
1450
1288
1610
1409
1631
1520
1528
1437
1326
1425
1117
1320
946
947
858
869
917
709
1009
883
1314
1151
1488
1304
1626
1431
1622
1533
1478
1427
1280
1395
1089
1245
896
957
841
785
915
744
1097
966
1367
1161
1531
1342
1621
1479
1587
1556
1431
1413
1243
1331
1067
1149
919
926
872
761
924
745
1099
1128
1368
1161
1540
1379
1638
1477
1602
1530
1432
1355
1230
1261
1047
1065
923
839
847
763
973
720
1158
1163
1385
1285
1613
1420
1668
1532
1591
1564
1415
1373
1205
1285
1004
1100
843
884
887
811
984
855
1183
1269
1479
1316
1673
1463
1685
1530
1578
1547
1344
1354
1118
1289
947
1050
871
878
919
876
1069
831
1266
1302
1519
1313
1650
1469
1641
1551
1501
1610
1286
1360
1067
1271
941
980
836
886
943
791
1065
855
1277
1197
1542
1311
1659
1478
1624
1536
1485
1534
1283
1317
1065
1219
937
955
851
899
911
856
1134
815
1351
1064
1579
1348
1679
1478
1644
1531
1485
1495
1260
1274
1041
1161
913
1037
869
912
937
851
1157
909
1399
1283
1641
1329
1704
1513
1631
1544
1428
1508
1197
1292
987
1219
876
1043
836
944
980
881
1186
939
1437
1128
1644
1332
1674
1462
1571
1481
1354
1458
1129
1248
929
1169
855
997
872
936
991
882
1247
937
1494
1074
1679
1347
1671
1430
1543
1477
1338
1427
1142
1216
943
1146
908
1014
974
903
1103
861
1300
911
1514
1131
1663
1331
1635
1464
1515
1471
1309
1429
1109
1235
941
1178
904
1117
930
906
1091
889
1346
963
1573
1082
1678
1307
1648
1413
1478
1438
1296
1426
1093
1276
920
1237
905
1194
935
994
1166
935
1366
963
1585
960
1693
1208
1636
1398
1450
1419
1221
1486
1023
1391
886
1323
895
1290
1002
1046
1207
985
1441
940
1618
1011
1665
1213
1573
1433
1385
1495
1184
1525
1029
1472
910
1335
957
1270
1102
1033
1267
982
1528
937
1606
1241
1667
1267
1556
1433
1383
1539
1180
1573
1027
1506
933
1354
988
1281
1109
1057
1301
1007
1543
936
1611
1152
1646
1272
1543
1399
1361
1503
1174
1529
1013
1524
950
1316
1010
1259
1163
984
1346
976
1554
941
1634
1067
1619
1253
1511
1390
1342
1561
1159
1581
1024
1577
976
1369
1044
1249
1219
1050
1398
995
1564
919
1612
1061
1618
1230
1468
1432
1299
1556
1114
1633
1004
1639
977
1398
998
1299
1214
1069
1339
960
1532
937
1590
1060
1537
1225
1407
1487
1204
1595
1082
1632
1019
1596
1000
1352
1062
1228
1232
971
1364
956
1532
897
1569
1052
1509
1340
1332
1378
1225
1632
1071
1661
995
1589
1001
1359
1072
1186
1248
1075
1382
893
1525
859
1569
1212
1515
1290
1379
1405
1204
1600
1074
1641
1001
1565
1024
1373
1111
1154
1292
1060
1412
824
1533
850
1582
961
1520
1098
1339
1530
1178
1620
1044
1670
1024
1602
1062
1440
1152
1151
1337
1063
1455
844
1566
896
1523
1003
1468
1166
1334
1495
1188
1628
1090
1681
1076
1573
1122
1396
1206
1108
1349
993
1495
828
1536
884
1534
998
1419
1387
1315
1472
1184
1675
1093
1641
1066
1576
1099
1382
1211
1110
1327
989
1446
788
1519
939
1491
1054
1431
1235
1283
1517
1168
1644
1071
1676
1059
1561
1112
1387
1224
1152
1347
1043
1477
937
1538
941
1525
1146
1415
1298
1273
1539
1160
1668
1084
1707
1060
1597
1150
1395
1290
1219
1367
1050
1444
1061
1530
1038
1495
1150
1350
1363
1242
1523
1158
1674
1086
1631
1107
1502
1183
1312
1289
1097
1373
958
1458
1001
1492
998
1450
1116
1335
1335
1259
1427
1173
1624
1115
1523
1113
1380
1179
1244
1278
1119
1370
1039
1434
1075
1469
1068
1446
1272
1296
1400
1244
1445
1174
1597
1113
1509
1116
1403
1160
1260
1261
1181
1348
1149
1409
1194
1441
1202
1432
1333
1356
1419
1246
1572
1164
1446
1111
1382
1116
1315
1180
1187
1286
1132
1380
1113
1423
1146
1459
1219
1418
1279
1345
1401
1236
1453
1159
1360
1083
1281
1151
1164
1214
1139
1293
1131
1376
1170
1414
1240
1438
1320
1411
1289
1349
1384
1286
1390
1166
1299
1170
1210
1183
1142
1234
1119
1303
1124
1363
1214
1425
1300
1444
1434
1417
1547
1355
1509
1262
1400
1221
1337
1163
1188
1188
1168
1210
1156
1289
1213
1336
1393
1411
1483
1430
1546
1432
1468
1379
1528
1255
1363
1198
1206
1150
1110
1154
1139
1219
1147
1261
1285
1338
1422
1399
1499
1418
1531
1382
1522
1344
1411
1261
1255
1188
1148
1155
1043
1159
1036
1207
1147
1250
1277
1341
1423
1384
1551
1419
1578
1395
1581
1315
1458
1257
1313
1180
1107
1182
1005
1167
1020
1194
1085
1242
1205
1278
1420
1361
1535
1379
1585
1370
1557
1339
1315
1277
1229
1232
1021
1161
919
1165
905
1212
1044
1256
1260
1330
1500
1397
1640
1427
1652
1432
1537
1391
1444
1305
1184
1236
1052
1183
884
1206
909
1247
1063
1300
1365
1345
1604
1384
1708
1380
1805
1391
1641
1329
1468
1280
1222
1236
1001
1198
915
1209
970
1260
1144
1305
1383
1374
1576
1373
1740
1365
1751
1358
1593
1277
1415
1228
1164
1216
958
1206
870
1199
912
1234
1081
1262
1293
1290
1538
1298
1641
1307
1669
1298
1513
1271
1384
1251
1052
1232
903
1212
773
1223
786
1251
946
1237
1264
1263
1475
1283
1619
1290
1625
1281
1574
1275
1343
1231
1106
1226
844
1247
743
1231
834
1266
1038
1258
1286
1281
1505
1289
1665
1285
1688
1272
1579
1251
1390
1252
1203
1223
944
1245
890
1264
959
1236
1104
1273
1299
1293
1500
1278
1586
1263
1593
1238
1522
1215
1422
1244
1157
1249
993
1290
930
1320
955
1317
1043
1322
1289
1276
1422
1244
1535
1221
1585
1220
1529
1226
1362
1279
1254
1280
1065
1281
978
1328
1001
1337
1065
1306
1227
1247
1367
1222
1490
1191
1513
1203
1524
1212
1408
1234
1230
1270
1104
1311
1007
1337
1016
1357
1063
1326
1162
1276
1490
1233
1489
1189
1450
1161
1478
1182
1361
1220
1222
1275
1099
1320
1054
1359
1065
1371
1078
1339
1184
1307
1368
1224
1412
1176
1447
1148
1437
1140
1393
1203
1309
1289
1232
1362
1177
1416
1179
1431
1158
1370
1181
1283
1255
1218
1289
1142
1338
1111
1396
1127
1376
1180
1349
1283
1260
1372
1225
1441
1136
1427
1144
1360
1158
1290
1141
1174
1230
1096
1248
1085
1282
1078
1316
1160
1280
1276
1223
1342
1186
1381
1073
1397
1141
1336
1154
1257
1226
1161
1278
1070
1254
1031
1272
1041
1255
1114
1306
1179
1238
1286
1201
1386
1229
1402
1169
1374
1185
1289
1098
1182
1161
1083
1157
1001
1169
1028
1287
1113
1228
1187
1219
1329
1245
1413
1222
1473
1162
1435
1139
1334
1105
1215
1083
1103
1201
1002
1197
1083
1131
1121
1142
1248
1222
1358
1242
1466
1243
1494
1216
1459
1162
1358
1135
1238
1164
1117
1135
1058
1122
1049
1119
1107
1218
1220
1277
1326
1280
1428
1329
1487
1311
1451
1278
1381
1195
1279
1135
1176
1143
1086
1097
1052
1143
1098
1148
1182
1278
1300
1323
1413
1375
1472
1327
1486
1326
1374
1259
1284
1110
1160
1042
1047
1012
1017
1044
1034
1090
1121
1215
1238
1326
1372
1421
1463
1384
1482
1349
1404
1199
1340
1077
1180
992
1084
975
1025
1012
1052
1206
1104
1198
1283
1348
1371
1429
1461
1392
1485
1321
1441
1209
1345
1095
1231
979
1140
983
1088
1035
1076
1125
1182
1339
1250
1301
1367
1431
1444
1392
1480
1347
1460
1228
1381
1101
1275
999
1164
980
1118
934
1121
1088
1097
1279
1170
1361
1263
1445
1371
1434
1450
1361
1452
1233
1402
1161
1302
1065
1191
946
1097
1043
1077
1185
1062
1307
1112
1372
1216
1421
1320
1412
1414
1316
1433
1190
1402
1128
1293
1002
1213
1015
1120
1071
1063
1194
1072
1299
1138
1391
1231
1442
1325
1396
1394
1313
1421
1221
1393
1102
1345
1089
1250
1003
1170
1133
1114
1175
1097
1366
1107
1456
1184
1442
1270
1392
1347
1328
1376
1195
1410
1132
1387
1039
1313
1050
1221
1114
1146
1239
1110
1352
1127
1417
1146
1386
1225
1308
1326
1186
1379
1126
1412
1022
1414
976
1357
1013
1263
1080
1181
1263
1117
1371
1103
1539
1145
1574
1195
1368
1307
1229
1375
1106
1422
988
1417
912
1370
924
1286
1110
1201
1286
1141
1396
1101
1458
1138
1465
1173
1374
1260
1181
1325
1030
1369
965
1381
917
1344
972
1300
1118
1231
1379
1175
1354
1160
1542
1133
1476
1158
1344
1176
1191
1285
1084
1335
963
1360
928
1396
979
1370
1103
1326
1280
1258
1391
1188
1467
1163
1475
1152
1392
1204
1243
1265
1037
1361
911
1398
873
1401
952
1390
992
1338
1253
1259
1382
1193
1490
1137
1506
1146
1417
1170
1296
1219
1107
1289
950
1349
873
1371
873
1373
1049
1323
1219
1274
1407
1223
1500
1172
1536
1147
1506
1158
1377
1176
1188
1197
1242
1266
939
1339
977
1356
1094
1345
1238
1347
1411
1274
1492
1218
1507
1170
1541
1144
1414
1148
1275
1199
1149
1230
1039
1311
1014
1367
1042
1381
1186
1355
1256
1322
1404
1241
1454
1183
1448
1177
1393
1146
1292
1196
1221
1247
1080
1323
1023
1361
1017
1416
1042
1397
1155
1345
1241
1285
1344
1195
1468
1175
1394
1157
1370
1180
1261
1228
1169
1294
1112
1346
1027
1372
1034
1382
1069
1369
1154
1292
1311
1247
1385
1205
1443
1152
1418
1148
1417
1150
1325
1216
1246
1270
1173
1335
1128
1384
1098
1377
1062
1339
1136
1268
1221
1188
1360
1131
1433
1113
1473
1140
1428
1203
1350
1274
1315
1332
1114
1425
922
1422
889
1376
965
1298
1016
1215
1226
1152
1414
1088
1518
1144
1529
1212
1526
1279
1419
1362
1149
1412
982
1440
854
1395
881
1334
969
1271
1195
1197
1405
1157
1654
1149
1679
1173
1679
1254
1499
1325
1290
1387
1079
1415
855
1402
775
1348
868
1284
1045
1219
1298
1149
1493
1159
1768
1195
1801
1209
1694
1289
1493
1368
1202
1423
953
1406
769
1388
757
1356
884
1239
1183
1170
1506
1143
1777
1164
1908
1215
1914
1294
1702
1387
1343
1458
999
1460
696
1413
633
1343
811
1261
991
1204
1405
1166
1735
1142
2016
1211
1945
1265
1792
1349
1438
1391
1029
1395
765
1387
601
1342
689
1280
879
1231
1218
1186
1593
1174
1871
1183
2011
1228
1928
1256
1649
1320
1238
1371
881
1369
674
1362
613
1327
767
1275
1052
1214
1443
1172
1786
1171
2058
1185
2025
1243
1847
1317
1434
1373
996
1400
705
1389
542
1360
637
1275
905
1222
1295
1163
1738
1154
1923
1175
2011
1232
1875
1287
1498
1336
1134
1374
784
1386
617
1349
631
1319
821
1240
1199
1219
1524
1207
1806
1199
1949
1216
1868
1231
1572
1280
1265
1324
940
1340
693
1356
663
1363
655
1368
1066
1286
1348
1246
1674
1226
1848
1210
1880
1219
1753
1254
1487
1315
1159
1365
936
1409
744
1411
795
1348
985
1325
1264
1253
1544
1199
1713
1172
1863
1179
1834
1215
1602
1274
1342
1336
1047
1380
903
1387
828
1397
931
1355
1151
1300
1374
1234
1604
1188
1718
1171
1703
1191
1591
1245
1403
1281
1128
1341
966
1368
913
1378
939
1387
1078
1335
1230
1284
1407
1220
1516
1200
1558
1148
1606
1170
1444
1232
1283
1296
1155
1385
1051
1443
999
1427
1007
1400
1124
1323
1261
1237
1389
1151
1520
1128
1560
1147
1527
1209
1439
1282
1286
1366
1147
1412
1058
1418
1049
1398
1106
1328
1203
1231
1429
1152
1435
1159
1536
1161
1525
1184
1480
1270
1389
1334
1258
1373
1175
1409
1129
1418
1194
1368
1154
1307
1254
1237
1342
1181
1422
1131
1489
1174
1494
1208
1404
1263
1343
1321
1279
1360
1204
1402
1204
1368
1168
1332
1165
1269
1233
1168
1325
1158
1439
1167
1449
1173
1452
1229
1416
1299
1343
1352
1272
1353
1156
1363
1094
1326
1113
1243
1125
1214
1181
1172
1280
1162
1424
1179
1456
1229
1447
1282
1367
1323
1350
1330
1171
1327
1099
1313
1065
1281
1080
1251
1132
1244
1233
1214
1316
1204
1378
1151
1360
1250
1409
1233
1321
1250
1246
1275
1132
1286
1073
1295
1039
1287
1060
1282
1084
1250
1197
1213
1387
1178
1367
1185
1428
1214
1387
1227
1320
1264
1230
1291
1056
1305
1003
1312
971
1286
1025
1266
1011
1257
1302
1202
1421
1191
1491
1242
1479
1224
1364
1253
1269
1257
1124
1289
1032
1295
1007
1322
1101
1287
1130
1289
1273
1267
1420
1243
1495
1216
1488
1208
1446
1216
1340
1234
1196
1274
1072
1306
1063
1328
1043
1340
1024
1337
1122
1299
1336
1241
1437
1196
1562
1168
1539
1153
1477
1208
1321
1256
1215
1300
1067
1335
964
1322
950
1338
1051
1301
1196
1247
1420
1201
1540
1178
1582
1181
1540
1207
1600
1190
1404
1306
1067
1296
930
1326
944
1317
956
1289
1109
1250
1276
1222
1438
1198
1547
1186
1490
1218
1530
1234
1327
1259
1131
1285
1005
1300
892
1313
856
1289
994
1275
1120
1232
1280
1223
1445
1178
1542
1175
1525
1198
1433
1217
1283
1281
1092
1315
960
1307
903
1322
899
1290
996
1248
1043
1224
1287
1174
1476
1183
1554
1201
1544
1251
1462
1302
1170
1329
1065
1343
953
1328
900
1305
970
1255
1129
1235
1232
1226
1381
1202
1488
1239
1520
1262
1430
1288
1324
1294
1190
1296
1195
1291
965
1267
939
1269
1011
1244
1102
1201
1215
1228
1383
1206
1458
1225
1482
1234
1445
1265
1342
1274
1315
1307
1071
1297
1029
1292
987
1268
1028
1227
1072
1211
1204
1203
1361
1210
1452
1242
1454
1274
1446
1303
1408
1310
1248
1315
1133
1293
1057
1255
1034
1216
1068
1196
1128
1187
1266
1190
1355
1218
1367
1255
1477
1269
1383
1287
1307
1331
1214
1297
1125
1274
1025
1265
1024
1248
1017
1273
1010
1222
1161
1239
1304
1247
1325
1256
1360
1260
1370
1302
1298
1318
1233
1333
1141
1322
999
1324
1041
1268
1001
1223
1137
1211
1177
1209
1325
1217
1431
1259
1444
1286
1438
1320
1361
1320
1191
1353
1150
1302
1040
1269
1138
1236
1100
1211
1152
1195
1268
1243
1357
1276
1378
1308
1390
1337
1351
1359
1262
1339
1179
1333
1191
1305
1108
1285
1126
1213
1146
1265
1188
1225
1216
1231
1294
1236
1320
1261
1320
1286
1286
1306
1288
1328
1196
1307
1180
1293
1161
1260
1120
1229
1171
1194
1238
1186
1264
1192
1302
1206
1295
1265
1274
1297
1246
1314
1200
1305
1210
1286
1210
1258
1175
1212
1261
1198
1283
1160
1306
1193
1342
1226
1279
1258
1259
1289
1218
1297
1212
1309
1229
1291
1239
1305
1289
1276
1318
1250
1335
1239
1257
1236
1303
1235
1235
1242
1202
1260
1189
1266
1169
1284
1185
1296
1236
1306
1284
1299
1388
1301
1291
1281
1380
1243
1289
1273
1251
1224
1203
1225
1173
1245
1175
1274
1183
1289
1188
1317
1239
1319
1267
1310
1310
1285
1324
1253
1318
1257
1241
1226
1238
1236
1169
1248
1173
1198
1155
1286
1112
1275
1184
1279
1182
1286
1248
1279
1313
1254
1305
1257
1270
1243
1228
1207
1262
1223
1078
1235
1143
1229
1154
1238
1169
1258
1209
1286
1247
1299
1277
1299
1270
1277
1254
1251
1318
1206
1248
1197
1229
1197
1194
1212
1198
1221
1200
1266
1164
1290
1192
1310
1171
1324
1208
1280
1294
1248
1200
1222
1264
1208
1272
1209
1258
1233
1196
1261
1198
1285
1196
1304
1168
1301
1173
1309
1203
1288
1256
1281
1224
1241
1255
1233
1272
1239
1227
1238
1228
1253
1239
1249
1221
1237
1198
1268
1207
1272
1253
1276
1180
1268
1205
1229
1219
1227
1236
1198
1261
1201
1270
1220
1269
1244
1237
1275
1200
1306
1299
1308
1249
1306
1235
1278
1226
1292
1203
1251
1208
1232
1226
1226
1233
1234
1276
1261
1164
1311
1202
1316
1210
1303
1228
1287
1219
1280
1189
1263
1185
1250
1216
1237
1188
1239
1182
1249
1237
1269
1196
1269
1162
1292
1153
1278
1198
1277
1232
1259
1236
1250
1275
1255
1304
1236
1244
1260
1258
1251
1163
1255
1131
1257
1136
1260
1159
1267
1189
1268
1220
1261
1273
1265
1333
1297
1276
1262
1252
1262
1239
1254
1186
1257
1193
1244
1151
1260
1124
1289
1160
1265
1262
1244
1283
1251
1289
1235
1334
1228
1368
1240
1334
1232
1324
1265
1230
1273
1148
1278
1111
1266
1199
1226
1097
1234
1151
1229
1220
1211
1299
1224
1332
1244
1386
1263
1324
1281
1269
1285
1220
1284
1266
1217
1184
1235
1097
1202
1100
1221
1147
1230
1248
1237
1299
1254
1342
1285
1354
1277
1355
1274
1240
1277
1298
1249
1179
1255
1131
1237
1124
1261
1130
1263
1134
1268
1217
1258
1289
1260
1319
1300
1332
1264
1351
1264
1316
1259
1266
1260
1209
1264
1168
1269
1111
1282
1134
1267
1143
1265
1171
1270
1278
1268
1212
1286
1271
1287
1297
1275
1286
1286
1238
1282
1121
1280
1166
1275
1136
1283
1135
1296
1132
1316
1209
1307
1200
1304
1261
1263
1311
1278
1299
1256
1315
1251
1340
1261
1284
1267
1252
1284
1169
1303
1222
1310
1147
1296
1177
1254
1211
1247
1243
1214
1306
1207
1336
1217
1342
1255
1282
1253
1300
1260
1303
1287
1192
1300
1171
1286
1114
1292
1154
1271
1212
1259
1258
1285
1239
1288
1192
1248
1380
1253
1364
1277
1310
1284
1280
1309
1246
1331
1196
1331
1189
1324
1284
1265
1148
1285
1201
1233
1268
1216
1329
1201
1325
1180
1317
1239
1307
1275
1270
1309
1215
1328
1093
1348
1183
1304
1187
1279
1209
1253
1240
1211
1266
1225
1260
1223
1297
1242
1277
1276
1244
1298
1213
1323
1233
1328
1199
1324
1142
1316
1197
1280
1204
1258
1186
1242
1225
1224
1246
1227
1247
1217
1186
1269
1261
1285
1222
1288
1238
1300
1207
1299
1194
1293
1193
1262
1205
1249
1204
1229
1215
1209
1156
1231
1257
1242
1284
1261
1278
1292
1342
1325
1270
1325
1254
1336
1246
1330
1217
1297
1211
1262
1205
1233
1161
1245
1232
1225
1278
1224
1292
1266
1247
1283
1300
1304
1269
1303
1277
1290
1235
1277
1130
1280
1167
1254
1166
1237
1141
1224
1151
1221
1198
1239
1241
1258
1299
1278
1313
1300
1329
1316
1240
1349
1260
1289
1219
1254
1154
1236
1133
1212
1138
1203
1180
1210
1219
1228
1281
1264
1337
1289
1302
1321
1354
1313
1327
1289
1322
1258
1240
1222
1154
1206
1123
1178
1159
1193
1165
1224
1224
1243
1321
1279
1300
1303
1369
1316
1366
1302
1357
1297
1253
1275
1211
1253
1147
1250
1091
1227
1109
1232
1148
1240
1182
1259
1245
1284
1315
1310
1333
1325
1252
1317
1289
1301
1230
1274
1182
1233
1156
1212
1125
1231
1106
1189
1186
1228
1213
1264
1258
1292
1238
1314
1263
1321
1279
1304
1250
1277
1255
1234
1314
1191
1209
1174
1244
1172
1248
1191
1242
1217
1248
1236
1214
1274
1221
1280
1203
1278
1183
1268
1270
1230
1299
1203
1266
1178
1307
1172
1311
1163
1263
1189
1273
1206
1259
1238
1204
1270
1029
1289
1086
1291
1072
1285
1105
1266
1158
1213
1210
1233
1223
1214
1312
1214
1359
1232
1310
1264
1292
1284
1325
1281
1188
1352
1067
1319
1004
1305
1058
1280
1112
1255
1214
1236
1342
1240
1423
1251
1463
1284
1395
1295
1408
1304
1264
1306
1142
1304
1058
1305
1025
1270
1057
1276
1109
1259
1194
1252
1293
1252
1289
1268
1491
1254
1517
1260
1395
1243
1312
1274
1194
1248
1106
1306
987
1296
973
1293
1021
1296
1203
1251
1207
1261
1345
1254
1457
1254
1483
1254
1498
1257
1405
1263
1239
1269
1110
1294
1024
1289
963
1281
973
1267
1072
1269
1182
1267
1287
1260
1339
1252
1409
1244
1445
1229
1381
1241
1302
1273
1191
1265
1072
1275
1049
1290
1032
1275
1053
1278
1102
1270
1233
1247
1322
1228
1418
1224
1452
1224
1430
1233
1393
1250
1307
1274
1209
1314
1115
1273
1024
1289
1019
1266
954
1276
1137
1228
1214
1202
1309
1206
1408
1203
1478
1217
1434
1238
1362
1263
1260
1276
1158
1284
1167
1264
1091
1281
1042
1259
1097
1246
1187
1229
1273
1216
1384
1209
1454
1219
1449
1229
1424
1252
1357
1271
1303
1256
1128
1279
991
1295
1003
1266
1029
1251
1131
1228
1235
1231
1334
1231
1448
1231
1457
1235
1416
1261
1356
1273
1274
1267
1131
1261
1051
1240
1008
1240
1039
1231
1110
1248
1202
1252
1311
1260
1341
1273
1402
1262
1387
1262
1348
1254
1256
1231
1144
1250
1109
1249
1059
1255
1054
1274
1020
1308
1219
1289
1275
1277
1381
1281
1403
1308
1371
1271
1291
1259
1268
1246
1180
1247
1143
1214
1051
1253
1080
1260
1152
1278
1205
1254
1284
1303
1278
1305
1318
1288
1296
1276
1190
1247
1198
1206
1242
1195
1197
1196
1169
1220
1171
1241
1220
1263
1293
1286
1257
1288
1258
1288
1233
1243
1213
1249
1084
1233
1124
1204
1157
1203
1202
1201
1224
1226
1223
1245
1267
1266
1274
1273
1258
1278
1221
1285
1160
1279
1192
1276
1129
1269
1147
1224
1163
1234
1221
1227
1231
1227
1281
1226
1317
1235
1312
1243
1323
1258
1278
1280
1171
1308
1105
1297
1062
1288
1076
1267
1114
1245
1186
1246
1235
1223
1319
1200
1255
1234
1311
1230
1311
1239
1275
1250
1156
1264
1089
1272
1077
1283
1038
1271
1041
1267
1067
1261
1270
1207
1241
1215
1275
1200
1336
1201
1322
1204
1360
1224
1252
1250
1168
1285
1069
1309
1026
1303
926
1303
1002
1260
1071
1236
1172
1192
1273
1191
1303
1187
1428
1201
1437
1229
1372
1258
1271
1281
1173
1293
1049
1313
964
1292
956
1316
1010
1247
1081
1223
1229
1206
1350
1173
1423
1195
1456
1203
1495
1233
1309
1279
1186
1301
1088
1319
1008
1321
966
1295
982
1283
1061
1245
1175
1218
1305
1182
1412
1190
1517
1203
1421
1228
1369
1259
1252
1291
1047
1299
948
1303
900
1281
890
1268
943
1255
1098
1244
1321
1228
1374
1229
1453
1245
1392
1278
1292
1259
1202
1290
1105
1305
995
1317
947
1317
919
1345
1108
1296
1187
1302
1286
1281
1372
1261
1392
1249
1393
1239
1292
1250
1175
1268
1128
1278
985
1328
1052
1339
1105
1324
1204
1318
1262
1301
1317
1287
1331
1257
1347
1254
1281
1249
1225
1268
1236
1280
1149
1316
1095
1320
1080
1324
1171
1329
1231
1304
1319
1259
1340
1288
1339
1271
1312
1261
1262
1247
1140
1240
1124
1266
1095
1267
1125
1282
1124
1324
1188
1305
1276
1300
1331
1286
1363
1264
1386
1244
1329
1243
1244
1250
1191
1216
1140
1264
1140
1284
1135
1300
1150
1320
1221
1298
1304
1295
1362
1264
1341
1271
1367
1266
1334
1255
1250
1287
1243
1283
1134
1306
1132
1303
1122
1308
1148
1247
1167
1301
1338
1294
1366
1281
1430
1281
1424
1281
1402
1287
1303
1286
1278
1294
1204
1288
1180
1282
1122
1291
1202
1270
1251
1276
1334
1276
1426
1269
1451
1282
1475
1289
1461
1303
1381
1310
1326
1304
1176
1312
1163
1293
1174
1293
1198
1326
1232
1302
1272
1307
1348
1319
1409
1330
1401
1336
1397
1344
1410
1347
1290
1332
1231
1313
1193
1281
1182
1295
1166
1287
1220
1296
1283
1331
1323
1325
1351
1347
1401
1350
1331
1343
1254
1320
1231
1255
1237
1264
1191
1239
1176
1248
1251
1232
1290
1268
1421
1299
1308
1319
1380
1327
1324
1315
1278
1286
1224
1277
1193
1259
1164
1252
1228
1235
1273
1260
1222
1263
1392
1287
1473
1311
1388
1303
1379
1297
1321
1294
1254
1267
1178
1247
1154
1230
1193
1234
1220
1230
1346
1247
1376
1299
1428
1298
1454
1293
1455
1311
1370
1306
1305
1282
1218
1265
1142
1256
1109
1244
1075
1265
1245
1268
1290
1288
1382
1304
1478
1319
1501
1323
1493
1300
1449
1293
1334
1268
1252
1266
1187
1257
1171
1269
1150
1285
1212
1271
1301
1312
1389
1313
1432
1313
1477
1307
1469
1295
1409
1280
1367
1275
1296
1289
1207
1303
1183
1297
1203
1308
1224
1316
1308
1308
1377
1296
1477
1299
1394
1282
1466
1266
1432
1275
1330
1286
1281
1269
1246
1306
1229
1307
1230
1313
1142
1333
1276
1293
1308
1279
1336
1282
1332
1280
1326
1271
1338
1273
1303
1286
1246
1295
1245
1307
1128
1311
1249
1287
1216
1278
1270
1263
1260
1249
1285
1239
1313
1233
1309
1241
1289
1258
1260
1276
1176
1285
1254
1276
1207
1272
1204
1236
1229
1238
1270
1233
1252
1246
1297
1245
1297
1257
1295
1257
1328
1281
1299
1289
1236
1275
1225
1260
1211
1263
1249
1248
1209
1240
1249
1255
1204
1311
1272
1276
1269
1309
1292
1309
1269
1311
1227
1298
1205
1288
1139
1268
1161
1250
1194
1233
1270
1232
1251
1259
1293
1262
1328
1286
1327
1297
1286
1296
1301
1288
1179
1270
1187
1248
1259
1214
1178
1170
1172
1223
1222
1232
1283
1244
1371
1249
1384
1259
1350
1275
1320
1276
1260
1273
1145
1312
1083
1263
1110
1262
1138
1254
1192
1255
1232
1241
1328
1250
1352
1263
1368
1256
1326
1238
1236
1263
1195
1273
1154
1284
1150
1295
1111
1301
1099
1289
1169
1283
1241
1272
1290
1250
1330
1219
1365
1216
1411
1220
1289
1224
1230
1230
1157
1251
1119
1308
1066
1319
1118
1314
1155
1304
1214
1243
1194
1231
1346
1210
1318
1213
1329
1226
1301
1234
1264
1265
1196
1291
1185
1327
1154
1333
1146
1321
1129
1294
1241
1266
1238
1242
1230
1232
1310
1211
1321
1223
1338
1231
1337
1263
1268
1330
1170
1304
1099
1320
1199
1303
1107
1302
1141
1229
1181
1242
1225
1234
1275
1237
1314
1245
1346
1279
1303
1265
1283
1268
1257
1265
1191
1258
1164
1246
1157
1242
1163
1236
1194
1243
1199
1259
1284
1286
1294
1279
1366
1274
1308
1283
1283
1258
1265
1272
1220
1259
1187
1254
1173
1262
1184
1269
1230
1291
1306
1314
1279
1322
1352
1313
1334
1304
1333
1271
1292
1263
1239
1251
1218
1251
1186
1240
1163
1255
1170
1272
1248
1287
1232
1303
1292
1297
1297
1284
1335
1260
1291
1243
1259
1229
1213
1217
1152
1221
1129
1230
1130
1250
1150
1265
1188
1282
1252
1295
1313
1282
1330
1265
1358
1251
1342
1227
1274
1246
1199
1246
1186
1258
1111
1275
1069
1298
1110
1298
1195
1295
1244
1280
1359
1254
1436
1233
1452
1214
1403
1222
1333
1241
1239
1250
1137
1272
1082
1290
1071
1291
1100
1274
1168
1268
1266
1249
1345
1228
1414
1223
1429
1226
1397
1244
1328
1258
1247
1284
1160
1302
1113
1303
1096
1320
1102
1289
1145
1273
1177
1254
1284
1211
1369
1241
1387
1236
1387
1259
1372
1261
1306
1297
1220
1301
1168
1293
1136
1285
1086
1257
1125
1225
1185
1226
1238
1229
1299
1215
1363
1238
1383
1254
1357
1262
1332
1264
1285
1262
1229
1241
1210
1221
1188
1255
1187
1216
1195
1239
1258
1228
1273
1269
1315
1246
1351
1259
1366
1278
1329
1256
1308
1227
1284
1229
1228
1222
1199
1210
1177
1222
1160
1259
1157
1251
1179
1258
1254
1260
1255
1260
1270
1262
1291
1240
1304
1233
1255
1220
1237
1229
1171
1197
1150
1254
1121
1266
1169
1273
1186
1274
1207
1254
1227
1255
1225
1231
1219
1223
1245
1214
1229
1213
1224
1221
1192
1258
1220
1260
1227
1279
1198
1238
1199
1270
1174
1257
1175
1216
1180
1202
1190
1183
1169
1191
1239
1205
1270
1229
1233
1307
1230
1291
1205
1278
1200
1287
1191
1270
1202
1235
1193
1212
1191
1204
1196
1205
1203
1220
1190
1245
1199
1301
1185
1302
1194
1309
1203
1298
1217
1258
1208
1255
1183
1225
1179
1209
1140
1209
1122
1213
1156
1230
1146
1255
1157
1283
1160
1278
1193
1314
1181
1304
1184
1283
1185
1247
1166
1241
1151
1233
1143
1233
1149
1246
1146
1264
1158
1285
1161
1302
1147
1304
1159
1305
1183
1294
1196
1245
1207
1243
1210
1226
1222
1224
1179
1228
1173
1233
1165
1256
1169
1259
1175
1265
1178
1272
1208
1244
1199
1230
1217
1211
1244
1199
1211
1209
1184
1226
1159
1234
1142
1256
1124
1263
1143
1235
1167
1263
1181
1249
1186
1242
1211
1239
1189
1236
1173
1248
1147
1260
1134
1273
1092
1279
1124
1274
1165
1283
1181
1262
1198
1257
1228
1271
1230
1258
1215
1244
1228
1242
1235
1252
1176
1248
1170
1272
1161
1263
1146
1257
1157
1247
1189
1238
1215
1235
1236
1243
1268
1233
1313
1242
1272
1246
1263
1242
1215
1274
1177
1264
1133
1261
1160
1252
1152
1250
1195
1228
1260
1239
1295
1240
1317
1270
1318
1269
1323
1287
1286
1285
1241
1267
1218
1274
1188
1250
1177
1220
1190
1216
1210
1234
1216
1256
1221
1270
1261
1298
1272
1314
1275
1300
1291
1290
1250
1276
1225
1263
1177
1256
1170
1249
1140
1260
1154
1276
1185
1303
1177
1335
1207
1332
1247
1333
1261
1315
1251
1301
1251
1278
1212
1280
1190
1262
1154
1260
1193
1257
1184
1267
1195
1281
1212
1286
1211
1291
1213
1281
1236
1246
1240
1245
1224
1235
1243
1238
1233
1236
1263
1251
1282
1268
1274
1277
1289
1292
1235
1277
1229
1264
1222
1264
1208
1244
1221
1237
1175
1231
1225
1249
1246
1265
1267
1287
1285
1328
1267
1310
1299
1292
1283
1286
1263
1261
1240
1248
1250
1226
1227
1243
1199
1278
1215
1268
1220
1297
1248
1306
1282
1317
1332
1304
1315
1301
1321
1296
1304
1272
1256
1261
1221
1259
1189
1270
1152
1283
1199
1300
1230
1296
1279
1335
1305
1318
1323
1316
1339
1307
1296
1309
1286
1281
1305
1277
1274
1274
1236
1280
1226
1265
1242
1302
1218
1322
1273
1310
1329
1300
1317
1284
1327
1273
1324
1259
1315
1241
1285
1265
1267
1251
1246
1291
1212
1292
1187
1298
1247
1284
1263
1245
1297
1237
1311
1229
1307
1230
1265
1228
1249
1258
1178
1265
1191
1272
1196
1288
1201
1338
1228
1308
1232
1283
1293
1265
1331
1259
1283
1239
1271
1254
1260
1265
1226
1282
1236
1295
1252
1306
1261
1341
1255
1313
1288
1311
1322
1297
1296
1248
1304
1265
1294
1249
1286
1231
1262
1239
1284
1241
1295
1261
1263
1264
1267
1283
1243
1266
1231
1292
1232
1281
1266
1269
1269
1272
1293
1250
1324
1249
1298
1294
1276
1273
1271
1287
1277
1295
1228
1297
1212
1275
1221
1285
1228
1286
1245
1251
1269
1268
1298
1291
1292
1277
1279
1280
1296
1284
1267
1276
1276
1277
1243
1268
1215
1283
1207
1267
1197
1265
1217
1267
1249
1276
1293
1277
1318
1281
1333
1277
1337
1284
1306
1287
1269
1284
1235
1284
1202
1279
1188
1290
1203
1293
1258
1287
1303
1309
1332
1333
1365
1333
1352
1328
1335
1327
1319
1323
1274
1297
1249
1280
1217
1279
1240
1274
1249
1279
1275
1277
1304
1303
1325
1306
1329
1318
1307
1325
1289
1315
1255
1299
1226
1258
1220
1266
1207
1263
1208
1266
1239
1274
1273
1278
1281
1294
1295
1292
1308
1287
1260
1283
1231
1280
1215
1256
1202
1243
1185
1253
1193
1254
1232
1273
1256
1280
1303
1281
1337
1282
1324
1272
1289
1264
1251
1250
1214
1248
1173
1239
1155
1251
1200
1252
1208
1260
1261
1272
1315
1281
1346
1271
1306
1301
1288
1277
1272
1265
1189
1258
1195
1244
1182
1250
1183
1244
1197
1270
1214
1298
1237
1293
1248
1300
1277
1295
1289
1281
1290
1263
1269
1235
1271
1250
1253
1255
1238
1261
1236
1275
1218
1285
1234
1290
1254
1292
1280
1279
1291
1260
1307
1252
1288
1249
1277
1258
1234
1274
1258
1287
1270
1309
1246
1303
1260
1320
1257
1284
1242
1286
1220
1265
1230
1249
1219
1263
1165
1252
1218
1263
1240
1280
1249
1304
1283
1316
1286
1309
1266
1300
1229
1279
1221
1254
1196
1262
1192
1239
1210
1237
1232
1284
1238
1287
1249
1305
1290
1320
1272
1331
1301
1318
1296
1312
1267
1313
1249
1264
1253
1243
1251
1240
1241
1246
1217
1251
1257
1282
1273
1303
1277
1306
1306
1314
1304
1315
1308
1290
1297
1267
1287
1253
1289
1254
1245
1255
1241
1266
1206
1241
1220
1293
1217
1291
1254
1280
1265
1269
1284
1252
1298
1252
1275
1244
1228
1260
1257
1282
1223
1290
1215
1297
1201
1295
1210
1303
1198
1272
1214
1218
1242
1248
1235
1239
1261
1248
1265
1270
1268
1288
1243
1307
1273
1312
1276
1321
1236
1364
1219
1312
1206
1285
1231
1264
1252
1250
1302
1238
1297
1253
1312
1271
1320
1285
1313
1288
1270
1296
1250
1281
1219
1277
1221
1258
1224
1235
1259
1198
1281
1217
1283
1226
1304
1251
1287
1276
1274
1290
1306
1307
1272
1292
1250
1296
1225
1222
1236
1255
1211
1278
1227
1256
1253
1276
1276
1293
1274
1317
1299
1329
1306
1324
1283
1310
1277
1281
1253
1262
1208
1247
1212
1244
1247
1255
1251
1247
1263
1284
1290
1298
1313
1298
1287
1286
1295
1269
1274
1249
1274
1247
1260
1221
1249
1247
1264
1220
1245
1258
1294
1281
1297
1282
1288
1274
1276
1281
1301
1261
1288
1255
1279
1241
1304
1233
1282
1235
1255
1243
1247
1258
1244
1279
1229
1282
1243
1286
1245
1302
1251
1273
1232
1255
1267
1234
1286
1234
1235
1229
1219
1249
1185
1271
1162
1299
1147
1316
1171
1312
1182
1300
1195
1282
1216
1263
1227
1253
1206
1242
1203
1245
1192
1259
1173
1289
1149
1298
1169
1306
1176
1304
1186
1283
1201
1266
1197
1248
1208
1235
1175
1226
1222
1233
1202
1271
1215
1253
1237
1271
1260
1274
1221
1277
1212
1258
1239
1262
1246
1249
1249
1240
1274
1258
1265
1271
1279
1258
1264
1262
1250
1269
1238
1279
1229
1244
1256
1260
1297
1251
1284
1229
1294
1229
1283
1222
1275
1238
1233
1251
1237
1236
1213
1258
1219
1255
1240
1253
1236
1255
1245
1229
1268
1217
1258
1213
1239
1209
1236
1214
1210
1236
1185
1258
1187
1269
1205
1262
1198
1254
1218
1243
1213
1224
1202
1221
1163
1227
1198
1223
1202
1239
1180
1249
1164
1275
1190
1262
1215
1262
1237
1257
1235
1236
1234
1247
1208
1227
1209
1246
1197
1260
1198
1260
1208
1270
1151
1263
1211
1266
1215
1259
1236
1272
1240
1255
1240
1253
1243
1252
1228
1262
1207
1262
1213
1270
1202
1274
1183
1276
1162
1291
1188
1277
1190
1278
1203
1265
1244
1237
1252
1222
1231
1232
1218
1252
1195
1247
1158
1282
1130
1269
1131
1283
1106
1275
1153
1275
1188
1263
1210
1258
1222
1252
1231
1252
1209
1256
1191
1259
1191
1268
1216
1271
1196
1269
1185
1273
1177
1221
1190
1272
1154
1268
1180
1280
1224
1260
1227
1261
1241
1260
1248
1248
1255
1262
1237
1254
1223
1247
1220
1245
1194
1240
1184
1243
1195
1241
1207
1199
1230
1240
1243
1246
1249
1246
1236
1249
1224
1253
1204
1261
1207
1256
1206
1257
1190
1306
1184
1269
1165
1259
1205
1254
1215
1254
1235
1249
1243
1256
1246
1283
1229
1280
1223
1275
1223
1288
1206
1271
1171
1265
1185
1262
1200
1267
1211
1248
1243
1271
1249
1272
1287
1277
1284
1283
1290
1274
1301
1276
1248
1276
1237
1274
1203
1235
1202
1266
1196
1260
1238
1247
1259
1242
1263
1230
1273
1238
1244
1241
1213
1250
1198
1251
1184
1261
1163
1260
1126
1253
1183
1248
1189
1250
1199
1228
1217
1249
1216
1238
1204
1274
1193
1255
1217
1290
1202
1295
1234
1281
1254
1274
1236
1301
1233
1269
1226
1270
1228
1273
1216
1285
1225
1283
1234
1299
1232
1299
1236
1301
1253
1291
1240
1290
1240
1282
1235
1281
1237
1280
1218
1279
1230
1301
1247
1279
1224
1273
1240
1272
1217
1281
1232
1298
1260
1290
1241
1277
1256
1280
1240
1260
1244
1261
1238
1264
1235
1251
1231
1254
1239
1245
1240
1262
1242
1263
1261
1247
1269
1260
1253
1250
1241
1249
1223
1237
1192
1233
1192
1242
1214
1234
1226
1273
1242
1251
1282
1255
1270
1250
1273
1257
1245
1265
1237
1261
1203
1275
1178
1285
1192
1289
1195
1286
1234
1288
1283
1286
1308
1284
1311
1291
1304
1294
1269
1294
1249
1291
1226
1294
1229
1289
1216
1283
1230
1291
1296
1296
1283
1294
1284
1305
1290
1321
1298
1325
1256
1322
1272
1306
1277
1300
1263
1287
1257
1278
1255
1278
1264
1295
1256
1300
1270
1299
1276
1338
1265
1313
1276
1307
1256
1299
1227
1289
1215
1277
1222
1256
1236
1261
1220
1260
1222
1270
1229
1280
1268
1277
1261
1284
1230
1296
1201
1293
1151
1283
1178
1276
1197
1262
1221
1247
1268
1256
1306
1248
1315
1254
1307
1258
1293
1283
1259
1277
1148
1266
1188
1269
1192
1258
1200
1260
1206
1245
1278
1240
1297
1254
1308
1248
1320
1258
1348
1290
1274
1288
1255
1272
1222
1292
1198
1278
1163
1266
1207
1233
1214
1252
1244
1243
1277
1263
1285
1294
1288
1295
1290
1311
1286
1303
1255
1285
1210
1275
1239
1271
1227
1278
1245
1182
1272
1239
1316
1245
1304
1262
1308
1287
1313
1285
1297
1294
1294
1297
1293
1293
1250
1280
1257
1279
1253
1272
1282
1267
1305
1281
1307
1275
1317
1313
1291
1320
1286
1343
1291
1346
1271
1340
1272
1324
1274
1301
1268
1297
1254
1278
1256
1258
1255
1285
1236
1296
1207
1311
1226
1314
1236
1302
1248
1293
1269
1265
1268
1252
1244
1268
1243
1248
1217
1258
1224
1263
1196
1257
1233
1281
1237
1299
1257
1308
1269
1288
1269
1275
1265
1252
1264
1255
1257
1262
1250
1265
1215
1281
1235
1263
1245
1296
1231
1310
1243
1308
1238
1308
1228
1296
1273
1294
1281
1265
1287
1257
1271
1218
1302
1252
1245
1259
1247
1267
1254
1281
1248
1285
1253
1298
1276
1270
1300
1291
1302
1300
1316
1273
1298
1268
1227
1270
1233
1277
1238
1294
1238
1290
1244
1301
1271
1323
1298
1319
1281
1318
1288
1310
1266
1310
1265
1298
1231
1302
1221
1326
1223
1302
1215
1299
1259
1293
1287
1298
1294
1308
1300
1300
1306
1300
1285
1292
1264
1293
1262
1288
1255
1289
1241
1278
1269
1281
1297
1281
1307
1273
1334
1290
1347
1299
1351
1306
1314
1307
1329
1310
1330
1317
1286
1291
1259
1299
1269
1280
1269
1300
1276
1305
1337
1300
1356
1302
1357
1296
1362
1298
1338
1303
1293
1301
1264
1290
1251
1293
1236
1293
1254
1286
1301
1281
1333
1281
1364
1266
1378
1269
1365
1276
1328
1281
1269
1285
1271
1292
1240
1294
1242
1283
1297
1286
1310
1308
1342
1279
1357
1284
1366
1292
1354
1290
1307
1279
1308
1296
1272
1308
1256
1295
1258
1284
1248
1279
1256
1277
1268
1268
1295
1271
1341
1271
1277
1274
1332
1276
1300
1282
1275
1305
1238
1295
1257
1283
1229
1282
1229
1253
1254
1276
1264
1247
1304
1269
1308
1276
1314
1280
1304
1284
1293
1285
1266
1293
1245
1288
1245
1268
1261
1266
1269
1251
1300
1247
1306
1242
1304
1269
1251
1265
1303
1271
1300
1286
1259
1316
1268
1289
1258
1282
1277
1273
1298
1264
1307
1252
1311
1270
1296
1270
1305
1291
1306
1302
1296
1310
1300
1319
1244
1313
1284
1311
1288
1295
1286
1295
1291
1284
1290
1274
1317
1280
1322
1287
1329
1289
1343
1292
1330
1300
1302
1310
1270
1297
1260
1301
1227
1303
1243
1284
1272
1283
1302
1274
1303
1285
1291
1292
1328
1296
1304
1303
1294
1305
1259
1300
1251
1288
1246
1269
1254
1277
1272
1215
1272
1258
1250
1266
1301
1267
1291
1275
1312
1278
1320
1284
1327
1271
1316
1275
1292
1263
1266
1266
1218
1271
1226
1263
1258
1259
1254
1256
1279
1271
1307
1268
1324
1282
1311
1283
1308
1262
1301
1273
1239
1264
1226
1259
1231
1251
1236
1223
1230
1255
1251
1255
1265
1268
1251
1249
1264
1269
1249
1265
1238
1258
1234
1259
1210
1284
1199
1247
1185
1253
1219
1246
1217
1251
1224
1252
1238
1263
1241
1266
1223
1250
1235
1248
1245
1245
1234
1240
1220
1238
1240
1240
1235
1244
1227
1244
1239
1248
1243
1254
1267
1257
1251
1240
1274
1251
1289
1245
1270
1254
1280
1259
1251
1231
1243
1272
1221
1287
1240
1273
1241
1280
1231
1265
1240
1272
1235
1286
1239
1265
1248
1265
1247
1260
1238
1261
1231
1252
1247
1258
1232
1250
1223
1262
1229
1252
1217
1263
1201
1249
1186
1252
1228
1252
1198
1243
1241
1246
1270
1244
1247
1282
1243
1260
1221
1264
1207
1278
1198
1272
1194
1245
1206
1267
1212
1271
1234
1255
1260
1269
1225
1268
1242
1275
1233
1282
1213
1298
1212
1281
1215
1267
1228
1264
1203
1256
1215
1254
1193
1249
1204
1242
1232
1242
1217
1240
1209
1286
1194
1235
1201
1250
1196
1251
1198
1238
1206
1231
1212
1222
1190
1227
1183
1206
1193
1232
1183
1236
1174
1245
1185
1254
1183
1256
1182
1256
1205
1255
1228
1232
1235
1236
1249
1232
1252
1233
1208
1271
1196
1250
1176
1265
1190
1269
1166
1280
1171
1269
1201
1273
1212
1259
1258
1247
1283
1235
1267
1235
1245
1243
1208
1245
1164
1269
1134
1273
1125
1274
1151
1276
1143
1263
1194
1249
1267
1242
1247
1239
1243
1235
1225
1242
1197
1259
1143
1270
1135
1285
1158
1281
1162
1275
1190
1273
1221
1276
1247
1275
1260
1267
1275
1260
1273
1264
1234
1265
1210
1275
1197
1278
1171
1283
1177
1271
1186
1273
1205
1275
1214
1261
1251
1258
1223
1256
1259
1247
1259
1254
1223
1272
1195
1276
1163
1279
1197
1278
1213
1280
1246
1263
1289
1262
1300
1252
1325
1260
1306
1278
1296
1274
1262
1281
1179
1279
1243
1280
1238
1267
1252
1273
1302
1254
1298
1243
1300
1244
1270
1254
1271
1256
1267
1267
1223
1281
1212
1283
1187
1282
1197
1279
1188
1277
1230
1266
1225
1267
1236
1253
1239
1265
1203
1284
1200
1278
1187
1284
1171
1302
1155
1281
1158
1272
1183
1272
1198
1263
1220
1212
1248
1247
1234
1249
1238
1249
1237
1256
1226
1258
1208
1277
1214
1270
1231
1274
1215
1271
1243
1266
1255
1258
1286
1248
1311
1249
1303
1242
1306
1258
1290
1248
1274
1263
1252
1267
1226
1265
1235
1260
1249
1251
1237
1248
1265
1249
1285
1227
1286
1254
1265
1259
1270
1242
1239
1276
1232
1273
1208
1270
1236
1264
1228
1264
1218
1294
1239
1284
1245
1277
1260
1275
1245
1250
1251
1260
1237
1269
1227
1264
1218
1264
1204
1267
1200
1266
1185
1266
1161
1263
1168
1259
1191
1257
1203
1243
1211
1245
1212
1244
1228
1253
1184
1282
1183
1257
1207
1268
1189
1263
1188
1269
1200
1239
1226
1274
1212
1271
1244
1264
1280
1267
1262
1261
1270
1269
1260
1264
1260
1275
1244
1280
1253
1281
1263
1281
1235
1279
1274
1283
1281
1277
1287
1281
1282
1255
1285
1256
1283
1262
1243
1273
1246
1295
1228
1304
1244
1301
1253
1306
1255
1337
1252
1306
1246
1284
1272
1272
1277
1272
1251
1274
1248
1293
1238
1295
1216
1297
1200
1301
1220
1295
1218
1289
1214
1274
1235
1266
1258
1259
1243
1246
1248
1255
1234
1265
1220
1269
1181
1274
1210
1280
1235
1286
1217
1269
1243
1273
1236
1254
1239
1269
1233
1276
1242
1270
1232
1278
1233
1269
1239
1286
1227
1299
1230
1296
1256
1287
1257
1291
1255
1283
1264
1275
1270
1270
1267
1274
1260
1267
1271
1272
1257
1281
1252
1291
1233
1292
1295
1282
1267
1275
1269
1257
1325
1270
1298
1280
1306
1272
1275
1286
1276
1291
1260
1297
1257
1250
1250
1287
1250
1276
1262
1279
1296
1275
1267
1275
1286
1275
1279
1280
1267
1287
1280
1287
1233
1259
1239
1277
1220
1270
1234
1263
1230
1265
1256
1269
1266
1259
1265
1250
1261
1261
1228
1258
1226
1259
1220
1260
1218
1249
1224
1251
1251
1246
1243
1270
1252
1264
1264
1268
1259
1268
1239
1272
1238
1282
1220
1279
1214
1280
1181
1287
1247
1281
1257
1283
1251
1283
1274
1285
1245
1282
1257
1287
1258
1288
1271
1290
1261
1314
1250
1304
1260
1310
1250
1322
1256
1301
1280
1293
1243
1289
1284
1297
1289
1300
1293
1310
1266
1307
1269
1301
1279
1297
1262
1281
1259
1279
1302
1286
1279
1283
1278
1286
1276
1295
1286
1307
1242
1300
1255
1290
1261
1286
1267
1263
1267
1264
1274
1271
1278
1259
1261
1265
1266
1270
1273
1274
1233
1274
1253
1276
1265
1273
1274
1217
1274
1229
1276
1241
1281
1249
1256
1250
1244
1249
1260
1256
1265
1254
1277
1258
1270
1250
1275
1259
1252
1254
1278
1223
1293
1242
1268
1232
1262
1239
1280
1242
1268
1265
1262
1272
1272
1284
1272
1295
1259
1293
1272
1276
1285
1316
1284
1271
1281
1290
1295
1287
1286
1301
1259
1311
1269
1316
1266
1323
1263
1320
1272
1301
1269
1342
1274
1305
1269
1303
1307
1300
1289
1311
1286
1305
1280
1318
1282
1338
1236
1322
1236
1309
1247
1297
1244
1290
1240
1279
1290
1276
1306
1303
1311
1271
1327
1295
1332
1305
1296
1302
1277
1288
1288
1288
1303
1286
1303
1273
1322
1276
1316
1272
1334
1290
1334
1301
1358
1301
1358
1302
1346
1295
1338
1294
1300
1279
1297
1278
1295
1272
1276
1264
1269
1272
1267
1280
1280
1285
1293
1293
1299
1274
1306
1294
1283
1280
1275
1270
1249
1262
1241
1257
1209
1259
1239
1255
1241
1273
1229
1317
1245
1310
1245
1307
1257
1321
1257
1298
1294
1282
1275
1274
1266
1268
1270
1272
1263
1272
1251
1286
1237
1306
1254
1312
1247
1319
1262
1318
1290
1294
1301
1283
1291
1275
1311
1258
1284
1274
1286
1275
1295
1286
1283
1288
1272
1301
1265
1282
1282
1294
1276
1309
1295
1269
1313
1252
1319
1249
1301
1252
1307
1268
1291
1272
1265
1283
1280
1286
1283
1291
1290
1280
1295
1291
1310
1280
1328
1253
1307
1252
1293
1250
1301
1260
1261
1245
1268
1273
1269
1281
1284
1281
1288
1282
1290
1273
1303
1269
1272
1266
1276
1256
1272
1257
1243
1260
1249
1273
1232
1281
1231
1292
1235
1290
1258
1287
1280
1273
1265
1263
1271
1261
1313
1270
1257
1263
1238
1282
1226
1294
1220
1306
1206
1309
1243
1301
1278
1296
1274
1274
1288
1292
1286
1278
1271
1275
1234
1282
1231
1260
1217
1287
1199
1281
1206
1274
1232
1269
1234
1265
1244
1249
1261
1246
1258
1247
1251
1244
1226
1209
1182
1253
1212
1252
1220
1255
1220
1257
1227
1285
1224
1250
1266
1248
1295
1247
1274
1237
1285
1231
1263
1256
1243
1275
1219
1278
1231
1286
1223
1299
1178
1276
1244
1276
1269
1274
1249
1283
1258
1273
1239
1278
1211
1303
1191
1292
1193
1286
1209
1285
1189
1282
1216
1272
1221
1268
1222
1260
1201
1256
1233
1251
1214
1258
1201
1257
1209
1242
1209
1270
1217
1263
1236
1257
1268
1251
1254
1248
1261
1250
1287
1258
1269
1260
1256
1238
1256
1274
1234
1282
1237
1282
1242
1278
1279
1274
1291
1275
1306
1252
1326
1269
1291
1258
1279
1273
1249
1270
1246
1298
1238
1289
1230
1261
1234
1264
1238
1250
1259
1259
1284
1261
1290
1258
1290
1262
1292
1262
1261
1273
1237
1271
1219
1258
1205
1274
1190
1271
1208
1276
1206
1267
1225
1265
1224
1264
1260
1262
1248
1272
1211
1318
1207
1293
1165
1298
1157
1292
1139
1286
1170
1270
1171
1274
1197
1284
1202
1265
1207
1271
1197
1281
1207
1276
1200
1283
1188
1286
1180
1283
1211
1240
1206
1268
1198
1260
1206
1266
1210
1272
1190
1271
1210
1263
1213
1272
1229
1274
1217
1232
1248
1268
1220
1291
1236
1263
1256
1258
1240
1258
1219
1272
1225
1259
1235
1260
1225
1259
1249
1253
1256
1259
1240
1250
1252
1258
1270
1257
1285
1238
1271
1254
1266
1275
1265
1264
1242
1270
1241
1272
1233
1277
1256
1270
1275
1254
1275
1301
1292
1274
1283
1268
1301
1249
1288
1267
1266
1264
1247
1279
1257
1281
1246
1286
1254
1271
1286
1260
1329
1262
1298
1261
1311
1245
1315
1267
1297
1264
1277
1297
1265
1284
1250
1289
1221
1278
1263
1274
1307
1268
1281
1259
1299
1245
1294
1251
1265
1258
1230
1279
1237
1279
1219
1279
1201
1276
1197
1268
1202
1280
1190
1284
1204
1271
1207
1283
1206
1280
1202
1274
1217
1277
1185
1309
1170
1278
1178
1285
1194
1293
1165
1296
1158
1285
1205
1289
1200
1282
1242
1269
1260
1274
1240
1317
1228
1284
1217
1290
1218
1289
1214
1288
1223
1280
1236
1287
1244
1277
1261
1280
1288
1274
1274
1283
1273
1270
1247
1265
1247
1266
1261
1268
1232
1255
1248
1272
1225
1273
1245
1290
1231
1284
1253
1283
1250
1285
1252
1273
1246
1278
1228
1275
1224
1275
1223
1270
1221
1270
1209
1273
1226
1274
1215
1278
1229
1292
1226
1283
1224
1277
1213
1271
1198
1247
1202
1255
1195
1259
1150
1268
1208
1267
1214
1279
1209
1285
1234
1263
1225
1282
1242
1276
1234
1276
1257
1261
1248
1267
1230
1257
1239
1268
1231
1268
1232
1270
1250
1270
1204
1276
1256
1277
1242
1280
1276
1277
1270
1261
1269
1253
1265
1246
1250
1235
1249
1234
1285
1240
1260
1245
1254
1254
1216
1261
1265
1269
1229
1270
1257
1262
1263
1248
1296
1239
1253
1236
1244
1257
1248
1255
1212
1262
1171
1265
1217
1278
1194
1273
1219
1268
1227
1285
1228
1229
1232
1257
1211
1237
1201
1263
1176
1270
1182
1266
1201
1273
1213
1281
1230
1274
1227
1271
1238
1279
1191
1269
1226
1252
1217
1238
1197
1246
1208
1260
1217
1248
1215
1268
1198
1275
1228
1279
1261
1289
1211
1275
1210
1251
1207
1264
1192
1231
1207
1254
1201
1259
1198
1280
1174
1281
1198
1286
1227
1295
1204
1286
1220
1289
1199
1320
1192
1267
1176
1263
1183
1256
1156
1287
1150
1264
1166
1262
1185
1296
1170
1290
1189
1285
1203
1278
1195
1272
1177
1260
1193
1262
1183
1264
1179
1256
1200
1269
1211
1286
1212
1289
1205
1285
1235
1280
1252
1280
1232
1269
1235
1266
1214
1234
1216
1262
1203
1262
1223
1265
1232
1270
1230
1276
1227
1272
1205
1271
1192
1272
1190
1262
1174
1249
1167
1248
1165
1241
1189
1247
1193
1255
1170
1245
1202
1266
1175
1274
1167
1269
1150
1261
1149
1251
1132
1240
1181
1229
1200
1237
1200
1273
1211
1248
1213
1274
1220
1284
1197
1286
1198
1281
1184
1272
1167
1270
1173
1242
1183
1254
1197
1258
1235
1266
1242
1268
1257
1257
1271
1272
1283
1262
1298
1269
1244
1263
1221
1276
1193
1249
1200
1251
1261
1247
1264
1242
1293
1251
1304
1237
1334
1261
1315
1269
1294
1268
1279
1253
1247
1259
1208
1259
1199
1260
1225
1258
1243
1284
1251
1268
1276
1297
1285
1276
1258
1278
1240
1302
1218
1270
1181
1268
1166
1268
1158
1267
1143
1290
1176
1264
1190
1276
1208
1273
1219
1282
1208
1275
1203
1280
1159
1272
1164
1260
1161
1255
1143
1265
1142
1269
1166
1269
1182
1306
1192
1283
1213
1288
1231
1272
1203
1259
1198
1258
1232
1258
1167
1282
1168
1266
1178
1272
1200
1278
1194
1273
1239
1274
1276
1274
1258
1262
1249
1269
1221
1278
1192
1267
1169
1277
1188
1274
1188
1278
1212
1273
1237
1282
1253
1292
1248
1292
1240
1289
1239
1292
1212
1305
1185
1291
1200
1286
1180
1291
1214
1282
1236
1288
1250
1283
1258
1293
1222
1289
1262
1284
1265
1275
1251
1263
1252
1262
1255
1251
1248
1268
1228
1277
1254
1273
1243
1275
1175
1268
1246
1268
1241
1256
1236
1249
1241
1238
1232
1249
1217
1248
1218
1252
1223
1259
1220
1276
1219
1256
1235
1254
1250
1260
1215
1248
1196
1247
1220
1240
1195
1271
1198
1251
1255
1263
1234
1288
1233
1275
1245
1282
1258
1262
1216
1266
1167
1264
1192
1266
1183
1267
1185
1261
1215
1264
1223
1271
1235
1251
1239
1276
1244
1301
1235
1280
1211
1265
1190
1270
1175
1233
1195
1254
1202
1250
1244
1246
1276
1255
1283
1255
1283
1274
1246
1270
1237
1282
1235
1276
1220
1268
1232
1258
1251
1250
1265
1252
1284
1267
1296
1263
1306
1287
1278
1297
1232
1305
1232
1296
1215
1272
1179
1283
1222
1270
1228
1264
1219
1322
1234
1253
1227
1285
1233
1285
1235
1285
1230
1280
1200
1288
1176
1285
1176
1271
1161
1267
1157
1266
1182
1245
1192
1260
1220
1269
1239
1263
1261
1235
1239
1269
1212
1270
1201
1266
1213
1265
1167
1237
1221
1234
1229
1247
1259
1249
1283
1218
1278
1267
1249
1272
1235
1269
1220
1274
1194
1261
1172
1266
1189
1242
1217
1239
1225
1251
1252
1253
1265
1264
1225
1299
1217
1278
1209
1282
1213
1257
1182
1267
1190
1254
1211
1251
1191
1256
1228
1235
1224
1248
1246
1235
1254
1259
1242
1285
1248
1272
1222
1265
1237
1269
1242
1262
1219
1253
1232
1261
1252
1260
1251
1261
1254
1265
1271
1270
1280
1276
1247
1274
1241
1282
1244
1281
1236
1269
1242
1267
1246
1262
1258
1267
1234
1265
1273
1263
1278
1273
1245
1289
1237
1277
1210
1274
1196
1275
1190
1278
1221
1261
1231
1255
1235
1246
1250
1255
1246
1267
1209
1270
1199
1281
1182
1278
1177
1274
1176
1266
1213
1260
1224
1259
1242
1243
1260
1250
1243
1255
1226
1272
1164
1272
1215
1279
1188
1281
1207
1268
1232
1266
1229
1256
1236
1258
1238
1234
1244
1256
1242
1259
1246
1260
1234
1267
1243
1266
1227
1254
1241
1258
1248
1254
1247
1254
1248
1210
1251
1247
1297
1249
1266
1242
1275
1252
1250
1258
1242
1264
1217
1270
1226
1266
1194
1266
1235
1251
1255
1250
1254
1255
1221
1250
1270
1257
1252
1261
1224
1275
1219
1275
1199
1304
1195
1282
1216
1266
1239
1257
1250
1249
1269
1245
1260
1242
1243
1250
1197
1264
1222
1260
1210
1267
1189
1265
1221
1267
1216
1260
1248
1249
1248
1254
1284
1235
1247
1253
1244
1254
1239
1278
1219
1283
1211
1284
1227
1283
1179
1274
1233
1272
1243
1261
1254
1271
1250
1263
1239
1260
1245
1267
1235
1268
1235
1277
1256
1258
1242
1276
1238
1272
1208
1278
1242
1267
1211
1260
1239
1251
1256
1253
1291
1254
1251
1266
1259
1268
1258
1280
1232
1274
1211
1269
1256
1265
1229
1254
1254
1252
1268
1251
1285
1249
1250
1264
1239
1258
1245
1287
1210
1292
1220
1284
1260
1278
1254
1261
1263
1251
1254
1234
1257
1248
1205
1261
1209
1270
1217
1286
1205
1283
1228
1291
1243
1274
1232
1284
1246
1270
1251
1264
1255
1263
1203
1259
1190
1258
1197
1279
1202
1275
1223
1287
1262
1291
1282
1292
1270
1276
1283
1264
1285
1264
1252
1250
1254
1227
1238
1294
1233
1286
1238
1268
1267
1272
1272
1282
1289
1273
1285
1274
1307
1274
1291
1250
1288
1219
1273
1249
1251
1240
1246
1243
1238
1264
1228
1281
1246
1279
1280
1278
1287
1280
1294
1271
1293
1247
1292
1251
1278
1248
1230
1250
1214
1262
1173
1234
1170
1294
1181
1299
1260
1293
1259
1287
1266
1276
1287
1262
1258
1247
1231
1251
1219
1251
1184
1268
1179
1267
1168
1247
1207
1271
1219
1273
1260
1232
1276
1252
1267
1239
1261
1233
1241
1231
1235
1235
1196
1232
1228
1238
1236
1245
1211
1283
1219
1258
1229
1267
1228
1262
1231
1256
1249
1237
1239
1238
1217
1237
1214
1238
1207
1242
1179
1255
1199
1271
1184
1256
1193
1274
1209
1283
1233
1262
1241
1262
1218
1259
1211
1261
1178
1268
1163
1270
1183
1278
1184
1278
1198
1290
1211
1274
1221
1284
1235
1278
1240
1269
1245
1245
1225
1257
1196
1267
1189
1267
1197
1266
1194
1296
1206
1269
1219
1266
1232
1260
1222
1261
1227
1235
1239
1242
1222
1241
1197
1243
1223
1245
1185
1267
1196
1244
1202
1253
1202
1224
1207
1248
1213
1262
1230
1253
1226
1245
1223
1240
1253
1238
1229
1238
1208
1242
1200
1246
1180
1266
1175
1264
1195
1265
1216
1264
1208
1255
1238
1248
1283
1247
1235
1243
1219
1249
1198
1257
1192
1267
1161
1277
1184
1291
1208
1272
1205
1260
1220
1265
1208
1270
1197
1267
1176
1267
1182
1264
1190
1269
1186
1260
1190
1271
1200
1273
1190
1271
1180
1274
1179
1275
1167
1277
1156
1267
1183
1261
1159
1260
1197
1247
1217
1256
1210
1254
1197
1265
1154
1270
1178
1280
1184
1290
1186
1273
1221
1275
1224
1258
1228
1265
1235
1265
1252
1262
1241
1267
1160
1278
1221
1287
1210
1280
1207
1294
1223
1281
1221
1271
1220
1261
1198
1259
1226
1254
1246
1258
1231
1257
1244
1262
1212
1285
1200
1283
1170
1286
1181
1283
1156
1283
1167
1283
1189
1275
1186
1291
1208
1275
1223
1279
1229
1282
1220
1293
1186
1290
1196
1312
1180
1318
1150
1270
1203
1301
1208
1289
1255
1282
1259
1274
1271
1272
1276
1279
1278
1260
1270
1295
1226
1294
1201
1308
1217
1303
1236
1288
1263
1274
1279
1257
1306
1265
1271
1242
1270
1292
1265
1290
1246
1295
1226
1304
1251
1298
1231
1298
1237
1281
1251
1267
1259
1275
1246
1271
1257
1276
1238
1273
1249
1283
1246
1297
1280
1295
1254
1301
1234
1345
1245
1303
1225
1307
1239
1296
1257
1275
1279
1286
1279
1299
1288
1310
1285
1312
1262
1318
1256
1319
1258
1345
1267
1333
1268
1325
1290
1319
1307
1271
1316
1300
1310
1289
1310
1298
1276
1313
1276
1308
1304
1310
1295
1300
1307
1299
1317
1246
1335
1284
1310
1278
1338
1273
1331
1277
1303
1274
1294
1292
1305
1292
1296
1298
1311
1290
1326
1288
1343
1272
1298
1264
1314
1263
1308
1274
1294
1269
1274
1278
1282
1297
1294
1294
1269
1296
1293
1292
1277
1301
1295
1294
1302
1302
1289
1330
1287
1298
1277
1300
1297
1291
1300
1295
1296
1290
1316
1303
1304
1308
1292
1314
1296
1311
1318
1284
1318
1300
1308
1283
1318
1278
1317
1275
1299
1269
1284
1279
1312
1286
1320
1291
1303
1291
1352
1290
1379
1277
1354
1263
1345
1250
1320
1255
1300
1271
1288
1273
1306
1270
1315
1279
1330
1270
1348
1274
1378
1281
1340
1277
1331
1277
1307
1283
1289
1281
1285
1274
1292
1280
1300
1309
1325
1273
1353
1281
1366
1281
1350
1292
1331
1294
1346
1293
1314
1298
1329
1282
1335
1280
1309
1311
1308
1278
1303
1279
1353
1281
1322
1290
1327
1286
1331
1313
1325
1286
1328
1287
1311
1278
1279
1270
1261
1279
1233
1268
1232
1280
1279
1283
1265
1280
1294
1285
1291
1284
1304
1280
1305
1283
1280
1260
1264
1276
1250
1275
1242
1294
1242
1308
1252
1313
1291
1312
1304
1309
1316
1309
1336
1301
1318
1300
1309
1306
1308
1284
1308
1298
1293
1301
1286
1302
1286
1301
1294
1301
1269
1301
1311
1289
1342
1308
1305
1286
1333
1268
1291
1275
1299
1266
1299
1271
1284
1237
1254
1270
1236
1257
1237
1276
1234
1271
1240
1262
1272
1262
1222
1253
1277
1231
1284
1241
1281
1276
1259
1280
1228
1274
1228
1277
1231
1279
1224
1271
1258
1263
1279
1248
1275
1245
1263
1259
1286
1257
1256
1268
1271
1266
1271
1277
1279
1263
1267
1268
1264
1277
1259
1263
1237
1258
1243
1258
1253
1265
1240
1266
1270
1275
1288
1280
1293
1278
1281
1278
1269
1280
1263
1276
1213
1275
1215
1272
1244
1278
1261
1275
1253
1267
1257
1257
1264
1296
1241
1295
1254
1290
1261
1287
1239
1278
1229
1277
1238
1253
1234
1264
1236
1257
1239
1261
1245
1272
1210
1277
1236
1288
1255
1290
1259
1263
1281
1264
1286
1262
1278
1252
1245
1251
1247
1254
1209
1279
1222
1281
1191
1298
1238
1346
1246
1307
1239
1297
1277
1276
1270
1264
1256
1249
1250
1247
1235
1272
1214
1290
1193
1290
1244
1297
1226
1309
1211
1308
1236
1307
1238
1287
1236
1246
1246
1230
1234
1262
1229
1259
1209
1261
1233
1271
1249
1279
1218
1279
1241
1285
1238
1255
1228
1279
1224
1241
1260
1254
1266
1248
1271
1234
1297
1248
1282
1276
1281
1270
1281
1276
1282
1287
1276
1288
1275
1269
1302
1273
1297
1260
1313
1231
1327
1245
1308
1273
1307
1263
1297
1275
1311
1285
1284
1292
1310
1290
1311
1282
1273
1285
1254
1272
1247
1265
1246
1264
1245
1266
1270
1266
1303
1280
1285
1279
1295
1267
1294
1280
1271
1286
1258
1277
1241
1273
1206
1276
1200
1276
1224
1269
1244
1272
1247
1277
1274
1296
1260
1280
1275
1275
1294
1280
1268
1268
1242
1271
1197
1263
1214
1276
1233
1281
1206
1276
1233
1292
1263
1283
1264
1288
1305
1290
1307
1291
1303
1293
1288
1281
1278
1283
1251
1281
1216
1280
1221
1263
1245
1283
1256
1287
1286
1281
1342
1277
1332
1268
1351
1283
1336
1265
1339
1255
1283
1265
1234
1253
1223
1287
1206
1272
1234
1280
1275
1270
1292
1263
1307
1265
1322
1259
1333
1269
1285
1269
1252
1235
1241
1271
1188
1267
1186
1264
1251
1260
1205
1258
1235
1249
1248
1252
1257
1249
1239
1253
1263
1243
1266
1250
1237
1239
1228
1242
1221
1259
1207
1251
1206
1257
1224
1256
1237
1261
1264
1260
1283
1289
1288
1281
1277
1276
1260
1275
1255
1278
1229
1280
1212
1258
1230
1275
1213
1276
1247
1263
1271
1263
1250
1261
1262
1267
1239
1261
1261
1264
1274
1288
1260
1253
1282
1256
1268
1234
1267
1242
1259
1241
1265
1244
1257
1249
1186
1250
1272
1262
1281
1260
1292
1270
1320
1252
1312
1265
1307
1241
1297
1246
1265
1240
1272
1243
1264
1247
1278
1245
1269
1263
1277
1256
1269
1233
1297
1256
1279
1259
1273
1253
1280
1264
1244
1283
1236
1270
1237
1278
1235
1275
1226
1284
1210
1280
1243
1286
1239
1283
1246
1260
1245
1278
1242
1276
1219
1273
1197
1270
1197
1272
1205
1257
1199
1260
1208
1268
1191
1250
1206
1278
1198
1273
1205
1265
1216
1260
1213
1241
1199
1262
1186
1252
1196
1261
1197
1266
1186
1264
1211
1255
1234
1258
1217
1253
1220
1250
1219
1239
1216
1253
1198
1251
1212
1255
1200
1257
1240
1247
1224
1245
1269
1237
1270
1243
1253
1284
1265
1247
1227
1256
1247
1262
1255
1264
1277
1262
1280
1269
1274
1279
1312
1274
1300
1275
1288
1272
1288
1276
1277
1281
1233
1283
1238
1269
1247
1254
1242
1287
1235
1301
1250
1284
1224
1311
1220
1281
1239
1278
1217
1276
1188
1271
1169
1234
1172
1281
1142
1287
1168
1291
1192
1296
1181
1292
1221
1295
1221
1276
1219
1284
1210
1281
1209
1269
1207
1278
1149
1275
1177
1280
1193
1285
1207
1261
1226
1274
1249
1265
1270
1254
1235
1254
1226
1236
1219
1244
1215
1238
1208
1244
1212
1275
1217
1263
1218
1256
1262
1250
1264
1250
1269
1268
1266
1261
1252
1252
1228
1259
1216
1261
1214
1275
1204
1286
1207
1274
1228
1277
1237
1281
1240
1275
1256
1278
1252
1259
1238
1282
1192
1281
1217
1280
1223
1286
1182
1278
1204
1282
1189
1275
1194
1283
1197
1283
1220
1269
1216
1269
1213
1259
1201
1262
1188
1268
1176
1269
1168
1270
1168
1268
1176
1272
1162
1269
1213
1263
1214
1261
1225
1254
1241
1258
1214
1268
1204
1273
1180
1270
1199
1281
1196
1286
1198
1272
1269
1280
1261
1280
1272
1280
1278
1278
1278
1279
1264
1287
1266
1282
1253
1289
1251
1292
1241
1293
1281
1282
1274
1282
1288
1284
1283
1283
1287
1286
1328
1290
1290
1283
1293
1283
1270
1282
1285
1278
1255
1287
1265
1282
1286
1286
1301
1274
1296
1284
1294
1285
1304
1274
1298
1277
1279
1271
1271
1271
1281
1272
1244
1277
1250
1283
1260
1263
1260
1274
1252
1274
1262
1273
1244
1274
1228
1281
1189
1279
1222
1276
1207
1284
1195
1286
1200
1289
1160
1277
1186
1279
1212
1281
1204
1273
1207
1286
1213
1285
1222
1291
1213
1292
1209
1283
1235
1280
1164
1272
1209
1268
1221
1243
1226
1276
1225
1265
1247
1263
1261
1269
1257
1276
1290
1263
1302
1265
1300
1260
1272
1267
1260
1297
1264
1280
1234
1282
1274
1285
1286
1282
1307
1302
1326
1286
1359
1304
1359
1294
1326
1298
1325
1306
1313
1284
1271
1298
1296
1301
1308
1302
1300
1295
1307
1291
1323
1290
1342
1294
1307
1293
1308
1301
1317
1301
1280
1282
1259
1280
1238
1260
1224
1308
1200
1279
1229
1270
1260
1270
1244
1265
1263
1267
1261
1265
1240
1278
1228
1278
1238
1277
1193
1277
1192
1280
1194
1291
1235
1282
1227
1259
1254
1270
1264
1277
1270
1277
1262
1283
1261
1283
1219
1293
1242
1281
1254
1288
1242
1334
1241
1285
1229
1281
1273
1275
1266
1274
1259
1267
1293
1279
1286
1312
1282
1296
1306
1296
1277
1287
1255
1293
1240
1253
1249
1280
1243
1284
1247
1242
1279
1275
1266
1277
1278
1278
1273
1281
1288
1273
1291
1251
1270
1245
1273
1271
1236
1235
1243
1268
1224
1278
1257
1277
1273
1282
1283
1270
1295
1286
1274
1287
1271
1287
1269
1296
1239
1291
1247
1290
1233
1281
1239
1282
1242
1286
1261
1262
1268
1292
1254
1289
1267
1298
1242
1301
1245
1274
1223
1265
1251
1250
1240
1257
1220
1283
1235
1270
1230
1278
1242
1282
1262
1286
1278
1277
1265
1276
1267
1261
1254
1258
1235
1256
1214
1264
1220
1271
1213
1280
1218
1285
1238
1289
1263
1284
1265
1283
1261
1274
1265
1273
1222
1270
1225
1266
1240
1271
1237
1266
1231
1274
1189
1276
1258
1280
1245
1280
1270
1271
1276
1268
1264
1254
1244
1265
1238
1268
1230
1269
1207
1268
1193
1270
1216
1278
1196
1277
1219
1272
1251
1275
1259
1260
1250
1262
1242
1265
1234
1275
1193
1282
1201
1307
1188
1303
1191
1296
1214
1299
1223
1290
1263
1292
1236
1279
1258
1252
1269
1268
1229
1266
1231
1276
1217
1284
1206
1309
1202
1297
1226
1291
1238
1286
1224
1268
1239
1259
1246
1255
1226
1253
1220
1274
1223
1277
1222
1298
1200
1308
1236
1302
1252
1299
1257
1279
1262
1277
1269
1280
1249
1253
1242
1259
1247
1268
1237
1280
1251
1288
1266
1305
1272
1323
1275
1303
1288
1285
1290
1276
1272
1267
1260
1254
1256
1255
1210
1261
1236
1268
1256
1281
1255
1289
1248
1303
1241
1302
1280
1292
1291
1283
1275
1258
1277
1269
1238
1235
1214
1268
1203
1274
1205
1279
1216
1293
1167
1300
1248
1291
1259
1277
1281
1278
1280
1257
1245
1262
1224
1247
1207
1248
1219
1262
1182
1266
1192
1267
1210
1268
1211
1293
1227
1270
1227
1264
1239
1262
1215
1259
1231
1254
1225
1274
1180
1294
1201
1293
1212
1292
1216
1287
1215
1287
1201
1280
1236
1276
1252
1282
1248
1278
1261
1297
1244
1287
1231
1290
1230
1290
1226
1286
1251
1284
1242
1271
1252
1271
1239
1238
1257
1238
1245
1275
1255
1279
1269
1279
1288
1276
1263
1279
1255
1266
1273
1272
1270
1245
1266
1260
1270
1257
1276
1262
1246
1267
1249
1279
1269
1267
1268
1280
1266
1278
1289
1275
1296
1260
1280
1258
1243
1223
1273
1247
1253
1252
1224
1309
1230
1270
1192
1292
1221
1275
1234
1271
1242
1252
1243
1248
1244
1261
1235
1234
1208
1231
1195
1236
1211
1242
1172
1268
1184
1254
1217
1257
1228
1220
1236
1250
1245
1226
1253
1236
1231
1226
1237
1230
1273
1233
1242
1236
1241
1250
1244
1228
1259
1272
1233
1276
1271
1261
1289
1261
1275
1263
1283
1257
1289
1255
1263
1270
1244
1276
1247
1289
1232
1294
1203
1295
1231
1296
1249
1296
1242
1269
1241
1266
1237
1263
1247
1266
1194
1267
1205
1267
1190
1281
1199
1277
1221
1288
1224
1312
1222
1282
1211
1273
1219
1259
1201
1273
1188
1248
1185
1251
1183
1257
1186
1266
1204
1278
1222
1278
1214
1272
1211
1266
1220
1260
1206
1251
1197
1230
1205
1237
1212
1242
1210
1246
1203
1252
1242
1257
1265
1241
1258
1247
1274
1251
1249
1239
1241
1246
1223
1245
1227
1242
1227
1241
1216
1238
1251
1238
1248
1244
1263
1248
1261
1243
1243
1244
1224
1249
1212
1240
1191
1247
1177
1254
1163
1249
1198
1253
1161
1258
1200
1255
1195
1259
1244
1256
1202
1267
1208
1272
1198
1281
1166
1280
1138
1287
1151
1284
1162
1281
1165
1276
1210
1268
1210
1274
1215
1266
1216
1281
1207
1273
1180
1281
1161
1280
1154
1276
1158
1278
1231
1274
1200
1251
1213
1257
1208
1255
1221
1243
1197
1250
1192
1246
1180
1259
1187
1249
1177
1266
1174
1263
1189
1252
1200
1248
1202
1233
1189
1231
1219
1221
1194
1219
1189
1227
1199
1236
1193
1252
1184
1257
1206
1263
1200
1265
1208
1265
1169
1249
1234
1237
1228
1240
1216
1240
1221
1258
1178
1270
1191
1280
1210
1281
1212
1286
