1043
1250
1418
1284
1433
1291
1414
1280
1198
1274
1273
1274
1157
1289
1213
1300
1201
1318
1221
1333
1202
1343
1202
1350
1190
1365
1224
1362
1230
1376
1329
1368
1253
1369
1208
1364
1252
1348
1238
1341
1249
1317
1265
1316
1251
1316
1245
1296
1248
1287
1172
1294
1199
1255
1240
1240
1248
1249
1275
1252
1215
1235
1281
1266
1279
1245
1279
1248
1249
1246
1317
1242
1225
1261
1261
1241
1250
1253
1266
1261
1262
1253
1268
1266
1285
1247
1266
1246
1286
1239
1289
1223
1313
1242
1281
1245
1343
1237
1284
1237
1260
1243
1267
1220
1289
1249
1284
1242
1278
1233
1278
1248
1264
1253
1262
1237
1144
1285
1285
1259
1253
1263
1239
1259
1253
1267
1231
1257
1216
1278
1214
1276
1200
1280
1215
1281
1132
1292
1263
1293
1201
1281
1207
1289
1206
1288
1190
1285
1193
1281
1203
1283
1185
1283
1211
1282
1206
1273
1209
1252
1190
1267
1126
1276
1144
1258
1171
1256
1192
1258
1191
1244
1152
1254
1150
1236
1169
1255
1153
1258
1165
1262
1238
1254
1206
1257
1167
1263
1183
1263
1194
1267
1187
1268
1197
1272
1213
1274
1192
1272
1202
1274
1374
1255
1274
1273
1249
1271
1268
1247
1284
1277
1232
1274
1243
1266
1302
1275
1295
1260
1304
1268
1376
1250
1359
1266
1285
1267
1276
1260
1312
1253
1211
1251
1312
1246
1282
1242
1259
1224
1256
1239
1284
1234
1321
1233
1236
1240
1221
1239
1252
1248
1243
1242
1241
1246
1245
1292
1234
1260
1236
1265
1253
1264
1211
1310
1182
1258
1262
1238
1234
1267
1208
1260
1207
1244
1217
1259
1190
1253
1153
1258
1195
1246
1183
1250
1176
1221
1223
1240
1207
1249
1179
1254
1167
1257
1192
1255
1167
1263
1227
1262
1221
1268
1191
1303
1205
1272
1173
1257
1253
1279
1167
1271
1198
1270
1222
1276
1180
1281
1181
1287
1184
1280
1188
1282
1182
1289
1200
1292
1202
1296
1206
1300
1158
1312
1218
1304
1224
1314
1240
1288
1228
1312
1237
1301
1225
1297
1259
1277
1262
1275
1283
1279
1196
1276
1194
1255
1233
1240
1207
1222
1221
1229
1202
1236
1235
1250
1243
1269
1221
1292
1246
1315
1351
1330
1240
1351
1318
1365
1362
1371
1424
1349
1449
1334
1466
1304
1491
1276
1431
1255
1413
1219
1423
1195
1318
1158
1347
1137
1310
1099
1288
1081
1247
1054
1264
1029
1153
1015
1049
1016
955
1034
874
1060
847
1099
756
1120
767
1144
790
1170
772
1185
809
1210
882
1224
834
1271
884
1318
935
1328
956
1418
1102
1446
1220
1446
1331
1435
1421
1387
1512
1343
1554
1309
1553
1283
1538
1261
1561
1252
1538
1259
1480
1257
1407
1270
1465
1258
1374
1227
1334
1255
1245
1274
1173
1291
1136
1319
1129
1346
1101
1365
1042
1395
1072
1415
924
1399
954
1427
884
1415
936
1399
964
1389
1053
1369
1094
1354
1160
1329
1238
1307
1328
1277
1315
1258
1430
1204
1464
1170
1539
1136
1534
1115
1535
1080
1520
1084
1437
1080
1391
1084
1309
1095
1338
1107
1290
1131
1241
1136
1334
1151
1264
1169
1261
1142
1220
1173
1226
1178
1197
1187
1199
1186
1206
1189
1318
1186
1255
1200
1291
1201
1241
1212
1216
1195
1142
1220
1116
1228
1071
1254
1077
1263
1060
1301
1048
1314
957
1360
1016
1352
937
1367
889
1358
913
1386
883
1389
905
1409
997
1377
1035
1366
1091
1357
1077
1366
1246
1342
1212
1335
1240
1325
1258
1312
1291
1296
1263
1283
1326
1274
1310
1259
1340
1244
1314
1230
1367
1217
1382
1207
1360
1248
1362
1219
1291
1231
1273
1243
1166
1252
1089
1250
1057
1267
1035
1290
1082
1293
1077
1296
1157
1299
1256
1306
1227
1298
1345
1280
1371
1296
1393
1294
1365
1271
1393
1261
1389
1258
1379
1243
1458
1225
1405
1219
1381
1209
1355
1168
1311
1204
1252
1193
1197
1188
1218
1194
1179
1207
1154
1235
1133
1255
1131
1260
1051
1272
1037
1293
1054
1307
1030
1326
1148
1334
1223
1353
1292
1364
1361
1347
1395
1383
1458
1386
1454
1375
1466
1358
1500
1343
1545
1329
1566
1303
1573
1290
1512
1238
1468
1266
1296
1290
1356
1246
1254
1237
1176
1220
1151
1215
1100
1193
1068
1196
1067
1177
1027
1165
1025
1160
991
1156
1025
1170
1039
1185
1057
1193
1163
1219
1194
1233
1209
1235
1177
1254
1161
1251
1153
1258
1113
1252
1103
1248
1102
1242
1033
1265
1078
1260
1044
1244
1052
1225
1046
1218
1030
1215
986
1209
1066
1209
1083
1217
1121
1210
1209
1229
1214
1251
1181
1258
1214
1271
1223
1274
1224
1297
1274
1302
1342
1329
1358
1351
1412
1381
1516
1392
1347
1414
1378
1445
1332
1450
1320
1452
1283
1435
1313
1425
1339
1385
1384
1348
1359
1314
1357
1279
1372
1254
1326
1225
1365
1213
1347
1216
1334
1214
1342
1215
1317
1234
1305
1232
1290
1242
1258
1276
1198
1286
1255
1275
1210
1282
1272
1299
1231
1289
1201
1279
1180
1303
1110
1270
1065
1271
1098
1221
1092
1192
1124
1165
1191
1151
1278
1140
1263
1125
1288
1119
1268
1117
1262
1114
1278
1109
1259
1113
1232
1123
1304
1126
1359
1143
1284
1221
1288
1189
1206
1197
1220
1227
1192
1250
1178
1252
1202
1290
1187
1332
1181
1343
1229
1328
1143
1377
1051
1391
983
1405
1018
1404
1030
1404
1115
1388
1159
1383
1182
1373
1228
1361
1232
1353
1235
1358
1217
1341
1271
1334
1355
1357
1300
1362
1324
1358
1316
1359
1286
1353
1244
1350
1209
1330
1129
1281
1134
1306
1106
1294
1170
1280
1208
1266
1260
1271
1297
1239
1320
1226
1337
1214
1358
1200
1362
1208
1398
1204
1499
1208
1449
1220
1503
1221
1511
1232
1472
1247
1435
1237
1421
1228
1350
1257
1304
1269
1329
1281
1423
1266
1383
1314
1355
1299
1310
1291
1299
1302
1229
1299
1222
1300
1255
1284
1251
1255
1260
1257
1329
1251
1296
1248
1345
1222
1253
1207
1274
1216
1169
1198
1200
1199
1223
1208
1189
1210
1204
1226
1189
1219
1135
1248
1103
1253
1028
1271
1010
1277
1050
1289
1063
1321
1078
1321
1121
1320
1097
1317
1092
1308
1101
1307
1115
1296
1275
1277
1300
1315
1265
1307
1332
1317
1339
1294
1361
1318
1333
1309
1366
1290
1378
1282
1384
1257
1405
1243
1441
1229
1340
1218
1295
1209
1250
1199
1183
1180
1133
1169
1125
1167
1121
1168
1123
1153
1234
1161
1163
1186
1160
1213
1130
1228
1104
1258
1084
1280
1100
1299
1195
1316
1250
1347
1309
1361
1232
1385
1401
1359
1367
1375
1321
1379
1331
1386
1292
1393
1306
1390
1330
1379
1339
1362
1326
1347
1283
1315
1229
1294
1224
1248
1174
1183
1248
1186
1225
1174
1279
1153
1318
1168
1330
1173
1317
1185
1318
1193
1268
1229
1229
1273
1310
1270
1320
1303
1301
1325
1313
1331
1342
1351
1345
1347
1287
1345
1256
1326
1219
1312
1220
1271
1200
1285
1252
1257
1284
1266
1327
1245
1317
1223
1292
1223
1290
1225
1293
1228
1305
1228
1360
1234
1416
1245
1356
1237
1437
1263
1335
1284
1286
1270
1203
1269
1174
1252
1147
1261
1158
1256
1146
1242
1158
1260
1161
1267
1082
1251
1093
1240
1051
1237
1023
1240
1046
1246
1095
1253
1118
1251
1183
1261
1176
1263
1155
1285
1151
1269
1160
1279
1234
1292
1297
1289
1377
1302
1398
1328
1380
1340
1326
1342
1338
1336
1278
1331
1261
1315
1199
1321
1264
1299
1323
1291
1377
1274
1379
1259
1382
1239
1300
1227
1298
1215
1306
1207
1294
1207
1316
1213
1413
1195
1369
1231
1316
1249
1318
1247
1273
1258
1215
1253
1193
1267
1170
1262
1190
1274
1287
1280
1183
1281
1230
1265
1150
1267
1192
1260
1154
1254
1156
1229
1197
1258
1196
1270
1274
1283
1295
1288
1314
1291
1243
1311
1216
1294
1270
1275
1228
1236
1254
1268
1218
1283
1258
1281
1264
1285
1249
1271
1205
1275
1135
1250
1041
1311
1165
1259
1131
1270
1181
1278
1182
1287
1252
1287
1232
1300
1199
1264
1160
1276
1154
1254
1300
1231
1242
1241
1318
1237
1425
1241
1410
1239
1424
1245
1367
1243
1322
1263
1276
1261
1301
1263
1339
1273
1335
1297
1401
1288
1393
1297
1316
1306
1236
1299
1194
1280
1160
1294
1159
1264
1215
1284
1271
1293
1322
1292
1337
1307
1371
1296
1251
1298
1244
1287
1258
1233
1290
1265
1351
1245
1404
1245
1438
1251
1432
1241
1367
1239
1392
1218
1224
1218
1236
1213
1246
1213
1250
1219
1240
1237
1297
1241
1287
1249
1216
1257
1161
1259
1155
1260
1080
1266
1050
1262
1214
1258
1207
1300
1257
1272
1243
1283
1230
1278
1177
1276
1146
1256
1141
1278
1114
1278
1200
1276
1228
1290
1271
1290
1252
1295
1262
1285
1195
1282
1152
1269
1156
1256
1203
1243
1279
1242
1279
1247
1320
1242
1285
1251
1174
1247
1154
1237
1137
1222
1132
1274
1169
1247
1223
1258
1250
1268
1305
1295
1234
1286
1278
1269
1222
1274
1195
1260
1198
1254
1232
1246
1278
1252
1292
1253
1301
1254
1292
1266
1304
1211
1209
1264
1186
1274
1231
1273
1262
1281
1317
1259
1403
1288
1389
1292
1354
1289
1293
1294
1255
1278
1198
1261
1311
1250
1319
1260
1334
1279
1371
1304
1370
1316
1346
1323
1282
1325
1261
1328
1239
1323
1212
1321
1276
1322
1314
1327
1421
1296
1381
1336
1313
1344
1271
1341
1242
1329
1215
1317
1234
1307
1273
1303
1321
1298
1245
1306
1292
1309
1251
1289
1228
1265
1177
1248
1148
1220
1174
1224
1207
1218
1278
1228
1319
1238
1321
1241
1276
1278
1223
1236
1156
1230
1234
1217
1232
1194
1280
1204
1331
1220
1320
1233
1285
1237
1258
1227
1202
1225
1140
1200
1080
1246
1136
1207
1253
1235
1329
1248
1357
1258
1345
1273
1334
1264
1270
1249
1237
1252
1251
1254
1377
1231
1384
1253
1359
1260
1378
1260
1310
1270
1275
1259
1170
1247
1133
1242
1125
1209
1180
1238
1174
1247
1290
1263
1280
1264
1216
1275
1192
1283
1103
1293
1081
1315
1113
1317
1157
1328
1237
1360
1302
1364
1295
1373
1325
1407
1131
1407
1132
1362
1126
1343
1150
1307
1209
1315
1233
1303
1290
1295
1335
1276
1310
1244
1245
1258
1301
1206
1171
1217
1222
1196
1325
1201
1386
1193
1419
1206
1386
1220
1352
1212
1275
1206
1223
1197
1253
1174
1218
1167
1294
1197
1359
1217
1401
1237
1379
1250
1328
1266
1277
1262
1190
1254
1217
1267
1185
1233
1233
1243
1389
1254
1390
1291
1378
1271
1274
1268
1229
1250
1173
1251
1185
1230
1254
1254
1300
1250
1281
1272
1298
1241
1311
1265
1229
1266
1102
1247
1095
1217
1068
1214
1104
1159
1150
1200
1225
1206
1225
1213
1179
1251
1063
1242
1074
1227
1041
1215
1093
1216
1127
1236
1202
1244
1224
1263
1270
1282
1211
1298
1160
1289
1030
1301
997
1307
1025
1289
1112
1293
1167
1312
1228
1323
1223
1337
1188
1343
1144
1334
1099
1303
1102
1292
1103
1294
1198
1267
1252
1261
1375
1261
1329
1273
1285
1284
1205
1271
1169
1243
1151
1261
1173
1255
1278
1249
1363
1268
1298
1284
1357
1274
1287
1275
1235
1265
1176
1258
1175
1239
1238
1236
1318
1243
1401
1261
1496
1297
1419
1307
1405
1327
1325
1287
1212
1332
1200
1327
1265
1319
1341
1327
1403
1317
1421
1334
1398
1337
1351
1314
1197
1322
1174
1295
1182
1275
1228
1252
1307
1259
1363
1263
1374
1280
1318
1282
1252
1263
1159
1266
1075
1289
1132
1206
1228
1232
1334
1225
1393
1239
1433
1237
1393
1281
1306
1285
1259
1297
1220
1288
1248
1279
1302
1275
1493
1286
1437
1291
1438
1299
1382
1299
1284
1290
1074
1273
1128
1261
1146
1243
1238
1234
1320
1223
1260
1270
1360
1280
1297
1279
1263
1283
1173
1271
1141
1248
1217
1235
1235
1257
1344
1235
1387
1237
1392
1245
1331
1243
1293
1217
1070
1233
1123
1217
1154
1206
1224
1209
1325
1222
1373
1234
1340
1258
1296
1267
1186
1265
1145
1214
1020
1277
1170
1242
1364
1231
1338
1239
1410
1268
1385
1296
1325
1309
1206
1305
1121
1299
1121
1281
1238
1281
1166
1259
1297
1271
1335
1272
1278
1295
1196
1296
1091
1294
1046
1271
1054
1249
1127
1240
1196
1238
1228
1294
1328
1281
1270
1294
1198
1317
1108
1311
1068
1292
1065
1285
1164
1267
1311
1272
1384
1276
1408
1284
1371
1265
1304
1309
1134
1273
1117
1256
1161
1237
1237
1216
1330
1223
1412
1239
1412
1258
1345
1275
1265
1269
1244
1231
1117
1232
1204
1214
1249
1219
1410
1181
1433
1225
1454
1225
1358
1258
1272
1260
1170
1250
1152
1231
1181
1213
1254
1195
1311
1213
1392
1224
1371
1240
1295
1224
1187
1235
1103
1185
1051
1188
1103
1169
1198
1168
1282
1178
1360
1189
1283
1226
1200
1231
1119
1248
987
1248
1016
1201
1049
1206
1145
1258
1243
1254
1283
1264
1325
1291
1162
1308
1081
1282
973
1282
972
1274
1017
1259
1096
1261
1239
1284
1281
1283
1278
1290
1186
1311
1135
1335
1003
1275
1034
1272
1148
1271
1187
1261
1289
1271
1365
1290
1313
1311
1242
1315
1152
1293
1077
1320
1083
1229
1229
1244
1274
1238
1432
1239
1464
1231
1421
1271
1308
1279
1176
1268
1148
1249
1170
1197
1273
1231
1402
1188
1446
1240
1436
1251
1375
1281
1242
1286
1132
1269
1060
1262
1084
1209
1175
1186
1230
1219
1487
1209
1424
1246
1317
1266
1232
1281
1069
1266
1057
1240
1143
1217
1254
1234
1261
1240
1396
1264
1389
1304
1279
1342
1191
1336
1084
1315
1030
1291
1129
1274
1275
1263
1396
1258
1404
1301
1379
1327
1288
1341
1181
1329
1161
1307
1036
1313
1178
1258
1241
1285
1381
1287
1410
1318
1336
1339
1269
1352
1201
1355
1083
1308
1271
1269
1188
1260
1290
1271
1425
1270
1437
1294
1397
1305
1266
1306
1196
1301
1152
1273
1123
1212
1259
1222
1295
1153
1507
1226
1442
1243
1423
1265
1295
1280
1236
1293
1171
1258
1220
1232
1330
1233
1378
1203
1701
1249
1557
1285
1485
1299
1356
1314
1278
1300
1215
1293
1179
1248
1336
1250
1357
1194
1462
1239
1488
1266
1387
1278
1244
1262
1168
1264
1071
1245
1123
1204
1187
1198
1269
1194
1356
1234
1409
1245
1316
1257
1197
1288
1083
1270
1107
1245
1086
1202
1186
1192
1263
1220
1498
1239
1380
1275
1269
1283
1150
1304
1031
1285
1121
1270
1139
1253
1251
1203
1310
1201
1500
1235
1428
1272
1305
1305
1198
1270
1042
1274
1091
1215
1118
1242
1225
1182
1243
1179
1358
1243
1323
1256
1135
1273
1035
1279
893
1261
890
1204
1003
1216
1084
1173
1137
1194
1387
1224
1273
1248
1150
1272
1062
1276
979
1282
982
1201
1122
1223
1228
1168
1257
1157
1405
1244
1344
1269
1173
1285
1151
1283
1052
1279
1069
1219
1190
1250
1276
1198
1285
1215
1533
1283
1360
1307
1183
1322
1126
1313
1046
1317
1051
1257
1191
1275
1269
1214
1272
1264
1399
1289
1339
1301
1196
1318
1133
1299
1077
1282
1092
1244
1253
1224
1338
1232
1272
1281
1462
1296
1395
1318
1264
1340
1185
1322
1186
1323
1199
1260
1386
1277
1431
1235
1369
1285
1593
1295
1429
1308
1279
1303
1143
1293
1196
1291
1242
1231
1349
1205
1473
1199
1349
1262
1557
1237
1351
1267
1198
1277
1038
1269
1131
1264
1104
1233
1298
1228
1316
1188
1221
1261
1450
1281
1259
1272
1126
1319
988
1299
1088
1252
1095
1230
1245
1216
1288
1220
1187
1294
1376
1318
1194
1329
1082
1364
944
1346
1087
1309
1135
1313
1267
1282
1257
1248
1266
1331
1343
1348
1150
1374
1076
1366
952
1338
1109
1322
1159
1304
1284
1240
1299
1243
1423
1304
1371
1308
1199
1315
1112
1306
1025
1291
1124
1261
1236
1212
1400
1187
1360
1152
1583
1244
1435
1251
1278
1258
1202
1260
1123
1249
1207
1224
1345
1188
1471
1192
1417
1152
1631
1251
1473
1264
1270
1282
1228
1266
1154
1274
1241
1217
1410
1199
1481
1212
1384
1218
1616
1277
1423
1316
1242
1322
1180
1302
1114
1298
1183
1247
1344
1228
1377
1194
1328
1173
1516
1292
1321
1300
1134
1327
1049
1312
1045
1313
1105
1274
1268
1224
1343
1246
1155
1225
1456
1322
1243
1336
1100
1325
1019
1330
1047
1341
1115
1290
1270
1268
1258
1197
1191
1183
1340
1292
1168
1311
1001
1333
895
1307
975
1298
990
1254
1176
1215
1264
1206
1123
1235
1385
1279
1193
1303
1079
1312
1002
1285
1166
1283
1233
1193
1456
1210
1424
1165
1356
1230
1559
1285
1346
1324
1219
1304
1100
1297
1271
1275
1287
1246
1478
1182
1438
1168
1286
1261
1478
1281
1248
1298
1127
1315
1028
1293
1197
1274
1254
1218
1394
1240
1359
1223
1185
1265
1384
1319
1161
1336
1039
1357
981
1312
1186
1272
1251
1190
1346
1200
1370
1198
1151
1247
1336
1275
1150
1293
1069
1309
1001
1315
1215
1277
1235
1244
1437
1246
1334
1222
1153
1292
1351
1337
1169
1351
1076
1351
1057
1321
1277
1296
1320
1237
1399
1204
1359
1232
1136
1298
1332
1322
1181
1335
1089
1324
1072
1296
1286
1247
1333
1251
1424
1227
1317
1205
1280
1295
1287
1303
1121
1321
1091
1309
1078
1298
1296
1220
1325
1240
1440
1234
1330
1216
1388
1318
1315
1341
1155
1364
1144
1341
1149
1329
1352
1281
1432
1266
1437
1209
1330
1241
1452
1312
1288
1321
1116
1324
1104
1305
1105
1290
1200
1246
1335
1240
1324
1185
1242
1229
1356
1306
1175
1341
1033
1348
1036
1316
1096
1312
1178
1223
1337
1245
1360
1193
1250
1172
1430
1304
1226
1349
1120
1338
1090
1302
1217
1290
1284
1247
1471
1242
1460
1190
1335
1212
1512
1318
1299
1376
1199
1355
1152
1333
1304
1311
1384
1280
1503
1223
1441
1224
1258
1209
1435
1332
1221
1341
1087
1365
1055
1294
1239
1269
1318
1201
1405
1173
1391
1203
1157
1241
1343
1260
1137
1276
1056
1292
1009
1250
1230
1245
1267
1199
1428
1199
1325
1169
1145
1252
1322
1313
1141
1329
1070
1344
1037
1310
1270
1249
1343
1248
1429
1235
1316
1207
1095
1315
1317
1345
1130
1361
1096
1348
1083
1317
1325
1282
1404
1258
1468
1230
1391
1231
1154
1319
1320
1324
1144
1346
1120
1334
1108
1312
1357
1251
1386
1221
1493
1239
1367
1193
1362
1312
1307
1330
1142
1344
1108
1307
1103
1287
1284
1248
1349
1192
1436
1197
1285
1158
1308
1264
1197
1284
1032
1288
1047
1268
1067
1249
1229
1162
1394
1148
1424
1172
1241
1140
1388
1251
1185
1277
1022
1286
1019
1259
1057
1252
1159
1216
1327
1202
1350
1180
1185
1195
1321
1323
1098
1356
971
1338
956
1339
1072
1327
1164
1305
1353
1283
1360
1255
1227
1254
1422
1369
1181
1370
1084
1385
1062
1358
1222
1329
1278
1267
1469
1273
1438
1234
1279
1262
1417
1325
1195
1339
1052
1317
774
1317
1425
1208
1268
1141
1441
1156
1437
1166
1202
1239
1392
1259
1153
1271
1047
1288
767
1273
1296
1192
1326
1143
1466
1181
1405
1154
1393
1268
1371
1291
1149
1300
1071
1254
1120
1319
1381
1223
1319
1236
1431
1189
1398
1224
1141
1295
1351
1320
1117
1329
744
1213
1099
1308
1348
1285
1322
1251
1367
1202
1300
1195
1524
1308
1258
1316
1033
1324
691
1285
1036
1314
1117
1246
1309
1218
1379
1188
1283
1213
1520
1318
1267
1333
1078
1350
659
1267
1053
1368
1256
1276
1284
1244
1366
1272
1298
1315
1515
1339
1257
1367
1078
1318
718
1308
1291
1354
1213
1257
1433
1259
1487
1231
1405
1316
1587
1355
1322
1346
1152
1303
746
1282
1326
1336
1256
1238
1430
1187
1527
1182
1382
1284
1540
1294
1264
1304
1065
1227
711
1239
1319
1291
1255
1173
1373
1118
1398
1156
1666
1257
1476
1267
1203
1269
1057
1166
707
1239
1359
1235
1217
1105
1425
1121
1411
1101
1641
1212
1450
1228
1175
1245
704
1138
716
1219
1340
1252
1230
1162
1355
1132
1373
1174
1595
1281
1328
1303
1085
1314
625
1258
648
1234
1274
1291
1130
1275
1276
1291
1269
1271
1559
1404
1305
1410
1063
1437
593
1374
677
1433
1378
1335
1228
1326
1373
1304
1356
1395
1637
1397
1371
1408
1149
1404
677
1307
788
1366
1445
1289
1314
1250
1454
1216
1412
1255
1650
1366
1374
1302
1142
1298
681
1259
802
1302
1527
1204
1346
1160
1515
1194
1723
1256
1694
1261
1411
1286
1185
1257
753
1215
1181
1266
1333
1176
1415
1149
1532
1154
1462
1265
1642
1292
1329
1313
1102
1241
642
1205
1131
1286
1462
1220
1348
1179
1448
1166
1702
1275
1521
1300
1231
1292
1001
1261
602
1240
1172
1307
1120
1215
1285
1175
1402
1207
1618
1291
1480
1305
1193
1318
646
1193
621
1244
1211
1298
1150
1190
1350
1175
1377
1150
1701
1281
1469
1290
1157
1295
696
1244
646
1256
1229
1296
1159
1222
1352
1185
1432
1191
1694
1322
1454
1331
1200
1342
635
1289
669
1262
1341
1313
1215
1194
1403
1212
1486
1244
1743
1308
1469
1321
1179
1257
610
1260
708
1340
1354
1313
1245
1232
1393
1243
1387
1303
1694
1326
1403
1348
1116
1312
543
1249
682
1246
1353
1294
1173
1184
1429
1211
1461
1297
1700
1318
1417
1333
1125
1235
628
1275
667
1305
1356
1254
1166
1179
1339
1183
1646
1265
1518
1287
1215
1315
940
1251
467
1244
581
1292
1294
1216
1153
1185
1337
1186
1686
1276
1546
1297
1269
1313
706
1215
633
1240
1115
1318
1512
1209
1410
1162
1593
1129
1904
1243
1735
1256
1422
1296
799
1239
698
1206
1143
1285
1434
1165
1383
1181
1510
1140
1844
1288
1612
1336
1298
1337
628
1275
660
1310
1152
1359
1439
1261
1257
1263
1414
1323
1700
1367
1495
1385
1208
1405
622
1345
651
1291
1254
1342
1167
1199
1393
1192
1453
1251
1707
1295
1467
1326
1152
1295
578
1289
573
1250
1184
1276
1090
1213
1240
1155
1423
1227
1573
1278
1351
1311
1087
1287
541
1243
642
1277
1295
1270
1150
1125
1372
1131
1460
1182
1669
1268
1419
1306
1133
1240
665
1275
712
1308
1398
1294
1279
1176
1430
1172
1803
1210
1687
1288
1397
1320
1129
1231
618
1292
674
1318
1366
1308
1208
1216
1358
1179
1704
1278
1584
1352
1328
1396
1097
1353
626
1311
843
1379
1529
1285
1380
1219
1537
1181
1861
1256
1718
1279
1442
1308
853
1236
742
1203
921
1258
1594
1140
1433
1112
1533
1107
1623
1214
1666
1285
1355
1349
830
1315
661
1293
1141
1356
1344
1262
1266
1169
1378
1193
1697
1314
1524
1358
1268
1379
684
1293
690
1292
1260
1330
1478
1170
1336
1175
1413
1241
1648
1273
1478
1307
1179
1346
585
1245
605
1268
1059
1303
1185
1192
1144
1165
1211
1227
1439
1268
1242
1296
1007
1261
472
1278
521
1229
1151
1280
1052
1147
1214
1162
1327
1226
1595
1268
1436
1342
1195
1310
694
1259
844
1282
1461
1304
1326
1174
1472
1176
1863
1194
1787
1276
1565
1320
1311
1279
755
1272
844
1343
1456
1326
1243
1206
1363
1188
1717
1266
1602
1324
1368
1372
1137
1315
648
1342
705
1384
1366
1323
1140
1177
1311
1196
1634
1233
1580
1317
1376
1346
822
1249
684
1273
863
1336
1542
1312
1327
1202
1434
1242
1607
1239
1690
1292
1449
1326
963
1255
744
1239
811
1296
1451
1203
1169
1107
1258
1133
1355
1230
1444
1298
1234
1336
675
1284
693
1267
1014
1337
1502
1224
1266
1199
1362
1240
1541
1247
1608
1315
1374
1359
808
1261
828
1294
1325
1321
1437
1203
1234
1116
1241
1253
1441
1296
1394
1350
1168
1347
608
1293
697
1278
1265
1322
1262
1191
1180
1157
1239
1216
1496
1243
1422
1282
1244
1303
705
1249
817
1233
1373
1303
1371
1187
1288
1129
1633
1209
1570
1296
1441
1331
1258
1306
804
1321
873
1350
1451
1324
1221
1192
1311
1173
1638
1191
1533
1267
1427
1313
1250
1258
819
1298
914
1251
1526
1289
1317
1197
1382
1137
1742
1219
1639
1297
1472
1350
992
1320
882
1305
1216
1371
1590
1291
1291
1213
1327
1206
1642
1242
1527
1320
1339
1358
833
1288
743
1315
857
1387
1421
1284
1087
1188
1142
1229
1185
1240
1410
1316
1253
1345
777
1305
715
1328
978
1308
1535
1184
1192
1131
1261
1165
1443
1179
1465
1241
1301
1295
784
1237
826
1259
1272
1334
1493
1234
1159
1151
1134
1231
1428
1262
1389
1313
1258
1282
749
1265
868
1261
1346
1320
1499
1194
1165
1167
1148
1221
1302
1226
1390
1290
1241
1278
789
1279
873
1276
1467
1318
1293
1192
1268
1129
1240
1264
1455
1307
1428
1360
1254
1304
824
1339
1070
1341
1446
1380
1144
1248
1171
1241
1501
1257
1376
1336
1351
1374
1255
1349
837
1324
1163
1379
1567
1352
1265
1186
1341
1213
1533
1227
1582
1299
1491
1334
1388
1270
974
1315
1027
1351
1601
1349
1237
1214
1235
1213
1517
1270
1487
1349
1384
1398
987
1365
893
1432
1071
1409
1588
1397
1275
1259
1306
1231
1500
1298
1536
1339
1459
1364
1076
1293
1076
1277
1286
1326
1775
1246
1432
1148
1389
1110
1597
1190
1585
1254
1439
1279
904
1207
965
1276
1043
1298
1541
1211
1112
1132
1107
1179
1158
1172
1246
1220
1139
1254
680
1167
722
1148
1302
1233
1440
1082
1105
1091
1132
1142
1260
1185
1370
1237
1289
1225
877
1282
1256
1258
1434
1365
1560
1279
1167
1272
1152
1336
1159
1365
1315
1416
1217
1393
762
1331
1186
1329
1477
1356
1179
1221
1211
1172
1168
1239
1352
1259
1376
1290
1222
1235
848
1314
1020
1233
1529
1324
1228
1204
1220
1225
1450
1278
1354
1347
1342
1393
1273
1356
862
1331
1029
1354
1547
1413
1258
1291
1213
1252
1490
1297
1348
1350
1299
1371
881
1313
822
1354
956
1280
1508
1290
1127
1079
1110
1133
1396
1161
1341
1194
1268
1214
903
1177
858
1249
1124
1257
1695
1238
1343
1157
1293
1221
1376
1221
1542
1304
1440
1353
973
1294
1374
1309
1138
1367
1613
1289
1197
1225
1111
1266
1192
1253
1320
1302
1270
1325
888
1266
1282
1248
1157
1308
1736
1210
1385
1190
1351
1268
1417
1288
1605
1341
1523
1295
1062
1306
1431
1332
1253
1381
1730
1293
1245
1209
1129
1320
1147
1307
1233
1348
1163
1334
736
1282
1059
1247
1293
1314
1289
1183
1000
1172
923
1241
1069
1260
1184
1283
1138
1278
756
1252
1184
1222
1315
1297
1434
1212
1144
1162
1280
1268
1210
1325
1399
1359
1329
1320
925
1392
1063
1304
1611
1372
1269
1263
1171
1234
1392
1273
1351
1324
1312
1330
1257
1277
905
1242
1068
1228
1573
1261
1246
1129
1182
1154
1541
1172
1407
1277
1422
1310
1015
1239
1163
1344
1159
1352
1713
1349
1313
1247
1252
1228
1517
1278
1388
1363
1339
1379
937
1282
981
1354
1105
1276
1630
1279
1232
1198
1195
1189
1375
1235
1425
1318
1354
1328
958
1265
1447
1258
1191
1172
1715
1292
1288
1172
1262
1232
1263
1214
1426
1279
1352
1296
933
1263
1333
1253
1056
1315
1582
1255
1125
1195
1038
1329
1058
1311
1165
1368
1150
1317
760
1274
1107
1295
1028
1330
1555
1228
1141
1188
1083
1234
1210
1216
1371
1267
1320
1252
931
1221
1214
1177
1524
1261
1484
1144
1265
1157
1157
1265
1226
1280
1331
1326
1204
1266
797
1338
953
1256
1301
1276
1268
1169
946
1123
1226
1165
1035
1243
1173
1235
1145
1202
792
1303
978
1239
1507
1287
1237
1200
1157
1218
1430
1270
1343
1339
1372
1390
976
1338
1304
1392
1078
1292
1610
1320
1266
1187
1197
1183
1447
1228
1310
1289
1285
1311
876
1254
1091
1313
934
1183
1466
1266
1149
1186
1063
1135
1279
1214
1256
1279
1260
1318
952
1236
1146
1272
1067
1300
1599
1287
1196
1178
1134
1178
1273
1253
1358
1332
1283
1366
831
1294
1289
1306
1005
1320
1511
1339
1128
1271
1064
1313
1170
1320
1300
1376
1242
1366
841
1282
1309
1227
1080
1267
1635
1147
1242
1141
1233
1156
1217
1202
1486
1253
1380
1224
1026
1234
1331
1175
1209
1247
1708
1158
1277
1178
1324
1227
1292
1283
1387
1344
1279
1326
857
1357
1066
1309
1433
1351
1355
1233
1193
1260
1121
1339
1235
1364
1377
1409
1283
1349
877
1415
1059
1315
1396
1345
1377
1242
1163
1194
1354
1256
1300
1309
1385
1321
1324
1236
987
1332
1051
1238
1312
1323
1347
1229
1121
1213
1501
1286
1272
1366
1333
1430
904
1338
1231
1406
978
1286
1504
1337
1187
1187
1165
1212
1479
1268
1350
1321
1367
1338
967
1235
1304
1313
1140
1231
1620
1286
1318
1212
1238
1228
1554
1279
1423
1350
1375
1380
920
1270
1404
1293
1051
1216
1606
1232
1205
1181
1197
1108
1285
1202
1386
1269
1326
1278
890
1186
1345
1230
1057
1180
1648
1166
1230
1142
1201
1225
1260
1206
1432
1283
1333
1283
876
1339
1372
1240
1066
1312
1593
1228
1174
1216
1097
1319
1152
1274
1333
1362
1224
1305
801
1370
1159
1288
1053
1313
1550
1229
1175
1212
1124
1317
1209
1326
1356
1345
1281
1302
827
1319
1002
1255
1071
1277
1593
1193
1196
1215
1468
1241
1242
1307
1376
1358
1284
1317
940
1383
1070
1301
1370
1342
1327
1199
1209
1223
1278
1242
1237
1285
1375
1296
1287
1229
879
1284
984
1195
1200
1227
1206
1106
1135
1120
1474
1203
1277
1267
1376
1303
959
1212
1355
1318
1063
1190
1589
1271
1300
1172
1276
1170
1504
1184
1351
1282
1334
1308
885
1217
1210
1305
977
1239
1447
1276
1106
1183
1121
1189
1256
1255
1289
1324
1263
1346
818
1298
1287
1289
990
1247
1542
1305
1183
1196
1126
1228
1414
1272
1357
1344
1283
1370
830
1290
1273
1283
957
1300
1499
1260
1155
1220
1110
1278
1268
1275
1279
1335
1217
1301
775
1333
1245
1239
1005
1224
1551
1212
1210
1187
1303
1292
1378
1277
1472
1328
1400
1328
970
1349
1316
1291
1152
1319
1693
1216
1314
1213
1246
1294
1316
1292
1523
1352
1396
1262
1179
1363
1267
1270
1262
1296
1755
1227
1403
1227
1560
1303
1387
1314
1508
1344
1397
1288
1199
1330
1056
1273
1352
1310
1214
1186
1196
1198
1229
1294
1226
1319
1331
1350
1242
1295
892
1363
986
1301
1217
1338
1241
1246
1201
1214
1504
1263
1228
1321
1358
1346
894
1226
1264
1342
978
1258
1464
1288
1184
1188
1151
1178
1445
1218
1303
1296
1297
1320
890
1236
1248
1332
976
1235
1526
1312
1271
1231
1264
1206
1572
1272
1466
1313
1419
1348
900
1310
1385
1280
1072
1284
1607
1258
1261
1177
1269
1216
1552
1217
1499
1305
1414
1322
961
1282
1378
1259
1064
1233
1614
1262
1221
1218
1198
1304
1423
1263
1444
1342
1354
1311
907
1357
1349
1245
1064
1242
1583
1239
1193
1195
1301
1243
1307
1236
1368
1308
1249
1273
776
1321
1134
1257
961
1295
1507
1220
1150
1186
1162
1250
1289
1248
1374
1305
1290
1238
1172
1310
1151
1228
1111
1242
1585
1158
1301
1185
1560
1211
1360
1253
1452
1316
1298
1274
1213
1349
983
1235
1260
1309
1216
1191
1190
1202
1167
1278
1244
1288
1345
1313
866
1237
1249
1330
989
1261
1196
1315
1221
1207
1212
1185
1557
1253
1226
1311
1363
1327
904
1266
1253
1348
922
1231
1403
1299
1102
1183
1017
1178
1390
1252
1254
1313
1282
1345
873
1189
1221
1334
943
1274
1474
1335
1220
1250
1229
1242
1577
1280
1473
1338
1432
1351
938
1342
1400
1299
1027
1266
1531
1298
1232
1184
1178
1264
1349
1267
1390
1331
1344
1363
885
1348
1341
1296
1018
1232
1575
1219
1242
1216
1246
1259
1395
1238
1497
1292
1407
1214
940
1317
1359
1218
1055
1234
1593
1228
1215
1192
1207
1257
1394
1247
1405
1297
1300
1253
850
1309
1087
1199
1030
1256
1470
1150
1203
1131
1139
1224
1307
1221
1376
1268
1217
1206
1012
1314
1051
1247
933
1271
1442
1179
1195
1232
1445
1296
1302
1295
1406
1352
1302
1282
1197
1390
933
1269
1207
1362
1220
1277
1169
1265
1330
1311
1284
1331
1401
1351
929
1273
1291
1350
1026
1257
1246
1298
1241
1177
1264
1167
1606
1223
1379
1300
1452
1336
1012
1297
1343
1368
981
1257
1503
1371
1219
1267
1232
1264
1550
1300
1381
1372
1407
1365
1031
1317
1305
1362
1002
1247
1535
1312
1235
1173
1272
1200
1431
1251
1462
1297
1422
1327
952
1264
1381
1300
1072
1257
1556
1291
1275
1213
1297
1257
1407
1238
1494
1306
1417
1320
942
1302
1357
1240
1052
1217
1577
1234
1218
1161
1230
1247
1312
1228
1419
1294
1294
1246
760
1319
1221
1225
927
1200
1424
1188
1117
1158
1075
1281
1292
1223
1409
1306
1315
1295
836
1357
1078
1272
993
1319
1530
1222
1235
1204
1199
1284
1341
1287
1439
1341
1258
1277
1157
1368
1022
1272
945
1290
1414
1225
1160
1175
1435
1249
1248
1267
1406
1305
1309
1282
1214
1346
957
1243
1302
1333
1280
1244
1286
1235
1275
1302
1492
1312
1525
1337
1013
1237
1353
1370
1012
1255
1212
1330
1228
1208
1245
1202
1618
1293
1354
1330
1464
1352
1037
1280
1359
1376
1048
1297
1143
1334
1263
1217
1261
1224
1437
1255
1413
1307
1450
1328
932
1333
1337
1327
968
1223
1460
1283
1151
1169
1200
1152
1524
1219
1369
1281
1335
1292
801
1303
1249
1278
911
1205
1408
1262
1171
1155
1207
1190
1315
1169
1416
1246
1376
1268
917
1280
1302
1233
1008
1205
1550
1165
1225
1175
1216
1149
1366
1217
1473
1293
1339
1266
841
1354
1237
1277
879
1274
1432
1277
1093
1248
1134
1295
1254
1268
1380
1340
1293
1316
847
1368
1112
1303
1009
1347
1441
1243
1226
1254
1260
1313
1386
1315
1486
1367
1358
1330
1232
1418
1119
1332
985
1365
1429
1257
1212
1204
1312
1291
1335
1290
1437
1338
1315
1252
1227
1355
960
1244
1261
1315
1226
1226
1226
1169
1299
1278
1337
1291
1429
1335
905
1245
1194
1351
919
1262
1067
1301
1179
1169
1190
1169
1545
1207
1311
1254
1410
1277
965
1228
1295
1327
955
1212
1135
1282
1227
1173
1297
1153
1496
1210
1438
1276
1464
1312
913
1312
1362
1322
985
1225
1495
1316
1227
1205
1241
1218
1565
1260
1436
1326
1383
1351
857
1326
1269
1311
929
1281
1398
1334
1161
1193
1192
1239
1313
1222
1399
1276
1335
1284
854
1284
1245
1252
936
1207
1461
1196
1175
1208
1166
1155
1398
1251
1472
1327
1382
1306
907
1376
1326
1320
1024
1257
1572
1280
1231
1225
1288
1265
1402
1237
1508
1289
1392
1254
910
1313
1160
1242
1054
1297
1496
1186
1302
1197
1325
1248
1468
1264
1583
1318
1441
1215
1316
1358
1191
1247
1132
1324
1521
1214
1308
1185
1526
1233
1397
1262
1422
1309
1269
1254
1149
1339
870
1261
1065
1304
1026
1196
1077
1149
1048
1220
1160
1244
1277
1284
778
1237
1115
1317
813
1242
940
1289
1037
1179
1057
1196
1445
1232
1221
1295
1327
1325
848
1249
1231
1360
875
1259
1027
1333
1172
1147
1250
1195
1512
1247
1394
1298
1436
1321
891
1340
1332
1361
978
1273
1460
1334
1211
1213
1262
1238
1478
1268
1500
1332
1454
1354
938
1347
1340
1348
1012
1320
1499
1403
1256
1279
1300
1267
1486
1284
1508
1340
1460
1245
937
1375
1362
1288
1035
1265
1576
1291
1275
1204
1324
1226
1445
1245
1581
1314
1452
1282
898
1344
1312
1289
1002
1286
1475
1296
1161
1249
1213
1298
1265
1264
1425
1330
1297
1298
976
1342
975
1240
934
1299
1396
1185
1178
1165
1200
1245
1241
1218
1468
1256
1316
1201
1218
1342
1124
1253
1035
1289
1478
1206
1247
1163
1416
1192
1407
1237
1503
1304
1383
1247
1287
1361
1002
1306
1063
1329
1457
1280
1342
1252
1697
1263
1432
1303
1521
1348
1048
1314
1377
1369
1047
1308
1185
1344
1281
1222
1298
1186
1707
1234
1368
1289
1466
1316
974
1226
1265
1345
876
1270
1035
1333
1150
1209
1171
1225
1560
1217
1249
1291
1352
1309
844
1293
1209
1331
854
1220
1352
1313
1144
1188
1179
1195
1563
1188
1409
1287
1383
1309
870
1333
1273
1317
940
1297
1426
1332
1169
1267
1205
1228
1300
1250
1446
1302
1378
1236
873
1316
1287
1268
946
1237
1472
1246
1172
1163
1243
1194
1383
1213
1473
1272
1388
1220
883
1326
1326
1236
1023
1261
1569
1245
1282
1208
1265
1289
1328
1248
1531
1321
1398
1303
900
1356
1177
1299
978
1356
1437
1273
1174
1213
1188
1276
1320
1244
1408
1303
1281
1249
1170
1327
994
1220
952
1298
1350
1227
1180
1150
1266
1242
1342
1230
1421
1260
1302
1212
1219
1324
925
1235
984
1313
1420
1234
1293
1220
1654
1232
1362
1274
1509
1308
994
1242
1349
1334
986
1293
1049
1349
1154
1256
1231
1250
1551
1259
1258
1328
1354
1359
898
1309
1196
1397
863
1310
965
1372
1166
1271
1226
1194
1510
1247
1326
1286
1389
1301
843
1283
1233
1325
852
1217
1377
1287
1104
1171
1208
1160
1553
1184
1401
1236
1374
1258
878
1268
1288
1262
978
1290
1490
1323
1264
1206
1324
1173
1519
1269
1556
1329
1486
1269
1005
1353
1416
1333
1095
1311
1629
1299
1342
1298
1362
1247
1480
1299
1642
1349
1537
1287
999
1369
1430
1285
1116
1304
1645
1268
1328
1211
1329
1276
1545
1230
1547
1281
1402
1262
1008
1307
1310
1316
1373
1278
1232
1210
1176
1157
1172
1182
1066
1142
933
1254
1255
1288
1174
1302
1177
1304
1121
1264
1220
1243
1337
1215
1169
1135
1113
1159
929
1147
843
1197
1187
1309
1270
1317
1364
1305
1475
1264
1348
1238
1415
1243
1327
1235
1045
1242
885
1262
868
1296
936
1364
1464
1371
1566
1349
1607
1327
1435
1255
1318
1267
1177
1284
873
1264
855
1300
931
1302
1038
1260
1588
1344
1690
1332
1646
1313
1519
1286
1216
1286
1118
1299
1093
1303
1007
1255
1122
1280
1199
1218
1284
1287
1682
1293
1546
1295
1391
1303
1146
1277
1102
1303
1170
1303
1088
1228
1238
1233
1240
1185
1225
1189
1502
1267
1391
1281
1274
1298
1242
1282
1138
1272
1251
1259
1284
1224
1236
1190
1165
1208
1028
1206
921
1316
1309
1372
1320
1373
1396
1364
1364
1314
1457
1301
1502
1283
1282
1208
1133
1246
973
1244
915
1256
1328
1382
1425
1341
1524
1317
1619
1265
1433
1239
1353
1212
1117
1180
935
1228
824
1221
887
1266
962
1327
1556
1327
1618
1305
1572
1287
1333
1254
1150
1272
1009
1292
789
1255
801
1302
935
1291
1065
1226
1586
1307
1629
1280
1516
1260
1362
1237
1083
1228
1045
1248
1041
1210
1043
1230
1128
1187
1158
1188
1189
1234
1565
1246
1401
1253
1269
1267
1094
1240
1169
1265
1269
1257
1232
1189
1316
1215
1302
1186
1195
1163
1451
1281
1386
1304
1346
1328
1386
1316
1329
1305
1447
1290
1515
1223
1265
1241
1178
1245
994
1249
931
1338
1342
1364
1384
1354
1466
1344
1429
1276
1430
1262
1378
1265
1091
1212
920
1244
794
1270
807
1323
1283
1399
1449
1388
1523
1367
1527
1349
1309
1296
1193
1292
1085
1232
821
1248
894
1277
962
1247
1113
1301
1673
1314
1683
1287
1581
1268
1323
1242
1110
1255
1047
1277
923
1268
997
1239
1129
1231
1220
1174
1644
1248
1614
1226
1467
1214
1331
1232
1114
1200
1163
1217
1282
1164
1264
1198
1305
1140
1342
1160
1222
1179
1429
1239
1331
1258
1233
1279
1158
1259
1157
1289
1292
1240
1236
1202
1222
1164
1070
1123
960
1113
1153
1223
1183
1235
1197
1249
1278
1231
1223
1183
1300
1168
1280
1112
1004
1120
783
1158
674
1184
635
1278
1081
1331
1148
1326
1318
1291
1321
1206
1238
1199
1121
1210
859
1142
688
1256
696
1343
718
1369
1194
1445
1513
1414
1687
1390
1732
1342
1529
1289
1425
1303
1292
1288
1065
1337
1064
1399
1191
1455
1359
1459
1934
1501
1998
1432
1928
1349
1765
1258
1458
1229
1325
1262
1109
1294
968
1376
954
1389
1020
1425
1053
1478
1495
1417
1481
1300
1423
1201
1240
1109
1194
1107
1179
1134
990
1185
945
1316
900
1363
903
1365
1358
1390
1458
1291
1551
1175
1614
1053
1484
1044
1467
1029
1342
1064
1134
1141
968
1254
900
1266
969
1302
1541
1215
1654
1089
1713
984
1531
903
1395
934
1182
1043
782
1144
701
1321
672
1338
790
1369
1342
1407
1505
1291
1597
1168
1557
1067
1234
1051
1025
1120
840
1247
578
1382
638
1502
776
1539
919
1546
1572
1479
1610
1348
1534
1251
1286
1184
1037
1227
893
1314
677
1436
699
1534
767
1545
996
1516
1476
1533
1676
1383
1659
1240
1552
1132
1287
1090
1198
1143
1169
1225
1043
1344
1039
1417
1161
1399
1267
1346
1770
1265
1808
1203
1760
1089
1675
994
1447
999
1354
1078
1173
1203
1073
1310
1060
1360
1133
1374
1333
1415
1752
1314
1769
1205
1678
1134
1366
1088
1167
1158
980
1283
665
1385
656
1473
867
1496
1042
1452
1708
1452
1873
1321
1910
1190
1719
1115
1299
1138
1029
1212
845
1322
634
1461
841
1532
1114
1505
1391
1478
2026
1358
2022
1227
1813
1136
1360
1095
1027
1163
826
1274
630
1387
750
1472
971
1467
1280
1407
1792
1418
1932
1294
1782
1192
1531
1143
1149
1143
981
1224
964
1282
889
1387
1101
1410
1374
1409
1526
1327
1995
1253
1913
1132
1728
1039
1470
990
1164
1032
1058
1139
893
1243
902
1315
989
1366
1055
1355
1077
1349
1541
1253
1465
1147
1313
1079
1021
1067
906
1128
854
1234
634
1365
691
1406
897
1457
1060
1372
1591
1414
1671
1274
1601
1193
1459
1126
1114
1147
974
1234
897
1338
731
1411
860
1497
1055
1498
1312
1463
1890
1379
1832
1253
1763
1175
1430
1151
1167
1201
1045
1312
870
1429
1037
1490
1225
1514
1456
1457
1932
1454
2051
1317
1902
1199
1662
1147
1270
1119
1114
1202
1075
1316
1008
1376
1134
1444
1369
1466
1461
1390
1895
1382
1765
1238
1539
1159
1285
1091
920
1110
889
1194
941
1233
893
1313
1101
1348
1252
1318
1287
1318
1673
1208
1535
1109
1340
1024
1012
988
926
1065
905
1182
830
1255
950
1331
1079
1353
1206
1328
1597
1312
1598
1198
1438
1095
1252
1043
915
1053
820
1136
820
1219
726
1288
883
1349
1110
1370
1245
1258
1706
1273
1616
1163
1423
1114
1162
1102
848
1172
790
1295
775
1383
838
1467
1068
1435
1308
1425
1386
1400
1874
1294
1677
1209
1422
1142
1029
1184
899
1279
907
1399
876
1427
1157
1482
1384
1454
1541
1410
1946
1386
1866
1284
1599
1209
1330
1175
988
1180
931
1295
1068
1327
1144
1427
1392
1450
1519
1369
1524
1292
1855
1312
1661
1237
1393
1199
1146
1174
964
1246
1026
1341
1136
1411
1216
1425
1408
1433
1464
1343
1439
1325
1718
1212
1526
1112
1331
1092
1103
1109
1085
1174
1181
1275
1132
1313
1315
1339
1416
1337
1396
1277
1717
1251
1642
1146
1435
1092
1256
1085
1019
1129
1021
1228
1066
1311
1040
1366
1088
1363
1149
1288
1128
1292
1524
1217
1391
1145
1231
1120
1027
1128
867
1220
890
1330
960
1401
980
1391
1119
1404
1199
1302
1232
1285
1592
1206
1466
1144
1266
1134
979
1166
906
1280
950
1383
913
1442
1094
1468
1258
1405
1358
1310
1665
1317
1621
1238
1392
1199
1174
1210
894
1258
878
1359
1038
1428
1079
1448
1275
1405
1374
1346
1404
1267
1753
1218
1564
1157
1298
1141
1069
1178
889
1254
974
1360
1176
1406
1188
1434
1373
1410
1427
1286
1306
1244
1575
1159
1314
1103
1078
1101
818
1154
787
1258
974
1349
1033
1388
1202
1396
1282
1276
1306
1174
1475
1168
1389
1112
1174
1074
1019
1129
833
1203
930
1312
1118
1379
1148
1353
1325
1338
1438
1247
1373
1123
1614
1130
1421
1105
1217
1136
1108
1196
972
1308
1104
1423
1341
1457
1400
1443
1546
1362
1553
1246
1423
1211
1691
1153
1428
1126
1233
1159
1039
1217
1045
1305
1230
1379
1381
1401
1430
1360
1498
1270
1448
1183
1283
1198
1404
1146
1156
1165
992
1214
822
1307
930
1402
1113
1468
1202
1462
1300
1401
1288
1276
1194
1161
1338
1186
1186
1146
1054
1167
987
1228
907
1302
1096
1392
1306
1441
1290
1372
1353
1334
1279
1215
1114
1078
1331
1108
1163
1087
1102
1138
1032
1194
1016
1269
1231
1372
1393
1293
1307
1339
1363
1285
1286
1157
1137
1155
1422
1134
1291
1164
1214
1217
1101
1286
1165
1374
1343
1443
1385
1426
1386
1382
1383
1254
1341
1182
1277
1195
1408
1213
1256
1231
1160
1312
1009
1375
1149
1464
1312
1504
1282
1454
1319
1370
1296
1237
1139
1132
1346
1155
1196
1126
1080
1160
1100
1215
1018
1290
1188
1364
1363
1379
1263
1359
1310
1285
1175
1172
1018
1089
1290
1167
1177
1184
1123
1247
1153
1312
1142
1403
1308
1459
1436
1410
1311
1386
1267
1290
1130
1142
973
1132
1309
1113
1247
1136
1251
1219
1225
1299
1300
1385
1416
1436
1395
1395
1315
1343
1257
1211
1196
1143
1171
1132
1410
1116
1349
1165
1302
1249
1171
1317
1217
1408
1312
1451
1199
1375
1165
1334
1173
1226
1075
1141
1350
1182
1279
1211
1183
1298
1151
1386
1043
1477
1153
1570
1276
1555
1176
1457
1230
1339
1236
1243
1137
1087
1447
1171
1339
1196
1268
1274
1277
1357
1224
1446
1371
1488
1454
1421
1433
1336
1406
1226
1324
1121
1205
1118
1505
1124
1396
1172
1341
1261
1362
1342
1336
1420
1479
1436
1580
1385
1464
1291
1413
1170
1293
1040
1128
1069
1434
1080
1325
1137
1268
1216
1172
1311
1236
1378
1343
1378
1265
1311
1193
1215
1107
1067
1024
1020
1056
1068
1153
1097
1076
1162
1053
1312
967
1385
1053
1451
1206
1453
1164
1340
1147
1243
1100
1196
927
1114
1204
1162
1127
1198
1074
1272
1108
1363
1065
1417
1196
1448
1325
1430
1245
1334
1197
1210
1062
1138
927
1075
1205
1137
1149
1189
1169
1283
1267
1358
1251
1430
1396
1450
1510
1401
1358
1296
1233
1165
1106
1093
955
1035
1300
1138
1256
1206
1308
1325
1403
1402
1382
1470
1491
1495
1520
1415
1299
1328
1182
1202
1036
1103
889
1124
1257
1153
1257
1229
1317
1334
1335
1399
1389
1450
1465
1432
1437
1317
1235
1216
1182
1103
1106
1034
992
1112
1338
1153
1345
1264
1405
1386
1331
1444
1424
1491
1494
1459
1342
1325
1269
1236
1149
1139
1037
1076
1222
1191
1297
1256
1321
1360
1400
1471
1348
1514
1433
1548
1500
1495
1332
1379
1199
1266
1085
1146
967
1068
1264
1172
1271
1218
1342
1330
1429
1426
1374
1463
1461
1477
1489
1422
1250
1306
1114
1127
1028
1040
893
976
1237
1080
1256
1164
1334
1296
1414
1376
1349
1446
1411
1445
1406
1360
1133
1216
1067
1071
915
946
832
957
1227
1063
1238
1192
1318
1326
1389
1407
1326
1453
1384
1428
1360
1288
1114
1126
1034
1019
926
942
892
985
1300
1128
1342
1262
1416
1399
1496
1460
1431
1464
1502
1417
1488
1293
1239
1191
1158
1083
1004
969
906
1101
1314
1196
1348
1311
1413
1439
1432
1486
1412
1480
1438
1410
1363
1264
1127
1094
1011
1029
890
945
785
1083
1220
1202
1265
1349
1351
1484
1319
1542
1332
1547
1355
1474
1182
1322
1021
1161
943
1049
792
1053
1129
1139
1148
1272
1292
1439
1382
1566
1334
1584
1361
1557
1352
1441
1165
1219
1022
1096
917
964
889
950
1238
1143
1257
1294
1320
1477
1425
1582
1353
1569
1354
1491
1342
1334
1117
1105
1040
952
942
896
913
948
1301
1147
1344
1318
1449
1474
1515
1565
1428
1532
1461
1425
1447
1270
1205
1083
1103
981
1037
951
965
979
1372
1197
1424
1379
1480
1518
1595
1593
1489
1540
1487
1437
1428
1270
1156
1069
994
970
910
954
847
995
1297
1225
1344
1403
1434
1550
1506
1592
1378
1541
1355
1414
1292
1198
1033
1052
955
932
868
891
877
1093
1290
1275
1440
1478
1542
1622
1572
1666
1382
1557
1347
1403
1299
1203
1032
985
961
958
897
962
923
1193
1285
1387
1478
1580
1546
1691
1565
1660
1411
1528
1382
1337
1336
1147
1100
958
1058
956
998
991
1023
1228
1387
1409
1514
1581
1566
1656
1572
1589
1418
1435
1370
1248
1305
1052
1012
879
952
869
899
940
926
1177
1300
1359
1453
1519
1515
1580
1539
1500
1383
1361
1348
1177
1273
950
984
854
891
869
860
976
961
1217
1350
1401
1470
1576
1518
1627
1517
1528
1335
1332
1268
1138
1156
908
909
851
900
882
916
998
1128
1307
1396
1493
1460
1658
1494
1698
1472
1535
1269
1329
1233
1129
1114
961
973
878
940
978
948
1160
1318
1430
1384
1661
1495
1748
1503
1702
1501
1520
1271
1298
1226
1110
1097
964
914
901
906
994
918
1120
1239
1396
1242
1548
1384
1630
1382
1527
1355
1372
1170
1170
1120
999
979
880
812
876
828
935
877
1135
1267
1401
1319
1568
1382
1652
1407
1586
1403
1403
1238
1224
1167
1033
1060
885
988
900
1029
1030
1062
1196
1395
1512
1493
1662
1567
1702
1573
1600
1564
1388
1345
1161
1304
988
1119
855
1085
913
1109
1038
1186
1272
1450
1555
1519
1681
1572
1692
1522
1542
1458
1316
1253
1088
1217
945
1061
878
1013
942
1055
1117
1063
1369
1457
1580
1399
1726
1440
1679
1438
1536
1412
1282
1234
1107
1241
986
1115
933
1051
1037
1067
1163
1108
1376
1468
1578
1367
1691
1481
1633
1480
1467
1453
1254
1293
1048
1281
923
1100
856
1095
938
1089
1169
1039
1370
1299
1607
1347
1669
1454
1589
1454
1425
1430
1246
1260
992
1230
875
1136
807
1050
960
1036
1176
1020
1438
1125
1645
1332
1681
1364
1584
1384
1376
1372
1159
1222
939
1231
854
1120
860
1086
1012
1059
1291
1023
1470
1214
1669
1308
1668
1370
1538
1358
1332
1380
1109
1241
943
1261
923
1218
964
1117
1110
1092
1366
1029
1551
1207
1663
1299
1631
1383
1496
1426
1298
1451
1108
1357
954
1352
927
1321
941
1127
1162
1116
1384
1057
1559
1133
1679
1276
1623
1360
1527
1415
1329
1452
1145
1338
984
1305
945
1277
1004
1049
1152
1044
1410
958
1544
1065
1657
1242
1612
1348
1434
1423
1231
1455
1018
1372
869
1346
856
1325
945
1136
1136
994
1346
1043
1535
1142
1595
1250
1499
1362
1323
1425
1104
1469
928
1433
802
1354
845
1342
961
1105
1207
1059
1441
974
1540
1064
1601
1163
1503
1320
1301
1439
1126
1490
981
1505
903
1368
965
1298
1112
1068
1298
1024
1525
923
1604
1008
1650
1175
1535
1325
1366
1451
1185
1499
1075
1491
1004
1314
1065
1238
1194
1016
1391
917
1531
918
1634
955
1671
1144
1550
1284
1379
1411
1197
1462
1059
1444
979
1266
1006
1197
1183
942
1337
939
1521
885
1625
1025
1617
1144
1487
1285
1303
1409
1101
1436
994
1480
948
1326
1007
1285
1208
1089
1362
1023
1498
1014
1594
1107
1531
1244
1384
1414
1206
1571
1063
1639
956
1649
987
1483
1034
1404
1221
1215
1397
1047
1507
1051
1537
1179
1475
1262
1347
1467
1194
1623
1068
1697
999
1673
1041
1479
1093
1321
1252
1152
1379
941
1483
923
1538
1043
1502
1118
1366
1372
1223
1507
1084
1584
1010
1528
1023
1384
1109
1161
1250
1090
1392
833
1509
878
1547
910
1481
1146
1349
1338
1199
1491
1065
1561
994
1466
1010
1405
1088
1157
1247
1095
1379
833
1492
902
1507
897
1414
1149
1277
1282
1124
1408
1020
1512
991
1506
1030
1392
1145
1129
1299
1053
1467
828
1554
923
1528
949
1419
1044
1285
1272
1178
1520
1091
1556
1041
1533
1127
1412
1243
1165
1362
1059
1488
891
1536
922
1500
1011
1412
1203
1303
1335
1196
1543
1135
1625
1088
1556
1134
1419
1229
1214
1324
1092
1428
934
1447
1021
1464
1090
1384
1251
1294
1309
1163
1556
1071
1570
1045
1537
1096
1421
1155
1267
1292
1129
1406
1147
1475
1084
1442
1115
1375
1211
1236
1428
1105
1451
1048
1530
1060
1518
1106
1420
1217
1235
1340
1091
1431
1115
1429
1026
1419
988
1326
1176
1195
1246
1116
1401
1064
1446
1073
1412
1149
1313
1261
1122
1353
1019
1394
978
1435
820
1418
921
1321
1050
1223
1308
1173
1333
1145
1385
1148
1347
1213
1212
1286
1129
1347
1003
1390
998
1421
953
1430
1080
1315
1222
1252
1401
1195
1397
1142
1377
1136
1387
1169
1330
1230
1268
1293
1236
1357
1218
1408
1276
1403
1218
1342
1349
1253
1357
1179
1386
1112
1365
1100
1393
1143
1349
1207
1301
1299
1223
1367
1184
1399
1243
1363
1216
1296
1234
1199
1288
1111
1296
1072
1306
1089
1262
1156
1220
1239
1208
1310
1208
1389
1238
1376
1195
1360
1253
1291
1257
1214
1271
1160
1283
1145
1253
1189
1147
1236
1175
1298
1176
1347
1226
1360
1191
1415
1265
1391
1251
1353
1303
1314
1292
1265
1206
1247
1081
1222
1119
1260
1121
1271
1177
1298
1273
1357
1307
1391
1358
1401
1412
1357
1309
1330
1235
1260
1195
1197
1112
1172
1086
1198
1157
1224
1200
1279
1355
1385
1390
1391
1431
1377
1425
1335
1343
1278
1265
1200
1173
1137
1138
1126
1166
1153
1241
1178
1344
1266
1449
1328
1481
1323
1498
1340
1458
1310
1406
1240
1320
1203
1205
1170
1145
1179
1129
1202
1181
1234
1276
1288
1294
1326
1400
1341
1448
1332
1389
1280
1320
1281
1254
1215
1021
1227
934
1205
890
1206
935
1254
1112
1237
1236
1266
1391
1314
1447
1338
1482
1312
1406
1316
1252
1266
1109
1225
969
1195
947
1185
1178
1171
1232
1234
1408
1278
1616
1323
1664
1360
1594
1341
1494
1301
1306
1225
1122
1170
1016
1151
945
1158
1028
1190
1180
1227
1373
1282
1517
1317
1579
1307
1555
1308
1481
1276
1248
1214
1104
1200
940
1164
932
1236
881
1258
1125
1260
1348
1284
1461
1288
1586
1285
1563
1282
1458
1275
1237
1268
1065
1252
862
1284
774
1260
839
1258
959
1240
1186
1250
1400
1214
1512
1280
1543
1289
1384
1295
1231
1284
994
1262
811
1245
859
1198
731
1210
977
1201
1220
1215
1461
1241
1580
1278
1640
1283
1518
1291
1304
1277
1066
1232
867
1242
779
1231
807
1229
1065
1238
1285
1254
1484
1270
1610
1288
1616
1288
1493
1276
1318
1270
1075
1270
976
1310
793
1288
900
1283
1111
1277
1254
1282
1470
1242
1590
1225
1603
1229
1546
1247
1373
1266
1191
1356
866
1352
900
1357
903
1341
992
1309
1178
1275
1356
1235
1517
1225
1584
1249
1515
1281
1367
1338
1208
1369
876
1405
862
1404
836
1350
1025
1290
1228
1243
1406
1216
1656
1216
1681
1234
1559
1269
1434
1304
1278
1327
1071
1354
984
1322
1041
1302
1154
1264
1343
1224
1535
1184
1657
1174
1636
1176
1601
1209
1467
1258
1279
1275
1159
1356
1121
1351
1027
1349
1139
1302
1240
1242
1411
1163
1489
1105
1511
1100
1449
1124
1351
1204
1207
1291
1097
1367
996
1406
1009
1374
1099
1306
1208
1209
1291
1129
1375
1050
1423
1072
1382
1130
1304
1227
1193
1336
1146
1437
974
1442
992
1409
1087
1301
1135
1209
1200
1149
1286
1088
1339
1098
1268
1155
1211
1257
1125
1349
1101
1416
1070
1449
1084
1426
1100
1348
1193
1252
1280
1169
1311
1119
1319
1112
1285
1153
1280
1223
1252
1326
1224
1411
1280
1460
1319
1457
1208
1407
1346
1301
1348
1222
1343
1122
1255
1069
1262
1086
1285
1163
1276
1270
1262
1432
1285
1490
1202
1509
1243
1429
1205
1306
1204
1152
1180
1064
1160
1027
1135
1050
1168
1146
1181
1281
1164
1425
1163
1501
1153
1495
1164
1414
1152
1260
1163
1151
1157
1055
1131
1042
1127
1066
1111
1162
984
1261
1217
1392
1238
1461
1258
1464
1285
1380
1283
1316
1258
1199
1169
1107
1157
1064
1117
1065
1182
1107
1238
1228
1334
1301
1337
1436
1363
1485
1354
1467
1276
1395
1248
1273
1211
1172
1156
1094
1184
1078
1168
1095
1271
1200
1343
1325
1428
1434
1419
1498
1339
1491
1351
1401
1258
1275
1177
1155
1154
1069
1199
1038
1251
1079
1383
1160
1391
1321
1464
1442
1421
1511
1399
1516
1339
1428
1248
1319
1160
1210
1247
1110
1173
1126
1269
1141
1279
1209
1374
1300
1381
1401
1320
1423
1338
1458
1265
1394
1233
1302
1151
1215
1092
1148
1085
1106
1219
1067
1262
1116
1322
1188
1330
1268
1313
1354
1225
1400
1161
1367
1110
1331
1028
1225
1123
1147
1038
1086
1149
1041
1234
1063
1305
1121
1325
1225
1283
1329
1191
1390
1117
1431
1061
1361
1046
1280
1103
1174
1164
1119
1233
1085
1344
1082
1390
1179
1405
1270
1307
1374
1238
1436
1163
1452
1098
1448
1161
1342
1141
1281
1212
1262
1335
1193
1383
1176
1445
1215
1423
1274
1350
1336
1234
1398
1137
1437
1105
1429
1075
1409
1097
1334
1163
1263
1215
1204
1349
1150
1378
1146
1376
1163
1291
1210
1175
1285
1017
1367
985
1377
1018
1373
1078
1319
1163
1235
1311
1145
1463
1089
1523
1066
1474
1089
1427
1164
1311
1257
1210
1315
1091
1364
1080
1361
1104
1317
1183
1240
1337
1158
1457
1110
1479
1080
1479
1104
1354
1193
1251
1158
1151
1300
1026
1344
983
1367
998
1334
1104
1278
1279
1229
1356
1185
1449
1131
1423
1113
1384
1150
1209
1198
1057
1280
978
1340
894
1400
916
1412
1013
1403
1125
1352
1264
1289
1353
1226
1371
1163
1362
1180
1296
1218
1235
1286
1064
1370
1014
1430
992
1443
1042
1423
1144
1358
1295
1263
1432
1223
1553
1123
1530
1127
1425
1170
1299
1237
1150
1319
1083
1393
1039
1391
1066
1361
1148
1308
1208
1258
1423
1168
1407
1145
1480
1132
1424
1157
1333
1199
1241
1275
1134
1333
1096
1361
1076
1380
1148
1374
1255
1325
1249
1268
1368
1216
1422
1187
1433
1115
1437
1184
1348
1243
1272
1302
1161
1356
1110
1393
944
1404
1053
1334
1123
1256
1246
1181
1354
1091
1458
1083
1477
1097
1467
1150
1420
1230
1326
1299
1314
1345
1116
1345
1078
1321
1064
1290
1160
1151
1277
1135
1428
1125
1558
1145
1599
1192
1554
1272
1428
1359
1282
1398
1055
1399
925
1376
872
1328
891
1272
1016
1225
1217
1222
1376
1207
1499
1222
1499
1271
1492
1309
1214
1364
1026
1391
837
1400
722
1372
735
1332
875
1289
1101
1233
1302
1206
1555
1216
1635
1232
1690
1271
1496
1319
1264
1354
992
1368
779
1354
740
1298
810
1246
987
1185
1298
1192
1465
1172
1768
1168
1812
1237
1662
1289
1416
1330
1090
1343
850
1339
734
1296
763
1239
967
1198
1152
1175
1611
1150
1898
1156
1908
1198
1899
1226
1610
1257
1288
1255
965
1301
768
1294
678
1295
833
1265
1070
1229
1358
1198
1689
1183
1863
1182
1810
1201
1614
1243
1296
1306
951
1349
619
1377
518
1371
592
1343
658
1296
1059
1208
1379
1146
1705
1137
1784
1159
1722
1187
1439
1234
1060
1277
804
1304
613
1300
626
1271
759
1225
1062
1154
1439
1118
1728
1107
1920
1134
1895
1177
1695
1235
1331
1286
930
1332
674
1355
651
1305
626
1336
840
1254
1162
1193
1456
1164
1666
1156
1728
1168
1614
1225
1352
1262
1043
1325
805
1363
628
1395
565
1374
750
1316
996
1252
1329
1188
1619
1149
1772
1149
1772
1189
1599
1262
1390
1330
1044
1418
817
1471
758
1440
839
1382
1026
1303
1295
1227
1616
1174
1815
1176
1869
1221
1777
1271
1503
1373
1289
1401
978
1434
788
1421
773
1378
905
1293
1163
1231
1411
1161
1626
1128
1721
1132
1665
1194
1542
1226
1248
1303
1028
1335
836
1360
761
1362
810
1314
936
1244
1176
1173
1415
1124
1582
1127
1593
1123
1600
1189
1419
1268
1175
1324
995
1409
884
1417
818
1389
933
1327
1114
1246
1321
1154
1515
1127
1680
1147
1669
1185
1591
1263
1439
1347
1220
1412
1040
1424
938
1402
976
1349
1075
1258
1227
1206
1586
1134
1655
1151
1649
1190
1610
1256
1445
1330
1227
1392
1053
1422
924
1407
869
1374
915
1307
1170
1182
1189
1178
1335
1119
1509
1133
1496
1167
1434
1224
1329
1284
1157
1333
1038
1371
961
1327
1070
1255
1073
1228
1176
1147
1320
1102
1470
1082
1533
1117
1510
1167
1434
1249
1275
1316
1130
1362
904
1382
967
1328
1035
1252
1071
1206
1197
1175
1359
1171
1423
1189
1424
1241
1358
1262
1251
1366
1223
1355
945
1434
963
1377
980
1333
1043
1302
1146
1258
1282
1257
1397
1259
1440
1261
1446
1288
1384
1313
1247
1338
1204
1348
1145
1365
1154
1362
1151
1325
1230
1303
1305
1281
1364
1261
1487
1247
1542
1246
1524
1268
1465
1276
1357
1324
1315
1331
1205
1338
1177
1289
1182
1290
1229
1271
1287
1237
1388
1219
1438
1219
1456
1219
1430
1238
1359
1250
1270
1258
1189
1238
1112
1226
1095
1244
1109
1240
1169
1238
1231
1227
1337
1205
1333
1241
1411
1213
1398
1210
1327
1233
1183
1242
1060
1266
1022
1289
1009
1308
1039
1308
1085
1305
1216
1288
1370
1293
1373
1224
1368
1235
1409
1245
1261
1257
1162
1302
1042
1339
961
1336
936
1345
1030
1320
1126
1296
1251
1241
1440
1208
1518
1208
1476
1199
1405
1224
1272
1273
1162
1277
1010
1296
1009
1302
1026
1303
1144
1289
1314
1251
1387
1267
1521
1248
1557
1222
1513
1248
1353
1260
1212
1276
1115
1298
974
1308
1010
1314
1131
1293
1143
1301
1273
1245
1344
1212
1477
1187
1520
1181
1398
1189
1316
1224
1159
1273
1040
1294
1037
1300
1019
1301
1034
1300
1167
1253
1306
1224
1431
1211
1474
1229
1513
1252
1411
1289
1302
1328
1111
1371
1022
1358
977
1343
1012
1315
1071
1290
1190
1266
1349
1249
1390
1250
1461
1256
1442
1270
1426
1269
1209
1298
1103
1305
1017
1316
1019
1316
1042
1306
1135
1291
1228
1270
1364
1263
1466
1269
1430
1223
1477
1270
1417
1281
1303
1309
1203
1332
1100
1339
1073
1338
1086
1290
1146
1277
1226
1218
1288
1250
1472
1223
1511
1233
1523
1252
1417
1268
1332
1292
1204
1290
1131
1299
1064
1257
1076
1205
1220
1196
1176
1190
1342
1202
1446
1219
1490
1249
1475
1271
1444
1304
1339
1331
1217
1341
1110
1334
1048
1338
1081
1274
1107
1266
1176
1228
1306
1240
1364
1233
1461
1239
1462
1269
1395
1298
1303
1322
1299
1281
1090
1312
980
1272
986
1225
1007
1187
1106
1156
1234
1166
1410
1193
1479
1231
1490
1299
1396
1347
1352
1375
1148
1357
1063
1325
1064
1274
1039
1217
1165
1195
1284
1183
1426
1230
1520
1284
1575
1329
1521
1400
1403
1370
1291
1353
1170
1322
1073
1262
1077
1206
1103
1187
1163
1169
1245
1178
1344
1212
1430
1265
1388
1291
1291
1323
1235
1335
1143
1309
1042
1278
1033
1232
1014
1192
1093
1152
1201
1162
1293
1186
1338
1219
1411
1263
1352
1298
1263
1317
1118
1286
1123
1295
1077
1259
1115
1225
1143
1190
1194
1183
1275
1193
1360
1235
1359
1278
1257
1313
1248
1321
1169
1327
1142
1357
1047
1302
1119
1278
1164
1272
1212
1236
1178
1270
1367
1256
1279
1284
1250
1278
1209
1278
1161
1279
1155
1283
1150
1285
1186
1286
1230
1282
1312
1255
1341
1264
1338
1235
1325
1239
1303
1248
1272
1254
1204
1285
1229
1308
1229
1340
1255
1383
1252
1370
1376
1335
1376
1316
1400
1280
1408
1242
1327
1228
1294
1217
1254
1214
1191
1220
1170
1243
1155
1274
1189
1292
1252
1293
1317
1291
1342
1276
1336
1232
1318
1191
1287
1185
1205
1182
1192
1189
1173
1229
1192
1273
1184
1314
1238
1342
1270
1352
1300
1327
1327
1258
1356
1224
1319
1191
1301
1186
1295
1204
1214
1266
1224
1316
1239
1372
1204
1400
1192
1391
1209
1364
1283
1299
1287
1235
1309
1201
1329
1188
1288
1224
1253
1241
1264
1285
1228
1329
1102
1356
1082
1327
1077
1305
1086
1283
1142
1240
1222
1202
1264
1192
1294
1202
1332
1225
1257
1266
1207
1300
1160
1334
1152
1330
1120
1320
1124
1289
1194
1249
1294
1216
1318
1184
1330
1194
1360
1159
1369
1238
1346
1278
1289
1312
1247
1326
1204
1309
1176
1297
1146
1253
1168
1198
1099
1232
1240
1215
1330
1234
1318
1276
1354
1328
1324
1364
1329
1366
1260
1365
1192
1347
1184
1326
1191
1287
1282
1278
1287
1281
1324
1280
1356
1291
1333
1301
1305
1310
1251
1302
1217
1282
1210
1264
1192
1266
1159
1284
1226
1237
1214
1229
1222
1218
1197
1210
1180
1190
1173
1208
1145
1222
1165
1235
1183
1216
1226
1288
1198
1264
1195
1268
1206
1244
1191
1250
1159
1250
1179
1243
1173
1251
1160
1296
1233
1289
1281
1327
1274
1295
1347
1294
1326
1290
1322
1285
1310
1279
1299
1272
1231
1262
1215
1249
1213
1245
1201
1251
1191
1235
1257
1254
1373
1261
1376
1279
1406
1260
1432
1283
1366
1265
1337
1238
1251
1216
1203
1190
1176
1169
1126
1231
1188
1237
1256
1268
1336
1280
1379
1285
1401
1269
1400
1249
1363
1231
1283
1213
1192
1220
1244
1215
1122
1261
1141
1296
1189
1323
1214
1332
1224
1314
1306
1294
1323
1265
1292
1255
1220
1237
1154
1257
1189
1285
1083
1297
1043
1350
1064
1345
1080
1347
1087
1335
1129
1313
1168
1300
1206
1272
1218
1284
1248
1319
1167
1299
1096
1310
1108
1314
1071
1324
1079
1339
1124
1314
1198
1296
1223
1273
1277
1245
1290
1230
1323
1226
1278
1225
1336
1230
1300
1248
1283
1296
1282
1285
1242
1267
1271
1265
1270
1239
1300
1205
1337
1186
1268
1183
1397
1194
1426
1210
1426
1195
1392
1286
1324
1297
1265
1303
1244
1288
1220
1266
1291
1254
1412
1198
1414
1247
1406
1224
1426
1284
1405
1301
1309
1307
1274
1301
1229
1285
1164
1279
1119
1268
1160
1278
1250
1281
1274
1284
1331
1283
1319
1283
1313
1278
1248
1262
1250
1250
1216
1258
1171
1279
1219
1290
1169
1307
1224
1307
1265
1315
1299
1301
1293
1298
1248
1280
1290
1274
1217
1268
1218
1257
1223
1253
1147
1263
1112
1267
1159
1273
1200
1278
1212
1285
1221
1290
1273
1294
1221
1285
1212
1250
1147
1248
1078
1219
1092
1217
1105
1215
1166
1252
1181
1279
1286
1313
1358
1339
1394
1319
1392
1278
1238
1296
1312
1224
1226
1194
1205
1143
1211
1199
1264
1227
1263
1268
1337
1310
1347
1322
1319
1310
1281
1286
1190
1256
1177
1220
1132
1204
1068
1205
1106
1205
1103
1231
1140
1296
1145
1284
1147
1293
1159
1286
1170
1291
1182
1254
1170
1249
1142
1247
1124
1221
1071
1229
1112
1227
1119
1250
1097
1264
1136
1320
1286
1337
1301
1327
1340
1320
1335
1305
1261
1291
1208
1285
1182
1258
1099
1265
1166
1278
1238
1299
1273
1352
1322
1336
1357
1336
1385
1321
1344
1298
1316
1284
1286
1269
1258
1280
1226
1272
1230
1283
1229
1282
1395
1290
1331
1284
1295
1270
1324
1248
1374
1195
1391
1222
1366
1221
1338
1231
1282
1242
1217
1237
1204
1232
1184
1218
1175
1221
1167
1187
1239
1182
1315
1224
1357
1230
1383
1245
1377
1241
1299
1258
1023
1239
1202
1218
1005
1216
1021
1220
1074
1230
1118
1248
1214
1264
1339
1272
1381
1270
1370
1276
1346
1270
1291
1270
1247
1278
1122
1273
1092
1290
1084
1305
1080
1324
1119
1313
1236
1345
1330
1349
1403
1340
1489
1340
1396
1329
1382
1327
1298
1307
1195
1304
1101
1306
1055
1291
1079
1290
1132
1297
1236
1311
1355
1315
1476
1304
1442
1286
1427
1263
1348
1242
1221
1213
1145
1228
1117
1224
1088
1237
1124
1269
1160
1290
1216
1334
1255
1280
1267
1266
1334
1237
1308
1205
1300
1195
1288
1207
1223
1231
1218
1253
1214
1278
1190
1290
1342
1304
1211
1280
1143
1264
1209
1246
1234
1243
1283
1251
1302
1253
1289
1271
1296
1276
1260
1281
1219
1270
1237
1277
1182
1292
1080
1276
1072
1268
1090
1263
1107
1259
1162
1249
1212
1251
1243
1256
1290
1269
1407
1252
1246
1301
1247
1310
1150
1311
1099
1315
973
1310
996
1285
999
1282
1038
1327
1148
1288
1244
1298
1328
1320
1458
1303
1478
1302
1406
1293
1313
1300
1209
1275
1152
1280
1103
1259
1141
1286
1288
1272
1382
1295
1435
1288
1529
1242
1547
1229
1530
1228
1496
1232
1425
1235
1360
1253
1293
1277
1174
1318
1210
1320
1249
1302
1282
1270
1307
1244
1349
1217
1382
1235
1426
1203
1401
1214
1400
1238
1343
1258
1247
1286
1176
1273
1150
1265
1102
1254
1076
1245
1112
1227
1165
1215
1211
1222
1284
1227
1328
1237
1328
1252
1332
1260
1388
1260
1331
1291
1213
1304
1130
1291
1072
1289
964
1271
1012
1236
1057
1223
1127
1213
1242
1226
1382
1242
1424
1261
1389
1281
1309
1288
1189
1286
982
1265
898
1254
843
1236
813
1219
904
1227
1126
1242
1264
1259
1354
1279
1492
1280
1462
1279
1345
1260
1242
1259
1059
1239
951
1267
891
1279
858
1307
1030
1301
1188
1298
1352
1293
1447
1269
1491
1261
1493
1240
1404
1254
1286
1258
1127
1268
1051
1277
1058
1297
974
1289
1061
1286
1168
1275
1306
1271
1391
1251
1481
1242
1430
1238
1379
1218
1288
1216
1176
1214
1099
1228
1075
1240
1092
1247
1183
1256
1255
1260
1394
1258
1479
1222
1411
1170
1409
1216
1331
1207
1272
1211
1101
1253
1241
1242
1162
1279
1185
1298
1208
1320
1185
1341
1147
1327
1168
1315
1135
1300
1167
1290
1281
1250
1146
1274
1230
1286
1271
1271
1250
1274
1246
1272
1269
1275
1192
1277
1182
1286
1168
1295
1231
1269
1254
1268
1212
1274
1258
1249
1258
1224
1296
1194
1296
1180
1321
1183
1312
1201
1265
1243
1330
1231
1167
1307
1099
1284
1057
1284
1078
1266
1113
1248
1175
1240
1243
1213
1288
1210
1323
1220
1291
1241
1204
1281
1196
1286
1114
1321
1108
1334
1065
1339
1070
1327
1104
1318
1106
1281
1179
1247
1221
1217
1265
1189
1446
1207
1337
1250
1333
1280
1286
1322
1273
1310
1207
1356
1168
1336
1085
1303
1117
1261
1132
1222
1204
1192
1323
1192
1510
1210
1536
1242
1605
1281
1580
1315
1453
1319
1335
1323
1166
1312
1053
1282
997
1260
1144
1216
1132
1213
1312
1209
1497
1219
1577
1224
1641
1253
1584
1261
1494
1291
1330
1308
1153
1316
949
1325
969
1311
914
1297
981
1278
1150
1264
1292
1262
1452
1252
1566
1266
1610
1286
1474
1298
1379
1304
1150
1300
916
1318
844
1308
834
1301
965
1289
1091
1263
1343
1278
1479
1273
1560
1264
1548
1256
1361
1252
1248
1253
1027
1238
990
1277
901
1287
926
1243
1019
1295
1162
1275
1291
1249
1391
1216
1371
1196
1503
1163
1274
1171
1268
1187
1147
1198
1103
1270
1057
1286
1057
1299
1115
1299
1222
1269
1300
1249
1367
1191
1296
1230
1459
1193
1349
1199
1286
1219
1179
1244
1087
1268
1042
1280
1084
1293
1130
1275
1200
1254
1178
1234
1275
1203
1280
1169
1242
1165
1192
1165
1143
1191
1075
1243
1081
1266
1064
1293
1130
1302
1249
1310
1161
1279
1257
1250
1274
1234
1250
1220
1229
1226
1205
1256
1191
1288
1148
1324
1153
1346
1137
1358
1098
1311
1173
1297
1230
1264
1274
1226
1267
1224
1300
1242
1295
1263
1261
1282
1192
1311
1204
1331
1007
1319
1042
1317
1091
1291
1143
1266
1222
1246
1316
1257
1365
1253
1342
1267
1299
1280
1208
1291
1111
1333
1013
1286
982
1284
984
1297
1068
1259
1170
1242
1241
1260
1303
1254
1318
1265
1344
1257
1317
1292
1105
1273
1136
1289
1115
1283
1072
1258
1064
1239
1100
1222
1131
1194
1158
1201
1323
1223
1377
1248
1385
1277
1423
1278
1264
1286
1183
1277
1115
1252
1066
1234
1125
1229
1121
1241
1274
1263
1364
1291
1463
1334
1403
1381
1421
1343
1396
1336
1314
1300
1210
1281
1158
1247
1164
1247
1219
1256
1293
1270
1359
1290
1332
1314
1351
1304
1359
1296
1291
1258
1228
1245
1151
1229
1124
1223
1104
1221
1117
1231
1195
1244
1257
1251
1323
1267
1275
1244
1297
1284
1244
1280
1187
1261
1146
1248
1086
1226
1046
1226
1053
1217
1109
1237
1219
1272
1267
1270
1335
1285
1366
1289
1335
1272
1285
1268
1209
1217
1097
1213
1068
1196
1054
1204
1023
1254
1099
1247
1305
1276
1327
1286
1348
1293
1337
1246
1294
1247
1190
1217
1139
1193
1118
1187
1118
1205
1062
1220
1153
1259
1181
1288
1217
1296
1244
1289
1275
1282
1254
1256
1262
1247
1290
1252
1291
1260
1227
1284
1264
1311
1222
1347
1122
1358
1138
1352
1166
1349
1215
1325
1252
1317
1326
1311
1343
1291
1354
1295
1396
1284
1244
1291
1234
1296
1205
1311
1180
1326
1119
1322
1172
1309
1251
1282
1249
1243
1279
1224
1391
1214
1250
1218
1349
1229
1339
1254
1323
1316
1355
1292
1256
1279
1243
1268
1190
1236
1223
1185
1194
1170
1346
1174
1336
1161
1385
1187
1392
1218
1349
1258
1257
1262
1216
1287
1122
1273
1073
1243
1089
1226
1093
1207
1145
1194
1137
1221
1287
1237
1222
1269
1231
1293
1185
1299
1105
1322
1056
1284
1031
1272
1099
1243
1072
1244
1075
1234
1152
1243
1171
1258
1174
1235
1185
1264
1171
1270
1153
1265
1103
1247
1101
1224
1266
1221
1059
1213
1187
1213
1176
1219
1228
1237
1249
1275
1301
1302
1268
1334
1286
1326
1262
1313
1211
1270
1235
1258
1156
1245
1224
1237
1289
1253
1331
1283
1314
1355
1360
1366
1355
1382
1283
1371
1225
1337
1179
1295
1204
1247
1159
1230
1225
1221
1263
1235
1302
1280
1337
1319
1336
1344
1267
1356
1229
1337
1206
1309
1086
1299
1143
1259
1173
1215
1205
1240
1197
1240
1257
1233
1295
1253
1267
1257
1296
1265
1272
1256
1234
1262
1205
1251
1232
1241
1158
1239
1129
1234
1158
1226
1229
1225
1251
1222
1270
1243
1338
1240
1368
1250
1335
1257
1342
1237
1291
1230
1262
1219
1240
1238
1257
1245
1267
1285
1300
1311
1379
1333
1407
1344
1432
1329
1344
1327
1460
1263
1361
1261
1365
1247
1355
1274
1278
1315
1189
1363
1235
1397
1215
1413
1190
1390
1296
1321
1158
1328
1204
1258
1195
1246
1211
1222
1239
1240
1201
1251
1154
1309
1105
1335
1031
1336
1057
1321
1070
1291
1029
1247
1114
1202
1242
1182
1240
1174
1274
1175
1270
1199
1244
1222
1208
1254
1218
1266
1222
1272
1235
1268
1231
1257
1381
1226
1315
1235
1319
1185
1315
1188
1284
1198
1296
1232
1313
1260
1308
1302
1311
1343
1250
1341
1252
1318
1266
1281
1280
1230
1246
1242
1250
1232
1266
1260
1300
1258
1277
1330
1285
1379
1273
1366
1225
1360
1204
1318
1194
1289
1228
1263
1240
1261
1261
1303
1291
1300
1263
1333
1267
1350
1229
1350
1189
1321
1159
1305
1154
1285
1191
1241
1180
1244
1218
1239
1253
1266
1253
1278
1266
1297
1273
1308
1268
1319
1261
1297
1253
1291
1248
1280
1205
1271
1241
1253
1238
1258
1254
1230
1286
1257
1348
1278
1392
1285
1425
1293
1456
1291
1446
1267
1402
1265
1351
1250
1308
1225
1263
1218
1234
1219
1283
1246
1313
1280
1337
1296
1384
1319
1397
1328
1371
1289
1345
1262
1282
1233
1235
1223
1201
1222
1202
1243
1192
1277
1211
1302
1233
1333
1233
1348
1240
1316
1250
1296
1293
1243
1254
1214
1189
1189
1227
1202
1188
1216
1148
1249
1112
1261
1076
1265
1072
1264
1081
1253
1109
1233
1198
1225
1201
1213
1234
1214
1222
1173
1182
1227
1173
1238
1149
1242
1148
1256
1141
1232
1140
1268
1153
1260
1184
1267
1213
1248
1231
1247
1261
1237
1294
1231
1289
1239
1294
1245
1286
1249
1250
1283
1213
1279
1200
1276
1197
1263
1187
1245
1265
1228
1306
1230
1362
1248
1385
1240
1435
1290
1415
1312
1369
1308
1323
1317
1252
1309
1214
1300
1228
1290
1259
1296
1305
1302
1372
1317
1423
1319
1394
1320
1374
1313
1332
1299
1264
1297
1183
1276
1177
1275
1212
1289
1175
1293
1233
1295
1278
1308
1300
1296
1306
1291
1312
1284
1279
1273
1230
1277
1216
1281
1211
1295
1162
1304
1192
1312
1222
1320
1268
1316
1336
1308
1400
1303
1399
1326
1380
1292
1339
1272
1278
1296
1185
1286
1144
1285
1122
1283
1117
1285
1146
1284
1281
1287
1329
1284
1373
1270
1370
1268
1295
1272
1203
1232
1105
1216
1075
1208
1059
1211
1112
1220
1184
1250
1261
1270
1333
1275
1387
1262
1375
1250
1326
1235
1269
1198
1217
1191
1103
1210
1142
1218
1160
1257
1167
1326
1212
1303
1254
1295
1322
1281
1337
1260
1356
1236
1350
1231
1268
1252
1222
1269
1176
1284
1145
1300
1149
1316
1164
1319
1224
1332
1302
1314
1356
1304
1397
1293
1339
1292
1304
1290
1243
1302
1191
1300
1157
1314
1202
1310
1251
1323
1272
1341
1331
1318
1338
1309
1356
1280
1344
1255
1309
1232
1269
1220
1229
1217
1246
1233
1244
1255
1270
1258
1309
1293
1310
1302
1335
1294
1356
1269
1361
1217
1359
1222
1352
1217
1351
1231
1301
1258
1293
1282
1297
1315
1252
1328
1283
1326
1309
1291
1353
1298
1358
1276
1400
1255
1411
1263
1356
1262
1296
1282
1236
1294
1166
1301
1125
1299
1142
1296
1176
1292
1209
1278
1268
1270
1311
1264
1298
1252
1285
1251
1257
1255
1199
1257
1122
1274
1123
1292
1161
1306
1133
1304
1170
1308
1204
1302
1229
1297
1250
1280
1294
1266
1301
1284
1284
1267
1277
1286
1281
1297
1229
1310
1232
1298
1239
1285
1252
1257
1262
1232
1342
1223
1369
1228
1370
1234
1377
1264
1344
1267
1308
1296
1261
1303
1270
1278
1269
1253
1274
1222
1303
1216
1288
1212
1282
1232
1271
1256
1240
1276
1199
1290
1182
1255
1184
1283
1195
1269
1221
1258
1263
1241
1261
1234
1261
1237
1230
1243
1194
1257
1164
1273
1154
1278
1164
1293
1168
1308
1208
1306
1242
1304
1274
1291
1291
1280
1312
1262
1306
1266
1282
1278
1282
1280
1260
1305
1244
1312
1235
1324
1208
1323
1221
1314
1234
1290
1276
1220
1307
1238
1334
1233
1374
1240
1372
1257
1352
1286
1296
1287
1315
1281
1264
1272
1240
1294
1259
1228
1258
1234
1311
1199
1357
1209
1375
1220
1372
1250
1356
1267
1327
1287
1291
1288
1250
1267
1247
1280
1234
1307
1241
1275
1270
1271
1262
1269
1264
1264
1258
1255
1267
1264
1232
1271
1243
1274
1239
1283
1246
1309
1231
1290
1212
1306
1198
1270
1174
1252
1208
1232
1228
1224
1249
1218
1265
1262
1284
1276
1267
1310
1229
1314
1201
1323
1190
1323
1141
1284
1173
1277
1217
1289
1247
1279
1284
1294
1307
1303
1290
1336
1238
1322
1230
1297
1239
1308
1188
1291
1211
1289
1232
1280
1263
1285
1305
1289
1362
1285
1379
1291
1384
1265
1382
1255
1389
1244
1315
1241
1291
1208
1264
1247
1256
1246
1238
1242
1287
1240
1340
1237
1361
1218
1410
1221
1395
1229
1368
1236
1305
1246
1255
1255
1188
1257
1099
1244
1116
1245
1109
1221
1146
1237
1202
1241
1252
1255
1276
1269
1200
1279
1226
1278
1161
1274
1107
1278
1089
1256
1067
1247
1096
1250
1144
1262
1195
1277
1287
1301
1294
1317
1311
1328
1285
1273
1288
1318
1261
1314
1262
1279
1283
1295
1289
1286
1296
1295
1290
1289
1321
1292
1333
1291
1332
1283
1346
1280
1356
1278
1329
1283
1317
1289
1310
1278
1303
1293
1296
1278
1320
1281
1323
1252
1359
1240
1416
1245
1411
1251
1389
1252
1353
1253
1324
1273
1272
1271
1277
1249
1296
1242
1315
1232
1345
1238
1381
1237
1400
1254
1360
1266
1337
1267
1286
1264
1208
1279
1185
1248
1188
1240
1230
1229
1199
1245
1214
1257
1227
1272
1193
1281
1195
1282
1172
1308
1147
1271
1137
1266
1115
1284
1101
1269
1069
1270
1087
1226
1076
1264
1084
1250
1100
1255
1136
1266
1155
1273
1167
1287
1201
1303
1192
1314
1164
1309
1167
1297
1172
1274
1172
1265
1201
1264
1235
1271
1261
1290
1272
1315
1311
1335
1299
1349
1316
1338
1329
1330
1357
1342
1327
1293
1344
1279
1367
1278
1368
1284
1383
1297
1381
1317
1372
1333
1371
1329
1385
1315
1413
1308
1395
1286
1406
1264
1421
1257
1356
1254
1388
1241
1401
1246
1368
1272
1374
1260
1362
1265
1394
1269
1385
1273
1377
1270
1357
1265
1299
1253
1252
1231
1226
1208
1205
1199
1199
1204
1212
1216
1259
1238
1238
1249
1241
1238
1232
1237
1170
1235
1122
1186
1110
1155
1071
1144
1062
1154
1098
1175
1135
1207
1147
1263
1199
1285
1217
1297
1241
1293
1223
1278
1228
1253
1190
1246
1135
1221
1108
1252
1072
1280
1067
1299
1106
1321
1104
1336
1196
1345
1261
1357
1308
1316
1302
1325
1278
1316
1231
1301
1148
1309
1109
1273
1145
1274
1183
1272
1229
1279
1312
1234
1395
1308
1419
1315
1440
1322
1449
1300
1374
1282
1305
1268
1260
1249
1229
1258
1222
1246
1270
1272
1327
1286
1357
1292
1399
1295
1426
1279
1405
1258
1379
1250
1337
1236
1286
1236
1227
1247
1230
1248
1262
1256
1241
1246
1289
1250
1322
1223
1347
1237
1355
1237
1374
1235
1339
1252
1285
1239
1247
1245
1214
1242
1184
1247
1181
1253
1208
1260
1230
1278
1268
1293
1285
1313
1272
1325
1240
1321
1218
1311
1160
1297
1139
1283
1114
1277
1157
1279
1189
1294
1228
1314
1276
1339
1271
1354
1277
1353
1282
1344
1274
1324
1255
1299
1269
1274
1281
1264
1306
1262
1304
1267
1329
1268
1317
1276
1331
1261
1320
1274
1321
1276
1311
1272
1335
1255
1337
1255
1304
1275
1306
1246
1283
1245
1280
1243
1269
1257
1281
1258
1274
1282
1253
1309
1282
1309
1279
1308
1273
1292
1269
1279
1258
1257
1262
1253
1268
1258
1263
1206
1244
1286
1233
1310
1227
1319
1202
1334
1204
1318
1183
1293
1260
1273
1275
1260
1291
1309
1294
1276
1251
1293
1239
1309
1222
1324
1205
1324
1190
1323
1184
1294
1225
1289
1245
1267
1274
1257
1305
1251
1280
1252
1274
1258
1269
1265
1254
1270
1251
1270
1249
1269
1269
1267
1264
1255
1294
1243
1326
1228
1342
1202
1351
1200
1338
1214
1325
1211
1301
1222
1344
1243
1333
1237
1322
1253
1328
1264
1328
1254
1315
1237
1297
1220
1306
1211
1291
1223
1266
1221
1272
1241
1279
1260
1262
1259
1271
1273
1254
1268
1258
1262
1234
1247
1253
1239
1256
1263
1232
1252
1242
1276
1226
1275
1206
1298
1202
1343
1224
1303
1223
1297
1219
1295
1219
1294
1193
1290
1168
1296
1161
1288
1141
1288
1133
1285
1138
1285
1171
1293
1218
1302
1206
1309
1227
1317
1206
1323
1208
1318
1166
1304
1186
1288
1210
1270
1220
1252
1264
1263
1268
1259
1300
1298
1312
1320
1304
1325
1297
1328
1243
1317
1256
1307
1254
1280
1277
1280
1315
1264
1298
1267
1324
1258
1335
1303
1330
1309
1372
1322
1346
1324
1333
1328
1308
1280
1323
1318
1288
1314
1310
1291
1351
1277
1359
1256
1367
1262
1384
1260
1395
1274
1377
1284
1364
1292
1344
1299
1310
1274
1281
1256
1280
1228
1288
1199
1296
1190
1315
1188
1324
1198
1296
1220
1297
1235
1300
1256
1254
1278
1233
1252
1211
1234
1242
1224
1196
1208
1251
1213
1269
1215
1285
1229
1270
1268
1286
1283
1252
1301
1226
1309
1217
1310
1199
1306
1168
1293
1209
1285
1233
1279
1235
1248
1248
1274
1254
1280
1238
1289
1200
1303
1211
1309
1159
1315
1143
1298
1142
1284
1124
1291
1119
1248
1135
1218
1191
1221
1226
1225
1231
1232
1255
1256
1245
1293
1223
1290
1211
1288
1188
1282
1174
1269
1175
1275
1206
1254
1217
1264
1276
1268
1309
1293
1302
1330
1306
1321
1275
1327
1293
1301
1223
1300
1237
1264
1247
1266
1219
1283
1239
1261
1251
1270
1256
1281
1250
1284
1268
1285
1295
1287
1258
1294
1270
1263
1269
1275
1247
1270
1233
1269
1227
1263
1209
1295
1183
1274
1239
1275
1286
1287
1274
1301
1303
1324
1304
1317
1315
1310
1312
1305
1305
1284
1283
1285
1265
1286
1270
1288
1296
1297
1299
1302
1334
1309
1358
1304
1376
1295
1419
1273
1414
1248
1394
1237
1369
1231
1356
1228
1353
1238
1296
1256
1317
1255
1313
1262
1309
1258
1297
1235
1318
1235
1283
1223
1285
1222
1242
1235
1204
1241
1158
1268
1127
1252
1107
1288
1092
1281
1116
1263
1153
1247
1140
1228
1185
1218
1196
1210
1179
1196
1147
1221
1119
1197
1110
1234
1082
1237
1103
1236
1197
1234
1202
1227
1237
1222
1252
1181
1241
1204
1202
1229
1190
1233
1178
1248
1137
1252
1112
1277
1143
1280
1145
1301
1164
1295
1186
1294
1185
1290
1151
1290
1152
1287
1124
1290
1113
1280
1118
1287
1106
1289
1112
1282
1121
1275
1176
1262
1219
1256
1227
1249
1259
1273
1250
1259
1243
1285
1216
1300
1227
1292
1218
1288
1221
1270
1260
1261
1304
1253
1352
1263
1397
1273
1421
1295
1405
1320
1381
1332
1354
1343
1319
1340
1313
1323
1332
1305
1346
1316
1383
1291
1399
1289
1462
1290
1441
1305
1436
1296
1414
1315
1367
1316
1344
1299
1335
1280
1313
1254
1304
1237
1311
1220
1301
1220
1278
1225
1252
1199
1237
1236
1189
1245
1178
1253
1145
1252
1132
1245
1116
1235
1155
1207
1144
1193
1139
1218
1152
1192
1136
1204
1145
1226
1143
1259
1168
1274
1172
1295
1181
1312
1218
1303
1236
1275
1260
1251
1287
1242
1274
1239
1283
1254
1270
1266
1244
1224
1217
1291
1190
1293
1209
1285
1200
1291
1221
1249
1204
1235
1253
1216
1239
1213
1210
1274
1183
1233
1118
1239
1119
1246
1112
1252
1115
1251
1135
1247
1162
1256
1204
1241
1190
1235
1200
1242
1203
1239
1174
1240
1181
1250
1188
1268
1195
1323
1212
1292
1231
1294
1270
1296
1208
1290
1224
1274
1218
1267
1206
1248
1217
1252
1246
1266
1249
1258
1241
1263
1276
1260
1271
1261
1249
1247
1239
1221
1224
1245
1197
1224
1184
1237
1196
1234
1194
1244
1193
1238
1235
1241
1252
1249
1259
1232
1276
1223
1256
1251
1236
1280
1178
1269
1211
1276
1200
1279
1206
1267
1244
1274
1263
1265
1297
1287
1318
1301
1336
1315
1309
1333
1274
1344
1229
1351
1184
1342
1167
1332
1181
1314
1203
1328
1223
1288
1283
1284
1318
1294
1346
1299
1290
1303
1258
1316
1194
1315
1164
1301
1136
1281
1171
1275
1221
1242
1263
1215
1332
1222
1312
1195
1316
1211
1296
1230
1261
1230
1252
1241
1164
1241
1197
1240
1197
1233
1216
1228
1273
1212
1228
1201
1249
1191
1236
1218
1213
1209
1233
1247
1182
1261
1151
1279
1115
1233
1111
1269
1124
1254
1115
1231
1151
1186
1161
1211
1170
1236
1180
1243
1192
1272
1171
1289
1171
1292
1187
1288
1191
1272
1219
1255
1256
1243
1289
1232
1306
1244
1311
1253
1322
1286
1282
1306
1283
1312
1311
1321
1307
1316
1320
1307
1339
1299
1351
1293
1323
1293
1327
1291
1306
1289
1269
1293
1240
1299
1243
1317
1246
1312
1259
1312
1291
1299
1303
1284
1275
1265
1279
1260
1260
1255
1231
1241
1228
1280
1216
1287
1229
1335
1213
1314
1254
1307
1286
1296
1272
1257
1284
1235
1265
1254
1238
1221
1208
1234
1227
1243
1205
1272
1225
1283
1222
1275
1221
1287
1222
1271
1235
1245
1241
1227
1214
1219
1211
1221
1216
1239
1193
1257
1189
1272
1188
1289
1168
1292
1177
1289
1191
1273
1218
1255
1206
1243
1230
1231
1234
1230
1198
1254
1186
1237
1189
1272
1197
1290
1223
1274
1256
1276
1268
1281
1272
1286
1271
1249
1256
1259
1203
1259
1179
1258
1171
1263
1171
1294
1165
1293
1246
1302
1299
1290
1286
1309
1299
1311
1259
1287
1239
1269
1218
1269
1206
1279
1195
1277
1201
1293
1230
1298
1241
1304
1256
1301
1273
1271
1272
1279
1259
1269
1253
1264
1244
1271
1245
1276
1233
1286
1248
1287
1228
1291
1238
1271
1271
1260
1279
1241
1285
1240
1283
1242
1296
1260
1260
1266
1267
1273
1281
1279
1265
1267
1264
1260
1276
1240
1309
1239
1290
1224
1302
1241
1295
1262
1237
1269
1258
1289
1244
1299
1236
1292
1245
1301
1254
1286
1266
1274
1237
1260
1240
1238
1245
1238
1151
1232
1117
1241
1133
1214
1123
1265
1138
1280
1190
1284
1222
1281
1238
1256
1242
1245
1219
1233
1183
1224
1157
1225
1148
1242
1132
1269
1134
1297
1183
1323
1204
1337
1232
1318
1260
1306
1249
1277
1233
1266
1204
1229
1233
1244
1214
1257
1187
1265
1208
1290
1197
1288
1205
1307
1213
1295
1239
1267
1243
1246
1245
1230
1242
1230
1224
1227
1207
1248
1214
1263
1198
1275
1196
1283
1208
1281
1266
1284
1254
1280
1289
1263
1311
1277
1298
1305
1298
1297
1278
1300
1281
1313
1282
1313
1291
1303
1309
1314
1311
1308
1337
1301
1357
1288
1350
1269
1354
1258
1355
1253
1339
1257
1321
1267
1329
1279
1345
1283
1300
1268
1300
1268
1272
1256
1254
1229
1257
1212
1264
1196
1258
1197
1243
1221
1262
1217
1234
1233
1219
1245
1195
1239
1180
1228
1145
1225
1132
1227
1138
1211
1129
1215
1150
1219
1166
1228
1140
1239
1158
1245
1164
1248
1159
1190
1139
1241
1128
1228
1142
1252
1124
1264
1107
1272
1098
1284
1130
1307
1137
1289
1142
1338
1181
1300
1134
1310
1185
1295
1193
1312
1195
1306
1199
1315
1180
1321
1156
1313
1146
1300
1169
1295
1194
1293
1200
1294
1245
1319
1280
1307
1314
1306
1316
1294
1305
1287
1292
1285
1266
1263
1285
1266
1283
1273
1304
1265
1339
1255
1341
1283
1340
1263
1324
1258
1366
1227
1362
1240
1367
1239
1375
1251
1362
1258
1327
1265
1334
1265
1311
1269
1285
1263
1272
1251
1277
1253
1273
1255
1275
1248
1294
1261
1267
1276
1255
1273
1197
1269
1207
1263
1188
1268
1170
1251
1167
1279
1144
1278
1137
1295
1156
1300
1144
1304
1130
1285
1130
1249
1125
1258
1102
1249
1104
1266
1118
1251
1109
1253
1110
1257
1138
1256
1142
1276
1188
1243
1176
1229
1222
1222
1195
1221
1230
1198
1230
1226
1252
1227
1289
1231
1292
1219
1297
1229
1312
1214
1328
1239
1328
1244
1339
1232
1367
1245
1299
1250
1349
1246
1325
1237
1345
1255
1321
1249
1305
1261
1315
1275
1286
1290
1273
1293
1315
1295
1263
1288
1240
1282
1221
1228
1218
1272
1178
1277
1191
1279
1203
1294
1159
1293
1143
1309
1126
1297
1110
1307
1087
1292
1127
1281
1131
1271
1133
1261
1167
1268
1199
1247
1191
1246
1183
1261
1177
1263
1179
1271
1133
1278
1160
1281
1212
1290
1222
1286
1275
1294
1293
1286
1306
1297
1286
1282
1285
1270
1318
1271
1255
1267
1251
1295
1258
1293
1260
1301
1271
1300
1306
1289
1308
1301
1305
1248
1339
1231
1328
1220
1300
1206
1291
1216
1264
1227
1238
1236
1213
1245
1240
1251
1244
1260
1269
1247
1319
1246
1321
1258
1323
1242
1310
1220
1308
1237
1271
1236
1233
1229
1237
1238
1231
1252
1243
1264
1270
1269
1279
1286
1288
1279
1280
1269
1243
1265
1196
1251
1155
1241
1131
1231
1083
1239
1073
1251
1064
1268
1072
1278
1051
1285
1067
1276
1084
1284
1023
1290
1007
1267
998
1277
997
1274
1006
1279
1023
1277
1040
1283
1072
1288
1102
1278
1143
1276
1148
1278
1179
1284
1193
1288
1197
1282
1193
1284
1278
1270
1304
1252
1328
1287
1381
1259
1384
1260
1438
1264
1467
1276
1499
1299
1485
1291
1469
1291
1464
1272
1440
1256
1427
1249
1429
1239
1420
1234
1432
1241
1442
1237
1438
1259
1421
1266
1390
1252
1357
1270
1295
1300
1270
1275
1263
1277
1241
1273
1243
1279
1235
1286
1239
1287
1201
1287
1208
1289
1206
1296
1183
1295
1165
1302
1169
1303
1165
1306
1128
1291
1132
1273
1127
1275
1079
1268
1101
1269
1102
1272
1106
1263
1109
1284
1125
1279
1137
1272
1115
1251
1126
1218
1155
1217
1128
1205
1148
1217
1156
1210
1168
1257
1171
1276
1221
1281
1249
1281
1255
1260
1281
1246
1296
1237
1299
1229
1306
1226
1328
1234
1326
1246
1315
1254
1330
1264
1331
1264
1332
1255
1348
1251
1358
1243
1359
1223
1326
1239
1363
1235
1377
1240
1327
1234
1320
1247
1287
1212
1273
1246
1254
1267
1278
1251
1273
1254
1259
1251
1261
1250
1240
1241
1221
1248
1218
1249
1200
1267
1190
1277
1196
1270
1191
1305
1225
1310
1210
1304
1225
1298
1205
1294
1209
1294
1193
1295
1214
1300
1236
1312
1250
1302
1296
1326
1272
1307
1252
1308
1290
1300
1288
1280
1281
1277
1276
1272
1266
1284
1255
1293
1254
1304
1253
1302
1235
1293
1211
1288
1241
1272
1223
1256
1255
1251
1264
1242
1248
1244
1216
1264
1217
1264
1186
1273
1197
1267
1203
1262
1243
1251
1268
1251
1295
1254
1315
1241
1308
1230
1294
1231
1282
1206
1234
1224
1230
1235
1233
1244
1245
1193
1260
1258
1268
1261
1303
1263
1298
1257
1299
1251
1262
1265
1288
1254
1265
1263
1234
1320
1232
1291
1193
1297
1211
1291
1225
1286
1232
1276
1236
1261
1257
1269
1263
1267
1255
1275
1280
1292
1261
1294
1227
1299
1214
1300
1213
1287
1202
1268
1197
1253
1213
1245
1229
1253
1216
1257
1252
1272
1248
1269
1257
1255
1256
1259
1242
1282
1223
1254
1203
1251
1234
1249
1237
1256
1247
1259
1267
1245
1269
1303
1257
1283
1274
1278
1270
1282
1258
1288
1241
1292
1263
1291
1269
1305
1270
1291
1279
1301
1274
1296
1265
1296
1249
1289
1286
1287
1278
1272
1276
1277
1295
1290
1269
1297
1255
1289
1223
1290
1239
1284
1223
1287
1235
1276
1251
1286
1247
1284
1252
1282
1268
1275
1239
1267
1242
1268
1235
1263
1241
1266
1257
1278
1253
1288
1288
1298
1284
1302
1306
1303
1301
1311
1309
1314
1322
1280
1316
1266
1314
1278
1300
1277
1310
1286
1315
1301
1315
1292
1328
1283
1262
1265
1311
1268
1306
1244
1315
1251
1338
1248
1280
1256
1276
1244
1246
1266
1217
1264
1220
1257
1217
1243
1224
1237
1216
1185
1246
1234
1234
1247
1258
1251
1275
1265
1264
1265
1239
1255
1235
1267
1249
1280
1247
1280
1269
1274
1296
1272
1319
1262
1313
1268
1322
1263
1303
1247
1280
1285
1257
1291
1262
1305
1217
1309
1229
1298
1257
1279
1232
1272
1227
1246
1221
1219
1207
1241
1181
1249
1194
1236
1190
1272
1176
1276
1179
1283
1187
1273
1176
1259
1184
1238
1208
1229
1218
1228
1212
1230
1247
1241
1258
1265
1241
1261
1229
1276
1229
1268
1214
1273
1196
1256
1232
1247
1241
1254
1264
1255
1297
1260
1304
1292
1288
1286
1260
1288
1268
1278
1228
1270
1226
1260
1231
1259
1234
1263
1237
1255
1257
1255
1276
1263
1265
1266
1227
1264
1256
1276
1240
1266
1240
1265
1239
1269
1209
1256
1194
1253
1173
1245
1175
1241
1162
1246
1200
1243
1223
1266
1215
1324
1224
1296
1242
1299
1236
1292
1215
1287
1215
1272
1203
1263
1182
1270
1192
1274
1212
1283
1215
1299
1242
1315
1239
1320
1253
1334
1196
1308
1251
1283
1247
1275
1228
1305
1240
1271
1235
1268
1251
1276
1266
1280
1295
1276
1286
1278
1284
1291
1295
1275
1294
1276
1287
1268
1283
1274
1275
1257
1269
1256
1245
1254
1276
1247
1277
1275
1271
1249
1293
1260
1308
1271
1284
1277
1292
1274
1299
1272
1287
1276
1272
1276
1267
1257
1236
1258
1254
1265
1273
1277
1268
1274
1270
1289
1274
1286
1269
1284
1250
1269
1250
1276
1261
1262
1259
1266
1261
1273
1284
1279
1288
1258
1289
1266
1278
1280
1279
1277
1234
1276
1236
1270
1258
1268
1240
1265
1249
1273
1248
1259
1243
1281
1216
1285
1229
1281
1218
1282
1192
1270
1182
1283
1180
1271
1157
1272
1156
1277
1162
1256
1149
1253
1134
1237
1146
1239
1153
1241
1149
1239
1158
1246
1167
1245
1167
1239
1132
1228
1170
1212
1197
1202
1174
1200
1204
1214
1227
1199
1211
1243
1223
1246
1252
1247
1254
1240
1259
1233
1257
1227
1246
1250
1240
1231
1253
1242
1244
1261
1239
1276
1232
1268
1242
1283
1283
1281
1219
1266
1252
1261
1233
1262
1238
1257
1213
1268
1226
1277
1223
1282
1218
1276
1214
1282
1201
1266
1232
1280
1231
1272
1241
1270
1258
1272
1261
1268
1244
1272
1231
1267
1220
1268
1211
1269
1186
1266
1204
1276
1213
1266
1225
1257
1258
1253
1264
1243
1254
1240
1222
1243
1214
1253
1178
1261
1174
1274
1188
1283
1205
1287
1214
1299
1225
1300
1245
1284
1245
1278
1249
1267
1251
1269
1202
1277
1221
1294
1222
1305
1226
1268
1225
1302
1240
1290
1271
1275
1269
1267
1297
1243
1293
1249
1324
1250
1306
1257
1282
1301
1267
1287
1212
1288
1212
1274
1238
1264
1247
1249
1261
1243
1288
1251
1311
1247
1271
1249
1258
1227
1222
1254
1182
1252
1146
1254
1169
1252
1171
1238
1188
1247
1220
1246
1217
1243
1207
1241
1219
1205
1188
1242
1178
1236
1167
1252
1166
1291
1161
1297
1165
1272
1192
1271
1220
1272
1212
1243
1224
1220
1231
1261
1223
1260
1223
1263
1235
1269
1227
1282
1215
1271
1237
1264
1242
1259
1249
1237
1281
1212
1284
1241
1279
1246
1267
1252
1331
1261
1319
1263
1319
1257
1324
1258
1289
1254
1274
1250
1265
1232
1280
1267
1277
1272
1279
1281
1317
1293
1320
1294
1318
1292
1330
1281
1306
1277
1283
1274
1273
1270
1267
1280
1265
1289
1229
1285
1272
1297
1260
1299
1277
1302
1274
1299
1293
1299
1306
1302
1294
1300
1273
1308
1225
1295
1199
1306
1184
1308
1168
1310
1168
1313
1152
1311
1232
1309
1257
1301
1279
1304
1281
1293
1229
1284
1203
1276
1154
1274
1124
1290
1176
1279
1147
1265
1180
1274
1204
1223
1251
1256
1244
1242
1252
1226
1254
1229
1217
1214
1173
1226
1156
1223
1142
1246
1140
1257
1149
1250
1181
1240
1182
1225
1200
1202
1212
1196
1214
1187
1186
1219
1159
1239
1150
1256
1110
1295
1119
1272
1186
1271
1211
1255
1217
1253
1249
1233
1285
1251
1280
1259
1291
1266
1293
1269
1264
1268
1267
1279
1279
1270
1295
1273
1321
1261
1370
1256
1404
1255
1384
1251
1395
1250
1396
1252
1369
1242
1348
1257
1334
1259
1324
1259
1307
1263
1339
1257
1335
1252
1337
1250
1334
1245
1311
1257
1281
1256
1223
1258
1264
1269
1252
1281
1248
1282
1256
1282
1252
1282
1240
1263
1240
1266
1221
1247
1226
1247
1204
1256
1197
1263
1190
1279
1202
1262
1216
1272
1193
1262
1189
1257
1167
1250
1184
1239
1147
1248
1160
1248
1176
1266
1148
1300
1154
1288
1144
1289
1148
1289
1138
1284
1159
1280
1170
1280
1138
1284
1152
1319
1161
1285
1153
1286
1167
1288
1181
1290
1191
1286
1162
1286
1241
1273
1257
1276
1245
1302
1261
1261
1244
1266
1262
1251
1232
1241
1306
1223
1315
1228
1323
1234
1353
1218
1357
1221
1345
1217
1306
1213
1277
1212
1267
1211
1257
1211
1259
1208
1260
1220
1266
1225
1287
1233
1260
1237
1259
1246
1242
1247
1227
1246
1204
1250
1172
1281
1170
1272
1128
1279
1155
1281
1163
1287
1169
1280
1161
1282
1172
1285
1165
1284
1168
1287
1152
1293
1153
1299
1123
1301
1137
1304
1152
1298
1156
1265
1180
1283
1202
1286
1234
1277
1225
1287
1255
1272
1273
1298
1246
1291
1243
1290
1221
1268
1202
1286
1184
1271
1225
1262
1258
1280
1249
1265
1294
1254
1274
1277
1246
1284
1235
1281
1226
1264
1203
1269
1187
1264
1204
1263
1216
1265
1225
1265
1252
1250
1261
1276
1257
1262
1210
1279
1264
1276
1285
1273
1266
1262
1262
1268
1257
1248
1254
1272
1253
1271
1269
1271
1267
1271
1274
1272
1287
1274
1286
1264
1288
1268
1307
1260
1273
1256
1249
1250
1224
1240
1221
1243
1251
1248
1229
1250
1256
1256
1259
1259
1281
1259
1270
1255
1285
1231
1283
1229
1265
1217
1264
1227
1233
1225
1241
1260
1248
1275
1259
1286
1283
1291
1290
1286
1284
1290
1280
1268
1283
1266
1258
1263
1222
1268
1214
1282
1192
1279
1169
1284
1185
1282
1190
1271
1204
1294
1202
1260
1224
1256
1248
1258
1213
1244
1196
1267
1183
1258
1150
1269
1119
1284
1130
1279
1143
1298
1172
1273
1209
1268
1220
1263
1237
1264
1243
1250
1218
1239
1161
1273
1148
1279
1137
1284
1111
1277
1126
1276
1150
1279
1227
1267
1228
1260
1244
1267
1259
1252
1216
1253
1215
1253
1214
1261
1192
1246
1181
1266
1195
1273
1207
1252
1213
1245
1252
1211
1273
1236
1295
1237
1306
1229
1314
1263
1286
1256
1265
1278
1237
1282
1199
1277
1176
1270
1203
1262
1213
1265
1253
1253
1289
1271
1299
1315
1285
1297
1245
1299
1241
1298
1197
1299
1172
1278
1168
1270
1182
1272
1194
1268
1228
1260
1259
1271
1267
1279
1253
1254
1270
1273
1249
1276
1236
1263
1233
1270
1230
1266
1238
1266
1226
1272
1270
1268
1260
1273
1284
1271
1314
1269
1304
1303
1300
1289
1299
1290
1317
1286
1267
1278
1254
1267
1242
1259
1223
1257
1226
1253
1238
1250
1232
1253
1243
1255
1229
1251
1240
1251
1228
1244
1210
1227
1205
1232
1162
1238
1148
1247
1135
1253
1143
1258
1159
1268
1167
1247
1183
1253
1165
1229
1174
1238
1179
1230
1170
1232
1169
1243
1125
1254
1160
1269
1155
1265
1163
1292
1179
1257
1184
1235
1200
1197
1209
1214
1231
1220
1306
1221
1268
1242
1260
1261
1240
1231
1238
1284
1207
1280
1225
1263
1264
1254
1269
1222
1281
1236
1257
1232
1300
1259
1279
1274
1234
1287
1239
1303
1191
1300
1180
1304
1184
1295
1193
1267
1205
1270
1219
1269
1240
1262
1216
1266
1228
1280
1251
1298
1196
1312
1184
1325
1169
1303
1171
1332
1143
1314
1189
1305
1209
1281
1212
1270
1231
1281
1254
1264
1240
1315
1220
1315
1209
1322
1198
1318
1142
1298
1159
1265
1182
1270
1207
1244
1225
1249
1277
1258
1287
1268
1277
1279
1279
1280
1257
1284
1229
1264
1230
1253
1223
1250
1235
1227
1262
1220
1318
1215
1335
1219
1358
1221
1374
1235
1342
1246
1313
1243
1290
1243
1265
1235
1244
1230
1238
1214
1251
1220
1252
1224
1269
1222
1308
1234
1287
1251
1290
1263
1266
1276
1296
1278
1227
1284
1231
1257
1227
1271
1206
1287
1205
1270
1228
1273
1246
1296
1253
1298
1294
1305
1267
1317
1239
1318
1226
1304
1215
1282
1176
1273
1168
1263
1156
1260
1150
1264
1104
1276
1166
1276
1190
1285
1138
1295
1147
1258
1127
1266
1127
1249
1137
1244
1132
1227
1150
1241
1149
1258
1167
1251
1169
1259
1178
1262
1190
1260
1193
1252
1196
1243
1231
1225
1249
1216
1246
1203
1252
1201
1256
1207
1223
1213
1236
1214
1253
1221
1269
1236
1277
1225
1284
1240
1308
1232
1280
1225
1281
1219
1299
1220
1277
1225
1261
1240
1256
1254
1255
1278
1242
1294
1239
1303
1243
1301
1205
1296
1223
1288
1225
1277
1204
1242
1186
1292
1171
1271
1166
1275
1111
1277
1116
1287
1145
1274
1121
1264
1146
1257
1150
1216
1165
1265
1156
1241
1176
1238
1210
1254
1159
1248
1154
1251
1153
1259
1148
1269
1150
1252
1195
1260
1210
1285
1218
1259
1245
1258
1274
1259
1244
1253
1256
1242
1231
1267
1220
1276
1186
1289
1243
1289
1278
1292
1278
1280
1308
1291
1298
1253
1300
1262
1300
1256
1315
1249
1299
1252
1303
1252
1304
1260
1298
1260
1303
1258
1325
1250
1319
1254
1317
1242
1316
1214
1313
1238
1287
1251
1285
1247
1288
1263
1239
1266
1255
1270
1244
1275
1270
1272
1279
1266
1293
1258
1289
1266
1272
1279
1261
1286
1241
1291
1228
1288
1210
1290
1220
1286
1210
1301
1219
1295
1238
1294
1249
1293
1231
1305
1230
1291
1203
1286
1182
1289
1162
1291
1192
1284
1194
1314
1180
1324
1216
1293
1237
1293
1220
1278
1219
1262
1229
1267
1221
1268
1228
1282
1228
1271
1221
1273
1240
1262
1252
1262
1239
1254
1270
1241
1293
1237
1299
1172
1300
1229
1287
1223
1301
1238
1269
1247
1288
1242
1249
1238
1292
1243
1295
1239
1303
1276
1323
1241
1286
1249
1307
1256
1302
1267
1283
1268
1264
1278
1255
1287
1240
1269
1227
1261
1213
1256
1223
1256
1190
1251
1197
1248
1187
1262
1157
1261
1143
1264
1136
1268
1116
1270
1102
1278
1130
1262
1145
1264
1157
1255
1180
1267
1185
1265
1181
1272
1169
1276
1208
1280
1220
1290
1222
1282
1244
1297
1260
1285
1275
1281
1279
1276
1285
1261
1282
1255
1279
1229
1291
1251
1279
1260
1278
1251
1283
1263
1257
1261
1247
1258
1226
1207
1216
1236
1245
1231
1214
1222
1247
1224
1219
1219
1218
1248
1222
1258
1227
1262
1230
1265
1244
1273
1255
1265
1249
1252
1243
1260
1258
1256
1235
1261
1225
1268
1202
1269
1200
1275
1241
1280
1217
1277
1233
1281
1219
1283
1228
1284
1200
1279
1188
1263
1184
1264
1174
1247
1164
1263
1155
1248
1184
1275
1214
1288
1223
1289
1251
1269
1264
1280
1263
1272
1265
1254
1276
1248
1265
1234
1273
1236
1270
1238
1253
1243
1258
1250
1305
1248
1288
1236
1288
1227
1266
1204
1265
1215
1213
1213
1204
1211
1200
1223
1163
1224
1150
1245
1149
1256
1135
1270
1134
1274
1149
1276
1154
1274
1120
1272
1142
1261
1148
1280
1143
1280
1151
1288
1166
1291
1208
1300
1187
1303
1229
1297
1241
1287
1269
1269
1276
1285
1285
1285
1294
1285
1270
1255
1303
1252
1341
1264
1317
1261
1327
1269
1333
1290
1316
1276
1311
1267
1307
1260
1273
1253
1263
1246
1257
1235
1265
1267
1247
1258
1262
1270
1268
1309
1244
1323
1230
1329
1244
1319
1201
1315
1212
1302
1224
1304
1200
1340
1194
1316
1200
1323
1218
1331
1219
1335
1246
1329
1263
1334
1257
1339
1263
1327
1269
1310
1251
1310
1229
1304
1211
1291
1225
1291
1200
1292
1236
1280
1265
1291
1257
1291
1280
1289
1273
1283
1278
1305
1261
1267
1277
1250
1291
1249
1264
1253
1264
1224
1266
1250
1269
1246
1299
1246
1307
1240
1297
1236
1300
1235
1304
1221
1321
1216
1267
1212
1266
1210
1249
1217
1224
1221
1180
1222
1239
1217
1243
1213
1238
1204
1251
1209
1227
1216
1235
1215
1253
1221
1233
1230
1219
1252
1200
1243
1197
1252
1181
1253
1193
1253
1216
1256
1176
1261
1226
1267
1248
1272
1257
1291
1251
1293
1275
1293
1258
1292
1237
1300
1224
1303
1298
1297
1253
1311
1242
1279
1250
1237
1282
1286
1224
1286
1249
1299
1274
1303
1246
1296
1241
1307
1217
1291
1217
1325
1205
1287
1203
1268
1218
1257
1162
1250
1180
1224
1191
1257
1183
1251
1190
1290
1191
1273
1180
1268
1150
1261
1170
1248
1198
1245
1163
1239
1179
1240
1178
1217
1180
1254
1169
1263
1218
1265
1218
1258
1223
1243
1236
1249
1226
1252
1220
1253
1219
1242
1214
1258
1209
1264
1191
1261
1206
1271
1204
1268
1223
1260
1228
1264
1212
1259
1218
1263
1226
1269
1204
1261
1192
1270
1193
1238
1197
1281
1179
1290
1180
1285
1200
1294
1217
1287
1233
1285
1259
1275
1256
1283
1263
1281
1274
1282
1280
1289
1279
1296
1294
1291
1307
1302
1307
1296
1336
1294
1347
1276
1354
1280
1354
1260
1377
1269
1365
1271
1382
1275
1379
1280
1397
1288
1385
1299
1375
1314
1374
1293
1350
1306
1354
1268
1365
1265
1369
1265
1350
1276
1347
1282
1343
1295
1313
1296
1281
1297
1266
1296
1226
1281
1212
1265
1169
1263
1235
1246
1205
1242
1203
1281
1207
1253
1174
1255
1156
1257
1187
1261
1186
1245
1181
1242
1174
1251
1159
1229
1147
1223
1154
1220
1151
1249
1126
1236
1174
1240
1196
1257
1193
1251
1197
1274
1189
1282
1168
1285
1131
1276
1138
1270
1119
1265
1132
1259
1161
1276
1178
1299
1181
1284
1180
1285
1207
1281
1202
1257
1192
1249
1200
1239
1190
1236
1185
1223
1200
1215
1226
1219
1238
1224
1248
1223
1283
1230
1285
1251
1288
1207
1305
1228
1283
1229
1266
1228
1252
1230
1269
1233
1275
1246
1271
1250
1296
1260
1280
1265
1281
1282
1263
1287
1266
1279
1256
1277
1248
1270
1237
1266
1227
1255
1241
1262
1252
1268
1252
1299
1253
1279
1250
1281
1248
1294
1210
1278
1203
1255
1198
1262
1163
1252
1176
1250
1173
1248
1185
1255
1227
1268
1215
1262
1210
1273
1177
1267
1165
1235
1162
1261
1136
1243
1110
1245
1154
1241
1160
1229
1189
1235
1217
1252
1228
1254
1229
1260
1243
1260
1225
1261
1212
1254
1229
1230
1235
1240
1232
1247
1242
1247
1277
1257
1246
1267
1286
1269
1314
1284
1306
1282
1284
1293
1276
1276
1273
1291
1243
1288
1237
1273
1245
1263
1237
1261
1236
1265
1255
1263
1257
1274
1257
1273
1256
1278
1255
1272
1218
1260
1212
1244
1226
1234
1202
1226
1200
1199
1204
1212
1204
1223
1185
1233
1214
1229
1219
1241
1206
1233
1205
1235
1216
1238
1207
1248
1204
1251
1224
1244
1231
1260
1179
1265
1214
1283
1211
1287
1213
1262
1229
1288
1240
1287
1254
1313
1247
1290
1272
1292
1254
1296
1290
1294
1277
1280
1262
1337
1249
1312
1241
1305
1266
1304
1236
1316
1253
1294
1258
1304
1259
1311
1240
1302
1235
1312
1221
1301
1194
1303
1168
1293
1175
1288
1155
1280
1156
1249
1176
1251
1176
1250
1190
1252
1189
1245
1215
1259
1223
1267
1233
1263
1234
1268
1213
1299
1223
1251
1223
1254
1250
1240
1266
1254
1302
1259
1325
1282
1322
1303
1334
1307
1335
1316
1312
1315
1313
1317
1300
1297
1308
1295
1301
1289
1333
1271
1351
1287
1331
1292
1339
1306
1313
1303
1310
1303
1294
1297
1309
1285
1307
1284
1320
1286
1322
1275
1323
1285
1317
1290
1319
1298
1323
1298
1286
1304
1287
1312
1273
1308
1249
1327
1239
1293
1246
1285
1240
1275
1237
1274
1243
1269
1257
1276
1256
1282
1231
1288
1233
1288
1194
1283
1202
1267
1233
1259
1233
1233
1240
1235
1264
1200
1287
1249
1289
1241
1309
1246
1314
1246
1243
1248
1281
1243
1279
1231
1288
1229
1267
1216
1287
1214
1299
1218
1283
1226
1264
1233
1336
1251
1272
1253
1261
1258
1243
1216
1229
1253
1189
1254
1213
1243
1227
1247
1199
1246
1201
1259
1196
1263
1179
1289
1177
1297
1187
1299
1176
1323
1170
1303
1197
1297
1180
1293
1173
1257
1180
1286
1174
1275
1170
1284
1153
1286
1179
1287
1207
1293
1188
1280
1214
1281
1224
1254
1216
1269
1211
1260
1234
1252
1225
1249
1218
1250
1229
1255
1226
1288
1229
1269
1235
1275
1256
1288
1255
1275
1255
1277
1286
1270
1284
1271
1302
1264
1296
1272
1268
1277
1265
1288
1250
1290
1260
1285
1258
1302
1286
1266
1329
1294
1298
1305
1299
1293
1316
1296
1310
1268
1310
1279
1321
1268
1320
1273
1319
1278
1331
1272
1336
1275
1324
1273
1315
1264
1336
1264
1323
1267
1332
1261
1346
1251
1335
1262
1324
1263
1330
1272
1303
1281
1296
1283
1278
1292
1282
1291
1265
1301
1250
1326
1262
1304
1261
1316
1263
1305
1275
1303
1317
1301
1272
1307
1270
1313
1261
1304
1236
1297
1197
1288
1199
1283
1171
1275
1161
1255
1116
1255
1198
1237
1183
1237
1186
1276
1196
1251
1158
1252
1179
1256
1162
1256
1140
1244
1124
1248
1121
1241
1139
1227
1131
1224
1168
1209
1193
1248
1190
1255
1192
1281
1233
1290
1218
1285
1214
1290
1214
1281
1215
1272
1233
1258
1249
1238
1274
1256
1300
1253
1335
1272
1335
1293
1328
1289
1305
1291
1328
1277
1308
1271
1300
1246
1310
1245
1297
1244
1286
1243
1294
1255
1301
1273
1286
1289
1263
1307
1277
1305
1260
1310
1240
1277
1239
1299
1215
1291
1184
1289
1161
1292
1160
1296
1169
1303
1168
1311
1182
1325
1156
1304
1177
1330
1182
1321
1210
1299
1216
1307
1223
1246
1237
1270
1230
1260
1230
1271
1266
1276
1266
1277
1288
1278
1306
1273
1321
1269
1332
1256
1360
1234
1370
1235
1360
1236
1349
1225
1318
1240
1312
1250
1324
1257
1302
1249
1287
1262
1288
1222
1308
1243
1305
1231
1310
1220
1308
1227
1287
1221
1251
1227
1238
1227
1232
1236
1230
1261
1227
1229
1250
1231
1244
1227
1251
1227
1275
1225
1263
1231
1232
1243
1212
1251
1227
1262
1179
1285
1187
1273
1202
1278
1197
1275
1172
1287
1158
1268
1154
1302
1131
1310
1138
1316
1135
1319
1122
1316
1123
1316
1135
1316
1181
1290
1157
1301
1172
1286
1188
1301
1172
1295
1167
1296
1211
1302
1215
1295
1231
1281
1257
1296
1281
1273
1277
1271
1334
1258
1355
1259
1369
1249
1389
1256
1382
1276
1357
1275
1335
1285
1341
1289
1333
1290
1304
1286
1346
1299
1360
1285
1363
1236
1367
1290
1351
1295
1311
1304
1281
1302
1257
1299
1201
1291
1232
1274
1253
1255
1241
1296
1250
1238
1247
1236
1274
1225
1243
1228
1241
1220
1227
1234
1193
1252
1167
1237
1162
1229
1156
1224
1141
1219
1138
1215
1156
1214
1148
1221
1158
1232
1172
1238
1132
1253
1122
1258
1108
1264
1157
1254
1115
1256
1151
1231
1192
1249
1190
1274
1229
1264
1246
1276
1268
1287
1281
1292
1300
1292
1286
1299
1294
1290
1316
1263
1333
1258
1333
1248
1328
1252
1356
1247
1347
1253
1332
1266
1328
1275
1307
1286
1273
1284
1265
1281
1230
1271
1231
1260
1232
1264
1224
1252
1203
1263
1182
1267
1178
1283
1147
1319
1139
1295
1138
1296
1127
1292
1124
1288
1137
1284
1150
1288
1145
1288
1164
1298
1187
1300
1171
1309
1187
1315
1242
1317
1217
1314
1199
1313
1212
1309
1226
1300
1204
1293
1234
1291
1268
1297
1270
1292
1281
1297
1300
1275
1318
1298
1286
1292
1298
1262
1309
1268
1205
1253
1295
1247
1313
1251
1317
1259
1333
1248
1339
1250
1376
1256
1333
1246
1333
1232
1375
1235
1332
1218
1302
1208
1286
1163
1261
1248
1228
1230
1253
1232
1267
1243
1247
1251
1260
1254
1263
1223
1243
1225
1222
1220
1225
1211
1198
1242
1163
1227
1178
1248
1182
1265
1196
1259
1224
1277
1251
1299
1245
1302
1212
1282
1247
1288
1244
1283
1211
1271
1224
1274
1209
1271
1220
1288
1234
1277
1275
1304
1287
1315
1281
1310
1303
1309
1277
1312
1257
1304
1248
1299
1227
1292
1207
1300
1190
1296
1223
1310
1202
1312
1186
1294
1227
1319
1206
1302
1198
1305
1181
1295
1172
1289
1152
1281
1171
1260
1183
1259
1162
1275
1186
1238
1201
1243
1226
1237
1228
1229
1254
1221
1233
1220
1235
1227
1240
1225
1242
1229
1238
1236
1254
1249
1282
1254
1284
1262
1305
1268
1328
1264
1324
1275
1302
1283
1308
1292
1304
1302
1281
1304
1275
1295
1317
1303
1315
1310
1304
1326
1338
1295
1320
1291
1325
1277
1322
1271
1329
1266
1288
1269
1311
1275
1323
1271
1320
1263
1298
1266
1328
1263
1311
1255
1314
1248
1268
1249
1305
1245
1295
1249
1284
1276
1277
1260
1228
1262
1221
1269
1237
1271
1219
1259
1206
1264
1207
1266
1193
1255
1169
1277
1170
1262
1175
1267
1121
1267
1130
1278
1139
1276
1127
1255
1133
1262
1140
1259
1150
1256
1136
1258
1158
1257
1173
1265
1175
1265
1193
1256
1194
1287
1194
1289
1187
1287
1222
1277
1220
1277
1218
1260
1236
1247
1233
1263
1230
1271
1235
1271
1255
1278
1250
1278
1206
1271
1269
1266
1248
1249
1243
1222
1264
1245
1293
1237
1279
1246
1266
1241
1301
1255
1329
1266
1321
1268
1326
1274
1302
1242
1300
1270
1300
1266
1321
1254
1325
1251
1338
1227
1340
1251
1321
1255
1292
1277
1295
1282
1264
1286
1236
1282
1215
1294
1194
1271
1179
1258
1185
1244
1192
1250
1176
1253
1182
1259
1155
1265
1155
1273
1172
1285
1140
1272
1136
1293
1115
1259
1129
1274
1126
1274
1149
1263
1186
1272
1217
1269
1225
1280
1247
1282
1263
1293
1254
1290
1237
1289
1244
1291
1236
1284
1239
1284
1286
1275
1316
1269
1331
1283
1352
1283
1376
1294
1340
1319
1335
1292
1342
1302
1325
1292
1312
1296
1292
1290
1332
1280
1328
1276
1351
1266
1353
1265
1347
1257
1332
1259
1324
1259
1300
1257
1249
1246
1253
1245
1254
1242
1217
1234
1227
1234
1238
1245
1240
1236
1242
1250
1234
1279
1234
1271
1192
1269
1202
1268
1196
1270
1187
1260
1190
1271
1203
1280
1200
1296
1202
1276
1233
1274
1263
1277
1205
1296
1227
1287
1233
1281
1220
1217
1233
1280
1225
1282
1230
1310
1222
1292
1245
1296
1231
1308
1248
1302
1265
1272
1260
1356
1250
1305
1209
1300
1278
1299
1269
1306
1281
1298
1302
1310
1301
1346
1290
1329
1299
1326
1304
1336
1295
1336
1291
1338
1312
1330
1297
1324
1315
1316
1326
1311
1303
1306
1301
1308
1284
1307
1305
1300
1288
1296
1321
1274
1350
1278
1336
1275
1341
1261
1343
1258
1338
1251
1327
1253
1330
1247
1326
1251
1306
1257
1320
1261
1330
1249
1319
1260
1319
1250
1321
1250
1315
1267
