1099
1323
1434
1323
1475
1322
1444
1304
1233
1275
1220
1253
1262
1262
1281
1263
1202
1264
1210
1264
1202
1270
1183
1260
1204
1263
1197
1298
1187
1263
1157
1288
1168
1287
1132
1260
1178
1255
1171
1268
1184
1288
1161
1278
1126
1267
1177
1273
1158
1281
1127
1273
1222
1277
1142
1289
1155
1291
1169
1287
1162
1289
1112
1291
1139
1301
1164
1288
1137
1291
1162
1261
1202
1277
1215
1328
1164
1275
1144
1281
1157
1274
1166
1270
1198
1257
1187
1266
1173
1266
1199
1246
1255
1228
1201
1253
1181
1257
1202
1251
1183
1256
1163
1255
1205
1226
1218
1252
1189
1246
1191
1253
1095
1277
1118
1249
1182
1253
1193
1247
1181
1252
1170
1240
1203
1259
1155
1260
1173
1255
1183
1253
1191
1248
1148
1250
1184
1245
1163
1253
1177
1252
1156
1250
1140
1219
1160
1236
1163
1236
1180
1237
1229
1216
1244
1217
1196
1221
1208
1211
1214
1218
1216
1211
1276
1210
1245
1205
1238
1207
1244
1185
1263
1208
1188
1217
1257
1207
1323
1208
1288
1205
1270
1210
1281
1173
1287
1219
1276
1212
1287
1232
1310
1223
1294
1220
1370
1227
1267
1235
1295
1205
1292
1231
1292
1239
1313
1244
1277
1240
1289
1244
1314
1244
1267
1265
1312
1245
1296
1250
1324
1253
1285
1257
1294
1242
1309
1256
1310
1252
1293
1259
1294
1265
1261
1270
1308
1252
1343
1253
1340
1260
1301
1252
1301
1230
1308
1254
1332
1242
1328
1248
1326
1278
1301
1257
1291
1236
1310
1250
1371
1254
1331
1242
1336
1249
1346
1270
1329
1258
1318
1263
1343
1264
1325
1281
1313
1254
1386
1264
1390
1273
1332
1279
1347
1290
1335
1284
1331
1286
1321
1290
1316
1290
1277
1314
1313
1294
1266
1309
1280
1345
1271
1302
1243
1294
1265
1285
1230
1292
1243
1278
1237
1287
1210
1297
1186
1284
1131
1304
1242
1287
1189
1292
1191
1262
1199
1308
1210
1315
1222
1302
1252
1335
1229
1346
1236
1353
1256
1357
1276
1384
1248
1363
1275
1334
1283
1343
1279
1336
1309
1334
1289
1332
1292
1305
1435
1310
1294
1292
1301
1294
1240
1293
1241
1292
1257
1324
1251
1339
1254
1358
1255
1376
1270
1388
1290
1406
1320
1401
1400
1401
1383
1382
1428
1328
1433
1321
1442
1283
1453
1263
1414
1224
1389
1209
1348
1150
1415
1146
1309
1122
1306
1095
1275
1072
1237
1045
1176
1038
1127
1034
1023
1057
931
1075
882
1080
747
1151
859
1161
875
1177
932
1190
922
1206
958
1230
976
1256
1016
1310
1024
1356
1121
1394
1132
1447
1348
1410
1436
1402
1535
1362
1591
1333
1615
1291
1644
1267
1644
1253
1615
1248
1584
1258
1670
1244
1548
1268
1489
1292
1410
1282
1391
1295
1284
1295
1225
1312
1185
1350
1139
1353
1131
1389
1003
1445
1102
1417
1024
1423
1014
1418
1004
1407
1028
1375
1033
1348
1117
1361
1178
1336
1272
1317
1460
1266
1359
1279
1485
1243
1581
1217
1618
1196
1634
1169
1666
1156
1657
1140
1624
1130
1536
1127
1568
1126
1364
1150
1400
1156
1373
1176
1368
1235
1357
1193
1355
1200
1342
1195
1308
1198
1284
1197
1185
1235
1214
1230
1237
1201
1269
1217
1299
1225
1285
1229
1218
1234
1262
1251
1201
1261
1170
1258
1240
1274
1161
1320
1118
1358
1123
1385
1105
1403
1067
1417
1022
1402
984
1432
935
1441
942
1427
980
1415
1045
1391
1079
1365
1133
1346
1196
1335
1220
1319
1254
1305
1291
1292
1288
1280
1311
1272
1330
1256
1372
1253
1399
1238
1417
1215
1470
1222
1429
1213
1453
1231
1426
1221
1401
1238
1379
1238
1299
1243
1219
1251
1121
1243
1148
1271
1020
1279
1058
1282
1117
1254
1160
1287
1196
1293
1217
1289
1295
1290
1302
1295
1315
1273
1395
1289
1301
1271
1333
1267
1417
1253
1385
1261
1393
1251
1386
1261
1390
1265
1322
1256
1387
1257
1251
1276
1267
1261
1260
1283
1241
1265
1215
1318
1157
1342
1138
1347
1136
1356
1118
1356
1249
1375
1115
1397
1247
1383
1318
1382
1362
1386
1418
1388
1406
1378
1473
1369
1499
1349
1534
1321
1581
1291
1560
1289
1671
1273
1580
1249
1590
1236
1489
1235
1477
1205
1403
1214
1318
1218
1263
1199
1237
1190
1148
1210
1218
1183
1176
1174
1191
1174
1187
1188
1200
1198
1244
1214
1271
1237
1311
1258
1328
1258
1279
1292
1375
1313
1328
1281
1296
1284
1273
1334
1256
1290
1212
1297
1273
1293
1255
1285
1249
1267
1132
1292
1270
1268
1203
1246
1213
1240
1224
1239
1241
1244
1253
1240
1314
1265
1306
1262
1332
1261
1325
1289
1319
1300
1338
1298
1392
1307
1436
1327
1449
1354
1497
1362
1514
1397
1485
1438
1450
1438
1398
1454
1432
1468
1384
1443
1384
1420
1429
1393
1445
1366
1501
1327
1459
1296
1446
1261
1450
1241
1385
1232
1395
1230
1459
1223
1474
1224
1424
1244
1407
1252
1383
1265
1335
1274
1315
1284
1333
1297
1326
1309
1317
1352
1279
1317
1272
1346
1247
1344
1181
1334
1166
1326
1152
1296
1153
1284
1192
1262
1245
1257
1220
1249
1307
1237
1340
1237
1292
1227
1273
1225
1316
1211
1277
1213
1276
1222
1309
1229
1339
1236
1291
1283
1307
1233
1272
1277
1241
1282
1248
1298
1210
1299
1235
1340
1213
1335
1221
1368
1214
1384
1180
1408
1156
1409
1073
1414
1096
1411
1128
1402
1163
1386
1275
1376
1312
1362
1352
1347
1479
1310
1426
1329
1396
1324
1391
1331
1413
1334
1382
1342
1433
1351
1422
1362
1381
1341
1326
1354
1353
1330
1240
1343
1152
1328
1141
1320
1193
1313
1208
1299
1280
1290
1318
1285
1325
1297
1342
1262
1350
1253
1294
1276
1376
1241
1340
1246
1399
1244
1432
1240
1428
1237
1390
1295
1315
1257
1239
1259
1245
1260
1217
1286
1253
1256
1300
1294
1251
1319
1238
1314
1216
1323
1175
1318
1119
1324
1139
1320
1186
1305
1201
1300
1245
1274
1338
1268
1303
1270
1244
1252
1231
1233
1232
1225
1161
1227
1199
1218
1267
1225
1270
1245
1268
1243
1328
1230
1254
1258
1186
1266
1153
1265
1144
1280
1147
1274
1157
1303
1199
1306
1181
1306
1192
1303
1225
1291
1203
1288
1226
1289
1286
1262
1336
1300
1341
1314
1403
1319
1404
1319
1388
1320
1415
1312
1319
1322
1465
1320
1386
1257
1381
1264
1391
1253
1364
1241
1330
1225
1261
1224
1201
1218
1159
1193
1130
1199
1156
1226
1128
1194
1096
1212
1148
1210
1123
1229
1152
1220
1090
1257
1074
1274
1127
1296
1209
1313
1249
1324
1322
1327
1470
1333
1395
1335
1410
1347
1386
1340
1374
1364
1365
1367
1359
1362
1382
1365
1387
1353
1382
1339
1254
1344
1391
1296
1311
1262
1288
1239
1304
1220
1257
1208
1361
1206
1433
1211
1422
1212
1460
1243
1314
1257
1333
1267
1345
1292
1383
1307
1423
1336
1454
1339
1482
1362
1463
1380
1414
1362
1356
1354
1291
1328
1231
1314
1200
1284
1237
1275
1327
1259
1346
1248
1340
1237
1346
1220
1306
1210
1283
1205
1300
1203
1320
1213
1358
1231
1416
1228
1406
1281
1363
1244
1322
1254
1262
1250
1190
1251
1164
1242
1148
1264
1106
1290
1192
1280
1200
1285
1194
1293
1159
1287
1095
1290
1097
1281
1104
1285
1133
1274
1319
1257
1230
1292
1270
1301
1284
1306
1277
1308
1256
1312
1309
1301
1347
1324
1363
1361
1446
1360
1372
1377
1489
1378
1456
1391
1385
1388
1328
1387
1269
1379
1265
1365
1301
1354
1327
1340
1357
1322
1402
1293
1321
1279
1305
1272
1270
1232
1251
1244
1251
1244
1271
1249
1285
1262
1316
1268
1330
1278
1344
1261
1228
1317
1153
1292
1115
1294
1111
1289
1135
1286
1181
1291
1206
1282
1201
1277
1203
1269
1150
1271
1084
1272
1121
1246
1165
1256
1161
1259
1222
1269
1300
1259
1281
1272
1255
1266
1242
1260
1242
1254
1196
1247
1226
1222
1326
1240
1296
1245
1266
1250
1229
1206
1175
1254
1100
1256
1058
1244
1085
1254
1090
1261
1126
1281
1233
1286
1135
1319
1151
1313
1131
1335
1099
1316
1069
1294
1111
1297
1196
1290
1235
1281
1294
1288
1312
1281
1341
1334
1237
1309
1202
1295
1275
1294
1208
1281
1255
1273
1293
1295
1301
1297
1301
1308
1267
1295
1245
1298
1070
1275
1141
1269
1160
1269
1167
1269
1201
1288
1287
1283
1277
1289
1273
1280
1248
1296
1133
1275
1209
1258
1272
1233
1261
1277
1288
1243
1320
1222
1347
1245
1294
1256
1259
1240
1223
1243
1178
1249
1277
1246
1261
1238
1266
1241
1295
1247
1281
1242
1270
1246
1244
1249
1171
1206
1170
1242
1145
1215
1137
1235
1208
1257
1300
1241
1249
1242
1248
1230
1215
1228
1136
1247
1141
1217
1089
1228
1132
1220
1212
1240
1243
1241
1275
1273
1221
1267
1203
1246
1153
1251
1152
1229
1174
1236
1209
1209
1328
1236
1280
1231
1286
1219
1270
1227
1156
1219
1130
1209
1120
1221
1138
1211
1198
1236
1260
1242
1265
1256
1285
1270
1174
1284
1175
1273
1126
1257
1151
1255
1184
1247
1182
1257
1277
1253
1259
1261
1213
1266
1151
1263
1119
1264
1108
1258
1104
1255
1197
1257
1232
1246
1285
1255
1254
1257
1260
1262
1162
1250
1139
1235
1067
1257
1097
1207
1178
1216
1223
1216
1279
1248
1287
1254
1264
1268
1223
1279
1166
1279
1157
1283
1096
1274
1302
1296
1284
1294
1385
1300
1360
1307
1296
1298
1219
1296
1249
1281
1194
1265
1238
1266
1277
1236
1260
1276
1329
1272
1333
1275
1325
1269
1231
1241
1179
1232
1144
1234
1168
1219
1168
1225
1241
1236
1268
1268
1259
1255
1228
1257
1190
1255
1123
1246
1143
1232
1154
1238
1202
1241
1231
1242
1250
1250
1234
1255
1268
1239
1080
1237
1082
1250
1063
1222
1079
1217
1119
1228
1168
1247
1236
1248
1237
1255
1186
1262
1144
1248
1095
1241
1112
1232
1177
1228
1222
1233
1313
1249
1248
1259
1278
1204
1220
1250
1142
1242
1107
1227
1090
1222
1198
1228
1234
1218
1346
1215
1342
1228
1305
1259
1267
1239
1169
1237
1129
1234
1168
1246
1259
1232
1265
1259
1342
1276
1318
1305
1301
1293
1232
1289
1170
1267
1096
1261
1143
1245
1221
1239
1269
1223
1341
1251
1293
1240
1239
1253
1186
1231
1124
1213
1130
1219
1146
1204
1214
1210
1272
1222
1325
1231
1295
1242
1248
1258
1211
1235
1078
1219
1100
1208
1115
1206
1166
1215
1275
1222
1245
1247
1233
1266
1176
1272
1125
1278
1200
1254
1050
1248
1159
1263
1213
1258
1278
1269
1300
1266
1292
1270
1251
1265
1151
1241
1101
1233
1075
1231
1145
1222
1188
1221
1276
1237
1297
1253
1226
1269
1208
1257
1128
1253
1053
1243
1049
1226
1014
1216
1010
1240
1333
1221
1226
1240
1211
1243
1125
1240
1068
1232
1060
1230
1091
1231
1143
1236
1272
1243
1349
1272
1282
1266
1275
1283
1165
1297
1071
1288
1045
1265
1025
1272
1107
1274
1158
1270
1237
1291
1240
1298
1255
1313
1168
1319
1119
1286
1059
1266
1086
1229
1154
1246
1172
1245
1278
1250
1286
1262
1224
1295
1235
1266
1006
1272
1064
1247
1109
1237
1209
1220
1277
1248
1289
1274
1308
1273
1232
1264
1166
1265
1090
1248
1153
1246
1162
1221
1197
1233
1278
1242
1333
1254
1301
1263
1237
1278
1157
1275
1076
1260
1090
1252
1086
1229
1164
1259
1229
1260
1291
1266
1239
1286
1177
1281
1100
1265
1085
1237
1077
1219
1138
1195
1224
1200
1314
1212
1303
1221
1285
1197
1145
1233
1104
1214
1051
1200
1045
1183
1100
1179
1297
1169
1197
1225
1277
1223
1229
1241
1212
1220
1117
1245
1085
1233
1072
1221
1172
1235
1199
1246
1294
1227
1333
1246
1230
1267
1167
1255
1094
1235
1031
1215
1034
1197
1125
1187
1204
1197
1225
1201
1262
1225
1205
1241
1138
1208
1086
1228
1036
1222
1117
1194
1161
1179
1259
1203
1330
1219
1333
1217
1283
1232
1162
1241
1085
1233
1082
1199
1132
1192
1248
1215
1310
1218
1391
1252
1375
1275
1321
1288
1216
1286
1150
1277
1072
1242
1233
1215
1215
1257
1340
1251
1378
1250
1376
1276
1277
1314
1146
1289
1091
1276
1096
1261
1124
1227
1241
1219
1301
1246
1323
1277
1331
1284
1225
1249
1139
1279
1030
1268
1106
1228
1159
1227
1244
1250
1340
1248
1435
1244
1340
1274
1265
1282
1152
1268
1111
1267
1161
1266
1173
1222
1305
1234
1373
1238
1402
1272
1355
1270
1235
1281
1122
1240
1075
1236
1113
1214
1137
1215
1266
1230
1308
1249
1331
1263
1304
1286
1089
1293
1129
1278
1079
1253
1128
1210
1173
1227
1304
1225
1377
1235
1370
1245
1320
1265
1252
1270
1151
1256
1127
1243
1157
1210
1240
1246
1383
1255
1405
1264
1408
1277
1330
1300
1243
1285
1113
1285
1113
1273
1126
1246
1223
1232
1478
1265
1424
1268
1356
1286
1281
1292
1174
1300
1115
1281
1044
1265
1141
1242
1203
1263
1333
1250
1304
1294
1364
1285
1309
1304
1237
1299
1114
1275
1045
1258
1158
1255
1192
1240
1318
1232
1362
1257
1254
1287
1236
1301
1140
1284
1059
1274
1075
1251
1130
1222
1227
1232
1373
1260
1396
1270
1352
1295
1229
1310
1149
1302
1045
1274
1088
1263
1192
1262
1249
1242
1413
1263
1447
1279
1389
1296
1287
1306
1168
1288
1068
1298
1089
1217
1195
1214
1302
1266
1396
1258
1404
1287
1340
1295
1251
1310
1100
1291
1099
1270
1121
1244
1238
1172
1262
1231
1451
1243
1440
1279
1348
1286
1259
1287
1099
1281
1097
1262
1146
1235
1204
1199
1320
1251
1286
1295
1373
1297
1286
1315
1162
1309
1072
1297
1001
1279
1101
1261
1165
1203
1319
1251
1380
1258
1350
1276
1245
1304
1199
1335
1061
1279
1027
1268
1069
1247
1144
1220
1421
1264
1369
1279
1366
1311
1231
1319
1186
1331
1058
1302
1062
1279
1162
1224
1265
1257
1403
1258
1431
1272
1381
1294
1267
1313
1204
1287
1112
1281
1052
1274
1225
1258
1253
1185
1460
1236
1468
1263
1402
1269
1275
1292
1210
1292
1128
1273
1045
1266
1259
1254
1297
1199
1481
1240
1513
1273
1453
1298
1331
1310
1257
1300
1213
1285
1120
1255
1307
1236
1320
1202
1621
1251
1478
1269
1377
1275
1260
1283
1173
1276
1134
1224
1104
1206
1199
1197
1304
1202
1356
1230
1422
1283
1356
1283
1237
1297
1156
1277
1167
1269
1122
1222
1244
1216
1316
1238
1328
1260
1462
1299
1311
1310
1199
1318
1028
1299
1146
1284
1140
1271
1297
1254
1289
1185
1594
1256
1475
1274
1331
1299
1239
1316
1125
1299
1178
1246
1223
1271
1300
1220
1360
1240
1502
1272
1463
1301
1342
1359
1246
1336
1127
1320
1168
1290
1205
1264
1329
1277
1290
1226
1466
1300
1391
1323
1296
1343
1247
1389
1119
1304
1076
1294
1253
1300
1332
1216
1362
1238
1598
1298
1460
1311
1318
1322
1211
1325
1122
1338
1137
1309
1281
1263
1372
1236
1346
1241
1625
1282
1441
1315
1284
1330
1218
1318
1130
1319
1100
1262
1289
1248
1366
1249
1327
1258
1578
1286
1430
1281
1302
1310
1220
1291
1145
1309
1140
1283
1312
1278
1372
1209
1348
1250
1629
1278
1408
1308
1274
1322
1179
1316
1173
1321
1185
1259
1366
1264
1377
1233
1323
1305
1580
1303
1371
1336
1241
1354
1115
1341
1158
1322
1144
1312
1326
1252
1382
1233
1275
1300
1544
1325
1355
1329
1224
1344
1069
1320
1165
1282
1193
1286
1325
1243
1346
1246
1235
1306
1485
1309
1307
1326
1187
1342
1052
1326
1182
1295
1200
1254
1324
1222
1365
1240
1281
1295
1492
1306
1289
1319
1183
1337
1049
1324
1194
1266
1196
1246
1332
1243
1397
1237
1443
1301
1448
1304
1261
1319
1157
1310
1057
1311
1189
1250
1196
1253
1369
1253
1327
1193
1503
1294
1463
1302
1261
1315
1169
1325
1076
1327
1180
1259
1296
1283
1354
1216
1375
1230
1565
1304
1431
1311
1250
1324
1172
1322
1078
1326
1159
1297
1285
1254
1406
1267
1317
1233
1566
1314
1403
1332
1223
1352
1163
1345
1089
1344
1181
1293
1330
1258
1389
1261
1292
1245
1560
1316
1367
1318
1203
1342
1136
1324
1112
1324
1166
1264
1337
1253
1417
1212
1346
1137
1554
1280
1357
1281
1201
1316
1111
1292
1105
1296
1161
1278
1342
1216
1386
1233
1266
1216
1513
1305
1314
1325
1172
1343
1089
1332
1131
1323
1200
1300
1420
1248
1405
1184
1271
1197
1483
1289
1276
1282
1116
1333
1016
1313
1078
1322
1126
1243
1316
1230
1334
1214
1196
1240
1430
1312
1231
1329
1097
1351
999
1329
1166
1332
1231
1302
1369
1256
1419
1266
1249
1218
1497
1334
1249
1345
1157
1381
1047
1350
1201
1339
1210
1301
1356
1255
1380
1250
1182
1219
1402
1307
1199
1329
1096
1346
1013
1321
1189
1310
1248
1294
1383
1233
1358
1216
1161
1285
1424
1324
1206
1347
1132
1363
1054
1343
1263
1293
1293
1297
1473
1259
1351
1193
1179
1274
1409
1310
1210
1313
1139
1333
1063
1320
1274
1297
1316
1238
1401
1201
1346
1209
1165
1270
1368
1280
1181
1315
1125
1311
1059
1300
1299
1269
1337
1235
1433
1214
1342
1192
1099
1271
1340
1296
1155
1318
1098
1319
1078
1304
1274
1245
1359
1249
1392
1199
1335
1206
1262
1270
1293
1290
1132
1311
1114
1305
1101
1295
1328
1269
1403
1254
1464
1215
1355
1199
1403
1296
1345
1312
1195
1330
1192
1318
1181
1311
1370
1260
1481
1240
1450
1209
1330
1220
1469
1294
1322
1313
1157
1325
1169
1310
1205
1306
1350
1260
1452
1217
1473
1234
1289
1197
1450
1302
1269
1320
1142
1341
1136
1310
1200
1317
1315
1281
1465
1232
1455
1273
1256
1233
1494
1323
1254
1339
1156
1366
1130
1350
1263
1264
1357
1340
1491
1249
1480
1275
1272
1255
1466
1337
1267
1356
1189
1363
1135
1313
1302
1327
1354
1255
1491
1232
1470
1250
1205
1240
1431
1311
1217
1341
1137
1355
1080
1334
1285
1327
1326
1260
1486
1271
1348
1214
1207
1303
1370
1327
1181
1318
1101
1356
1053
1342
1278
1313
1292
1280
1439
1230
1327
1202
1115
1281
1337
1320
1138
1339
1084
1356
1050
1334
1285
1284
1346
1251
1395
1228
1360
1257
1102
1311
1276
1338
1105
1353
1057
1357
1036
1337
1280
1285
1344
1279
1427
1257
1269
1178
1032
1302
1252
1300
1081
1333
1059
1332
1070
1314
1313
1291
1376
1273
1428
1235
1324
1225
1280
1314
1261
1322
1098
1348
1105
1341
1133
1327
1299
1275
1369
1273
1450
1256
1290
1209
1376
1310
1225
1325
1076
1341
1081
1326
1124
1321
1270
1255
1420
1243
1415
1227
1240
1231
1389
1311
1197
1326
1063
1336
1088
1302
1145
1305
1247
1260
1382
1227
1424
1214
1252
1180
1410
1300
1210
1314
1068
1334
1065
1317
1184
1318
1283
1287
1448
1251
1404
1199
1238
1185
1384
1301
1174
1315
1066
1325
1029
1283
1198
1290
1273
1215
1451
1213
1396
1180
1212
1221
1387
1280
1155
1296
1062
1305
739
1329
1397
1309
1263
1258
1439
1252
1308
1187
1172
1287
1308
1311
1111
1324
1026
1336
731
1350
1387
1284
1299
1260
1386
1213
1360
1232
1131
1286
1320
1298
1100
1324
1028
1272
1092
1335
1361
1282
1299
1222
1408
1235
1305
1208
1121
1288
1294
1304
1088
1321
704
1249
1112
1342
1311
1267
1351
1247
1402
1218
1341
1235
1541
1307
1304
1317
1110
1323
815
1274
1138
1313
1200
1286
1387
1267
1412
1205
1310
1226
1547
1301
1283
1310
1095
1326
681
1274
1176
1334
1313
1278
1358
1217
1465
1227
1312
1293
1535
1305
1275
1317
1053
1300
683
1239
1315
1348
1251
1170
1414
1242
1414
1234
1334
1293
1469
1304
1251
1307
1094
1277
729
1221
1338
1353
1217
1251
1408
1219
1458
1188
1313
1275
1494
1285
1239
1287
1086
1253
727
1260
1343
1337
1225
1232
1409
1260
1425
1232
1606
1288
1389
1300
1141
1312
1002
1196
639
1252
1314
1292
1196
1247
1324
1212
1331
1230
1541
1301
1368
1320
1159
1310
634
1239
694
1260
1346
1338
1223
1262
1358
1203
1366
1214
1596
1310
1354
1300
1119
1316
752
1272
730
1293
1408
1310
1243
1247
1409
1224
1321
1204
1620
1223
1363
1303
1133
1312
667
1226
798
1335
1469
1294
1318
1241
1465
1201
1425
1234
1653
1298
1376
1306
1160
1318
651
1267
797
1333
1494
1260
1320
1213
1463
1202
1389
1254
1603
1290
1341
1305
1119
1282
657
1249
789
1327
1502
1289
1282
1191
1436
1222
1476
1300
1565
1292
1266
1299
1065
1295
649
1242
1105
1331
1242
1215
1351
1246
1411
1231
1332
1285
1543
1294
1264
1309
1074
1225
643
1266
1137
1355
1463
1287
1315
1227
1399
1192
1704
1296
1491
1291
1244
1304
1036
1216
661
1235
1254
1284
1174
1219
1361
1183
1419
1185
1569
1253
1517
1262
1242
1276
737
1189
702
1248
1313
1321
1265
1242
1400
1198
1465
1168
1730
1277
1480
1288
1203
1306
715
1221
653
1239
1303
1324
1231
1260
1360
1158
1436
1187
1687
1288
1442
1289
1151
1309
586
1267
645
1275
1310
1344
1163
1247
1310
1233
1358
1222
1618
1276
1329
1285
1060
1235
471
1219
624
1237
1284
1330
1118
1204
1324
1202
1472
1278
1560
1270
1289
1308
1046
1265
536
1282
661
1298
1348
1343
1192
1236
1398
1235
1435
1280
1627
1292
1347
1279
1063
1221
580
1221
739
1303
1411
1241
1202
1157
1369
1164
1673
1235
1556
1236
1260
1245
994
1167
524
1201
701
1313
1393
1272
1214
1238
1370
1216
1702
1291
1564
1298
1283
1312
656
1249
639
1277
1132
1345
1514
1241
1324
1196
1496
1202
1792
1263
1613
1263
1322
1278
740
1205
619
1215
1084
1298
1363
1212
1268
1186
1305
1157
1598
1251
1385
1251
1125
1292
476
1212
532
1271
1034
1330
1342
1240
1199
1196
1274
1264
1482
1262
1390
1300
1130
1311
551
1220
631
1271
1225
1332
1179
1220
1348
1168
1412
1218
1650
1226
1474
1255
1193
1207
616
1240
625
1243
1291
1297
1232
1213
1290
1170
1588
1208
1669
1249
1425
1254
1165
1233
605
1228
724
1291
1362
1317
1214
1219
1359
1173
1375
1240
1641
1256
1384
1284
1103
1225
597
1252
687
1329
1402
1310
1252
1178
1413
1158
1752
1190
1635
1259
1359
1276
1120
1255
595
1225
741
1300
1431
1332
1218
1203
1378
1201
1770
1258
1614
1349
1339
1343
1116
1306
645
1278
875
1363
1548
1248
1382
1223
1507
1187
1811
1232
1636
1250
1374
1280
817
1208
698
1205
872
1296
1562
1238
1331
1127
1441
1230
1540
1238
1529
1276
1259
1313
738
1259
662
1298
1141
1359
1388
1255
1297
1217
1358
1170
1522
1258
1502
1282
1260
1304
715
1252
726
1212
1294
1311
1507
1174
1391
1144
1411
1205
1675
1216
1496
1235
1233
1277
686
1255
694
1218
1231
1303
1359
1211
1309
1186
1342
1223
1554
1257
1411
1275
1142
1249
622
1285
652
1296
1297
1351
1155
1223
1280
1227
1505
1238
1579
1282
1391
1322
1169
1299
647
1292
791
1303
1411
1334
1270
1243
1427
1215
1703
1257
1675
1291
1450
1365
1210
1258
722
1324
784
1379
1425
1372
1247
1242
1356
1232
1712
1227
1555
1291
1346
1315
1132
1281
613
1246
778
1307
1415
1323
1200
1193
1299
1105
1662
1200
1533
1252
1302
1290
756
1245
638
1262
768
1353
1472
1367
1238
1219
1367
1204
1523
1257
1584
1296
1355
1314
810
1273
701
1242
864
1329
1483
1228
1219
1181
1276
1142
1378
1220
1460
1242
1257
1269
665
1193
743
1235
1080
1314
1530
1245
1252
1180
1337
1227
1389
1246
1502
1256
1270
1288
761
1256
734
1245
1295
1309
1364
1244
1172
1230
1232
1277
1473
1295
1357
1341
1168
1340
613
1299
752
1299
1304
1372
1304
1236
1238
1206
1303
1259
1508
1252
1379
1268
1218
1264
735
1263
798
1246
1366
1322
1363
1216
1273
1146
1644
1186
1511
1248
1392
1286
1189
1236
748
1306
834
1375
1439
1385
1183
1274
1232
1211
1537
1240
1508
1274
1345
1291
1184
1263
759
1261
898
1216
1523
1317
1300
1203
1373
1151
1724
1165
1631
1208
1461
1253
908
1183
904
1227
1352
1330
1576
1239
1264
1220
1310
1190
1588
1198
1469
1250
1282
1280
781
1217
692
1265
849
1330
1430
1275
1116
1208
1120
1220
1276
1198
1398
1242
1243
1264
724
1196
824
1286
967
1319
1569
1263
1204
1193
1252
1225
1347
1212
1438
1258
1275
1294
786
1270
810
1269
1318
1372
1529
1280
1193
1203
1149
1243
1322
1258
1389
1269
1271
1224
780
1212
935
1229
1380
1318
1555
1216
1187
1161
1262
1224
1368
1210
1341
1235
1225
1222
751
1197
908
1198
1488
1323
1355
1246
1263
1224
1342
1256
1495
1273
1473
1302
1344
1312
879
1267
1000
1311
1539
1398
1262
1297
1226
1268
1496
1265
1394
1309
1355
1317
1267
1262
869
1278
1123
1370
1627
1366
1369
1267
1366
1167
1547
1248
1595
1243
1499
1254
1397
1222
937
1228
1055
1383
1620
1365
1226
1234
1176
1247
1502
1266
1397
1309
1282
1342
846
1303
830
1332
974
1406
1565
1413
1233
1276
1263
1223
1490
1264
1500
1288
1413
1260
1058
1233
1000
1206
1153
1317
1741
1241
1390
1208
1321
1152
1593
1164
1517
1238
1390
1280
936
1254
914
1309
1098
1344
1580
1279
1196
1208
1099
1273
1066
1236
1312
1268
1193
1275
781
1223
846
1265
1446
1308
1548
1199
1244
1162
1221
1185
1280
1218
1413
1241
1339
1203
884
1234
1352
1292
1506
1389
1597
1296
1188
1287
1210
1333
1217
1329
1297
1352
1213
1333
769
1283
913
1321
1498
1380
1202
1262
1203
1227
1109
1266
1328
1247
1351
1248
1229
1158
899
1194
1056
1207
1591
1327
1311
1244
1275
1207
1521
1232
1374
1256
1381
1282
1312
1210
958
1264
1105
1249
1622
1370
1328
1293
1251
1271
1530
1273
1384
1308
1347
1304
893
1239
936
1340
1047
1346
1593
1338
1191
1212
1160
1222
1475
1195
1388
1230
1334
1234
959
1196
960
1259
1181
1277
1738
1334
1329
1256
1293
1224
1431
1310
1460
1307
1348
1332
887
1295
1278
1344
1015
1394
1558
1302
1087
1269
1061
1222
1211
1238
1248
1272
1176
1265
783
1202
1067
1224
1086
1298
1683
1237
1287
1198
1208
1270
1374
1251
1460
1271
1377
1245
929
1221
1377
1250
1196
1347
1688
1298
1195
1234
1192
1274
1165
1254
1273
1277
1208
1245
783
1196
1115
1236
1393
1325
1463
1248
1136
1249
1054
1289
1155
1267
1283
1268
1238
1262
807
1208
1243
1258
1484
1345
1489
1262
1164
1202
1444
1268
1197
1296
1332
1310
1285
1275
891
1345
1089
1296
1548
1390
1175
1284
1126
1325
1210
1329
1228
1310
1196
1292
1164
1218
815
1204
1053
1167
1575
1286
1265
1201
1204
1165
1493
1209
1387
1247
1371
1249
1004
1216
1082
1267
1169
1279
1690
1333
1275
1286
1175
1273
1414
1282
1301
1322
1244
1313
853
1208
919
1298
1132
1223
1636
1288
1196
1189
1160
1152
1267
1202
1344
1255
1298
1260
897
1228
1382
1221
1122
1246
1678
1284
1204
1228
1164
1257
1216
1238
1287
1261
1209
1295
791
1225
1276
1289
1030
1342
1564
1297
1109
1246
999
1343
1027
1306
1201
1344
1134
1266
723
1273
1242
1302
1053
1353
1569
1265
1152
1211
1081
1289
1196
1221
1342
1252
1324
1216
937
1192
1209
1197
1628
1303
1661
1219
1341
1195
1260
1293
1194
1279
1426
1292
1292
1158
916
1283
1076
1231
1409
1286
1382
1173
1100
1191
1364
1222
1060
1232
1211
1240
1198
1198
843
1221
1024
1232
1571
1311
1241
1246
1222
1229
1394
1314
1410
1304
1399
1319
1008
1263
1349
1345
1191
1242
1661
1341
1309
1255
1194
1266
1480
1240
1289
1301
1278
1313
894
1232
1161
1320
1058
1263
1573
1319
1214
1227
1176
1250
1361
1262
1332
1292
1313
1289
966
1189
1217
1263
1175
1272
1711
1312
1321
1220
1219
1245
1506
1271
1408
1313
1330
1317
878
1247
1381
1274
1116
1275
1646
1378
1145
1290
1073
1362
1189
1288
1313
1319
1229
1305
888
1225
1343
1217
1128
1256
1677
1195
1236
1134
1179
1142
1246
1172
1367
1229
1275
1185
861
1242
1218
1202
1040
1263
1548
1227
1064
1222
1011
1270
1090
1244
1216
1262
1160
1208
769
1212
1047
1217
1385
1295
1327
1213
1107
1203
1054
1279
1133
1287
1263
1311
1192
1183
864
1322
988
1218
1399
1328
1384
1256
1191
1169
1293
1249
1268
1287
1338
1293
1298
1216
902
1289
1100
1239
1280
1316
1281
1233
1131
1264
1439
1277
1167
1338
1261
1339
855
1270
1247
1332
978
1266
1495
1330
1168
1251
1104
1229
1396
1251
1248
1273
1250
1262
895
1179
1289
1249
1025
1170
1552
1287
1206
1225
1073
1218
1281
1268
1223
1313
1217
1316
753
1211
1300
1248
971
1218
1533
1249
1125
1209
1072
1177
1336
1213
1299
1240
1257
1237
828
1132
1351
1139
1132
1110
1654
1245
1227
1139
1142
1213
1272
1188
1354
1221
1284
1179
850
1232
1352
1183
1107
1278
1602
1197
1178
1207
1110
1173
1248
1255
1286
1304
1216
1261
783
1280
1152
1235
1065
1304
1611
1249
1212
1218
1176
1283
1104
1247
1390
1275
1325
1230
925
1212
1196
1125
1231
1247
1741
1207
1276
1196
1545
1209
1272
1269
1398
1301
1334
1246
1028
1321
1072
1219
1490
1326
1383
1212
1207
1234
1208
1276
1186
1278
1286
1260
1223
1175
857
1236
955
1142
1250
1231
1221
1125
1109
1127
1434
1194
1160
1230
1301
1253
882
1176
1323
1268
1128
1200
1621
1250
1306
1194
1247
1197
1527
1211
1320
1247
1315
1249
919
1162
1294
1227
1074
1197
1575
1280
1240
1218
1188
1206
1408
1277
1291
1306
1221
1308
867
1223
1382
1269
1123
1244
1667
1288
1260
1253
1246
1287
1505
1278
1387
1344
1313
1356
844
1279
1370
1318
1111
1285
1639
1357
1230
1263
1178
1281
1245
1289
1333
1316
1255
1262
817
1298
1334
1197
1093
1185
1627
1232
1250
1179
1179
1278
1305
1251
1396
1294
1314
1246
891
1285
1330
1259
1110
1321
1628
1258
1195
1243
1131
1315
1207
1292
1294
1317
1162
1208
1053
1318
1025
1244
1093
1292
1586
1258
1180
1180
1371
1292
1200
1277
1242
1310
1169
1215
1076
1307
973
1209
1283
1302
1225
1209
1119
1196
1037
1264
1073
1300
1197
1309
1169
1215
866
1323
953
1245
1221
1341
1224
1236
1132
1224
1429
1288
1126
1287
1230
1306
810
1228
1160
1305
970
1233
1494
1301
1173
1213
1133
1221
1393
1236
1213
1287
1216
1288
830
1234
1214
1273
919
1209
1511
1308
1151
1205
1161
1213
1444
1249
1243
1292
1205
1287
703
1213
1232
1237
920
1222
1517
1256
1149
1207
1150
1192
1421
1236
1296
1266
1222
1256
793
1184
1255
1201
974
1159
1561
1232
1169
1183
1146
1232
1209
1210
1357
1256
1273
1179
838
1238
1343
1168
1095
1156
1640
1165
1263
1126
1192
1226
1283
1187
1342
1216
1232
1168
773
1232
1110
1187
1059
1244
1578
1166
1219
1135
1131
1235
1248
1197
1348
1243
1235
1171
1108
1243
1181
1169
1140
1243
1673
1143
1304
1151
1603
1205
1335
1206
1426
1253
1328
1184
1237
1277
1023
1216
1353
1285
1346
1224
1249
1182
1158
1279
1269
1285
1338
1288
901
1221
1285
1297
1035
1226
1280
1307
1346
1236
1326
1241
1634
1257
1341
1288
1416
1292
944
1189
1350
1288
1069
1213
1582
1280
1264
1197
1237
1213
1502
1218
1320
1267
1307
1269
956
1239
1330
1276
1071
1198
1635
1299
1356
1207
1344
1217
1456
1264
1506
1304
1475
1300
967
1280
1480
1233
1185
1237
1670
1266
1382
1200
1283
1276
1319
1272
1420
1321
1344
1329
887
1259
1386
1288
1069
1254
1652
1306
1250
1280
1256
1339
1265
1298
1424
1335
1326
1240
883
1327
1371
1288
1073
1246
1621
1276
1257
1250
1217
1357
1316
1310
1359
1363
1265
1298
836
1368
1088
1279
1009
1368
1560
1308
1165
1300
1159
1321
1291
1303
1332
1321
1206
1241
1074
1347
1040
1275
993
1340
1491
1259
1173
1280
1410
1300
1240
1314
1343
1346
1231
1281
1173
1350
975
1280
1257
1354
1236
1246
1214
1291
1191
1327
1241
1301
1350
1305
852
1204
1276
1310
995
1235
1329
1293
1297
1232
1288
1221
1613
1184
1295
1279
1384
1286
929
1222
1296
1301
957
1204
1510
1326
1192
1236
1179
1217
1484
1262
1299
1286
1294
1293
870
1192
1205
1259
975
1214
1509
1289
1192
1173
1230
1190
1497
1229
1386
1272
1335
1273
870
1279
1342
1233
1045
1221
1531
1301
1248
1215
1252
1268
1185
1273
1403
1301
1356
1288
859
1231
1352
1190
1061
1198
1643
1221
1273
1226
1250
1286
1340
1233
1453
1284
1335
1231
845
1294
1325
1217
1031
1231
1577
1254
1203
1229
1226
1286
1377
1249
1495
1300
1421
1249
1003
1317
1269
1220
1212
1308
1722
1240
1399
1201
1348
1285
1487
1261
1529
1289
1345
1214
1219
1257
1075
1222
1051
1275
1572
1209
1203
1163
1501
1234
1325
1222
1433
1286
1340
1202
1273
1321
1048
1272
1330
1341
1298
1256
1316
1236
1311
1323
1397
1317
1501
1324
1021
1248
1357
1328
1039
1227
1180
1323
1218
1216
1234
1215
1587
1270
1256
1318
1375
1332
946
1245
1303
1361
993
1307
1117
1371
1232
1279
1201
1263
1360
1304
1359
1349
1417
1344
886
1279
1336
1351
978
1243
1526
1336
1217
1263
1250
1217
1525
1288
1407
1340
1359
1344
875
1278
1322
1274
1012
1258
1501
1355
1197
1245
1169
1329
1313
1281
1419
1331
1372
1335
874
1322
1337
1269
1014
1251
1595
1291
1219
1227
1252
1283
1319
1284
1465
1338
1348
1306
860
1349
1264
1260
1007
1254
1528
1271
1180
1238
1169
1332
1295
1287
1393
1323
1308
1298
875
1328
1186
1270
1046
1318
1496
1260
1252
1230
1189
1313
1338
1306
1434
1350
1313
1287
1157
1373
1132
1315
990
1359
1395
1276
1171
1224
1330
1330
1315
1283
1404
1321
1317
1229
1280
1327
1033
1248
1315
1320
1287
1219
1270
1227
1258
1297
1358
1277
1470
1315
940
1205
1333
1346
973
1241
1214
1323
1220
1239
1216
1224
1548
1238
1297
1285
1423
1297
951
1194
1361
1317
1039
1232
1158
1316
1246
1238
1262
1231
1604
1253
1431
1228
1475
1303
945
1247
1420
1310
1067
1210
1569
1294
1293
1202
1278
1204
1604
1236
1491
1291
1454
1299
920
1269
1388
1278
1056
1275
1537
1354
1255
1216
1281
1222
1405
1265
1478
1302
1456
1297
965
1281
1385
1198
1075
1196
1627
1233
1290
1219
1305
1292
1374
1282
1564
1343
1455
1301
956
1338
1431
1314
1113
1249
1630
1271
1307
1248
1249
1318
1335
1261
1518
1303
1418
1231
930
1297
1242
1188
1104
1294
1540
1225
1226
1248
1316
1306
1456
1292
1573
1342
1457
1260
1407
1363
1290
1286
1171
1287
1591
1270
1352
1244
1418
1324
1443
1294
1491
1328
1381
1248
1313
1334
985
1237
1269
1340
1207
1211
1232
1222
1198
1321
1276
1322
1434
1349
936
1255
1333
1369
1029
1287
1238
1363
1216
1244
1235
1221
1596
1294
1328
1353
1406
1359
975
1268
1340
1381
1024
1307
1075
1371
1205
1262
1248
1241
1442
1268
1332
1326
1385
1341
835
1333
1313
1360
921
1266
1448
1367
1167
1282
1166
1263
1528
1325
1403
1337
1372
1384
865
1396
1281
1389
960
1311
1465
1392
1180
1287
1206
1247
1410
1313
1403
1363
1371
1282
865
1368
1351
1290
960
1278
1559
1318
1205
1252
1253
1225
1501
1302
1501
1361
1416
1282
927
1370
1352
1314
1024
1290
1518
1322
1175
1279
1194
1331
1334
1292
1417
1335
1317
1298
956
1322
1163
1227
988
1290
1451
1225
1154
1227
1205
1262
1185
1268
1437
1310
1310
1217
1231
1329
1139
1248
1036
1335
1428
1281
1154
1250
1369
1315
1297
1300
1364
1347
1295
1279
1237
1332
982
1265
1038
1313
1353
1210
1178
1209
1537
1264
1289
1288
1415
1312
967
1246
1342
1322
1050
1265
1213
1311
1226
1198
1206
1179
1574
1262
1289
1284
1394
1306
960
1245
1283
1322
915
1226
1035
1327
1126
1223
1146
1227
1501
1266
1227
1292
1300
1300
812
1275
1254
1316
929
1241
1412
1307
1150
1208
1151
1224
1528
1233
1419
1296
1384
1308
914
1320
1368
1288
1001
1236
1515
1338
1204
1231
1221
1303
1343
1258
1421
1311
1336
1234
848
1313
1298
1257
918
1199
1500
1253
1151
1187
1206
1233
1231
1265
1446
1300
1364
1233
889
1306
1337
1215
1050
1265
1576
1267
1223
1256
1240
1286
1388
1264
1463
1321
1370
1297
1064
1328
1169
1269
1056
1314
1484
1232
1225
1222
1186
1314
1245
1273
1448
1312
1314
1215
1249
1334
1159
1233
1090
1293
1433
1198
1249
1224
1309
1266
1287
1284
1430
1323
1320
1242
1257
1363
970
1244
1078
1321
1390
1238
1217
1218
1596
1228
1288
1273
1434
1321
976
1257
1351
1339
1011
1242
1217
1322
1197
1211
1215
1242
1534
1267
1248
1324
1379
1316
934
1283
1301
1366
974
1312
1110
1366
1219
1248
1283
1263
1640
1274
1369
1314
1437
1324
928
1324
1385
1334
994
1232
1485
1339
1231
1238
1168
1224
1557
1270
1403
1299
1385
1275
854
1285
1350
1223
1039
1254
1522
1325
1260
1205
1292
1219
1381
1249
1465
1298
1427
1233
976
1314
1379
1268
1058
1202
1585
1291
1249
1219
1277
1205
1387
1286
1492
1327
1390
1280
882
1332
1346
1254
1002
1257
1570
1259
1203
1250
1220
1255
1325
1271
1408
1328
1305
1265
809
1322
1271
1334
1365
1316
1250
1265
1094
1243
1139
1250
1050
1208
912
1300
1265
1325
1230
1330
1280
1324
1233
1300
1291
1324
1352
1297
1176
1270
1027
1234
916
1266
773
1234
1205
1345
1311
1344
1409
1307
1507
1291
1396
1262
1388
1258
1292
1196
963
1187
910
1221
869
1227
975
1310
1500
1328
1562
1323
1580
1311
1373
1269
1221
1269
1091
1278
849
1227
854
1258
894
1238
1026
1252
1549
1335
1622
1334
1529
1314
1371
1289
1057
1285
985
1282
934
1253
911
1259
990
1255
1062
1267
1106
1318
1521
1313
1391
1314
1239
1321
1027
1296
1020
1301
1118
1336
1083
1242
1159
1261
1191
1235
1119
1217
1401
1290
1296
1313
1201
1308
1196
1295
1107
1276
1210
1268
1251
1248
1150
1196
1063
1219
899
1204
824
1282
1258
1313
1294
1320
1402
1307
1357
1265
1426
1252
1435
1240
1168
1194
1052
1231
878
1224
848
1184
1302
1325
1399
1307
1506
1314
1549
1262
1400
1215
1291
1225
1128
1222
881
1176
863
1200
900
1189
1047
1287
1613
1287
1616
1287
1611
1272
1329
1239
1159
1252
1028
1264
827
1257
882
1240
1047
1257
1142
1198
1639
1311
1643
1300
1517
1280
1342
1255
1064
1271
1061
1266
1060
1205
1073
1243
1144
1212
1220
1233
1157
1302
1491
1311
1328
1309
1215
1312
1059
1279
1132
1278
1262
1282
1195
1208
1273
1231
1211
1190
1089
1200
1363
1283
1306
1303
1292
1309
1350
1291
1292
1281
1384
1276
1431
1264
1174
1252
1007
1204
919
1255
781
1318
1287
1328
1387
1313
1493
1311
1423
1253
1418
1242
1351
1237
1009
1191
891
1239
798
1225
844
1237
1328
1335
1481
1326
1546
1314
1496
1277
1264
1260
1126
1253
1016
1216
778
1199
831
1218
933
1216
1112
1272
1642
1294
1607
1297
1516
1284
1206
1259
1019
1284
967
1296
827
1272
915
1243
1070
1258
1122
1214
1555
1291
1509
1281
1338
1291
1183
1259
1006
1252
1050
1256
1122
1204
1127
1224
1148
1177
1159
1186
1021
1271
1263
1325
1166
1318
1084
1319
1046
1274
1063
1260
1249
1220
1148
1185
1127
1148
1016
1161
864
1167
1087
1248
1192
1242
1246
1228
1347
1224
1303
1189
1374
1176
1339
1147
1049
1134
851
1176
693
1189
658
1178
1155
1295
1302
1254
1418
1230
1434
1207
1266
1174
1135
1178
854
1142
643
1236
654
1238
749
1283
1175
1400
1564
1392
1681
1356
1700
1314
1445
1258
1326
1263
1216
1248
1021
1303
1028
1329
1106
1385
1290
1378
1867
1457
1898
1400
1813
1324
1653
1249
1363
1203
1265
1231
1084
1272
959
1352
935
1372
1025
1423
1041
1484
1476
1409
1465
1312
1438
1208
1271
1113
1272
1084
1260
1167
1067
1225
991
1298
976
1391
926
1349
1395
1405
1499
1293
1591
1170
1660
1047
1518
958
1467
1032
1334
1108
1046
1157
930
1279
876
1269
963
1300
1552
1211
1684
1086
1739
984
1553
885
1374
947
1160
1053
746
1177
638
1324
625
1361
774
1338
1295
1358
1532
1246
1585
1132
1495
976
1131
1036
915
1102
757
1224
496
1316
616
1437
769
1425
972
1467
1557
1427
1581
1286
1469
1205
1167
1140
958
1186
852
1289
642
1383
711
1476
808
1497
1001
1489
1455
1510
1606
1406
1559
1271
1462
1175
1202
1129
1155
1179
1144
1251
974
1371
1070
1490
1117
1490
1152
1409
1639
1422
1666
1297
1643
1166
1581
1070
1364
1076
1297
1159
1138
1225
1031
1345
1031
1450
1071
1411
1198
1435
1745
1316
1764
1190
1683
1116
1382
1054
1191
1121
991
1224
673
1373
664
1397
831
1422
1021
1349
1708
1370
1863
1222
1806
1126
1611
1066
1153
1094
861
1190
710
1318
578
1432
736
1445
1046
1433
1283
1417
1920
1305
1884
1180
1632
1114
1176
1087
878
1144
745
1246
629
1322
799
1395
1038
1392
1314
1372
1813
1373
1874
1264
1684
1178
1427
1150
1060
1159
960
1217
1000
1279
968
1391
1170
1411
1343
1362
1456
1293
1913
1296
1807
1180
1638
1090
1427
1026
1125
1059
1132
1162
1046
1225
1023
1348
1046
1387
1114
1389
1175
1385
1581
1282
1516
1168
1398
1097
1125
1057
1032
1125
966
1266
765
1342
791
1400
989
1444
1109
1357
1639
1371
1705
1254
1613
1163
1447
1107
1103
1122
945
1223
874
1321
710
1398
895
1453
1098
1407
1258
1299
1810
1290
1779
1177
1614
1104
1249
1061
1005
1124
945
1242
856
1315
956
1442
1166
1426
1408
1399
1725
1414
1892
1299
1732
1197
1497
1154
1142
1119
1054
1182
1090
1272
1016
1367
1256
1429
1396
1401
1476
1362
1904
1351
1795
1234
1561
1114
1351
1061
1075
1082
1060
1177
1100
1224
1055
1307
1241
1381
1304
1302
1329
1320
1709
1225
1577
1114
1386
1052
1084
1005
976
1084
976
1195
874
1287
966
1368
1075
1406
1158
1387
1572
1364
1591
1245
1425
1160
1249
1092
923
1092
854
1157
864
1246
807
1330
964
1361
1202
1382
1357
1250
1813
1278
1713
1202
1503
1113
1215
1102
928
1170
890
1291
942
1361
1023
1421
1238
1451
1388
1420
1507
1407
1871
1340
1652
1216
1380
1184
1052
1186
911
1275
975
1399
986
1467
1203
1506
1379
1467
1505
1419
1850
1410
1736
1310
1496
1234
1267
1198
990
1221
1007
1277
1140
1344
1204
1418
1338
1424
1489
1393
1502
1280
1834
1300
1648
1211
1426
1153
1235
1138
1042
1199
1089
1288
1159
1312
1165
1404
1293
1360
1372
1340
1357
1302
1669
1200
1492
1117
1324
1093
1063
1071
1042
1171
1114
1276
1086
1339
1198
1373
1330
1348
1358
1253
1666
1264
1581
1171
1398
1110
1250
1100
991
1151
1021
1257
1064
1238
1043
1349
1127
1354
1243
1344
1202
1285
1557
1215
1426
1143
1255
1104
1056
1109
908
1190
903
1305
986
1364
1000
1388
1096
1345
1157
1295
1123
1259
1468
1169
1329
1106
1182
1109
948
1135
924
1239
987
1335
923
1366
1065
1412
1192
1350
1200
1266
1552
1255
1523
1210
1342
1163
1193
1173
930
1227
960
1317
1070
1392
1072
1416
1200
1386
1320
1343
1357
1222
1749
1225
1586
1153
1399
1143
1186
1164
991
1251
1028
1357
1175
1417
1179
1436
1361
1391
1409
1267
1348
1259
1608
1142
1381
1096
1151
1117
868
1152
830
1263
969
1371
1031
1426
1226
1369
1364
1355
1337
1251
1493
1221
1473
1152
1266
1130
1109
1193
939
1262
1067
1378
1268
1445
1301
1471
1471
1381
1526
1301
1407
1165
1651
1177
1436
1141
1232
1159
1135
1205
1011
1306
1159
1414
1363
1435
1373
1403
1452
1314
1395
1167
1241
1131
1536
1089
1331
1083
1180
1126
1016
1193
1031
1299
1173
1386
1270
1378
1341
1370
1363
1267
1327
1205
1218
1177
1383
1156
1184
1162
1044
1216
861
1274
943
1357
1138
1409
1162
1392
1271
1347
1337
1247
1244
1124
1445
1139
1304
1109
1144
1134
1086
1197
979
1281
1148
1372
1362
1397
1364
1396
1392
1309
1340
1250
1184
1127
1404
1157
1199
1113
1071
1187
1053
1265
1039
1351
1253
1435
1504
1459
1400
1388
1412
1317
1306
1231
1142
1180
1407
1158
1276
1159
1246
1222
1182
1311
1296
1394
1507
1457
1518
1448
1482
1348
1433
1245
1348
1136
1326
1167
1457
1139
1350
1179
1342
1274
1206
1340
1317
1441
1444
1453
1336
1395
1336
1322
1311
1232
1158
1102
1415
1123
1296
1117
1243
1165
1237
1238
1152
1306
1300
1380
1445
1378
1358
1307
1344
1275
1219
1166
1108
1091
1387
1140
1277
1154
1215
1222
1218
1277
1178
1366
1357
1412
1475
1424
1323
1345
1257
1247
1176
1200
1002
1159
1340
1136
1280
1178
1278
1242
1258
1325
1340
1432
1471
1492
1456
1449
1346
1413
1239
1260
1158
1173
1060
1179
1369
1154
1346
1202
1349
1287
1254
1368
1333
1473
1391
1511
1250
1446
1205
1327
1145
1239
1014
1153
1358
1185
1379
1191
1383
1274
1388
1366
1283
1461
1347
1525
1398
1526
1248
1398
1239
1327
1193
1175
1176
1121
1535
1168
1436
1219
1438
1319
1425
1402
1297
1497
1349
1533
1422
1494
1301
1399
1313
1282
1235
1144
1125
1141
1513
1185
1408
1240
1342
1344
1290
1405
1262
1482
1375
1499
1485
1451
1365
1323
1390
1253
1280
1112
1175
1164
1469
1180
1374
1241
1346
1331
1202
1399
1343
1444
1447
1467
1462
1387
1366
1278
1312
1187
1156
1059
1219
1091
1329
1150
1263
1229
1264
1333
1188
1407
1298
1459
1415
1453
1274
1354
1267
1204
1183
1129
1014
1023
1295
1107
1261
1153
1232
1249
1270
1355
1208
1416
1328
1452
1404
1414
1307
1318
1251
1169
1181
1117
1019
1026
1332
1141
1267
1225
1258
1324
1320
1426
1273
1454
1385
1452
1484
1383
1296
1246
1191
1165
1086
1108
945
1082
1261
1173
1203
1234
1245
1343
1332
1408
1330
1476
1454
1482
1522
1407
1289
1295
1162
1197
1038
1160
909
1185
1249
1194
1241
1300
1331
1391
1375
1469
1462
1516
1528
1505
1553
1365
1263
1301
1143
1167
1012
1078
935
1157
1302
1200
1391
1295
1498
1408
1465
1452
1523
1487
1543
1450
1362
1308
1184
1209
1059
1074
1002
1014
1217
1146
1384
1197
1449
1316
1526
1421
1434
1467
1455
1506
1447
1438
1202
1318
1151
1196
1034
1063
1002
1073
1367
1149
1407
1229
1447
1334
1486
1426
1373
1448
1404
1445
1368
1384
1214
1219
1134
1145
995
1031
940
1034
1325
1129
1371
1219
1369
1334
1422
1420
1303
1466
1354
1459
1376
1403
1136
1237
1044
1153
955
1059
890
1046
1336
1149
1316
1248
1384
1387
1430
1471
1325
1519
1347
1507
1324
1383
1095
1263
994
1132
907
1012
853
1089
1327
1158
1370
1312
1432
1444
1472
1521
1357
1542
1385
1484
1370
1306
1152
1158
1069
1045
1050
1012
982
1104
1408
1212
1425
1357
1459
1484
1418
1517
1356
1513
1386
1422
1376
1240
1144
1137
1114
1014
1047
951
1097
1108
1400
1228
1428
1374
1458
1473
1393
1504
1394
1477
1434
1396
1268
1228
1213
1066
1102
1006
967
988
1245
1114
1316
1226
1347
1381
1409
1482
1331
1526
1366
1470
1384
1361
1226
1160
1073
1029
1003
987
901
964
1321
1116
1365
1269
1419
1427
1507
1543
1427
1545
1425
1483
1396
1348
1185
1156
1076
1024
963
919
961
955
1379
1175
1411
1348
1480
1527
1523
1634
1400
1587
1389
1497
1370
1330
1119
1138
1030
981
996
958
951
987
1351
1242
1316
1403
1422
1559
1477
1630
1355
1548
1389
1423
1378
1243
1165
1048
1101
960
975
936
930
1010
1334
1256
1362
1445
1429
1547
1502
1604
1396
1526
1385
1395
1374
1190
1131
1061
1039
947
933
958
863
1146
1345
1298
1399
1462
1489
1539
1538
1626
1389
1542
1381
1387
1306
1166
1037
1046
957
980
904
967
882
1185
1275
1337
1465
1561
1532
1651
1542
1646
1417
1519
1384
1334
1325
1118
1094
987
1034
940
976
952
979
1169
1367
1375
1479
1561
1573
1648
1575
1599
1395
1411
1372
1256
1303
1020
1047
900
933
880
924
1009
915
1240
1294
1417
1429
1591
1483
1632
1509
1559
1336
1399
1290
1200
1204
973
945
898
804
896
799
1048
869
1285
1227
1465
1370
1599
1449
1624
1461
1511
1277
1334
1234
1137
1036
958
822
873
804
901
809
1014
1169
1275
1290
1496
1447
1627
1475
1629
1418
1510
1216
1314
1140
1126
1021
920
843
857
833
930
839
1099
1226
1368
1344
1548
1457
1665
1445
1638
1390
1473
1175
1258
1117
1026
968
900
870
834
894
951
885
1109
1293
1391
1369
1570
1379
1687
1376
1602
1370
1424
1179
1188
1152
1027
1026
915
942
924
932
991
1002
1205
1398
1481
1450
1624
1516
1667
1524
1597
1504
1372
1311
1175
1256
1005
1097
865
1003
895
1013
1026
1010
1230
1425
1464
1482
1621
1568
1656
1565
1540
1493
1336
1278
1129
1152
985
992
842
966
892
995
1074
1022
1263
1475
1519
1440
1644
1545
1627
1483
1520
1423
1300
1205
1087
1138
945
981
813
986
874
1035
1081
1043
1292
1418
1539
1457
1654
1483
1624
1436
1473
1332
1238
1170
1037
1138
901
989
816
1002
929
1040
1112
1058
1346
1290
1579
1410
1663
1430
1607
1406
1437
1364
1205
1137
990
1156
882
1014
864
989
958
995
1130
1065
1377
1365
1596
1317
1660
1427
1571
1449
1385
1411
1162
1222
959
1204
875
1045
846
1058
960
1083
1212
1060
1431
1264
1626
1363
1657
1431
1562
1391
1375
1334
1162
1147
965
1140
885
1057
858
1034
996
1006
1239
1063
1446
1159
1629
1315
1662
1340
1517
1307
1317
1283
1104
1115
927
1149
864
1112
844
1052
1099
1033
1283
1045
1499
1208
1639
1260
1618
1338
1476
1315
1270
1327
1068
1203
915
1238
877
1246
901
1070
1113
1077
1361
1017
1512
1156
1644
1208
1577
1327
1449
1311
1245
1329
1071
1216
893
1249
920
1272
987
1057
1155
1083
1392
1004
1535
1150
1631
1233
1577
1301
1425
1322
1227
1337
1031
1242
915
1232
901
1260
987
1055
1126
1049
1359
1043
1530
1059
1577
1195
1512
1287
1357
1284
1150
1287
990
1270
853
1229
889
1254
973
1063
1234
1073
1445
1012
1558
1058
1632
1107
1540
1175
1373
1217
1167
1287
1005
1334
908
1222
943
1302
1093
1126
1290
1061
1464
997
1609
961
1605
1087
1494
1203
1319
1289
1135
1369
999
1445
920
1338
1012
1334
1159
1148
1290
1063
1476
949
1564
1138
1567
1110
1436
1222
1274
1319
1125
1438
1001
1493
967
1365
995
1333
1154
1053
1309
1035
1476
907
1528
1053
1500
1076
1413
1204
1248
1259
1101
1413
976
1473
939
1322
976
1301
1127
1090
1271
997
1427
923
1528
982
1501
1048
1406
1200
1231
1341
1077
1458
971
1506
950
1380
1012
1330
1174
1134
1354
1018
1496
886
1541
951
1502
1059
1363
1208
1161
1426
1025
1537
926
1626
940
1448
1017
1343
1198
1188
1353
920
1475
861
1513
888
1432
936
1335
1143
1187
1354
1052
1542
977
1562
991
1436
1092
1253
1234
1131
1349
866
1509
810
1500
852
1484
1012
1325
1180
1210
1503
1063
1612
997
1604
1022
1503
1083
1254
1237
1123
1361
861
1446
837
1487
871
1380
1037
1282
1284
1154
1457
1038
1585
972
1591
1002
1484
1101
1192
1260
1089
1418
833
1509
795
1525
858
1433
1159
1289
1269
1176
1484
1028
1619
1026
1575
1067
1511
1158
1250
1299
1096
1481
898
1470
903
1490
940
1385
1043
1279
1339
1101
1556
1053
1596
1046
1601
1092
1490
1199
1253
1304
1091
1429
925
1439
899
1456
910
1381
1143
1266
1338
1149
1504
1067
1580
1058
1572
1104
1455
1205
1286
1305
1108
1413
947
1453
974
1438
1048
1378
1143
1266
1330
1157
1488
1068
1618
1048
1599
1105
1463
1199
1308
1300
1104
1405
1061
1437
962
1455
945
1366
1159
1246
1271
1139
1440
1060
1494
1041
1415
1087
1350
1206
1178
1310
1016
1388
1018
1441
903
1405
998
1305
1189
1182
1230
1107
1375
1049
1461
1053
1364
1119
1293
1206
1195
1308
1059
1385
1035
1435
966
1387
1069
1301
1150
1238
1324
1130
1373
1090
1268
1118
1354
1136
1298
1247
1211
1332
1138
1393
1079
1431
1096
1415
1181
1336
1259
1233
1355
1148
1381
1126
1350
1102
1324
1139
1325
1220
1248
1306
1226
1363
1198
1411
1253
1402
1222
1335
1276
1216
1255
1164
1325
1106
1241
1088
1268
1142
1184
1225
1204
1310
1208
1358
1185
1430
1231
1402
1228
1325
1235
1238
1233
1134
1163
1096
1286
1104
1215
1175
1200
1226
1210
1333
1262
1381
1283
1404
1294
1388
1222
1315
1240
1231
1210
1153
1206
1115
1136
1138
1113
1191
1135
1233
1204
1308
1305
1358
1327
1371
1314
1364
1252
1289
1215
1250
1172
1180
1062
1156
1067
1143
1085
1171
1185
1239
1248
1285
1347
1355
1409
1385
1400
1374
1401
1310
1283
1261
1204
1197
1100
1112
1169
1141
1045
1176
1133
1222
1271
1286
1368
1334
1401
1372
1492
1357
1354
1300
1231
1232
1104
1177
984
1130
980
1139
977
1166
1105
1216
1251
1272
1416
1302
1471
1334
1528
1346
1406
1300
1286
1241
1152
1170
1014
1151
930
1183
973
1194
1130
1240
1309
1279
1377
1306
1588
1353
1551
1340
1462
1309
1325
1236
1158
1231
944
1230
934
1217
1000
1224
1065
1251
1291
1268
1463
1317
1576
1338
1591
1349
1477
1303
1332
1312
1128
1256
963
1228
903
1220
921
1213
1163
1237
1268
1267
1449
1248
1550
1304
1559
1313
1462
1305
1265
1273
1098
1233
983
1204
891
1196
931
1214
1023
1233
1274
1249
1403
1275
1528
1280
1583
1275
1491
1255
1355
1248
1151
1224
986
1210
889
1223
1068
1199
970
1265
1167
1232
1400
1252
1541
1256
1557
1256
1509
1255
1338
1272
1157
1268
984
1264
925
1255
854
1300
973
1218
1134
1243
1354
1227
1453
1248
1481
1268
1481
1267
1350
1284
1174
1284
1036
1293
928
1295
943
1254
941
1274
1171
1254
1279
1243
1398
1247
1465
1262
1482
1277
1384
1285
1261
1304
1106
1315
1189
1306
935
1324
1014
1302
1171
1261
1304
1231
1442
1229
1475
1242
1563
1245
1441
1273
1349
1287
1209
1324
1105
1321
1055
1310
1047
1289
1163
1244
1289
1218
1444
1187
1524
1194
1528
1213
1479
1255
1290
1312
1275
1326
1194
1337
1055
1362
1089
1297
1135
1259
1279
1190
1383
1168
1493
1165
1530
1181
1503
1244
1384
1294
1344
1340
1221
1342
1106
1338
1090
1294
1140
1246
1228
1197
1337
1171
1395
1158
1483
1201
1507
1232
1414
1296
1311
1340
1210
1394
1098
1372
1071
1339
1085
1265
1145
1225
1254
1168
1370
1143
1456
1168
1444
1203
1495
1298
1383
1350
1229
1417
1106
1433
1072
1404
1090
1313
1080
1233
1264
1181
1473
1117
1504
1162
1479
1219
1459
1289
1385
1378
1204
1428
1128
1458
1091
1416
1066
1337
1139
1246
1239
1172
1311
1144
1480
1133
1410
1192
1418
1275
1344
1347
1233
1449
1140
1458
1086
1422
1073
1374
1141
1261
1193
1172
1232
1124
1205
1129
1362
1167
1342
1199
1304
1323
1224
1410
1147
1467
1079
1449
1112
1381
1120
1278
1209
1161
1305
1099
1300
1099
1332
1132
1303
1208
1294
1310
1242
1415
1185
1474
1149
1480
1129
1420
1166
1310
1172
1215
1203
1120
1328
1095
1285
1121
1276
1192
1200
1304
1182
1387
1180
1475
1155
1473
1176
1413
1183
1322
1250
1205
1282
1120
1296
1046
1267
1103
1238
1166
1234
1273
1178
1380
1177
1451
1209
1493
1144
1451
1288
1352
1267
1247
1281
1158
1247
1098
1231
1093
1192
1146
1174
1218
1170
1335
1235
1429
1180
1478
1235
1474
1276
1344
1243
1283
1215
1179
1212
1096
1209
1059
1177
1090
1159
1174
1165
1297
1110
1435
1230
1488
1241
1480
1272
1416
1279
1296
1252
1186
1200
1100
1200
1064
1162
1084
1170
1165
1088
1318
1100
1403
1238
1472
1294
1487
1316
1425
1350
1335
1316
1262
1277
1159
1217
1111
1214
1109
1165
1209
1161
1275
1259
1374
1297
1461
1342
1485
1346
1462
1376
1390
1340
1288
1228
1191
1229
1136
1313
1107
1208
1147
1166
1205
1261
1313
1305
1404
1318
1452
1325
1466
1310
1382
1275
1289
1235
1182
1277
1099
1142
1063
1213
1067
1178
1137
1192
1248
1232
1339
1284
1419
1233
1438
1210
1387
1180
1303
1207
1193
1157
1143
1192
1072
1172
1074
1183
1141
1185
1181
1224
1347
1187
1416
1189
1444
1176
1416
1119
1354
1150
1241
1255
1160
1199
1103
1162
1090
1192
1134
1214
1189
1211
1284
1227
1370
1226
1409
1152
1440
1202
1377
1158
1309
1171
1216
1188
1154
1229
1121
1243
1130
1317
1187
1351
1267
1299
1339
1225
1425
1252
1448
1159
1416
1127
1348
1139
1255
1215
1172
1309
1114
1352
1112
1360
1151
1379
1245
1285
1331
1213
1408
1159
1429
1112
1407
1081
1353
1116
1278
1199
1203
1298
1158
1339
1142
1374
1159
1372
1208
1302
1281
1221
1357
1187
1375
1087
1401
1024
1390
1060
1306
1114
1261
1232
1191
1303
1153
1403
1129
1389
1170
1273
1235
1239
1285
1129
1357
1054
1387
1008
1352
1044
1341
1082
1283
1184
1213
1336
1160
1429
1120
1447
1121
1454
1186
1309
1264
1175
1344
1021
1373
974
1398
951
1370
1032
1333
1166
1241
1281
1174
1364
1142
1493
1140
1519
1170
1361
1255
1208
1311
1074
1364
968
1390
945
1370
1019
1323
1043
1256
1279
1194
1430
1146
1516
1137
1462
1144
1397
1165
1262
1250
1101
1303
998
1343
968
1359
964
1342
936
1273
1105
1211
1281
1169
1389
1115
1454
1111
1438
1147
1343
1190
1184
1281
1054
1331
946
1385
793
1365
968
1308
1010
1235
1155
1162
1304
1091
1420
1102
1442
1093
1397
1194
1263
1275
1110
1350
905
1379
894
1372
859
1341
919
1269
1046
1223
1212
1146
1355
1143
1450
1161
1472
1202
1339
1297
1284
1322
1160
1351
959
1382
877
1382
882
1330
978
1261
1128
1208
1310
1170
1456
1165
1536
1194
1501
1227
1471
1288
1270
1347
1073
1384
912
1374
813
1344
883
1278
1024
1201
1220
1152
1434
1166
1544
1145
1582
1209
1611
1260
1415
1321
1229
1356
984
1361
806
1331
775
1266
981
1175
1037
1166
1310
1120
1526
1120
1634
1168
1597
1226
1492
1257
1295
1320
1013
1364
809
1330
687
1281
714
1253
903
1193
1185
1157
1404
1163
1593
1197
1683
1224
1636
1275
1448
1313
1196
1342
948
1353
732
1343
722
1307
871
1259
1050
1214
1315
1181
1585
1165
1782
1190
1785
1229
1670
1274
1428
1308
1131
1332
797
1323
750
1285
771
1240
913
1193
1206
1142
1523
1135
1765
1162
1883
1207
1822
1251
1599
1314
1261
1310
975
1315
698
1283
695
1275
829
1251
1064
1215
1365
1180
1654
1180
1900
1188
1820
1220
1664
1246
1423
1269
1078
1310
835
1304
718
1277
766
1285
922
1243
1215
1202
1560
1166
1718
1146
1912
1156
1807
1181
1591
1227
1280
1280
986
1327
805
1335
716
1292
830
1273
1070
1221
1305
1153
1652
1150
1819
1160
1846
1196
1675
1248
1397
1300
1107
1353
830
1368
713
1365
687
1336
862
1295
1102
1231
1475
1185
1708
1178
1790
1182
1706
1217
1519
1278
1218
1325
965
1365
786
1389
672
1373
864
1349
999
1306
1278
1221
1507
1159
1672
1125
1713
1159
1576
1213
1344
1283
1112
1346
906
1429
778
1404
808
1381
912
1328
1077
1230
1309
1163
1540
1126
1673
1133
1673
1188
1507
1270
1251
1365
1033
1431
739
1463
724
1424
714
1362
857
1271
1089
1190
1275
1145
1507
1127
1594
1194
1453
1288
1318
1334
1067
1404
839
1447
711
1445
694
1378
798
1325
955
1253
1217
1175
1405
1150
1539
1164
1385
1212
1448
1287
1180
1351
998
1434
821
1435
735
1441
722
1367
841
1273
1053
1174
1258
1124
1351
1130
1534
1156
1506
1214
1301
1329
1102
1395
877
1435
727
1404
687
1346
769
1240
939
1143
1260
1087
1425
1059
1508
1127
1522
1179
1410
1274
1178
1345
974
1382
804
1374
762
1310
799
1251
924
1178
1096
1119
1356
1086
1488
1098
1571
1114
1505
1196
1361
1250
1141
1289
981
1327
831
1302
936
1256
975
1201
1066
1136
1284
1103
1459
1079
1570
1104
1549
1154
1458
1211
1317
1270
1137
1308
1003
1317
953
1275
1009
1190
1105
1154
1264
1126
1437
1096
1530
1110
1619
1149
1593
1214
1367
1306
1251
1294
1037
1290
1011
1269
974
1222
1086
1165
1224
1162
1364
1146
1501
1161
1588
1186
1561
1260
1433
1254
1421
1263
1206
1271
1054
1254
1051
1218
1072
1233
1124
1225
1260
1231
1400
1211
1478
1213
1494
1191
1412
1244
1388
1220
1301
1216
1200
1225
1099
1247
1076
1233
1098
1245
1189
1237
1267
1230
1385
1216
1463
1213
1575
1202
1491
1229
1436
1242
1309
1255
1210
1264
1127
1272
1078
1269
1076
1286
1179
1273
1376
1261
1457
1321
1514
1279
1510
1276
1516
1266
1434
1255
1274
1252
1197
1273
1062
1317
1048
1324
1052
1364
1199
1355
1287
1346
1448
1289
1544
1297
1566
1273
1516
1259
1426
1269
1271
1295
1120
1316
1028
1371
999
1404
1013
1403
1163
1365
1310
1333
1426
1347
1528
1275
1560
1266
1490
1264
1341
1300
1224
1319
991
1363
912
1379
937
1370
1024
1356
1160
1313
1337
1276
1498
1256
1583
1255
1545
1257
1509
1241
1285
1308
1040
1310
945
1352
873
1359
886
1353
1122
1337
1247
1291
1412
1255
1507
1207
1513
1229
1401
1244
1326
1285
1169
1317
1039
1348
956
1372
942
1368
1030
1345
1139
1298
1300
1249
1460
1212
1536
1204
1476
1216
1404
1259
1305
1283
1156
1341
1058
1354
995
1343
996
1310
1077
1257
1157
1230
1393
1179
1438
1183
1455
1194
1466
1247
1354
1297
1286
1306
1192
1327
1111
1307
1109
1291
1129
1256
1143
1214
1268
1194
1309
1190
1383
1196
1410
1209
1405
1263
1376
1285
1335
1303
1284
1322
1319
1298
1219
1330
1133
1246
1167
1211
1229
1180
1257
1154
1316
1174
1359
1228
1386
1264
1392
1308
1392
1311
1402
1358
1304
1313
1267
1271
1238
1230
1175
1193
1175
1169
1240
1190
1261
1226
1343
1271
1424
1311
1417
1370
1450
1325
1481
1314
1328
1325
1261
1253
1171
1208
1155
1204
1138
1214
1175
1218
1282
1255
1356
1320
1417
1315
1470
1331
1474
1338
1403
1332
1335
1297
1244
1286
1149
1259
1076
1242
1140
1224
1183
1228
1367
1263
1333
1304
1465
1332
1498
1370
1518
1340
1449
1362
1318
1359
1223
1293
1121
1253
1126
1231
1165
1219
1260
1244
1354
1289
1451
1333
1510
1362
1507
1374
1468
1362
1363
1344
1250
1313
1195
1294
1165
1274
1123
1212
1196
1274
1288
1292
1379
1316
1414
1339
1422
1360
1403
1372
1365
1367
1307
1361
1241
1316
1235
1309
1139
1282
1187
1257
1249
1263
1297
1264
1308
1295
1337
1324
1352
1362
1290
1382
1258
1375
1295
1354
1237
1323
1185
1287
1205
1214
1243
1251
1241
1256
1264
1285
1281
1319
1243
1348
1221
1378
1185
1367
1134
1336
1194
1322
1216
1283
1244
1282
1203
1273
1296
1264
1292
1271
1266
1272
1243
1293
1245
1303
1219
1326
1211
1322
1242
1304
1276
1311
1297
1300
1345
1277
1365
1265
1330
1241
1334
1251
1376
1255
1264
1283
1223
1308
1220
1329
1255
1337
1280
1317
1372
1311
1353
1290
1370
1257
1367
1242
1270
1257
1375
1253
1298
1271
1277
1300
1238
1321
1221
1326
1307
1314
1295
1316
1312
1284
1335
1261
1405
1250
1324
1265
1352
1254
1291
1268
1292
1320
1290
1292
1275
1302
1296
1303
1302
1304
1325
1293
1376
1292
1403
1266
1408
1263
1266
1275
1370
1242
1342
1248
1325
1264
1373
1277
1356
1302
1379
1304
1365
1301
1343
1293
1315
1273
1257
1259
1291
1233
1308
1234
1381
1246
1428
1262
1428
1301
1448
1298
1446
1304
1450
1289
1371
1270
1304
1260
1354
1246
1268
1246
1280
1235
1322
1259
1392
1273
1414
1295
1425
1300
1470
1297
1506
1312
1491
1261
1355
1310
1312
1292
1275
1300
1248
1297
1267
1285
1312
1283
1355
1286
1419
1302
1431
1308
1373
1353
1370
1327
1407
1332
1379
1320
1277
1297
1221
1288
1200
1266
1221
1276
1248
1278
1322
1298
1451
1319
1367
1343
1444
1340
1404
1339
1391
1310
1346
1304
1276
1299
1242
1291
1184
1296
1212
1310
1276
1329
1292
1338
1365
1354
1414
1338
1432
1349
1395
1337
1398
1310
1360
1323
1290
1315
1241
1323
1213
1331
1219
1338
1140
1332
1274
1335
1310
1347
1311
1342
1361
1325
1380
1330
1359
1309
1314
1303
1284
1304
1178
1337
1143
1299
1127
1317
1168
1336
1201
1341
1274
1365
1305
1365
1365
1335
1343
1324
1372
1298
1321
1291
1282
1290
1259
1308
1184
1331
1136
1354
1194
1337
1221
1361
1291
1338
1257
1318
1337
1307
1313
1287
1368
1271
1413
1280
1335
1363
1242
1333
1168
1344
1188
1345
1131
1349
1205
1330
1283
1324
1290
1330
1299
1285
1306
1285
1382
1265
1303
1293
1222
1253
1249
1293
1162
1307
1172
1324
1212
1325
1232
1327
1258
1316
1336
1286
1252
1271
1243
1252
1256
1200
1265
1239
1210
1271
1194
1288
1212
1308
1214
1318
1243
1328
1324
1299
1259
1288
1246
1273
1225
1242
1223
1224
1193
1221
1194
1235
1230
1261
1225
1283
1244
1305
1159
1328
1342
1312
1280
1305
1293
1297
1229
1278
1242
1257
1204
1262
1216
1249
1214
1264
1220
1233
1157
1312
1236
1298
1292
1314
1320
1324
1305
1308
1317
1295
1259
1266
1210
1256
1177
1243
1182
1238
1215
1238
1279
1257
1253
1263
1322
1286
1338
1272
1319
1294
1309
1283
1279
1278
1210
1259
1202
1245
1213
1244
1249
1250
1278
1258
1214
1257
1282
1282
1285
1286
1322
1266
1331
1283
1309
1276
1279
1275
1252
1293
1218
1273
1215
1269
1250
1264
1214
1257
1224
1255
1279
1226
1320
1263
1315
1264
1319
1282
1310
1291
1271
1292
1215
1284
1243
1283
1152
1265
1179
1266
1221
1265
1256
1281
1282
1264
1286
1269
1344
1266
1324
1315
1287
1272
1292
1281
1224
1296
1173
1301
1157
1294
1202
1292
1244
1279
1286
1264
1346
1249
1327
1241
1384
1240
1386
1248
1369
1303
1278
1290
1206
1326
1214
1323
1249
1314
1255
1291
1345
1277
1370
1265
1421
1242
1341
1265
1368
1252
1384
1272
1299
1293
1303
1318
1242
1321
1191
1338
1244
1317
1270
1295
1323
1272
1290
1269
1435
1266
1353
1269
1337
1272
1353
1285
1269
1314
1255
1314
1202
1324
1213
1315
1221
1305
1290
1279
1239
1250
1309
1249
1271
1261
1324
1254
1300
1260
1293
1258
1273
1293
1251
1305
1254
1311
1270
1297
1298
1307
1370
1281
1243
1270
1278
1259
1261
1253
1306
1260
1298
1266
1295
1286
1304
1272
1303
1315
1330
1333
1294
1297
1245
1305
1276
1274
1220
1277
1207
1267
1205
1282
1211
1288
1225
1295
1257
1299
1307
1329
1266
1305
1239
1310
1264
1288
1231
1291
1184
1272
1179
1297
1117
1293
1126
1278
1140
1277
1107
1275
1192
1289
1278
1273
1268
1304
1211
1317
1224
1290
1204
1309
1148
1291
1151
1281
1164
1267
1149
1248
1152
1258
1125
1274
1217
1286
1158
1297
1192
1310
1183
1338
1179
1306
1192
1290
1244
1272
1226
1268
1196
1249
1245
1240
1116
1252
1118
1254
1110
1252
1087
1303
1085
1299
1106
1301
1181
1294
1244
1274
1410
1260
1240
1257
1265
1238
1233
1225
1156
1209
1109
1248
1037
1264
989
1278
1007
1302
1019
1299
1159
1285
1221
1269
1397
1281
1376
1207
1337
1188
1292
1210
1153
1227
1059
1236
991
1268
919
1296
941
1284
1019
1283
1181
1257
1258
1236
1321
1174
1443
1204
1394
1205
1329
1227
1213
1238
1086
1255
970
1250
923
1288
981
1286
1021
1290
1142
1268
1276
1266
1352
1239
1384
1228
1395
1230
1325
1228
1232
1236
1187
1255
1074
1293
975
1298
987
1314
1031
1301
1134
1277
1226
1250
1357
1232
1360
1224
1372
1214
1286
1231
1286
1229
1179
1265
1116
1281
1077
1288
1045
1279
1131
1270
1162
1238
1202
1223
1246
1173
1303
1209
1324
1209
1295
1210
1275
1201
1254
1234
1226
1254
1200
1258
1187
1267
1158
1280
1150
1246
1153
1248
1193
1233
1197
1220
1221
1211
1267
1186
1277
1212
1287
1226
1348
1238
1289
1248
1277
1252
1165
1279
1140
1252
1128
1251
1093
1229
1114
1232
1118
1218
1207
1213
1284
1225
1329
1225
1382
1241
1302
1274
1284
1264
1266
1266
1211
1267
1142
1269
1006
1277
995
1257
1064
1253
1104
1235
1189
1225
1207
1256
1325
1233
1355
1241
1369
1246
1291
1263
1185
1265
1071
1280
998
1302
938
1278
949
1269
1061
1253
1150
1250
1236
1232
1358
1240
1395
1257
1409
1262
1316
1267
1231
1269
1096
1288
981
1267
847
1283
821
1263
994
1241
1090
1239
1229
1278
1326
1233
1408
1236
1421
1225
1361
1228
1271
1242
1148
1240
1038
1260
972
1255
934
1264
997
1259
1079
1236
1129
1246
1321
1241
1386
1237
1414
1238
1302
1257
1295
1241
1174
1246
1054
1234
999
1259
964
1266
1010
1263
1100
1267
1150
1267
1255
1271
1378
1260
1397
1268
1356
1243
1294
1217
1195
1223
1107
1211
1032
1228
1045
1246
1052
1259
1106
1276
1251
1270
1244
1316
1264
1266
1290
1242
1321
1224
1278
1206
1240
1200
1173
1215
1144
1207
1174
1232
1150
1242
1094
1257
1167
1232
1162
1283
1198
1275
1229
1251
1249
1228
1252
1208
1230
1198
1215
1190
1201
1197
1159
1220
1205
1228
1181
1251
1222
1263
1190
1274
1197
1264
1198
1246
1185
1229
1197
1207
1242
1195
1198
1178
1251
1185
1306
1192
1334
1222
1276
1234
1269
1265
1235
1271
1160
1271
1159
1266
1137
1249
1110
1233
1073
1200
1178
1204
1237
1199
1242
1195
1277
1199
1302
1223
1268
1238
1245
1255
1193
1280
1138
1278
1074
1285
1058
1278
1044
1263
1034
1247
1109
1245
1185
1221
1277
1207
1343
1223
1358
1262
1338
1256
1284
1288
1122
1309
1132
1299
1029
1285
1018
1248
1032
1253
1060
1229
1161
1212
1304
1198
1390
1207
1411
1196
1342
1266
1354
1260
1264
1266
1126
1259
1046
1306
964
1284
948
1267
1036
1246
1140
1220
1379
1206
1359
1208
1424
1220
1421
1230
1356
1258
1275
1281
1161
1295
962
1299
988
1286
982
1285
1032
1270
1088
1245
1305
1225
1326
1222
1397
1218
1371
1230
1317
1246
1226
1255
1146
1266
1044
1264
1036
1277
956
1287
1136
1255
1169
1254
1251
1231
1312
1235
1297
1211
1265
1215
1245
1222
1189
1222
1134
1236
1131
1247
1059
1275
1110
1279
1175
1267
1190
1267
1223
1250
1248
1232
1233
1220
1216
1203
1226
1201
1176
1213
1183
1222
1091
1215
1136
1266
1114
1279
1160
1275
1200
1265
1218
1240
1196
1231
1186
1204
1176
1194
1125
1229
1114
1200
1132
1216
1155
1227
1120
1248
1158
1254
1194
1227
1224
1242
1225
1224
1250
1208
1193
1184
1241
1174
1215
1170
1206
1183
1121
1209
1133
1199
1146
1257
1119
1267
1193
1259
1227
1245
1247
1218
1262
1204
1239
1201
1260
1215
1203
1199
1162
1198
1122
1239
1078
1250
1099
1266
1134
1271
1193
1240
1273
1230
1316
1214
1389
1206
1331
1203
1339
1196
1264
1205
1186
1201
1136
1219
1095
1250
1093
1243
1081
1225
1207
1221
1309
1217
1323
1205
1377
1196
1383
1209
1342
1206
1285
1206
1201
1211
1161
1254
1034
1228
1074
1231
1102
1241
1182
1235
1284
1221
1349
1246
1396
1236
1365
1238
1367
1236
1222
1268
1206
1227
1106
1242
1085
1245
1101
1236
1164
1220
1229
1242
1313
1243
1299
1245
1394
1256
1371
1265
1311
1268
1223
1260
1213
1254
1126
1249
1134
1242
1153
1242
1233
1244
1256
1244
1357
1255
1355
1248
1343
1272
1303
1272
1241
1256
1176
1254
1146
1215
1167
1241
1124
1232
1187
1242
1251
1257
1295
1241
1348
1268
1252
1282
1274
1279
1257
1269
1204
1232
1193
1264
1123
1260
1173
1252
1158
1252
1214
1257
1312
1259
1326
1261
1364
1272
1385
1242
1371
1284
1303
1280
1258
1270
1211
1264
1166
1250
1143
1252
1159
1235
1283
1248
1342
1270
1337
1281
1374
1295
1390
1297
1368
1299
1318
1295
1287
1267
1224
1266
1133
1258
1116
1253
1102
1252
1105
1236
1192
1256
1249
1259
1346
1269
1401
1287
1411
1279
1363
1280
1318
1268
1351
1216
1079
1246
1084
1257
1087
1244
1109
1235
1157
1236
1263
1249
1354
1259
1389
1260
1435
1274
1414
1278
1319
1295
1235
1263
1203
1250
1121
1248
1041
1238
1081
1213
1147
1238
1257
1245
1344
1262
1409
1296
1405
1304
1324
1279
1286
1289
1226
1276
1125
1266
1069
1248
1066
1259
1088
1254
1125
1252
1244
1260
1256
1290
1370
1274
1402
1276
1323
1284
1273
1276
1202
1288
1143
1271
1082
1267
1063
1266
1117
1264
1194
1304
1225
1248
1353
1271
1354
1279
1316
1282
1297
1242
1242
1271
1171
1264
1094
1254
1134
1240
1126
1262
1161
1269
1135
1287
1251
1280
1244
1286
1272
1280
1274
1277
1250
1265
1245
1246
1258
1237
1223
1218
1216
1245
1156
1254
1210
1263
1228
1277
1221
1272
1237
1286
1280
1271
1232
1280
1303
1272
1295
1256
1300
1251
1314
1244
1215
1245
1257
1255
1226
1242
1208
1279
1206
1284
1217
1300
1212
1290
1235
1282
1304
1275
1320
1258
1264
1237
1296
1209
1284
1237
1220
1243
1221
1239
1235
1252
1225
1257
1210
1274
1231
1273
1157
1315
1264
1289
1282
1275
1277
1268
1288
1256
1255
1257
1250
1260
1234
1243
1244
1247
1248
1259
1176
1298
1349
1283
1293
1282
1295
1294
1311
1279
1277
1284
1244
1302
1224
1285
1202
1277
1251
1259
1257
1259
1323
1248
1350
1259
1390
1276
1356
1285
1333
1287
1280
1296
1276
1305
1220
1291
1210
1281
1292
1277
1312
1248
1349
1261
1386
1257
1423
1261
1365
1259
1367
1253
1329
1282
1318
1276
1258
1298
1240
1324
1226
1313
1092
1302
1310
1296
1354
1287
1355
1275
1364
1270
1381
1287
1363
1270
1338
1267
1313
1281
1279
1291
1253
1305
1308
1300
1324
1306
1313
1293
1336
1293
1338
1280
1322
1267
1317
1255
1331
1250
1304
1257
1291
1242
1368
1271
1366
1266
1340
1300
1370
1280
1367
1300
1328
1290
1275
1268
1288
1260
1261
1244
1264
1215
1283
1239
1290
1261
1319
1279
1345
1296
1349
1316
1377
1323
1336
1317
1319
1301
1268
1244
1257
1263
1240
1247
1262
1241
1297
1249
1318
1258
1372
1292
1348
1286
1352
1318
1349
1324
1328
1311
1306
1296
1276
1275
1291
1257
1296
1257
1322
1238
1347
1283
1336
1292
1345
1319
1319
1335
1293
1333
1302
1331
1275
1312
1265
1310
1266
1266
1311
1283
1316
1284
1358
1309
1379
1312
1389
1315
1327
1332
1280
1332
1255
1336
1220
1336
1219
1305
1259
1289
1303
1279
1362
1276
1405
1277
1430
1267
1409
1297
1339
1285
1298
1310
1201
1318
1179
1303
1174
1293
1186
1283
1258
1276
1318
1304
1374
1287
1380
1292
1381
1295
1362
1295
1298
1292
1233
1291
1208
1294
1189
1285
1184
1278
1230
1275
1277
1288
1306
1290
1360
1305
1389
1299
1374
1284
1346
1286
1304
1280
1262
1277
1210
1248
1215
1269
1215
1280
1261
1279
1308
1294
1343
1330
1352
1309
1349
1304
1346
1277
1317
1286
1285
1273
1269
1276
1275
1288
1266
1292
1278
1305
1310
1310
1299
1320
1289
1307
1277
1303
1242
1296
1240
1284
1260
1274
1245
1276
1282
1292
1269
1296
1304
1309
1302
1316
1287
1312
1277
1314
1224
1314
1214
1286
1213
1273
1252
1267
1246
1264
1260
1272
1319
1287
1335
1300
1342
1317
1347
1317
1310
1316
1286
1302
1261
1293
1280
1282
1284
1269
1274
1256
1312
1266
1312
1249
1347
1300
1326
1315
1330
1319
1325
1315
1296
1307
1275
1297
1247
1267
1246
1270
1261
1261
1266
1263
1292
1277
1295
1279
1299
1300
1293
1314
1291
1288
1308
1312
1226
1300
1265
1307
1249
1294
1271
1276
1326
1286
1327
1286
1322
1295
1291
1271
1279
1306
1235
1299
1235
1293
1240
1274
1257
1276
1277
1283
1308
1284
1351
1295
1358
1300
1343
1318
1321
1302
1287
1293
1211
1286
1191
1255
1193
1271
1186
1276
1208
1279
1270
1286
1283
1294
1322
1294
1324
1306
1306
1301
1264
1300
1218
1306
1180
1282
1131
1274
1151
1264
1181
1265
1215
1275
1268
1293
1320
1315
1341
1322
1340
1322
1327
1309
1295
1295
1229
1271
1223
1253
1198
1239
1198
1239
1230
1267
1285
1289
1329
1310
1328
1334
1373
1330
1349
1321
1324
1295
1297
1278
1255
1293
1229
1269
1215
1276
1236
1292
1276
1338
1316
1330
1346
1334
1366
1336
1351
1323
1347
1274
1333
1271
1283
1249
1225
1258
1236
1247
1187
1257
1221
1262
1250
1275
1250
1289
1271
1293
1264
1277
1298
1260
1293
1242
1243
1211
1264
1210
1206
1212
1195
1226
1167
1251
1159
1272
1165
1303
1190
1302
1238
1314
1277
1297
1301
1272
1345
1249
1322
1228
1306
1222
1277
1235
1249
1247
1263
1278
1238
1285
1235
1299
1222
1274
1255
1300
1264
1283
1304
1265
1348
1255
1354
1256
1341
1262
1310
1247
1282
1272
1239
1283
1191
1289
1178
1296
1151
1293
1179
1295
1229
1290
1273
1286
1317
1297
1333
1297
1356
1293
1319
1296
1299
1284
1299
1283
1246
1280
1220
1288
1204
1259
1223
1299
1220
1305
1263
1300
1301
1298
1329
1292
1335
1293
1341
1281
1330
1295
1295
1276
1291
1269
1266
1266
1222
1263
1224
1260
1241
1261
1258
1255
1280
1270
1306
1275
1344
1281
1319
1279
1338
1265
1333
1258
1307
1249
1305
1251
1290
1272
1271
1271
1247
1285
1260
1293
1257
1304
1251
1298
1237
1297
1254
1309
1242
1282
1243
1276
1256
1282
1248
1295
1229
1294
1235
1301
1231
1311
1204
1295
1189
1291
1188
1275
1169
1325
1149
1272
1195
1268
1191
1275
1225
1273
1257
1291
1266
1316
1265
1296
1255
1295
1259
1286
1221
1282
1200
1265
1185
1260
1169
1260
1170
1259
1187
1260
1197
1279
1212
1284
1224
1292
1245
1303
1202
1305
1218
1290
1216
1276
1173
1256
1150
1240
1125
1228
1157
1228
1176
1243
1206
1259
1247
1288
1244
1305
1252
1310
1240
1298
1218
1286
1184
1272
1161
1250
1162
1246
1159
1246
1177
1266
1203
1269
1198
1281
1209
1291
1205
1289
1194
1292
1199
1293
1177
1265
1174
1263
1146
1236
1168
1264
1168
1272
1188
1275
1204
1275
1233
1269
1234
1266
1220
1255
1220
1264
1209
1263
1191
1265
1193
1261
1172
1267
1196
1277
1214
1272
1235
1263
1246
1288
1234
1278
1246
1271
1214
1256
1197
1241
1221
1232
1195
1227
1187
1228
1187
1212
1223
1264
1212
1285
1243
1285
1262
1287
1251
1273
1229
1260
1226
1234
1217
1231
1186
1222
1209
1232
1205
1237
1178
1248
1184
1262
1223
1270
1199
1248
1192
1256
1187
1214
1189
1237
1161
1238
1182
1233
1195
1236
1173
1232
1190
1238
1187
1251
1174
1239
1158
1241
1186
1241
1187
1248
1190
1246
1208
1263
1231
1269
1231
1269
1237
1260
1249
1260
1250
1271
1226
1263
1230
1264
1233
1272
1209
1272
1212
1273
1212
1271
1212
1275
1199
1279
1251
1273
1248
1296
1264
1271
1293
1281
1289
1305
1263
1277
1249
1283
1250
1266
1228
1260
1249
1255
1260
1269
1263
1281
1271
1285
1295
1286
1277
1286
1264
1278
1252
1244
1235
1256
1173
1255
1220
1245
1257
1251
1246
1261
1256
1280
1246
1254
1317
1244
1244
1238
1228
1229
1210
1222
1177
1214
1178
1229
1194
1244
1208
1247
1238
1254
1263
1249
1279
1246
1274
1230
1251
1181
1220
1214
1161
1216
1135
1233
1104
1246
1092
1259
1156
1269
1194
1274
1253
1278
1270
1253
1302
1243
1284
1259
1254
1249
1211
1250
1174
1240
1139
1255
1114
1252
1140
1273
1178
1284
1220
1284
1280
1295
1286
1283
1313
1275
1295
1267
1264
1253
1202
1257
1145
1259
1128
1269
1081
1277
1107
1281
1191
1275
1208
1276
1235
1267
1251
1224
1266
1251
1231
1254
1219
1253
1209
1272
1180
1279
1161
1298
1164
1283
1173
1296
1180
1279
1202
1254
1232
1246
1216
1235
1224
1246
1236
1285
1220
1276
1214
1301
1204
1306
1216
1307
1191
1292
1217
1278
1236
1254
1239
1229
1257
1226
1248
1236
1232
1246
1204
1263
1243
1262
1238
1256
1238
1259
1253
1261
1267
1256
1259
1243
1252
1233
1245
1229
1218
1226
1186
1231
1173
1237
1172
1247
1170
1247
1191
1250
1199
1250
1205
1250
1167
1245
1195
1233
1139
1238
1155
1226
1155
1240
1162
1268
1137
1263
1145
1289
1172
1270
1171
1259
1181
1239
1196
1234
1184
1230
1172
1219
1181
1223
1162
1237
1149
1257
1143
1247
1153
1269
1100
1266
1165
1238
1184
1218
1164
1244
1171
1207
1168
1209
1150
1218
1118
1240
1121
1215
1114
1242
1097
1263
1116
1244
1136
1234
1146
1222
1156
1218
1169
1222
1178
1233
1175
1235
1181
1246
1189
1260
1167
1249
1168
1245
1157
1239
1173
1233
1188
1233
1194
1224
1198
1228
1178
1227
1191
1237
1175
1238
1193
1240
1215
1244
1219
1237
1196
1239
1190
1223
1184
1224
1165
1220
1156
1214
1174
1221
1157
1231
1193
1245
1226
1259
1258
1258
1257
1255
1248
1255
1247
1242
1200
1223
1183
1208
1216
1205
1182
1208
1195
1220
1211
1203
1244
1257
1252
1276
1299
1262
1335
1253
1321
1238
1302
1228
1287
1211
1261
1215
1215
1224
1213
1240
1210
1247
1193
1249
1221
1252
1256
1250
1298
1235
1293
1232
1298
1238
1284
1246
1229
1249
1211
1248
1190
1253
1163
1247
1169
1253
1185
1249
1204
1260
1216
1262
1263
1259
1271
1262
1267
1251
1259
1258
1249
1256
1222
1254
1210
1250
1220
1261
1210
1262
1213
1266
1224
1274
1252
1275
1240
1261
1251
1257
1251
1260
1249
1241
1225
1255
1253
1254
1227
1267
1230
1251
1237
1263
1231
1286
1217
1264
1215
1236
1243
1251
1238
1256
1253
1250
1257
1254
1236
1259
1240
1253
1246
1246
1224
1245
1215
1245
1199
1251
1203
1259
1151
1269
1197
1265
1216
1267
1207
1298
1205
1254
1194
1244
1230
1240
1226
1248
1245
1248
1249
1264
1227
1283
1216
1273
1222
1271
1219
1266
1213
1255
1220
1246
1243
1246
1240
1251
1244
1253
1249
1264
1219
1269
1212
1272
1198
1244
1202
1264
1212
1245
1222
1227
1239
1230
1220
1232
1231
1239
1212
1252
1210
1255
1214
1261
1213
1249
1212
1271
1210
1248
1230
1251
1233
1231
1233
1239
1239
1238
1212
1238
1220
1241
1223
1243
1228
1236
1219
1262
1206
1262
1219
1259
1180
1253
1194
1243
1238
1251
1220
1226
1220
1230
1216
1196
1225
1247
1199
1289
1208
1262
1223
1266
1230
1255
1200
1247
1214
1235
1228
1242
1218
1242
1229
1248
1246
1260
1205
1280
1204
1272
1208
1270
1231
1252
1202
1254
1213
1254
1237
1245
1219
1244
1236
1254
1260
1262
1225
1268
1218
1281
1198
1279
1201
1280
1170
1276
1205
1256
1230
1260
1241
1250
1240
1260
1268
1264
1258
1265
1251
1265
1242
1264
1225
1265
1214
1257
1223
1257
1233
1265
1236
1260
1271
1263
1271
1260
1266
1261
1241
1263
1274
1231
1263
1252
1256
1243
1271
1244
1257
1280
1245
1258
1242
1264
1255
1259
1249
1262
1266
1256
1268
1269
1293
1273
1268
1271
1259
1255
1258
1271
1236
1263
1232
1260
1238
1257
1192
1291
1255
1257
1282
1268
1272
1320
1258
1283
1231
1272
1255
1275
1234
1264
1255
1247
1273
1252
1277
1288
1291
1267
1305
1275
1322
1279
1280
1283
1255
1277
1249
1268
1232
1268
1232
1254
1248
1258
1241
1279
1256
1273
1248
1286
1293
1289
1274
1297
1277
1280
1283
1300
1242
1279
1256
1272
1214
1269
1206
1268
1205
1270
1218
1266
1222
1289
1233
1287
1259
1308
1293
1299
1293
1296
1291
1292
1279
1275
1257
1261
1232
1261
1222
1245
1217
1261
1212
1268
1222
1276
1256
1296
1287
1303
1344
1303
1334
1294
1328
1298
1288
1236
1280
1268
1239
1262
1242
1256
1254
1261
1258
1276
1263
1289
1273
1289
1309
1296
1314
1334
1319
1279
1344
1266
1307
1262
1287
1259
1274
1260
1270
1232
1240
1270
1232
1270
1252
1268
1236
1272
1269
1253
1316
1247
1323
1234
1322
1226
1307
1245
1294
1253
1246
1269
1234
1271
1237
1276
1227
1289
1241
1275
1268
1277
1296
1273
1296
1268
1324
1273
1324
1273
1306
1273
1293
1282
1296
1295
1298
1307
1268
1311
1276
1312
1286
1302
1244
1297
1275
1276
1285
1281
1301
1270
1346
1283
1343
1309
1342
1308
1332
1308
1340
1301
1327
1297
1299
1277
1292
1254
1294
1268
1284
1263
1299
1264
1314
1276
1312
1300
1310
1295
1341
1296
1270
1296
1304
1277
1306
1271
1279
1302
1260
1269
1229
1275
1266
1280
1259
1293
1269
1289
1289
1302
1279
1320
1298
1282
1310
1288
1317
1288
1300
1284
1282
1293
1267
1292
1271
1294
1267
1297
1277
1285
1270
1317
1285
1281
1282
1281
1297
1276
1297
1277
1294
1271
1316
1277
1268
1269
1278
1281
1263
1288
1286
1296
1296
1298
1305
1291
1303
1315
1272
1292
1259
1304
1251
1297
1237
1301
1257
1309
1239
1315
1264
1329
1293
1327
1305
1303
1298
1317
1264
1307
1251
1306
1216
1301
1195
1301
1241
1305
1234
1305
1242
1339
1249
1279
1265
1320
1253
1312
1246
1292
1249
1279
1237
1267
1220
1267
1208
1263
1223
1282
1241
1305
1226
1288
1247
1300
1242
1301
1251
1292
1270
1281
1278
1263
1264
1273
1255
1275
1255
1282
1214
1283
1218
1286
1241
1292
1243
1292
1237
1293
1277
1288
1296
1289
1269
1276
1265
1274
1268
1276
1234
1281
1218
1278
1221
1290
1231
1310
1227
1299
1250
1291
1265
1294
1250
1276
1243
1266
1243
1256
1230
1272
1215
1255
1218
1260
1222
1275
1196
1293
1231
1300
1236
1300
1240
1286
1257
1278
1244
1284
1212
1249
1222
1244
1246
1244
1245
1250
1252
1257
1263
1286
1270
1289
1258
1288
1241
1278
1268
1271
1266
1261
1248
1243
1255
1233
1225
1236
1240
1235
1242
1256
1230
1295
1215
1286
1182
1281
1228
1277
1216
1285
1214
1256
1223
1255
1226
1264
1180
1248
1179
1244
1189
1254
1181
1261
1190
1265
1220
1281
1212
1317
1211
1282
1219
1270
1203
1266
1178
1247
1165
1217
1179
1241
1189
1250
1205
1250
1242
1264
1219
1269
1222
1274
1207
1273
1222
1261
1210
1256
1219
1237
1235
1245
1227
1239
1234
1254
1250
1262
1226
1273
1223
1275
1189
1277
1203
1278
1207
1275
1225
1219
1244
1268
1232
1262
1239
1259
1226
1240
1207
1257
1221
1267
1193
1264
1189
1275
1161
1241
1188
1250
1193
1287
1208
1276
1232
1274
1241
1262
1221
1265
1210
1254
1194
1266
1182
1272
1169
1279
1169
1278
1152
1283
1159
1282
1167
1277
1204
1259
1203
1262
1214
1275
1227
1257
1192
1254
1184
1255
1186
1263
1171
1263
1154
1271
1155
1268
1191
1274
1195
1274
1238
1261
1268
1256
1265
1252
1251
1254
1245
1253
1228
1262
1204
1268
1204
1277
1223
1284
1219
1282
1235
1290
1255
1272
1263
1271
1250
1261
1240
1252
1230
1258
1190
1265
1217
1256
1219
1287
1227
1274
1242
1292
1243
1319
1228
1301
1213
1277
1206
1265
1215
1258
1214
1254
1218
1238
1232
1266
1225
1270
1231
1282
1242
1281
1235
1293
1212
1276
1238
1268
1178
1254
1217
1242
1223
1227
1213
1273
1217
1240
1201
1249
1240
1260
1239
1265
1255
1257
1277
1265
1266
1274
1250
1253
1242
1239
1214
1244
1206
1243
1177
1245
1230
1255
1238
1273
1253
1277
1287
1285
1283
1288
1272
1281
1246
1237
1240
1260
1216
1255
1186
1247
1216
1244
1198
1259
1217
1272
1213
1280
1235
1281
1231
1278
1225
1266
1239
1265
1201
1229
1189
1240
1187
1244
1172
1241
1178
1241
1138
1241
1171
1251
1169
1255
1180
1209
1194
1253
1174
1247
1195
1244
1185
1238
1158
1233
1208
1234
1184
1223
1214
1228
1164
1196
1175
1252
1166
1247
1187
1240
1188
1243
1197
1256
1184
1247
1178
1235
1183
1245
1178
1246
1170
1244
1181
1256
1173
1241
1169
1241
1185
1238
1183
1225
1179
1259
1169
1240
1192
1249
1180
1259
1188
1257
1217
1251
1215
1255
1199
1259
1181
1250
1186
1249
1166
1250
1179
1244
1202
1245
1224
1244
1208
1256
1222
1256
1231
1258
1215
1248
1204
1246
1206
1241
1186
1242
1190
1236
1205
1242
1228
1243
1229
1241
1241
1237
1251
1247
1212
1239
1234
1233
1225
1234
1222
1230
1229
1223
1251
1245
1259
1235
1243
1232
1262
1205
1261
1240
1260
1236
1225
1240
1252
1246
1238
1233
1234
1226
1242
1228
1240
1230
1221
1230
1232
1237
1193
1251
1253
1244
1247
1251
1280
1287
1249
1244
1220
1235
1233
1228
1212
1221
1209
1216
1229
1230
1237
1253
1238
1244
1262
1252
1286
1247
1274
1243
1242
1230
1258
1224
1238
1222
1227
1216
1240
1223
1271
1233
1253
1245
1260
1250
1294
1253
1302
1252
1294
1241
1310
1235
1279
1238
1265
1232
1248
1236
1258
1247
1256
1240
1263
1258
1283
1268
1270
1260
1283
1257
1293
1251
1286
1240
1274
1232
1240
1222
1251
1235
1235
1244
1238
1225
1250
1257
1218
1267
1242
1269
1251
1269
1262
1256
1293
1244
1268
1232
1270
1230
1226
1197
1226
1249
1211
1265
1236
1268
1241
1275
1256
1271
1254
1276
1249
1254
1258
1252
1244
1238
1227
1237
1218
1246
1207
1255
1194
1270
1204
1279
1217
1274
1221
1284
1180
1284
1209
1276
1187
1269
1180
1253
1188
1253
1185
1253
1183
1271
1175
1277
1179
1295
1157
1303
1163
1293
1170
1289
1161
1271
1149
1267
1158
1272
1163
1269
1149
1273
1143
1286
1153
1293
1139
1291
1128
1308
1139
1289
1172
1274
1146
1271
1135
1269
1148
1266
1102
1258
1121
1272
1112
1279
1111
1283
1102
1284
1104
1301
1107
1278
1094
1266
1109
1225
1103
1252
1099
1251
1071
1257
1091
1272
1071
1285
1074
1277
1078
1279
1097
1280
1057
1265
1071
1258
1025
1249
1069
1236
1062
1238
1082
1285
1083
1260
1067
1268
1100
1270
1097
1264
1095
1243
1102
1238
1102
1242
1103
1229
1091
1230
1139
1234
1143
1246
1151
1235
1174
1254
1169
1257
1163
1242
1165
1228
1162
1215
1154
1207
1116
1199
1195
1200
1213
1206
1233
1218
1272
1227
1263
1231
1254
1233
1236
1219
1242
1211
1236
1193
1202
1180
1251
1180
1240
1179
1257
1192
1277
1208
1293
1213
1304
1224
1263
1196
1297
1222
1278
1210
1274
1176
1282
1184
1255
1194
1258
1180
1258
1192
1288
1201
1321
1217
1312
1216
1329
1232
1300
1191
1293
1220
1278
1212
1269
1221
1263
1189
1267
1186
1276
1205
1280
1213
1308
1243
1322
1250
1338
1246
1315
1240
1298
1225
1282
1231
1271
1191
1276
1185
1280
1200
1259
1216
1283
1226
1282
1246
1290
1249
1316
1254
1324
1242
1330
1237
1313
1226
1326
1227
1322
1230
1312
1246
1317
1224
1317
1254
1306
1268
1322
1279
1341
1279
1338
1273
1330
1267
1372
1263
1372
1259
1353
1262
1353
1243
1350
1278
1332
1289
1288
1302
1326
1308
1289
1313
1312
1305
1317
1295
1339
1279
1341
1288
1334
1314
1331
1300
1300
1309
1288
1322
1287
1335
1276
1336
1254
1334
1276
1330
1265
1314
1273
1308
1281
1312
1295
1319
1275
1326
1264
1338
1218
1363
1238
1345
1221
1338
1207
1344
1209
1319
1182
1304
1232
1271
1237
1301
1269
1298
1262
1318
1286
1332
1262
1332
1242
1337
1237
1328
1218
1315
1207
1307
1225
1299
1242
1289
1250
1291
1274
1298
1281
1304
1274
1316
1251
1317
1253
1317
1250
1316
1229
1302
1244
1297
1244
1294
1235
1290
1249
1283
1279
1286
1284
1291
1282
1290
1296
1300
1276
1287
1268
1304
1268
1296
1262
1282
1251
1270
1228
1266
1261
1268
1242
1267
1277
1267
1288
1285
1269
1305
1268
1288
1242
1287
1268
1275
1258
1268
1226
1255
1244
1276
1224
1235
1239
1272
1248
1286
1251
1308
1260
1283
1257
1268
1244
1264
1234
1250
1249
1253
1266
1246
1267
1255
1283
1256
1300
1258
1299
1271
1301
1271
1312
1262
1318
1236
1293
1244
1308
1248
1298
1239
1311
1236
1327
1240
1358
1247
1368
1280
1361
1269
1375
1275
1357
1282
1352
1264
1356
1252
1352
1254
1336
1248
1342
1251
1358
1255
1355
1269
1364
1275
1370
1282
1370
1284
1356
1283
1352
1282
1347
1258
1322
1253
1300
1251
1318
1254
1287
1257
1306
1272
1304
1289
1331
1270
1335
1302
1320
1326
1318
1296
1281
1283
1280
1263
1293
1264
1289
1262
1282
1274
1291
1294
1294
1306
1290
1308
1295
1301
1296
1310
1281
1295
1299
1279
1283
1274
1326
1267
1318
1268
1311
1286
1319
1308
1282
1314
1310
1320
1311
1324
1319
1308
1322
1318
1339
1300
1337
1291
1331
1287
1347
1289
1368
1298
1295
1306
1328
1330
1343
1333
1330
1334
1340
1332
1342
1329
1332
1349
1304
1316
1319
1314
1341
1320
1305
1337
1317
1310
1306
1308
1295
1344
1271
1340
1307
1332
1298
1324
1277
1305
1294
1305
1279
1289
1275
1307
1283
1285
1292
1323
1273
1326
1238
1321
1258
1316
1237
1305
1225
1282
1247
1288
1234
1279
1242
1293
1234
1298
1251
1311
1272
1313
1256
1311
1260
1312
1227
1279
1219
1291
1212
1311
1213
1284
1217
1286
1223
1284
1240
1295
1241
1301
1258
1313
1269
1311
1261
1299
1265
1296
1244
1284
1243
1282
1236
1276
1240
1266
1249
1281
1245
1282
1271
1289
1276
1298
1289
1293
1303
1295
1322
1283
1314
1284
1281
1279
1284
1258
1272
1258
1256
1255
1270
1260
1288
1268
1289
1284
1320
1294
1334
1285
1325
1284
1319
1272
1313
1256
1310
1249
1285
1249
1292
1261
1306
1258
1305
1257
1313
1274
1345
1283
1322
1298
1340
1277
1335
1270
1346
1250
1339
1248
1334
1261
1341
1260
1322
1270
1355
1267
1358
1278
1345
1285
1352
1289
1366
1291
1386
1280
1363
1272
1354
1267
1353
1268
1335
1265
1330
1268
1325
1286
1361
1286
1357
1288
1359
1294
1356
1294
1317
1288
1349
1281
1348
1281
1328
1262
1323
1273
1346
1277
1345
1286
1347
1289
1368
1292
1362
1296
1329
1289
1344
1287
1349
1276
1332
1284
1349
1291
1354
1286
1357
1291
1340
1297
1356
1298
1382
1315
1339
1301
1344
1298
1324
1264
1308
1301
1294
1297
1328
1305
1341
1306
1372
1302
1368
1307
1351
1306
1338
1321
1336
1320
1348
1325
1291
1327
1312
1322
1311
1330
1312
1324
1315
1308
1350
1325
1338
1329
1342
1336
1294
1336
1319
1331
1322
1340
1286
1320
1285
1334
1264
1313
1267
1337
1284
1338
1299
1333
1321
1348
1325
1331
1333
1333
1287
1334
1268
1350
1257
1334
1231
1329
1231
1330
1238
1326
1272
1330
1293
1327
1344
1318
1332
1310
1299
1320
1279
1344
1247
1320
1231
1318
1204
1320
1257
1315
1274
1324
1280
1343
1317
1330
1354
1329
1323
1321
1316
1301
1286
1314
1269
1313
1264
1322
1267
1311
1259
1343
1277
1319
1307
1323
1308
1316
1308
1311
1314
1319
1310
1297
1279
1294
1250
1290
1252
1294
1217
1318
1228
1294
1232
1294
1275
1287
1282
1291
1289
1305
1298
1295
1269
1288
1266
1286
1250
1289
1224
1295
1210
1293
1213
1295
1253
1294
1233
1288
1256
1276
1274
1289
1252
1279
1247
1282
1235
1284
1213
1292
1200
1282
1194
1275
1215
1285
1176
1280
1219
1272
1245
1275
1229
1257
1231
1271
1242
1256
1226
1267
1213
1269
1230
1272
1230
1276
1199
1269
1234
1244
1244
1257
1230
1258
1216
1243
1238
1252
1234
1249
1247
1253
1237
1263
1281
1271
1239
1276
1261
1253
1246
1233
1238
1271
1192
1268
1242
1259
1239
1261
1232
1253
1249
1265
1240
1259
1237
1284
1251
1292
1250
1287
1244
1286
1241
1282
1248
1282
1237
1277
1229
1252
1240
1268
1218
1272
1220
1278
1207
1285
1225
1283
1253
1287
1247
1279
1255
1287
1227
1263
1226
1277
1213
1275
1216
1274
1212
1271
1233
1264
1265
1275
1256
1281
1266
1284
1280
1285
1261
1264
1247
1276
1227
1266
1226
1274
1217
1271
1240
1253
1258
1275
1255
1276
1279
1274
1268
1276
1268
1275
1249
1271
1262
1260
1228
1266
1220
1293
1229
1280
1233
1284
1248
1279
1261
1282
1286
1278
1275
1276
1274
1281
1278
1275
1272
1276
1242
1266
1245
1275
1225
1277
1221
1280
1215
1285
1262
1278
1269
1288
1273
1280
1290
1281
1264
1277
1264
1275
1247
1275
1259
1271
1246
1282
1240
1313
1266
1293
1267
1296
1302
1300
1332
1299
1334
1292
1325
1292
1320
1285
1307
1277
1280
1270
1278
1265
1287
1276
1286
1269
1307
1275
1332
1275
1332
1273
1334
1264
1321
1253
1300
1259
1279
1244
1282
1215
1292
1247
1280
1246
1296
1260
1306
1251
1289
1262
1286
1259
1298
1255
1283
1251
1247
1246
1273
1248
1279
1246
1266
1257
1258
1257
1275
1262
1269
1265
1261
1258
1270
1261
1314
1268
1272
1257
1295
1257
1269
1212
1264
1283
1243
1263
1267
1267
1274
1274
1265
1269
1276
1281
1266
1293
1269
1293
1273
1292
1287
1292
1244
1289
1245
1287
1228
1272
1219
1286
1221
1275
1250
1301
1231
1307
1219
1307
1213
1305
1207
1299
1210
1293
1184
1276
1189
1277
1159
1262
1164
1276
1153
1281
1181
1279
1182
1284
1185
1275
1171
1279
1157
1283
1159
1273
1161
1275
1146
1269
1129
1267
1139
1238
1139
1259
1143
1267
1149
1249
1169
1275
1140
1283
1164
1277
1150
1296
1165
1285
1147
1281
1174
1265
1158
1269
1140
1292
1146
1274
1133
1276
1148
1307
1157
1291
1172
1291
1167
1278
1143
1290
1181
1276
1164
1265
1169
1261
1183
1261
1162
1264
1169
1269
1177
1270
1179
1255
1172
1286
1155
1275
1173
1273
1137
1267
1153
1254
1164
1255
1219
1248
1188
1255
1184
1274
1162
1268
1141
1266
1128
1262
1144
1256
1135
1284
1136
1254
1160
1256
1175
1256
1167
1248
1174
1262
1176
1251
1144
1245
1138
1247
1154
1243
1155
1260
1159
1239
1168
1233
1174
1240
1160
1241
1193
1222
1216
1233
1207
1220
1230
1234
1229
1229
1216
1234
1203
1236
1215
1214
1206
1234
1167
1228
1210
1226
1227
1229
1233
1236
1253
1230
1262
1230
1250
1264
1221
1230
1219
1228
1262
1234
1197
1227
1216
1230
1225
1187
1241
1234
1236
1236
1280
1229
1296
1242
1261
1225
1258
1235
1227
1225
1209
1242
1207
1234
1223
1247
1218
1252
1236
1242
1228
1248
1231
1237
1230
1207
1241
1232
1217
1234
1203
1238
1178
1237
1191
1247
1205
1251
1191
1243
1206
1241
1182
1224
1191
1227
1192
1222
1230
1218
1211
1224
1207
1227
1202
1237
1189
1243
1187
1240
1183
1260
1182
1243
1216
1228
1207
1220
1229
1218
1235
1222
1243
1187
1233
1220
1194
1231
1196
1241
1173
1246
1179
1244
1174
1243
1225
1226
1241
1223
1234
1248
1244
1213
1226
1233
1211
1229
1193
1249
1202
1258
1192
1275
1189
1285
1206
1296
1248
1268
1220
1255
1229
1242
1221
1241
1217
1242
1209
1256
1217
1259
1208
1271
1190
1281
1205
1282
1179
1279
1185
1265
1190
1224
1218
1239
1215
1244
1202
1261
1217
1240
1189
1260
1189
1265
1193
1269
1181
1263
1164
1265
1178
1261
1190
1257
1194
1246
1203
1246
1220
1250
1195
1245
1197
1250
1193
1254
1183
1250
1189
1252
1191
1247
1209
1252
1192
1242
1190
1236
1238
1236
1210
1223
1209
1234
1203
1227
1191
1244
1193
1244
1224
1239
1243
1237
1185
1230
1239
1231
1244
1219
1222
1225
1205
1222
1199
1234
1191
1231
1180
1240
1200
1228
1262
1238
1216
1229
1182
1225
1225
1168
1209
1223
1181
1230
1196
1233
1214
1240
1196
1244
1205
1254
1206
1245
1200
1248
1210
1248
1231
1238
1224
1236
1232
1235
1241
1243
1222
1241
1216
1222
1226
1247
1219
1248
1210
1247
1161
1237
1229
1260
1244
1245
1240
1232
1261
1236
1237
1242
1229
1246
1209
1249
1210
1243
1212
1246
1230
1241
1248
1244
1245
1249
1245
1251
1253
1252
1229
1261
1207
1256
1202
1252
1204
1254
1192
1256
1215
1224
1237
1253
1207
1251
1233
1246
1211
1255
1204
1248
1174
1248
1192
1241
1220
1254
1179
1288
1204
1263
1218
1267
1242
1253
1230
1248
1254
1240
1235
1267
1226
1250
1221
1251
1224
1256
1200
1277
1206
1270
1212
1259
1218
1252
1236
1254
1277
1240
1283
1244
1262
1243
1285
1250
1273
1258
1240
1260
1217
1259
1229
1259
1219
1261
1218
1268
1254
1257
1253
1269
1274
1250
1283
1257
1268
1251
1226
1258
1205
1253
1181
1256
1149
1247
1151
1248
1183
1250
1180
1256
1197
1247
1221
1251
1228
1245
1200
1245
1168
1229
1157
1245
1099
1239
1137
1240
1153
1250
1151
1242
1172
1250
1202
1237
1212
1255
1202
1252
1190
1247
1201
1249
1143
1244
1166
1243
1181
1244
1178
1266
1193
1253
1216
1250
1222
1260
1216
1270
1234
1256
1282
1256
1230
1244
1198
1244
1207
1186
1191
1238
1170
1235
1200
1234
1225
1238
1212
1230
1241
1254
1240
1240
1243
1249
1226
1239
1214
1234
1190
1232
1184
1203
1188
1221
1195
1235
1212
1219
1243
1251
1248
1257
1238
1261
1216
1258
1226
1233
1222
1242
1213
1228
1237
1228
1225
1242
1244
1248
1248
1258
1268
1263
1267
1268
1263
1280
1256
1264
1226
1252
1229
1239
1227
1233
1232
1232
1235
1238
1241
1239
1252
1249
1252
1257
1254
1235
1251
1255
1231
1250
1234
1243
1211
1238
1216
1249
1204
1230
1240
1214
1256
1230
1234
1273
1251
1255
1252
1267
1247
1265
1253
1266
1257
1251
1247
1256
1247
1247
1266
1247
1275
1237
1291
1244
1296
1263
1292
1274
1286
1280
1282
1277
1293
1262
1286
1264
1272
1247
1289
1239
1277
1238
1299
1233
1306
1271
1332
1251
1312
1264
1300
1275
1299
1266
1271
1266
1274
1248
1279
1241
1287
1236
1282
1239
1307
1227
1322
1251
1319
1253
1309
1263
1343
1265
1295
1257
1285
1257
1304
1255
1303
1253
1311
1254
1308
1266
1324
1267
1287
1272
1312
1273
1342
1281
1320
1271
1317
1285
1314
1261
1312
1276
1295
1273
1308
1274
1314
1276
1233
1276
1324
1285
1317
1278
1309
1304
1313
1296
1317
1289
1342
1287
1298
1273
1307
1270
1358
1272
1309
1266
1317
1273
1319
1233
1316
1294
1287
1293
1303
1285
1331
1277
1311
1259
1320
1242
1321
1252
1312
1263
1307
1270
1325
1282
1317
1298
1307
1287
1303
1285
1324
1281
1281
1258
1291
1275
1289
1253
1283
1263
1273
1268
1298
1277
1285
1286
1301
1282
1307
1285
1284
1292
1282
1274
1270
1269
1295
1288
1283
1270
1284
1269
1304
1284
1281
1301
1282
1304
1287
1297
1278
1295
1263
1289
1266
1277
1269
1274
1264
1271
1264
1246
1277
1271
1247
1257
1246
1289
1232
1302
1229
1302
1222
1300
1233
1283
1260
1278
1236
1299
1254
1255
1246
1262
1248
1264
1244
1274
1260
1282
1248
1298
1244
1304
1260
1295
1251
1280
1242
1263
1245
1250
1239
1246
1244
1248
1243
1262
1262
1267
1259
1291
1241
1303
1246
1310
1218
1279
1219
1284
1229
1273
1247
1260
1256
1265
1257
1267
1276
1280
1262
1292
1266
1285
1271
1303
1261
1304
1250
1293
1258
1283
1258
1273
1247
1264
1261
1266
1270
1269
1252
1273
1248
1286
1298
1293
1259
1291
1257
1293
1246
1286
1269
1287
1221
1274
1235
1273
1254
1274
1237
1269
1240
1286
1230
1273
1238
1299
1227
1307
1246
1289
1249
1296
1164
1282
1227
1274
1239
1268
1206
1285
1216
1275
1222
1283
1222
1294
1204
1304
1224
1283
1267
1303
1237
1290
1231
1284
1255
1240
1253
1272
1226
1281
1256
1283
1263
1287
1250
1291
1266
1297
1267
1294
1267
1287
1279
1281
1306
1272
1335
1267
1291
1256
1324
1275
1316
1291
1307
1282
1321
1294
1284
1294
1297
1288
1302
1286
1330
1262
1324
1261
1368
1254
1390
1263
1371
1300
1333
1285
1333
1291
1344
1290
1319
1290
1330
1268
1346
1274
1341
1279
1358
1269
1375
1264
1373
1265
1368
1277
1360
1285
1350
1296
1328
1301
1324
1280
1346
1291
1311
1259
1320
1267
1317
1266
1330
1256
1320
1269
1345
1271
1338
1293
1313
1335
1310
1316
1300
1308
1287
1290
1294
1274
1304
1256
1307
1264
1313
1264
1332
1269
1329
1284
1323
1293
1305
1302
1295
1297
1286
1291
1292
1284
1296
1258
1300
1257
1307
1251
1324
1266
1318
1278
1317
1292
1330
1279
1323
1307
1307
1309
1288
1302
1300
1295
1287
1298
1306
1274
1338
1277
1351
1284
1346
1294
1357
1307
1355
1318
1343
1318
1325
1316
1331
1307
1310
1295
1311
1282
1368
1280
1349
1275
1360
1282
1367
1291
1376
1309
1340
1317
1379
1321
1378
1298
1354
1309
1355
1295
1352
1266
1356
1279
1337
1278
1375
1283
1388
1301
1301
1307
1362
1320
1375
1318
1353
1329
1336
1297
1331
1284
1360
1279
1300
1273
1303
1276
1356
1289
1313
1301
1323
1311
1311
1294
1300
1325
1290
1309
1291
1290
1319
1277
1273
1260
1287
1252
1292
1270
1286
1287
1291
1298
1305
1305
1302
1304
1285
1300
1300
1294
1304
1272
1289
1261
1303
1266
1306
1279
1302
1286
1264
1300
1309
1304
1296
1316
1300
1306
1316
1304
1299
1313
1292
1296
1276
1295
1300
1285
1288
1290
1302
1297
1301
1310
1292
1338
1288
1334
1295
1331
1291
1328
1280
1314
1277
1309
1297
1293
1288
1293
1295
1271
1310
1299
1291
1336
1286
1320
1269
1325
1284
1323
1255
1314
1290
1296
1308
1286
1281
1307
1287
1281
1291
1292
1281
1300
1265
1310
1260
1313
1262
1316
1235
1319
1242
1310
1247
1286
1245
1274
1255
1271
1254
1269
1257
1283
1250
1299
1275
1298
1250
1305
1221
1306
1231
1284
1214
1292
1234
1279
1217
1274
1277
1266
1284
1281
1274
1288
1276
1302
1258
1319
1241
1319
1248
1285
1223
1306
1238
1296
1229
1280
1285
1275
1287
1274
1294
1281
1310
1292
1283
1302
1264
1318
1294
1322
1260
1319
1250
1312
1250
1296
1279
1286
1258
1271
1297
1264
1325
1274
1304
1280
1292
1301
1274
1299
1280
1325
1240
1318
1253
1304
1269
1284
1195
1263
1256
1258
1282
1255
1288
1273
1282
1279
1256
1295
1289
1309
1234
1309
1232
1292
1281
1289
1238
1276
1272
1263
1272
1223
1271
1289
1255
1281
1284
1280
1308
1295
1251
1290
1246
1287
1240
1297
1230
1291
1222
1280
1260
1270
1259
1266
1253
1264
1275
1269
1269
1281
1248
1282
1252
1277
1226
1304
1213
1298
1191
1290
1219
1274
1219
1276
1245
1250
1269
1256
1256
1280
1252
1275
1222
1275
1234
1291
1207
1296
1211
1287
1219
1285
1218
1283
1232
1269
1255
1264
1267
1274
1246
1257
1244
1276
1245
1295
1221
1304
1192
1285
1222
1294
1220
1285
1239
1286
1236
1280
1257
1280
1238
1285
1272
1282
1266
1292
1226
1325
1203
1295
1233
1300
1227
1285
1237
1285
1264
1278
1256
1281
1263
1286
1264
1285
1258
1310
1234
1289
1230
1284
1215
1279
1209
1276
1223
1277
1246
1261
1253
1273
1245
1266
1270
1265
1245
1260
1242
1263
1235
1255
1239
1259
1221
1262
1209
1258
1230
1259
1235
1255
1260
1250
1290
1249
1285
1250
1275
1265
1269
1277
1255
1276
1217
1277
1215
1270
1227
1267
1221
1253
1233
1250
1302
1252
1289
1258
1285
1268
1276
1278
1266
1293
1211
1299
1207
1291
1220
1286
1200
1264
1206
1270
1231
1246
1262
1265
1250
1276
1283
1276
1289
1287
1198
1284
1241
1294
1231
1288
1211
1292
1213
1271
1218
1262
1264
1271
1235
1261
1268
1250
1316
1272
1278
1272
1277
1278
1258
1248
1224
1287
1187
1276
1215
1262
1224
1256
1222
1268
1252
1245
1290
1255
1272
1261
1271
1280
1277
1283
1246
1273
1204
1279
1218
1277
1206
1261
1197
1244
1217
1246
1220
1247
1225
1249
1179
1263
1238
1268
1212
1275
1218
1265
1223
1265
1190
1291
1181
1255
1174
1248
1194
1243
1186
1272
1211
1254
1222
1270
1207
1293
1196
1290
1206
1284
1185
1281
1167
1268
1169
1257
1175
1252
1175
1256
1180
1247
1191
1270
1177
1284
1181
1290
1154
1294
1159
1282
1144
1266
1176
1258
1179
1259
1169
1281
1183
1257
1184
1266
1188
1268
1182
1279
1192
1270
1174
1300
1175
1293
1186
1279
1191
1265
1189
1254
1211
1246
1205
1237
1205
1243
1202
1259
1217
1261
1199
1289
1171
1290
1182
1291
1159
1276
1176
1257
1195
1233
1220
1224
1226
1233
1225
1238
1229
1263
1204
1281
1189
1291
1186
1302
1177
1297
1154
1282
1173
1240
1194
1259
1213
1248
1205
1251
1235
1254
1202
1269
1194
1280
1216
1290
1193
1290
1143
1290
1135
1266
1151
1269
1128
1254
1146
1248
1205
1235
1196
1234
1201
1249
1192
1245
1174
1264
1144
1274
1135
1268
1125
1269
1043
1250
1101
1243
1145
1238
1159
1241
1181
1238
1198
1242
1187
1275
1160
1268
1167
1259
1173
1275
1119
1269
1118
1263
1130
1222
1137
1251
1134
1250
1187
1247
1209
1259
1196
1256
1198
1268
1184
1266
1153
1247
1148
1258
1152
1246
1145
1245
1147
1236
1159
1245
1189
1249
1196
1247
1214
1252
1195
1249
1183
1244
1155
1235
1162
1233
1132
1231
1152
1223
1177
1230
1146
1258
1156
1246
1150
1254
1167
1248
1155
1248
1159
1244
1154
1252
1139
1242
1133
1227
1140
1224
1135
1229
1133
1239
1142
1244
1158
1253
1142
1258
1152
1229
1159
1249
1143
1240
1143
1235
1142
1230
1153
1221
1140
1226
1174
1228
1180
1239
1154
1280
1170
1262
1159
1259
1163
1248
1163
1235
1188
1216
1175
1211
1182
1210
1196
1204
1217
1213
1184
1217
1191
1206
1170
1243
1162
1240
1134
1233
1177
1211
1187
1206
1185
1198
1209
1197
1179
1199
1193
1203
1203
1218
1195
1224
1161
1238
1143
1235
1172
1240
1153
1228
1168
1216
1181
1213
1218
1210
1180
1210
1172
1228
1170
1240
1148
1237
1133
1242
1141
1253
1106
1254
1125
1250
1175
1245
1171
1230
1145
1224
1155
1215
1163
1228
1127
1256
1149
1246
1188
1260
1149
1260
1152
1265
1156
1246
1154
1233
1152
1236
1180
1225
1204
1224
1125
1224
1204
1236
1215
1243
1201
1266
1205
1262
1205
1263
1202
1258
1190
1244
1209
1236
1249
1238
1218
1232
1229
1231
1224
1215
1209
1268
1186
1265
1205
1267
1204
1271
1196
1254
1205
1254
1194
1247
1163
1243
1179
1240
1192
1239
1173
1245
1132
1244
1167
1258
1156
1272
1160
1257
1173
1263
1175
1262
1155
1249
1143
1234
1145
1228
1119
1227
1140
1223
1176
1232
1137
1282
1146
1261
1159
1267
1158
1262
1157
1255
1167
1241
1174
1233
1160
1234
1162
1229
1159
1232
1151
1258
1128
1252
1151
1256
1154
1263
1156
1261
1172
1237
1182
1237
1165
1231
1157
1226
1142
1226
1142
1224
1115
1236
1137
1231
1140
1244
1118
1280
1141
1254
1131
1246
1144
1246
1139
1225
1149
1205
1136
1206
1122
1211
1118
1211
1112
1216
1107
1225
1122
1238
1121
1234
1122
1228
1145
1225
1157
1204
1168
1230
1132
1205
1138
1207
1135
1215
1115
1204
1133
1232
1151
1236
1155
1246
1151
1238
1177
1234
1156
1227
1170
1221
1179
1218
1191
1219
1165
1233
1178
1245
1185
1244
1177
1248
1202
1246
1207
1245
1188
1233
1201
1226
1251
1226
1238
1223
1207
1227
1203
1212
1209
1243
1173
1246
1190
1243
1230
1249
1215
1237
1232
1239
1237
1218
1234
1237
1217
1237
1222
1217
1222
1235
1132
1239
1161
1241
1216
1239
1214
1243
1229
1234
1235
1234
1239
1227
1215
1224
1222
1210
1246
1226
1204
1219
1209
1245
1208
1208
1214
1236
1186
1238
1221
1236
1229
1233
1215
1213
1230
1222
1218
1231
1193
1240
1185
1243
1197
1250
1182
1256
1166
1253
1193
1234
1198
1242
1199
1235
1224
1249
1216
1252
1196
1258
1196
1268
1209
1273
1180
1274
1208
1271
1225
1270
1218
1292
1235
1270
1243
1268
1270
1264
1266
1268
1282
1265
1278
1274
1253
1287
1249
1271
1255
1285
1246
1273
1264
1270
1272
1265
1284
1271
1277
1272
1294
1232
1294
1264
1267
1267
1255
1273
1229
1274
1231
1264
1219
1278
1243
1268
1262
1253
1251
1294
1269
1275
1260
1270
1267
1262
1245
1269
1256
1265
1235
1270
1229
1276
1235
1267
1241
1262
1235
1258
1255
1260
1258
1256
1258
1258
1282
1262
1279
1250
1268
1267
1241
1261
1246
1261
1228
1256
1225
1245
1256
1244
1267
1239
1277
1248
1276
1245
1287
1258
1264
1273
1270
1255
1260
1255
1260
1243
1247
1244
1259
1242
1268
1245
1262
1242
1274
1252
1286
1267
1260
1286
1271
1266
1306
1271
1253
1272
1246
1271
1234
1265
1252
1270
1215
1269
1243
1266
1262
1275
1256
1282
1257
1281
1252
1271
1248
1293
1219
1294
1234
1273
1243
1280
1176
1267
1231
1270
1282
1264
1260
1296
1271
1269
1255
1274
1289
1281
1240
1277
1241
1268
1270
1273
1236
1257
1256
1247
1261
1229
1264
1259
1246
1255
1282
1255
1291
1268
1258
1262
1255
1269
1251
1266
1231
1260
1227
1256
1257
1249
1263
1255
1238
1273
1282
1270
1300
1282
1270
1274
1273
1260
1252
1284
1233
1282
1226
1280
1233
1268
1211
1271
1256
1264
1278
1274
1266
1344
1260
1294
1252
1294
1259
1292
1232
1287
1196
1276
1242
1271
1226
1276
1237
1258
1269
1252
1267
1260
1271
1267
1278
1268
1285
1279
1272
1287
1268
1287
1269
1276
1238
1254
1240
1267
1232
1260
1252
1254
1250
1269
1295
1269
1313
1288
1293
1323
1299
1305
1279
1305
1265
1310
1254
1291
1265
1279
1248
1281
1250
1284
1274
1287
1285
1292
1278
1299
1288
1299
1270
1297
1256
1296
1252
1286
1247
1264
1258
1266
1229
1264
1249
1267
1235
1264
1253
1264
1276
1275
1279
1263
1276
1271
1261
1256
1266
1268
1246
1277
1247
1258
1255
1259
1256
1256
1245
1262
1260
1264
1282
1276
1270
1276
1274
1274
1296
1276
1273
1263
1271
1285
1320
1266
1310
1259
1289
1264
1247
1271
1303
1284
1279
1276
1300
1284
1326
1292
1312
1282
1304
1283
1301
1237
1300
1280
1289
1283
1266
1271
1307
1291
1239
1293
1287
1302
1294
1303
1287
1303
1266
1291
1264
1290
1266
1284
1247
1276
1253
1273
1294
1279
1263
1275
1270
1278
1266
1267
1264
1287
1231
1284
1257
1270
1254
1273
1256
1256
1266
1266
1271
1271
1267
1271
1258
1276
1277
1279
1268
1285
1236
1268
1269
1282
1275
1284
1265
1269
1281
1275
1277
1281
1278
1278
1261
1283
1291
1280
1262
1290
1287
1290
1304
1297
1306
1336
1282
1299
1254
1304
1294
1286
1281
1284
1286
1279
1296
1281
1302
1290
1293
1285
1304
1264
1309
1284
1301
1280
1266
1264
1294
1269
1281
1271
1285
1261
1310
1266
1275
1273
1291
1274
1272
1277
1284
1271
1254
1273
1255
1265
1295
1271
1278
1295
1277
1272
1294
1274
1303
1277
1301
1278
1308
1274
1301
1283
1285
1284
1285
1281
1291
1283
1284
1288
1294
1287
1293
1289
1304
1288
1311
1295
1325
1281
1332
1290
1311
1293
1318
1300
1287
1292
1296
1296
1315
1299
1315
1290
1318
1294
1315
1294
1335
1304
1336
1307
1325
1301
1333
1318
1333
1301
1303
1302
1296
1297
1291
1301
1279
1306
1273
1300
1285
1302
1282
1298
1291
1300
1352
1299
1316
1289
1304
1289
1295
1290
1277
1290
1233
1296
1237
1296
1270
1278
1266
1291
1275
1297
1283
1279
1296
1299
1276
1296
1279
1293
1280
1296
1210
1294
1237
1297
1251
1298
1252
1312
1248
1305
1261
1309
1276
1304
1257
1301
1270
1298
1307
1299
1270
1308
1266
1295
1256
1283
1263
1311
1228
1309
1260
1304
1277
1306
1272
1294
1311
1302
1300
1276
1288
1292
1282
1295
1288
1288
1299
1289
1228
1289
1262
1290
1273
1300
1268
1283
1279
1291
1290
1292
1285
1315
1260
1285
1264
1280
1237
1280
1249
1277
1259
1269
1251
1319
1256
1295
1246
1301
1281
1291
1264
1297
1267
1304
1262
1291
1243
1289
1230
1279
1232
1261
1235
1287
1229
1287
1203
1290
1247
1292
1244
1295
1245
1273
1256
1283
1224
1284
1221
1284
1197
1301
1220
1279
1197
1282
1211
1272
1248
1274
1226
1302
1230
1274
1222
1272
1230
1268
1208
1269
1216
1268
1210
1265
1204
1269
1194
1265
1221
1259
1215
1262
1228
1260
1217
1260
1245
1259
1220
1263
1227
1253
1230
1259
1202
1256
1205
1261
1190
1262
1205
1266
1231
1270
1240
1254
1268
1265
1232
1255
1236
1262
1225
1266
1210
1260
1195
1265
1216
1259
1211
1263
1214
1265
1232
1279
1252
1264
1243
1264
1231
1248
1206
1255
1191
1256
1238
1250
