1118
1364
1487
1326
1473
1319
1441
1268
1232
1275
1217
1266
1222
1269
1234
1267
1243
1265
1222
1269
1204
1269
1235
1269
1200
1273
1209
1256
1115
1296
1217
1259
1222
1263
1226
1289
1242
1269
1209
1267
1233
1244
1227
1268
1218
1260
1192
1272
1240
1273
1214
1270
1234
1259
1298
1264
1290
1288
1209
1262
1277
1259
1242
1265
1218
1259
1247
1261
1229
1263
1223
1267
1184
1286
1235
1264
1284
1265
1243
1255
1245
1267
1228
1250
1234
1266
1141
1288
1167
1270
1230
1267
1255
1263
1246
1272
1228
1266
1241
1242
1262
1248
1278
1262
1224
1278
1233
1268
1235
1267
1235
1269
1233
1264
1171
1263
1223
1288
1256
1269
1212
1265
1223
1261
1224
1265
1228
1255
1174
1267
1186
1281
1226
1270
1225
1263
1236
1259
1238
1262
1210
1268
1211
1257
1253
1266
1228
1264
1218
1262
1203
1259
1224
1263
1194
1264
1211
1255
1223
1262
1223
1251
1215
1260
1215
1243
1226
1261
1216
1262
1317
1256
1272
1256
1244
1256
1233
1265
1237
1264
1219
1266
1238
1238
1227
1265
1209
1266
1207
1259
1235
1264
1228
1268
1240
1260
1256
1259
1166
1249
1217
1268
1205
1277
1215
1260
1231
1265
1233
1262
1237
1268
1234
1285
1224
1275
1221
1274
1212
1269
1233
1269
1225
1269
1223
1268
1224
1270
1283
1267
1282
1255
1228
1267
1224
1264
1216
1263
1210
1287
1231
1251
1241
1264
1255
1262
1206
1234
1233
1269
1180
1248
1207
1261
1141
1288
1232
1260
1219
1263
1207
1260
1214
1270
1225
1257
1223
1256
1223
1267
1195
1261
1229
1265
1221
1265
1197
1261
1217
1267
1232
1264
1226
1267
1198
1268
1119
1292
1262
1268
1226
1268
1250
1268
1249
1312
1245
1272
1237
1276
1252
1276
1240
1270
1292
1267
1242
1267
1232
1265
1220
1256
1225
1251
1213
1253
1215
1249
1264
1239
1186
1242
1211
1251
1216
1245
1223
1258
1210
1237
1175
1281
1206
1288
1247
1292
1267
1299
1263
1315
1262
1308
1270
1294
1198
1320
1244
1306
1277
1301
1286
1290
1277
1288
1267
1279
1252
1267
1251
1234
1210
1266
1186
1270
1201
1281
1168
1284
1185
1301
1239
1324
1265
1339
1223
1356
1212
1395
1252
1370
1277
1367
1335
1351
1373
1314
1377
1284
1390
1266
1372
1258
1333
1234
1321
1209
1381
1180
1254
1152
1264
1132
1258
1109
1285
1088
1214
1065
1168
1037
1081
1063
1012
1080
897
1101
892
1123
883
1148
873
1157
911
1183
968
1172
939
1222
1003
1252
971
1287
1008
1333
1051
1377
1129
1411
1213
1420
1308
1412
1403
1379
1475
1345
1537
1314
1566
1278
1632
1254
1567
1253
1540
1246
1508
1260
1477
1311
1442
1288
1383
1302
1337
1304
1265
1318
1215
1326
1138
1351
1114
1386
1090
1399
1036
1429
1016
1428
1014
1437
906
1431
941
1430
950
1412
976
1388
1009
1371
1036
1348
1156
1343
1197
1321
1301
1286
1415
1271
1440
1242
1527
1223
1605
1179
1641
1204
1577
1177
1564
1165
1578
1157
1479
1148
1408
1155
1371
1157
1320
1176
1318
1176
1302
1185
1293
1180
1255
1174
1256
1170
1305
1143
1226
1159
1271
1164
1245
1162
1194
1171
1163
1179
1220
1180
1212
1195
1223
1196
1193
1221
1122
1254
1095
1265
1099
1294
1084
1324
1111
1350
1130
1367
1120
1390
1052
1400
999
1399
968
1403
936
1395
948
1383
975
1378
1027
1341
1106
1327
1152
1307
1211
1297
1230
1257
1316
1270
1326
1256
1303
1252
1361
1246
1360
1232
1359
1235
1392
1188
1414
1225
1462
1211
1455
1208
1447
1212
1400
1212
1385
1227
1349
1240
1338
1257
1214
1255
1076
1273
1092
1270
1039
1274
1075
1249
1082
1273
1109
1257
1209
1275
1228
1296
1251
1271
1268
1277
1282
1279
1284
1270
1313
1273
1225
1269
1314
1267
1268
1265
1278
1258
1288
1253
1260
1244
1253
1227
1262
1230
1186
1229
1191
1236
1180
1256
1110
1265
1095
1292
998
1307
1091
1350
1032
1323
1017
1320
1076
1328
1122
1327
1201
1330
1254
1363
1264
1365
1332
1373
1359
1361
1381
1349
1415
1334
1388
1334
1581
1327
1536
1277
1595
1267
1540
1255
1471
1235
1417
1231
1353
1220
1293
1210
1211
1224
1194
1206
1178
1202
1167
1195
1157
1195
1160
1193
1121
1195
1044
1229
1180
1221
1141
1244
1186
1256
1260
1274
1247
1280
1236
1274
1246
1296
1170
1263
1163
1276
1131
1271
1122
1268
1106
1266
1061
1273
1059
1292
1120
1242
1057
1238
1041
1226
1058
1243
1048
1239
1096
1243
1101
1251
1198
1250
1206
1273
1206
1275
1225
1286
1247
1284
1253
1295
1137
1295
1281
1304
1383
1313
1424
1345
1410
1361
1428
1382
1384
1409
1362
1421
1301
1419
1276
1408
1322
1396
1328
1358
1345
1344
1379
1326
1343
1285
1332
1255
1369
1233
1368
1218
1354
1210
1352
1213
1363
1223
1359
1192
1330
1232
1290
1232
1287
1248
1227
1239
1226
1244
1249
1254
1217
1264
1186
1281
1176
1283
1159
1298
1110
1290
1098
1280
1088
1273
1032
1259
1088
1245
1150
1228
1171
1213
1214
1210
1253
1202
1271
1192
1242
1186
1163
1175
1224
1171
1219
1166
1262
1168
1268
1174
1276
1193
1262
1207
1253
1221
1177
1236
1191
1242
1202
1263
1187
1285
1193
1291
1095
1346
1240
1370
1161
1352
1047
1358
1150
1389
1062
1371
1091
1360
1139
1342
1187
1336
1279
1336
1301
1318
1326
1315
1325
1317
1354
1308
1280
1315
1335
1321
1375
1295
1341
1326
1372
1331
1377
1332
1325
1325
1247
1327
1206
1305
1165
1308
1121
1298
1141
1288
1178
1282
1202
1268
1255
1264
1336
1248
1257
1243
1300
1234
1332
1221
1302
1223
1320
1226
1379
1228
1440
1242
1419
1242
1440
1260
1388
1264
1328
1263
1279
1266
1281
1264
1169
1315
1382
1282
1274
1297
1322
1310
1274
1315
1250
1315
1210
1316
1195
1313
1176
1306
1202
1295
1207
1263
1287
1267
1321
1255
1343
1264
1320
1245
1219
1226
1232
1218
1196
1216
1218
1211
1236
1236
1244
1240
1260
1262
1249
1259
1171
1262
1195
1263
1117
1265
1126
1275
1133
1273
1089
1226
1212
1300
1189
1284
1200
1288
1207
1288
1173
1281
1226
1288
1239
1292
1287
1298
1362
1298
1351
1321
1379
1327
1400
1323
1390
1310
1311
1306
1336
1280
1377
1268
1360
1259
1319
1247
1318
1241
1307
1234
1223
1223
1181
1203
1143
1209
1098
1189
1118
1195
1126
1202
1132
1228
1124
1223
1186
1230
1179
1252
1101
1248
1099
1274
1147
1291
1169
1306
1264
1301
1327
1333
1336
1346
1368
1350
1370
1355
1335
1353
1312
1354
1228
1368
1316
1361
1292
1341
1249
1322
1327
1306
1324
1291
1262
1224
1227
1240
1191
1199
1197
1220
1216
1211
1300
1212
1336
1222
1373
1227
1311
1253
1342
1263
1290
1276
1334
1289
1295
1297
1317
1309
1354
1319
1358
1327
1393
1338
1340
1305
1275
1304
1219
1295
1193
1278
1142
1260
1258
1245
1253
1249
1231
1248
1284
1239
1226
1255
1252
1238
1213
1235
1245
1190
1274
1245
1291
1228
1336
1241
1350
1236
1331
1239
1267
1241
1319
1194
1164
1258
1083
1224
1066
1243
1128
1250
1125
1256
1158
1272
1149
1283
1141
1287
1093
1285
1098
1279
1093
1275
1137
1260
1195
1268
1245
1274
1284
1272
1298
1273
1296
1289
1263
1276
1282
1270
1298
1291
1342
1303
1381
1322
1432
1336
1422
1343
1399
1348
1362
1345
1301
1326
1399
1337
1326
1306
1341
1305
1285
1312
1316
1290
1324
1288
1313
1254
1298
1264
1267
1245
1232
1245
1254
1235
1250
1244
1278
1233
1372
1260
1319
1245
1277
1257
1194
1259
1179
1250
1145
1223
1129
1247
1162
1209
1197
1253
1228
1251
1276
1254
1276
1257
1229
1247
1218
1251
1203
1250
1168
1256
1172
1255
1259
1257
1309
1263
1338
1255
1338
1258
1315
1257
1263
1252
1262
1242
1247
1248
1242
1250
1263
1259
1288
1251
1242
1245
1263
1230
1114
1261
1213
1258
1139
1240
1135
1243
1210
1247
1195
1276
1215
1289
1219
1294
1165
1296
1148
1278
1144
1286
1155
1274
1195
1270
1091
1300
1386
1313
1324
1306
1371
1289
1328
1289
1256
1290
1225
1287
1209
1298
1270
1272
1338
1285
1323
1283
1329
1286
1290
1299
1272
1288
1230
1291
1296
1257
1242
1267
1211
1267
1279
1287
1325
1304
1357
1302
1338
1303
1314
1295
1276
1284
1220
1274
1238
1276
1300
1272
1321
1260
1373
1282
1431
1267
1306
1292
1248
1283
1251
1273
1259
1269
1215
1249
1262
1269
1290
1248
1285
1274
1261
1280
1322
1268
1280
1271
1254
1244
1170
1265
1275
1268
1255
1262
1271
1272
1354
1279
1297
1282
1277
1287
1231
1271
1204
1255
1195
1248
1201
1251
1218
1275
1278
1273
1300
1284
1302
1288
1279
1285
1306
1259
1253
1269
1203
1264
1234
1249
1266
1252
1300
1247
1310
1244
1275
1247
1263
1243
1222
1238
1189
1175
1177
1226
1195
1238
1270
1269
1241
1258
1291
1273
1288
1294
1263
1280
1231
1278
1182
1218
1203
1256
1206
1262
1242
1265
1277
1276
1285
1271
1287
1285
1175
1292
1262
1281
1155
1269
1164
1262
1245
1254
1212
1257
1274
1261
1289
1279
1260
1258
1219
1266
1178
1257
1146
1251
1155
1248
1271
1229
1259
1280
1306
1274
1270
1310
1280
1316
1274
1316
1253
1308
1240
1298
1253
1301
1330
1283
1355
1300
1407
1303
1381
1328
1377
1308
1330
1303
1263
1295
1171
1306
1259
1281
1316
1258
1342
1278
1382
1288
1361
1270
1339
1292
1261
1274
1215
1259
1217
1252
1232
1227
1259
1242
1297
1242
1334
1261
1314
1266
1290
1267
1258
1266
1159
1256
1194
1254
1228
1271
1264
1250
1314
1263
1335
1251
1305
1271
1247
1264
1198
1255
1115
1246
1124
1233
1164
1223
1185
1266
1278
1252
1285
1280
1307
1277
1291
1273
1238
1267
1214
1250
1216
1248
1210
1257
1230
1256
1308
1263
1298
1271
1279
1290
1145
1294
1127
1260
1153
1236
1160
1251
1226
1247
1263
1260
1312
1278
1343
1292
1341
1307
1310
1294
1240
1295
1183
1287
1211
1296
1232
1304
1340
1304
1343
1322
1301
1332
1339
1325
1282
1319
1246
1304
1208
1282
1241
1264
1284
1254
1322
1263
1354
1265
1361
1268
1340
1270
1273
1263
1200
1263
1200
1245
1182
1244
1269
1247
1289
1261
1341
1258
1367
1277
1303
1267
1256
1264
1145
1249
1150
1233
1177
1237
1170
1240
1242
1280
1291
1293
1345
1309
1241
1301
1235
1297
1215
1287
1188
1277
1230
1264
1300
1263
1397
1254
1392
1270
1377
1261
1307
1273
1266
1263
1227
1251
1200
1263
1169
1256
1345
1237
1299
1273
1340
1295
1318
1297
1261
1291
1175
1275
1135
1236
1113
1241
1223
1217
1202
1227
1289
1241
1287
1266
1261
1283
1294
1258
1183
1260
1171
1266
1212
1248
1253
1263
1287
1289
1353
1307
1349
1310
1345
1312
1286
1317
1152
1307
1165
1289
1178
1281
1202
1288
1207
1315
1306
1292
1263
1317
1298
1322
1271
1295
1220
1277
1187
1251
1224
1239
1249
1245
1314
1239
1328
1252
1380
1268
1339
1283
1287
1274
1225
1255
1184
1262
1236
1259
1260
1245
1341
1276
1383
1294
1344
1308
1318
1312
1268
1309
1168
1277
1186
1282
1217
1256
1268
1267
1304
1278
1388
1286
1360
1338
1318
1319
1295
1296
1203
1291
1192
1278
1204
1266
1276
1268
1337
1276
1388
1291
1387
1301
1336
1291
1222
1282
1180
1267
1185
1247
1239
1219
1288
1242
1403
1277
1334
1268
1355
1274
1290
1274
1214
1291
1172
1250
1167
1220
1215
1221
1315
1238
1356
1242
1394
1264
1351
1286
1299
1289
1211
1283
1179
1259
1183
1270
1164
1249
1276
1264
1286
1281
1355
1280
1299
1286
1248
1281
1154
1263
1088
1251
1130
1230
1243
1225
1250
1238
1294
1256
1305
1270
1264
1328
1181
1298
1202
1260
1114
1249
1120
1222
1207
1234
1226
1241
1305
1256
1314
1273
1281
1280
1215
1281
1100
1271
1145
1265
1142
1262
1243
1274
1313
1288
1342
1330
1351
1331
1323
1336
1260
1305
1184
1294
1196
1282
1207
1264
1376
1255
1334
1271
1380
1294
1383
1310
1329
1309
1261
1307
1168
1310
1087
1275
1189
1248
1276
1270
1333
1276
1390
1262
1358
1291
1345
1292
1230
1291
1214
1261
1207
1240
1207
1211
1269
1271
1352
1283
1416
1275
1380
1321
1329
1301
1252
1294
1171
1274
1163
1257
1183
1260
1258
1238
1347
1250
1331
1263
1336
1282
1246
1277
1169
1254
1121
1244
1143
1215
1189
1240
1234
1231
1309
1250
1308
1272
1307
1283
1250
1283
1161
1284
1113
1249
1141
1222
1204
1204
1278
1225
1351
1235
1393
1256
1335
1292
1255
1297
1188
1289
1190
1271
1193
1259
1248
1262
1343
1275
1389
1292
1386
1288
1350
1321
1264
1309
1196
1291
1145
1269
1191
1235
1212
1235
1312
1240
1361
1264
1325
1287
1271
1283
1173
1311
1099
1286
1139
1283
1187
1213
1288
1228
1347
1258
1412
1277
1403
1299
1321
1290
1280
1306
1191
1269
1153
1249
1210
1247
1228
1235
1314
1254
1386
1288
1374
1303
1287
1308
1225
1303
1164
1260
1159
1213
1162
1221
1295
1275
1358
1267
1359
1283
1329
1302
1279
1309
1156
1294
1126
1288
1126
1249
1186
1208
1192
1253
1362
1252
1375
1274
1343
1296
1263
1296
1219
1299
1105
1258
1148
1250
1209
1214
1278
1236
1339
1253
1354
1274
1329
1296
1267
1272
1218
1275
1122
1255
1176
1203
1256
1231
1311
1245
1401
1266
1383
1281
1355
1280
1307
1299
1193
1270
1143
1259
1186
1203
1224
1236
1208
1256
1372
1269
1353
1299
1297
1293
1237
1293
1158
1277
1107
1275
1178
1199
1204
1197
1204
1247
1333
1268
1327
1297
1256
1328
1205
1301
1095
1290
1111
1259
1150
1268
1246
1222
1342
1260
1413
1278
1359
1293
1298
1316
1246
1315
1150
1272
1120
1258
1213
1247
1257
1252
1531
1242
1353
1284
1386
1306
1296
1325
1243
1304
1187
1274
1158
1221
1198
1211
1243
1216
1499
1252
1389
1208
1358
1300
1273
1313
1237
1300
1165
1282
1145
1272
1299
1269
1297
1220
1366
1263
1428
1284
1383
1307
1278
1314
1240
1322
1188
1276
1184
1257
1307
1207
1237
1200
1375
1257
1389
1279
1329
1296
1230
1306
1179
1283
1182
1270
1144
1222
1272
1232
1295
1224
1263
1276
1427
1273
1319
1295
1226
1307
1116
1286
1156
1226
1106
1225
1220
1200
1178
1218
1285
1266
1348
1290
1276
1302
1212
1302
1093
1272
1133
1223
1193
1226
1248
1222
1255
1179
1343
1241
1367
1268
1288
1293
1229
1288
1107
1272
1150
1219
1173
1253
1253
1250
1248
1204
1350
1268
1342
1291
1258
1306
1188
1321
1115
1295
1107
1278
1178
1219
1206
1246
1225
1217
1322
1277
1366
1308
1237
1323
1216
1309
1121
1301
1108
1285
1225
1223
1270
1217
1230
1213
1438
1283
1371
1304
1252
1315
1212
1304
1131
1302
1061
1227
1259
1263
1309
1217
1247
1291
1373
1287
1341
1310
1257
1327
1217
1286
1157
1296
1159
1277
1228
1199
1286
1228
1265
1240
1484
1274
1356
1294
1196
1272
1189
1281
1135
1280
1095
1253
1261
1233
1284
1233
1218
1267
1396
1290
1313
1305
1208
1312
1125
1290
1140
1291
1091
1242
1242
1217
1237
1231
1156
1290
1388
1294
1298
1307
1216
1317
1085
1290
1188
1287
1161
1234
1306
1262
1317
1181
1208
1277
1437
1290
1288
1304
1198
1308
1081
1283
1189
1273
1190
1258
1275
1192
1287
1238
1179
1293
1414
1296
1269
1311
1175
1308
1070
1280
1233
1265
1174
1217
1297
1186
1263
1212
1272
1300
1384
1298
1249
1313
1176
1317
1069
1286
1186
1268
1169
1261
1299
1241
1228
1174
1449
1284
1329
1298
1214
1307
1156
1303
1065
1283
1219
1261
1188
1253
1305
1246
1268
1202
1468
1290
1367
1307
1231
1321
1172
1291
1110
1285
1234
1239
1278
1211
1299
1207
1285
1212
1488
1289
1373
1286
1246
1306
1192
1291
1121
1285
1185
1218
1264
1255
1337
1249
1196
1211
1477
1309
1359
1315
1209
1320
1167
1274
1108
1282
1129
1239
1259
1194
1301
1209
1227
1209
1465
1298
1322
1311
1200
1362
1162
1293
1158
1289
1205
1231
1322
1240
1336
1228
1230
1221
1454
1288
1266
1289
1156
1302
1049
1274
1129
1268
1161
1242
1253
1215
1287
1182
1161
1152
1438
1295
1284
1333
1189
1320
1063
1282
1178
1274
1173
1239
1298
1210
1295
1190
1113
1198
1419
1297
1242
1305
1156
1308
1047
1290
1187
1286
1205
1207
1334
1242
1341
1194
1129
1232
1391
1270
1245
1327
1169
1327
1090
1302
1234
1295
1212
1262
1369
1249
1341
1194
1165
1204
1406
1311
1251
1322
1170
1327
1085
1284
1248
1288
1274
1201
1315
1209
1299
1233
1139
1257
1384
1317
1224
1321
1174
1320
1083
1289
1261
1251
1286
1256
1354
1206
1252
1221
1079
1278
1371
1317
1224
1321
1192
1309
1123
1291
1310
1257
1327
1242
1397
1224
1265
1198
1101
1301
1355
1305
1208
1315
1170
1297
1116
1272
1307
1233
1301
1181
1372
1223
1258
1155
1074
1269
1320
1286
1168
1291
1145
1278
1049
1264
1305
1231
1296
1235
1313
1230
1234
1200
1102
1286
1274
1312
1150
1314
1149
1291
1120
1285
1321
1225
1293
1208
1294
1178
1196
1220
1116
1292
1265
1303
1152
1310
1178
1284
1176
1272
1356
1201
1382
1196
1355
1186
1214
1216
1354
1272
1257
1314
1159
1315
1167
1287
1187
1270
1341
1196
1335
1228
1338
1229
1196
1227
1372
1312
1210
1328
1138
1328
1095
1307
1172
1293
1293
1252
1371
1204
1315
1197
1139
1210
1333
1296
1210
1316
1127
1316
1089
1275
1225
1272
1286
1194
1376
1187
1294
1234
1173
1229
1356
1333
1221
1329
1158
1340
1107
1294
1259
1291
1274
1229
1395
1239
1312
1229
1139
1226
1353
1312
1187
1317
1141
1314
1081
1281
1281
1257
1325
1203
1399
1244
1296
1197
1058
1295
1340
1310
1185
1314
1140
1304
1088
1271
1294
1270
1275
1260
1387
1206
1246
1210
1028
1285
1322
1308
1158
1302
1136
1306
1102
1278
1321
1254
1346
1250
1396
1202
1241
1217
1033
1285
1310
1308
1173
1308
1158
1297
1126
1268
1356
1253
1336
1235
1430
1183
1232
1229
1026
1306
1275
1317
1149
1325
1126
1301
1150
1280
1358
1208
1383
1223
1365
1232
1211
1207
1026
1288
1231
1266
1137
1298
1122
1295
1126
1266
1361
1209
1332
1234
1362
1214
1188
1187
1147
1297
1216
1316
1101
1317
1133
1288
1151
1276
1289
1229
1336
1213
1361
1188
1150
1194
1345
1306
1203
1311
1111
1290
1100
1281
1152
1273
1270
1264
1415
1237
1335
1229
1202
1241
1365
1310
1209
1311
1130
1310
1111
1275
1252
1285
1322
1192
1431
1218
1379
1237
1180
1237
1353
1309
1190
1311
1115
1315
1046
1285
1247
1282
1280
1233
1408
1235
1336
1217
1125
1212
1359
1327
1175
1325
1110
1327
1053
1285
1262
1285
1313
1204
1349
1203
1286
1247
1098
1192
1325
1304
1163
1313
1112
1294
801
1309
1478
1237
1295
1227
1411
1183
1277
1221
1093
1255
1262
1286
1118
1288
1084
1278
848
1239
1400
1192
1292
1235
1372
1232
1249
1185
1039
1284
1261
1291
1108
1288
1089
1207
1189
1293
1381
1232
1330
1208
1414
1190
1254
1195
1294
1301
1308
1327
1146
1315
818
1255
1229
1317
1397
1212
1357
1250
1386
1227
1277
1246
1480
1323
1283
1308
1137
1307
837
1267
1233
1328
1190
1236
1375
1245
1331
1234
1240
1220
1429
1316
1212
1334
1088
1322
747
1226
1260
1316
1272
1233
1381
1168
1325
1192
1211
1279
1442
1307
1225
1311
1108
1225
731
1209
1352
1319
1230
1255
1384
1212
1329
1224
1175
1303
1416
1315
1209
1309
1094
1239
786
1212
1402
1300
1289
1215
1382
1226
1344
1238
1291
1301
1403
1296
1206
1286
1105
1197
813
1220
1416
1294
1304
1205
1340
1218
1303
1219
1535
1298
1354
1310
1148
1302
1067
1252
790
1284
1431
1232
1270
1227
1333
1236
1278
1264
1490
1352
1343
1329
1163
1314
709
1246
835
1304
1518
1326
1280
1205
1374
1256
1307
1242
1526
1327
1274
1323
1114
1309
718
1216
802
1238
1475
1205
1296
1188
1350
1231
1285
1234
1519
1316
1281
1313
1129
1304
704
1239
867
1297
1531
1204
1322
1191
1347
1197
1210
1263
1510
1308
1271
1304
1098
1294
711
1210
838
1287
1538
1227
1322
1238
1404
1260
1283
1248
1519
1299
1268
1291
1099
1276
658
1210
848
1289
1549
1214
1315
1252
1371
1217
1574
1306
1457
1324
1220
1321
1099
1283
645
1208
1202
1301
1232
1202
1327
1246
1395
1232
1259
1324
1454
1332
1224
1326
1083
1244
730
1257
1251
1320
1483
1220
1354
1248
1393
1206
1639
1326
1456
1320
1214
1311
1073
1217
750
1239
1364
1298
1282
1229
1394
1189
1376
1233
1538
1313
1421
1309
1189
1294
727
1172
690
1202
1379
1287
1286
1206
1357
1200
1388
1187
1612
1327
1379
1329
1136
1306
734
1241
709
1234
1398
1302
1251
1234
1415
1242
1350
1251
1583
1332
1342
1330
1125
1320
600
1196
698
1303
1453
1315
1280
1199
1342
1201
1348
1274
1572
1336
1303
1324
1094
1269
615
1257
793
1228
1482
1307
1277
1259
1414
1225
1371
1323
1585
1335
1383
1343
1144
1277
698
1200
840
1293
1551
1330
1363
1235
1406
1268
1335
1340
1587
1337
1321
1324
1091
1215
634
1224
823
1287
1547
1262
1360
1198
1422
1197
1686
1265
1516
1300
1264
1300
1078
1223
640
1233
864
1293
1542
1253
1363
1204
1426
1243
1689
1325
1508
1339
1256
1335
730
1259
709
1205
1249
1325
1591
1197
1287
1216
1447
1238
1683
1311
1491
1317
1222
1301
723
1217
667
1230
1189
1286
1406
1183
1313
1227
1368
1232
1611
1325
1397
1337
1135
1327
596
1256
658
1162
1220
1304
1440
1228
1351
1230
1360
1311
1546
1340
1378
1337
1153
1323
609
1198
675
1219
1393
1305
1284
1214
1439
1194
1422
1266
1612
1307
1403
1313
1147
1248
610
1232
755
1223
1386
1282
1264
1209
1379
1198
1610
1273
1594
1337
1347
1340
1131
1286
673
1235
749
1299
1463
1317
1260
1244
1413
1201
1395
1329
1563
1333
1308
1356
1067
1231
591
1258
795
1299
1500
1288
1329
1219
1429
1235
1725
1286
1561
1342
1305
1352
1060
1282
642
1307
828
1313
1514
1339
1304
1233
1383
1279
1681
1338
1480
1365
1249
1379
1083
1314
665
1246
895
1314
1604
1219
1425
1202
1465
1196
1747
1254
1593
1287
1316
1286
745
1140
710
1202
882
1247
1609
1169
1327
1124
1364
1178
1473
1273
1451
1308
1168
1316
746
1222
618
1240
1191
1314
1352
1178
1286
1215
1358
1235
1541
1315
1425
1323
1197
1324
676
1194
719
1203
1340
1278
1505
1199
1413
1198
1381
1238
1548
1298
1395
1317
1153
1324
633
1246
708
1213
1232
1291
1292
1175
1266
1196
1236
1297
1396
1340
1270
1352
1065
1312
543
1296
670
1269
1312
1328
1197
1241
1318
1211
1364
1327
1532
1355
1337
1363
1146
1299
691
1253
833
1208
1509
1281
1365
1181
1435
1212
1549
1281
1646
1318
1407
1339
1186
1228
667
1273
785
1332
1468
1325
1231
1225
1303
1223
1679
1304
1514
1353
1282
1352
1098
1278
643
1254
814
1290
1479
1266
1228
1184
1381
1168
1687
1220
1570
1294
1328
1309
762
1233
704
1206
899
1278
1574
1310
1347
1231
1433
1277
1575
1286
1566
1330
1316
1335
815
1265
726
1212
819
1294
1475
1188
1185
1197
1238
1242
1308
1293
1392
1322
1189
1320
619
1219
670
1240
1081
1303
1536
1213
1255
1187
1337
1276
1449
1285
1530
1308
1304
1322
786
1208
800
1194
1345
1289
1440
1173
1230
1168
1295
1278
1436
1330
1403
1353
1205
1290
656
1291
761
1249
1329
1317
1344
1213
1281
1195
1386
1268
1496
1303
1395
1322
1223
1261
749
1225
788
1237
1400
1317
1373
1189
1342
1190
1633
1281
1542
1345
1427
1375
1242
1323
758
1270
802
1333
1449
1351
1172
1258
1225
1240
1607
1286
1467
1326
1332
1341
1168
1261
711
1223
813
1259
1457
1253
1202
1200
1330
1192
1698
1238
1590
1303
1428
1320
926
1269
845
1245
1255
1326
1539
1267
1261
1199
1295
1226
1613
1267
1522
1324
1340
1340
843
1235
738
1250
895
1317
1475
1244
1127
1174
1220
1191
1429
1282
1473
1306
1315
1320
776
1199
768
1235
1069
1306
1536
1175
1229
1205
1236
1255
1411
1276
1476
1324
1327
1340
819
1239
772
1275
1296
1334
1501
1253
1162
1215
1204
1282
1252
1290
1456
1329
1325
1249
827
1258
895
1217
1343
1292
1444
1197
1148
1133
1321
1262
1231
1260
1350
1298
1223
1255
740
1202
797
1212
1405
1312
1172
1230
1240
1202
1237
1309
1516
1343
1495
1358
1291
1296
888
1321
971
1270
1416
1366
1084
1268
1098
1264
1464
1283
1381
1346
1355
1370
1252
1302
780
1267
1045
1334
1500
1325
1189
1202
1238
1216
1634
1236
1586
1290
1508
1308
1394
1248
950
1221
968
1269
1518
1338
1146
1250
1202
1248
1499
1290
1441
1365
1366
1376
870
1315
881
1296
971
1308
1451
1352
1122
1217
1164
1269
1385
1209
1539
1291
1467
1273
1082
1179
965
1178
1176
1274
1631
1222
1229
1136
1209
1173
1370
1267
1525
1302
1414
1322
931
1218
869
1308
963
1329
1470
1267
1070
1221
1053
1299
1239
1264
1318
1319
1254
1319
770
1197
808
1197
1361
1300
1474
1184
1113
1160
1181
1240
1253
1274
1488
1301
1408
1220
939
1268
1311
1236
1414
1341
1465
1275
1124
1266
1132
1336
1235
1346
1363
1362
1280
1274
784
1280
880
1314
1411
1350
1100
1248
1113
1209
1128
1304
1356
1313
1419
1323
1339
1257
904
1229
1021
1197
1520
1311
1214
1208
1185
1179
1447
1235
1432
1308
1464
1319
1395
1226
982
1273
1083
1271
1541
1346
1193
1226
1180
1269
1437
1296
1429
1346
1426
1349
1005
1234
915
1318
1025
1283
1514
1307
1099
1190
1130
1225
1500
1258
1445
1301
1430
1274
1017
1212
1041
1297
1143
1312
1643
1329
1239
1231
1211
1332
1359
1301
1499
1336
1439
1369
945
1306
1328
1268
1068
1344
1454
1283
1035
1245
968
1222
1244
1265
1302
1312
1271
1311
871
1231
1143
1196
1021
1276
1553
1200
1144
1206
1100
1289
1311
1282
1512
1319
1479
1275
1045
1205
1421
1204
1147
1299
1605
1255
1101
1194
1058
1300
1190
1278
1372
1317
1331
1278
897
1187
1258
1235
1400
1312
1370
1208
1065
1200
1038
1321
1207
1314
1389
1314
1359
1288
993
1210
1264
1226
1464
1319
1417
1263
1162
1262
1438
1337
1293
1359
1511
1365
1438
1263
1049
1338
1129
1298
1546
1371
1162
1250
1072
1258
1295
1313
1235
1333
1319
1310
1308
1208
908
1186
1033
1158
1501
1266
1109
1186
1096
1187
1439
1241
1373
1316
1443
1324
1061
1226
1154
1314
1133
1284
1589
1342
1122
1286
1047
1258
1303
1321
1377
1356
1403
1345
1078
1190
1032
1284
1175
1215
1628
1273
1155
1228
1143
1216
1301
1265
1436
1308
1433
1287
997
1212
1455
1175
1119
1181
1579
1236
1078
1162
1056
1254
1178
1258
1358
1311
1333
1308
950
1190
1355
1215
1051
1323
1533
1243
1026
1233
1019
1358
1112
1320
1324
1355
1305
1269
913
1235
1293
1199
1052
1288
1500
1250
1056
1247
965
1318
1155
1300
1388
1324
1417
1233
1033
1248
1329
1199
1497
1314
1449
1277
1204
1265
1132
1366
1309
1360
1465
1356
1378
1249
1051
1246
1102
1177
1453
1283
1269
1226
1023
1237
1278
1278
1114
1318
1313
1321
1344
1229
958
1291
1125
1191
1563
1330
1206
1222
1101
1290
1355
1311
1336
1360
1465
1341
1036
1226
1396
1307
1195
1234
1620
1239
1190
1246
1058
1238
1155
1310
1294
1331
1361
1322
1021
1194
1291
1281
1083
1204
1539
1299
1174
1242
1044
1264
1289
1308
1330
1341
1396
1314
1083
1185
1153
1243
1166
1320
1620
1272
1145
1246
1122
1273
1263
1310
1397
1359
1395
1349
969
1228
1442
1281
1123
1283
1576
1342
1128
1313
1053
1374
1165
1336
1414
1357
1446
1332
1085
1199
1510
1220
1221
1275
1697
1177
1216
1212
1113
1228
1274
1288
1460
1301
1433
1214
1020
1220
1379
1169
1111
1247
1523
1164
995
1205
965
1312
1027
1304
1277
1313
1284
1219
876
1195
1106
1180
1412
1277
1297
1209
1043
1254
952
1320
1144
1355
1352
1368
1317
1242
986
1313
1111
1215
1449
1314
1258
1246
1117
1238
1293
1327
1226
1334
1443
1311
1457
1196
1040
1288
1147
1203
1434
1322
1308
1229
1130
1303
1236
1388
1199
1392
1376
1377
1011
1280
1378
1329
1097
1238
1528
1317
1162
1240
1103
1282
1423
1314
1368
1341
1461
1324
1118
1188
1453
1260
1152
1182
1624
1312
1200
1200
1083
1242
1200
1327
1332
1375
1372
1348
964
1236
1438
1233
1050
1239
1542
1294
1059
1216
1043
1264
1360
1308
1369
1338
1387
1306
996
1161
1458
1177
1159
1170
1646
1244
1211
1190
1168
1262
1223
1272
1431
1315
1435
1207
1013
1263
1450
1187
1148
1274
1581
1250
1073
1224
1030
1359
1141
1343
1325
1368
1324
1278
884
1293
1275
1255
1083
1308
1540
1253
1105
1238
1050
1339
1200
1328
1389
1335
1378
1289
1005
1249
1172
1197
1158
1261
1626
1243
1191
1223
1465
1330
1212
1361
1423
1372
1419
1245
1109
1314
1140
1216
1401
1322
1310
1289
1160
1249
1340
1313
1218
1349
1401
1330
1380
1202
1004
1262
1101
1198
1201
1268
1234
1221
1108
1207
1449
1290
1204
1345
1398
1354
1033
1207
1428
1286
1136
1203
1588
1294
1180
1200
1109
1208
1402
1283
1304
1339
1356
1337
992
1237
1361
1265
1091
1213
1542
1290
1176
1245
1065
1222
1348
1302
1301
1344
1348
1302
948
1218
1427
1186
1062
1247
1588
1225
1138
1238
1100
1271
1393
1314
1360
1354
1366
1349
963
1271
1434
1288
1118
1218
1586
1306
1199
1265
1111
1310
1170
1309
1370
1344
1361
1265
921
1276
1416
1217
1114
1208
1620
1213
1148
1256
1220
1339
1403
1320
1441
1364
1438
1284
986
1316
1334
1245
1182
1309
1626
1220
1135
1244
1097
1345
1208
1326
1403
1339
1344
1209
1024
1321
1208
1199
1147
1252
1572
1206
1119
1245
1383
1266
1210
1294
1388
1314
1355
1164
1176
1270
1059
1145
1328
1264
1219
1216
1104
1199
1338
1294
1139
1340
1351
1353
1349
1257
1096
1323
1099
1243
1384
1326
1256
1227
1176
1278
1447
1323
1189
1358
1388
1350
946
1249
1402
1324
1122
1230
1576
1329
1183
1248
1155
1237
1492
1297
1332
1364
1390
1358
1053
1232
1403
1281
1095
1219
1605
1325
1208
1219
1186
1242
1322
1317
1374
1387
1384
1346
936
1203
1436
1241
1113
1206
1639
1286
1254
1211
1190
1266
1492
1281
1428
1353
1408
1329
943
1235
1446
1197
1103
1178
1638
1262
1215
1242
1144
1314
1165
1289
1392
1325
1353
1265
938
1264
1415
1153
1138
1139
1621
1183
1181
1214
1110
1299
1212
1267
1335
1314
1247
1232
811
1275
1195
1220
1054
1259
1500
1231
1101
1232
1035
1331
1149
1313
1338
1332
1288
1238
1132
1295
1165
1169
1068
1273
1621
1199
1196
1245
1512
1286
1293
1322
1406
1345
1354
1269
1244
1328
1115
1216
1393
1316
1284
1188
1162
1285
1363
1291
1163
1358
1368
1361
946
1252
1350
1328
1036
1259
1319
1329
1294
1238
1229
1275
1579
1334
1266
1360
1440
1354
983
1262
1413
1306
1069
1205
1586
1287
1235
1182
1181
1205
1439
1270
1282
1365
1350
1328
1000
1221
1368
1289
1092
1216
1567
1291
1243
1234
1178
1289
1420
1320
1415
1363
1424
1333
954
1217
1446
1216
1076
1177
1586
1280
1196
1187
1138
1281
1251
1276
1339
1336
1327
1327
914
1274
1380
1254
1085
1197
1605
1237
1213
1254
1145
1187
1350
1297
1396
1330
1350
1257
858
1294
1381
1238
1104
1225
1591
1219
1161
1253
1138
1339
1234
1294
1367
1351
1329
1297
932
1302
1257
1228
1146
1280
1617
1196
1191
1230
1119
1319
1222
1300
1401
1329
1288
1251
1178
1302
1159
1218
1142
1291
1527
1257
1230
1284
1425
1368
1302
1338
1438
1354
1364
1261
1244
1320
1082
1218
1426
1316
1253
1261
1193
1223
1243
1326
1155
1324
1319
1325
931
1196
1345
1297
1096
1206
1338
1295
1300
1216
1238
1262
1547
1263
1262
1305
1385
1316
929
1196
1325
1287
975
1201
1516
1295
1181
1220
1148
1236
1428
1280
1243
1306
1310
1352
960
1184
1323
1280
1090
1176
1563
1299
1214
1241
1178
1254
1374
1291
1354
1341
1352
1318
887
1280
1387
1226
1059
1236
1576
1318
1258
1231
1174
1305
1318
1279
1378
1328
1342
1323
904
1308
1342
1215
1077
1210
1619
1242
1193
1213
1156
1264
1207
1288
1377
1345
1296
1285
858
1304
1335
1198
1019
1212
1588
1239
1203
1218
1167
1334
1315
1315
1433
1357
1378
1304
948
1328
1218
1233
1123
1324
1618
1227
1257
1224
1204
1321
1125
1297
1390
1317
1233
1225
1165
1283
1109
1213
1038
1257
1459
1174
1153
1240
1412
1279
1191
1289
1355
1317
1280
1258
1218
1318
1021
1209
1353
1311
1253
1248
1245
1234
1360
1274
1293
1312
1446
1312
982
1240
1371
1286
1057
1228
1269
1299
1226
1252
1184
1255
1523
1285
1238
1347
1363
1336
970
1249
1346
1319
1033
1197
1192
1316
1219
1198
1200
1248
1449
1303
1326
1336
1376
1330
876
1326
1358
1288
1035
1240
1551
1309
1198
1253
1212
1273
1388
1292
1350
1332
1344
1323
887
1241
1343
1262
1011
1171
1508
1300
1206
1238
1160
1242
1197
1265
1370
1304
1375
1272
951
1237
1389
1176
1065
1168
1639
1181
1223
1191
1172
1265
1306
1261
1409
1317
1324
1261
852
1303
1313
1241
1005
1227
1535
1214
1122
1216
1113
1321
1222
1293
1366
1290
1286
1288
856
1294
1200
1221
1027
1292
1517
1266
1246
1278
1154
1328
1348
1337
1423
1346
1338
1271
1282
1321
1098
1247
1100
1262
1451
1257
1205
1232
1337
1303
1269
1308
1413
1324
1356
1199
1283
1302
985
1229
1400
1304
1255
1250
1251
1242
1207
1319
1291
1311
1411
1325
906
1224
1317
1292
1024
1222
1155
1284
1194
1193
1217
1196
1529
1247
1355
1315
1387
1315
978
1196
1339
1301
1007
1272
1161
1319
1267
1267
1222
1268
1512
1292
1348
1322
1388
1310
928
1284
1370
1277
1059
1175
1550
1302
1198
1244
1221
1263
1504
1313
1369
1332
1355
1338
869
1316
1323
1258
975
1264
1491
1343
1178
1247
1185
1268
1310
1273
1375
1305
1346
1292
903
1249
1329
1222
1033
1220
1559
1259
1183
1195
1151
1286
1285
1298
1448
1337
1377
1274
924
1321
1373
1269
1080
1228
1574
1222
1179
1232
1129
1310
1262
1264
1411
1309
1327
1255
849
1288
1149
1210
1056
1293
1534
1219
1129
1224
1234
1316
1358
1320
1471
1352
1338
1258
1313
1310
1152
1184
1063
1276
1451
1215
1183
1258
1314
1294
1246
1297
1416
1323
1297
1208
1225
1271
984
1209
1320
1309
1179
1224
1175
1213
1097
1311
1249
1301
1388
1310
939
1175
1302
1284
944
1194
1131
1280
1187
1254
1172
1217
1562
1277
1229
1343
1386
1318
921
1244
1318
1310
983
1214
1157
1290
1220
1177
1207
1181
1372
1282
1298
1318
1403
1282
916
1253
1344
1270
980
1192
1511
1274
1225
1263
1193
1264
1545
1311
1400
1358
1354
1340
855
1307
1316
1269
948
1245
1468
1299
1100
1217
1127
1295
1274
1277
1371
1313
1344
1257
886
1286
1354
1194
1000
1218
1567
1224
1197
1251
1196
1319
1344
1286
1463
1337
1384
1244
1022
1320
1346
1254
1005
1205
1548
1276
1185
1277
1118
1308
1280
1289
1408
1310
1335
1239
957
1288
1142
1218
1071
1262
1501
1183
1197
1176
1206
1291
1321
1267
1443
1308
1315
1242
1269
1292
1099
1215
1095
1274
1456
1234
1243
1230
1372
1297
1295
1308
1420
1285
1324
1245
1267
1325
994
1237
1052
1298
1352
1269
1174
1246
1518
1301
1256
1327
1409
1342
910
1260
1321
1308
995
1232
1204
1299
1260
1194
1257
1201
1549
1268
1218
1319
1391
1329
915
1236
1291
1305
975
1207
1085
1315
1181
1220
1204
1216
1498
1275
1279
1312
1372
1306
869
1258
1319
1281
976
1157
1504
1280
1225
1214
1171
1198
1406
1277
1398
1295
1392
1320
897
1308
1338
1252
1003
1248
1546
1322
1225
1194
1224
1335
1352
1267
1424
1319
1351
1212
850
1295
1304
1242
991
1218
1507
1228
1201
1259
1191
1293
1226
1286
1425
1332
1341
1282
844
1301
1319
1239
1037
1212
1567
1251
1215
1226
1216
1280
1299
1252
1400
1298
1324
1243
861
1294
1162
1189
990
1294
1437
1214
1139
1216
1146
1295
1251
1294
1394
1341
1307
1212
1220
1317
1105
1214
1002
1273
1394
1210
1181
1179
1242
1310
1330
1279
1397
1329
1340
1266
1273
1316
1029
1227
1100
1307
1443
1264
1266
1252
1604
1278
1307
1301
1444
1298
928
1237
1316
1301
1004
1181
1187
1290
1205
1237
1164
1248
1494
1271
1232
1328
1339
1334
900
1227
1251
1333
899
1258
1078
1327
1224
1216
1199
1223
1367
1281
1282
1337
1371
1329
871
1288
1308
1324
941
1214
1476
1325
1169
1247
1239
1239
1556
1273
1417
1333
1387
1331
890
1288
1334
1254
995
1223
1532
1316
1260
1209
1255
1257
1399
1263
1416
1308
1392
1238
926
1302
1328
1236
1029
1209
1585
1272
1257
1260
1260
1229
1374
1283
1481
1333
1382
1284
898
1292
1338
1266
1051
1198
1547
1282
1248
1248
1198
1296
1312
1267
1424
1312
1312
1282
925
1298
1285
1300
1389
1267
1280
1195
1159
1256
1183
1228
1049
1215
927
1303
1309
1315
1258
1299
1288
1261
1236
1243
1337
1250
1407
1254
1229
1190
1074
1193
967
1257
882
1220
1273
1321
1379
1320
1486
1280
1567
1283
1459
1270
1448
1282
1326
1258
988
1251
937
1246
895
1195
944
1294
1524
1307
1606
1301
1592
1295
1379
1268
1253
1275
1130
1276
885
1227
845
1222
942
1268
1057
1247
1601
1341
1680
1347
1600
1329
1457
1298
1141
1291
1060
1298
1015
1268
965
1226
1106
1210
1156
1221
1244
1340
1622
1335
1487
1314
1344
1334
1105
1284
1121
1283
1210
1297
1196
1238
1286
1294
1298
1203
1217
1204
1494
1315
1370
1319
1264
1266
1242
1262
1156
1260
1286
1259
1313
1201
1238
1232
1142
1256
1032
1250
953
1319
1318
1323
1334
1307
1416
1293
1362
1256
1458
1251
1451
1242
1205
1244
1077
1248
922
1209
881
1228
1370
1322
1492
1308
1595
1305
1637
1283
1456
1282
1352
1276
1161
1270
914
1230
850
1207
888
1226
1032
1288
1583
1257
1654
1312
1602
1299
1315
1269
1149
1269
1052
1276
823
1268
922
1224
998
1244
1129
1246
1692
1318
1667
1299
1541
1314
1358
1267
1103
1256
1055
1266
1075
1244
1072
1210
1167
1222
1210
1247
1127
1315
1488
1339
1339
1345
1214
1343
1022
1299
1124
1302
1259
1309
1221
1241
1241
1219
1214
1264
1095
1247
1419
1321
1358
1315
1335
1314
1390
1266
1350
1258
1465
1255
1494
1246
1254
1231
1137
1206
937
1209
846
1317
1331
1318
1406
1307
1517
1303
1415
1262
1422
1260
1353
1267
1057
1201
874
1216
824
1250
867
1230
1363
1328
1523
1319
1602
1304
1584
1269
1338
1269
1210
1269
1087
1222
889
1195
925
1196
1031
1222
1162
1277
1717
1310
1698
1312
1566
1297
1243
1274
1090
1317
1040
1287
892
1212
920
1196
1126
1244
1241
1183
1645
1299
1591
1310
1435
1307
1296
1286
1082
1272
1139
1277
1244
1212
1147
1236
1201
1258
1207
1232
1035
1301
1357
1305
1222
1318
1157
1306
1044
1264
1162
1289
1308
1251
1202
1184
1208
1198
1088
1196
917
1194
1229
1267
1262
1257
1301
1216
1389
1205
1329
1182
1410
1186
1353
1174
1010
1159
856
1147
720
1195
711
1203
1229
1268
1372
1242
1488
1232
1420
1212
1330
1209
1191
1226
916
1238
765
1280
756
1269
789
1304
1315
1429
1617
1406
1718
1386
1729
1339
1482
1315
1362
1333
1237
1330
1000
1356
1043
1443
1159
1412
1333
1386
1892
1479
1904
1405
1814
1356
1626
1261
1387
1247
1260
1287
1085
1322
1001
1406
990
1444
1035
1459
1143
1488
1525
1402
1512
1322
1462
1228
1256
1166
1239
1188
1230
1243
1046
1336
990
1350
901
1407
880
1364
1416
1353
1506
1234
1587
1122
1613
1029
1503
1042
1457
1092
1296
1127
1064
1247
966
1318
994
1308
1036
1292
1627
1190
1744
1093
1786
1023
1568
979
1415
1042
1200
1149
816
1246
734
1314
703
1307
816
1283
1431
1273
1606
1183
1650
1113
1528
1023
1174
1079
969
1140
822
1274
608
1329
688
1387
809
1414
1024
1434
1605
1375
1614
1309
1485
1235
1155
1202
969
1260
859
1360
638
1394
750
1520
895
1501
1020
1495
1504
1493
1637
1381
1577
1266
1461
1187
1183
1150
1142
1228
1176
1300
1031
1395
1123
1462
1235
1399
1266
1401
1757
1323
1740
1226
1685
1113
1486
1060
1367
1109
1311
1215
1126
1288
1032
1400
1092
1423
1058
1385
1439
1399
1771
1283
1744
1126
1642
1123
1346
1111
1177
1200
1040
1311
814
1357
843
1430
1030
1422
1216
1326
1833
1315
1929
1229
1826
1156
1580
1121
1173
1188
968
1274
844
1369
751
1415
886
1434
1146
1394
1346
1356
1893
1257
1809
1164
1568
1128
1129
1097
936
1205
867
1320
688
1371
923
1437
1123
1416
1316
1364
1809
1351
1806
1248
1636
1181
1435
1142
1169
1175
1075
1265
1126
1324
1088
1426
1198
1416
1362
1417
1342
1316
1786
1290
1699
1184
1566
1115
1359
1083
1229
1144
1215
1252
1092
1318
1051
1360
1015
1418
1053
1371
1150
1337
1497
1223
1477
1124
1427
1087
1215
1087
1153
1187
1086
1319
844
1395
851
1422
895
1457
995
1380
1540
1336
1638
1231
1580
1149
1471
1082
1187
1173
1046
1288
962
1385
780
1399
860
1408
1014
1406
1202
1352
1757
1263
1762
1176
1638
1142
1303
1134
1106
1219
1046
1333
943
1409
989
1437
1165
1433
1340
1346
1823
1352
1900
1248
1775
1175
1572
1144
1246
1170
1159
1262
1147
1337
1074
1418
1213
1429
1289
1436
1354
1359
1783
1327
1663
1211
1491
1127
1290
1094
1070
1127
1050
1230
1065
1303
1025
1323
1103
1337
1147
1314
1194
1315
1562
1212
1465
1121
1343
1083
1082
1085
1029
1180
1010
1292
841
1337
913
1396
982
1398
1057
1308
1514
1282
1554
1179
1453
1104
1321
1069
1036
1129
966
1193
951
1303
820
1323
1010
1373
1114
1292
1272
1301
1740
1210
1665
1131
1504
1112
1232
1126
997
1208
940
1344
905
1358
939
1452
1135
1419
1277
1344
1358
1351
1772
1265
1597
1223
1370
1233
1025
1253
938
1350
983
1444
933
1473
1128
1442
1290
1463
1403
1333
1760
1352
1638
1264
1439
1213
1263
1197
1021
1242
1058
1329
1209
1407
1227
1419
1355
1436
1425
1348
1364
1297
1694
1271
1542
1188
1375
1155
1156
1148
1102
1243
1167
1317
1189
1360
1165
1406
1269
1339
1238
1258
1159
1256
1571
1156
1496
1082
1411
1061
1213
1115
1225
1209
1247
1318
1159
1342
1195
1374
1194
1285
1158
1224
1569
1179
1525
1116
1441
1087
1330
1102
1104
1191
1065
1303
1087
1379
971
1396
987
1342
1072
1273
1046
1158
1513
1184
1433
1133
1290
1128
1081
1155
938
1251
944
1329
985
1374
930
1359
1096
1277
1102
1184
1204
1205
1532
1146
1371
1116
1209
1156
933
1201
910
1291
993
1392
949
1424
1075
1377
1194
1365
1245
1232
1561
1256
1471
1229
1305
1179
1188
1201
982
1272
1047
1354
1193
1409
1122
1383
1289
1394
1358
1271
1312
1212
1651
1195
1495
1146
1350
1153
1180
1191
1065
1280
1142
1368
1281
1420
1187
1388
1227
1339
1281
1237
1181
1191
1451
1103
1319
1104
1199
1152
981
1195
1000
1340
1099
1429
1085
1456
1172
1408
1247
1307
1204
1187
1528
1196
1481
1153
1331
1171
1241
1208
1071
1323
1158
1416
1302
1474
1282
1402
1380
1375
1415
1246
1315
1145
1558
1177
1394
1149
1244
1198
1134
1239
1032
1332
1164
1399
1307
1377
1262
1358
1321
1282
1305
1146
1127
1139
1464
1121
1298
1130
1188
1185
1009
1253
1104
1348
1269
1412
1350
1355
1322
1365
1384
1241
1209
1141
1135
1170
1361
1142
1228
1168
1117
1234
998
1291
1107
1373
1244
1416
1193
1390
1209
1279
1190
1224
1103
1077
1359
1129
1285
1128
1207
1174
1194
1247
1095
1341
1205
1412
1312
1438
1195
1385
1155
1272
1144
1208
1001
1090
1357
1116
1235
1146
1187
1230
1149
1299
1109
1378
1217
1456
1328
1438
1187
1372
1191
1306
1194
1185
1077
1187
1423
1166
1329
1208
1272
1289
1144
1363
1215
1422
1335
1457
1296
1369
1329
1288
1309
1237
1267
1133
1407
1180
1419
1169
1312
1198
1261
1334
1134
1380
1228
1441
1359
1448
1279
1368
1267
1239
1225
1161
1108
1027
1346
1108
1271
1130
1217
1193
1222
1250
1159
1303
1276
1394
1370
1415
1201
1293
1175
1250
1105
1128
919
1120
1282
1138
1219
1208
1221
1234
1230
1312
1201
1391
1312
1429
1374
1371
1194
1292
1133
1199
1101
1130
1021
1116
1394
1145
1327
1197
1349
1285
1246
1351
1278
1431
1337
1459
1260
1411
1196
1308
1137
1214
1082
1117
1255
1137
1377
1161
1293
1237
1278
1337
1152
1414
1184
1478
1247
1497
1144
1396
1128
1290
1107
1191
1078
1084
1423
1188
1373
1226
1322
1321
1306
1412
1180
1472
1274
1497
1363
1469
1250
1341
1264
1203
1219
1164
1122
1067
1483
1184
1390
1246
1362
1339
1367
1401
1284
1464
1377
1467
1444
1365
1293
1251
1290
1176
1173
1078
1110
1142
1445
1166
1382
1232
1400
1339
1344
1384
1320
1453
1396
1451
1452
1371
1253
1277
1211
1176
1173
1085
1044
1128
1411
1164
1362
1243
1364
1326
1223
1406
1253
1433
1316
1436
1281
1346
1196
1219
1144
1132
1097
1059
1231
1122
1321
1174
1281
1281
1274
1384
1169
1434
1257
1479
1360
1412
1291
1303
1205
1133
1137
1086
1044
999
1314
1112
1265
1196
1209
1295
1249
1386
1158
1392
1276
1427
1366
1373
1175
1282
1196
1136
1072
1024
957
1021
1263
1169
1218
1238
1244
1346
1307
1410
1256
1445
1361
1428
1421
1338
1165
1194
1065
1147
1018
1045
924
1076
1270
1182
1279
1290
1328
1398
1355
1449
1331
1481
1386
1455
1436
1379
1167
1260
1069
1131
983
1052
866
1155
1320
1209
1343
1309
1391
1418
1321
1464
1347
1493
1374
1454
1374
1352
1102
1229
1100
1103
1011
1039
934
1153
1398
1223
1410
1337
1457
1415
1345
1465
1370
1493
1404
1426
1244
1271
1201
1148
1117
1101
1087
1060
1384
1170
1420
1271
1430
1390
1464
1481
1357
1490
1400
1463
1427
1405
1272
1252
1163
1087
1099
1063
1035
992
1378
1155
1379
1256
1378
1376
1411
1460
1315
1469
1353
1431
1362
1349
1155
1187
1099
1067
969
1011
890
1022
1314
1148
1313
1262
1355
1396
1398
1461
1293
1469
1324
1430
1315
1291
1135
1173
1011
1025
958
1009
924
1081
1362
1180
1376
1333
1413
1482
1431
1506
1299
1503
1307
1427
1278
1247
1064
1137
973
1022
1007
997
910
1082
1356
1214
1399
1390
1436
1516
1436
1544
1328
1510
1355
1404
1349
1256
1142
1066
1060
981
991
1011
982
1156
1399
1285
1410
1426
1453
1531
1401
1513
1365
1438
1359
1352
1283
1146
1103
1080
1060
1013
976
1017
1228
1242
1319
1342
1417
1485
1485
1567
1372
1537
1368
1443
1320
1341
1152
1154
1093
1044
1003
1012
973
1022
1342
1179
1372
1324
1440
1460
1483
1526
1349
1493
1392
1409
1318
1266
1131
1124
990
955
942
967
969
977
1383
1204
1421
1369
1457
1517
1470
1579
1309
1542
1287
1400
1259
1243
1088
1021
955
933
971
954
995
1058
1425
1240
1451
1470
1471
1564
1489
1613
1326
1502
1318
1349
1304
1193
1069
999
1031
905
955
963
928
1133
1363
1314
1368
1492
1414
1598
1436
1600
1285
1467
1278
1318
1271
1138
1022
1010
948
936
946
1041
894
1215
1346
1363
1395
1525
1467
1589
1477
1562
1318
1449
1306
1269
1267
1133
1020
965
1022
1004
1036
1045
1030
1262
1442
1442
1542
1588
1541
1651
1541
1592
1339
1444
1322
1267
1270
1093
1046
962
1088
977
1079
1019
1087
1283
1479
1451
1509
1586
1504
1617
1479
1525
1290
1387
1292
1185
1293
1023
1102
969
1080
950
1133
1091
1091
1323
1412
1472
1437
1611
1444
1588
1423
1479
1255
1314
1264
1142
1271
1038
1088
945
1072
1016
1049
1126
1177
1340
1358
1525
1415
1636
1426
1565
1422
1424
1274
1249
1265
1086
1248
959
1040
923
996
991
1036
1135
1179
1384
1385
1521
1468
1595
1466
1548
1433
1393
1246
1219
1237
1052
1149
928
1046
887
1043
975
986
1133
1359
1401
1374
1558
1424
1617
1378
1558
1338
1354
1164
1180
1167
1029
1123
922
1023
942
1094
1051
1087
1243
1421
1466
1371
1624
1376
1667
1356
1550
1316
1353
1167
1178
1211
1020
1163
954
1127
919
1059
1096
1039
1250
1250
1524
1269
1637
1336
1614
1338
1491
1344
1285
1233
1114
1283
1012
1261
985
1123
1020
1158
1149
1117
1327
1448
1520
1373
1615
1404
1586
1417
1460
1417
1281
1291
1120
1326
1023
1243
994
1196
1019
1126
1192
1138
1340
1269
1571
1355
1640
1407
1598
1385
1454
1391
1249
1268
1089
1327
995
1206
914
1185
999
1182
1167
1096
1349
1335
1567
1320
1621
1235
1564
1332
1445
1367
1221
1274
1053
1358
963
1270
951
1232
1071
1199
1242
1103
1403
1130
1558
1240
1596
1284
1513
1309
1350
1383
1153
1308
1000
1390
943
1270
929
1169
1078
1126
1248
981
1452
1296
1603
1199
1608
1290
1504
1372
1327
1429
1133
1354
991
1377
944
1245
969
1177
1064
1052
1301
970
1495
1048
1590
1206
1582
1345
1473
1384
1297
1455
1124
1360
987
1392
956
1240
957
1147
1123
1077
1313
952
1559
1113
1622
1217
1583
1278
1448
1386
1276
1468
1109
1398
959
1448
954
1321
1001
1248
1217
1096
1415
1002
1565
1004
1618
1166
1586
1257
1412
1399
1239
1509
1077
1456
961
1486
975
1362
1021
1166
1251
969
1452
886
1553
956
1596
1098
1532
1294
1384
1492
1207
1621
1027
1550
957
1535
988
1391
1083
1122
1241
980
1413
812
1554
1020
1584
1177
1502
1377
1373
1545
1185
1650
1053
1554
961
1490
984
1374
1113
1038
1298
885
1458
816
1612
890
1576
1174
1487
1353
1323
1505
1144
1604
1018
1531
948
1452
995
1358
1109
998
1307
901
1460
790
1595
951
1567
1156
1451
1363
1263
1569
1132
1665
1022
1648
969
1492
1048
1419
1208
1021
1331
911
1492
812
1608
929
1535
1199
1403
1405
1247
1614
1106
1734
1029
1696
995
1490
1119
1334
1248
963
1379
839
1509
806
1572
950
1497
1179
1388
1428
1249
1644
1125
1735
1034
1691
1016
1424
1114
1254
1261
941
1402
810
1515
776
1528
1046
1526
1199
1388
1455
1267
1653
1118
1725
1052
1692
1034
1421
1119
1275
1274
971
1393
898
1527
896
1516
976
1488
1276
1337
1490
1191
1644
1077
1748
1006
1699
1023
1436
1120
1283
1271
976
1426
896
1498
821
1521
935
1448
1217
1302
1543
1166
1651
1066
1778
1016
1694
1051
1417
1144
1222
1286
945
1415
794
1525
835
1496
899
1414
1219
1263
1513
1155
1705
1073
1775
1023
1676
1095
1362
1178
1124
1318
946
1393
766
1460
796
1481
922
1419
1228
1279
1477
1166
1704
1073
1726
1042
1585
1110
1276
1189
1055
1324
923
1413
759
1508
833
1443
972
1389
1230
1263
1521
1139
1712
1057
1691
1050
1521
1123
1292
1228
1005
1363
926
1485
787
1528
871
1502
1025
1378
1244
1253
1545
1120
1693
1068
1696
1074
1531
1133
1313
1250
1012
1360
964
1464
770
1483
925
1462
1066
1335
1307
1227
1536
1134
1674
1089
1657
1105
1501
1173
1290
1289
1009
1375
941
1467
741
1450
1006
1452
1136
1340
1341
1242
1623
1142
1622
1103
1600
1096
1464
1177
1260
1301
1039
1370
958
1459
869
1450
995
1430
1171
1369
1412
1235
1579
1155
1629
1100
1560
1110
1416
1180
1247
1271
1041
1381
992
1449
1071
1435
1105
1416
1253
1340
1371
1186
1504
1110
1551
1080
1485
1112
1362
1207
1211
1274
1090
1379
993
1421
1085
1444
1006
1379
1222
1288
1351
1183
1475
1094
1459
1079
1405
1105
1301
1215
1152
1296
1043
1360
1035
1401
1104
1410
1078
1348
1277
1269
1368
1177
1448
1136
1403
1115
1387
1146
1246
1208
1182
1238
1140
1345
1095
1373
1116
1401
1118
1363
1273
1267
1369
1225
1340
1144
1286
1129
1280
1137
1199
1206
1114
1294
1117
1360
1131
1416
1155
1438
1220
1377
1282
1293
1340
1216
1334
1142
1246
1120
1217
1155
1148
1232
1147
1317
1113
1376
1266
1446
1259
1417
1364
1319
1405
1274
1376
1174
1251
1102
1206
1123
1184
1149
1123
1216
1130
1284
1213
1344
1311
1374
1331
1368
1405
1348
1388
1288
1335
1215
1259
1158
1134
1155
1128
1177
1109
1217
1145
1264
1240
1319
1343
1349
1346
1365
1416
1348
1346
1287
1314
1214
1205
1177
1047
1161
999
1159
1044
1210
1130
1267
1234
1334
1347
1373
1445
1413
1405
1375
1395
1288
1319
1229
1201
1192
985
1157
969
1171
896
1233
1123
1282
1227
1330
1396
1382
1510
1397
1485
1361
1476
1269
1324
1221
1169
1165
1005
1154
947
1186
972
1237
1082
1289
1280
1325
1429
1359
1552
1357
1554
1319
1497
1273
1363
1227
1153
1163
998
1212
913
1210
961
1271
1075
1292
1276
1321
1496
1346
1593
1334
1617
1324
1499
1292
1295
1257
1109
1226
966
1201
884
1213
926
1229
1089
1239
1332
1285
1520
1253
1623
1331
1648
1325
1541
1295
1329
1260
1105
1225
908
1178
908
1196
918
1227
1083
1275
1319
1293
1471
1313
1606
1313
1589
1310
1497
1272
1335
1247
1098
1223
909
1225
859
1206
986
1216
1017
1264
1260
1281
1487
1290
1639
1285
1592
1269
1551
1237
1335
1243
1101
1246
882
1254
867
1261
900
1274
1044
1262
1284
1263
1470
1286
1634
1255
1595
1260
1533
1257
1350
1260
1125
1264
936
1268
847
1261
887
1277
971
1239
1237
1231
1430
1232
1524
1243
1607
1256
1503
1279
1351
1271
1137
1285
930
1294
867
1290
864
1286
1021
1268
1213
1245
1410
1240
1529
1244
1571
1264
1504
1271
1332
1287
1156
1295
974
1318
895
1307
932
1307
1016
1285
1197
1182
1359
1222
1502
1221
1559
1215
1506
1233
1376
1288
1239
1324
1061
1340
971
1352
964
1335
994
1287
1215
1251
1321
1206
1477
1187
1544
1193
1540
1256
1428
1312
1278
1360
1120
1389
1039
1385
997
1342
1030
1290
1153
1244
1308
1211
1433
1179
1576
1196
1522
1231
1466
1301
1282
1351
1169
1362
1072
1364
1027
1333
1075
1283
1126
1236
1306
1197
1418
1182
1494
1185
1431
1208
1505
1261
1325
1329
1188
1373
1115
1390
1060
1371
1051
1317
1148
1248
1270
1187
1325
1137
1442
1132
1481
1153
1442
1226
1316
1314
1272
1372
1129
1397
1092
1381
1086
1321
1127
1224
1224
1156
1271
1091
1339
1115
1429
1156
1396
1255
1342
1338
1206
1401
1142
1438
1074
1416
1068
1345
1004
1219
1102
1180
1230
1123
1297
1121
1374
1156
1409
1233
1359
1311
1322
1402
1234
1416
1139
1418
1095
1363
1136
1277
1200
1185
1351
1101
1322
1111
1359
1142
1389
1199
1359
1287
1322
1358
1262
1435
1201
1426
1170
1386
1162
1305
1180
1204
1202
1137
1231
1120
1288
1116
1224
1193
1267
1272
1313
1355
1291
1445
1271
1458
1203
1428
1190
1332
1174
1229
1185
1130
1228
1092
1264
1098
1304
1159
1365
1273
1358
1369
1326
1448
1291
1451
1188
1424
1139
1329
1128
1230
1147
1149
1182
1093
1249
1096
1285
1136
1323
1231
1278
1327
1293
1410
1256
1428
1203
1414
1184
1377
1214
1273
1199
1192
1181
1135
1256
1114
1326
1137
1307
1190
1324
1265
1334
1381
1265
1420
1207
1455
1182
1407
1173
1326
1161
1226
1268
1149
1181
1123
1253
1084
1309
1161
1320
1263
1313
1367
1272
1425
1231
1472
1183
1448
1231
1339
1217
1225
1223
1142
1274
1088
1325
1088
1339
1144
1345
1243
1269
1346
1258
1424
1199
1444
1190
1431
1205
1361
1202
1284
1175
1183
1225
1121
1302
1094
1299
1140
1284
1200
1249
1299
1194
1379
1100
1451
1135
1439
1187
1384
1236
1307
1252
1222
1295
1151
1336
1112
1332
1129
1307
1179
1285
1274
1198
1364
1172
1435
1197
1458
1275
1415
1270
1356
1329
1242
1322
1139
1324
1101
1303
1085
1283
1146
1252
1233
1258
1314
1198
1402
1203
1445
1224
1415
1241
1346
1284
1252
1316
1173
1268
1111
1325
1109
1294
1135
1263
1194
1199
1297
1140
1400
1147
1410
1176
1404
1210
1354
1221
1291
1338
1203
1346
1149
1331
1143
1301
1124
1213
1215
1097
1238
1128
1306
1127
1361
1167
1390
1183
1377
1238
1338
1291
1255
1326
1185
1303
1140
1254
1115
1220
1138
1211
1199
1143
1275
1090
1343
1151
1384
1214
1417
1202
1388
1249
1304
1310
1254
1308
1165
1306
1137
1273
1145
1173
1203
1152
1287
1165
1359
1166
1404
1140
1407
1216
1405
1206
1332
1289
1228
1346
1194
1345
1159
1331
1151
1302
1179
1255
1223
1204
1291
1159
1338
1132
1374
1180
1399
1194
1363
1224
1315
1284
1254
1365
1224
1347
1159
1373
1158
1317
1195
1249
1242
1201
1311
1173
1376
1166
1413
1152
1404
1186
1355
1241
1286
1293
1191
1367
1140
1379
1127
1373
1152
1418
1210
1202
1287
1204
1376
1154
1414
1124
1414
1120
1358
1173
1307
1233
1218
1356
1144
1370
1122
1437
1131
1393
1185
1334
1249
1221
1328
1094
1358
1086
1392
1062
1367
1091
1319
1168
1255
1303
1198
1387
1152
1466
1140
1488
1157
1387
1218
1277
1290
1164
1356
1072
1406
1004
1403
1016
1381
1131
1303
1203
1229
1319
1157
1440
1127
1503
1130
1424
1173
1372
1227
1247
1351
1105
1396
1012
1436
975
1396
1009
1318
1113
1225
1285
1148
1463
1107
1655
1097
1585
1178
1473
1250
1344
1329
1154
1390
992
1410
900
1385
922
1318
1000
1242
1186
1167
1363
1135
1517
1126
1579
1160
1544
1205
1299
1325
1215
1396
1061
1397
896
1390
830
1337
905
1259
1077
1229
1264
1180
1491
1141
1646
1148
1649
1187
1537
1261
1375
1334
1128
1392
900
1423
797
1386
799
1332
916
1248
1190
1174
1425
1130
1605
1127
1700
1162
1632
1238
1480
1322
1237
1375
987
1411
789
1393
779
1322
986
1240
1091
1208
1307
1150
1544
1145
1722
1177
1739
1242
1614
1302
1391
1361
1105
1382
900
1372
704
1339
779
1291
932
1243
1186
1201
1506
1175
1689
1180
1841
1187
1737
1254
1515
1295
1244
1327
949
1366
754
1340
738
1317
800
1257
1026
1218
1292
1168
1537
1149
1721
1174
1772
1214
1623
1260
1428
1316
1090
1368
843
1375
712
1363
720
1292
876
1255
1152
1203
1435
1176
1652
1185
1773
1220
1766
1262
1556
1311
1238
1382
986
1357
705
1353
671
1311
772
1273
1021
1223
1311
1197
1599
1193
1802
1208
1846
1219
1655
1248
1440
1278
1109
1311
848
1337
801
1346
734
1270
880
1296
1134
1250
1453
1185
1671
1177
1820
1178
1792
1205
1572
1236
1276
1301
971
1338
746
1382
667
1367
865
1333
957
1297
1261
1189
1581
1155
1756
1139
1803
1173
1677
1224
1406
1290
1110
1350
844
1377
708
1378
718
1343
891
1272
1140
1205
1374
1157
1630
1104
1735
1144
1732
1183
1517
1239
1253
1290
979
1338
799
1378
738
1339
819
1326
1000
1263
1230
1206
1474
1154
1629
1136
1692
1153
1450
1222
1401
1263
1135
1362
884
1412
803
1406
793
1394
913
1334
1112
1239
1319
1166
1519
1114
1668
1129
1627
1174
1514
1253
1321
1345
1098
1402
943
1438
768
1418
837
1358
994
1262
1190
1175
1405
1126
1533
1119
1619
1148
1564
1240
1413
1277
1234
1377
1045
1423
930
1403
882
1378
924
1333
1079
1230
1267
1157
1465
1136
1557
1163
1583
1184
1495
1247
1380
1311
1195
1370
1026
1405
973
1400
931
1364
995
1290
1134
1215
1319
1126
1458
1127
1525
1150
1549
1204
1463
1285
1311
1351
1164
1400
1024
1395
957
1372
961
1304
1037
1224
1222
1160
1357
1127
1506
1158
1527
1179
1554
1276
1387
1342
1255
1394
1105
1393
985
1357
971
1312
1006
1246
1098
1216
1239
1174
1347
1177
1472
1199
1474
1231
1450
1269
1345
1305
1218
1327
1096
1338
1008
1358
1005
1315
1012
1282
1120
1228
1255
1206
1387
1180
1481
1200
1496
1227
1428
1256
1328
1281
1058
1347
1034
1341
979
1322
1007
1316
1048
1259
1180
1214
1326
1173
1443
1186
1478
1220
1442
1243
1392
1274
1262
1304
1120
1309
1076
1303
918
1291
985
1298
1035
1281
1205
1250
1363
1231
1466
1222
1499
1216
1461
1222
1326
1245
1172
1267
1096
1297
973
1326
936
1353
987
1337
1103
1315
1160
1290
1442
1220
1482
1233
1501
1186
1411
1203
1301
1244
1157
1292
1030
1334
995
1381
956
1380
1070
1339
1200
1283
1362
1223
1506
1188
1558
1143
1533
1173
1415
1214
1291
1225
1086
1304
942
1307
912
1350
882
1349
1031
1285
1272
1264
1429
1218
1553
1191
1656
1144
1488
1207
1308
1227
1154
1277
998
1324
901
1355
903
1384
976
1371
1100
1341
1340
1270
1514
1213
1604
1171
1568
1159
1471
1185
1266
1239
1078
1300
975
1368
854
1430
892
1400
1005
1355
1239
1285
1419
1217
1596
1154
1649
1152
1561
1189
1408
1227
1170
1294
1042
1341
864
1375
789
1371
946
1334
1112
1284
1328
1245
1534
1192
1618
1182
1638
1192
1516
1216
1329
1255
1155
1304
967
1330
910
1353
898
1310
988
1324
1184
1278
1397
1227
1560
1198
1605
1178
1567
1199
1418
1216
1232
1282
1038
1332
910
1367
883
1376
916
1350
1062
1303
1231
1251
1344
1194
1507
1178
1544
1189
1517
1226
1334
1277
1185
1335
1039
1357
955
1349
934
1327
1021
1312
1137
1249
1266
1215
1453
1195
1514
1202
1519
1227
1412
1268
1343
1272
1185
1312
1076
1312
1020
1303
1019
1281
1049
1250
1152
1239
1282
1219
1366
1207
1436
1219
1421
1202
1358
1253
1301
1284
1232
1311
1154
1315
1064
1298
1048
1284
1050
1249
1092
1240
1174
1214
1269
1212
1326
1230
1348
1250
1384
1288
1346
1311
1346
1270
1257
1345
1096
1306
1048
1280
1015
1250
1053
1227
1123
1209
1238
1240
1314
1263
1375
1316
1437
1303
1371
1318
1317
1311
1245
1300
1091
1303
1041
1276
1006
1265
1050
1248
1111
1246
1225
1269
1333
1260
1407
1270
1471
1282
1421
1303
1349
1302
1228
1310
1119
1296
1002
1313
923
1240
1038
1215
1154
1205
1237
1209
1388
1236
1466
1231
1488
1298
1458
1325
1357
1324
1249
1305
1086
1280
1021
1251
975
1213
1052
1205
1194
1207
1258
1226
1388
1259
1442
1285
1438
1302
1365
1311
1248
1313
1187
1294
1031
1323
1030
1263
1032
1238
1081
1236
1166
1227
1240
1255
1413
1264
1411
1294
1399
1304
1346
1320
1260
1323
1170
1315
1064
1300
1054
1273
1095
1241
1135
1205
1193
1218
1282
1228
1427
1259
1386
1302
1322
1317
1315
1332
1224
1319
1178
1301
1126
1228
1128
1230
1113
1206
1166
1198
1240
1212
1283
1217
1404
1266
1352
1280
1265
1297
1259
1298
1234
1290
1205
1277
1180
1248
1176
1229
1162
1218
1206
1204
1230
1219
1217
1277
1221
1260
1195
1292
1145
1332
1247
1342
1234
1323
1249
1312
1240
1291
1231
1245
1215
1222
1209
1207
1193
1217
1112
1247
1207
1279
1202
1323
1233
1333
1322
1316
1253
1317
1247
1260
1206
1221
1191
1189
1205
1187
1184
1202
1180
1234
1166
1233
1186
1307
1210
1312
1230
1312
1239
1294
1244
1258
1260
1238
1223
1229
1200
1223
1229
1219
1198
1232
1205
1251
1185
1267
1201
1286
1217
1289
1231
1286
1243
1290
1235
1277
1218
1258
1178
1239
1201
1223
1279
1222
1225
1241
1218
1277
1241
1333
1233
1322
1222
1347
1235
1320
1219
1309
1188
1263
1142
1231
1208
1211
1225
1215
1227
1251
1187
1277
1230
1315
1251
1316
1266
1318
1263
1306
1214
1272
1205
1231
1174
1173
1183
1213
1153
1227
1209
1244
1232
1270
1252
1283
1148
1326
1295
1291
1250
1287
1248
1273
1224
1258
1204
1244
1160
1233
1184
1230
1195
1236
1217
1222
1249
1267
1215
1282
1229
1278
1280
1288
1264
1278
1252
1273
1240
1254
1284
1243
1176
1267
1158
1242
1178
1254
1177
1266
1216
1322
1253
1295
1242
1307
1275
1291
1327
1271
1306
1254
1277
1249
1206
1256
1129
1246
1157
1278
1169
1290
1189
1285
1191
1283
1228
1277
1266
1246
1250
1240
1311
1233
1335
1251
1303
1254
1242
1281
1191
1264
1138
1278
1208
1280
1224
1226
1150
1228
1171
1222
1221
1229
1288
1239
1315
1261
1317
1270
1280
1291
1180
1294
1163
1276
1121
1251
1069
1256
1109
1218
1217
1217
1258
1273
1245
1254
1326
1273
1339
1262
1320
1287
1303
1284
1260
1285
1208
1284
1145
1269
1166
1262
1127
1259
1170
1236
1191
1252
1240
1269
1299
1280
1361
1286
1356
1299
1310
1296
1284
1292
1202
1278
1170
1257
1167
1240
1135
1232
1142
1238
1146
1238
1222
1276
1267
1292
1290
1295
1289
1295
1262
1290
1242
1263
1229
1241
1178
1242
1143
1258
1154
1267
1161
1288
1174
1300
1210
1313
1241
1294
1251
1262
1273
1248
1283
1235
1264
1232
1210
1246
1262
1258
1215
1287
1212
1290
1219
1306
1228
1304
1229
1272
1195
1244
1252
1236
1217
1234
1192
1228
1240
1243
1232
1261
1223
1275
1172
1298
1157
1290
1225
1297
1218
1286
1238
1261
1236
1261
1224
1237
1238
1241
1190
1218
1228
1257
1234
1270
1257
1294
1301
1309
1398
1273
1224
1333
1264
1283
1225
1268
1172
1240
1172
1226
1192
1223
1165
1228
1211
1252
1283
1293
1309
1301
1323
1324
1336
1318
1321
1317
1235
1273
1168
1235
1095
1232
1149
1221
1133
1239
1173
1278
1210
1277
1253
1292
1327
1294
1351
1290
1330
1276
1305
1274
1246
1279
1171
1284
1148
1260
1064
1269
1147
1263
1152
1258
1231
1257
1283
1258
1331
1264
1410
1269
1322
1280
1268
1284
1197
1283
1147
1271
1123
1254
1113
1239
1129
1236
1198
1215
1278
1235
1321
1244
1356
1253
1324
1273
1251
1242
1226
1280
1145
1273
1114
1259
1144
1267
1157
1260
1199
1256
1191
1259
1372
1246
1354
1255
1335
1263
1301
1269
1249
1300
1216
1312
1178
1313
1152
1306
1140
1294
1216
1268
1241
1253
1279
1251
1326
1241
1247
1252
1273
1279
1233
1307
1196
1314
1179
1321
1175
1315
1182
1283
1198
1261
1205
1233
1251
1226
1262
1226
1276
1248
1274
1272
1268
1299
1205
1300
1179
1286
1187
1285
1178
1273
1215
1255
1242
1243
1273
1236
1295
1248
1280
1258
1244
1279
1243
1289
1208
1297
1205
1296
1191
1282
1324
1284
1299
1276
1274
1254
1270
1252
1282
1259
1261
1261
1214
1275
1204
1280
1179
1295
1209
1299
1223
1301
1245
1309
1273
1290
1424
1242
1407
1259
1323
1253
1280
1257
1306
1249
1240
1281
1213
1236
1200
1297
1238
1293
1247
1296
1229
1288
1268
1274
1327
1266
1352
1258
1381
1257
1324
1267
1287
1284
1222
1286
1175
1280
1160
1275
1142
1276
1112
1288
1246
1276
1263
1284
1289
1280
1317
1277
1342
1266
1335
1241
1284
1232
1215
1231
1177
1217
1131
1239
1116
1259
1108
1284
1121
1301
1201
1290
1278
1288
1341
1265
1392
1249
1404
1248
1371
1233
1293
1228
1316
1232
1070
1283
1032
1296
1061
1309
1104
1313
1173
1293
1295
1294
1382
1261
1472
1242
1447
1225
1450
1223
1344
1238
1236
1234
1234
1251
1101
1301
1018
1326
1043
1337
1140
1334
1249
1323
1360
1285
1456
1237
1479
1230
1429
1233
1371
1236
1257
1258
1129
1301
1030
1328
1003
1354
1028
1344
1155
1338
1202
1294
1318
1253
1441
1223
1452
1211
1449
1215
1394
1244
1298
1265
1192
1300
1112
1331
1064
1327
1043
1329
953
1290
1237
1270
1264
1239
1350
1239
1391
1237
1429
1240
1390
1248
1335
1282
1259
1287
1162
1303
1134
1310
1102
1323
1138
1302
1175
1287
1184
1278
1242
1255
1306
1240
1364
1232
1368
1246
1373
1249
1353
1256
1310
1286
1253
1291
1188
1312
1176
1307
1146
1296
1132
1284
1134
1277
1236
1258
1292
1247
1357
1254
1398
1257
1376
1265
1339
1277
1321
1277
1255
1294
1195
1292
1172
1310
1121
1311
1137
1309
1072
1309
1272
1269
1270
1249
1316
1230
1419
1232
1403
1253
1416
1271
1355
1288
1278
1319
1226
1331
1135
1328
1085
1316
1088
1297
1142
1251
1199
1261
1281
1222
1358
1219
1423
1228
1433
1247
1399
1243
1315
1290
1243
1313
1119
1317
1088
1315
1050
1301
1081
1275
1166
1248
1199
1216
1330
1213
1410
1228
1467
1235
1454
1252
1385
1289
1296
1320
1185
1335
1141
1336
1092
1319
1055
1289
1098
1254
1273
1198
1355
1216
1385
1223
1470
1234
1481
1259
1447
1277
1370
1293
1244
1329
1086
1324
1046
1324
1043
1290
1077
1271
1146
1248
1350
1230
1352
1235
1458
1213
1518
1236
1449
1256
1356
1283
1231
1300
1138
1309
1063
1316
1076
1286
1109
1293
1140
1277
1270
1259
1355
1242
1430
1238
1450
1249
1361
1256
1329
1273
1263
1271
1176
1300
1118
1303
1103
1300
1119
1303
1178
1280
1206
1278
1388
1267
1388
1260
1391
1265
1360
1277
1213
1301
1302
1285
1189
1276
1169
1282
1172
1275
1194
1281
1218
1288
1276
1285
1274
1283
1299
1269
1295
1263
1230
1249
1259
1247
1188
1253
1161
1242
1242
1251
1243
1258
1284
1275
1249
1284
1273
1289
1239
1303
1247
1300
1241
1298
1233
1304
1236
1282
1222
1262
1296
1243
1254
1256
1313
1230
1295
1249
1337
1261
1328
1294
1305
1310
1264
1324
1233
1322
1165
1312
1187
1294
1173
1266
1240
1247
1281
1230
1285
1238
1385
1246
1393
1268
1403
1292
1368
1318
1300
1318
1220
1327
1150
1313
1121
1296
1127
1277
1185
1245
1250
1234
1333
1218
1385
1219
1431
1242
1357
1264
1375
1290
1299
1314
1207
1330
1178
1327
1083
1318
1027
1302
1123
1247
1209
1214
1256
1237
1382
1199
1426
1207
1455
1220
1490
1252
1351
1287
1266
1319
1137
1329
1105
1312
1036
1291
1074
1266
1145
1237
1205
1215
1332
1214
1454
1216
1476
1196
1463
1256
1433
1282
1234
1312
1210
1326
1080
1327
1092
1324
1082
1296
1151
1273
1242
1218
1323
1231
1372
1232
1430
1226
1406
1251
1358
1274
1287
1307
1206
1325
1144
1334
1072
1331
1170
1314
1172
1285
1231
1257
1316
1248
1349
1218
1395
1206
1388
1232
1287
1249
1281
1271
1186
1291
1176
1305
1168
1334
1156
1329
1325
1304
1296
1306
1353
1278
1326
1258
1324
1245
1280
1206
1241
1244
1214
1260
1204
1281
1206
1303
1241
1314
1291
1316
1338
1309
1408
1284
1337
1263
1319
1246
1234
1229
1197
1230
1182
1196
1179
1260
1203
1278
1213
1296
1322
1282
1357
1294
1390
1298
1398
1286
1360
1281
1292
1264
1250
1254
1216
1251
1156
1237
1174
1248
1208
1268
1253
1245
1310
1275
1353
1289
1358
1292
1374
1290
1350
1283
1270
1281
1232
1263
1286
1240
1175
1289
1161
1271
1175
1278
1249
1282
1303
1279
1372
1279
1387
1289
1362
1280
1346
1277
1315
1278
1261
1275
1231
1271
1241
1263
1243
1267
1255
1266
1251
1264
1305
1269
1293
1272
1328
1274
1306
1292
1356
1291
1290
1303
1304
1281
1272
1278
1245
1272
1152
1266
1171
1251
1206
1249
1235
1261
1194
1277
1269
1285
1298
1307
1326
1306
1337
1286
1355
1264
1289
1258
1216
1239
1224
1232
1153
1223
1218
1273
1224
1261
1243
1318
1291
1295
1278
1300
1314
1296
1319
1290
1295
1262
1222
1261
1238
1247
1212
1241
1210
1238
1222
1250
1252
1257
1282
1288
1368
1293
1279
1318
1321
1294
1293
1304
1286
1292
1222
1269
1184
1244
1178
1245
1218
1247
1190
1250
1282
1273
1318
1273
1356
1301
1364
1302
1339
1291
1291
1279
1223
1262
1188
1253
1135
1234
1146
1258
1216
1279
1275
1272
1289
1278
1392
1282
1422
1282
1339
1284
1311
1274
1322
1271
1183
1299
1122
1267
1081
1264
1137
1262
1189
1266
1275
1245
1355
1265
1424
1275
1417
1277
1399
1281
1340
1280
1266
1279
1196
1282
1130
1272
1132
1267
1148
1241
1189
1263
1280
1270
1323
1277
1331
1286
1392
1280
1415
1285
1334
1276
1283
1280
1209
1243
1206
1278
1120
1281
1131
1276
1203
1274
1254
1265
1316
1274
1343
1267
1368
1266
1356
1259
1356
1265
1310
1268
1285
1268
1246
1268
1211
1274
1215
1253
1266
1254
1200
1265
1249
1263
1231
1266
1279
1267
1290
1275
1317
1247
1332
1274
1270
1292
1238
1274
1226
1271
1185
1266
1167
1268
1263
1249
1208
1284
1241
1256
1274
1269
1369
1269
1341
1260
1346
1233
1286
1256
1228
1264
1216
1265
1188
1276
1169
1281
1151
1233
1266
1274
1176
1298
1269
1263
1336
1254
1384
1232
1346
1235
1312
1220
1266
1262
1190
1272
1177
1285
1163
1285
1153
1297
1204
1285
1165
1305
1374
1247
1344
1253
1343
1248
1336
1248
1280
1253
1230
1255
1161
1270
1134
1276
1145
1270
1178
1319
1214
1285
1286
1279
1362
1266
1372
1260
1359
1252
1326
1249
1286
1258
1175
1242
1145
1262
1114
1268
1158
1274
1241
1284
1279
1277
1315
1273
1314
1266
1375
1271
1306
1276
1254
1298
1168
1286
1124
1299
1145
1286
1144
1260
1231
1257
1259
1230
1313
1245
1355
1253
1357
1261
1291
1271
1237
1290
1194
1301
1166
1298
1120
1283
1190
1264
1164
1252
1195
1244
1306
1237
1356
1236
1366
1249
1397
1260
1349
1284
1256
1327
1203
1309
1144
1305
1140
1292
1144
1296
1195
1245
1270
1245
1215
1276
1445
1227
1384
1247
1362
1256
1361
1298
1244
1288
1229
1297
1175
1299
1151
1272
1195
1287
1186
1256
1229
1259
1232
1253
1293
1245
1302
1263
1179
1245
1283
1260
1273
1236
1265
1257
1218
1286
1194
1290
1178
1290
1127
1290
1168
1287
1173
1277
1214
1274
1254
1252
1286
1238
1313
1226
1220
1252
1302
1237
1256
1261
1271
1265
1257
1288
1188
1326
1176
1299
1168
1290
1223
1265
1227
1256
1280
1218
1312
1223
1335
1239
1415
1238
1387
1298
1291
1295
1234
1320
1193
1316
1165
1310
1178
1290
1189
1224
1230
1236
1296
1222
1309
1214
1305
1228
1292
1248
1302
1269
1274
1288
1214
1307
1195
1267
1191
1293
1182
1281
1252
1256
1292
1239
1306
1224
1281
1225
1264
1217
1215
1249
1187
1269
1172
1281
1144
1316
1181
1284
1290
1274
1282
1272
1333
1253
1361
1246
1339
1241
1284
1249
1236
1264
1166
1265
1095
1282
1133
1284
1162
1290
1198
1312
1274
1284
1339
1277
1392
1281
1394
1262
1374
1269
1316
1263
1222
1269
1149
1274
1104
1276
1078
1273
1112
1274
1172
1269
1260
1271
1369
1272
1410
1268
1415
1273
1366
1221
1302
1270
1192
1271
1137
1253
1117
1255
1106
1244
1145
1246
1215
1267
1275
1270
1341
1276
1362
1278
1370
1276
1295
1265
1269
1261
1209
1257
1159
1240
1135
1245
1129
1252
1185
1265
1192
1271
1257
1282
1292
1293
1339
1280
1364
1283
1335
1311
1297
1276
1246
1271
1219
1264
1180
1267
1180
1258
1191
1272
1213
1270
1231
1277
1287
1279
1314
1282
1301
1278
1287
1244
1261
1272
1234
1266
1213
1255
1205
1254
1188
1260
1210
1260
1207
1265
1248
1259
1286
1260
1298
1251
1304
1264
1291
1240
1284
1261
1256
1267
1237
1267
1234
1267
1152
1261
1193
1274
1202
1273
1223
1269
1251
1260
1253
1257
1298
1262
1277
1265
1282
1267
1239
1275
1238
1275
1210
1272
1182
1331
1167
1267
1177
1261
1193
1257
1269
1253
1303
1246
1317
1263
1315
1276
1281
1274
1230
1265
1189
1288
1167
1268
1136
1261
1163
1267
1206
1272
1245
1270
1290
1282
1310
1283
1315
1276
1287
1274
1266
1264
1239
1264
1184
1250
1166
1261
1143
1236
1167
1265
1207
1277
1263
1261
1302
1275
1327
1293
1331
1282
1307
1270
1258
1264
1231
1251
1178
1246
1161
1241
1151
1237
1181
1248
1200
1257
1279
1263
1318
1277
1317
1320
1313
1279
1263
1286
1236
1274
1172
1259
1179
1240
1162
1242
1170
1261
1204
1254
1233
1278
1274
1287
1313
1297
1288
1297
1312
1289
1300
1270
1276
1246
1238
1253
1166
1251
1191
1258
1161
1274
1196
1280
1253
1293
1256
1294
1295
1295
1304
1245
1316
1272
1263
1256
1257
1233
1221
1239
1169
1250
1157
1257
1168
1270
1184
1285
1230
1295
1283
1291
1321
1298
1329
1268
1329
1254
1291
1250
1235
1233
1188
1244
1129
1256
1116
1274
1112
1289
1172
1298
1205
1297
1299
1274
1347
1274
1347
1285
1324
1251
1293
1255
1242
1244
1176
1251
1152
1253
1129
1262
1138
1266
1180
1279
1252
1265
1299
1266
1348
1269
1352
1294
1330
1272
1319
1278
1231
1270
1184
1264
1115
1207
1113
1223
1106
1250
1174
1246
1250
1234
1298
1257
1329
1281
1336
1282
1328
1299
1256
1326
1227
1282
1197
1268
1184
1241
1156
1233
1182
1227
1207
1221
1245
1248
1264
1284
1288
1298
1265
1313
1265
1311
1242
1310
1242
1284
1240
1258
1214
1268
1214
1228
1202
1225
1229
1232
1225
1259
1232
1277
1240
1284
1250
1322
1236
1317
1217
1303
1242
1274
1240
1255
1226
1233
1240
1227
1239
1249
1247
1247
1254
1271
1241
1286
1232
1298
1208
1274
1216
1283
1227
1269
1211
1245
1237
1228
1231
1221
1245
1250
1250
1258
1252
1288
1241
1272
1211
1270
1238
1270
1205
1266
1203
1257
1205
1251
1189
1256
1206
1259
1187
1267
1219
1275
1217
1290
1267
1281
1278
1281
1266
1323
1266
1272
1228
1265
1218
1256
1201
1274
1188
1261
1176
1275
1181
1282
1204
1310
1214
1313
1206
1307
1279
1299
1267
1278
1292
1264
1281
1245
1261
1224
1239
1224
1222
1250
1217
1275
1189
1286
1228
1299
1253
1300
1271
1282
1302
1278
1304
1236
1302
1250
1288
1246
1282
1243
1250
1252
1220
1254
1216
1264
1214
1272
1220
1270
1244
1268
1280
1258
1268
1257
1279
1255
1276
1257
1252
1280
1224
1264
1248
1270
1221
1279
1224
1279
1205
1277
1226
1271
1227
1278
1244
1271
1243
1272
1219
1292
1214
1280
1198
1285
1190
1284
1198
1281
1186
1274
1217
1272
1234
1264
1251
1218
1252
1253
1235
1256
1227
1259
1190
1266
1188
1268
1212
1278
1217
1270
1233
1274
1246
1245
1278
1249
1267
1261
1306
1261
1315
1263
1292
1263
1271
1274
1265
1267
1237
1275
1225
1267
1219
1264
1256
1260
1217
1257
1239
1235
1256
1267
1281
1262
1291
1278
1285
1283
1276
1285
1233
1275
1234
1266
1191
1284
1183
1251
1187
1258
1179
1288
1197
1282
1221
1293
1268
1297
1271
1298
1300
1292
1298
1282
1281
1270
1261
1277
1233
1253
1192
1252
1164
1262
1141
1269
1159
1303
1188
1284
1233
1284
1294
1281
1298
1268
1321
1249
1285
1266
1271
1249
1241
1242
1192
1238
1153
1248
1147
1248
1172
1274
1212
1282
1266
1288
1324
1285
1317
1279
1342
1268
1321
1258
1278
1232
1231
1272
1190
1260
1181
1275
1174
1285
1217
1288
1253
1285
1294
1269
1312
1266
1326
1280
1312
1259
1276
1262
1262
1268
1227
1282
1202
1286
1199
1288
1200
1310
1216
1300
1237
1285
1268
1281
1275
1274
1274
1273
1267
1273
1248
1309
1227
1280
1218
1283
1193
1285
1196
1288
1191
1316
1238
1292
1283
1291
1287
1285
1302
1282
1281
1258
1270
1255
1254
1253
1238
1250
1233
1246
1187
1248
1254
1256
1246
1260
1259
1279
1272
1274
1261
1272
1267
1269
1246
1261
1253
1250
1267
1251
1262
1242
1259
1243
1223
1264
1218
1270
1180
1268
1182
1275
1177
1289
1200
1289
1222
1301
1255
1311
1286
1290
1289
1277
1290
1264
1276
1254
1229
1255
1197
1261
1192
1275
1164
1271
1176
1305
1205
1312
1250
1285
1279
1291
1327
1279
1347
1263
1329
1244
1316
1252
1255
1249
1201
1278
1157
1283
1171
1284
1180
1292
1214
1272
1262
1272
1302
1262
1333
1273
1346
1283
1325
1284
1285
1282
1217
1287
1186
1282
1177
1274
1160
1257
1189
1253
1203
1245
1247
1259
1256
1262
1292
1271
1279
1283
1276
1278
1252
1296
1214
1306
1209
1288
1202
1279
1222
1274
1235
1262
1230
1259
1255
1264
1257
1275
1255
1224
1252
1292
1223
1302
1236
1270
1221
1302
1244
1288
1240
1291
1279
1256
1292
1254
1260
1241
1247
1271
1216
1321
1212
1292
1229
1301
1254
1293
1233
1289
1265
1231
1283
1254
1276
1246
1295
1249
1278
1256
1247
1284
1232
1306
1231
1313
1232
1328
1226
1295
1258
1275
1283
1259
1268
1240
1295
1218
1286
1256
1266
1260
1253
1287
1201
1310
1197
1303
1194
1296
1221
1276
1244
1284
1283
1244
1307
1244
1309
1249
1291
1257
1264
1262
1211
1275
1170
1287
1137
1290
1145
1291
1158
1288
1226
1274
1286
1265
1300
1272
1326
1266
1293
1277
1274
1255
1243
1287
1206
1285
1191
1300
1180
1288
1205
1277
1241
1274
1291
1252
1297
1252
1311
1244
1304
1260
1297
1278
1276
1291
1272
1310
1246
1321
1245
1298
1226
1276
1227
1251
1251
1223
1246
1217
1254
1237
1249
1262
1267
1290
1233
1315
1261
1321
1258
1318
1244
1291
1231
1273
1229
1253
1211
1234
1191
1236
1190
1248
1192
1286
1190
1290
1195
1312
1242
1318
1253
1303
1277
1294
1281
1285
1284
1281
1236
1272
1243
1269
1208
1274
1190
1269
1195
1266
1203
1282
1227
1293
1262
1291
1297
1279
1336
1274
1336
1257
1331
1247
1299
1249
1255
1266
1222
1264
1188
1279
1190
1292
1192
1302
1232
1285
1301
1275
1291
1256
1328
1243
1297
1227
1276
1247
1228
1265
1212
1289
1190
1300
1199
1298
1210
1320
1218
1297
1274
1265
1275
1244
1269
1238
1266
1249
1257
1244
1234
1279
1222
1312
1222
1321
1217
1317
1210
1303
1231
1286
1217
1265
1247
1232
1247
1255
1266
1262
1257
1280
1211
1301
1238
1312
1218
1316
1238
1301
1261
1292
1264
1299
1279
1272
1292
1262
1322
1271
1276
1278
1266
1262
1253
1288
1214
1287
1221
1286
1278
1279
1257
1267
1282
1263
1301
1266
1313
1296
1282
1270
1286
1275
1274
1284
1237
1262
1227
1289
1215
1289
1215
1285
1232
1282
1254
1264
1249
1258
1255
1255
1260
1259
1244
1291
1238
1274
1232
1299
1225
1303
1214
1302
1215
1287
1226
1264
1194
1250
1238
1236
1247
1252
1225
1307
1228
1301
1217
1317
1222
1317
1251
1311
1253
1272
1254
1270
1261
1241
1271
1232
1265
1237
1252
1256
1244
1282
1216
1300
1215
1317
1224
1323
1239
1289
1246
1278
1260
1256
1284
1239
1264
1232
1280
1235
1304
1253
1270
1264
1259
1285
1231
1286
1222
1325
1206
1308
1255
1290
1247
1284
1250
1264
1266
1266
1271
1254
1263
1295
1251
1269
1237
1282
1229
1295
1214
1298
1219
1301
1187
1297
1230
1261
1251
1270
1241
1298
1241
1259
1215
1272
1231
1280
1215
1302
1230
1302
1239
1312
1239
1308
1240
1289
1258
1270
1260
1253
1245
1254
1224
1266
1231
1284
1222
1325
1238
1306
1243
1318
1239
1311
1260
1299
1253
1277
1263
1255
1289
1250
1263
1245
1257
1261
1233
1238
1240
1295
1223
1307
1241
1301
1214
1290
1259
1274
1244
1262
1255
1260
1248
1256
1241
1264
1233
1287
1239
1278
1260
1279
1230
1288
1237
1270
1248
1284
1246
1281
1242
1271
1250
1276
1210
1270
1229
1264
1222
1270
1219
1263
1233
1278
1228
1276
1238
1294
1239
1298
1259
1289
1271
1281
1254
1265
1268
1252
1256
1258
1234
1261
1225
1274
1211
1280
1208
1288
1210
1289
1232
1282
1301
1295
1290
1254
1301
1252
1291
1228
1282
1264
1249
1250
1245
1279
1225
1286
1182
1275
1221
1274
1213
1272
1226
1264
1245
1247
1256
1267
1266
1278
1264
1284
1274
1298
1272
1300
1256
1296
1242
1280
1204
1260
1192
1260
1166
1274
1180
1268
1182
1286
1220
1287
1254
1295
1268
1313
1282
1297
1248
1295
1248
1277
1235
1271
1204
1262
1183
1267
1183
1262
1204
1277
1210
1274
1231
1282
1259
1291
1248
1287
1263
1292
1297
1290
1241
1311
1235
1268
1216
1266
1239
1265
1179
1260
1218
1261
1239
1276
1220
1275
1256
1290
1261
1294
1256
1287
1251
1279
1258
1265
1238
1257
1225
1248
1235
1260
1233
1276
1233
1215
1247
1280
1240
1284
1243
1274
1235
1268
1237
1252
1204
1251
1237
1243
1247
1255
1217
1278
1249
1281
1219
1283
1236
1284
1235
1291
1244
1276
1244
1277
1220
1265
1232
1270
1241
1266
1238
1267
1242
1279
1254
1276
1249
1278
1249
1282
1217
1281
1220
1292
1202
1294
1215
1293
1197
1286
1229
1279
1276
1288
1288
1258
1293
1260
1288
1286
1276
1270
1233
1276
1224
1279
1207
1281
1198
1279
1199
1276
1223
1275
1249
1266
1262
1259
1275
1263
1281
1274
1250
1273
1246
1281
1187
1284
1202
1274
1202
1271
1179
1292
1181
1274
1184
1274
1228
1277
1245
1283
1258
1272
1278
1279
1269
1278
1243
1280
1238
1282
1230
1277
1212
1275
1214
1275
1221
1275
1235
1271
1263
1256
1281
1263
1264
1292
1263
1266
1236
1270
1220
1274
1232
1284
1220
1286
1243
1286
1239
1273
1263
1276
1259
1271
1260
1260
1242
1265
1240
1264
1215
1281
1208
1292
1219
1293
1229
1288
1251
1285
1269
1277
1258
1260
1256
1259
1248
1251
1232
1256
1214
1255
1193
1274
1208
1266
1202
1268
1235
1260
1262
1265
1267
1262
1280
1267
1272
1263
1253
1267
1223
1268
1219
1255
1206
1263
1187
1260
1192
1272
1231
1267
1252
1286
1271
1283
1280
1283
1277
1277
1254
1272
1235
1266
1288
1289
1191
1268
1218
1272
1201
1276
1224
1292
1239
1293
1296
1282
1301
1279
1301
1262
1290
1265
1244
1309
1206
1278
1184
1286
1179
1287
1187
1273
1217
1281
1261
1278
1291
1269
1311
1267
1288
1255
1265
1261
1236
1270
1179
1278
1162
1282
1156
1284
1190
1275
1227
1280
1240
1271
1273
1268
1276
1273
1264
1267
1252
1275
1226
1272
1193
1285
1194
1279
1190
1281
1206
1275
1229
1273
1265
1271
1257
1264
1269
1264
1309
1266
1254
1266
1239
1270
1211
1278
1212
1282
1187
1281
1238
1281
1279
1276
1293
1263
1320
1269
1322
1259
1307
1259
1269
1256
1249
1259
1249
1268
1177
1277
1210
1258
1232
1291
1256
1239
1299
1271
1317
1256
1308
1252
1303
1253
1261
1251
1185
1275
1195
1280
1204
1288
1191
1317
1201
1284
1220
1273
1254
1257
1264
1245
1259
1246
1251
1251
1229
1261
1216
1282
1197
1289
1209
1292
1224
1290
1221
1273
1238
1261
1244
1256
1250
1235
1245
1248
1224
1252
1224
1266
1200
1277
1213
1284
1212
1289
1245
1286
1260
1286
1264
1273
1264
1273
1246
1273
1246
1254
1232
1251
1257
1251
1214
1250
1220
1273
1231
1283
1245
1288
1270
1285
1266
1290
1273
1275
1279
1269
1217
1260
1235
1281
1215
1258
1193
1308
1192
1278
1167
1290
1235
1286
1269
1283
1294
1262
1315
1272
1299
1266
1271
1265
1230
1272
1220
1273
1182
1298
1171
1279
1198
1274
1219
1264
1246
1228
1282
1251
1292
1252
1278
1258
1251
1248
1249
1280
1251
1290
1211
1284
1216
1286
1197
1251
1212
1268
1224
1262
1258
1261
1277
1259
1286
1258
1280
1278
1264
1288
1250
1295
1228
1296
1218
1291
1227
1269
1225
1276
1249
1266
1264
1269
1300
1257
1300
1260
1279
1269
1277
1280
1232
1288
1213
1287
1226
1292
1236
1266
1248
1270
1264
1288
1276
1254
1274
1247
1282
1250
1263
1267
1239
1278
1217
1294
1214
1295
1207
1305
1199
1276
1232
1260
1247
1249
1246
1236
1266
1236
1316
1252
1249
1262
1245
1294
1213
1257
1216
1310
1173
1289
1216
1278
1244
1268
1262
1244
1290
1242
1294
1244
1289
1263
1278
1279
1256
1294
1224
1301
1194
1300
1198
1292
1203
1282
1245
1256
1275
1250
1283
1246
1298
1252
1288
1263
1285
1277
1235
1293
1232
1294
1220
1302
1187
1322
1194
1277
1208
1281
1247
1263
1275
1262
1303
1250
1295
1275
1279
1278
1262
1285
1232
1289
1209
1294
1205
1296
1191
1279
1202
1264
1264
1246
1274
1229
1285
1232
1281
1248
1293
1265
1252
1282
1244
1294
1254
1300
1220
1298
1219
1277
1225
1252
1255
1246
1255
1245
1280
1233
1284
1262
1263
1274
1246
1291
1253
1303
1227
1292
1223
1301
1224
1272
1251
1258
1247
1254
1275
1250
1262
1263
1285
1260
1288
1269
1250
1342
1228
1305
1201
1307
1221
1289
1226
1282
1247
1261
1271
1253
1302
1257
1309
1261
1302
1264
1277
1277
1241
1298
1196
1296
1194
1302
1198
1293
1230
1278
1264
1269
1276
1254
1309
1248
1279
1252
1271
1263
1269
1277
1222
1285
1205
1301
1177
1287
1203
1288
1213
1285
1254
1256
1302
1243
1314
1237
1306
1248
1292
1269
1267
1262
1228
1291
1198
1297
1183
1298
1181
1282
1205
1269
1208
1260
1297
1245
1329
1243
1331
1283
1331
1280
1274
1290
1257
1297
1217
1298
1204
1287
1201
1285
1224
1284
1251
1262
1285
1260
1318
1258
1323
1261
1279
1272
1284
1283
1253
1285
1217
1271
1218
1271
1212
1277
1225
1271
1209
1266
1274
1255
1315
1259
1292
1258
1297
1268
1264
1246
1253
1285
1228
1291
1243
1284
1251
1281
1255
1250
1266
1267
1265
1263
1258
1275
1274
1276
1260
1288
1258
1305
1242
1292
1259
1300
1253
1288
1270
1268
1279
1268
1274
1255
1278
1279
1253
1270
1241
1279
1194
1288
1231
1268
1220
1289
1223
1306
1253
1272
1261
1286
1290
1255
1305
1251
1338
1252
1287
1264
1264
1248
1246
1288
1196
1286
1200
1293
1215
1287
1219
1273
1263
1261
1321
1257
1316
1262
1324
1256
1305
1215
1318
1278
1219
1270
1218
1277
1229
1296
1214
1285
1254
1285
1268
1272
1304
1271
1316
1271
1333
1262
1316
1289
1258
1273
1265
1281
1245
1282
1233
1263
1247
1286
1259
1279
1270
1272
1278
1263
1306
1257
1288
1263
1304
1260
1291
1273
1248
1338
1229
1292
1219
1283
1234
1271
1242
1268
1271
1253
1292
1255
1288
1265
1299
1268
1290
1276
1262
1286
1250
1289
1237
1287
1225
1294
1231
1276
1261
1264
1278
1260
1279
1250
1297
1272
1261
1282
1257
1283
1257
1293
1237
1280
1228
1284
1247
1257
1267
1272
1278
1267
1333
1262
1326
1260
1258
1263
1290
1278
1272
1283
1246
1291
1226
1290
1227
1312
1254
1291
1247
1285
1290
1273
1302
1268
1317
1252
1320
1258
1279
1307
1266
1282
1226
1290
1244
1294
1239
1295
1258
1283
1284
1279
1307
1275
1312
1254
1322
1265
1309
1253
1282
1262
1240
1272
1239
1289
1221
1296
1228
1286
1249
1285
1261
1278
1291
1265
1293
1255
1309
1272
1315
1266
1302
1274
1262
1281
1215
1265
1170
1299
1216
1276
1237
1279
1277
1269
1301
1258
1306
1287
1304
1258
1291
1263
1297
1269
1231
1277
1222
1263
1212
1288
1223
1282
1239
1292
1291
1279
1309
1273
1308
1284
1317
1264
1270
1306
1263
1272
1232
1277
1249
1280
1237
1294
1252
1314
1279
1297
1292
1284
1312
1270
1330
1260
1279
1245
1289
1257
1268
1264
1247
1297
1232
1292
1239
1306
1260
1308
1257
1279
1298
1273
1340
1254
1317
1237
1313
1232
1284
1209
1255
1258
1221
1279
1234
1281
1249
1306
1258
1297
1292
1293
1320
1274
1321
1272
1318
1258
1298
1253
1259
1258
1220
1239
1203
1275
1191
1284
1202
1283
1261
1289
1275
1292
1307
1287
1308
1278
1312
1267
1276
1277
1265
1263
1238
1273
1197
1311
1197
1276
1211
1309
1244
1304
1282
1312
1332
1286
1335
1279
1342
1265
1329
1257
1293
1262
1252
1257
1239
1270
1218
1281
1213
1288
1268
1290
1290
1281
1324
1260
1338
1198
1351
1241
1306
1243
1302
1247
1289
1262
1249
1271
1235
1294
1232
1260
1247
1281
1269
1274
1311
1258
1345
1251
1309
1238
1323
1263
1283
1263
1267
1261
1255
1290
1223
1298
1218
1305
1203
1301
1250
1287
1256
1286
1295
1255
1322
1256
1333
1290
1290
1263
1258
1254
1252
1287
1222
1297
1232
1309
1243
1306
1254
1301
1273
1286
1300
1264
1300
1253
1297
1247
1279
1246
1258
1258
1236
1264
1237
1286
1236
1303
1230
1308
1254
1305
1253
1292
1279
1269
1294
1257
1297
1236
1281
1250
1264
1262
1256
1284
1256
1300
1251
1304
1266
1298
1217
1285
1278
1270
1291
1246
1294
1260
1284
1252
1251
1259
1275
1272
1238
1283
1265
1285
1255
1277
1276
1280
1298
1280
1300
1316
1341
1270
1276
1267
1304
1233
1290
1274
1287
1263
1275
1280
1277
1290
1265
1278
1278
1282
1292
1278
1293
1288
1288
1269
1305
1270
1324
1272
1287
1267
1283
1248
1266
1296
1257
1290
1261
1293
1261
1288
1277
1282
1273
1269
1297
1248
1283
1263
1283
1266
1274
1275
1271
1278
1261
1297
1254
1301
1238
1305
1243
1277
1253
1287
1253
1270
1253
1263
1268
1266
1246
1268
1255
1278
1258
1287
1272
1285
1277
1291
1255
1279
1267
1269
1253
1260
1268
1257
1269
1268
1294
1254
1290
1271
1280
1303
1300
1288
1288
1289
1297
1282
1294
1280
1267
1276
1283
1271
1285
1275
1277
1236
1279
1276
1275
1256
1285
1279
1255
1280
1282
1276
1304
1274
1291
1269
1305
1273
1285
1250
1284
1296
1258
1284
1275
1272
1284
1274
1266
1271
1268
1283
1271
1275
1269
1281
1285
1285
1295
1280
1287
1273
1281
1267
1272
1269
1257
1281
1268
1271
1250
1276
1240
1286
1252
1293
1249
1284
1285
1277
1260
1270
1293
1257
1307
1266
1269
1290
1263
1281
1249
1286
1242
1288
1239
1289
1235
1280
1250
1270
1267
1270
1283
1260
1294
1259
1287
1267
1290
1275
1267
1283
1252
1284
1247
1311
1257
1277
1251
1270
1249
1245
1278
1260
1267
1262
1295
1274
1320
1281
1306
1282
1294
1290
1283
1279
1272
1278
1262
1268
1259
1262
1277
1252
1249
1247
1291
1251
1295
1265
1296
1229
1285
1278
1267
1286
1253
1295
1216
1295
1227
1263
1236
1281
1248
1263
1275
1269
1280
1288
1278
1275
1267
1280
1269
1285
1227
1292
1227
1300
1225
1302
1231
1298
1228
1277
1246
1238
1262
1255
1279
1254
1263
1261
1292
1274
1291
1290
1273
1285
1260
1303
1238
1303
1238
1293
1236
1278
1261
1254
1296
1255
1303
1246
1312
1262
1294
1256
1290
1296
1270
1298
1259
1296
1226
1289
1191
1274
1253
1264
1266
1252
1288
1258
1299
1249
1299
1259
1299
1273
1266
1282
1255
1288
1252
1290
1249
1284
1251
1282
1247
1303
1278
1254
1268
1249
1297
1233
1299
1241
1287
1247
1271
1261
1250
1286
1242
1289
1231
1293
1241
1279
1251
1303
1256
1266
1281
1254
1299
1251
1289
1236
1281
1263
1263
1271
1241
1305
1203
1303
1216
1298
1234
1295
1233
1271
1258
1269
1273
1242
1276
1237
1273
1259
1282
1268
1267
1280
1252
1288
1214
1294
1225
1287
1222
1292
1234
1275
1243
1267
1263
1263
1270
1257
1291
1256
1300
1263
1291
1275
1300
1277
1259
1277
1245
1292
1218
1288
1234
1287
1247
1284
1266
1260
1293
1261
1285
1269
1288
1251
1296
1257
1278
1241
1267
1243
1239
1281
1232
1290
1235
1299
1238
1225
1242
1271
1242
1260
1266
1242
1253
1243
1275
1246
1271
1257
1282
1263
1275
1276
1267
1274
1253
1291
1229
1291
1244
1276
1255
1272
1247
1258
1253
1258
1274
1248
1268
1255
1289
1257
1285
1259
1274
1268
1255
1273
1250
1276
1238
1281
1223
1275
1236
1276
1232
1272
1239
1268
1208
1260
1267
1257
1280
1261
1282
1259
1281
1271
1273
1305
1265
1296
1248
1297
1268
1293
1240
1288
1251
1254
1255
1271
1265
1269
1286
1263
1303
1265
1288
1269
1291
1275
1261
1272
1246
1278
1206
1280
1238
1270
1241
1268
1234
1289
1249
1266
1266
1269
1272
1252
1292
1265
1291
1255
1284
1263
1272
1262
1244
1272
1243
1276
1243
1275
1244
1272
1248
1275
1243
1264
1265
1256
1263
1250
1271
1260
1275
1236
1275
1274
1244
1283
1255
1275
1272
1287
1239
1274
1243
1268
1241
1245
1248
1261
1241
1252
1266
1251
1268
1255
1262
1260
1257
1273
1255
1283
1237
1283
1232
1282
1235
1278
1229
1251
1206
1266
1237
1266
1241
1271
1244
1261
1263
1268
1246
1278
1241
1283
1218
1286
1240
1280
1230
1280
1249
1264
1265
1267
1249
1267
1273
1258
1260
1248
1258
1256
1266
1269
1268
1268
1255
1286
1262
1276
1267
1281
1278
1264
1268
1259
1277
1267
1265
1243
1253
1244
1260
1248
1240
1255
1246
1268
1244
1242
1255
1277
1237
1306
1262
1272
1276
1262
1275
1249
1268
1253
1266
1265
1254
1263
1234
1266
1236
1270
1234
1281
1209
1282
1226
1282
1241
1283
1239
1295
1250
1270
1256
1261
1262
1276
1220
1271
1261
1268
1218
1273
1227
1268
1233
1279
1222
1295
1221
1273
1213
1275
1227
1269
1253
1269
1260
1268
1267
1268
1257
1271
1249
1269
1246
1266
1237
1266
1225
1266
1216
1256
1238
1268
1280
1270
1252
1268
1275
1269
1262
1274
1265
1275
1240
1268
1246
1274
1254
1266
1246
1249
1256
1255
1235
1258
1248
1246
1249
1278
1253
1277
1246
1281
1266
1276
1260
1265
1271
1258
1268
1242
1260
1246
1244
1247
1246
1260
1265
1270
1224
1275
1195
1287
1246
1283
1253
1279
1252
1317
1262
1262
1231
1257
1239
1248
1249
1249
1236
1243
1233
1279
1238
1274
1240
1285
1236
1288
1258
1281
1260
1272
1239
1259
1252
1250
1253
1239
1240
1232
1238
1247
1229
1260
1228
1279
1204
1288
1214
1293
1258
1289
1248
1269
1265
1258
1284
1234
1260
1241
1253
1218
1263
1245
1237
1258
1234
1284
1227
1294
1215
1306
1223
1302
1233
1290
1234
1301
1249
1265
1244
1250
1244
1246
1202
1258
1245
1258
1250
1300
1216
1331
1238
1306
1216
1299
1230
1288
1246
1281
1267
1229
1274
1243
1269
1244
1267
1243
1249
1248
1238
1258
1233
1273
1235
1282
1223
1267
1242
1290
1256
1250
1260
1261
1260
1246
1270
1240
1235
1241
1236
1243
1267
1255
1224
1275
1225
1281
1212
1260
1218
1287
1205
1279
1237
1251
1249
1252
1246
1237
1252
1239
1252
1247
1226
1253
1222
1263
1219
1280
1210
1287
1198
1286
1219
1288
1237
1281
1250
1260
1259
1242
1252
1252
1242
1253
1220
1252
1234
1260
1208
1265
1224
1284
1239
1279
1247
1294
1249
1288
1260
1281
1285
1274
1255
1263
1249
1227
1241
1260
1226
1255
1220
1259
1237
1264
1233
1268
1248
1271
1244
1252
1247
1289
1294
1262
1258
1253
1272
1251
1217
1204
1230
1251
1205
1253
1217
1252
1232
1256
1229
1262
1231
1273
1235
1277
1243
1276
1236
1273
1232
1268
1234
1269
1205
1262
1206
1257
1207
1259
1231
1257
1219
1235
1225
1261
1241
1276
1221
1282
1232
1284
1210
1286
1237
1275
1241
1278
1222
1299
1214
1266
1194
1264
1215
1256
1218
1264
1216
1264
1229
1274
1238
1282
1237
1282
1232
1276
1242
1269
1228
1265
1221
1252
1210
1248
1217
1279
1205
1245
1213
1254
1245
1261
1231
1273
1223
1251
1246
1279
1262
1277
1256
1261
1255
1260
1225
1236
1225
1247
1215
1249
1215
1273
1220
1256
1191
1261
1250
1272
1258
1277
1267
1261
1261
1273
1246
1264
1225
1259
1198
1250
1193
1240
1165
1248
1217
1251
1230
1264
1239
1323
1247
1280
1249
1285
1243
1279
1237
1273
1240
1257
1217
1255
1214
1259
1209
1254
1204
1261
1217
1267
1226
1276
1208
1282
1236
1286
1242
1280
1248
1262
1253
1267
1236
1257
1235
1255
1190
1254
1207
1257
1230
1262
1209
1261
1217
1282
1231
1257
1239
1284
1240
1281
1254
1264
1246
1268
1231
1246
1215
1247
1237
1249
1196
1257
1204
1265
1214
1296
1221
1288
1238
1291
1245
1284
1214
1279
1250
1259
1251
1253
1224
1298
1220
1249
1194
1253
1211
1271
1198
1280
1222
1280
1234
1286
1212
1294
1242
1266
1251
1262
1245
1246
1249
1245
1201
1250
1212
1257
1209
1268
1207
1269
1210
1304
1204
1286
1220
1275
1206
1266
1222
1254
1256
1250
1235
1240
1226
1243
1199
1215
1214
1265
1188
1271
1204
1281
1230
1278
1230
1272
1229
1268
1236
1258
1238
1260
1227
1237
1231
1252
1229
1261
1207
1260
1220
1271
1234
1277
1230
1273
1239
1275
1243
1256
1249
1262
1223
1262
1260
1254
1226
1259
1228
1254
1237
1270
1227
1304
1217
1287
1211
1290
1231
1284
1223
1276
1237
1261
1238
1260
1232
1284
1233
1264
1236
1262
1230
1279
1222
1279
1215
1279
1211
1261
1249
1276
1220
1268
1234
1259
1225
1207
1220
1261
1214
1264
1213
1261
1237
1271
1224
1263
1220
1268
1210
1255
1215
1260
1225
1260
1215
1247
1219
1246
1214
1266
1213
1266
1218
1269
1213
1254
1210
1254
1197
1257
1207
1255
1172
1272
1191
1256
1184
1263
1211
1258
1203
1270
1215
1276
1230
1277
1211
1267
1234
1265
1229
1261
1226
1252
1222
1261
1231
1263
1225
1285
1230
1273
1241
1282
1243
1286
1233
1284
1240
1279
1262
1271
1234
1254
1240
1238
1231
1252
1224
1256
1183
1265
1233
1275
1242
1285
1232
1283
1251
1292
1240
1295
1233
1270
1236
1256
1240
1243
1215
1220
1201
1236
1214
1252
1210
1270
1215
1279
1228
1287
1220
1288
1212
1281
1219
1262
1220
1246
1176
1258
1222
1238
1227
1244
1201
1304
1205
1278
1184
1287
1208
1286
1211
1277
1228
1276
1235
1267
1250
1264
1242
1255
1224
1253
1237
1253
1218
1249
1191
1270
1199
1283
1211
1289
1227
1274
1217
1288
1239
1259
1248
1272
1222
1258
1206
1247
1261
1250
1216
1242
1216
1255
1203
1250
1198
1309
1208
1287
1227
1285
1240
1278
1245
1265
1256
1230
1250
1274
1246
1251
1260
1258
1230
1265
1202
1277
1200
1282
1197
1269
1157
1292
1223
1261
1252
1249
1247
1280
1253
1247
1231
1257
1245
1266
1219
1252
1218
1271
1217
1285
1199
1289
1215
1273
1212
1269
1238
1262
1249
1259
1227
1256
1251
1268
1241
1270
1233
1262
1222
1281
1193
1280
1201
1278
1194
1273
1205
1261
1264
1258
1246
1250
1255
1255
1241
1227
1236
1272
1204
1282
1213
1278
1216
1283
1212
1276
1217
1277
1227
1273
1234
1266
1234
1257
1218
1257
1234
1257
1207
1263
1211
1277
1220
1278
1223
1281
1227
1286
1222
1275
1232
1266
1206
1255
1225
1253
1216
1254
1219
1244
1226
1266
1221
1295
1215
1286
1216
1287
1238
1280
1233
1276
1249
1263
1236
1250
1231
1255
1221
1259
1219
1243
1210
1268
1206
1285
1189
1279
1215
1271
1264
1273
1250
1264
1276
1266
1265
1217
1260
1261
1243
1265
1241
1262
1236
1274
1224
1264
1217
1274
1206
1268
1231
1281
1253
1287
1257
1282
1260
1277
1233
1271
1232
1267
1210
1272
1203
1266
1199
1273
1187
1278
1206
1291
1200
1285
1215
1274
1212
1275
1251
1260
1249
1257
1230
1281
1220
1256
1196
1263
1198
1263
1194
1269
1202
1278
1201
1274
1224
1267
1244
1274
1248
1267
1253
1268
1265
1268
1234
1268
1234
1267
1245
1267
1221
1259
1214
1260
1216
1262
1248
1267
1221
1268
1250
1273
1274
1277
1252
1245
1242
1276
1243
1257
1223
1265
1211
1265
1226
1261
1214
1272
1206
1274
1232
1280
1236
1288
1233
1290
1239
1283
1241
1271
1233
1268
1212
1267
1222
1263
1189
1269
1222
1269
1235
1270
1211
1316
1215
1275
1196
1271
1252
1263
1216
1266
1224
1267
1232
1268
1237
1275
1236
1271
1233
1266
1220
1263
1221
1263
1199
1263
1210
1274
1217
1272
1227
1255
1268
1270
1237
1274
1247
1276
1220
1273
1227
1266
1244
1271
1223
1255
1226
1265
1215
1245
1230
1291
1219
1294
1261
1278
1257
1277
1280
1270
1238
1276
1238
1267
1227
1277
1215
1272
1214
1276
1224
1268
1213
1263
1220
1261
1238
1261
1250
1240
1261
1268
1250
1307
1257
1288
1203
1282
1196
1255
1194
1270
1205
1254
1224
1249
1232
1268
1241
1261
1242
1268
1268
1278
1247
1314
1201
1288
1216
1284
1184
1275
1183
1258
1204
1262
1209
1253
1228
1282
1230
1270
1278
1272
1287
1279
1246
1275
1245
1282
1207
1217
1196
1277
1183
1275
1198
1265
1229
1264
1246
1257
1262
1262
1261
1259
1262
1235
1256
1268
1228
1278
1186
1276
1199
1274
1189
1279
1206
1283
1225
1262
1244
1260
1245
1266
1262
1269
1281
1266
1244
1274
1213
1256
1219
1277
1213
1278
1191
1299
1203
1270
1203
1265
1240
1260
1266
1258
1271
1258
1268
1266
1257
1273
1237
1281
1213
1279
1194
1270
1202
1266
1189
1261
1222
1259
1286
1261
1278
1263
1288
1272
1290
1229
1267
1283
1225
1287
1224
1283
1222
1286
1207
1263
1226
1270
1251
1256
1249
1269
1263
1270
1273
1279
1261
1282
1208
1274
1230
1280
1204
1276
1200
1260
1210
1269
1204
1275
1212
1267
1214
1276
1238
1259
1224
1262
1242
1258
1244
1270
1216
1305
1215
1285
1192
1281
1202
1266
1209
1264
1227
1253
1227
1256
1237
1262
1258
1268
1233
1280
1223
1282
1217
1289
1206
1279
1202
1282
1221
1275
1239
1258
1251
1258
1248
1257
1263
1266
1236
1271
1237
1275
1241
1282
1213
1299
1218
1278
1224
1259
1242
1273
1252
1270
1289
1267
1284
1273
1256
1283
1255
1278
1238
1272
1206
1274
1195
1266
1203
1269
1214
1273
1212
1271
1258
1268
1244
1276
1271
1267
1275
1266
1247
1309
1231
1266
1174
1235
1188
1266
1188
1274
1220
1272
1247
1278
1255
1284
1271
1276
1273
1276
1254
1290
1230
1277
1194
1270
1201
1276
1179
1276
1169
1247
1202
1266
1219
1266
1248
1265
1243
1265
1260
1264
1274
1273
1250
1269
1218
1301
1197
1260
1187
1270
1210
1262
1197
1258
1230
1259
1254
1260
1265
1269
1282
1275
1276
1283
1259
1282
1234
1280
1221
1269
1195
1231
1201
1253
1198
1261
1242
1258
1268
1266
1247
1301
1267
1280
1236
1286
1242
1271
1217
1273
1207
1256
1217
1261
1219
1274
1218
1259
1241
1267
1264
1271
1289
1270
1218
1272
1237
1258
1228
1281
1212
1269
1208
1274
1206
1287
1210
1272
1198
1269
1232
1264
1263
1272
1247
1266
1252
1270
1227
1236
1219
1281
1202
1284
1209
1280
1223
1271
1224
1261
1241
1261
1246
1251
1247
1258
1254
1265
1242
1270
1225
1283
1207
1279
1200
1283
1201
1281
1223
1259
1246
1262
1241
1260
1258
1258
1248
1260
1245
1259
1217
1267
1224
1264
1214
1290
1198
1299
1213
1277
1242
1275
1240
1272
1253
1269
1271
1264
1252
1266
1245
1259
1232
1263
1214
1263
1188
1268
1207
1269
1209
1268
1234
1272
1285
1275
1275
1270
1285
1268
1265
1218
1244
1263
1198
1277
1213
1247
1228
1265
1211
1262
1217
1277
1256
1266
1269
1279
1269
1275
1282
1274
1269
1277
1215
1260
1225
1284
1217
1265
1218
1239
1227
1265
1230
1271
1255
1276
1254
1250
1281
1274
1259
1281
1271
1276
1247
1279
1206
1306
1196
1275
1182
1263
1204
1259
1213
1257
1255
1256
1265
1265
1279
1281
1282
1270
1244
1289
1223
1291
1201
1285
1184
1270
1180
1261
1203
1255
1238
1245
1268
1245
1283
1256
1301
1271
1273
1280
1260
1261
1249
1287
1213
1276
1195
1278
1195
1254
1218
1265
1235
1260
1268
1255
1298
1257
1252
1263
1285
1273
1260
1278
1249
1284
1217
1273
1196
1284
1207
1286
1196
1273
1235
1261
1233
1255
1273
1242
1268
1250
1268
1296
1239
1274
1209
1284
1211
1289
1192
1306
1184
1280
1218
1273
1266
1271
1248
1250
1271
1209
1276
1245
1261
1252
1225
1265
1226
1273
1203
1285
1200
1275
1211
1291
1214
1301
1246
1269
1247
1258
1263
1258
1283
1254
1259
1248
1243
1269
1206
1249
1196
1279
1198
1282
1209
1282
1238
1264
1262
1267
1263
1268
1271
1258
1264
1260
1240
1266
1218
1262
1212
1266
1207
1262
1211
1278
1224
1271
1259
1273
1281
1271
1256
1275
1278
1263
1234
1255
1242
1253
1220
1263
1214
1265
1217
1277
1228
1299
1245
1284
1253
1278
1286
1263
1290
1265
1242
1258
1266
1261
1254
1263
1222
1248
1215
1277
1209
1284
1221
1286
1207
1279
1245
1270
1326
1267
1276
1262
1289
1266
1261
1234
1235
1291
1206
1281
1215
1280
1200
1280
1220
1270
1243
1272
1256
1263
1269
1273
1272
1266
1258
1269
1231
1266
1211
1261
1193
1260
1195
1267
1205
1253
1239
1262
1247
1263
1248
1256
1248
1254
1254
1253
1227
1258
1234
1248
1210
1265
1205
1285
1210
1268
1255
1272
1241
1268
1261
1251
1284
1266
1265
1268
1208
1265
1245
1267
1232
1263
1210
1268
1221
1271
1214
1269
1241
1270
1291
1269
1282
1257
1287
1270
1273
1210
1262
1268
1210
1272
1220
1276
1232
1279
1207
1272
1219
1277
1242
1261
1251
1265
1267
1264
1283
1263
1299
1270
1238
1273
1225
1255
1216
1287
1202
1262
1207
1282
1215
1266
1233
1260
1234
1259
1282
1254
1247
1260
1277
1258
1279
1273
1229
1306
1206
1282
1196
1285
1216
1283
1222
1276
1255
1250
1278
1280
1285
1257
1285
1256
1276
1257
1243
1267
1214
1277
1194
1278
1186
1297
1204
1281
1239
1267
1255
1264
1276
1253
1291
1224
1269
1254
1260
1250
1258
1266
1225
1269
1214
1286
1203
1274
1229
1290
1231
1265
1269
1259
1289
1253
1288
1245
1294
1244
1271
1255
1266
1270
1234
1282
1213
1290
1207
1293
1193
1286
1222
1280
1228
1266
1275
1248
1313
1251
1298
1300
1284
1261
1237
1271
1233
1277
1205
1289
1193
1284
1185
1278
1222
1294
1250
1275
1268
1262
1301
1256
1296
1263
1270
1259
1258
1271
1225
1273
1203
1278
1208
1285
1211
1285
1229
1283
1232
1255
1269
1269
1305
1262
1285
1247
1286
1256
1251
1240
1242
1267
1239
1295
1238
1288
1273
1288
1271
1281
1271
1281
1275
1275
1276
1252
1280
1263
1260
1267
1261
1273
1248
1272
1231
1278
1211
1279
1248
1272
1253
1261
1252
1309
1268
1273
1248
1271
1264
1270
1253
1273
1257
1269
1247
1276
1240
1278
1237
1297
1235
1273
1252
1264
1269
1269
1238
1270
1275
1273
1279
1278
1263
1271
1257
1277
1242
1274
1251
1274
1225
1265
1258
1257
1300
1261
1281
1254
1289
1263
1286
1232
1266
1261
1236
1278
1240
1273
1241
1273
1227
1265
1244
1267
1265
1263
1259
1266
1274
1253
1265
1264
1251
1282
1206
1276
1231
1280
1214
1289
1229
1273
1241
1282
1230
1263
1246
1267
1240
1257
1285
1256
1236
1262
1257
1239
1251
1278
1251
1309
1229
1284
1231
1289
1240
1278
1249
1272
1278
1260
1275
1264
1284
1261
1286
1264
1278
1274
1253
1286
1246
1290
1217
1285
1216
1279
1241
1287
1262
1265
1286
1260
1275
1238
1316
1269
1286
1275
1292
1276
1290
1305
1238
1282
1245
1290
1221
1275
1234
1281
1248
1276
1287
1256
1315
1264
1295
1257
1321
1261
1298
1271
1264
1254
1236
1283
1226
1285
1204
1257
1206
1274
1242
1267
1261
1259
1291
1249
1303
1254
1287
1287
1280
1276
1249
1281
1246
1287
1205
1290
1173
1278
1211
1272
1204
1272
1228
1258
1266
1250
1277
1255
1286
1263
1285
1272
1272
1281
1241
1296
1233
1266
1217
1284
1200
1271
1183
1261
1211
1266
1250
1251
1286
1259
1297
1260
1298
1286
1271
1270
1257
1291
1278
1290
1230
1283
1240
1247
1193
1262
1252
1261
1274
1257
1290
1266
1293
1259
1282
1266
1279
1273
1243
1290
1273
1278
1268
1281
1288
1270
1270
1263
1268
1274
1277
1262
1238
1262
1266
1266
1260
1277
1260
1276
1242
1287
1273
1299
1271
1300
1272
1272
1276
1267
1265
1257
1251
1259
1247
1266
1245
1287
1243
1256
1250
1283
1246
1283
1253
1282
1231
1281
1257
1267
1242
1264
1262
1250
1268
1257
1251
1246
1251
1279
1244
1287
1256
1289
1257
1286
1259
1290
1271
1274
1274
1261
1273
1262
1291
1262
1255
1268
1269
1276
1249
1282
1240
1283
1257
1284
1253
1283
1262
1284
1264
1270
1283
1260
1266
1282
1282
1265
1272
1266
1266
1259
1245
1272
1233
1288
1237
1276
1237
1275
1257
1271
1282
1265
1276
1252
1290
1255
1283
1234
1284
1195
1252
1257
1227
1268
1228
1277
1213
1253
1244
1266
1268
1269
1284
1255
1302
1257
1290
1246
1308
1262
1242
1275
1251
1272
1247
1284
1225
1287
1238
1293
1248
1274
1259
1276
1266
1273
1289
1266
1285
1282
1270
1272
1261
1285
1243
1291
1230
1282
1229
1289
1211
1284
1226
1278
1222
1269
1264
1264
1280
1261
1296
1255
1317
1266
1283
1289
1268
1279
1241
1283
1232
1279
1217
1277
1248
1255
1260
1255
1285
1257
1311
1257
1317
1252
1304
1256
1283
1262
1250
1269
1235
1275
1233
1277
1241
1284
1262
1269
1278
1260
1291
1263
1276
1265
1287
1265
1299
1262
1277
1265
1260
1278
1249
1257
1249
1287
1243
1285
1247
1274
1285
1268
1246
1244
1275
1261
1285
1272
1283
1252
1289
1277
1270
1281
1279
1288
1241
1283
1249
1284
1256
1270
1253
1257
1241
1254
1262
1281
1261
1273
1254
1280
1269
1284
1249
1290
1250
1277
1247
1279
1248
1277
1249
1287
1259
1231
1282
1264
1267
1266
1261
1281
1254
1284
1235
1269
1241
1280
1243
1285
1236
1277
1254
1268
1245
1266
1272
1255
1286
1256
1276
1233
1272
1261
1251
1251
1246
1285
1250
1280
1248
1278
1279
1280
1219
1265
1275
1265
1283
1254
1288
1262
1277
1256
1258
1268
1262
1280
1246
1288
1251
1286
1274
1280
1283
1283
1290
1273
1292
1291
1296
1266
1265
1262
1280
1264
1281
1271
1273
1272
1273
1290
1273
1304
1298
1292
1270
1285
1281
1273
1281
1271
1271
1259
1278
1263
1278
1268
1273
1250
1262
1274
1252
1297
1240
1281
1240
1278
1249
1272
1265
1272
1276
1261
1298
1257
1279
1251
1270
1269
1252
1273
1248
1272
1237
1278
1225
1274
1232
1277
1248
1260
1269
1272
1289
1272
1293
1266
1291
1267
1246
1267
1254
1268
1254
1276
1230
1271
1238
1271
1224
1268
1255
1273
1247
1265
1274
1259
1290
1263
1304
1253
1292
1272
1273
1284
1270
1272
1279
1275
1256
1275
1248
1258
1232
1264
1252
1260
1269
1261
1282
1197
1289
1262
1275
1264
1285
1276
1250
1283
1244
1279
1230
1279
1234
1270
1237
1268
1246
1262
1262
1267
1262
1279
1300
1275
1309
1284
1284
1282
1262
1289
1251
1279
1229
1285
1223
1278
1233
1269
1243
1261
1253
1259
1274
1262
1290
1269
1302
1265
1289
1244
1264
1280
1254
1283
1218
1278
1248
1271
1239
1272
1270
1255
1282
1263
1275
1300
1271
1270
1263
1274
1267
1278
1259
1281
1240
1276
1260
1275
1260
1279
1262
1262
1275
1260
1266
1262
1277
1260
1270
1265
1266
1265
1254
1275
1276
1270
1266
1300
1247
1277
1251
1273
1236
1268
1254
1265
1274
1264
1280
1256
1288
1269
1286
1266
1299
1275
1261
1260
1254
1273
1244
1275
1215
1270
1238
1269
1231
1268
1262
1252
1281
1271
1281
1266
1281
1272
1252
1274
1249
1281
1249
1274
1216
1264
1233
1269
1239
1274
1245
1265
1247
1266
1276
1265
1274
1267
1277
1270
1273
1275
1270
1296
1252
1276
1246
1270
1251
1271
1243
1270
1236
1267
1255
1267
1253
1265
1268
1260
1279
1267
1263
1266
1267
1273
1245
1279
1268
1273
1247
1273
1241
1245
1249
1270
1239
1262
1253
1278
1260
1278
1271
1274
1281
1280
1247
1272
1258
1273
1254
1266
1251
1279
1250
1267
1256
1268
1262
1251
1262
1269
1263
1272
1305
1292
1280
1268
1273
1270
1256
1267
1265
1264
1240
1261
1263
1256
1270
1261
1281
1252
1288
1269
1284
1287
1312
1275
1275
1271
1279
1266
1269
1266
1264
1257
1269
1256
1283
1261
1278
1236
1281
1256
1276
1269
1266
1296
1230
1279
1260
1275
1249
1272
1259
1280
1276
1266
1265
1259
1258
1264
1241
1266
1257
1265
1248
1270
1244
1270
1239
1281
1232
1276
1235
1284
1242
1278
1233
1276
1240
1272
1234
1265
1242
1264
1283
1264
1256
1243
1265
1267
1236
1272
1214
1278
1217
1278
1232
1271
1242
1275
1257
1257
1289
1262
1272
1270
1279
1266
1294
1269
1272
1255
1256
1273
1218
1272
1237
1274
1251
1281
1262
1224
1274
1267
1285
1265
1301
1259
1280
1269
1281
1267
1248
1266
1267
1260
1242
1266
1249
1278
1255
1269
1243
1272
1273
1255
1293
1270
1285
1262
1285
1269
1288
1267
1268
1269
1273
1265
1252
1259
1243
1267
1232
1266
1242
1268
1280
1271
1261
1263
1284
1252
1284
1272
1280
1272
1206
1263
1257
1262
1254
1265
1226
1259
1236
1263
1224
1270
1237
1268
1250
1270
1315
1267
1293
1267
1294
1243
1284
1283
1261
1271
1227
1266
1230
1267
1208
1265
1220
1265
1227
1259
1240
1261
1228
1270
1292
1265
1292
1272
1265
1299
1255
1280
1251
1270
1223
1254
1200
1267
1230
1259
1238
1264
1250
1267
1259
1272
1272
1289
1276
1272
1275
1267
1297
1262
1246
1266
1242
1237
1240
1243
1209
1265
1226
1264
1243
1271
1226
1264
1256
1265
1300
1265
1272
1266
1278
1262
1259
1242
1251
1290
1220
1278
1234
1271
1242
1273
1240
1269
