1058
1321
1506
1316
1500
1312
1474
1296
1265
1257
1307
1265
1308
1272
1241
1270
1248
1250
1257
1264
1268
1267
1230
1272
1247
1274
1201
1274
1212
1252
1152
1276
1275
1258
1223
1269
1220
1298
1225
1275
1216
1274
1268
1270
1235
1277
1214
1266
1231
1269
1221
1274
1278
1255
1237
1268
1193
1266
1232
1265
1198
1258
1217
1269
1178
1260
1233
1258
1238
1257
1227
1292
1222
1250
1327
1245
1125
1268
1237
1261
1224
1246
1222
1257
1237
1273
1223
1258
1216
1260
1245
1257
1233
1262
1229
1253
1155
1287
1195
1277
1244
1263
1302
1257
1243
1264
1237
1279
1250
1261
1249
1264
1225
1267
1248
1259
1229
1262
1293
1315
1226
1267
1214
1269
1274
1243
1231
1267
1237
1249
1245
1270
1237
1273
1237
1271
1232
1270
1219
1276
1215
1259
1140
1276
1261
1266
1213
1270
1217
1257
1217
1265
1213
1265
1202
1264
1196
1267
1193
1259
1203
1286
1222
1271
1151
1267
1193
1253
1177
1286
1208
1262
1204
1253
1220
1242
1212
1255
1207
1256
1204
1254
1216
1260
1217
1249
1239
1262
1177
1260
1260
1260
1218
1253
1254
1233
1237
1251
1254
1251
1215
1259
1253
1246
1207
1258
1235
1253
1209
1263
1212
1251
1257
1262
1258
1243
1250
1265
1203
1268
1281
1255
1266
1262
1249
1258
1247
1268
1228
1268
1309
1281
1252
1270
1254
1274
1233
1281
1223
1270
1232
1274
1285
1276
1230
1268
1238
1271
1234
1221
1217
1281
1193
1273
1170
1277
1247
1274
1218
1268
1233
1256
1224
1271
1205
1280
1209
1275
1219
1278
1202
1302
1161
1253
1194
1269
1211
1265
1203
1255
1215
1265
1214
1267
1162
1271
1194
1268
1218
1264
1246
1284
1239
1261
1319
1264
1289
1241
1236
1267
1198
1273
1234
1252
1232
1259
1250
1241
1239
1249
1213
1244
1214
1241
1120
1266
1283
1249
1207
1235
1217
1229
1260
1235
1218
1238
1228
1233
1232
1257
1255
1264
1247
1283
1240
1291
1265
1309
1318
1305
1188
1327
1309
1310
1280
1308
1287
1308
1285
1313
1295
1297
1310
1295
1308
1287
1272
1279
1258
1273
1151
1305
1161
1296
1202
1264
1184
1301
1184
1315
1192
1334
1189
1347
1198
1361
1202
1379
1232
1385
1298
1380
1311
1366
1369
1335
1479
1308
1466
1281
1397
1268
1361
1262
1359
1228
1349
1198
1319
1177
1303
1146
1228
1114
1271
1098
1321
1057
1162
1052
1112
1046
1007
1055
940
1074
870
1097
894
1107
829
1143
858
1152
911
1171
910
1248
975
1238
908
1260
908
1300
1038
1349
1078
1373
1169
1396
1257
1412
1358
1383
1454
1350
1544
1315
1578
1310
1534
1242
1551
1253
1568
1230
1544
1216
1534
1261
1476
1274
1435
1280
1372
1289
1302
1299
1205
1318
1156
1328
1143
1354
1135
1432
1047
1412
975
1430
981
1436
944
1443
938
1423
928
1427
945
1411
973
1397
1039
1380
1045
1368
1186
1332
1210
1336
1378
1296
1414
1271
1493
1214
1543
1222
1547
1206
1595
1194
1579
1174
1552
1160
1497
1156
1510
1135
1442
1152
1324
1167
1303
1172
1286
1182
1290
1172
1277
1173
1252
1162
1228
1162
1216
1165
1113
1182
1239
1154
1178
1159
1216
1163
1213
1168
1224
1173
1208
1190
1237
1195
1168
1210
1135
1204
1114
1262
1069
1306
1117
1322
1119
1349
1099
1378
1035
1383
996
1382
954
1396
950
1393
938
1385
979
1365
969
1344
1056
1332
1048
1329
1168
1274
1228
1290
1251
1276
1297
1266
1299
1253
1363
1239
1381
1239
1364
1222
1396
1222
1418
1173
1420
1223
1406
1199
1466
1190
1494
1198
1404
1203
1367
1237
1302
1228
1184
1251
1109
1260
1066
1258
1024
1270
999
1266
1151
1245
1144
1271
1148
1266
1222
1268
1243
1273
1244
1271
1273
1268
1263
1271
1270
1266
1237
1257
1279
1258
1231
1256
1301
1251
1307
1242
1288
1233
1238
1224
1212
1227
1193
1218
1114
1240
1113
1250
1074
1259
1053
1284
1029
1294
1061
1299
1025
1314
998
1325
1049
1297
1118
1337
1155
1341
1221
1381
1275
1364
1341
1361
1372
1362
1316
1371
1467
1343
1469
1298
1527
1302
1570
1288
1566
1266
1552
1256
1490
1240
1451
1234
1384
1220
1324
1220
1266
1205
1218
1199
1219
1194
1196
1186
1149
1185
1120
1181
1131
1177
1114
1189
1112
1256
1151
1232
1147
1253
1201
1257
1286
1272
1315
1269
1208
1274
1162
1242
1144
1267
1083
1265
1117
1259
1118
1255
1059
1258
1079
1256
1094
1251
1015
1210
1041
1240
1007
1227
1018
1234
1036
1238
1087
1233
1118
1251
1176
1249
1222
1266
1202
1305
1202
1305
1183
1259
1285
1284
1236
1288
1334
1302
1368
1300
1415
1361
1418
1377
1387
1389
1381
1408
1337
1411
1315
1403
1245
1418
1396
1381
1360
1347
1371
1332
1390
1299
1382
1271
1352
1238
1382
1224
1380
1215
1405
1203
1410
1218
1383
1232
1473
1227
1358
1244
1323
1233
1276
1237
1257
1233
1245
1256
1207
1274
1228
1286
1204
1293
1166
1300
1144
1295
1160
1277
1124
1277
1047
1265
1097
1242
1130
1232
1135
1242
1181
1222
1216
1186
1218
1194
1214
1187
1214
1163
1278
1167
1199
1173
1260
1163
1280
1172
1253
1173
1273
1184
1221
1202
1193
1210
1147
1226
1157
1231
1154
1255
1156
1271
1265
1274
1206
1319
1127
1326
1133
1338
1079
1346
1043
1348
1041
1335
1093
1345
1127
1333
1229
1323
1285
1313
1275
1300
1351
1301
1329
1300
1380
1305
1335
1313
1370
1294
1403
1336
1395
1327
1363
1335
1372
1331
1305
1303
1242
1310
1227
1293
1126
1292
1110
1285
1148
1271
1252
1268
1246
1269
1294
1264
1322
1235
1302
1244
1289
1240
1329
1236
1355
1247
1395
1233
1394
1248
1463
1242
1429
1251
1385
1252
1329
1255
1291
1256
1234
1237
1235
1269
1290
1285
1266
1287
1347
1291
1227
1309
1229
1309
1172
1297
1172
1303
1190
1295
1164
1275
1231
1271
1243
1243
1247
1253
1325
1232
1195
1226
1226
1215
1194
1208
1213
1212
1208
1209
1238
1227
1272
1229
1260
1237
1225
1244
1274
1225
1077
1258
1119
1237
1104
1256
1127
1269
1109
1257
1142
1269
1146
1284
1128
1285
1148
1287
1154
1263
1177
1281
1185
1304
1271
1311
1303
1322
1321
1320
1363
1325
1394
1323
1353
1307
1328
1290
1378
1271
1380
1267
1377
1267
1468
1225
1270
1246
1299
1231
1227
1224
1171
1206
1129
1197
1100
1191
1103
1190
1074
1192
1099
1195
1122
1199
1133
1242
1074
1227
1032
1251
1088
1265
1079
1278
1130
1258
1212
1307
1282
1314
1332
1321
1337
1331
1320
1324
1295
1326
1278
1332
1266
1343
1219
1340
1245
1335
1283
1326
1282
1302
1279
1284
1248
1297
1215
1248
1179
1226
1214
1199
1160
1265
1284
1188
1313
1209
1375
1225
1349
1229
1354
1241
1319
1254
1278
1275
1281
1286
1337
1310
1335
1326
1394
1352
1296
1362
1364
1370
1294
1306
1210
1314
1187
1297
1156
1284
1194
1267
1248
1265
1265
1271
1266
1256
1143
1269
1259
1244
1214
1231
1181
1222
1242
1225
1267
1232
1325
1248
1362
1238
1313
1235
1278
1234
1207
1232
1166
1242
1013
1221
1054
1243
1155
1241
1118
1265
1152
1228
1109
1256
1091
1250
1040
1261
1055
1244
1045
1275
1075
1268
1125
1262
1187
1261
1229
1264
1246
1267
1213
1270
1181
1274
1172
1275
1262
1265
1305
1292
1369
1326
1414
1328
1451
1332
1395
1334
1341
1338
1289
1331
1274
1312
1253
1319
1269
1312
1277
1308
1341
1292
1419
1273
1319
1263
1293
1252
1274
1239
1245
1239
1222
1243
1263
1240
1296
1249
1293
1259
1274
1272
1309
1274
1218
1255
1285
1280
1183
1274
1121
1287
1140
1292
1201
1292
1259
1299
1242
1290
1231
1268
1212
1259
1159
1273
1158
1265
1105
1289
1169
1266
1248
1258
1300
1262
1306
1253
1300
1261
1291
1242
1265
1240
1236
1232
1250
1228
1269
1229
1323
1235
1281
1240
1183
1242
1196
1183
1179
1214
1118
1234
1119
1218
1167
1228
1137
1228
1193
1260
1189
1272
1186
1273
1191
1280
1196
1302
1124
1256
1118
1259
1208
1252
1243
1254
1321
1225
1352
1246
1312
1270
1295
1283
1246
1284
1209
1288
1147
1264
1207
1284
1332
1301
1306
1292
1295
1310
1274
1307
1226
1299
1185
1296
1158
1281
1180
1279
1213
1288
1222
1299
1351
1292
1404
1309
1303
1319
1302
1304
1247
1297
1236
1282
1255
1283
1295
1277
1320
1280
1396
1268
1349
1315
1354
1288
1281
1277
1289
1262
1209
1264
1219
1245
1251
1265
1237
1265
1288
1272
1330
1276
1290
1272
1246
1276
1277
1269
1200
1259
1193
1263
1232
1256
1260
1261
1310
1254
1298
1259
1250
1246
1245
1239
1222
1233
1190
1261
1200
1257
1310
1246
1223
1257
1289
1271
1320
1261
1319
1249
1271
1283
1223
1264
1207
1257
1246
1252
1263
1256
1321
1255
1338
1246
1273
1251
1271
1252
1192
1243
1154
1237
1126
1238
1169
1255
1211
1256
1237
1266
1291
1273
1328
1266
1234
1298
1195
1275
1152
1278
1145
1257
1178
1268
1227
1232
1271
1272
1236
1289
1214
1289
1193
1294
1141
1288
1099
1287
1051
1292
1126
1310
1223
1284
1275
1268
1295
1280
1269
1272
1232
1258
1151
1241
1117
1223
1152
1219
1179
1215
1245
1231
1269
1236
1333
1249
1304
1270
1240
1266
1220
1257
1195
1277
1176
1294
1266
1283
1295
1296
1330
1307
1345
1322
1230
1318
1307
1300
1206
1291
1239
1285
1227
1267
1267
1284
1345
1292
1417
1298
1378
1294
1359
1283
1301
1280
1312
1276
1225
1238
1261
1217
1289
1247
1306
1258
1379
1255
1370
1278
1318
1276
1285
1276
1245
1266
1203
1298
1216
1240
1223
1275
1285
1280
1299
1284
1268
1257
1267
1285
1181
1270
1098
1266
1107
1227
1113
1256
1161
1248
1301
1267
1303
1276
1289
1264
1279
1267
1207
1256
1166
1249
1159
1244
1205
1246
1258
1247
1221
1248
1322
1262
1292
1253
1309
1257
1086
1249
1131
1231
1123
1244
1166
1206
1246
1228
1363
1237
1342
1257
1332
1260
1249
1263
1198
1274
1183
1264
1115
1301
1259
1278
1289
1283
1382
1304
1363
1322
1333
1328
1269
1316
1195
1305
1154
1294
1233
1284
1183
1303
1270
1272
1300
1267
1362
1280
1285
1279
1238
1268
1168
1269
1154
1253
1179
1255
1257
1253
1315
1263
1360
1278
1307
1298
1339
1279
1247
1267
1178
1236
1139
1237
1148
1240
1204
1251
1244
1265
1264
1278
1265
1292
1094
1317
1184
1300
1130
1284
1111
1270
1168
1251
1227
1264
1292
1304
1332
1266
1287
1275
1282
1276
1223
1254
1163
1232
1380
1247
1290
1260
1239
1254
1304
1268
1367
1275
1323
1286
1211
1286
1191
1263
1128
1262
1117
1227
1131
1214
1325
1192
1216
1228
1363
1253
1310
1263
1238
1258
1208
1242
1184
1257
1182
1270
1227
1242
1263
1252
1341
1269
1349
1285
1330
1297
1310
1282
1207
1300
1125
1283
1104
1287
1155
1286
1174
1304
1222
1307
1292
1325
1272
1315
1220
1337
1221
1287
1103
1296
1202
1251
1183
1250
1316
1243
1309
1254
1351
1250
1346
1265
1250
1288
1153
1273
1165
1263
1219
1253
1269
1286
1181
1252
1406
1282
1349
1288
1310
1300
1229
1283
1171
1259
1144
1253
1158
1242
1246
1241
1326
1254
1440
1232
1361
1314
1266
1303
1245
1289
1115
1282
1117
1268
1164
1261
1202
1264
1301
1271
1363
1290
1362
1294
1298
1285
1271
1300
1156
1265
1177
1238
1220
1234
1293
1245
1354
1253
1377
1266
1363
1285
1295
1271
1211
1256
1149
1249
1163
1239
1200
1212
1393
1228
1378
1251
1408
1262
1325
1283
1303
1296
1238
1284
1167
1262
1201
1270
1228
1269
1288
1267
1341
1308
1387
1282
1306
1285
1200
1270
1109
1261
1053
1244
1082
1225
1094
1216
1198
1227
1244
1239
1258
1246
1198
1260
1173
1270
1119
1232
1036
1235
1116
1213
1131
1224
1225
1189
1314
1236
1317
1251
1255
1263
1209
1253
1124
1247
1100
1250
1140
1204
1164
1243
1282
1263
1320
1278
1344
1299
1292
1306
1222
1311
1175
1292
1134
1253
1177
1260
1264
1277
1275
1301
1387
1291
1364
1308
1334
1312
1227
1308
1175
1282
1111
1285
1159
1278
1279
1265
1342
1265
1368
1279
1390
1307
1292
1298
1210
1287
1133
1272
1147
1221
1185
1238
1251
1252
1322
1265
1382
1286
1347
1292
1287
1293
1077
1309
1090
1269
1105
1246
1223
1213
1309
1241
1339
1246
1366
1267
1308
1269
1238
1261
1160
1250
1103
1247
1116
1234
1141
1215
1249
1251
1305
1258
1300
1269
1282
1243
1198
1281
1120
1263
1043
1250
1133
1251
1165
1222
1277
1208
1278
1235
1385
1271
1283
1272
1258
1280
1179
1270
1168
1226
1164
1275
1196
1226
1304
1258
1387
1272
1430
1272
1352
1307
1295
1282
1151
1283
1137
1263
1127
1251
1272
1261
1411
1260
1382
1266
1328
1287
1272
1301
1185
1298
1090
1267
1147
1255
1138
1233
1204
1222
1320
1265
1380
1273
1382
1279
1259
1292
1185
1285
1116
1259
1093
1212
1165
1216
1227
1239
1295
1241
1388
1251
1348
1280
1291
1292
1203
1289
1134
1273
1122
1253
1195
1219
1313
1211
1411
1277
1378
1275
1346
1293
1247
1305
1158
1279
1103
1282
1110
1232
1180
1241
1351
1253
1378
1254
1409
1276
1392
1299
1300
1308
1164
1287
1108
1280
1131
1248
1153
1229
1341
1229
1371
1244
1377
1234
1320
1286
1229
1264
1240
1268
1018
1272
1184
1247
1200
1225
1259
1218
1348
1247
1411
1251
1354
1278
1266
1288
1163
1261
1120
1250
1139
1234
1233
1237
1183
1271
1404
1252
1369
1275
1293
1297
1222
1292
1066
1259
1022
1257
1123
1211
1221
1222
1262
1227
1288
1254
1348
1274
1241
1284
1186
1292
1077
1273
995
1262
1076
1252
1165
1211
1388
1225
1361
1269
1319
1291
1269
1318
1209
1307
1102
1273
1113
1255
1169
1257
1225
1245
1498
1266
1402
1281
1372
1309
1288
1309
1225
1301
1132
1264
1094
1259
1150
1241
1241
1227
1469
1265
1387
1269
1350
1285
1265
1286
1215
1289
1137
1265
1192
1229
1237
1254
1269
1228
1580
1262
1437
1282
1388
1298
1300
1308
1242
1295
1159
1268
1126
1244
1186
1242
1264
1220
1550
1253
1382
1264
1355
1292
1228
1308
1163
1297
1127
1237
1040
1227
1181
1227
1258
1221
1414
1237
1405
1263
1322
1281
1238
1290
1116
1263
1126
1245
1120
1243
1198
1242
1215
1193
1480
1279
1348
1266
1265
1292
1148
1323
1037
1279
1099
1251
1092
1244
1171
1203
1252
1160
1346
1228
1369
1267
1272
1278
1178
1288
1067
1285
1136
1269
1157
1218
1218
1196
1266
1205
1377
1247
1401
1270
1265
1285
1187
1297
1032
1274
1095
1264
1113
1229
1207
1199
1226
1225
1497
1282
1326
1290
1244
1309
1177
1294
1080
1300
1056
1284
1151
1290
1213
1217
1234
1232
1408
1286
1340
1296
1222
1292
1171
1297
1072
1302
1013
1284
1216
1224
1289
1253
1213
1248
1499
1271
1362
1294
1239
1306
1181
1296
1102
1295
1080
1267
1237
1235
1293
1225
1212
1270
1398
1263
1353
1280
1229
1300
1171
1284
1106
1283
1051
1219
1229
1209
1286
1222
1177
1267
1460
1246
1323
1281
1207
1297
1164
1215
1128
1270
1118
1217
1241
1243
1267
1192
1200
1276
1465
1264
1332
1292
1217
1308
1108
1277
1134
1276
1102
1259
1277
1200
1307
1216
1186
1254
1458
1270
1291
1290
1179
1312
1029
1293
1113
1293
1115
1234
1239
1251
1225
1207
1156
1253
1428
1254
1255
1289
1146
1281
1026
1273
1134
1213
1103
1202
1250
1200
1297
1200
1196
1265
1442
1271
1263
1285
1161
1305
1041
1293
1171
1258
1155
1239
1268
1228
1215
1200
1226
1277
1361
1283
1217
1298
1132
1309
1035
1288
1178
1272
1207
1232
1272
1189
1297
1226
1472
1279
1362
1286
1228
1314
1170
1304
1073
1298
1154
1258
1200
1253
1335
1235
1260
1174
1506
1271
1377
1272
1230
1291
1171
1282
1081
1288
1126
1258
1264
1221
1323
1199
1232
1240
1492
1290
1367
1306
1206
1311
1136
1296
1080
1297
1108
1238
1253
1224
1315
1243
1188
1213
1459
1291
1291
1307
1154
1319
1104
1306
1061
1308
1076
1243
1232
1269
1266
1192
1230
1166
1431
1281
1314
1289
1132
1310
1075
1254
1080
1312
1082
1276
1271
1239
1289
1190
1209
1182
1459
1285
1302
1288
1180
1305
1105
1297
1162
1292
1158
1222
1294
1245
1322
1199
1229
1157
1442
1286
1256
1310
1128
1325
1023
1284
1110
1299
1151
1279
1236
1251
1256
1193
1165
1212
1409
1282
1231
1305
1133
1331
1037
1304
1171
1315
1184
1277
1355
1264
1338
1201
1222
1183
1446
1306
1266
1318
1157
1330
1047
1295
1197
1317
1181
1269
1296
1233
1322
1229
1164
1292
1392
1303
1215
1322
1130
1340
1031
1313
1221
1297
1252
1239
1374
1263
1298
1210
1144
1274
1397
1324
1221
1329
1158
1332
1078
1322
1269
1249
1278
1227
1395
1239
1321
1192
1134
1230
1369
1292
1196
1310
1077
1341
1054
1304
1270
1279
1239
1219
1312
1206
1283
1217
1098
1262
1321
1290
1165
1305
1139
1303
1088
1286
1293
1267
1302
1218
1388
1202
1309
1158
1155
1259
1333
1282
1181
1293
1152
1298
1085
1281
1305
1201
1311
1247
1373
1215
1241
1155
1175
1259
1269
1280
1142
1300
1119
1246
1091
1289
1308
1210
1310
1217
1307
1189
1236
1222
1326
1296
1273
1307
1147
1326
1161
1305
1149
1284
1324
1246
1357
1251
1362
1196
1278
1177
1381
1285
1255
1298
1137
1321
1140
1298
1142
1296
1270
1228
1342
1194
1339
1224
1168
1207
1388
1262
1192
1304
1079
1318
1073
1304
1120
1300
1137
1228
1288
1252
1279
1188
1151
1172
1340
1303
1170
1321
1083
1337
1032
1313
1168
1311
1243
1235
1341
1256
1319
1191
1194
1171
1387
1298
1223
1308
1148
1329
1083
1296
1262
1304
1331
1254
1388
1226
1370
1200
1150
1208
1379
1308
1185
1324
1134
1335
1076
1305
1271
1302
1325
1222
1421
1240
1313
1190
1138
1248
1368
1298
1184
1315
1072
1327
1089
1290
1299
1296
1361
1214
1430
1243
1327
1193
1124
1272
1332
1298
1163
1310
1133
1318
1086
1245
1295
1248
1322
1198
1352
1182
1273
1199
1066
1253
1277
1284
1121
1297
1095
1306
1067
1285
1298
1264
1270
1204
1327
1175
1263
1200
1030
1268
1243
1281
1097
1301
1118
1254
1107
1277
1357
1267
1375
1242
1371
1190
1266
1189
1245
1240
1251
1292
1108
1314
1086
1316
1117
1302
1280
1245
1360
1248
1331
1195
1221
1215
1342
1301
1210
1319
1099
1332
1115
1320
1149
1309
1282
1263
1369
1234
1416
1239
1230
1198
1396
1293
1238
1325
1126
1348
1177
1318
1197
1316
1304
1224
1396
1266
1399
1184
1238
1169
1394
1302
1208
1316
1107
1328
1108
1292
1192
1286
1266
1208
1417
1204
1395
1221
1165
1202
1353
1293
1197
1305
1110
1323
1048
1301
1219
1303
1248
1275
1390
1244
1354
1214
1157
1230
1341
1302
1148
1324
1076
1311
779
1350
1439
1273
1286
1224
1364
1195
1357
1224
1092
1273
1335
1291
1144
1304
1066
1292
786
1320
1403
1265
1301
1259
1412
1191
1363
1179
1233
1271
1337
1282
1146
1295
1090
1207
1181
1312
1426
1246
1354
1204
1425
1208
1305
1211
1285
1277
1328
1298
1147
1308
788
1230
1177
1343
1415
1229
1380
1225
1457
1236
1329
1175
1475
1292
1298
1294
1143
1311
836
1230
1184
1321
1233
1221
1368
1199
1428
1226
1318
1220
1513
1284
1273
1312
1100
1326
679
1279
1142
1361
1324
1247
1348
1259
1345
1258
1258
1289
1454
1309
1224
1319
1072
1266
706
1237
1306
1343
1200
1273
1324
1217
1406
1196
1253
1298
1453
1264
1224
1310
1095
1281
740
1228
1339
1340
1261
1246
1387
1242
1371
1239
1215
1295
1420
1308
1193
1341
1077
1211
723
1218
1396
1332
1264
1205
1424
1239
1408
1229
1626
1293
1437
1286
1222
1296
1118
1252
795
1214
1468
1300
1324
1248
1418
1173
1419
1224
1551
1295
1426
1308
1201
1315
774
1215
818
1320
1472
1332
1319
1255
1414
1197
1385
1170
1600
1305
1362
1304
1151
1322
789
1270
775
1265
1453
1291
1289
1244
1374
1238
1345
1241
1584
1308
1330
1309
1130
1355
685
1227
831
1314
1508
1270
1312
1240
1401
1194
1271
1249
1534
1290
1290
1296
1081
1296
651
1204
786
1319
1457
1275
1268
1216
1393
1171
1276
1264
1522
1299
1266
1310
1070
1238
647
1251
861
1325
1570
1273
1377
1243
1457
1208
1560
1298
1573
1298
1314
1296
1146
1277
734
1238
1216
1341
1346
1240
1430
1242
1462
1223
1333
1287
1552
1308
1289
1323
1110
1264
760
1284
1254
1328
1556
1222
1430
1233
1471
1241
1727
1304
1518
1349
1264
1318
1103
1274
693
1237
1337
1343
1261
1254
1375
1209
1422
1225
1489
1311
1447
1315
1188
1335
689
1242
680
1256
1323
1336
1259
1219
1396
1216
1393
1206
1637
1300
1399
1301
1146
1307
712
1234
662
1246
1346
1334
1257
1274
1436
1212
1429
1188
1677
1304
1432
1309
1198
1309
636
1231
796
1278
1430
1340
1309
1231
1455
1239
1440
1293
1658
1320
1405
1334
1163
1282
643
1250
766
1335
1442
1366
1277
1245
1419
1266
1396
1327
1637
1329
1342
1326
1127
1267
654
1292
776
1280
1504
1335
1304
1204
1477
1243
1452
1283
1623
1292
1341
1299
1099
1242
636
1214
816
1315
1519
1271
1331
1225
1449
1209
1738
1267
1557
1285
1268
1294
1053
1255
638
1268
752
1326
1521
1288
1325
1223
1415
1218
1724
1320
1560
1335
1298
1338
738
1243
714
1295
1213
1369
1579
1278
1406
1199
1487
1223
1767
1316
1556
1306
1262
1316
680
1240
665
1237
1170
1316
1436
1190
1408
1210
1379
1207
1724
1284
1488
1303
1212
1310
646
1245
644
1249
1219
1326
1506
1215
1378
1202
1375
1281
1590
1310
1430
1324
1164
1334
598
1227
711
1273
1344
1328
1255
1182
1452
1182
1485
1249
1686
1283
1455
1310
1183
1253
657
1275
672
1286
1400
1323
1285
1205
1474
1160
1578
1291
1697
1326
1443
1332
1184
1252
677
1266
787
1314
1501
1334
1327
1211
1497
1181
1461
1287
1627
1319
1353
1339
1036
1302
574
1265
749
1376
1445
1360
1304
1245
1429
1235
1785
1254
1619
1319
1321
1329
1095
1254
659
1295
771
1300
1523
1333
1349
1250
1452
1188
1749
1287
1558
1336
1280
1360
1097
1306
680
1305
829
1353
1575
1249
1346
1183
1478
1191
1772
1228
1559
1258
1260
1267
671
1191
676
1233
846
1276
1570
1173
1370
1154
1428
1146
1471
1235
1494
1283
1233
1299
712
1283
646
1252
1177
1345
1445
1239
1332
1179
1445
1202
1699
1265
1502
1295
1244
1320
668
1245
785
1252
1370
1286
1616
1194
1491
1176
1432
1257
1663
1284
1476
1319
1198
1339
609
1261
724
1296
1240
1345
1386
1224
1350
1211
1346
1281
1534
1292
1336
1316
1084
1261
570
1294
629
1295
1332
1344
1203
1192
1364
1211
1488
1271
1571
1296
1347
1346
1127
1302
650
1277
721
1306
1437
1347
1309
1208
1411
1089
1753
1218
1642
1279
1397
1305
1146
1236
693
1278
831
1328
1499
1322
1312
1202
1433
1162
1769
1242
1603
1293
1346
1345
1144
1266
690
1275
793
1351
1514
1332
1304
1184
1374
1193
1729
1222
1564
1277
1284
1300
751
1267
652
1264
837
1325
1548
1342
1351
1205
1459
1212
1519
1253
1597
1298
1349
1331
789
1264
745
1274
879
1348
1544
1249
1283
1181
1346
1236
1448
1246
1464
1268
1226
1299
658
1214
723
1276
1161
1325
1607
1238
1383
1175
1445
1264
1418
1245
1548
1284
1322
1307
771
1265
757
1252
1339
1352
1450
1259
1272
1230
1316
1271
1460
1287
1382
1329
1170
1281
666
1337
739
1294
1383
1381
1446
1266
1355
1169
1413
1253
1609
1260
1486
1287
1263
1269
788
1285
838
1300
1426
1328
1463
1221
1404
1188
1739
1189
1580
1255
1412
1290
1191
1257
737
1248
841
1345
1474
1348
1224
1182
1315
1167
1646
1201
1528
1270
1340
1300
1149
1273
679
1256
798
1290
1461
1355
1266
1227
1330
1157
1682
1229
1582
1298
1405
1320
878
1283
779
1292
1279
1379
1580
1301
1277
1205
1316
1181
1672
1188
1524
1266
1320
1300
771
1233
753
1281
833
1352
1473
1329
1201
1189
1259
1232
1363
1224
1451
1286
1259
1309
721
1236
818
1325
1027
1324
1605
1223
1317
1172
1327
1221
1397
1202
1536
1228
1357
1306
810
1231
854
1241
1351
1361
1580
1252
1262
1166
1266
1229
1238
1242
1457
1262
1290
1221
795
1260
1138
1275
1340
1325
1567
1235
1209
1176
1439
1171
1310
1225
1373
1262
1218
1252
688
1229
796
1288
1414
1377
1279
1258
1284
1200
1285
1301
1520
1316
1440
1351
1284
1313
801
1328
1035
1340
1490
1417
1197
1242
1153
1198
1579
1242
1433
1288
1372
1318
1242
1285
779
1270
1039
1379
1529
1361
1242
1248
1336
1223
1593
1226
1582
1254
1481
1280
1320
1254
835
1219
970
1260
1531
1345
1220
1219
1206
1167
1543
1215
1451
1278
1320
1317
817
1252
824
1302
929
1268
1551
1388
1232
1277
1215
1178
1410
1233
1529
1270
1410
1279
1023
1252
915
1202
1054
1308
1683
1202
1336
1174
1299
1077
1523
1152
1551
1232
1413
1272
912
1251
909
1275
1002
1364
1568
1308
1188
1220
1135
1276
1266
1245
1347
1248
1204
1292
770
1258
797
1273
1392
1334
1512
1193
1238
1189
1249
1223
1406
1227
1478
1259
1363
1257
853
1247
1296
1298
1407
1403
1555
1284
1199
1277
1170
1305
1313
1299
1343
1328
1218
1294
784
1288
844
1334
1468
1367
1205
1201
1241
1184
1219
1236
1397
1244
1430
1270
1290
1200
895
1256
1002
1283
1531
1353
1244
1226
1206
1141
1544
1242
1425
1264
1336
1295
1290
1216
892
1298
1030
1275
1549
1371
1248
1224
1224
1233
1562
1247
1456
1296
1411
1254
923
1254
917
1356
994
1374
1573
1353
1203
1215
1171
1174
1532
1195
1433
1245
1319
1260
941
1219
901
1304
1112
1260
1675
1321
1306
1191
1325
1149
1507
1245
1515
1295
1389
1327
872
1268
1276
1332
944
1385
1507
1282
1103
1269
1037
1146
1173
1244
1281
1281
1200
1306
774
1265
1120
1285
1036
1354
1653
1267
1298
1203
1263
1295
1398
1269
1551
1305
1465
1263
977
1263
1314
1297
1194
1385
1695
1289
1220
1210
1195
1259
1269
1223
1357
1247
1266
1219
854
1243
1136
1222
1455
1317
1509
1235
1206
1194
1252
1214
1218
1241
1403
1259
1339
1223
929
1229
1225
1267
1435
1342
1456
1243
1214
1236
1480
1233
1152
1302
1396
1327
1325
1267
922
1384
1031
1339
1569
1399
1229
1272
1140
1245
1421
1251
1290
1295
1301
1290
1250
1192
890
1223
994
1246
1531
1309
1205
1198
1153
1191
1476
1239
1367
1275
1375
1305
956
1230
1214
1333
1104
1287
1641
1362
1238
1250
1195
1244
1493
1228
1367
1291
1326
1265
918
1176
960
1303
1084
1219
1592
1274
1198
1208
1124
1200
1317
1201
1385
1259
1326
1252
899
1204
1376
1214
1115
1200
1640
1276
1207
1195
1169
1254
1280
1222
1381
1275
1315
1292
854
1202
1335
1254
1021
1336
1586
1287
1120
1244
1070
1265
1184
1293
1289
1343
1221
1264
786
1277
1238
1284
995
1349
1571
1258
1181
1194
1117
1290
1262
1249
1388
1279
1352
1233
944
1257
1177
1236
1513
1334
1523
1225
1288
1227
1204
1303
1317
1314
1445
1322
1318
1239
920
1325
1068
1242
1412
1315
1411
1222
1132
1165
1398
1208
1055
1281
1306
1265
1264
1179
914
1297
1014
1250
1549
1343
1247
1244
1171
1230
1416
1291
1369
1325
1361
1327
1006
1261
1314
1341
1143
1270
1609
1316
1268
1225
1239
1204
1515
1226
1353
1277
1347
1295
914
1233
1184
1290
1015
1281
1552
1345
1176
1239
1174
1190
1273
1282
1351
1320
1294
1326
988
1297
960
1325
1030
1265
1610
1345
1219
1221
1163
1195
1502
1244
1400
1301
1328
1286
846
1221
1336
1302
1042
1314
1579
1340
1173
1241
1098
1320
1267
1270
1358
1316
1299
1308
861
1209
1344
1206
1073
1303
1644
1226
1254
1167
1215
1207
1311
1225
1418
1270
1325
1241
874
1203
1293
1196
1051
1255
1589
1242
1155
1210
1060
1268
1198
1264
1302
1297
1241
1267
775
1298
1113
1217
1336
1323
1330
1197
1177
1195
1098
1289
1141
1308
1346
1318
1252
1207
899
1315
1082
1232
1384
1343
1477
1228
1270
1183
1472
1220
1290
1242
1426
1241
1358
1194
950
1281
1118
1211
1417
1315
1421
1252
1290
1264
1535
1312
1240
1353
1365
1371
933
1312
1285
1379
1004
1315
1501
1384
1166
1296
1133
1299
1458
1283
1297
1328
1279
1351
899
1253
1275
1289
1005
1131
1525
1311
1178
1173
1180
1245
1367
1280
1321
1312
1293
1336
806
1218
1351
1273
1006
1272
1584
1275
1203
1233
1182
1217
1485
1242
1423
1277
1358
1283
924
1217
1399
1243
1109
1223
1716
1275
1348
1135
1280
1243
1393
1223
1490
1269
1384
1195
858
1256
1385
1236
1052
1303
1608
1241
1210
1207
1156
1214
1297
1290
1329
1345
1236
1267
792
1351
1170
1273
1015
1357
1583
1296
1198
1263
1160
1332
1295
1304
1413
1318
1337
1282
858
1303
1126
1252
1144
1295
1677
1193
1282
1248
1537
1279
1330
1321
1424
1360
1317
1269
967
1377
1075
1313
1383
1380
1423
1287
1220
1263
1430
1296
1243
1295
1328
1317
1230
1241
753
1295
865
1204
1075
1271
1175
1169
1114
1202
1439
1216
1162
1265
1299
1270
861
1162
1298
1266
1020
1200
1597
1269
1322
1193
1313
1178
1601
1193
1400
1250
1388
1262
925
1157
1321
1246
1057
1226
1576
1314
1274
1249
1215
1249
1516
1271
1333
1316
1277
1309
829
1215
1318
1271
999
1290
1596
1313
1207
1246
1253
1235
1507
1283
1370
1332
1288
1337
770
1236
1276
1300
971
1274
1587
1290
1192
1264
1176
1283
1213
1276
1368
1309
1208
1223
807
1299
1301
1250
1043
1258
1637
1288
1249
1225
1246
1310
1378
1283
1476
1324
1371
1238
928
1319
1297
1286
1094
1336
1633
1279
1257
1267
1219
1312
1312
1271
1397
1324
1255
1214
1045
1311
1021
1195
1093
1296
1621
1214
1232
1188
1571
1252
1292
1266
1364
1299
1253
1235
1091
1316
954
1230
1312
1281
1256
1193
1211
1241
1196
1302
1287
1298
1342
1319
1292
1243
1008
1335
1003
1245
1315
1350
1362
1243
1310
1272
1663
1269
1290
1326
1411
1331
939
1249
1326
1335
1015
1243
1583
1349
1255
1227
1238
1151
1535
1282
1328
1314
1318
1323
882
1241
1225
1291
908
1228
1512
1331
1216
1213
1239
1201
1506
1288
1344
1301
1310
1304
821
1218
1307
1259
1022
1215
1614
1303
1279
1250
1246
1251
1579
1268
1453
1303
1345
1336
895
1252
1355
1254
1070
1234
1613
1246
1274
1257
1254
1287
1273
1264
1410
1309
1294
1221
823
1286
1300
1200
1040
1225
1596
1229
1219
1226
1334
1251
1309
1240
1369
1285
1224
1256
751
1307
1059
1247
969
1315
1549
1220
1217
1212
1192
1302
1408
1248
1402
1294
1286
1184
1114
1299
1210
1201
1142
1280
1660
1227
1309
1192
1660
1250
1364
1259
1457
1315
1328
1207
1186
1315
978
1220
1325
1320
1290
1263
1209
1200
1203
1323
1260
1318
1352
1334
811
1224
1224
1353
965
1300
1128
1367
1235
1288
1219
1263
1588
1274
1282
1338
1369
1340
894
1263
1254
1324
943
1228
1467
1315
1153
1190
1166
1212
1525
1215
1351
1281
1363
1284
888
1179
1269
1277
957
1243
1524
1327
1270
1243
1263
1211
1405
1282
1397
1323
1392
1310
854
1232
1326
1249
978
1222
1492
1304
1213
1204
1178
1271
1301
1260
1340
1298
1284
1304
782
1207
1286
1302
1005
1252
1586
1267
1225
1270
1249
1226
1345
1260
1477
1298
1362
1216
898
1302
1338
1220
1026
1282
1596
1241
1267
1254
1329
1306
1317
1293
1443
1306
1340
1287
855
1305
1150
1258
1048
1315
1602
1224
1276
1242
1239
1296
1314
1261
1453
1295
1309
1214
1145
1315
1040
1222
1053
1316
1560
1286
1258
1243
1489
1313
1308
1293
1393
1349
1251
1232
1117
1322
905
1266
1144
1349
1130
1220
1181
1250
1103
1301
1241
1282
1355
1289
837
1172
1261
1297
954
1205
1144
1294
1288
1229
1276
1194
1623
1257
1327
1285
1378
1221
961
1225
1284
1292
953
1214
1473
1327
1172
1251
1207
1255
1468
1285
1312
1320
1301
1318
858
1204
1209
1298
910
1232
1458
1324
1187
1196
1222
1224
1483
1254
1368
1301
1320
1297
823
1213
1297
1275
909
1179
1469
1310
1206
1218
1191
1267
1381
1261
1397
1297
1335
1304
843
1248
1294
1221
976
1213
1575
1268
1245
1208
1262
1212
1398
1277
1417
1318
1293
1270
796
1320
1254
1242
964
1243
1528
1272
1184
1244
1188
1322
1357
1267
1464
1322
1364
1268
899
1320
1233
1272
1047
1346
1607
1252
1292
1252
1298
1317
1358
1281
1472
1283
1297
1224
1171
1300
1036
1224
1006
1284
1460
1243
1169
1189
1401
1254
1212
1262
1367
1292
1258
1203
1184
1310
947
1261
1212
1332
1240
1289
1225
1270
1364
1325
1479
1302
1476
1320
953
1209
1329
1318
980
1245
1150
1322
1178
1242
1220
1260
1572
1260
1250
1309
1374
1311
909
1223
1260
1300
898
1197
1050
1302
1212
1208
1229
1197
1486
1249
1351
1285
1401
1268
880
1282
1313
1306
985
1225
1471
1299
1237
1235
1229
1216
1560
1240
1423
1302
1357
1306
825
1316
1287
1281
929
1219
1443
1326
1148
1247
1194
1276
1333
1268
1423
1313
1357
1309
874
1295
1301
1252
969
1205
1569
1260
1219
1202
1251
1229
1395
1250
1448
1312
1330
1250
821
1307
1260
1215
918
1238
1481
1251
1116
1239
1130
1304
1313
1261
1396
1306
1307
1276
854
1300
1203
1233
972
1294
1502
1206
1254
1252
1218
1315
1243
1310
1477
1338
1317
1249
1237
1343
1050
1273
1025
1307
1425
1234
1206
1274
1488
1280
1292
1302
1410
1331
1327
1227
1249
1306
989
1241
1309
1307
1198
1190
1258
1196
1230
1298
1322
1295
1348
1332
903
1251
1234
1313
913
1228
1122
1304
1165
1247
1192
1226
1527
1266
1256
1300
1362
1307
916
1220
1267
1309
938
1223
1045
1314
1228
1250
1216
1250
1578
1282
1365
1289
1411
1311
844
1243
1321
1299
952
1179
1480
1297
1219
1230
1160
1239
1576
1266
1422
1317
1378
1299
870
1310
1291
1286
960
1261
1441
1327
1164
1237
1183
1253
1358
1243
1433
1287
1377
1282
882
1255
1306
1177
986
1171
1537
1208
1211
1238
1213
1303
1330
1296
1480
1350
1372
1295
849
1350
1283
1249
1006
1280
1554
1281
1196
1261
1270
1299
1400
1286
1444
1315
1333
1248
818
1311
1171
1248
989
1305
1521
1221
1268
1212
1243
1334
1417
1295
1515
1333
1367
1231
1285
1326
1110
1225
1087
1299
1484
1231
1253
1216
1426
1287
1293
1273
1399
1315
1264
1243
1171
1326
923
1241
1169
1314
1115
1193
1186
1214
1235
1284
1240
1280
1389
1300
910
1228
1261
1288
964
1215
1162
1314
1221
1231
1253
1240
1606
1278
1374
1330
1409
1335
914
1228
1281
1328
963
1209
1071
1305
1210
1188
1216
1199
1487
1232
1291
1272
1391
1292
863
1248
1296
1283
952
1208
1443
1302
1153
1181
1207
1252
1545
1290
1391
1341
1353
1346
790
1321
1267
1301
921
1275
1417
1349
1177
1233
1210
1336
1321
1282
1411
1330
1334
1270
842
1326
1310
1263
951
1241
1532
1284
1208
1217
1264
1288
1431
1270
1532
1328
1402
1274
865
1323
1327
1219
1010
1259
1545
1247
1233
1225
1254
1311
1375
1284
1463
1335
1326
1267
914
1322
1132
1204
986
1275
1463
1228
1206
1207
1215
1282
1365
1282
1458
1309
1323
1197
1224
1306
1162
1265
1027
1315
1503
1235
1222
1224
1325
1320
1406
1304
1463
1329
1348
1248
1268
1341
958
1268
1007
1292
1367
1215
1201
1247
1620
1255
1248
1304
1433
1327
936
1250
1284
1322
984
1250
1191
1294
1231
1229
1274
1234
1590
1236
1286
1293
1409
1318
927
1246
1236
1314
866
1250
1024
1327
1113
1233
1177
1218
1523
1272
1324
1316
1317
1315
813
1270
1233
1313
871
1183
1411
1303
1137
1203
1260
1223
1610
1251
1469
1316
1426
1325
922
1314
1337
1274
1006
1245
1500
1330
1253
1244
1289
1298
1365
1268
1467
1317
1385
1240
843
1299
1305
1252
920
1196
1551
1227
1177
1231
1204
1151
1454
1270
1497
1308
1380
1214
857
1307
1293
1261
966
1213
1516
1268
1179
1249
1228
1302
1360
1254
1458
1307
1321
1254
941
1316
1053
1212
980
1297
1444
1258
1153
1248
1199
1333
1472
1265
1413
1327
1286
1202
1157
1295
1047
1172
964
1271
1383
1234
1187
1184
1264
1275
1321
1268
1418
1311
1301
1229
1230
1314
898
1201
1028
1304
1384
1220
1256
1205
1615
1262
1373
1280
1471
1307
978
1223
1324
1305
901
1189
1116
1292
1184
1199
1224
1169
1551
1243
1259
1294
1378
1317
882
1238
1220
1325
911
1270
1079
1321
1203
1219
1228
1258
1533
1288
1323
1331
1419
1345
826
1321
1276
1331
909
1274
1414
1329
1113
1217
1210
1240
1528
1269
1392
1304
1325
1302
783
1297
1262
1266
924
1228
1434
1310
1194
1245
1258
1274
1333
1259
1455
1305
1376
1267
839
1302
1300
1268
922
1227
1514
1237
1223
1236
1271
1234
1432
1274
1510
1324
1385
1282
916
1325
1289
1268
983
1251
1537
1281
1187
1260
1262
1292
1414
1260
1491
1304
1359
1239
981
1294
1275
1335
1369
1274
1294
1204
1228
1189
1213
1215
1104
1199
943
1283
1315
1303
1237
1307
1258
1299
1208
1263
1315
1261
1433
1252
1285
1220
1130
1204
1021
1205
848
1184
1237
1309
1305
1310
1406
1296
1512
1261
1437
1255
1445
1240
1346
1208
1026
1236
888
1203
863
1221
908
1299
1454
1291
1556
1301
1602
1299
1416
1264
1292
1265
1137
1286
874
1257
820
1216
866
1252
975
1230
1582
1336
1684
1317
1630
1327
1492
1296
1155
1285
1045
1287
974
1263
940
1258
1019
1222
1168
1257
1232
1336
1672
1326
1551
1316
1370
1321
1103
1288
1084
1288
1171
1262
1087
1262
1205
1238
1307
1248
1254
1213
1529
1306
1378
1299
1265
1299
1222
1260
1124
1255
1249
1255
1302
1238
1251
1227
1155
1200
1032
1228
886
1296
1313
1308
1323
1315
1382
1315
1354
1276
1451
1281
1486
1256
1210
1220
1010
1243
932
1242
848
1243
1295
1333
1407
1329
1519
1333
1593
1283
1453
1255
1366
1263
1157
1252
914
1196
864
1249
849
1228
963
1320
1562
1325
1646
1316
1627
1310
1361
1269
1177
1276
1048
1291
844
1276
860
1241
964
1243
1095
1226
1647
1321
1679
1315
1547
1302
1379
1240
1087
1257
1041
1277
1056
1222
1012
1232
1117
1213
1149
1236
1173
1287
1544
1301
1380
1312
1229
1312
1031
1291
1080
1280
1214
1278
1210
1209
1288
1232
1223
1181
1127
1232
1395
1309
1342
1311
1291
1313
1324
1280
1279
1268
1426
1267
1486
1224
1269
1242
1091
1194
981
1229
851
1316
1310
1322
1374
1321
1478
1299
1438
1264
1470
1256
1421
1256
1064
1225
929
1247
843
1240
779
1237
1338
1340
1499
1328
1574
1247
1601
1276
1360
1260
1227
1275
1085
1215
826
1203
901
1243
957
1200
1143
1287
1716
1291
1748
1290
1626
1288
1322
1258
1120
1269
1040
1273
900
1259
998
1215
1124
1235
1193
1201
1653
1289
1620
1280
1446
1277
1279
1269
1071
1254
1089
1242
1201
1201
1145
1165
1237
1201
1208
1199
1113
1272
1371
1297
1213
1295
1112
1290
1004
1238
1069
1237
1216
1229
1140
1176
1135
1202
1067
1191
897
1161
1138
1270
1193
1264
1218
1252
1321
1231
1289
1194
1386
1180
1387
1150
1057
1121
864
1127
748
1195
684
1244
1184
1270
1295
1253
1431
1224
1439
1187
1341
1179
1204
1202
913
1224
775
1240
714
1280
789
1316
1209
1416
1603
1402
1750
1370
1773
1340
1534
1306
1394
1311
1254
1305
1029
1348
1009
1379
1133
1420
1312
1448
1893
1481
1940
1442
1854
1376
1677
1282
1372
1260
1267
1281
1030
1307
998
1356
1015
1420
1021
1443
1125
1474
1499
1409
1461
1322
1406
1225
1190
1139
1202
1146
1164
1181
991
1230
979
1338
883
1368
856
1341
1335
1387
1434
1284
1517
1163
1592
1043
1489
1031
1495
1076
1389
1138
1147
1180
1022
1291
925
1265
1002
1307
1586
1225
1722
1115
1756
1030
1589
972
1451
1010
1237
1106
828
1155
707
1294
615
1345
752
1316
1329
1317
1578
1230
1629
1131
1561
1042
1227
1052
1005
1128
820
1214
563
1277
603
1367
760
1423
975
1419
1593
1365
1638
1278
1540
1176
1219
1152
984
1194
822
1285
635
1345
665
1446
794
1447
1005
1447
1444
1491
1646
1387
1571
1276
1463
1201
1188
1157
1140
1202
1131
1251
1028
1365
1106
1428
1115
1393
1162
1450
1657
1385
1668
1274
1626
1164
1562
1073
1361
1084
1291
1161
1172
1237
1079
1351
1055
1422
1087
1398
1277
1443
1704
1338
1730
1215
1681
1134
1421
1101
1250
1162
1079
1252
760
1360
750
1410
844
1427
1035
1346
1743
1356
1913
1237
1902
1160
1743
1102
1315
1129
1043
1226
841
1324
658
1428
752
1419
1058
1407
1334
1366
1952
1245
1946
1174
1731
1095
1275
1094
953
1169
816
1260
669
1327
783
1361
1012
1397
1240
1381
1790
1372
1868
1281
1713
1202
1475
1161
1105
1159
1001
1230
1018
1282
945
1352
1094
1387
1270
1394
1382
1294
1812
1326
1738
1220
1612
1125
1429
1080
1199
1104
1137
1186
1021
1239
952
1334
963
1419
943
1393
1078
1381
1492
1279
1472
1206
1420
1106
1184
1074
1134
1153
1027
1269
727
1343
688
1428
825
1482
975
1393
1549
1384
1669
1269
1694
1177
1579
1111
1238
1135
1038
1231
881
1323
640
1378
731
1441
936
1438
1196
1413
1845
1312
1907
1204
1777
1137
1412
1119
1114
1186
961
1292
728
1377
877
1420
1114
1463
1291
1398
1830
1377
1989
1267
1874
1142
1618
1134
1217
1151
1066
1208
1034
1306
967
1378
1129
1406
1365
1422
1474
1387
1909
1384
1775
1269
1554
1185
1325
1106
1028
1132
975
1200
1003
1280
1016
1320
1110
1362
1202
1372
1215
1352
1632
1256
1503
1144
1350
1071
1044
1036
966
1090
936
1212
755
1315
809
1393
945
1407
1064
1325
1512
1338
1596
1212
1514
1115
1372
1069
1049
1082
921
1178
851
1291
725
1377
897
1406
1030
1327
1239
1349
1828
1262
1801
1157
1633
1105
1313
1091
974
1174
852
1286
797
1379
827
1405
1104
1422
1333
1342
1501
1372
1934
1282
1751
1210
1452
1211
1024
1205
870
1298
849
1386
846
1455
1081
1505
1290
1420
1484
1390
1816
1379
1727
1290
1479
1225
1241
1131
939
1222
937
1297
1092
1328
1157
1392
1338
1405
1488
1404
1485
1397
1827
1318
1641
1221
1434
1178
1219
1142
1073
1218
1127
1282
1179
1370
1167
1373
1272
1395
1292
1309
1300
1311
1632
1203
1527
1117
1385
1082
1169
1089
1163
1174
1150
1260
1080
1348
1149
1361
1195
1313
1283
1269
1681
1248
1639
1152
1565
1095
1397
1088
1084
1142
1002
1253
1009
1304
888
1368
1061
1377
1154
1280
1196
1234
1655
1196
1555
1124
1320
1087
1048
1107
800
1196
772
1277
842
1291
869
1368
1044
1286
1232
1235
1241
1218
1583
1167
1377
1116
1173
1121
868
1151
789
1235
896
1338
948
1374
1130
1360
1280
1375
1285
1313
1642
1297
1554
1220
1360
1188
1186
1192
944
1239
999
1311
1136
1342
1095
1422
1274
1417
1335
1325
1303
1253
1715
1243
1567
1180
1397
1170
1216
1190
1046
1258
1110
1348
1204
1440
1176
1404
1259
1364
1322
1307
1260
1265
1618
1157
1450
1112
1257
1124
907
1170
886
1273
935
1369
981
1332
1097
1416
1252
1345
1335
1224
1602
1227
1559
1161
1359
1147
1189
1186
943
1248
987
1377
1158
1420
1167
1418
1363
1364
1522
1309
1481
1182
1705
1194
1478
1157
1256
1161
1101
1208
932
1292
1070
1376
1295
1388
1332
1367
1410
1287
1452
1204
1276
1149
1548
1130
1330
1085
1130
1149
982
1198
998
1296
1191
1365
1303
1393
1323
1365
1391
1300
1303
1188
1196
1208
1373
1152
1206
1147
1072
1204
911
1245
998
1346
1159
1404
1120
1386
1223
1355
1260
1240
1205
1112
1443
1149
1356
1107
1195
1132
1098
1186
936
1274
1040
1363
1200
1408
1180
1365
1197
1296
1251
1238
1167
1142
1425
1131
1253
1128
1112
1177
1007
1248
910
1349
1109
1421
1323
1452
1252
1374
1384
1327
1321
1188
1228
1191
1479
1149
1301
1188
1194
1235
1062
1299
1122
1360
1311
1437
1431
1381
1456
1312
1481
1267
1325
1162
1246
1159
1426
1155
1255
1200
1183
1281
1084
1345
1228
1401
1402
1452
1357
1389
1371
1299
1291
1191
1104
1123
1356
1132
1245
1116
1168
1181
1160
1242
1084
1310
1230
1382
1341
1398
1186
1366
1200
1256
1080
1168
943
1092
1300
1145
1237
1159
1195
1205
1195
1261
1115
1336
1239
1396
1321
1397
1195
1322
1146
1219
1137
1143
999
1127
1392
1115
1296
1133
1237
1222
1142
1279
1166
1378
1258
1433
1293
1395
1271
1295
1275
1240
1160
1128
1137
1136
1409
1125
1290
1202
1235
1265
1087
1342
1098
1427
1291
1466
1219
1402
1250
1331
1170
1171
1117
1099
1393
1164
1318
1183
1239
1256
1229
1349
1151
1423
1272
1487
1396
1494
1259
1368
1265
1302
1223
1168
1142
1124
1462
1174
1388
1233
1337
1322
1345
1425
1245
1483
1327
1516
1403
1444
1296
1342
1249
1207
1212
1173
1161
1140
1469
1168
1398
1233
1323
1303
1249
1372
1189
1448
1275
1465
1390
1362
1305
1291
1275
1174
1265
1113
1096
1121
1450
1132
1314
1192
1241
1276
1116
1346
1171
1431
1302
1428
1363
1308
1340
1213
1320
1157
1155
1020
1133
1103
1271
1138
1168
1219
1137
1325
1050
1409
1207
1437
1375
1422
1342
1278
1282
1208
1203
1054
1062
976
1271
1097
1150
1151
1122
1242
1182
1342
1155
1379
1318
1425
1435
1404
1312
1315
1221
1173
1133
1122
955
1033
1256
1167
1199
1213
1224
1304
1305
1376
1256
1424
1367
1442
1427
1371
1253
1275
1118
1147
1020
1114
901
1166
1230
1169
1188
1235
1214
1337
1267
1415
1243
1487
1357
1482
1416
1426
1227
1317
1169
1194
1060
1096
886
1126
1254
1177
1221
1260
1273
1374
1255
1441
1324
1499
1446
1482
1494
1385
1292
1248
1142
1082
1032
1068
906
1117
1251
1173
1304
1278
1391
1394
1369
1446
1486
1478
1571
1426
1465
1263
1315
1147
1175
1099
971
1042
1243
1144
1352
1225
1388
1320
1495
1450
1440
1452
1518
1476
1525
1420
1280
1270
1160
1173
1055
1072
953
999
1301
1147
1345
1223
1421
1336
1500
1428
1410
1486
1452
1450
1444
1404
1241
1246
1095
1112
965
1033
857
1004
1285
1123
1281
1208
1343
1332
1423
1421
1324
1460
1360
1457
1354
1363
1145
1241
1032
1076
958
1028
898
1074
1291
1139
1308
1235
1368
1388
1438
1475
1338
1515
1377
1472
1370
1301
1141
1189
1042
1063
928
915
889
1041
1291
1149
1332
1289
1414
1439
1456
1495
1389
1505
1421
1438
1389
1243
1137
1102
997
985
948
988
852
1089
1335
1203
1380
1357
1470
1477
1449
1512
1390
1496
1401
1407
1252
1257
1072
1119
1022
1010
974
968
1118
1149
1350
1271
1406
1399
1446
1533
1368
1544
1357
1515
1342
1412
1207
1194
1085
1076
1008
995
919
992
1263
1131
1262
1261
1354
1412
1409
1523
1319
1523
1342
1485
1354
1344
1181
1129
1107
1000
1003
959
926
939
1321
1155
1328
1306
1400
1483
1445
1583
1359
1547
1393
1461
1377
1332
1120
1087
1053
979
933
912
874
1007
1296
1188
1335
1397
1415
1552
1493
1613
1392
1538
1412
1410
1385
1249
1160
1045
1046
914
1002
933
865
1027
1318
1227
1355
1424
1435
1548
1482
1583
1372
1492
1362
1400
1320
1186
1042
1042
966
967
847
928
807
1041
1289
1288
1340
1463
1391
1576
1477
1587
1342
1493
1339
1352
1308
1187
1077
1013
970
949
933
1001
948
1173
1358
1344
1425
1446
1484
1619
1517
1609
1372
1501
1357
1346
1311
1157
1066
988
1005
933
964
993
980
1218
1293
1353
1415
1549
1496
1633
1538
1584
1392
1430
1368
1261
1344
1088
1134
958
1067
934
1000
970
1001
1196
1339
1423
1485
1589
1457
1645
1549
1534
1394
1382
1376
1226
1325
1025
1062
925
1022
934
963
1001
1035
1272
1341
1441
1440
1597
1486
1604
1501
1489
1353
1302
1319
1129
1249
959
1014
868
902
894
898
1061
1155
1271
1274
1480
1389
1571
1453
1579
1479
1459
1315
1282
1308
1112
1207
934
983
882
989
979
865
1093
1207
1303
1297
1530
1421
1611
1447
1584
1467
1440
1312
1252
1284
1079
1157
928
926
891
933
998
874
1127
1230
1397
1224
1597
1398
1672
1451
1597
1461
1419
1291
1217
1255
1044
1109
884
981
883
917
1019
845
1212
1276
1443
1283
1603
1406
1641
1447
1562
1465
1369
1304
1178
1269
1059
1178
935
1006
911
1002
1077
915
1261
1291
1464
1352
1620
1469
1630
1522
1514
1530
1338
1348
1150
1317
1019
1170
925
1029
967
1015
1126
984
1262
1393
1542
1363
1669
1491
1653
1528
1534
1527
1329
1354
1139
1317
997
1136
940
1031
959
989
1105
975
1307
1326
1525
1401
1642
1490
1611
1525
1476
1530
1274
1343
1072
1286
959
1066
899
995
999
922
1128
980
1358
1348
1574
1363
1650
1475
1602
1515
1438
1494
1220
1306
1022
1268
918
1022
906
1056
966
998
1201
970
1384
1164
1585
1382
1623
1432
1548
1502
1363
1486
1146
1300
969
1276
892
1096
893
988
1024
942
1145
1013
1397
1131
1590
1358
1619
1467
1525
1487
1343
1474
1156
1292
980
1252
949
1107
943
1003
1041
1009
1276
977
1443
1155
1614
1351
1621
1436
1511
1480
1319
1476
1129
1289
963
1248
913
1106
909
1060
1076
1015
1308
1010
1497
1088
1635
1341
1619
1414
1494
1431
1296
1405
1107
1206
947
1165
925
1071
952
966
1138
949
1383
946
1564
1065
1692
1261
1620
1392
1472
1443
1302
1433
1080
1290
937
1300
927
1232
1033
1099
1176
1044
1379
1070
1559
1154
1611
1344
1550
1424
1377
1474
1195
1480
1032
1342
925
1312
950
1283
1045
1086
1240
999
1408
1000
1576
1133
1617
1272
1527
1387
1371
1423
1175
1492
1032
1456
926
1336
944
1297
1072
1035
1178
1024
1421
969
1558
1023
1583
1280
1488
1255
1315
1464
1141
1466
1006
1410
927
1286
977
1240
1111
1062
1320
1013
1505
929
1600
1105
1612
1236
1497
1365
1317
1437
1131
1450
1004
1452
926
1303
996
1302
1145
1081
1354
1020
1495
959
1594
1008
1593
1194
1452
1335
1289
1398
1122
1516
1009
1513
985
1337
1041
1290
1225
1051
1365
996
1539
895
1583
980
1540
1139
1407
1322
1244
1467
1076
1536
1017
1545
1008
1349
1076
1273
1243
1021
1390
989
1532
904
1530
1014
1513
1211
1370
1389
1236
1524
1114
1628
1029
1610
1029
1413
1092
1344
1256
1103
1402
1044
1503
1013
1553
1108
1502
1249
1353
1408
1195
1543
1068
1614
1014
1563
987
1362
1073
1255
1244
1016
1380
961
1493
916
1523
972
1474
1156
1322
1356
1172
1518
1044
1596
1004
1577
1039
1387
1165
1252
1298
1117
1411
915
1526
836
1500
885
1400
1095
1268
1290
1135
1485
1050
1578
1015
1559
1066
1379
1170
1192
1313
1100
1432
871
1500
871
1486
911
1381
1145
1248
1384
1123
1612
1045
1666
1026
1591
1080
1431
1182
1138
1326
1044
1427
801
1474
843
1462
944
1383
1179
1271
1405
1161
1571
1082
1613
1071
1525
1125
1373
1222
1117
1346
1047
1461
975
1514
943
1486
997
1381
1213
1245
1378
1142
1541
1063
1621
1059
1531
1120
1389
1242
1142
1368
1056
1489
865
1529
1005
1488
1019
1379
1187
1244
1411
1133
1574
1090
1594
1078
1520
1180
1374
1288
1141
1385
992
1471
782
1467
850
1415
960
1314
1201
1194
1380
1128
1522
1082
1501
1115
1476
1178
1336
1282
1119
1355
987
1432
1016
1425
1012
1356
1106
1291
1329
1220
1505
1138
1609
1099
1595
1114
1466
1177
1336
1252
1190
1341
1032
1411
1090
1389
1100
1381
1177
1296
1344
1202
1457
1078
1528
1087
1455
1119
1392
1179
1261
1277
1164
1359
1066
1415
1116
1428
1132
1389
1168
1298
1291
1205
1401
1126
1431
1103
1420
1139
1336
1210
1246
1294
1138
1350
1118
1389
1090
1400
1056
1377
1185
1269
1265
1189
1350
1137
1360
1137
1341
1160
1270
1242
1183
1324
1106
1363
1080
1414
1101
1394
1164
1331
1228
1296
1378
1198
1408
1182
1370
1151
1289
1172
1176
1216
1117
1269
1085
1313
1154
1363
1140
1369
1308
1329
1368
1284
1359
1237
1317
1177
1207
1152
1114
1176
1080
1230
1084
1282
1132
1347
1107
1417
1314
1416
1399
1362
1412
1299
1347
1222
1261
1156
1173
1149
1091
1170
1076
1182
1134
1283
1213
1341
1351
1367
1446
1355
1453
1327
1427
1253
1390
1203
1233
1160
1124
1176
1034
1186
1026
1232
1101
1275
1178
1320
1350
1334
1441
1313
1433
1308
1406
1265
1339
1218
1211
1186
1064
1194
975
1198
1001
1230
1043
1266
1211
1275
1409
1343
1543
1384
1539
1352
1551
1308
1387
1265
1211
1216
1008
1181
993
1189
918
1223
1037
1256
1209
1314
1426
1345
1557
1350
1638
1344
1527
1324
1337
1260
1167
1210
926
1185
865
1198
936
1241
1085
1266
1298
1322
1490
1358
1524
1355
1639
1320
1472
1312
1283
1238
1077
1209
906
1179
824
1223
932
1261
1094
1287
1311
1318
1500
1318
1569
1323
1626
1286
1477
1271
1322
1246
1124
1233
955
1248
937
1250
947
1262
1089
1268
1321
1275
1505
1294
1683
1297
1650
1290
1545
1274
1375
1264
1126
1243
921
1239
808
1209
871
1228
1043
1238
1266
1235
1539
1262
1669
1279
1680
1272
1533
1268
1361
1247
1110
1236
919
1209
783
1237
854
1233
1029
1226
1290
1230
1539
1265
1651
1282
1583
1267
1485
1254
1293
1237
1049
1228
878
1250
842
1263
869
1281
1000
1303
1284
1279
1463
1266
1615
1247
1578
1233
1484
1231
1301
1242
1107
1257
959
1287
887
1297
875
1292
992
1281
1173
1254
1369
1207
1557
1188
1527
1206
1489
1224
1346
1265
1206
1288
1005
1315
968
1312
949
1284
1000
1272
1165
1253
1319
1230
1429
1217
1532
1217
1529
1240
1398
1280
1228
1313
1101
1329
1004
1336
957
1321
1020
1310
1121
1288
1374
1245
1488
1218
1535
1207
1536
1221
1437
1249
1283
1291
1131
1329
1043
1355
1029
1373
1075
1325
1161
1279
1283
1232
1367
1184
1418
1166
1405
1180
1357
1232
1264
1296
1145
1365
1081
1394
1061
1399
1054
1358
1067
1255
1351
1210
1283
1142
1385
1137
1455
1150
1453
1217
1410
1306
1248
1361
1177
1405
1037
1394
1043
1344
1066
1275
1132
1193
1337
1135
1390
1125
1452
1162
1450
1221
1389
1307
1329
1369
1168
1394
1094
1386
1075
1351
1078
1253
1140
1179
1285
1113
1340
1099
1343
1119
1372
1174
1348
1275
1284
1344
1213
1398
1156
1412
1108
1389
1103
1310
1178
1177
1194
1121
1246
1074
1311
1096
1376
1149
1368
1261
1361
1354
1296
1435
1215
1464
1124
1424
1122
1322
1037
1233
1106
1112
1235
1077
1301
1080
1372
1170
1405
1292
1390
1382
1313
1460
1209
1475
1130
1425
1103
1333
1132
1198
1114
1111
1249
1062
1307
1079
1382
1144
1414
1245
1363
1340
1284
1429
1213
1454
1136
1425
1079
1326
1103
1232
1108
1130
1238
1076
1243
1073
1296
1135
1310
1184
1281
1319
1284
1417
1241
1473
1229
1467
1103
1401
1228
1279
1170
1169
1202
1100
1201
1068
1275
1097
1345
1184
1356
1293
1361
1409
1348
1480
1254
1424
1254
1436
1164
1293
1111
1175
1150
1079
1205
1055
1286
1082
1344
1160
1380
1277
1377
1384
1334
1475
1258
1481
1213
1409
1213
1314
1130
1199
1180
1122
1218
1089
1284
1116
1321
1176
1272
1269
1323
1384
1280
1451
1241
1488
1274
1421
1209
1338
1165
1256
1186
1160
1197
1105
1217
1089
1250
1120
1289
1203
1276
1298
1278
1398
1278
1426
1241
1446
1242
1386
1178
1279
1203
1177
1149
1092
1202
1046
1235
1097
1277
1181
1279
1297
1330
1408
1294
1469
1254
1504
1249
1406
1237
1321
1159
1193
1171
1119
1235
1061
1293
1089
1319
1161
1343
1261
1316
1370
1284
1424
1151
1466
1171
1399
1128
1328
1185
1222
1224
1156
1270
1111
1316
1094
1329
1145
1297
1231
1295
1324
1269
1397
1236
1432
1264
1429
1181
1377
1200
1288
1238
1199
1277
1099
1289
1101
1309
1103
1276
1185
1252
1268
1233
1354
1218
1429
1115
1442
1189
1395
1178
1318
1232
1219
1243
1144
1287
1095
1327
1078
1309
1140
1322
1228
1230
1313
1191
1360
1160
1399
1100
1375
1053
1321
1121
1218
1202
1142
1287
1079
1333
1081
1350
1124
1260
1205
1209
1284
1073
1353
1048
1383
932
1408
1105
1342
1151
1281
1261
1219
1363
1169
1383
1148
1397
1149
1340
1191
1201
1253
1116
1345
1121
1398
1082
1422
1187
1416
1173
1370
1284
1296
1325
1222
1390
1163
1396
1153
1346
1164
1257
1226
1181
1310
1122
1398
1055
1414
1075
1415
1113
1364
1232
1280
1319
1216
1382
1177
1408
1144
1388
1155
1311
1200
1197
1267
1087
1332
1095
1363
1082
1415
1109
1350
1215
1310
1321
1293
1418
1208
1456
1175
1470
1157
1372
1157
1233
1214
1141
1282
1044
1349
1113
1382
1019
1408
1205
1360
1302
1316
1344
1252
1405
1201
1433
1154
1284
1161
1240
1180
1135
1242
1106
1299
1050
1376
1121
1397
1181
1384
1267
1328
1297
1269
1317
1225
1357
1150
1285
1148
1268
1150
1225
1211
1183
1288
1151
1344
1144
1381
1183
1373
1228
1334
1214
1276
1254
1216
1333
1161
1356
1139
1360
1134
1335
1163
1320
1260
1155
1325
1126
1367
1139
1376
1125
1356
1146
1311
1185
1244
1192
1192
1290
1156
1338
1128
1316
1150
1330
1187
1264
1288
1251
1336
1177
1374
1117
1393
1067
1366
1070
1304
1118
1228
1192
1167
1280
1134
1395
1146
1455
1200
1471
1248
1415
1329
1227
1418
1138
1409
950
1384
910
1311
960
1252
1076
1180
1270
1154
1435
1193
1548
1226
1555
1268
1451
1331
1330
1367
1102
1374
926
1374
827
1322
834
1260
1004
1199
1226
1160
1431
1145
1583
1151
1715
1192
1548
1249
1408
1299
1203
1338
953
1362
783
1348
763
1299
922
1241
1137
1190
1399
1153
1601
1165
1776
1181
1763
1246
1563
1317
1320
1365
1054
1391
792
1367
710
1333
737
1269
962
1183
1237
1184
1553
1184
1766
1192
1789
1251
1699
1302
1453
1360
1120
1340
819
1363
607
1320
624
1283
788
1237
1098
1199
1461
1181
1815
1181
1885
1215
1839
1260
1592
1314
1271
1339
874
1355
594
1347
581
1313
713
1278
1041
1260
1437
1183
1649
1190
1896
1183
1927
1210
1704
1255
1399
1298
1062
1330
748
1348
591
1327
611
1284
762
1280
1160
1209
1528
1170
1789
1177
1975
1182
1860
1233
1607
1275
1234
1317
832
1354
610
1355
544
1333
622
1252
881
1249
1316
1220
1715
1187
1931
1205
1944
1204
1735
1275
1345
1302
939
1333
687
1349
532
1331
604
1318
850
1276
1251
1244
1565
1197
1854
1181
1936
1193
1749
1216
1523
1260
1172
1320
799
1359
599
1376
569
1386
737
1339
1051
1270
1393
1201
1691
1156
1855
1133
1867
1164
1644
1215
1302
1278
934
1331
699
1367
621
1384
671
1339
913
1269
1214
1201
1526
1147
1761
1120
1878
1133
1716
1200
1438
1247
1133
1303
807
1363
643
1336
702
1353
847
1295
1108
1243
1410
1168
1669
1138
1794
1129
1744
1149
1546
1212
1261
1285
1064
1328
821
1401
791
1425
833
1397
1047
1325
1263
1250
1516
1181
1634
1141
1700
1139
1567
1189
1355
1256
1050
1360
965
1416
789
1453
842
1417
982
1357
1119
1277
1347
1163
1491
1113
1584
1105
1578
1176
1593
1211
1331
1313
1158
1411
970
1443
893
1434
949
1377
1066
1302
1253
1210
1399
1155
1528
1135
1626
1156
1561
1214
1368
1279
1228
1351
1043
1403
982
1432
963
1395
1082
1330
1177
1258
1292
1222
1396
1148
1422
1152
1328
1165
1323
1237
1336
1291
1189
1355
1125
1385
1078
1389
1060
1351
1089
1293
1165
1218
1191
1161
1292
1142
1333
1181
1461
1162
1371
1251
1293
1313
1230
1353
1102
1363
1050
1350
1034
1303
1071
1245
1121
1201
1334
1165
1352
1192
1386
1208
1456
1234
1410
1283
1318
1315
1213
1343
1118
1336
1044
1327
1048
1308
1105
1275
1170
1252
1191
1218
1332
1223
1424
1215
1416
1217
1372
1268
1286
1305
1148
1338
1060
1358
1041
1342
1026
1323
1055
1278
1058
1272
1237
1199
1362
1198
1413
1207
1460
1226
1381
1265
1265
1289
1113
1330
1007
1332
927
1336
952
1308
1037
1264
1231
1221
1370
1195
1487
1187
1579
1198
1477
1210
1345
1248
1130
1234
972
1317
890
1338
919
1334
1034
1317
1102
1302
1425
1237
1520
1196
1570
1186
1518
1184
1414
1204
1284
1247
1056
1300
961
1353
937
1380
1004
1386
1140
1377
1393
1302
1466
1236
1540
1198
1555
1180
1507
1203
1361
1240
1149
1306
995
1347
924
1395
912
1397
999
1354
1194
1301
1380
1215
1581
1188
1629
1162
1587
1166
1448
1198
1287
1232
1051
1301
878
1341
847
1361
921
1354
1084
1324
1286
1269
1435
1209
1596
1165
1553
1152
1486
1173
1319
1202
1128
1260
983
1331
937
1387
957
1395
1047
1383
1284
1320
1342
1245
1492
1178
1535
1155
1510
1173
1448
1202
1249
1270
1137
1336
1021
1384
962
1391
929
1384
1084
1321
1206
1252
1358
1206
1465
1219
1554
1188
1485
1234
1413
1268
1262
1337
1125
1363
1192
1363
1117
1390
1014
1326
1116
1285
1274
1235
1400
1209
1482
1202
1527
1224
1465
1257
1351
1274
1149
1337
1075
1334
1047
1339
1017
1314
1101
1286
1128
1242
1303
1196
1351
1180
1393
1222
1415
1213
1348
1257
1271
1318
1255
1326
1199
1325
1157
1323
1053
1293
1059
1241
1105
1211
1142
1186
1268
1194
1371
1215
1438
1265
1421
1297
1327
1318
1358
1336
1170
1325
1066
1294
998
1257
1075
1217
1096
1213
1206
1229
1318
1233
1402
1267
1380
1341
1457
1329
1356
1323
1263
1326
1164
1299
1090
1285
1064
1260
1080
1241
1119
1227
1196
1218
1375
1226
1403
1259
1470
1276
1437
1292
1400
1297
1335
1299
1241
1289
1162
1267
1055
1239
1062
1212
1106
1201
1151
1194
1405
1222
1331
1246
1448
1292
1429
1314
1408
1318
1331
1312
1232
1280
1083
1263
1071
1224
1060
1228
1108
1216
1171
1243
1264
1271
1301
1288
1358
1307
1412
1325
1327
1309
1294
1310
1210
1252
1159
1281
1098
1268
1147
1247
1191
1249
1148
1234
1208
1251
1262
1263
1311
1294
1381
1317
1378
1316
1341
1308
1277
1310
1226
1275
1223
1229
1123
1155
1108
1206
1118
1215
1195
1241
1262
1272
1374
1307
1439
1324
1451
1311
1426
1298
1291
1285
1267
1244
1214
1221
1158
1212
1155
1220
1176
1226
1240
1271
1274
1295
1347
1306
1403
1301
1418
1299
1373
1281
1263
1268
1250
1251
1210
1237
1179
1205
1122
1220
1088
1234
1167
1260
1204
1272
1278
1285
1326
1298
1472
1287
1413
1291
1304
1290
1204
1255
1118
1236
1063
1222
1042
1226
1057
1229
1132
1254
1222
1279
1322
1289
1320
1313
1325
1295
1276
1277
1174
1254
1118
1233
1025
1235
1078
1216
1087
1232
1131
1287
1215
1267
1214
1297
1273
1287
1230
1299
1308
1282
1274
1278
1239
1259
1220
1270
1205
1247
1137
1236
1204
1241
1146
1244
1243
1257
1360
1269
1323
1305
1306
1312
1303
1306
1291
1300
1229
1278
1168
1256
1150
1235
1155
1218
1178
1224
1228
1275
1222
1272
1254
1300
1280
1313
1286
1319
1244
1292
1191
1272
1177
1272
1165
1237
1186
1227
1300
1220
1234
1277
1270
1285
1279
1312
1288
1318
1229
1283
1199
1291
1179
1275
1180
1254
1175
1231
1215
1223
1296
1251
1251
1246
1298
1266
1308
1274
1244
1307
1209
1308
1223
1300
1212
1286
1191
1259
1217
1246
1250
1260
1204
1232
1194
1245
1272
1272
1259
1296
1278
1313
1290
1333
1337
1321
1271
1288
1266
1264
1246
1235
1231
1199
1251
1206
1259
1223
1270
1249
1292
1268
1328
1301
1280
1291
1301
1294
1286
1272
1279
1236
1273
1215
1365
1183
1272
1220
1259
1233
1264
1262
1248
1284
1191
1299
1239
1300
1201
1292
1223
1265
1296
1242
1359
1214
1319
1228
1299
1198
1293
1250
1191
1267
1166
1281
1166
1297
1134
1291
1151
1301
1176
1288
1257
1281
1345
1285
1346
1262
1380
1262
1268
1262
1249
1276
1187
1302
1156
1267
1094
1287
1077
1294
1130
1293
1140
1275
1234
1257
1334
1247
1334
1243
1375
1255
1351
1260
1301
1280
1231
1280
1165
1273
1084
1266
1049
1248
1069
1244
1099
1248
1308
1248
1355
1252
1473
1260
1475
1271
1417
1270
1327
1260
1197
1258
1078
1226
988
1239
1001
1243
1064
1272
1155
1261
1290
1283
1416
1288
1478
1267
1475
1230
1401
1271
1242
1244
1129
1241
1061
1248
992
1262
1035
1302
1179
1286
1248
1323
1296
1309
1438
1285
1433
1273
1426
1253
1357
1239
1269
1249
1097
1260
1029
1275
1004
1296
1056
1351
1063
1320
1174
1295
1266
1292
1362
1270
1442
1231
1450
1224
1361
1232
1234
1227
1140
1249
1052
1279
994
1313
1072
1315
1184
1320
1215
1316
1332
1284
1417
1243
1422
1210
1403
1200
1324
1204
1234
1231
1146
1278
1181
1317
1165
1357
1152
1400
1200
1352
1209
1317
1302
1262
1348
1229
1391
1198
1381
1205
1320
1242
1280
1281
1244
1334
1171
1356
1078
1380
1156
1345
1173
1305
1232
1259
1298
1198
1343
1193
1340
1198
1377
1213
1322
1245
1252
1273
1253
1309
1214
1316
1189
1314
1208
1293
1227
1262
1232
1230
1257
1203
1325
1204
1314
1206
1295
1228
1223
1258
1280
1284
1237
1302
1227
1309
1242
1295
1248
1265
1216
1244
1229
1225
1224
1219
1232
1227
1262
1238
1216
1254
1228
1265
1251
1264
1242
1264
1220
1241
1161
1240
1138
1218
1123
1246
1125
1261
1203
1276
1170
1283
1262
1280
1272
1272
1282
1248
1245
1235
1225
1225
1199
1234
1167
1261
1132
1284
1077
1348
1208
1351
1223
1343
1286
1324
1285
1245
1283
1259
1288
1225
1282
1207
1259
1214
1220
1248
1093
1308
1105
1303
1154
1337
1180
1344
1240
1312
1267
1283
1301
1233
1341
1202
1322
1178
1306
1170
1274
1205
1163
1242
1137
1290
1065
1331
1162
1343
1207
1345
1274
1301
1355
1270
1389
1201
1379
1186
1320
1182
1200
1195
1196
1233
1097
1277
1157
1328
1167
1359
1240
1351
1308
1334
1301
1292
1392
1238
1353
1194
1310
1180
1229
1201
1081
1241
1048
1302
1088
1328
1128
1372
1165
1372
1229
1335
1282
1281
1330
1237
1322
1204
1272
1200
1235
1203
1104
1245
1110
1281
1055
1313
1126
1326
1154
1323
1257
1317
1345
1272
1399
1234
1398
1211
1364
1209
1272
1210
1193
1242
1010
1291
1060
1304
1122
1324
1188
1354
1271
1311
1332
1289
1405
1254
1425
1233
1370
1220
1301
1234
1247
1263
1054
1266
1056
1294
1057
1306
1115
1309
1203
1290
1263
1272
1352
1257
1380
1245
1367
1235
1418
1214
1192
1271
1159
1276
1129
1287
1082
1297
1130
1285
1170
1252
1205
1302
1244
1250
1259
1255
1298
1266
1341
1296
1296
1289
1327
1292
1234
1304
1225
1280
1206
1264
1197
1254
1221
1245
1210
1246
1207
1268
1212
1289
1234
1276
1170
1314
1255
1283
1305
1261
1323
1240
1366
1216
1318
1208
1271
1205
1225
1210
1143
1253
1107
1276
1014
1311
1066
1309
1202
1298
1308
1276
1440
1256
1478
1233
1483
1214
1417
1220
1272
1234
1163
1258
1042
1291
1025
1311
1052
1331
1116
1326
1242
1313
1352
1284
1486
1225
1521
1227
1495
1209
1362
1225
1246
1244
1097
1296
961
1322
842
1370
1002
1361
1046
1317
1197
1268
1342
1222
1427
1185
1423
1159
1446
1185
1352
1212
1242
1257
1124
1304
1002
1356
1009
1325
1089
1309
1158
1276
1235
1241
1327
1167
1392
1208
1369
1211
1361
1229
1337
1256
1305
1298
1219
1294
1255
1291
1222
1297
1200
1291
1235
1252
1256
1256
1211
1232
1230
1228
1226
1229
1224
1240
1087
1236
1236
1277
1311
1288
1348
1298
1354
1306
1369
1324
1253
1282
1157
1264
1105
1237
1073
1259
1058
1261
1065
1287
1222
1287
1378
1270
1529
1278
1510
1277
1457
1287
1311
1296
1201
1276
1078
1290
975
1289
967
1283
1035
1269
1124
1237
1311
1242
1435
1242
1506
1244
1520
1267
1475
1285
1385
1294
1208
1308
1084
1316
985
1317
917
1293
1080
1263
1207
1238
1279
1229
1402
1221
1502
1230
1508
1246
1459
1258
1390
1271
1230
1270
1125
1279
943
1295
993
1271
1075
1248
1150
1233
1266
1234
1331
1227
1360
1221
1378
1232
1349
1224
1313
1235
1265
1234
1222
1260
1140
1282
1162
1272
1096
1287
1087
1280
1118
1252
1114
1255
1170
1273
1251
1249
1319
1246
1325
1229
1454
1236
1229
1268
1253
1267
1149
1278
1052
1279
1064
1278
1061
1275
1058
1321
1168
1267
1208
1259
1305
1222
1311
1244
1329
1242
1358
1253
1324
1285
1235
1299
1175
1307
1087
1323
1078
1315
1071
1306
1143
1288
1151
1296
1379
1231
1384
1249
1439
1253
1426
1266
1345
1280
1305
1288
1175
1294
1124
1280
1107
1278
1124
1292
1229
1283
1232
1263
1347
1262
1402
1270
1384
1256
1354
1249
1310
1243
1234
1228
1192
1213
1180
1221
1119
1242
1177
1260
1196
1279
1268
1319
1237
1323
1232
1326
1247
1290
1229
1250
1226
1212
1269
1196
1273
1192
1335
1204
1248
1264
1260
1301
1258
1328
1220
1329
1173
1344
1172
1320
1154
1275
1215
1242
1245
1212
1290
1197
1409
1192
1342
1220
1342
1257
1296
1288
1262
1321
1216
1337
1134
1341
1120
1329
1087
1274
1117
1268
1063
1253
1298
1194
1329
1203
1390
1209
1381
1253
1370
1278
1365
1321
1247
1338
1138
1342
1088
1317
1014
1294
1131
1263
1138
1234
1191
1173
1286
1229
1330
1234
1374
1221
1358
1264
1309
1269
1315
1276
1244
1265
1195
1273
1277
1250
1135
1298
1173
1287
1187
1273
1250
1261
1300
1241
1352
1224
1374
1215
1412
1231
1391
1249
1357
1272
1350
1302
1257
1333
1160
1346
1154
1336
1141
1308
1173
1287
1245
1254
1330
1224
1362
1208
1411
1228
1432
1232
1299
1264
1307
1303
1210
1319
1227
1357
1137
1362
1150
1350
1190
1307
1213
1266
1266
1229
1312
1218
1331
1201
1380
1215
1354
1246
1306
1291
1226
1321
1190
1313
1166
1339
1121
1301
1129
1270
1174
1223
1211
1193
1229
1181
1279
1184
1276
1217
1273
1239
1258
1281
1232
1303
1204
1341
1211
1311
1264
1290
1285
1270
1246
1245
1228
1264
1349
1226
1276
1246
1262
1248
1229
1262
1199
1276
1240
1292
1271
1300
1315
1327
1365
1304
1340
1307
1411
1336
1337
1286
1234
1278
1250
1259
1153
1256
1164
1243
1208
1265
1237
1287
1293
1299
1355
1316
1396
1342
1375
1315
1306
1312
1361
1294
1262
1264
1201
1246
1159
1243
1147
1238
1126
1246
1178
1261
1256
1276
1293
1300
1342
1305
1438
1311
1393
1354
1374
1257
1269
1268
1176
1242
1118
1220
1134
1207
1139
1224
1197
1245
1301
1282
1305
1302
1405
1352
1410
1328
1409
1306
1336
1277
1276
1243
1223
1207
1186
1203
1162
1220
1161
1247
1141
1286
1254
1311
1267
1329
1306
1311
1330
1296
1320
1265
1324
1236
1283
1218
1243
1213
1247
1235
1137
1283
1215
1279
1159
1317
1190
1324
1228
1321
1272
1320
1307
1293
1303
1270
1313
1257
1300
1258
1270
1261
1217
1272
1117
1306
1214
1296
1161
1296
1226
1285
1244
1287
1291
1280
1273
1260
1315
1260
1282
1254
1259
1260
1136
1303
1237
1290
1154
1297
1188
1302
1208
1294
1216
1212
1233
1247
1294
1237
1299
1235
1304
1248
1323
1256
1317
1304
1295
1309
1247
1311
1162
1301
1147
1296
1170
1246
1239
1236
1311
1222
1364
1220
1429
1245
1419
1270
1395
1306
1247
1332
1276
1330
1167
1321
1130
1292
1144
1271
1180
1243
1237
1217
1360
1238
1394
1258
1437
1280
1516
1284
1317
1320
1339
1320
1242
1297
1199
1285
1142
1247
1155
1253
1195
1245
1241
1244
1326
1249
1401
1257
1417
1284
1435
1302
1427
1304
1384
1299
1288
1286
1212
1285
1144
1250
1101
1234
1144
1232
1160
1232
1245
1241
1460
1275
1436
1294
1436
1293
1384
1294
1349
1261
1270
1257
1186
1244
1058
1223
1095
1229
1084
1249
1128
1261
1207
1281
1297
1289
1306
1292
1372
1276
1351
1268
1316
1249
1294
1239
1249
1249
1167
1257
1130
1277
1138
1288
1117
1278
1305
1291
1242
1274
1279
1262
1301
1262
1385
1254
1380
1267
1352
1262
1246
1284
1230
1287
1152
1284
1121
1262
1084
1279
1162
1262
1263
1255
1332
1259
1353
1279
1375
1255
1353
1267
1318
1270
1259
1276
1184
1280
1175
1276
1096
1274
1174
1272
1248
1270
1276
1283
1288
1270
1323
1278
1345
1270
1313
1257
1296
1270
1253
1288
1201
1290
1253
1285
1237
1272
1229
1265
1216
1263
1267
1258
1315
1264
1316
1276
1316
1265
1333
1285
1254
1277
1229
1283
1260
1241
1110
1224
1166
1222
1207
1217
1271
1240
1281
1285
1297
1293
1293
1320
1260
1305
1229
1290
1099
1299
1173
1253
1193
1245
1209
1235
1296
1245
1267
1254
1285
1274
1292
1285
1272
1293
1217
1296
1256
1286
1244
1278
1205
1320
1175
1281
1174
1248
1226
1264
1251
1259
1282
1248
1256
1254
1281
1267
1274
1267
1248
1276
1225
1286
1297
1284
1115
1297
1178
1300
1213
1294
1247
1278
1317
1260
1295
1247
1306
1249
1282
1258
1281
1254
1339
1257
1304
1264
1232
1292
1192
1324
1216
1327
1214
1326
1231
1317
1278
1307
1278
1267
1303
1242
1297
1220
1317
1197
1283
1203
1321
1222
1320
1269
1234
1295
1228
1305
1215
1345
1187
1318
1179
1297
1217
1247
1256
1200
1381
1198
1249
1181
1322
1204
1334
1255
1305
1292
1291
1317
1182
1352
1154
1346
1158
1316
1150
1276
1182
1239
1310
1195
1192
1203
1282
1211
1285
1227
1301
1248
1279
1275
1250
1292
1221
1301
1223
1305
1170
1290
1181
1274
1136
1269
1217
1239
1220
1230
1304
1223
1310
1249
1303
1253
1302
1274
1263
1276
1224
1308
1183
1309
1173
1290
1157
1282
1181
1257
1241
1252
1266
1245
1300
1275
1307
1278
1274
1282
1218
1289
1187
1276
1152
1266
1192
1254
1192
1268
1258
1243
1241
1225
1280
1284
1263
1297
1277
1294
1274
1284
1240
1238
1211
1239
1184
1220
1189
1227
1191
1266
1205
1258
1240
1281
1257
1298
1266
1300
1293
1282
1299
1253
1291
1242
1270
1223
1263
1223
1197
1233
1201
1245
1217
1270
1232
1277
1225
1292
1258
1286
1303
1291
1297
1282
1337
1270
1346
1255
1306
1248
1273
1259
1247
1262
1219
1280
1205
1285
1214
1299
1225
1308
1234
1304
1255
1295
1303
1285
1292
1240
1299
1238
1305
1232
1296
1246
1256
1249
1258
1275
1240
1306
1200
1308
1200
1314
1191
1316
1191
1274
1202
1238
1283
1217
1287
1210
1329
1215
1331
1240
1295
1270
1232
1284
1188
1290
1134
1285
1110
1272
1112
1267
1154
1236
1145
1225
1258
1226
1316
1245
1316
1295
1304
1278
1239
1282
1220
1281
1162
1277
1144
1259
1140
1264
1136
1278
1179
1264
1231
1266
1272
1279
1309
1268
1314
1268
1317
1279
1288
1284
1238
1238
1200
1281
1133
1276
1100
1278
1132
1268
1170
1259
1202
1264
1319
1259
1374
1273
1370
1308
1359
1297
1296
1304
1246
1297
1175
1288
1181
1271
1177
1287
1209
1269
1275
1264
1312
1269
1339
1269
1350
1273
1314
1270
1268
1264
1234
1248
1209
1227
1174
1247
1177
1257
1210
1270
1220
1307
1259
1281
1292
1272
1302
1249
1287
1220
1254
1219
1237
1226
1186
1233
1197
1249
1204
1273
1198
1301
1215
1300
1261
1293
1283
1281
1287
1259
1291
1225
1274
1235
1232
1232
1173
1241
1211
1260
1178
1271
1188
1293
1220
1294
1251
1297
1257
1296
1311
1280
1326
1279
1294
1258
1258
1258
1242
1236
1218
1257
1206
1263
1242
1272
1263
1291
1219
1296
1305
1307
1343
1308
1295
1317
1295
1287
1278
1279
1262
1261
1254
1259
1267
1262
1317
1276
1267
1276
1290
1287
1293
1241
1249
1279
1219
1255
1253
1251
1283
1248
1264
1240
1288
1258
1282
1270
1271
1276
1266
1286
1246
1282
1219
1266
1185
1233
1213
1243
1202
1237
1188
1218
1254
1235
1248
1267
1267
1275
1262
1281
1257
1269
1259
1267
1246
1251
1229
1252
1200
1241
1202
1285
1199
1279
1220
1277
1245
1281
1289
1273
1311
1292
1318
1281
1309
1283
1283
1282
1231
1285
1200
1296
1167
1294
1170
1282
1204
1280
1276
1264
1326
1271
1346
1275
1374
1267
1323
1281
1276
1279
1214
1277
1174
1258
1138
1254
1110
1267
1195
1259
1242
1265
1325
1274
1390
1291
1401
1286
1376
1278
1329
1268
1259
1249
1179
1233
1097
1231
1126
1238
1121
1254
1172
1276
1193
1295
1302
1292
1348
1294
1369
1326
1353
1272
1277
1251
1238
1234
1173
1236
1112
1230
1095
1246
1102
1273
1140
1269
1200
1281
1290
1282
1342
1287
1332
1277
1356
1273
1316
1268
1236
1206
1181
1235
1132
1233
1105
1242
1108
1251
1159
1267
1178
1294
1253
1303
1309
1298
1305
1351
1291
1298
1280
1284
1268
1252
1239
1248
1229
1238
1237
1256
1223
1285
1226
1292
1241
1318
1261
1307
1257
1297
1262
1275
1293
1271
1295
1264
1299
1256
1302
1265
1279
1270
1266
1276
1240
1276
1266
1270
1222
1267
1231
1246
1249
1258
1226
1255
1243
1268
1238
1266
1241
1269
1248
1272
1270
1266
1275
1272
1282
1270
1292
1270
1296
1271
1254
1269
1208
1265
1200
1264
1177
1246
1191
1257
1220
1253
1250
1267
1267
1274
1307
1278
1284
1288
1283
1282
1279
1280
1236
1258
1198
1276
1187
1238
1190
1256
1175
1256
1200
1258
1229
1266
1178
1262
1250
1265
1277
1223
1289
1269
1277
1262
1246
1269
1265
1274
1244
1283
1219
1267
1267
1274
1213
1265
1220
1254
1235
1194
1255
1245
1263
1250
1273
1259
1330
1279
1300
1290
1278
1308
1255
1294
1219
1294
1181
1279
1204
1266
1216
1255
1196
1242
1251
1249
1280
1260
1279
1248
1288
1287
1285
1298
1273
1304
1236
1299
1236
1285
1245
1283
1208
1247
1214
1259
1208
1228
1214
1248
1208
1253
1258
1261
1272
1273
1270
1276
1268
1265
1253
1282
1208
1275
1192
1250
1183
1246
1155
1234
1187
1228
1227
1237
1251
1265
1278
1247
1299
1266
1267
1269
1229
1269
1182
1248
1169
1251
1151
1246
1175
1232
1211
1245
1226
1275
1259
1275
1295
1282
1298
1274
1278
1275
1251
1256
1215
1251
1183
1254
1170
1264
1178
1258
1182
1270
1203
1292
1254
1295
1289
1299
1268
1288
1340
1270
1354
1262
1275
1290
1241
1247
1183
1256
1160
1261
1158
1274
1193
1275
1223
1289
1268
1307
1317
1293
1333
1289
1333
1275
1305
1268
1251
1255
1200
1252
1157
1255
1157
1188
1157
1258
1186
1269
1242
1277
1278
1276
1290
1271
1286
1273
1313
1260
1274
1248
1232
1287
1209
1259
1156
1270
1160
1270
1199
1280
1213
1257
1235
1275
1263
1274
1280
1258
1274
1252
1264
1255
1271
1254
1225
1265
1231
1282
1228
1292
1212
1310
1211
1286
1226
1273
1241
1260
1238
1254
1289
1216
1289
1245
1283
1242
1273
1266
1258
1278
1236
1286
1209
1295
1235
1291
1238
1290
1245
1272
1267
1273
1285
1271
1273
1271
1268
1262
1269
1267
1244
1268
1226
1271
1229
1275
1220
1288
1225
1273
1243
1278
1242
1276
1253
1273
1237
1270
1292
1261
1287
1262
1282
1254
1280
1263
1242
1225
1208
1259
1178
1261
1167
1262
1137
1258
1142
1259
1188
1265
1218
1264
1259
1274
1317
1260
1303
1275
1284
1262
1243
1252
1183
1252
1184
1246
1131
1239
1147
1259
1151
1215
1201
1275
1243
1284
1296
1286
1334
1284
1324
1264
1313
1268
1258
1226
1225
1245
1193
1246
1172
1246
1187
1248
1172
1253
1223
1258
1262
1257
1300
1244
1318
1262
1312
1261
1316
1267
1280
1272
1242
1269
1250
1263
1228
1264
1210
1268
1219
1238
1245
1264
1249
1265
1278
1287
1301
1269
1304
1270
1265
1280
1254
1299
1246
1294
1221
1283
1218
1279
1238
1281
1217
1272
1227
1265
1236
1262
1255
1249
1227
1252
1214
1211
1221
1264
1189
1261
1181
1270
1244
1273
1224
1262
1251
1262
1238
1269
1219
1249
1198
1253
1208
1248
1216
1252
1219
1252
1225
1251
1252
1267
1261
1267
1269
1260
1264
1262
1251
1263
1231
1260
1230
1264
1189
1268
1217
1263
1237
1240
1235
1305
1237
1274
1207
1260
1263
1253
1252
1255
1260
1244
1271
1260
1253
1285
1231
1283
1220
1293
1219
1284
1199
1296
1184
1286
1237
1277
1247
1267
1264
1194
1294
1252
1272
1262
1252
1266
1223
1276
1202
1287
1141
1288
1181
1285
1215
1278
1212
1306
1270
1253
1275
1246
1299
1266
1301
1246
1301
1245
1310
1267
1234
1285
1215
1266
1200
1275
1182
1264
1175
1251
1195
1235
1222
1239
1245
1242
1268
1222
1295
1256
1271
1265
1265
1250
1216
1278
1191
1270
1125
1261
1176
1241
1171
1238
1183
1241
1227
1240
1249
1252
1292
1272
1316
1292
1320
1301
1282
1304
1247
1299
1216
1281
1174
1261
1176
1238
1187
1232
1203
1251
1242
1253
1274
1290
1298
1292
1293
1307
1279
1307
1266
1307
1200
1290
1177
1263
1209
1255
1193
1237
1205
1247
1225
1246
1240
1281
1252
1296
1287
1302
1319
1298
1228
1278
1263
1268
1280
1245
1226
1238
1203
1229
1203
1225
1210
1253
1207
1271
1243
1276
1294
1290
1270
1276
1282
1256
1253
1192
1224
1227
1178
1220
1195
1218
1197
1232
1190
1240
1221
1273
1237
1265
1242
1298
1252
1300
1251
1287
1221
1264
1177
1240
1197
1231
1187
1251
1195
1216
1230
1258
1252
1285
1265
1314
1270
1347
1307
1326
1302
1305
1257
1288
1266
1263
1229
1215
1226
1235
1216
1240
1241
1247
1262
1276
1284
1291
1295
1316
1301
1311
1310
1309
1313
1279
1259
1258
1255
1240
1244
1229
1224
1241
1215
1246
1235
1259
1246
1286
1246
1298
1260
1296
1252
1310
1266
1283
1267
1263
1251
1239
1225
1243
1189
1240
1189
1246
1209
1257
1186
1272
1210
1294
1225
1291
1228
1299
1243
1292
1272
1276
1235
1260
1219
1246
1224
1245
1212
1242
1197
1251
1177
1250
1215
1276
1216
1288
1196
1301
1241
1286
1206
1272
1227
1262
1239
1257
1248
1242
1235
1254
1228
1274
1233
1272
1218
1284
1233
1275
1246
1277
1228
1280
1256
1266
1273
1263
1267
1207
1256
1268
1254
1276
1257
1288
1206
1285
1220
1268
1194
1272
1239
1256
1284
1253
1288
1297
1287
1256
1267
1267
1285
1273
1257
1288
1228
1275
1216
1286
1205
1295
1186
1280
1199
1277
1234
1267
1243
1263
1266
1259
1294
1270
1296
1282
1282
1273
1265
1282
1235
1291
1178
1289
1137
1296
1156
1288
1147
1279
1203
1268
1276
1270
1293
1303
1325
1276
1325
1285
1335
1291
1258
1292
1201
1283
1169
1289
1144
1282
1132
1272
1200
1259
1244
1264
1302
1270
1350
1275
1350
1287
1335
1305
1307
1287
1258
1283
1174
1274
1150
1252
1117
1262
1156
1253
1206
1260
1282
1257
1332
1274
1350
1272
1363
1304
1351
1285
1279
1277
1219
1249
1166
1262
1129
1264
1152
1241
1195
1265
1249
1272
1307
1278
1362
1284
1341
1288
1338
1281
1336
1276
1256
1271
1188
1268
1147
1216
1147
1276
1132
1277
1222
1270
1301
1275
1331
1265
1363
1270
1363
1260
1326
1272
1250
1269
1195
1228
1149
1262
1080
1257
1118
1264
1171
1266
1220
1262
1292
1274
1329
1274
1344
1292
1303
1281
1278
1272
1231
1265
1160
1257
1135
1258
1126
1231
1137
1261
1174
1269
1264
1270
1314
1275
1334
1263
1344
1267
1353
1265
1279
1262
1250
1266
1214
1283
1186
1281
1167
1277
1210
1275
1236
1285
1267
1253
1310
1254
1312
1251
1312
1269
1282
1273
1278
1285
1231
1297
1227
1293
1236
1296
1218
1277
1233
1268
1252
1261
1270
1276
1284
1247
1297
1255
1300
1281
1276
1286
1276
1301
1273
1304
1245
1302
1243
1296
1232
1282
1216
1270
1195
1255
1234
1241
1242
1244
1240
1254
1250
1239
1238
1275
1247
1288
1254
1296
1261
1286
1229
1289
1218
1289
1209
1269
1181
1252
1181
1248
1193
1258
1195
1268
1224
1283
1245
1308
1273
1262
1274
1291
1254
1283
1246
1265
1192
1253
1176
1243
1142
1247
1182
1252
1201
1291
1227
1337
1265
1298
1253
1308
1289
1294
1287
1287
1265
1263
1239
1256
1226
1258
1209
1251
1198
1256
1223
1267
1247
1281
1253
1288
1281
1295
1307
1296
1294
1275
1289
1252
1269
1255
1250
1261
1204
1247
1217
1246
1237
1255
1224
1258
1256
1252
1269
1296
1273
1293
1279
1294
1284
1279
1257
1273
1241
1260
1222
1261
1207
1266
1203
1271
1228
1282
1240
1287
1251
1293
1264
1288
1268
1283
1239
1276
1217
1261
1208
1259
1187
1263
1197
1267
1193
1278
1239
1282
1259
1289
1272
1281
1288
1282
1256
1260
1232
1273
1217
1258
1196
1276
1194
1257
1187
1258
1244
1269
1231
1271
1257
1279
1278
1279
1267
1272
1245
1273
1251
1283
1231
1261
1279
1264
1224
1259
1217
1262
1202
1223
1224
1266
1223
1282
1245
1272
1280
1278
1286
1264
1265
1266
1240
1252
1232
1266
1198
1273
1179
1267
1188
1269
1169
1268
1208
1268
1233
1273
1261
1257
1255
1261
1241
1261
1240
1285
1188
1293
1178
1267
1212
1277
1216
1278
1211
1283
1224
1234
1251
1281
1235
1249
1266
1268
1284
1258
1255
1254
1234
1267
1231
1276
1226
1289
1217
1299
1232
1298
1244
1292
1242
1282
1258
1271
1271
1256
1267
1217
1273
1248
1266
1256
1262
1276
1231
1275
1256
1281
1268
1287
1252
1273
1279
1272
1275
1267
1269
1254
1274
1250
1285
1245
1270
1247
1250
1262
1250
1264
1275
1273
1237
1274
1254
1249
1269
1267
1264
1264
1254
1261
1261
1258
1211
1258
1230
1259
1236
1272
1210
1295
1220
1285
1203
1282
1246
1289
1243
1280
1259
1266
1268
1260
1240
1272
1237
1261
1228
1269
1211
1289
1199
1290
1189
1291
1214
1287
1217
1296
1231
1218
1271
1255
1231
1252
1220
1247
1236
1255
1238
1250
1202
1275
1251
1282
1285
1289
1222
1331
1228
1260
1210
1270
1223
1255
1219
1241
1271
1242
1275
1266
1295
1282
1307
1285
1274
1294
1266
1287
1258
1285
1242
1273
1220
1265
1239
1265
1255
1235
1254
1260
1256
1265
1280
1273
1253
1290
1264
1284
1266
1285
1271
1272
1255
1272
1232
1275
1233
1254
1202
1255
1218
1247
1218
1256
1216
1264
1228
1258
1257
1283
1261
1291
1254
1277
1255
1245
1243
1259
1201
1251
1152
1246
1185
1250
1181
1248
1196
1270
1226
1271
1253
1282
1230
1288
1260
1278
1264
1275
1230
1248
1186
1250
1211
1231
1198
1251
1203
1259
1226
1269
1238
1285
1245
1288
1254
1282
1261
1280
1245
1282
1261
1261
1265
1257
1244
1256
1239
1262
1249
1272
1279
1293
1239
1291
1256
1296
1251
1249
1251
1296
1248
1278
1280
1267
1286
1256
1264
1241
1279
1246
1253
1250
1239
1270
1252
1304
1261
1296
1282
1304
1247
1297
1262
1291
1248
1271
1240
1224
1240
1241
1218
1233
1220
1238
1232
1251
1251
1260
1279
1277
1273
1259
1273
1267
1231
1251
1215
1263
1189
1248
1187
1232
1194
1227
1230
1219
1243
1236
1257
1246
1273
1272
1274
1281
1241
1286
1223
1287
1192
1271
1179
1259
1186
1251
1210
1228
1231
1232
1239
1243
1271
1264
1256
1278
1264
1289
1272
1305
1262
1294
1241
1295
1222
1292
1225
1272
1201
1281
1225
1259
1247
1262
1303
1268
1281
1283
1295
1279
1303
1299
1275
1296
1223
1294
1245
1281
1218
1266
1202
1258
1202
1253
1246
1232
1278
1251
1290
1279
1303
1273
1259
1278
1268
1282
1241
1282
1216
1264
1212
1264
1219
1272
1223
1279
1234
1255
1277
1254
1300
1257
1234
1258
1252
1262
1240
1263
1210
1205
1211
1258
1204
1260
1203
1268
1193
1269
1215
1267
1184
1273
1227
1243
1249
1227
1233
1313
1229
1264
1199
1270
1216
1263
1203
1270
1202
1268
1208
1281
1206
1296
1209
1282
1234
1279
1259
1275
1260
1266
1273
1257
1290
1262
1267
1266
1247
1246
1246
1270
1217
1276
1219
1285
1221
1289
1260
1283
1252
1282
1285
1271
1303
1266
1275
1297
1273
1262
1256
1261
1253
1261
1246
1271
1263
1275
1268
1281
1255
1288
1265
1247
1276
1268
1261
1256
1259
1252
1267
1246
1279
1254
1261
1269
1278
1275
1264
1288
1233
1268
1230
1283
1199
1277
1209
1256
1224
1253
1239
1231
1244
1242
1248
1245
1260
1265
1248
1281
1235
1294
1230
1292
1217
1285
1192
1276
1196
1247
1207
1252
1204
1245
1205
1243
1229
1256
1200
1266
1214
1276
1256
1290
1265
1290
1253
1287
1231
1208
1230
1271
1186
1257
1189
1245
1229
1244
1207
1243
1229
1265
1258
1269
1270
1291
1277
1299
1296
1286
1284
1286
1221
1268
1231
1249
1222
1232
1214
1235
1216
1252
1264
1262
1287
1289
1289
1280
1318
1283
1375
1279
1292
1265
1287
1269
1253
1219
1231
1253
1205
1265
1240
1264
1269
1276
1258
1276
1281
1287
1286
1280
1287
1252
1287
1258
1279
1255
1250
1254
1232
1258
1217
1265
1193
1272
1187
1273
1213
1267
1210
1286
1233
1277
1237
1262
1277
1259
1272
1260
1258
1256
1245
1276
1189
1280
1178
1293
1168
1298
1177
1303
1191
1288
1231
1273
1274
1268
1256
1260
1280
1276
1263
1260
1225
1270
1207
1281
1209
1284
1203
1290
1208
1292
1241
1282
1258
1259
1240
1259
1259
1224
1235
1247
1243
1248
1247
1264
1265
1259
1262
1281
1254
1298
1270
1288
1273
1277
1265
1264
1268
1227
1246
1232
1278
1232
1253
1247
1280
1254
1271
1282
1263
1290
1269
1307
1241
1298
1246
1280
1228
1264
1275
1243
1280
1228
1262
1276
1269
1249
1210
1269
1227
1284
1211
1298
1211
1294
1213
1298
1238
1295
1257
1272
1253
1254
1264
1242
1261
1242
1226
1249
1209
1258
1203
1277
1192
1265
1201
1290
1219
1291
1238
1287
1229
1271
1252
1261
1239
1255
1242
1243
1235
1249
1227
1286
1219
1287
1221
1261
1253
1281
1291
1284
1265
1273
1266
1267
1285
1267
1264
1257
1263
1250
1271
1252
1266
1291
1267
1273
1286
1287
1294
1299
1287
1278
1311
1254
1291
1250
1280
1246
1240
1250
1273
1244
1262
1261
1259
1262
1270
1287
1257
1292
1258
1287
1274
1277
1289
1264
1288
1255
1287
1243
1257
1255
1233
1265
1216
1278
1207
1285
1186
1290
1193
1295
1216
1280
1248
1270
1282
1257
1277
1239
1276
1253
1232
1220
1181
1268
1151
1281
1143
1285
1168
1292
1182
1283
1231
1285
1241
1266
1271
1233
1283
1250
1265
1241
1245
1250
1220
1253
1209
1270
1185
1266
1203
1265
1215
1293
1230
1278
1265
1264
1262
1248
1273
1226
1311
1225
1287
1221
1267
1238
1220
1226
1241
1285
1211
1298
1208
1294
1260
1286
1283
1259
1294
1240
1319
1202
1336
1232
1319
1235
1270
1263
1281
1287
1243
1314
1228
1314
1237
1308
1250
1285
1274
1268
1295
1250
1318
1239
1275
1235
1277
1233
1278
1262
1217
1271
1200
1299
1192
1298
1205
1314
1211
1296
1256
1272
1282
1255
1253
1233
1264
1235
1254
1232
1214
1240
1202
1257
1191
1282
1185
1308
1188
1305
1202
1299
1255
1284
1253
1252
1272
1227
1265
1209
1252
1215
1216
1228
1244
1250
1222
1291
1216
1310
1225
1313
1223
1317
1227
1286
1245
1259
1281
1230
1282
1219
1283
1222
1299
1238
1287
1271
1261
1277
1261
1305
1274
1311
1238
1302
1251
1283
1274
1255
1254
1244
1310
1222
1322
1232
1286
1286
1265
1270
1238
1291
1242
1301
1223
1305
1253
1270
1272
1289
1266
1280
1241
1257
1274
1242
1239
1239
1227
1247
1221
1258
1211
1277
1217
1294
1238
1284
1251
1301
1233
1291
1240
1273
1213
1254
1208
1228
1183
1224
1220
1212
1228
1260
1233
1265
1247
1275
1234
1295
1239
1289
1228
1286
1233
1267
1213
1249
1216
1244
1238
1233
1241
1240
1244
1248
1259
1262
1251
1278
1232
1268
1238
1278
1249
1275
1245
1268
1230
1263
1268
1259
1239
1257
1262
1259
1271
1264
1261
1260
1253
1270
1261
1274
1264
1277
1251
1279
1279
1280
1284
1276
1260
1268
1262
1269
1258
1268
1251
1268
1260
1261
1266
1263
1279
1266
1254
1267
1262
1267
1286
1279
1233
1276
1235
1268
1226
1243
1228
1263
1222
1271
1276
1269
1296
1264
1284
1260
1288
1267
1252
1257
1223
1267
1210
1272
1212
1271
1207
1279
1230
1281
1249
1287
1242
1287
1262
1264
1267
1267
1278
1260
1232
1250
1205
1245
1218
1256
1245
1271
1221
1283
1249
1292
1245
1264
1247
1288
1247
1280
1285
1262
1282
1246
1290
1230
1295
1238
1277
1248
1280
1266
1266
1280
1243
1287
1233
1288
1243
1279
1244
1273
1244
1256
1291
1240
1316
1239
1285
1238
1285
1247
1250
1258
1244
1264
1256
1276
1249
1273
1252
1285
1239
1271
1250
1272
1250
1264
1247
1246
1242
1237
1247
1237
1229
1243
1257
1253
1265
1269
1258
1282
1282
1287
1267
1269
1238
1269
1216
1263
1222
1252
1227
1238
1221
1239
1217
1243
1268
1272
1241
1280
1268
1292
1267
1297
1247
1277
1231
1277
1205
1264
1216
1251
1213
1242
1232
1237
1242
1253
1208
1267
1238
1283
1258
1289
1241
1291
1244
1297
1248
1270
1280
1256
1217
1256
1233
1247
1204
1255
1218
1248
1223
1256
1225
1299
1232
1265
1230
1263
1277
1268
1277
1261
1283
1253
1277
1258
1261
1270
1230
1254
1224
1250
1228
1253
1228
1255
1248
1256
1265
1260
1273
1265
1276
1246
1281
1258
1276
1255
1253
1254
1235
1264
1256
1256
1224
1265
1258
1259
1274
1271
1246
1304
1234
1275
1240
1275
1252
1264
1255
1263
1279
1233
1290
1268
1290
1281
1283
1281
1271
1281
1241
1276
1223
1271
1215
1260
1212
1253
1219
1255
1258
1250
1279
1262
1273
1273
1286
1284
1254
1287
1243
1275
1233
1270
1234
1253
1223
1280
1208
1259
1221
1257
1221
1268
1229
1273
1239
1290
1259
1288
1251
1283
1281
1272
1275
1262
1269
1257
1257
1254
1252
1253
1215
1258
1193
1261
1218
1266
1212
1268
1228
1269
1247
1249
1276
1274
1264
1269
1287
1257
1295
1253
1247
1235
1225
1240
1233
1236
1216
1253
1203
1262
1230
1268
1253
1259
1257
1273
1248
1268
1270
1258
1263
1254
1250
1245
1247
1239
1258
1250
1219
1257
1233
1287
1281
1285
1237
1284
1238
1284
1238
1238
1242
1273
1234
1267
1268
1260
1283
1260
1275
1257
1267
1276
1247
1277
1231
1286
1223
1287
1227
1298
1215
1276
1240
1264
1244
1260
1252
1259
1246
1254
1257
1253
1239
1266
1227
1268
1202
1262
1227
1261
1232
1258
1213
1249
1234
1252
1212
1240
1211
1249
1216
1249
1233
1253
1221
1259
1256
1257
1273
1272
1267
1260
1263
1264
1251
1259
1218
1278
1202
1244
1195
1243
1216
1252
1218
1257
1251
1264
1294
1277
1278
1280
1276
1283
1268
1267
1255
1252
1235
1246
1232
1228
1232
1239
1216
1272
1234
1245
1283
1283
1271
1290
1254
1294
1268
1285
1267
1257
1265
1254
1260
1245
1244
1246
1223
1249
1228
1264
1204
1281
1202
1284
1192
1276
1247
1283
1249
1277
1256
1301
1276
1255
1232
1257
1255
1252
1243
1260
1238
1263
1214
1281
1209
1299
1222
1292
1227
1284
1253
1274
1275
1264
1265
1254
1256
1243
1252
1241
1238
1222
1221
1245
1218
1260
1230
1278
1203
1280
1227
1279
1229
1274
1242
1256
1245
1226
1237
1263
1226
1233
1203
1240
1226
1250
1234
1268
1230
1279
1242
1292
1254
1298
1245
1279
1246
1271
1256
1247
1258
1241
1237
1238
1256
1250
1269
1270
1258
1274
1268
1294
1265
1295
1264
1293
1239
1283
1280
1268
1278
1289
1304
1238
1302
1237
1284
1261
1259
1265
1251
1258
1260
1280
1230
1278
1261
1271
1268
1267
1269
1262
1274
1253
1278
1244
1253
1251
1240
1255
1225
1261
1215
1270
1235
1274
1236
1281
1265
1275
1254
1254
1263
1259
1250
1275
1251
1248
1275
1249
1247
1244
1248
1263
1228
1270
1235
1266
1244
1278
1239
1273
1243
1263
1258
1248
1242
1258
1233
1232
1259
1213
1253
1232
1239
1261
1244
1284
1222
1286
1224
1276
1257
1271
1237
1255
1243
1281
1231
1213
1254
1258
1238
1268
1238
1274
1253
1286
1249
1282
1233
1288
1222
1276
1249
1279
1246
1271
1260
1260
1280
1264
1296
1271
1254
1277
1254
1250
1252
1285
1238
1287
1229
1283
1249
1273
1225
1266
1255
1253
1298
1255
1266
1242
1261
1259
1246
1246
1240
1281
1211
1282
1221
1288
1227
1280
1220
1261
1217
1255
1234
1246
1225
1245
1224
1245
1229
1254
1237
1266
1210
1274
1223
1287
1248
1309
1224
1280
1240
1270
1224
1259
1221
1277
1194
1247
1235
1242
1291
1262
1257
1265
1277
1289
1268
1290
1255
1293
1226
1290
1244
1269
1219
1236
1217
1240
1238
1246
1244
1249
1254
1260
1253
1269
1268
1281
1273
1291
1252
1287
1264
1278
1234
1272
1254
1253
1271
1251
1243
1276
1234
1255
1220
1257
1240
1264
1232
1272
1259
1264
1277
1278
1282
1286
1279
1274
1302
1271
1283
1285
1260
1255
1234
1254
1238
1261
1209
1265
1231
1282
1245
1267
1249
1281
1285
1273
1280
1269
1283
1262
1257
1257
1272
1244
1249
1247
1207
1281
1207
1255
1197
1264
1205
1261
1223
1257
1254
1257
1268
1261
1262
1261
1275
1253
1255
1282
1240
1229
1236
1254
1210
1257
1194
1265
1195
1251
1210
1266
1208
1269
1192
1265
1264
1264
1241
1269
1267
1265
1273
1268
1267
1261
1237
1272
1227
1289
1222
1280
1207
1285
1189
1281
1254
1281
1264
1272
1276
1269
1285
1265
1274
1258
1259
1253
1250
1254
1252
1263
1227
1271
1238
1279
1265
1285
1254
1283
1263
1280
1256
1275
1238
1269
1210
1270
1237
1249
1254
1258
1240
1249
1266
1261
1273
1271
1269
1284
1266
1293
1269
1290
1248
1288
1221
1276
1219
1286
1239
1260
1235
1229
1243
1236
1250
1250
1261
1256
1248
1257
1264
1268
1280
1302
1241
1273
1242
1280
1210
1249
1179
1273
1191
1259
1206
1241
1216
1248
1230
1242
1277
1254
1286
1288
1266
1278
1285
1289
1260
1300
1217
1292
1197
1260
1178
1273
1178
1259
1206
1238
1241
1239
1251
1243
1283
1252
1268
1264
1287
1273
1288
1286
1248
1278
1228
1306
1191
1256
1185
1270
1204
1256
1219
1245
1244
1232
1269
1233
1262
1252
1262
1254
1261
1274
1250
1283
1221
1289
1223
1290
1237
1276
1203
1264
1237
1252
1240
1234
1253
1226
1242
1236
1268
1250
1245
1265
1259
1278
1262
1294
1263
1281
1252
1282
1246
1267
1258
1255
1253
1246
1264
1239
1281
1245
1289
1253
1268
1282
1266
1247
1259
1286
1240
1283
1236
1277
1261
1272
1234
1264
1251
1253
1264
1252
1287
1248
1275
1261
1262
1300
1255
1284
1216
1293
1236
1291
1243
1284
1241
1271
1256
1267
1264
1266
1256
1281
1242
1258
1261
1263
1276
1272
1219
1275
1232
1285
1242
1286
1232
1274
1234
1271
1229
1262
1208
1260
1179
1249
1203
1247
1189
1258
1212
1241
1249
1270
1253
1318
1254
1294
1239
1288
1234
1274
1227
1261
1210
1251
1208
1239
1195
1253
1191
1249
1211
1262
1231
1269
1239
1277
1250
1278
1274
1273
1263
1268
1260
1251
1255
1254
1216
1258
1197
1252
1171
1257
1195
1273
1181
1268
1220
1252
1259
1273
1269
1296
1279
1281
1300
1280
1287
1272
1254
1272
1235
1264
1224
1266
1182
1272
1199
1241
1221
1273
1235
1280
1269
1283
1287
1279
1281
1278
1283
1276
1270
1271
1241
1272
1193
1274
1190
1274
1174
1284
1188
1277
1220
1274
1248
1267
1275
1273
1269
1261
1284
1271
1264
1277
1248
1271
1241
1275
1210
1277
1209
1282
1213
1286
1225
1266
1230
1267
1234
1263
1267
1259
1244
1260
1242
1260
1297
1270
1264
1266
1253
1269
1234
1249
1228
1283
1199
1275
1226
1260
1239
1260
1236
1267
1244
1257
1260
1249
1258
1265
1238
1265
1246
1267
1245
1274
1210
1272
1220
1281
1226
1270
1222
1257
1228
1261
1236
1246
1234
1270
1202
1268
1237
1270
1281
1283
1221
1275
1254
1280
1246
1266
1230
1278
1206
1275
1226
1266
1214
1263
1213
1254
1204
1264
1263
1267
1245
1276
1269
1253
1279
1283
1275
1282
1229
1276
1254
1271
1261
1268
1223
1275
1241
1259
1222
1256
1227
1266
1222
1266
1254
1267
1265
1269
1270
1256
1278
1268
1265
1258
1260
1265
1260
1267
1239
1271
1224
1264
1205
1259
1218
1259
1198
1264
1215
1241
1244
1257
1239
1261
1271
1270
1263
1267
1263
1271
1243
1273
1249
1263
1232
1271
1206
1287
1211
1243
1207
1261
1225
1262
1215
1265
1282
1268
1278
1274
1282
1281
1291
1281
1271
1282
1258
1281
1257
1279
1245
1282
1232
1299
1237
1269
1257
1264
1253
1260
1251
1265
1284
1260
1261
1293
1293
1283
1251
1290
1265
1285
1246
1280
1226
1299
1224
1275
1207
1270
1217
1266
1240
1268
1250
1281
1260
1269
1267
1278
1285
1283
1238
1274
1260
1249
1236
1275
1204
1269
1187
1273
1237
1265
1238
1269
1251
1266
1255
1270
1249
1265
1217
1261
1236
1253
1224
1262
1233
1247
1250
1265
1250
1286
1243
1273
1237
1275
1249
1267
1231
1291
1227
1265
1224
1255
1248
1257
1225
1254
1238
1266
1250
1264
1253
1255
1244
1270
1259
1274
1243
1280
1235
1277
1246
1280
1222
1283
1218
1280
1217
1230
1250
1267
1258
1268
1239
1255
1285
1274
1255
1277
1262
1284
1262
1291
1251
1284
1232
1288
1210
1276
1213
1278
1213
1270
1231
1256
1251
1269
1257
1270
1270
1267
1255
1271
1259
1270
1269
1265
1242
1260
1233
1265
1197
1242
1208
1276
1211
1278
1227
1271
1252
1269
1271
1259
1266
1259
1246
1241
1258
1249
1253
1249
1224
1256
1223
1259
1209
1271
1210
1282
1230
1290
1246
1277
1254
1292
1242
1258
1256
1253
1250
1250
1230
1239
1257
1246
1239
1251
1230
1266
1208
1254
1243
1286
1223
1287
1254
1278
1265
1260
1265
1262
1248
1262
1257
1227
1254
1261
1221
1266
1213
1279
1235
1290
1212
1284
1228
1289
1276
1287
1265
1270
1272
1264
1247
1257
1256
1260
1222
1257
1241
1251
1244
1276
1225
1275
1245
1291
1253
1288
1251
1320
1252
1303
1272
1269
1274
1260
1236
1255
1239
1260
1236
1267
1217
1271
1211
1276
1233
1277
1237
1308
1233
1270
1264
1254
1258
1253
1271
1242
1277
1255
1249
1283
1237
1265
1199
1272
1228
1280
1217
1282
1238
1266
1255
1263
1256
1264
1264
1252
1279
1253
1264
1258
1248
1267
1252
1258
1234
1281
1217
1287
1224
1284
1248
1281
1246
1281
1254
1276
1256
1273
1279
1261
1249
1266
1270
1273
1268
1272
1229
1309
1215
1287
1225
1295
1224
1287
1239
1294
1262
1266
1260
1262
1274
1265
1279
1233
1270
1264
1258
1267
1209
1280
1245
1281
1226
1282
1232
1279
1247
1265
1272
1265
1243
1242
1257
1246
1244
1260
1243
1257
1234
1263
1257
1256
1247
1270
1241
1284
1243
1269
1226
1272
1230
1254
1218
1255
1225
1250
1216
1254
1229
1254
1234
1258
1226
1257
1231
1258
1250
1265
1222
1260
1222
1264
1250
1268
1229
1261
1216
1261
1204
1269
1212
1267
1181
1273
1204
1269
1249
1296
1245
1273
1261
1275
1273
1272
1296
1283
1245
1285
1239
1267
1218
1282
1203
1278
1199
1282
1218
1280
1232
1257
1262
1276
1288
1278
1333
1278
1265
1277
1270
1273
1284
1263
1223
1267
1209
1277
1215
1243
1220
1280
1231
1285
1283
1277
1307
1280
1315
1264
1316
1267
1305
1262
1270
1276
1251
1270
1237
1276
1220
1273
1217
1271
1238
1269
1255
1295
1273
1263
1299
1268
1315
1264
1271
1270
1232
1263
1233
1262
1206
1261
1203
1251
1217
1259
1205
1249
1221
1267
1244
1276
1265
1277
1265
1275
1259
1265
1248
1280
1220
1264
1188
1262
1208
1254
1193
1257
1207
1264
1225
1264
1242
1273
1268
1276
1281
1274
1288
1268
1248
1287
1245
1269
1236
1266
1214
1265
1228
1270
1245
1268
1250
1272
1255
1272
1279
1276
1307
1275
1270
1271
1271
1280
1242
1269
1232
1269
1187
1245
1240
1266
1233
1265
1235
1265
1252
1267
1238
1270
1249
1266
1246
1245
1259
1265
1250
1285
1196
1297
1236
1260
1204
1257
1218
1260
1228
1263
1230
1266
1235
1273
1245
1290
1243
1279
1231
1270
1248
1280
1249
1262
1232
1259
1241
1261
1240
1266
1230
1271
1223
1264
1227
1279
1230
1289
1209
1289
1229
1273
1233
1273
1251
1262
1267
1263
1269
1286
1256
1279
1247
1278
1261
1268
1251
1277
1237
1271
1245
1271
1253
1282
1251
1264
1233
1257
1286
1262
1281
1259
1266
1256
1267
1260
1246
1267
1250
1258
1236
1260
1221
1266
1224
1270
1218
1274
1255
1261
1255
1261
1275
1246
1279
1260
1244
1287
1232
1275
1221
1273
1249
1264
1210
1268
1229
1244
1244
1262
1249
1263
1256
1257
1276
1244
1253
1249
1236
1256
1215
1261
1202
1257
1202
1273
1210
1265
1225
1268
1219
1264
1250
1267
1249
1265
1266
1258
1266
1264
1255
1261
1230
1267
1209
1263
1208
1276
1216
1279
1224
1273
1252
1278
1281
1281
1269
1280
1283
1272
1287
1254
1266
1264
1228
1263
1234
1265
1225
1265
1201
1279
1256
1240
1260
1270
1274
1277
1249
1244
1303
1277
1270
1275
1266
1265
1259
1266
1224
1264
1201
1267
1208
1259
1216
1273
1218
1271
1248
1269
1273
1266
1262
1261
1258
1258
1259
1256
1237
1251
1219
1259
1199
1263
1201
1269
1156
1264
1198
1247
1246
1264
1239
1252
1264
1261
1273
1239
1253
1291
1224
1268
1219
1261
1210
1260
1184
1258
1190
1281
1210
1264
1207
1267
1229
1267
1260
1266
1259
1267
1239
1259
1244
1259
1240
1262
1221
1261
1222
1268
1211
1275
1209
1276
1200
1283
1231
1275
1238
1273
1243
1255
1256
1256
1240
1270
1234
1260
1248
1262
1269
1265
1247
1291
1248
1273
1258
1276
1249
1271
1247
1259
1252
1257
1240
1254
1236
1255
1226
1256
1249
1261
1217
1266
1252
1254
1265
1269
1240
1302
1212
1270
1219
1263
1217
1260
1211
1255
1223
1250
1264
1258
1224
1276
1242
1263
1240
1269
1237
1282
1230
1274
1236
1264
1219
1264
1209
1263
1215
1254
1221
1250
1205
1256
1227
1243
1225
1268
1244
1265
1219
1290
1267
1269
1274
1272
1241
1300
1228
1266
1198
1264
1199
1236
1207
1238
1226
1266
1229
1274
1233
1279
1266
1285
1250
1282
1244
1272
1238
1251
1215
1252
1195
1259
1205
1258
1213
1254
1210
1259
1220
1266
1245
1272
1214
1275
1225
1266
1238
1266
1234
1245
1227
1246
1214
1259
1218
1250
1198
1252
1215
1241
1221
1256
1222
1252
1230
1254
1244
1259
1239
1281
1235
1244
1239
1243
1255
1242
1194
1243
1201
1223
1217
1254
1200
1255
1215
1260
1224
1261
1229
1273
1210
1273
1249
1261
1247
1265
1227
1247
1232
1261
1220
1253
1227
1268
1214
1272
1227
1283
1221
1287
1226
1280
1234
1282
1226
1300
1224
1238
1245
1258
1262
1266
1226
1267
1232
1276
1233
1276
1245
1286
1208
1273
1234
1278
1206
1241
1211
1269
1218
1263
1232
1254
1235
1259
1239
1257
1232
1269
1216
1263
1213
1269
1216
1273
1202
1269
1216
1265
1211
1256
1220
1254
1228
1248
1244
1241
1247
1244
1226
1249
1248
1260
1207
1256
1209
1253
1235
1251
1235
1219
1233
1249
1222
1222
1235
1242
1232
1244
1227
1249
1238
1229
1244
1259
1227
1267
1190
1272
1235
1277
1222
1264
1212
1259
1218
1262
1209
1262
1214
1263
1247
1273
1239
1276
1241
1282
1236
1280
1240
1292
1201
1283
1215
1269
1258
1266
1230
1246
1229
1266
1236
1276
1242
1284
1234
1291
1240
1296
1239
1291
1204
1283
1223
1283
1225
1272
1221
1263
1213
1257
1216
1255
1217
1263
1191
1269
1208
1267
1201
1279
1214
1272
1231
1270
1237
1294
1232
1303
1210
1246
1250
1237
1233
1238
1217
1229
1227
1235
1226
1262
1225
1265
1226
1269
1256
1267
1250
1263
1241
1249
1253
1243
1252
1239
1228
1200
1238
1236
1241
1247
1225
1261
1220
1276
1225
1277
1225
1278
1258
1268
1278
1257
1253
1282
1247
1251
1238
1255
1262
1257
1222
1270
1234
1267
1245
1290
1233
1297
1224
1287
1251
1280
1239
1276
1235
1270
1235
1261
1219
1262
1210
1273
1212
1269
1218
1275
1196
1279
1211
1281
1190
1283
1206
1272
1196
1271
1225
1251
1216
1273
1194
1267
1201
1253
1194
1260
1195
1263
1204
1265
1231
1263
1221
1262
1220
1256
1237
1254
1221
1242
1205
1237
1211
1240
1185
1241
1192
1245
1222
1254
1238
1253
1253
1256
1208
1244
1270
1255
1229
1252
1243
1243
1248
1247
1227
1243
1213
1258
1224
1262
1228
1274
1228
1272
1236
1269
1270
1269
1264
1263
1241
1263
1260
1262
1252
1248
1239
1273
1229
1280
1231
1292
1194
1293
1230
1294
1267
1289
1247
1275
1255
1275
1264
1240
1255
1276
1230
1284
1237
1281
1236
1289
1206
1280
1205
1286
1224
1275
1216
1279
1236
1273
1264
1259
1251
1265
1232
1263
1238
1258
1218
1261
1183
1258
1207
1260
1209
1266
1206
1259
1193
1258
1234
1242
1255
1237
1233
1225
1248
1231
1231
1213
1217
1244
1217
1262
1215
1255
1231
1255
1215
1252
1246
1246
1240
1236
1247
1232
1256
1231
1243
1239
1244
1247
1237
1254
1235
1262
1251
1270
1240
1279
1254
1253
1233
1255
1245
1252
1236
1250
1246
1253
1267
1257
1254
1242
1248
1303
1226
1281
1227
1291
1229
1286
1222
1277
1230
1276
1234
1267
1235
1267
1233
1269
1223
1273
1224
1303
1216
1282
1223
1285
1198
1289
1197
1283
1210
1273
1234
1269
1233
1265
1225
1291
1243
1255
1209
1262
1220
1260
1223
1264
1241
1265
1215
1277
1219
1257
1226
1270
1218
1257
1210
1247
1232
1245
1215
1234
1248
1240
1238
1249
1230
1249
1231
1261
1232
1250
1226
1264
1196
1256
1219
1244
1211
1243
1218
1229
1233
1238
1231
1276
1236
1246
1224
1266
1251
1267
1240
1266
1234
1258
1219
1261
1232
1265
1213
1253
1211
1250
1226
1257
1212
1264
1210
1265
1221
1275
1226
1285
1220
1288
1240
1279
1230
1282
1226
1280
1205
1287
1232
1275
1204
1275
1221
1281
1231
1281
1234
1309
1220
1290
1235
1286
1250
1289
1238
1269
1251
1274
1251
1269
1235
1264
1212
1262
1234
1263
1215
1270
1215
1268
1210
1249
1223
1258
1228
1264
1236
1225
1251
1247
1214
1242
1234
1243
1214
1253
1213
1252
1219
1259
1229
1254
1226
1263
1213
1254
1223
1251
1223
1243
1230
1236
1230
1233
1244
1238
1229
1252
1238
1259
1247
1253
1240
1263
1227
1269
1237
1259
1220
1251
1226
1245
1262
1236
1251
1242
1246
1253
1244
1231
1253
1273
1223
1303
1244
1278
1263
1278
1282
1268
1247
1263
1253
1237
1249
1263
1238
1263
1204
1274
1235
1276
1213
1284
1215
1290
1233
1293
1231
1287
1232
1282
1234
1271
1237
1269
1192
1265
1229
1264
1242
1263
1206
1268
1219
1286
1220
1273
1221
1294
1205
1293
1241
1282
1247
1269
1235
1249
1239
1256
1238
1246
1227
1257
1229
1265
1215
1280
1225
1316
1209
1275
1231
1266
1276
1258
1239
1245
1257
1235
1255
1235
1245
1244
1203
1273
1246
1262
1243
1264
1230
1263
1241
1269
1225
1264
1219
1255
1223
1248
1236
1242
1230
1240
1228
1242
1267
1253
1245
1259
1245
1269
1259
1274
1238
1282
1231
1276
1216
1269
1218
1265
1199
1258
1227
1249
1244
1255
1230
1296
1242
1273
1241
1299
1258
1292
1256
1296
1258
1284
1265
1283
1233
1283
1237
1256
1235
1265
1227
1266
1230
1276
1244
1290
1252
1301
1256
1306
1298
1301
1279
1271
1252
1276
1254
1240
1219
1262
1215
1252
1181
1259
1232
1260
1233
1276
1238
1309
1255
1277
1253
1278
1265
1265
1265
1259
1255
1248
1243
1248
1216
1251
1235
1244
1219
1249
1226
1258
1246
1260
1247
1259
1253
1263
1273
1263
1291
1249
1276
1225
1271
1238
1273
1253
1225
1251
1254
1246
1231
1255
1249
1255
1257
1267
1271
1277
1274
1267
1270
1264
1284
1264
1283
1255
1259
1254
1250
1259
1256
1268
1244
1278
1242
1282
1251
1281
1290
1280
1242
1275
1263
1260
1281
1292
1256
1267
1258
1266
1249
1271
1235
1284
1206
1289
1234
1288
1233
1286
1231
1272
1247
1272
1253
1268
1251
1272
1255
1269
1268
1281
1250
1283
1247
1282
1237
1285
1229
1269
1234
1244
1250
1261
1274
1257
1249
1254
1232
1235
1255
1257
1272
1264
1233
1262
1255
1265
1235
1226
1229
1262
1236
1260
1247
1254
1255
1253
1259
1244
1258
1254
1243
1249
1239
1256
1247
1262
1230
1263
1233
1266
1239
1266
1239
1272
1230
1257
1263
1241
1276
1247
1258
1249
1261
1259
1241
1265
1242
1274
1268
1284
1251
1280
1254
1300
1244
1261
1259
1268
1263
1264
1258
1257
1268
1269
1264
1267
1238
1277
1241
1283
1245
1293
1230
1296
1231
1308
1249
1281
1262
1270
1242
1264
1256
1267
1251
1270
1239
1260
1229
1274
1231
1290
1196
1320
1219
1283
1242
1279
1255
1262
1248
1266
1248
1268
1247
1264
1231
1266
1241
1265
1234
1271
1208
1283
1222
1279
1243
1281
1250
1270
1241
1287
1259
1263
1269
1257
1238
1252
1251
1248
1235
1258
1236
1260
1244
1267
1234
1313
1239
1283
1226
1277
1267
1281
1278
1266
1276
1248
1280
1247
1278
1270
1251
1269
1235
1265
1246
1285
1230
1305
1227
1290
1246
1284
1281
1284
1262
1255
1277
1247
1278
1262
1259
1275
1229
1283
1246
1285
1219
1294
1228
1286
1253
1287
1239
1309
1240
1275
1243
1240
1262
1263
1246
1266
1226
1260
1251
1275
1234
1282
1232
1278
1235
1279
1235
1283
1240
1275
1246
1263
1248
1272
1253
1257
1272
1249
1267
1251
1243
1253
1239
1261
1217
1271
1231
1296
1234
1275
1258
1263
1271
1265
1264
1263
1269
1255
1276
1253
1277
1249
1267
1255
1254
1259
1234
1271
1240
1255
1247
1281
1260
1272
1243
1266
1260
1227
1246
1257
1242
1249
1254
1252
1251
1256
1232
1261
1226
1263
1238
1283
1212
1284
1232
1281
1261
1284
1257
1273
1237
1278
1237
1268
1235
1273
1229
1272
1230
1275
1240
1279
1230
1280
1253
1286
1251
1291
1252
1277
1250
1287
1254
1280
1255
1280
1228
1272
1216
1245
1285
1265
1248
1263
1262
1268
1264
1239
1234
1291
1239
1290
1265
1287
1271
1281
1258
1270
1262
1262
1273
1252
1260
1259
1262
1257
1277
1259
1278
1266
1257
1264
1271
1268
1266
1272
1265
1262
1271
1266
1268
1262
1261
1273
1233
1256
1269
1249
1288
1271
1270
1243
1282
1258
1291
1250
1245
1270
1246
1267
1256
1275
1246
1271
1250
1260
1271
1258
1266
1253
1275
1254
1286
1256
1273
1264
1259
1268
1248
1264
1234
1280
1228
1282
1209
1273
1269
1271
1251
1261
1264
1265
1253
1261
1271
1260
1267
1272
1268
1250
1262
1282
1238
1297
1245
1292
1245
1292
1237
1285
1240
1279
1250
1273
1257
1270
1258
1268
1261
1261
1256
1271
1232
1274
1223
1251
1223
1283
1223
1280
1178
1276
1262
1270
1273
1268
1253
1307
1281
1262
1244
1265
1255
1270
1253
1266
1254
1261
1240
1269
1249
1290
1259
1279
1260
1274
1273
1270
1285
1267
1277
1262
1262
1258
1270
1283
1258
1250
1258
1272
1242
1273
1260
1276
1232
1281
1268
1251
1262
1272
1281
1289
1280
1265
1273
1297
1292
1273
1240
1279
1257
1254
1252
1284
1257
1276
1218
1285
1281
1291
1277
1283
1282
1277
1287
1284
1276
1281
1248
1273
1251
1286
1252
1279
1243
1266
1256
1274
1260
1272
1264
1279
1239
1286
1272
1278
1254
1279
1253
1263
1258
1264
1249
1277
1234
1268
1233
1273
1232
1270
1241
1289
1235
1275
1257
1272
1252
1278
1248
1275
1259
1268
1245
1263
1227
1259
1219
1247
1229
1259
1265
1261
1246
1252
1267
1264
1251
1253
1256
1266
1241
1272
1252
1271
1254
1273
1256
1250
1263
1265
1256
1273
1244
1262
1291
1256
1288
1262
1289
1244
1302
1268
1278
1279
1266
1273
1258
1245
1263
1271
1240
1265
1267
1267
1259
1264
1274
1257
1308
1259
1296
1276
1281
1267
1251
1234
1248
1277
1223
1278
1227
1274
1246
1277
1253
1268
1253
1271
1257
1266
1285
1271
1273
1276
1265
1273
1276
1277
1267
1280
1223
1287
1222
1292
1229
1255
1225
1274
1239
1272
1258
1277
1232
1269
1252
1271
1287
1275
1246
1265
1229
1278
1216
1265
1211
1292
1190
1282
1217
1272
1237
1278
1239
1268
1254
1267
1266
1267
1260
1273
1244
1272
1252
1275
1249
1281
1214
1277
1222
1273
1256
1273
1247
1266
