1307
1313
1314
1271
1268
1273
1268
1274
1263
1267
1261
1252
1264
1252
1264
1262
1262
1253
1251
1260
1263
1262
1262
1265
1238
1260
1238
1269
1272
1266
1265
1270
1262
1260
1276
1264
1257
1266
1267
1273
1263
1266
1253
1259
1262
1266
1262
1271
1260
1264
1267
1271
1258
1267
1271
1266
1267
1274
1264
1259
1265
1278
1265
1260
1270
1262
1261
1270
1273
1263
1269
1274
1273
1273
1264
1263
1262
1267
1251
1264
1270
1262
1246
1261
1265
1267
1265
1257
1263
1269
1263
1263
1267
1268
1256
1295
1275
1269
1262
1266
1272
1264
1263
1270
1261
1262
1266
1264
1241
1265
1260
1262
1233
1260
1266
1262
1231
1252
1263
1274
1255
1262
1258
1272
1264
1261
1255
1249
1262
1256
1265
1267
1269
1267
1263
1268
1269
1285
1282
1273
1274
1280
1281
1277
1282
1281
1282
1284
1281
1275
1282
1273
1268
1296
1272
1267
1260
1267
1251
1252
1257
1257
1257
1260
1272
1266
1278
1294
1294
1294
1251
1301
1309
1294
1286
1272
1284
1279
1260
1251
1256
1260
1257
1294
1297
1306
1331
1351
1360
1354
1355
1337
1310
1292
1259
1265
1245
1200
1198
1180
1155
1127
1052
1091
1077
1080
1089
1100
1122
1151
1165
1214
1207
1219
1242
1276
1294
1356
1392
1406
1394
1378
1352
1281
1286
1248
1229
1236
1211
1259
1276
1276
1283
1292
1309
1328
1349
1394
1397
1407
1426
1426
1415
1395
1388
1364
1358
1334
1324
1306
1269
1259
1220
1216
1205
1189
1181
1174
1154
1167
1123
1195
1198
1208
1209
1191
1219
1203
1176
1197
1187
1181
1184
1179
1199
1204
1221
1240
1254
1286
1315
1315
1369
1388
1386
1397
1383
1392
1375
1355
1335
1308
1302
1296
1286
1263
1252
1232
1244
1228
1229
1209
1215
1187
1200
1202
1209
1222
1228
1259
1274
1270
1268
1284
1286
1282
1277
1282
1251
1270
1268
1270
1268
1258
1250
1248
1242
1245
1253
1238
1225
1223
1218
1232
1255
1269
1276
1293
1317
1309
1322
1328
1324
1333
1355
1354
1356
1357
1340
1328
1310
1303
1283
1273
1256
1251
1229
1229
1221
1206
1206
1195
1194
1190
1187
1179
1192
1215
1254
1261
1280
1278
1288
1280
1265
1265
1240
1267
1264
1269
1269
1263
1261
1254
1251
1241
1265
1266
1276
1285
1287
1295
1303
1293
1297
1307
1320
1326
1346
1367
1375
1386
1422
1402
1382
1363
1338
1305
1274
1243
1233
1216
1216
1211
1211
1212
1228
1222
1223
1233
1242
1257
1268
1285
1286
1291
1307
1286
1276
1249
1248
1228
1221
1208
1182
1199
1195
1202
1179
1173
1179
1172
1181
1172
1206
1230
1231
1254
1279
1292
1321
1345
1344
1371
1371
1357
1347
1340
1323
1305
1344
1293
1289
1288
1295
1274
1304
1308
1325
1331
1330
1322
1312
1301
1287
1268
1264
1258
1238
1243
1235
1226
1212
1227
1241
1242
1252
1251
1251
1251
1254
1258
1248
1287
1294
1306
1323
1317
1324
1325
1308
1281
1292
1275
1253
1246
1232
1218
1223
1215
1209
1220
1227
1235
1242
1252
1259
1249
1295
1270
1275
1283
1289
1275
1288
1277
1277
1278
1290
1305
1287
1307
1304
1290
1286
1273
1229
1261
1231
1226
1216
1225
1223
1217
1213
1217
1201
1208
1214
1230
1236
1251
1293
1292
1296
1304
1320
1330
1323
1347
1361
1355
1348
1347
1341
1337
1338
1315
1299
1271
1243
1218
1199
1200
1192
1202
1219
1238
1241
1263
1276
1289
1312
1324
1328
1317
1310
1290
1275
1257
1253
1236
1245
1237
1249
1249
1235
1243
1230
1237
1228
1247
1265
1244
1245
1241
1242
1249
1229
1246
1254
1263
1271
1251
1230
1238
1239
1260
1254
1256
1254
1270
1269
1271
1280
1302
1306
1330
1352
1354
1351
1348
1330
1321
1278
1300
1305
1278
1261
1238
1227
1235
1219
1220
1222
1227
1225
1238
1242
1221
1232
1267
1237
1232
1246
1266
1267
1268
1261
1272
1279
1260
1271
1272
1255
1254
1211
1223
1199
1202
1179
1186
1201
1210
1219
1251
1241
1212
1243
1256
1269
1282
1297
1315
1287
1302
1283
1271
1264
1289
1265
1267
1252
1260
1249
1245
1242
1234
1249
1253
1265
1272
1271
1262
1267
1274
1268
1283
1297
1323
1303
1294
1278
1280
1257
1264
1274
1276
1287
1278
1292
1272
1265
1251
1255
1256
1262
1265
1274
1264
1262
1252
1258
1261
1277
1254
1274
1263
1254
1242
1241
1245
1245
1261
1278
1282
1274
1297
1266
1260
1272
1266
1260
1253
1256
1235
1245
1211
1252
1255
1259
1268
1273
1284
1270
1270
1270
1264
1271
1278
1288
1308
1281
1286
1289
1274
1263
1259
1260
1259
1257
1266
1228
1239
1237
1244
1257
1252
1280
1284
1290
1278
1304
1293
1289
1301
1297
1307
1313
1317
1288
1304
1275
1272
1265
1276
1256
1269
1302
1273
1255
1245
1252
1247
1278
1285
1308
1294
1290
1273
1266
1258
1248
1253
1267
1224
1260
1250
1251
1257
1239
1262
1275
1264
1268
1264
1259
1258
1255
1252
1262
1276
1285
1295
1281
1253
1264
1243
1233
1219
1249
1252
1255
1259
1258
1260
1271
1295
1308
1318
1345
1325
1316
1310
1286
1282
1318
1297
1281
1300
1291
1268
1261
1248
1191
1248
1239
1234
1241
1237
1224
1216
1214
1168
1227
1250
1261
1282
1285
1288
1286
1278
1261
1278
1291
1293
1300
1300
1279
1272
1268
1273
1267
1268
1273
1263
1266
1248
1245
1219
1217
1238
1215
1249
1256
1260
1247
1236
1225
1215
1241
1251
1264
1271
1291
1267
1264
1268
1277
1279
1304
1322
1321
1317
1307
1290
1285
1283
1281
1283
1298
1249
1293
1282
1259
1256
1267
1260
1274
1269
1263
1247
1226
1221
1226
1240
1243
1272
1295
1294
1293
1280
1264
1268
1272
1259
1287
1295
1285
1305
1276
1247
1258
1262
1259
1270
1266
1270
1259
1234
1218
1217
1262
1233
1266
1281
1268
1267
1267
1264
1285
1291
1285
1300
1277
1286
1271
1247
1242
1197
1246
1261
1258
1266
1248
1245
1265
1258
1190
1243
1256
1260
1264
1254
1202
1227
1220
1225
1243
1249
1259
1267
1272
1250
1238
1243
1254
1283
1292
1313
1329
1296
1287
1280
1274
1278
1277
1302
1294
1292
1306
1272
1250
1266
1264
1258
1300
1285
1289
1279
1269
1276
1266
1274
1271
1260
1293
1251
1256
1248
1221
1222
1225
1242
1275
1267
1262
1255
1241
1244
1211
1256
1275
1256
1278
1288
1279
1255
1265
1264
1243
1288
1312
1308
1299
1291
1271
1260
1283
1273
1282
1300
1301
1288
1286
1273
1217
1257
1298
1290
1297
1303
1287
1263
1263
1265
1275
1284
1308
1305
1311
1292
1275
1253
1259
1258
1267
1275
1287
1292
1256
1258
1234
1256
1287
1264
1271
1280
1267
1267
1254
1211
1226
1252
1262
1271
1272
1277
1247
1223
1258
1210
1242
1248
1255
1260
1277
1259
1251
1268
1244
1264
1278
1288
1301
1302
1301
1268
1215
1270
1271
1261
1285
1288
1273
1262
1265
1258
1214
1263
1271
1265
1296
1262
1274
1260
1277
1226
1266
1287
1305
1305
1283
1280
1264
1270
1206
1263
1276
1277
1284
1271
1251
1232
1220
1200
1238
1272
1295
1295
1308
1266
1223
1264
1279
1282
1303
1306
1305
1275
1276
1245
1273
1236
1297
1302
1308
1312
1291
1225
1288
1255
1242
1289
1297
1296
1289
1270
1261
1187
1219
1175
1254
1277
1251
1290
1271
1210
1259
1263
1191
1270
1293
1293
1298
1255
1215
1217
1264
1234
1293
1294
1301
1296
1277
1241
1288
1210
1257
1295
1295
1304
1291
1278
1292
1232
1287
1242
1308
1312
1310
1293
1314
1221
1264
1262
1261
1272
1286
1287
1264
1274
1239
1259
1206
1277
1259
1266
1286
1251
1274
1199
1246
1192
1274
1268
1275
1286
1265
1265
1212
1259
1247
1293
1297
1295
1307
1287
1303
1264
1281
1271
1315
1316
1323
1328
1302
1302
1305
1270
1265
1317
1309
1311
1313
1276
1277
1235
1255
1183
1296
1290
1292
1289
1280
1206
1230
1266
1195
1305
1304
1302
1288
1282
1219
1283
1190
1238
1288
1285
1283
1261
1264
1251
1247
1226
1243
1291
1287
1294
1268
1276
1278
1255
1248
1256
1291
1305
1318
1286
1293
1233
1291
1222
1222
1293
1281
1274
1255
1266
1239
1195
1225
1213
1291
1297
1293
1276
1274
1248
1275
1208
1237
1297
1306
1311
1280
1289
1253
1226
1230
1209
1302
1287
1307
1301
1289
1286
1215
1233
1282
1301
1309
1318
1299
1278
1244
1262
1270
1304
1305
1304
1306
1288
1247
1262
1283
1274
1301
1326
1327
1321
1285
1309
1304
1286
1248
1299
1311
1309
1304
1282
1252
1253
1261
1196
1289
1296
1299
1290
1261
1193
1254
1228
1213
1269
1268
1266
1244
1242
1226
1204
1169
1236
1272
1271
1267
1246
1253
1226
1240
1186
1227
1278
1282
1290
1271
1303
1256
1223
1284
1210
1319
1337
1326
1296
1302
1308
1296
1230
1258
1321
1311
1313
1292
1302
1292
1242
1242
1208
1323
1326
1317
1288
1288
1236
1283
1252
1234
1290
1315
1306
1277
1291
1266
1278
1236
1204
1301
1258
1291
1291
1275
1228
1242
1246
1265
1295
1295
1309
1288
1235
1293
1284
1220
1299
1318
1303
1306
1282
1273
1215
1212
1244
1311
1306
1300
1293
1281
1285
1199
1259
1187
1299
1294
1301
1289
1272
1202
1216
1254
1192
1293
1299
1298
1271
1277
1200
1269
1216
1239
1303
1295
1302
1279
1287
1289
1255
1250
1276
1313
1300
1294
1272
1270
1183
1253
1259
1249
1303
1301
1302
1275
1295
1265
1259
1269
1258
1311
1303
1309
1281
1293
1244
1290
1226
1262
1314
1302
1326
1319
1282
1212
1262
1166
1286
1295
1295
1294
1302
1215
1280
1217
1258
1312
1305
1280
1185
1314
1232
1272
1221
1237
1311
1304
1245
1249
1335
1250
1258
1226
1271
1327
1306
1311
1249
1324
1248
1261
1291
1244
1334
1324
1316
1206
1343
1296
1238
1292
1325
1336
1337
1236
1268
1348
1273
1299
1293
1345
1333
1315
1256
1202
1331
1278
1198
1184
1314
1294
1298
1191
1186
1317
1258
1245
1246
1305
1291
1283
1166
1255
1250
1214
1217
1250
1325
1310
1297
1199
1241
1318
1246
1248
1218
1313
1305
1300
1210
1274
1285
1280
1220
1206
1327
1308
1309
1209
1286
1212
1265
1194
1261
1302
1294
1273
1215
1288
1258
1249
1257
1278
1304
1328
1235
1209
1304
1240
1251
1223
1318
1313
1299
1271
1222
1304
1263
1211
1203
1311
1297
1308
1191
1254
1320
1230
1270
1272
1330
1321
1316
1265
1210
1328
1234
1240
1280
1342
1339
1339
1268
1256
1354
1261
1288
1262
1313
1330
1324
1206
1200
1340
1284
1243
1250
1328
1315
1306
1229
1265
1315
1253
1181
1295
1304
1288
1201
1221
1277
1317
1215
1207
1321
1318
1316
1281
1226
1292
1365
1293
1247
1351
1342
1331
1266
1201
1320
1250
1231
1210
1300
1305
1295
1240
1229
1297
1238
1263
1266
1330
1332
1316
1225
1213
1311
1252
1265
1249
1305
1307
1298
1224
1168
1288
1203
1244
1212
1297
1294
1300
1182
1246
1320
1223
1264
1319
1340
1341
1317
1217
1260
1319
1207
1177
1292
1303
1305
1240
1251
1207
1320
1215
1258
1317
1323
1316
1227
1219
1293
1305
1184
1191
1294
1315
1311
1238
1209
1298
1327
1215
1205
1254
1296
1305
1257
1215
1239
1312
1249
1193
1303
1354
1356
1287
1244
1338
1241
1243
1227
1250
1295
1286
1165
1207
1282
1184
1191
1259
1302
1341
1350
1294
1253
1348
1222
1235
1203
1310
1310
1306
1178
1226
1294
1124
1176
1261
1290
1302
1307
1251
1216
1298
1188
1176
1279
1295
1309
1235
1251
1262
1317
1202
1220
1255
1311
1325
1310
1270
1201
1324
1209
1212
1263
1323
1347
1279
1283
1331
1352
1207
1202
1291
1332
1324
1229
1227
1313
1282
1191
1206
1261
1295
1289
1254
1216
1330
1299
1252
1298
1285
1329
1309
1266
1240
1326
1216
1235
1307
1289
1305
1304
1233
1228
1299
1230
1207
1255
1278
1300
1307
1222
1262
1334
1242
1222
1307
1343
1360
1324
1249
1235
1340
1178
1222
1247
1288
1307
1254
1232
1209
1326
1220
1182
1248
1329
1374
1248
1273
1351
1362
1237
1249
1280
1360
1338
1280
1226
1254
1330
1199
1216
1234
1306
1311
1190
1262
1312
1262
1212
1151
1235
1284
1305
1191
1255
1309
1294
1161
1176
1245
1290
1297
1187
1253
1286
1233
1159
1241
1234
1284
1298
1213
1280
1325
1260
1194
1297
1311
1327
1250
1210
1272
1313
1178
1166
1228
1268
1285
1273
1198
1225
1320
1258
1253
1315
1338
1362
1281
1264
1345
1382
1235
1210
1284
1323
1337
1256
1294
1335
1342
1250
1211
1244
1299
1293
1228
1202
1316
1315
1235
1183
1250
1322
1334
1247
1277
1385
1376
1240
1266
1288
1312
1311
1200
1201
1291
1236
1168
1126
1238
1286
1314
1215
1287
1332
1300
1237
1306
1276
1304
1278
1231
1194
1288
1160
1189
1264
1275
1305
1304
1276
1251
1356
1293
1281
1327
1328
1348
1317
1223
1285
1326
1120
1183
1257
1274
1276
1218
1194
1181
1321
1236
1207
1245
1306
1322
1219
1279
1250
1351
1260
1229
1287
1339
1330
1292
1348
1307
1328
1241
1175
1259
1281
1293
1210
1286
1304
1314
1183
1242
1281
1346
1367
1259
1291
1373
1300
1200
1227
1258
1289
1292
1235
1209
1293
1200
1193
1274
1274
1320
1189
1236
1254
1321
1251
1246
1295
1297
1322
1264
1279
1273
1332
1231
1207
1304
1300
1311
1238
1236
1206
1322
1204
1232
1291
1352
1386
1328
1394
1321
1391
1239
1280
1276
1325
1312
1199
1223
1177
1292
1222
1171
1247
1320
1328
1274
1333
1285
1297
1169
1189
1240
1286
1289
1175
1265
1197
1288
1154
1177
1253
1298
1299
1234
1239
1188
1245
1134
1234
1216
1273
1294
1205
1223
1306
1228
1269
1341
1327
1372
1307
1280
1303
1345
1243
1252
1266
1291
1335
1297
1275
1249
1351
1242
1260
1325
1329
1339
1271
1321
1280
1329
1229
1175
1257
1297
1304
1260
1312
1249
1319
1187
1249
1272
1317
1326
1282
1328
1266
1307
1225
1208
1238
1295
1322
1268
1333
1261
1330
1193
1210
1268
1316
1329
1233
1314
1287
1320
1193
1216
1285
1356
1359
1261
1294
1346
1334
1295
1292
1289
1316
1329
1246
1272
1299
1191
1209
1226
1247
1291
1259
1280
1208
1275
1154
1131
1248
1238
1276
1212
1246
1236
1331
1234
1186
1298
1310
1341
1239
1337
1214
1310
1177
1198
1242
1273
1294
1255
1323
1275
1338
1284
1207
1307
1346
1359
1241
1355
1285
1330
1203
1241
1253
1302
1311
1233
1294
1215
1313
1195
1251
1272
1323
1340
1278
1248
1316
1335
1202
1216
1260
1302
1292
1192
1235
1213
1246
1114
1244
1205
1272
1237
1269
1218
1319
1225
1263
1257
1303
1363
1318
1382
1340
1367
1259
1235
1308
1283
1315
1294
1301
1268
1296
1240
1226
1245
1282
1317
1256
1327
1270
1312
1233
1178
1255
1259
1274
1148
1273
1230
1274
1186
1168
1232
1297
1344
1215
1329
1254
1314
1216
1213
1246
1282
1317
1216
1335
1246
1343
1268
1219
1269
1318
1333
1238
1263
1319
1300
1192
1233
1266
1333
1346
1268
1319
1291
1335
1174
1320
1262
1301
1221
1277
1226
1180
1252
1175
1288
1262
1315
1322
1334
1246
1331
1269
1232
1288
1269
1308
1208
1317
1258
1284
1196
1161
1212
1238
1288
1171
1298
1209
1300
1160
1205
1229
1270
1305
1270
1334
1274
1346
1233
1246
1269
1308
1305
1204
1311
1258
1313
1217
1227
1222
1304
1316
1218
1323
1292
1344
1266
1236
1266
1319
1329
1253
1282
1314
1301
1246
1215
1255
1287
1310
1242
1222
1239
1212
1219
1248
1222
1274
1243
1289
1242
1190
1208
1175
1213
1241
1302
1270
1332
1274
1313
1257
1244
1274
1247
1305
1250
1323
1245
1298
1193
1234
1236
1266
1309
1264
1335
1215
1335
1228
1243
1311
1293
1338
1260
1378
1316
1359
1281
1244
1285
1303
1300
1224
1307
1197
1292
1222
1193
1226
1289
1304
1232
1332
1249
1337
1198
1219
1272
1322
1331
1249
1290
1228
1326
1189
1284
1250
1299
1322
1239
1243
1218
1249
1189
1292
1249
1312
1222
1331
1257
1253
1292
1259
1302
1264
1307
1239
1318
1261
1303
1194
1191
1298
1282
1329
1229
1367
1306
1339
1233
1254
1266
1269
1301
1253
1294
1203
1302
1226
1175
1230
1279
1282
1172
1312
1245
1292
1226
1218
1248
1296
1292
1198
1314
1259
1298
1226
1219
1204
1268
1285
1188
1259
1177
1272
1191
1206
1235
1300
1314
1269
1284
1204
1315
1238
1235
1243
1279
1298
1248
1261
1200
1214
1233
1256
1259
1305
1255
1327
1229
1270
1221
1187
1292
1270
1323
1250
1338
1276
1323
1264
1237
1304
1264
1306
1232
1308
1238
1290
1233
1163
1235
1262
1291
1224
1326
1238
1330
1219
1225
1262
1306
1322
1208
1346
1228
1328
1235
1244
1270
1304
1313
1191
1323
1199
1280
1252
1227
1255
1301
1305
1303
1299
1261
1297
1160
1181
1239
1301
1307
1264
1272
1285
1330
1199
1300
1263
1303
1303
1289
1263
1216
1234
1176
1254
1235
1295
1212
1312
1256
1226
1242
1239
1284
1233
1293
1300
1316
1254
1303
1201
1190
1298
1282
1324
1211
1346
1233
1283
1218
1218
1249
1268
1298
1260
1329
1213
1311
1181
1228
1295
1302
1323
1240
1316
1203
1293
1205
1203
1218
1281
1291
1242
1315
1285
1316
1189
1195
1271
1294
1320
1286
1311
1237
1286
1214
1169
1248
1293
1303
1279
1314
1207
1327
1275
1324
1280
1320
1332
1304
1260
1249
1280
1214
1291
1275
1323
1305
1348
1217
1260
1268
1245
1283
1244
1298
1286
1307
1196
1287
1240
1224
1283
1272
1325
1269
1334
1216
1301
1226
1181
1232
1258
1286
1179
1306
1248
1310
1211
1246
1295
1302
1330
1258
1316
1278
1311
1202
1197
1233
1280
1306
1195
1321
1209
1311
1240
1222
1247
1293
1308
1311
1320
1197
1307
1191
1251
1251
1314
1324
1315
1275
1241
1328
1183
1202
1239
1298
1273
1302
1228
1251
1247
1251
1298
1292
1344
1281
1355
1235
1276
1273
1254
1297
1259
1304
1237
1306
1211
1269
1166
1199
1253
1233
1302
1186
1317
1206
1289
1179
1230
1255
1273
1319
1241
1333
1235
1318
1213
1241
1254
1278
1306
1229
1330
1206
1293
1214
1213
1229
1283
1297
1253
1300
1219
1310
1241
1233
1245
1292
1312
1302
1342
1251
1320
1222
1197
1267
1321
1338
1321
1294
1235
1346
1200
1237
1243
1302
1277
1330
1225
1226
1275
1164
1259
1242
1305
1239
1327
1284
1210
1234
1234
1285
1258
1327
1299
1343
1234
1332
1278
1218
1301
1239
1343
1232
1341
1210
1296
1194
1208
1294
1275
1316
1261
1347
1214
1287
1229
1187
1237
1261
1275
1174
1304
1215
1290
1202
1208
1231
1299
1328
1264
1349
1280
1334
1250
1220
1268
1317
1336
1318
1352
1233
1333
1215
1233
1254
1305
1320
1286
1287
1258
1330
1163
1303
1263
1322
1239
1343
1308
1235
1266
1263
1204
1282
1336
1316
1342
1244
1293
1272
1262
1306
1266
1321
1283
1327
1338
1297
1238
1239
1174
1214
1283
1308
1311
1301
1267
1263
1257
1248
1184
1203
1258
1354
1332
1310
1263
1234
1228
1221
1210
1190
1229
1306
1310
1295
1291
1248
1255
1267
1237
1263
1236
1269
1327
1317
1311
1260
1281
1305
1242
1287
1255
1244
1312
1319
1323
1319
1292
1302
1292
1231
1259
1220
1170
1306
1287
1314
1276
1257
1248
1231
1179
1196
1208
1295
1313
1311
1304
1258
1247
1245
1183
1238
1252
1266
1335
1328
1302
1262
1242
1234
1180
1211
1242
1203
1296
1302
1292
1269
1241
1262
1278
1252
1292
1282
1247
1325
1288
1304
1285
1288
1290
1232
1284
1236
1254
1310
1315
1323
1327
1297
1284
1271
1224
1214
1170
1216
1292
1310
1309
1282
1274
1276
1256
1217
1253
1236
1335
1350
1337
1307
1259
1247
1241
1219
1254
1294
1225
1349
1324
1316
1275
1253
1258
1203
1225
1251
1223
1284
1282
1278
1279
1252
1257
1277
1223
1220
1179
1224
1274
1270
1279
1257
1275
1280
1249
1259
1211
1245
1262
1319
1355
1326
1280
1259
1235
1172
1162
1185
1184
1262
1243
1248
1226
1195
1183
1124
1126
1184
1160
1235
1283
1258
1233
1177
1196
1205
1240
1229
1289
1317
1427
1421
1373
1339
1295
1318
1341
1376
1395
1440
1418
1455
1410
1337
1263
1257
1279
1272
1367
1383
1409
1486
1429
1327
1253
1173
1156
1202
1278
1334
1430
1393
1429
1318
1204
1088
1038
1096
1121
1261
1293
1331
1335
1173
1109
1017
960
1012
1116
1186
1355
1374
1289
1309
1192
1089
1019
1029
1121
1238
1314
1422
1378
1419
1348
1251
1190
1151
1215
1330
1358
1429
1489
1486
1457
1353
1254
1192
1167
1227
1268
1394
1454
1426
1393
1373
1244
1139
1060
1070
1150
1195
1309
1405
1358
1416
1313
1198
1122
1088
1162
1219
1310
1435
1454
1383
1332
1213
1120
1073
1107
1238
1316
1401
1482
1374
1364
1225
1139
1081
1075
1170
1291
1371
1421
1429
1364
1358
1260
1190
1162
1195
1251
1308
1403
1395
1404
1304
1304
1207
1146
1099
1118
1207
1230
1288
1385
1324
1362
1265
1169
1098
1070
1151
1273
1318
1465
1471
1397
1361
1261
1189
1091
1121
1220
1316
1426
1424
1422
1376
1288
1188
1132
1118
1188
1306
1422
1453
1406
1342
1365
1247
1188
1131
1153
1233
1326
1364
1413
1365
1312
1338
1251
1179
1114
1161
1214
1260
1333
1337
1312
1317
1229
1159
1079
1054
1123
1224
1331
1409
1430
1360
1358
1244
1153
1103
1123
1201
1272
1433
1448
1398
1314
1266
1171
1125
1108
1195
1309
1361
1448
1398
1379
1354
1278
1219
1212
1249
1342
1431
1493
1507
1432
1348
1372
1292
1227
1198
1217
1285
1307
1399
1391
1380
1369
1297
1218
1172
1120
1168
1237
1261
1311
1382
1312
1296
1192
1103
1067
1076
1160
1275
1300
1394
1335
1282
1262
1170
1102
1107
1159
1272
1376
1422
1382
1343
1245
1215
1130
1109
1131
1212
1313
1360
1318
1347
1203
1214
1135
1097
1102
1130
1212
1297
1331
1357
1282
1204
1244
1177
1142
1138
1190
1273
1322
1358
1358
1335
1277
1251
1167
1141
1147
1219
1324
1340
1398
1410
1264
1264
1165
1122
1145
1159
1328
1427
1480
1428
1333
1227
1246
1189
1193
1224
1319
1419
1472
1424
1387
1319
1186
1211
1152
1200
1237
1310
1374
1379
1311
1265
1183
1180
1158
1140
1162
1192
1277
1353
1384
1373
1281
1219
1221
1193
1145
1174
1243
1315
1370
1354
1328
1264
1192
1151
1106
1105
1153
1252
1365
1410
1432
1323
1187
1056
1114
1111
1166
1243
1342
1429
1440
1390
1286
1175
1163
1137
1165
1219
1292
1380
1435
1384
1354
1211
1150
1181
1162
1173
1242
1295
1353
1410
1333
1291
1183
1140
1133
1105
1145
1188
1271
1361
1387
1343
1260
1166
1051
1098
1100
1160
1239
1353
1443
1426
1364
1226
1152
1110
1099
1105
1221
1291
1423
1465
1416
1321
1171
1065
1108
1117
1176
1282
1326
1437
1461
1409
1312
1174
1062
1152
1174
1242
1334
1415
1483
1485
1431
1284
1155
1064
1135
1164
1250
1341
1460
1521
1510
1355
1242
1116
1062
1108
1186
1305
1416
1509
1540
1410
1336
1186
1062
1086
1113
1223
1348
1450
1520
1508
1354
1256
1088
1013
1107
1164
1262
1385
1450
1480
1439
1325
1199
1049
1023
1114
1151
1245
1349
1409
1435
1406
1305
1156
1032
992
1102
1174
1288
1387
1470
1494
1424
1319
1152
1019
994
1102
1214
1365
1468
1531
1514
1365
1280
1109
1044
1087
1181
1321
1470
1531
1547
1491
1358
1166
1061
962
1113
1214
1338
1443
1464
1461
1386
1203
1140
1007
987
1113
1209
1331
1417
1447
1447
1382
1223
1090
1038
991
1098
1192
1330
1448
1458
1472
1382
1182
1094
998
964
1115
1260
1409
1504
1530
1460
1338
1122
971
914
959
1166
1330
1485
1524
1532
1423
1247
1092
1025
959
1108
1231
1379
1478
1489
1485
1367
1229
1108
974
1009
1125
1230
1357
1461
1467
1439
1335
1183
1084
943
982
1123
1255
1411
1534
1549
1497
1385
1163
1064
930
955
1152
1312
1485
1582
1558
1459
1286
1096
949
900
998
1190
1374
1514
1608
1527
1402
1248
1095
955
1000
1043
1295
1469
1586
1614
1522
1410
1248
1065
1061
1015
1154
1310
1475
1573
1605
1502
1381
1167
1045
966
924
1096
1298
1498
1607
1621
1503
1338
1117
972
911
954
1201
1391
1585
1668
1612
1447
1271
1047
940
915
1062
1281
1464
1616
1647
1547
1383
1190
1079
934
965
1095
1335
1496
1610
1623
1524
1360
1195
993
931
985
1096
1330
1523
1613
1617
1503
1341
1154
981
938
917
1105
1348
1511
1615
1586
1449
1211
1056
916
863
949
1088
1375
1546
1601
1554
1359
1159
1005
846
863
1041
1200
1423
1575
1595
1503
1317
1154
1024
899
929
1074
1221
1460
1566
1602
1512
1347
1183
1043
884
928
1091
1228
1465
1601
1618
1531
1372
1157
1018
907
997
1078
1288
1550
1677
1641
1501
1287
1076
949
872
951
1123
1340
1595
1659
1593
1432
1209
1044
950
911
1006
1200
1352
1559
1597
1505
1350
1154
994
932
880
1047
1191
1387
1571
1592
1527
1369
1191
1003
931
914
1013
1265
1434
1595
1621
1520
1334
1129
963
918
931
1068
1333
1535
1636
1624
1502
1305
1098
949
934
1023
1183
1351
1531
1624
1572
1445
1254
1094
980
991
1033
1169
1454
1560
1628
1570
1439
1254
1107
980
977
1028
1214
1382
1550
1603
1552
1416
1258
1065
955
966
1001
1187
1419
1551
1612
1529
1357
1169
1023
923
966
1111
1248
1464
1624
1610
1494
1313
1137
1004
936
998
1098
1341
1483
1580
1548
1427
1274
1121
1020
975
1043
1178
1320
1487
1555
1531
1443
1287
1147
1049
992
1046
1190
1278
1506
1528
1542
1430
1272
1122
1013
970
1046
1212
1385
1538
1542
1520
1374
1213
1086
1001
997
1083
1251
1404
1528
1549
1455
1323
1193
1062
1001
1023
1134
1270
1398
1500
1538
1442
1304
1194
1083
1023
1053
1114
1274
1407
1483
1524
1482
1328
1184
1084
1045
1055
1145
1308
1452
1502
1505
1451
1319
1164
1062
1042
1068
1175
1318
1455
1524
1498
1387
1244
1117
1024
1019
1102
1224
1336
1488
1509
1441
1391
1267
1150
1081
1084
1148
1261
1364
1470
1485
1412
1361
1235
1133
1052
1052
1122
1219
1329
1451
1383
1437
1341
1243
1124
1054
1065
1130
1255
1375
1463
1462
1430
1317
1210
1107
1051
1078
1162
1280
1370
1455
1420
1394
1299
1208
1099
1070
1101
1197
1290
1366
1432
1451
1381
1297
1177
1128
1086
1111
1176
1267
1342
1399
1429
1393
1299
1198
1116
1082
1106
1174
1287
1377
1434
1445
1389
1321
1191
1093
1077
1123
1210
1308
1398
1436
1426
1374
1263
1182
1128
1116
1145
1234
1329
1402
1427
1417
1362
1283
1207
1163
1112
1166
1228
1307
1380
1388
1376
1329
1257
1195
1144
1123
1152
1209
1279
1349
1391
1376
1330
1240
1195
1133
1123
1152
1214
1294
1345
1389
1379
1321
1255
1208
1155
1154
1179
1255
1308
1353
1359
1337
1297
1241
1197
1177
1184
1240
1285
1319
1336
1353
1352
1326
1282
1250
1212
1210
1236
1264
1287
1308
1344
1320
1292
1258
1228
1191
1206
1234
1265
1293
1308
1315
1296
1264
1231
1211
1206
1203
1236
1284
1273
1296
1273
1276
1254
1237
1239
1263
1265
1301
1298
1307
1236
1268
1258
1244
1251
1253
1268
1272
1275
1266
1246
1242
1237
1238
1232
1252
1266
1291
1298
1314
1296
1279
1260
1248
1221
1199
1230
1215
1266
1292
1292
1300
1270
1250
1215
1185
1192
1204
1256
1308
1344
1337
1333
1264
1241
1205
1176
1175
1202
1270
1317
1380
1370
1359
1301
1242
1192
1171
1114
1198
1262
1347
1379
1386
1368
1325
1222
1182
1167
1150
1185
1255
1314
1396
1416
1412
1353
1267
1201
1125
1132
1173
1242
1340
1434
1425
1418
1356
1264
1167
1124
1127
1166
1262
1349
1416
1436
1426
1357
1233
1178
1084
1107
1150
1229
1321
1394
1455
1450
1376
1294
1193
1124
1097
1121
1188
1264
1390
1447
1451
1396
1308
1211
1109
1059
1075
1176
1264
1380
1456
1461
1414
1317
1195
1128
1045
1095
1163
1270
1368
1416
1455
1426
1305
1202
1120
1080
1051
1162
1242
1332
1406
1432
1405
1318
1230
1141
1093
1084
1088
1201
1304
1379
1441
1406
1359
1283
1185
1125
1107
1141
1207
1301
1382
1427
1422
1382
1284
1213
1146
1130
1147
1202
1267
1355
1397
1398
1379
1312
1257
1192
1147
1159
1188
1257
1319
1368
1394
1384
1335
1304
1214
1170
1148
1152
1196
1277
1337
1369
1377
1347
1284
1219
1176
1152
1143
1173
1191
1268
1330
1339
1333
1289
1255
1228
1198
1181
1197
1214
1249
1291
1315
1334
1347
1308
1259
1228
1194
1164
1160
1195
1244
1294
1329
1342
1331
1296
1222
1179
1155
1134
1165
1239
1269
1341
1370
1372
1332
1289
1232
1170
1168
1173
1201
1260
1308
1351
1370
1366
1317
1265
1215
1173
1145
1156
1195
1286
1347
1392
1392
1341
1292
1230
1152
1120
1133
1182
1269
1358
1399
1388
1376
1313
1236
1172
1137
1139
1173
1246
1306
1377
1397
1387
1331
1241
1181
1135
1120
1141
1191
1254
1326
1369
1367
1340
1285
1238
1154
1117
1137
1177
1236
1332
1382
1377
1363
1295
1211
1141
1112
1120
1143
1240
1273
1326
1381
1364
1314
1243
1200
1160
1156
1173
1214
1264
1315
1345
1352
1333
1283
1240
1179
1160
1152
1174
1223
1302
1321
1378
1375
1334
1287
1245
1199
1166
1178
1215
1285
1342
1372
1377
1345
1285
1224
1211
1163
1147
1188
1241
1291
1331
1352
1349
1324
1279
1243
1205
1179
1186
1199
1258
1252
1345
1366
1367
1328
1261
1222
1184
1151
1175
1223
1288
1345
1373
1410
1350
1298
1220
1173
1156
1167
1218
1278
1340
1367
1387
1379
1309
1245
1184
1165
1147
1172
1208
1267
1325
1363
1369
1349
1289
1218
1187
1135
1126
1172
1228
1301
1370
1399
1400
1326
1239
1168
1111
1117
1152
1216
1300
1355
1419
1396
1354
1274
1185
1150
1132
1148
1218
1269
1340
1383
1398
1375
1293
1236
1177
1146
1144
1153
1226
1295
1363
1415
1422
1385
1290
1207
1125
1089
1102
1163
1241
1332
1400
1415
1386
1305
1213
1131
1098
1102
1143
1226
1310
1364
1397
1392
1339
1268
1190
1148
1124
1151
1198
1240
1327
1374
1395
1391
1337
1259
1170
1129
1105
1146
1213
1300
1373
1423
1424
1399
1305
1200
1129
1100
1134
1190
1270
1341
1399
1429
1387
1331
1247
1189
1133
1151
1178
1237
1282
1317
1356
1362
1338
1305
1248
1191
1151
1168
1183
1259
1286
1324
1366
1372
1327
1286
1225
1176
1157
1169
1213
1265
1325
1382
1365
1361
1320
1275
1218
1201
1194
1217
1243
1276
1298
1317
1334
1354
1304
1288
1244
1210
1185
1161
1188
1217
1282
1339
1377
1369
1346
1300
1233
1190
1159
1173
1203
1250
1328
1373
1372
1359
1307
1247
1187
1167
1172
1187
1215
1264
1309
1344
1344
1341
1312
1260
1209
1172
1154
1172
1224
1297
1337
1377
1391
1354
1282
1217
1153
1117
1135
1185
1263
1351
1393
1405
1363
1314
1243
1186
1157
1162
1203
1256
1324
1360
1381
1364
1308
1266
1217
1174
1162
1115
1207
1257
1310
1348
1371
1386
1324
1268
1224
1173
1162
1191
1242
1299
1355
1376
1363
1323
1259
1204
1165
1155
1192
1224
1288
1319
1347
1331
1298
1263
1206
1189
1198
1222
1234
1280
1293
1299
1310
1294
1266
1247
1227
1203
1194
1212
1227
1259
1304
1323
1325
1328
1294
1257
1216
1184
1203
1200
1251
1284
1331
1324
1320
1294
1250
1231
1242
1225
1239
1259
1281
1293
1306
1304
1300
1284
1276
1260
1239
1240
1230
1233
1250
1254
1311
1328
1329
1319
1273
1247
1205
1195
1205
1230
1291
1307
1346
1348
1333
1319
1307
1245
1227
1223
1244
1267
1291
1309
1310
1341
1332
1314
1282
1243
1225
1200
1206
1227
1266
1309
1341
1351
1337
1306
1269
1203
1165
1160
1193
1226
1283
1331
1350
1356
1301
1257
1202
1159
1155
1162
1193
1222
1282
1318
1333
1333
1309
1269
1231
1201
1186
1190
1214
1250
1301
1338
1343
1346
1340
1267
1232
1183
1169
1179
1230
1286
1340
1371
1371
1345
1290
1238
1187
1175
1175
1203
1262
1311
1332
1360
1337
1292
1267
1241
1217
1193
1204
1225
1252
1290
1330
1345
1344
1320
1290
1240
1207
1187
1196
1245
1276
1316
1352
1368
1319
1302
1244
1204
1178
1195
1217
1273
1315
1347
1341
1332
1282
1262
1226
1204
1196
1196
1238
1270
1297
1314
1329
1313
1310
1265
1229
1202
1196
1212
1242
1281
1313
1336
1336
1314
1273
1258
1205
1204
1212
1238
1279
1318
1346
1334
1316
1291
1244
1227
1224
1219
1230
1283
1283
1304
1302
1303
1289
1282
1278
1244
1226
1227
1228
1242
1273
1301
1302
1313
1255
1292
1240
1236
1229
1230
1254
1294
1311
1333
1326
1312
1285
1269
1242
1233
1254
1262
1279
1291
1289
1296
1279
1278
1260
1267
1268
1258
1273
1269
1268
1273
1277
1271
1282
1277
1267
1256
1255
1246
1270
1293
1278
1283
1286
1290
1273
1262
1252
1242
1243
1256
1270
1284
1301
1299
1282
1275
1225
1252
1250
1253
1265
1262
1273
1290
1278
1276
1272
1274
1265
1264
1257
1241
1271
1256
1275
1288
1302
1302
1301
1286
1257
1242
1249
1241
1253
1268
1293
1300
1280
1302
1287
1280
1272
1243
1252
1254
1254
1284
1270
1259
1262
1269
1271
1276
1281
1264
1239
1240
1244
1237
1261
1255
1272
1276
1271
1282
1284
1273
1265
1248
1261
1261
1258
1287
1278
1282
1280
1294
1296
1290
1289
1283
1262
1245
1231
1201
1235
1235
1275
1291
1309
1296
1281
1256
1238
1207
1162
1218
1241
1265
1282
1307
1289
1286
1278
1266
1257
1236
1234
1238
1243
1261
1288
1282
1305
1314
1314
1293
1277
1259
1240
1234
1256
1269
1297
1309
1319
1302
1300
1271
1255
1244
1242
1243
1251
1274
1275
1281
1288
1298
1295
1279
1271
1273
1237
1243
1246
1245
1265
1270
1300
1312
1302
1280
1229
1245
1207
1225
1219
1241
1265
1284
1274
1285
1288
1275
1247
1242
1233
1227
1309
1284
1298
1310
1316
1307
1268
1278
1256
1237
1261
1253
1271
1288
1281
1300
1304
1281
1262
1231
1219
1224
1232
1258
1291
1291
1301
1296
1267
1240
1209
1205
1198
1225
1257
1281
1303
1295
1283
1263
1241
1218
1208
1211
1217
1236
1276
1290
1308
1308
1294
1271
1280
1264
1237
1236
1242
1283
1307
1318
1336
1332
1317
1284
1252
1234
1201
1211
1269
1260
1277
1299
1304
1288
1286
1264
1256
1240
1239
1235
1235
1245
1259
1264
1292
1294
1304
1294
1271
1243
1211
1208
1208
1214
1244
1263
1295
1311
1311
1290
1242
1255
1217
1219
1214
1221
1242
1257
1273
1264
1300
1295
1288
1279
1245
1226
1217
1218
1191
1239
1270
1290
1296
1295
1276
1255
1285
1237
1228
1239
1257
1258
1269
1274
1274
1281
1261
1263
1257
1273
1273
1265
1291
1263
1257
1247
1242
1246
1248
1264
1283
1276
1274
1272
1262
1252
1254
1244
1223
1243
1236
1240
1267
1273
1285
1297
1308
1288
1289
1264
1228
1214
1210
1225
1254
1289
1294
1326
1322
1296
1266
1239
1212
1180
1251
1248
1262
1292
1299
1309
1324
1324
1295
1285
1264
1232
1224
1203
1214
1229
1270
1317
1316
1343
1321
1273
1243
1218
1201
1196
1206
1252
1284
1302
1325
1316
1280
1291
1275
1259
1253
1246
1242
1242
1250
1266
1284
1302
1285
1324
1299
1277
1251
1239
1220
1222
1232
1248
1267
1293
1291
1285
1290
1279
1270
1271
1256
1240
1252
1253
1232
1247
1255
1262
1271
1284
1283
1262
1245
1219
1221
1203
1204
1220
1236
1267
1281
1295
1297
1289
1280
1276
1264
1245
1214
1241
1241
1252
1274
1281
1305
1314
1316
1308
1275
1248
1205
1196
1188
1210
1231
1272
1292
1310
1313
1281
1271
1267
1233
1228
1236
1244
1246
1265
1287
1297
1313
1329
1304
1293
1268
1238
1212
1205
1212
1224
1271
1278
1310
1309
1294
1262
1220
1206
1174
1193
1212
1251
1261
1273
1287
1289
1257
1251
1241
1230
1229
1216
1235
1238
1255
1284
1278
1287
1265
1256
1244
1226
1203
1208
1210
1230
1257
1272
1280
1285
1267
1257
1222
1236
1241
1272
1269
1275
1285
1298
1285
1257
1261
1255
1261
1266
1277
1271
1272
1277
1259
1251
1255
1253
1255
1271
1261
1249
1266
1261
1253
1241
1249
1254
1258
1257
1262
1262
1257
1273
1265
1267
1270
1284
1263
1238
1241
1246
1260
1283
1287
1300
1291
1258
1265
1263
1240
1246
1249
1259
1244
1289
1288
1280
1269
1258
1259
1270
1271
1252
1282
1282
1252
1263
1262
1253
1261
1311
1286
1289
1283
1276
1257
1261
1254
1262
1278
1284
1285
1278
1284
1269
1249
1275
1274
1270
1278
1290
1268
1265
1268
1285
1271
1284
1271
1270
1260
1244
1236
1247
1250
1252
1292
1306
1312
1291
1265
1236
1206
1225
1213
1249
1279
1291
1295
1292
1276
1257
1242
1231
1232
1251
1267
1268
1269
1299
1285
1270
1267
1287
1265
1275
1276
1269
1263
1262
1256
1259
1272
1248
1273
1281
1279
1262
1277
1277
1285
1291
1270
1262
1261
1270
1262
1270
1281
1297
1297
1295
1278
1260
1252
1242
1229
1250
1263
1275
1283
1291
1283
1266
1259
1251
1253
1260
1279
1282
1283
1261
1261
1255
1255
1250
1260
1278
1291
1283
1281
1279
1251
1254
1257
1269
1248
1257
1260
1266
1276
1266
1279
1286
1288
1276
1275
1263
1257
1263
1273
1267
1290
1307
1304
1295
1284
1264
1262
1259
1263
1273
1285
1289
1295
1279
1247
1232
1240
1242
1248
1272
1294
1292
1285
1263
1251
1228
1245
1248
1263
1288
1304
1303
1294
1265
1264
1257
1252
1255
1255
1276
1300
1286
1283
1285
1276
1265
1274
1261
1238
1257
1264
1275
1272
1288
1285
1270
1270
1234
1244
1248
1246
1264
1287
1296
1308
1293
1273
1242
1225
1220
1233
1271
1295
1317
1351
1321
1272
1249
1225
1214
1224
1255
1292
1310
1319
1320
1304
1277
1258
1248
1242
1214
1276
1290
1294
1287
1271
1271
1273
1252
1252
1265
1276
1278
1288
1279
1276
1278
1269
1259
1251
1252
1253
1286
1289
1283
1308
1309
1277
1263
1257
1225
1225
1187
1272
1295
1322
1325
1301
1274
1242
1194
1244
1237
1255
1296
1324
1319
1305
1278
1245
1214
1204
1225
1247
1289
1321
1330
1330
1263
1278
1248
1226
1218
1218
1235
1296
1303
1321
1326
1321
1291
1269
1234
1193
1194
1206
1229
1243
1296
1314
1306
1300
1268
1240
1230
1220
1234
1260
1293
1306
1307
1304
1279
1261
1254
1236
1268
1293
1320
1348
1325
1314
1275
1280
1250
1256
1268
1296
1308
1314
1308
1284
1271
1259
1247
1244
1237
1270
1282
1290
1302
1287
1285
1275
1261
1253
1252
1259
1260
1272
1287
1276
1282
1275
1252
1237
1226
1208
1238
1265
1288
1306
1314
1282
1265
1239
1223
1204
1208
1256
1297
1338
1367
1343
1339
1294
1262
1227
1229
1243
1267
1310
1338
1358
1362
1344
1302
1270
1241
1235
1217
1233
1251
1275
1312
1317
1315
1295
1285
1256
1244
1229
1225
1247
1273
1300
1300
1303
1290
1257
1254
1232
1230
1243
1266
1288
1290
1302
1295
1276
1250
1241
1238
1259
1285
1298
1301
1302
1280
1256
1248
1227
1229
1237
1258
1261
1279
1301
1290
1290
1277
1263
1266
1267
1267
1278
1291
1291
1282
1294
1284
1271
1298
1276
1251
1253
1264
1261
1280
1283
1285
1271
1261
1248
1234
1241
1263
1266
1295
1313
1309
1299
1274
1256
1220
1225
1257
1262
1296
1313
1321
1306
1293
1262
1229
1229
1216
1231
1250
1269
1277
1278
1282
1251
1269
1260
1244
1242
1244
1250
1268
1277
1273
1295
1291
1274
1266
1267
1257
1263
1315
1286
1290
1287
1302
1271
1258
1244
1241
1249
1240
1282
1291
1299
1298
1268
1248
1223
1208
1215
1230
1246
1263
1286
1304
1288
1277
1261
1246
1241
1240
1245
1221
1264
1267
1275
1279
1270
1262
1249
1245
1225
1243
1256
1253
1274
1279
1289
1285
1277
1267
1255
1249
1254
1271
1288
1294
1297
1343
1288
1266
1244
1241
1240
1256
1277
1298
1303
1304
1300
1281
1274
1268
1260
1266
1270
1266
1270
1269
1270
1255
1265
1275
1267
1277
1266
1241
1245
1249
1244
1235
1252
1256
1262
1266
1263
1262
1279
1263
1259
1273
1279
1265
1268
1259
1257
1246
1256
1283
1279
1289
1295
1289
1285
1272
1256
1266
1251
1253
1262
1272
1272
1278
1282
1279
1255
1274
1277
1268
1265
1266
1261
1258
1256
1252
1263
1247
1276
1267
1284
1277
1276
1282
1276
1270
1268
1275
1271
1272
1263
1268
1270
1289
1291
1301
1298
1299
1292
1275
1263
1252
1241
1250
1263
1268
1288
1288
1285
1282
1285
1256
1257
1241
1234
1236
1237
1259
1252
1267
1269
1283
1310
1286
1270
1262
1250
1233
1239
1255
1260
1276
1291
1321
1296
1290
1289
1263
1269
1259
1274
1273
1273
1269
1272
1279
1279
1275
1277
1279
1269
1269
1264
1257
1248
1256
1270
1258
1263
1262
1256
1259
1261
1256
1273
1267
1265
1263
1260
1223
1240
1229
1234
1219
1261
1278
1284
1288
1274
1268
1263
1248
1241
1250
1259
1272
1270
1275
1267
1254
1255
1256
1249
1254
1277
1254
1263
1256
1261
1263
1249
1260
1256
1263
1273
1261
1277
1268
1250
1263
1262
1245
1241
1246
1269
1253
1256
1263
1264
1270
1273
1257
1260
1242
1231
1239
1248
1254
1273
1279
1281
1244
1270
1264
1231
1254
1262
1269
1294
1291
1290
1277
1269
1251
1250
1245
1253
1264
1296
1290
1284
1274
1271
1248
1247
1239
1252
1254
1252
1265
1264
1268
1270
1245
1260
1252
1244
1238
1240
1244
1247
1265
1294
1274
1279
1263
1247
1240
1241
1247
1265
1272
1278
1286
1269
1276
1250
1236
1233
1202
1253
1270
1253
1297
1278
1268
1262
1252
1235
1238
1243
1257
1267
1276
1278
1267
1299
1263
1248
1254
1245
1237
1251
1259
1268
1283
1286
1290
1271
1265
1255
1223
1249
1257
1268
1283
1290
1296
1283
1280
1296
1257
1259
1254
1269
1280
1287
1289
1297
1284
1273
1272
1269
1277
1276
1274
1290
1252
1286
1277
1269
1272
1267
1267
1273
1280
1274
1276
1275
1261
1263
1265
1253
1259
1301
1264
1267
1297
1274
1260
1276
1269
1274
1266
1265
1261
1252
1264
1266
1268
1274
1277
1279
1263
1262
1260
1249
1267
1284
1276
1278
1271
1264
1270
1268
1267
1277
1279
1283
1265
1284
1252
1260
1258
1264
1247
1278
1283
1280
1281
1268
1265
1258
1259
1239
1263
1266
1269
1261
1270
1261
1260
1308
1259
1257
1259
1268
1254
1260
1266
1266
1275
1286
1281
1278
1276
1273
1249
1257
1264
1267
1277
1286
1294
1276
1282
1279
1265
1269
1268
1270
1273
1278
1280
1278
1276
1271
1261
1282
1277
1278
1275
1272
1259
1273
1266
1266
1275
1279
1278
1270
1271
1257
1250
1252
1263
1267
1284
1279
1282
1282
1269
1258
1226
1247
1245
1257
1278
1286
1272
1269
1240
1246
1246
1251
1239
1273
1271
1277
1274
1276
1274
1263
1272
1257
1262
1265
1261
1263
1274
1280
1287
1274
1285
1276
1273
1261
1253
1257
1259
1293
1300
1303
1301
1284
1266
1259
1247
1241
1254
1254
1271
1286
1288
1283
1273
1264
1259
1263
1277
1285
1274
1294
1283
1283
1292
1276
1272
1274
1277
1271
1275
1276
1263
1273
1273
1274
1268
1266
1266
1261
1269
1265
1291
1289
1283
1285
1278
1270
1261
1216
1252
1254
1275
1289
1297
1299
1284
1266
1268
1245
1240
1242
1260
1277
1291
1287
1286
1261
1243
1228
1219
1225
1254
1268
1282
1269
1292
1289
1268
1259
1241
1251
1271
1272
1280
1293
1296
1288
1290
1276
1257
1246
1257
1243
1250
1262
1278
1290
1305
1291
1290
1275
1249
1251
1237
1256
1272
1237
1310
1312
1298
1285
1255
1239
1225
1238
1281
1290
1295
1294
1289
1271
1262
1243
1245
1241
1265
1267
1272
1282
1292
1289
1283
1226
1276
1267
1253
1256
1242
1264
1284
1291
1290
1289
1285
1269
1256
1241
1225
1233
1254
1265
1278
1291
1287
1264
1261
1229
1240
1239
1251
1260
1269
1281
1278
1223
1267
1269
1262
1269
1262
1288
1261
1264
1286
1268
1266
1263
1268
1270
1245
1261
1253
1243
1238
1237
1249
1250
1278
1262
1258
1205
1251
1242
1237
1245
1254
1256
1275
1271
1272
1271
1270
1264
1270
1276
1252
1266
1268
1261
1261
1262
1264
1258
1281
1272
1274
1278
1261
1237
1244
1260
1267
1267
1287
1289
1282
1271
1262
1258
1261
1264
1292
1280
1288
1276
1271
1272
1263
1265
1267
1273
1263
1265
1258
1251
1260
1255
1265
1239
1281
1269
1262
1258
1237
1233
1245
1253
1263
1290
1293
1286
1273
1267
1231
1240
1240
1249
1256
1260
1275
1273
1276
1268
1268
1264
1265
1254
1249
1251
1251
1250
1267
1274
1289
1307
1302
1288
1266
1253
1255
1256
1253
1273
1283
1297
1304
1292
1277
1255
1233
1222
1245
1250
1266
1288
1298
1265
1284
1275
1264
1262
1252
1256
1267
1269
1273
1285
1301
1296
1303
1312
1286
1273
1261
1260
1246
1248
1265
1269
1296
1303
1290
1276
1249
1233
1218
1233
1245
1260
1285
1303
1296
1287
1274
1260
1245
1253
1263
1264
1279
1274
1281
1272
1277
1275
1284
1252
1256
1249
1244
1241
1246
1258
1272
1268
1289
1293
1268
1255
1234
1232
1232
1257
1267
1279
1294
1285
1282
1273
1254
1237
1244
1248
1259
1266
1272
1259
1268
1275
1267
1296
1272
1273
1260
1257
1248
1238
1258
1268
1280
1291
1286
1275
1257
1234
1243
1239
1259
1270
1277
1284
1290
1283
1266
1246
1238
1239
1251
1259
1271
1279
1283
1275
1275
1271
1262
1290
1264
1271
1270
1297
1268
1268
1274
1267
1275
1280
1267
1264
1264
1258
1261
1260
1275
1269
1287
1296
1252
1268
1269
1257
1258
1268
1269
1246
1274
1265
1264
1258
1250
1258
1255
1272
1266
1273
1267
1253
1242
1243
1251
1262
1263
1283
1285
1279
1273
1251
1261
1257
1268
1281
1281
1286
1276
1275
1263
1252
1236
1256
1245
1258
1265
1267
1285
1277
1270
1274
1287
1277
1271
1263
1266
1246
1275
1316
1301
1306
1310
1296
1277
1260
1243
1232
1252
1266
1282
1294
1298
1277
1280
1253
1222
1235
1244
1259
1259
1279
1290
1294
1283
1276
1256
1253
1254
1252
1258
1253
1262
1294
1285
1276
1271
1263
1257
1228
1238
1240
1241
1243
1264
1270
1278
1299
1265
1263
1254
1255
1255
1259
1271
1275
1289
1309
1287
1280
1273
1273
1267
1273
1282
1276
1276
1274
1266
1251
1263
1264
1263
1273
1260
1278
1274
1260
1257
1258
1269
1267
1286
1294
1295
1284
1282
1279
1269
1278
1268
1307
1269
1275
1268
1276
1274
1270
1277
1294
1280
1265
1263
1251
1253
1260
1272
1285
1294
1304
1292
1275
1266
1252
1260
1279
1281
1292
1316
1301
1288
1277
1265
1231
1253
1262
1265
1282
1283
1295
1272
1271
1250
1261
1268
1252
1278
1275
1286
1277
1279
1274
1274
1254
1262
1266
1264
1258
1269
1308
1278
1289
1275
1269
1257
1259
1245
1250
1258
1267
1284
1298
1298
1288
1274
1267
1245
1240
1248
1247
1278
1284
1299
1306
1293
1273
1249
1246
1241
1256
1269
1262
1292
1307
1308
1302
1289
1280
1258
1258
1254
1262
1272
1277
1299
1312
1315
1308
1291
1270
1257
1233
1241
1249
1272
1281
1304
1304
1296
1281
1246
1231
1220
1249
1250
1292
1287
1299
1299
1285
1264
1250
1236
1233
1233
1253
1266
1278
1291
1281
1289
1286
1265
1253
1252
1248
1248
1259
1278
1296
1277
1283
1281
1261
1243
1241
1235
1250
1277
1288
1298
1301
1286
1279
1262
1241
1243
1249
1265
1282
1299
1307
1294
1292
1261
1217
1240
1246
1257
1272
1286
1298
1304
1309
1274
1253
1248
1224
1239
1258
1269
1279
1282
1293
1285
1257
1252
1232
1235
1237
1255
1268
1287
1294
1292
1289
1281
1245
1240
1251
1247
1252
1276
1300
1305
1316
1323
1282
1259
1243
1227
1237
1255
1279
1305
1310
1307
1296
1303
1262
1243
1237
1247
1207
1274
1300
1302
1299
1299
1295
1288
1293
1267
1261
1268
1273
1272
1286
1290
1291
1316
1284
1275
1260
1261
1262
1269
1268
1282
1289
1269
1274
1255
1259
1267
1255
1274
1278
1279
1269
1265
1253
1239
1247
1286
1276
1294
1303
1307
1284
1273
1257
1244
1237
1240
1253
1274
1287
1297
1298
1287
1239
1250
1260
1236
1230
1245
1267
1283
1301
1301
1291
1285
1261
1222
1246
1239
1243
1303
1294
1303
1305
1310
1288
1274
1260
1255
1252
1258
1278
1288
1304
1305
1296
1281
1269
1258
1245
1247
1268
1271
1289
1304
1285
1268
1260
1254
1243
1256
1270
1276
1286
1294
1289
1280
1269
1252
1243
1248
1243
1276
1290
1293
1297
1295
1286
1265
1255
1254
1249
1259
1275
1276
1300
1296
1302
1306
1277
1262
1245
1272
1249
1271
1294
1305
1305
1299
1291
1250
1249
1236
1225
1248
1271
1289
1298
1282
1301
1275
1266
1254
1248
1258
1270
1279
1292
1304
1303
1284
1288
1267
1255
1257
1261
1271
1269
1287
1298
1291
1280
1262
1255
1251
1257
1255
1275
1281
1283
1279
1272
1238
1244
1230
1234
1238
1263
1290
1296
1307
1290
1280
1270
1239
1217
1225
1236
1260
1282
1310
1309
1311
1302
1277
1244
1226
1225
1227
1256
1271
1307
1320
1324
1307
1284
1262
1247
1174
1230
1264
1258
1277
1297
1304
1293
1292
1301
1257
1248
1241
1240
1262
1273
1280
1298
1298
1293
1285
1281
1255
1266
1261
1270
1235
1293
1288
1281
1275
1268
1262
1281
1277
1279
1288
1282
1272
1267
1276
1245
1247
1249
1265
1267
1274
1283
1266
1271
1258
1248
1255
1256
1260
1265
1278
1288
1236
1288
1289
1284
1289
1284
1278
1268
1275
1305
1274
1293
1278
1272
1270
1274
1267
1267
1270
1276
1269
1264
1266
1258
1250
1251
1201
1268
1292
1282
1293
1286
1281
1283
1261
1253
1238
1243
1245
1258
1296
1273
1282
1282
1273
1222
1239
1236
1222
1241
1245
1276
1292
1301
1303
1298
1287
1274
1261
1261
1266
1292
1296
1300
1306
1296
1291
1304
1261
1252
1247
1249
1254
1270
1274
1285
1285
1272
1258
1249
1242
1237
1249
1266
1255
1289
1294
1267
1266
1262
1234
1230
1235
1241
1261
1272
1292
1291
1286
1268
1252
1238
1230
1221
1244
1272
1290
1312
1317
1317
1300
1282
1283
1242
1241
1248
1272
1287
1311
1321
1315
1296
1271
1249
1228
1232
1228
1247
1267
1264
1285
1294
1279
1263
1248
1237
1233
1246
1259
1274
1287
1293
1279
1286
1283
1269
1265
1261
1274
1275
1292
1286
1285
1269
1260
1250
1254
1249
1256
1272
1291
1305
1297
1293
1275
1267
1253
1250
1248
1259
1283
1293
1308
1312
1291
1283
1268
1248
1219
1231
1244
1247
1281
1288
1308
1300
1283
1275
1250
1250
1253
1253
1267
1283
1294
1303
1300
1289
1273
1267
1262
1252
1276
1265
1275
1279
1287
1273
1287
1264
1251
1243
1251
1257
1280
1279
1288
1290
1289
1279
1256
1275
1244
1259
1286
1290
1299
1319
1299
1278
1266
1251
1232
1241
1251
1265
1270
1275
1287
1271
1274
1254
1250
1258
1251
1262
1265
1278
1294
1286
1308
1288
1278
1270
1282
1245
1257
1264
1298
1277
1284
1284
1271
1274
1264
1250
1256
1262
1267
1277
1281
1276
1272
1261
1264
1258
1264
1282
1271
1281
1267
1262
1276
1253
1238
1249
1261
1263
1290
1285
1281
1278
1267
1275
1240
1255
1261
1263
1275
1269
1304
1299
1277
1283
1270
1269
1271
1261
1264
1277
1283
1289
1297
1299
1282
1277
1303
1257
1257
1256
1266
1280
1292
1286
1293
1283
1260
1264
1249
1259
1273
1280
1299
1296
1294
1284
1264
1258
1252
1254
1286
1283
1298
1297
1294
1281
1268
1249
1220
1231
1245
1256
1258
1278
1302
1294
1285
1258
1273
1253
1241
1246
1244
1274
1286
1301
1308
1311
1283
1277
1240
1233
1226
1236
1299
1269
1296
1301
1298
1282
1271
1245
1242
1238
1240
1257
1268
1280
1284
1285
1276
1270
1280
1263
1251
1257
1257
1261
1282
1274
1275
1267
1263
1256
1254
1277
1230
1265
1273
1276
1259
1271
1270
1249
1245
1230
1247
1250
1263
1282
1284
1291
1299
1272
1249
1244
1229
1240
1249
1263
1269
1284
1322
1280
1277
1267
1232
1245
1261
1256
1273
1280
1286
1289
1282
1278
1275
1283
1267
1269
1262
1261
1258
1267
1269
1275
1292
1290
1296
1271
1262
1252
1252
1266
1238
1268
1270
1276
1273
1268
1264
1259
1268
1256
1248
1258
1269
1266
1253
1253
1268
1262
1276
1282
1277
1271
1258
1257
1237
1260
1275
1262
1258
1276
1280
1272
1272
1270
1256
1258
1252
1253
1253
1263
1265
1262
1271
1260
1277
1278
1279
1272
1257
1265
1260
1281
1271
1277
1285
1297
1276
1285
1277
1275
1248
1266
1254
1268
1284
1276
1277
1274
1298
1276
1271
1273
1262
1273
1276
1275
1267
1260
1266
1259
1260
1266
1252
1258
1263
1256
1255
1254
1267
1255
1260
1262
1250
1247
1241
1234
1239
1266
1268
1270
1278
1277
1266
1255
1250
1246
1248
1267
1282
1268
1294
1295
1285
1278
1264
1258
1265
1266
1259
1279
1283
1282
1286
1284
1279
1284
1274
1266
1260
1264
1268
1294
1284
1292
1285
1282
1278
1258
1254
1257
1252
1255
1277
1265
1277
1269
1262
1240
1237
1248
1247
1266
1270
1278
1271
1273
1252
1254
1234
1226
1235
1245
1262
1259
1285
1273
1261
1262
1264
1252
1253
1232
1247
1267
1279
1277
1282
1288
1286
1270
1277
1264
1262
1274
1272
1289
1283
1289
1279
1279
1271
1275
1262
1275
1281
1280
1284
1289
1269
1268
1261
1262
1269
1273
1290
1283
1297
1314
1288
1277
1268
1264
1255
1273
1285
1294
1305
1309
1300
1293
1271
1250
1239
1256
1240
1282
1301
1311
1310
1310
1297
1273
1240
1247
1243
1253
1272
1283
1307
1315
1320
1328
1293
1288
1242
1256
1244
1258
1285
1326
1320
1325
1310
1284
1250
1235
1218
1231
1220
1273
1299
1329
1312
1290
1274
1261
1236
1226
1239
1249
1267
1288
1302
1293
1292
1290
1261
1245
1221
1227
1244
1269
1271
1296
1302
1298
1272
1259
1253
1231
1222
1245
1259
1281
1299
1291
1289
1266
1258
1259
1236
1241
1249
1264
1278
1268
1283
1286
1263
1255
1256
1247
1249
1270
1263
1276
1238
1278
1268
1261
1263
1250
1258
1274
1274
1276
1280
1299
1274
1272
1275
1262
1290
1312
1281
1284
1292
1276
1276
1279
1265
1263
1264
1266
1254
1291
1286
1291
1281
1278
1263
1259
1249
1248
1248
1255
1274
1301
1294
1293
1276
1274
1254
1241
1249
1258
1260
1280
1292
1289
1279
1274
1255
1246
1217
1252
1257
1267
1280
1280
1286
1290
1272
1267
1255
1253
1248
1254
1282
1268
1282
1328
1290
1292
1265
1252
1243
1250
1256
1263
1276
1282
1287
1283
1282
1262
1249
1258
1253
1258
1268
1299
1280
1278
1274
1277
1263
1264
1249
1251
1260
1263
1288
1274
1274
1274
1275
1270
1252
1260
1259
1259
1264
1275
1280
1280
1281
1260
1277
1274
1280
1267
1270
1275
1273
1278
1287
1276
1281
1291
1272
1274
1267
1261
1258
1270
1281
1266
1266
1265
1261
1274
1271
1259
1256
1261
1259
1254
1248
1240
1231
1246
1264
1260
1276
1283
1277
1274
1268
1257
1254
1250
1262
1260
1271
1279
1276
1281
1275
1267
1274
1256
1264
1252
1258
1247
1272
1275
1290
1284
1284
1278
1259
1261
1255
1251
1272
1278
1294
1307
1305
1309
1278
1279
1275
1256
1259
1268
1281
1291
1309
1301
1289
1286
1262
1251
1258
1239
1245
1254
1277
1266
1318
1292
1276
1263
1248
1230
1232
1176
1244
1265
1288
1292
1294
1292
1270
1256
1265
1238
1240
1243
1263
1266
1299
1299
1297
1281
1268
1246
1235
1255
1255
1251
1275
1255
1291
1290
1278
1265
1242
1241
1259
1254
1268
1283
1299
1289
1290
1275
1256
1256
1255
1243
1256
1262
1268
1287
1286
1261
1268
1264
1257
1232
1258
1257
1269
1236
1283
1277
1281
1266
1261
1265
1258
1262
1307
1285
1286
1287
1297
1262
1263
1255
1259
1257
1268
1279
1276
1281
1283
1268
1260
1206
1248
1253
1256
1269
1265
1280
1295
1280
1274
1266
1254
1250
1250
1258
1254
1274
1270
1280
1283
1271
1258
1245
1253
1242
1264
1265
1273
1284
1286
1278
1271
1259
1248
1253
1263
1268
1282
1287
1283
1279
1296
1277
1271
1263
1262
1250
1269
1279
1277
1279
1277
1273
1267
1250
1264
1260
1263
1245
1275
1279
1277
1272
1257
1268
1267
1258
1265
1265
1271
1271
1277
1278
1264
1271
1267
1268
1272
1267
1275
1273
1283
1281
1285
1288
1272
1267
1271
1253
1263
1257
1282
1270
1275
1273
1260
1263
1251
1267
1267
1262
1267
1265
1271
1263
1260
1263
1255
1244
1244
1250
1249
1237
1262
1267
1265
1263
1266
1267
1259
1252
1249
1262
1266
1277
1286
1287
1283
1273
1272
1266
1255
1262
1263
1268
1280
1280
1286
1260
1278
1278
1269
1265
1255
1260
1264
1261
1258
1255
1270
1270
1278
1270
1254
1261
1251
1257
1250
1271
1285
1276
1284
1271
1272
1277
1268
1257
1280
1271
1272
1269
1280
1267
1271
1283
1270
1257
1260
1262
1253
1264
1256
1263
1255
1261
1259
1265
1261
1265
1239
1249
1254
1248
1254
1259
1253
1239
1241
1266
1254
1252
1242
1249
1245
1246
1238
1244
1247
1249
1256
1255
1264
1257
1247
1262
1239
1263
1268
1260
1265
1263
1269
1273
1272
1265
1263
1265
1249
1252
1264
1266
1269
1300
1272
1266
1263
1255
1241
1246
1247
1261
1265
1277
1281
1274
1265
1259
1239
1246
1251
1255
1264
1275
1262
1270
1280
1286
1265
1264
1256
1244
1248
1251
1267
1255
1274
1276
1276
1270
1251
1247
1237
1240
1214
1252
1261
1270
1259
1277
1270
1262
1252
1230
1240
1250
1255
1268
1277
1272
1270
1309
1261
1251
1257
1253
1252
1257
1285
1273
1263
1268
1262
1252
1242
1256
1243
1252
1262
1270
1272
1272
1234
1256
1259
1269
1249
1257
1258
1264
1277
1275
1271
1234
1263
1248
1247
1244
1245
1256
1262
1276
1262
1283
1274
1259
1251
1243
1240
1252
1267
1277
1280
1286
1273
1263
1242
1237
1239
1302
1253
1260
1263
1272
1263
1263
1258
1253
1242
1242
1246
1242
1261
1278
1267
1268
1271
1258
1253
1242
1243
1234
1254
1272
1276
1289
1288
1271
1259
1258
1240
1214
1244
1243
1263
1283
1286
1278
1263
1259
1234
1240
1241
1241
1254
1265
1254
1283
1292
1283
1268
1259
1249
1247
1251
1257
1262
1297
1292
1297
1282
1284
1256
1262
1263
1252
1260
1276
1295
1288
1295
1295
1277
1267
1267
1259
1258
1266
1269
1267
1284
1279
1271
1282
1256
1246
1244
1253
1256
1262
1268
1267
1264
1263
1251
1244
1222
1245
1247
1256
1260
1258
1260
1259
1270
1247
1252
1250
1248
1253
1261
1262
1272
1269
1267
1268
1266
1250
1264
1254
1247
1261
1275
1282
1275
1299
1277
1264
1258
1264
1263
1265
1275
1287
1278
1279
1278
1258
1275
1259
