1327
1325
1319
1265
1270
1274
1273
1267
1271
1266
1271
1268
1273
1273
1272
1273
1268
1274
1266
1269
1269
1272
1271
1271
1288
1256
1271
1299
1298
1273
1276
1270
1274
1269
1270
1271
1279
1273
1277
1275
1274
1258
1265
1272
1268
1279
1271
1272
1270
1262
1263
1280
1282
1272
1268
1278
1271
1270
1266
1286
1248
1266
1266
1271
1270
1266
1270
1249
1264
1275
1262
1269
1268
1267
1270
1265
1265
1269
1269
1266
1267
1268
1268
1263
1258
1278
1228
1269
1273
1253
1276
1257
1268
1276
1269
1268
1269
1270
1269
1270
1269
1263
1273
1261
1271
1272
1261
1266
1259
1265
1257
1271
1251
1271
1265
1269
1271
1270
1238
1265
1273
1275
1270
1262
1268
1262
1268
1265
1272
1273
1268
1271
1269
1269
1270
1277
1272
1266
1267
1272
1270
1270
1261
1266
1322
1269
1282
1273
1276
1264
1277
1270
1273
1263
1259
1253
1246
1249
1252
1239
1225
1251
1254
1269
1266
1286
1281
1293
1314
1322
1309
1304
1306
1300
1302
1283
1258
1275
1271
1267
1266
1275
1285
1275
1313
1328
1348
1363
1367
1343
1351
1329
1309
1284
1264
1249
1230
1205
1186
1164
1127
1108
1062
1079
1078
1053
1095
1103
1128
1162
1176
1190
1210
1230
1257
1291
1345
1374
1398
1411
1397
1378
1322
1294
1254
1245
1224
1252
1272
1282
1289
1297
1306
1315
1328
1347
1371
1392
1417
1432
1444
1432
1423
1424
1394
1374
1354
1336
1316
1291
1245
1247
1220
1207
1192
1201
1177
1171
1158
1172
1212
1187
1195
1194
1190
1180
1150
1177
1171
1177
1167
1173
1172
1162
1227
1185
1215
1235
1258
1292
1317
1350
1359
1391
1422
1409
1386
1390
1378
1356
1355
1315
1307
1295
1275
1260
1248
1239
1234
1219
1238
1195
1204
1203
1210
1219
1205
1229
1248
1251
1257
1265
1273
1273
1290
1283
1278
1283
1283
1298
1292
1278
1279
1262
1249
1246
1244
1244
1235
1235
1232
1232
1238
1235
1282
1278
1296
1309
1319
1334
1323
1335
1325
1355
1362
1356
1367
1352
1326
1329
1315
1302
1276
1281
1248
1231
1214
1201
1192
1229
1184
1188
1190
1182
1181
1197
1199
1228
1243
1261
1277
1279
1280
1286
1242
1265
1259
1265
1238
1265
1272
1266
1252
1270
1267
1265
1256
1268
1276
1279
1278
1222
1281
1278
1275
1300
1320
1348
1355
1383
1414
1406
1403
1383
1364
1340
1313
1279
1252
1230
1205
1214
1214
1226
1231
1231
1238
1184
1252
1251
1250
1260
1264
1284
1296
1292
1283
1280
1267
1247
1239
1222
1200
1201
1200
1183
1165
1155
1152
1148
1153
1152
1166
1206
1220
1245
1256
1279
1296
1322
1366
1353
1363
1368
1374
1344
1320
1308
1293
1291
1293
1292
1293
1285
1312
1315
1339
1331
1340
1342
1334
1325
1315
1292
1282
1302
1268
1263
1245
1246
1239
1247
1235
1228
1226
1229
1233
1238
1249
1260
1276
1281
1299
1309
1316
1317
1327
1319
1347
1333
1299
1275
1260
1250
1237
1231
1220
1243
1220
1229
1238
1247
1249
1262
1258
1256
1229
1248
1245
1250
1247
1246
1268
1277
1268
1276
1287
1287
1312
1310
1329
1320
1313
1300
1289
1271
1247
1240
1243
1228
1221
1230
1223
1215
1205
1168
1224
1209
1191
1223
1246
1266
1278
1291
1315
1311
1334
1335
1357
1364
1375
1347
1354
1349
1345
1332
1322
1303
1282
1255
1215
1218
1203
1210
1257
1227
1240
1241
1267
1257
1276
1284
1297
1307
1309
1310
1290
1284
1286
1257
1246
1244
1248
1239
1237
1238
1223
1230
1243
1254
1241
1249
1248
1251
1257
1221
1243
1239
1245
1271
1272
1279
1280
1253
1270
1277
1273
1275
1279
1271
1268
1278
1301
1290
1286
1266
1322
1321
1335
1342
1345
1337
1286
1320
1309
1289
1291
1276
1278
1266
1263
1239
1242
1236
1238
1241
1248
1223
1238
1234
1232
1237
1234
1252
1250
1268
1263
1300
1283
1281
1299
1273
1280
1279
1281
1265
1270
1250
1239
1225
1228
1228
1238
1279
1238
1244
1234
1233
1234
1255
1263
1266
1287
1304
1297
1285
1273
1271
1264
1291
1307
1299
1292
1286
1282
1263
1264
1274
1274
1294
1293
1295
1295
1317
1293
1227
1331
1306
1313
1319
1310
1300
1278
1273
1284
1266
1272
1276
1284
1278
1265
1270
1268
1261
1270
1286
1293
1294
1304
1295
1286
1232
1269
1273
1275
1285
1280
1306
1281
1255
1254
1252
1267
1241
1283
1284
1261
1256
1251
1235
1232
1234
1240
1238
1262
1238
1246
1243
1240
1251
1258
1270
1284
1221
1289
1258
1250
1247
1254
1252
1275
1295
1320
1306
1307
1296
1286
1274
1273
1276
1279
1274
1267
1255
1244
1252
1285
1286
1282
1328
1307
1306
1293
1293
1280
1291
1292
1303
1322
1308
1301
1322
1308
1273
1253
1291
1299
1301
1294
1270
1264
1231
1230
1266
1266
1273
1273
1279
1283
1260
1251
1255
1256
1243
1277
1280
1278
1261
1245
1243
1226
1251
1262
1268
1294
1261
1279
1253
1252
1255
1269
1281
1308
1301
1268
1251
1251
1225
1249
1257
1272
1284
1296
1304
1301
1298
1294
1309
1288
1323
1342
1322
1294
1283
1267
1259
1265
1271
1277
1276
1284
1258
1261
1244
1247
1237
1245
1258
1266
1256
1246
1232
1240
1273
1251
1278
1301
1326
1317
1310
1298
1278
1258
1270
1280
1292
1299
1292
1288
1240
1237
1257
1263
1263
1280
1310
1257
1254
1234
1224
1222
1240
1250
1281
1294
1272
1294
1283
1263
1260
1283
1289
1304
1306
1301
1287
1271
1253
1261
1295
1292
1301
1309
1324
1257
1251
1250
1266
1264
1285
1294
1263
1276
1270
1261
1251
1241
1285
1300
1311
1311
1289
1314
1280
1264
1277
1285
1299
1304
1307
1277
1252
1272
1267
1284
1299
1316
1312
1332
1285
1279
1248
1243
1243
1251
1259
1277
1260
1252
1236
1221
1223
1260
1261
1277
1287
1286
1258
1259
1235
1245
1258
1266
1290
1293
1289
1268
1247
1234
1219
1253
1276
1279
1293
1256
1256
1235
1232
1238
1243
1264
1297
1299
1296
1279
1274
1268
1278
1291
1293
1316
1312
1299
1278
1243
1224
1263
1273
1284
1316
1328
1299
1321
1234
1250
1274
1276
1298
1308
1308
1268
1256
1251
1239
1245
1265
1295
1292
1312
1291
1256
1247
1235
1245
1265
1277
1298
1274
1266
1245
1203
1240
1287
1277
1307
1312
1303
1268
1242
1221
1233
1251
1264
1287
1289
1294
1274
1255
1243
1270
1262
1290
1305
1313
1293
1251
1265
1245
1260
1261
1285
1300
1317
1299
1256
1273
1256
1236
1265
1279
1305
1296
1284
1273
1256
1203
1265
1279
1286
1306
1306
1272
1281
1255
1244
1239
1277
1297
1253
1315
1282
1267
1237
1259
1286
1270
1279
1317
1305
1278
1252
1226
1261
1255
1285
1317
1320
1294
1284
1259
1237
1250
1221
1256
1282
1288
1289
1265
1245
1207
1225
1258
1270
1292
1297
1282
1250
1222
1248
1237
1270
1273
1296
1300
1292
1273
1243
1245
1207
1268
1296
1321
1327
1303
1283
1261
1281
1264
1291
1320
1337
1350
1318
1279
1221
1207
1266
1270
1295
1315
1312
1284
1262
1201
1227
1231
1266
1289
1308
1313
1297
1263
1254
1221
1260
1271
1304
1306
1338
1286
1234
1201
1214
1229
1262
1290
1291
1295
1263
1233
1184
1190
1234
1270
1297
1300
1311
1263
1189
1171
1207
1240
1273
1289
1304
1304
1275
1201
1262
1253
1236
1277
1309
1316
1317
1280
1218
1262
1202
1262
1302
1326
1328
1309
1287
1263
1262
1204
1239
1289
1292
1279
1291
1282
1219
1264
1225
1303
1313
1329
1332
1302
1288
1278
1251
1191
1312
1312
1327
1309
1287
1284
1232
1242
1199
1286
1277
1299
1305
1268
1269
1260
1236
1222
1304
1307
1312
1316
1283
1261
1252
1261
1254
1305
1319
1333
1334
1303
1268
1222
1269
1210
1317
1308
1321
1320
1274
1276
1239
1258
1190
1311
1313
1312
1303
1288
1257
1188
1182
1205
1289
1298
1310
1280
1275
1202
1228
1248
1223
1313
1315
1329
1302
1281
1232
1255
1253
1209
1311
1323
1324
1299
1281
1221
1234
1202
1181
1295
1309
1304
1282
1276
1278
1262
1198
1206
1332
1344
1322
1303
1283
1273
1248
1208
1158
1317
1333
1314
1279
1269
1233
1246
1189
1227
1317
1324
1307
1274
1266
1209
1216
1225
1205
1305
1319
1320
1273
1276
1249
1271
1185
1250
1291
1319
1317
1265
1273
1203
1234
1239
1314
1333
1334
1342
1295
1301
1199
1261
1223
1294
1324
1326
1310
1280
1263
1237
1261
1214
1307
1333
1343
1311
1255
1232
1184
1253
1191
1302
1328
1322
1305
1287
1235
1260
1181
1254
1307
1321
1321
1293
1273
1208
1261
1232
1237
1320
1321
1319
1272
1267
1237
1181
1183
1228
1296
1309
1335
1273
1262
1189
1208
1240
1239
1300
1327
1304
1274
1261
1245
1195
1192
1230
1320
1326
1321
1285
1274
1231
1228
1213
1233
1332
1328
1327
1273
1262
1241
1193
1244
1241
1330
1333
1321
1285
1283
1260
1214
1278
1258
1349
1352
1318
1288
1282
1216
1209
1259
1210
1326
1323
1321
1274
1258
1252
1201
1263
1310
1316
1324
1310
1272
1244
1253
1223
1243
1313
1321
1319
1275
1263
1202
1257
1220
1218
1316
1322
1329
1285
1272
1243
1219
1224
1251
1316
1326
1320
1280
1263
1218
1179
1183
1225
1308
1320
1311
1282
1267
1209
1266
1251
1211
1335
1324
1322
1292
1270
1264
1266
1215
1197
1335
1331
1326
1274
1275
1238
1196
1254
1240
1322
1314
1297
1268
1261
1218
1261
1195
1257
1335
1361
1323
1268
1268
1192
1206
1243
1311
1312
1305
1239
1289
1200
1209
1235
1207
1339
1341
1330
1272
1308
1238
1254
1264
1199
1322
1322
1314
1232
1304
1242
1185
1201
1237
1334
1357
1328
1199
1309
1194
1228
1232
1211
1329
1321
1308
1227
1305
1256
1202
1253
1252
1301
1316
1303
1198
1296
1245
1219
1209
1309
1323
1326
1216
1202
1325
1217
1313
1284
1346
1350
1341
1199
1184
1309
1196
1241
1202
1319
1317
1308
1185
1229
1317
1240
1231
1242
1337
1333
1324
1230
1249
1274
1225
1216
1226
1335
1324
1319
1211
1274
1304
1185
1251
1229
1324
1323
1310
1192
1265
1187
1185
1221
1221
1324
1317
1316
1191
1295
1218
1232
1258
1245
1327
1325
1312
1197
1286
1238
1243
1234
1322
1331
1338
1221
1236
1294
1211
1250
1257
1334
1344
1339
1248
1223
1301
1244
1211
1207
1335
1341
1336
1203
1192
1284
1221
1224
1245
1326
1335
1330
1208
1231
1318
1252
1205
1245
1337
1307
1328
1236
1255
1307
1181
1248
1232
1327
1329
1321
1240
1240
1293
1210
1218
1193
1313
1320
1310
1181
1225
1315
1229
1216
1247
1323
1318
1281
1256
1295
1306
1190
1251
1313
1343
1345
1297
1259
1261
1326
1225
1275
1342
1292
1344
1271
1227
1309
1220
1183
1210
1283
1320
1323
1233
1246
1306
1261
1203
1215
1350
1350
1357
1275
1238
1322
1212
1200
1225
1306
1321
1311
1240
1219
1288
1189
1195
1193
1320
1322
1330
1207
1224
1310
1233
1249
1312
1348
1346
1338
1246
1215
1288
1169
1201
1215
1297
1316
1230
1203
1219
1295
1209
1182
1297
1348
1342
1327
1258
1267
1317
1174
1199
1299
1334
1351
1273
1195
1269
1281
1176
1213
1273
1335
1358
1279
1319
1264
1353
1225
1279
1350
1370
1402
1319
1301
1328
1187
1202
1198
1253
1295
1278
1212
1172
1264
1169
1160
1253
1289
1326
1343
1225
1264
1311
1184
1209
1209
1306
1328
1325
1256
1195
1275
1197
1186
1251
1287
1321
1335
1246
1255
1287
1220
1219
1262
1331
1353
1329
1298
1268
1322
1224
1206
1258
1321
1343
1310
1249
1249
1289
1208
1158
1229
1324
1337
1232
1290
1325
1330
1216
1241
1274
1339
1348
1301
1229
1258
1288
1156
1156
1243
1302
1337
1212
1278
1296
1331
1179
1308
1269
1335
1343
1224
1271
1317
1208
1217
1225
1290
1311
1324
1210
1204
1302
1230
1216
1255
1279
1305
1309
1189
1227
1306
1177
1165
1296
1328
1358
1311
1306
1291
1334
1233
1225
1241
1296
1325
1222
1251
1218
1302
1202
1162
1254
1325
1366
1281
1324
1371
1372
1269
1205
1270
1322
1347
1256
1283
1208
1296
1159
1201
1247
1288
1314
1242
1216
1326
1261
1221
1112
1254
1309
1334
1256
1231
1334
1296
1158
1264
1256
1303
1324
1249
1234
1312
1160
1141
1253
1266
1320
1346
1295
1260
1364
1285
1253
1311
1313
1344
1300
1247
1196
1309
1151
1173
1206
1256
1281
1212
1244
1205
1321
1207
1196
1257
1336
1360
1312
1299
1259
1395
1227
1202
1274
1322
1346
1283
1229
1330
1332
1187
1208
1216
1289
1291
1221
1269
1246
1341
1226
1271
1309
1369
1386
1342
1391
1324
1384
1285
1208
1245
1279
1278
1214
1159
1276
1243
1189
1245
1255
1295
1334
1286
1319
1344
1259
1245
1280
1245
1281
1292
1188
1163
1287
1173
1154
1253
1263
1310
1278
1254
1288
1362
1287
1274
1288
1346
1360
1282
1295
1309
1366
1251
1269
1255
1305
1317
1213
1200
1217
1302
1214
1183
1202
1304
1306
1260
1260
1277
1374
1259
1294
1314
1355
1359
1261
1321
1305
1303
1188
1170
1214
1283
1287
1194
1272
1295
1315
1240
1234
1295
1355
1361
1287
1291
1347
1254
1236
1218
1260
1315
1304
1203
1207
1289
1240
1182
1292
1276
1321
1234
1264
1249
1311
1234
1260
1323
1307
1342
1287
1232
1238
1323
1235
1239
1293
1277
1293
1254
1206
1199
1301
1241
1206
1353
1365
1372
1237
1364
1296
1370
1291
1232
1274
1315
1301
1169
1214
1232
1288
1206
1191
1283
1290
1335
1276
1308
1296
1307
1267
1257
1257
1331
1331
1187
1221
1220
1292
1228
1178
1270
1314
1309
1185
1167
1149
1220
1180
1284
1252
1322
1315
1221
1213
1312
1266
1276
1338
1344
1361
1310
1221
1232
1296
1186
1229
1323
1292
1322
1265
1199
1213
1304
1251
1243
1342
1338
1351
1261
1303
1231
1304
1183
1253
1273
1313
1321
1202
1292
1179
1302
1216
1268
1295
1336
1316
1217
1298
1167
1294
1190
1225
1290
1318
1344
1220
1300
1206
1327
1255
1223
1289
1317
1309
1200
1224
1204
1291
1215
1208
1309
1369
1308
1293
1298
1258
1349
1260
1340
1301
1345
1332
1234
1181
1272
1201
1228
1296
1272
1310
1205
1246
1199
1237
1156
1184
1263
1269
1275
1275
1262
1236
1303
1201
1223
1336
1378
1355
1220
1304
1177
1286
1222
1168
1281
1319
1323
1251
1304
1232
1322
1297
1245
1341
1380
1369
1281
1323
1236
1314
1209
1232
1297
1335
1318
1206
1254
1175
1281
1201
1214
1315
1361
1357
1256
1263
1219
1300
1237
1229
1291
1324
1327
1208
1196
1215
1194
1143
1264
1238
1292
1245
1275
1219
1297
1237
1220
1315
1348
1393
1308
1320
1279
1329
1268
1275
1338
1309
1321
1249
1263
1207
1259
1203
1254
1290
1326
1352
1230
1316
1222
1318
1189
1254
1310
1310
1309
1217
1272
1218
1269
1224
1200
1281
1334
1334
1205
1301
1171
1280
1151
1214
1266
1309
1336
1211
1289
1223
1316
1188
1196
1282
1330
1321
1194
1202
1244
1276
1190
1219
1289
1352
1359
1279
1278
1213
1245
1205
1323
1292
1332
1276
1289
1195
1203
1239
1263
1289
1288
1357
1337
1324
1258
1293
1220
1243
1312
1290
1315
1244
1298
1219
1258
1221
1244
1271
1336
1335
1204
1317
1146
1288
1199
1244
1318
1345
1365
1246
1340
1206
1327
1194
1273
1286
1327
1326
1212
1254
1218
1283
1225
1251
1293
1356
1358
1231
1306
1203
1317
1189
1205
1275
1338
1339
1246
1276
1255
1284
1181
1260
1289
1348
1354
1233
1288
1199
1270
1224
1280
1269
1317
1217
1281
1185
1153
1156
1188
1273
1259
1338
1291
1327
1254
1298
1193
1175
1322
1324
1346
1225
1329
1214
1276
1212
1235
1281
1285
1339
1293
1318
1198
1297
1220
1224
1320
1344
1365
1264
1366
1258
1334
1275
1235
1300
1342
1340
1204
1298
1207
1262
1201
1219
1253
1319
1335
1255
1308
1204
1332
1221
1241
1304
1361
1362
1296
1256
1224
1294
1168
1301
1276
1349
1343
1244
1217
1215
1209
1233
1332
1279
1345
1312
1343
1274
1214
1240
1197
1340
1281
1342
1300
1323
1215
1271
1175
1159
1291
1273
1336
1218
1335
1214
1296
1254
1205
1294
1312
1346
1208
1336
1222
1306
1182
1241
1301
1314
1333
1245
1303
1249
1284
1175
1207
1245
1285
1328
1196
1288
1166
1285
1224
1215
1249
1317
1325
1278
1251
1204
1290
1176
1197
1287
1347
1357
1338
1265
1253
1322
1226
1294
1271
1329
1333
1272
1255
1185
1250
1222
1307
1294
1344
1249
1336
1258
1229
1234
1198
1321
1285
1354
1292
1354
1194
1303
1234
1213
1281
1276
1333
1262
1321
1239
1264
1204
1212
1268
1295
1341
1217
1341
1245
1318
1234
1182
1294
1301
1319
1257
1337
1180
1292
1247
1231
1269
1346
1354
1275
1324
1250
1299
1186
1253
1285
1304
1320
1249
1328
1213
1296
1237
1217
1282
1339
1323
1262
1270
1213
1299
1166
1261
1239
1322
1324
1314
1195
1207
1222
1174
1180
1261
1329
1242
1323
1206
1228
1236
1213
1318
1277
1339
1281
1335
1209
1316
1261
1259
1317
1305
1352
1230
1342
1252
1287
1244
1176
1265
1307
1347
1280
1332
1196
1290
1238
1192
1312
1312
1332
1258
1328
1249
1295
1206
1219
1261
1337
1349
1238
1352
1236
1319
1252
1175
1265
1327
1327
1318
1281
1228
1288
1219
1211
1269
1325
1355
1327
1277
1217
1304
1234
1263
1255
1315
1318
1283
1236
1232
1234
1221
1265
1302
1360
1301
1346
1266
1236
1261
1234
1305
1270
1331
1258
1336
1269
1310
1232
1228
1308
1295
1324
1233
1319
1171
1266
1163
1227
1276
1301
1341
1284
1345
1259
1323
1206
1245
1329
1313
1336
1256
1308
1236
1291
1229
1235
1261
1320
1347
1248
1315
1179
1295
1212
1201
1264
1294
1327
1286
1305
1224
1312
1196
1242
1317
1346
1352
1345
1311
1210
1319
1197
1257
1285
1341
1277
1340
1232
1210
1257
1173
1280
1275
1339
1302
1338
1229
1207
1252
1219
1317
1279
1327
1245
1304
1211
1267
1229
1229
1295
1282
1335
1250
1336
1246
1282
1227
1188
1302
1298
1351
1284
1366
1257
1322
1205
1225
1298
1334
1359
1261
1333
1213
1306
1177
1186
1218
1307
1331
1225
1323
1251
1303
1237
1227
1261
1308
1334
1310
1317
1212
1307
1242
1225
1324
1342
1348
1317
1251
1273
1298
1195
1284
1266
1322
1252
1308
1241
1167
1182
1179
1178
1251
1321
1257
1298
1211
1217
1199
1174
1291
1273
1340
1280
1341
1267
1305
1193
1201
1287
1297
1329
1219
1327
1245
1265
1175
1203
1271
1284
1340
1258
1332
1207
1291
1208
1191
1224
1299
1336
1258
1326
1224
1299
1172
1178
1281
1320
1350
1274
1338
1260
1318
1201
1263
1289
1343
1357
1334
1351
1241
1308
1247
1239
1266
1339
1340
1302
1283
1176
1325
1193
1199
1262
1321
1258
1325
1177
1210
1240
1180
1246
1269
1340
1294
1328
1246
1216
1259
1239
1294
1262
1329
1263
1324
1313
1282
1176
1226
1190
1204
1318
1348
1352
1313
1254
1233
1230
1212
1211
1224
1251
1323
1308
1282
1247
1252
1258
1238
1215
1281
1272
1317
1300
1288
1273
1251
1270
1284
1258
1284
1226
1253
1344
1340
1348
1311
1322
1312
1287
1206
1241
1232
1294
1312
1328
1335
1281
1299
1299
1194
1250
1194
1207
1349
1355
1337
1287
1265
1244
1173
1237
1204
1181
1321
1321
1318
1299
1245
1263
1266
1247
1210
1260
1266
1324
1290
1275
1245
1241
1251
1169
1263
1207
1204
1310
1306
1304
1294
1307
1283
1299
1270
1231
1228
1210
1310
1303
1320
1299
1310
1301
1272
1235
1253
1216
1303
1308
1316
1312
1281
1264
1260
1215
1231
1212
1261
1349
1347
1345
1287
1271
1256
1198
1251
1249
1222
1342
1347
1316
1325
1270
1268
1280
1269
1247
1264
1292
1316
1290
1276
1236
1246
1256
1206
1211
1247
1229
1296
1302
1303
1283
1275
1323
1284
1208
1160
1213
1151
1285
1294
1306
1285
1286
1285
1246
1181
1203
1236
1287
1313
1319
1307
1258
1226
1227
1205
1202
1219
1208
1321
1293
1264
1209
1177
1171
1115
1151
1168
1205
1228
1273
1239
1231
1191
1216
1245
1269
1304
1316
1339
1401
1382
1340
1302
1305
1327
1338
1349
1412
1436
1425
1468
1418
1349
1278
1278
1308
1364
1402
1376
1377
1477
1382
1295
1213
1168
1186
1269
1315
1399
1365
1338
1354
1223
1096
1007
1016
1089
1170
1267
1333
1290
1296
1189
1071
1001
971
1049
1164
1209
1323
1322
1212
1219
1132
1070
1025
1086
1194
1319
1365
1451
1426
1414
1326
1241
1199
1174
1256
1352
1430
1444
1523
1445
1470
1368
1268
1184
1201
1270
1344
1393
1453
1399
1423
1326
1206
1113
1061
1111
1213
1337
1450
1440
1383
1391
1263
1162
1098
1097
1207
1298
1430
1434
1475
1373
1330
1201
1149
1119
1202
1304
1402
1437
1408
1366
1317
1205
1125
1107
1129
1233
1356
1380
1408
1426
1292
1322
1224
1168
1145
1192
1279
1309
1418
1415
1357
1319
1254
1172
1126
1096
1165
1264
1341
1392
1357
1304
1309
1207
1123
1103
1111
1222
1368
1430
1477
1454
1374
1313
1215
1152
1124
1195
1313
1343
1415
1433
1399
1328
1242
1168
1143
1152
1260
1385
1460
1421
1458
1353
1324
1236
1172
1146
1209
1300
1383
1418
1447
1351
1322
1266
1186
1133
1091
1153
1227
1313
1289
1350
1312
1287
1200
1128
1106
1095
1191
1296
1369
1424
1346
1323
1288
1162
1110
1123
1155
1255
1324
1345
1389
1286
1261
1209
1148
1132
1147
1241
1339
1366
1424
1376
1276
1314
1249
1216
1232
1264
1360
1430
1430
1443
1414
1304
1332
1259
1227
1212
1237
1315
1351
1437
1433
1378
1367
1295
1214
1186
1164
1228
1305
1353
1339
1388
1278
1258
1187
1099
1062
1119
1223
1324
1330
1335
1347
1205
1195
1112
1084
1134
1201
1319
1361
1416
1358
1323
1276
1178
1108
1116
1160
1251
1341
1378
1322
1309
1223
1186
1117
1106
1148
1211
1288
1400
1366
1338
1339
1192
1230
1174
1165
1182
1268
1357
1403
1439
1352
1335
1238
1215
1172
1182
1216
1301
1382
1425
1412
1319
1188
1192
1121
1119
1162
1228
1341
1436
1456
1377
1334
1217
1194
1162
1186
1240
1336
1429
1493
1440
1313
1260
1158
1168
1151
1207
1260
1348
1408
1404
1355
1261
1138
1105
1107
1129
1204
1263
1349
1407
1401
1330
1257
1170
1197
1146
1169
1225
1291
1345
1405
1379
1265
1181
1148
1153
1147
1196
1256
1346
1457
1419
1408
1294
1190
1136
1138
1165
1250
1299
1398
1466
1458
1338
1262
1178
1157
1152
1214
1282
1345
1410
1436
1410
1337
1178
1095
1179
1187
1280
1323
1382
1435
1428
1307
1203
1166
1057
1116
1142
1195
1255
1341
1392
1427
1283
1225
1116
1140
1133
1101
1233
1287
1384
1425
1412
1289
1181
1135
1143
1147
1197
1291
1366
1468
1472
1387
1321
1152
1046
1125
1137
1219
1321
1398
1477
1468
1401
1260
1164
1081
1154
1207
1308
1381
1439
1492
1456
1304
1236
1103
1047
1187
1277
1366
1440
1507
1500
1424
1320
1205
1048
1129
1169
1245
1347
1417
1473
1470
1336
1225
1142
1071
1116
1157
1232
1346
1394
1450
1426
1318
1204
1090
1042
1122
1198
1296
1409
1479
1476
1420
1287
1164
1002
1019
1099
1176
1296
1388
1455
1442
1401
1228
1081
1039
1005
1126
1222
1346
1392
1442
1389
1301
1208
1108
1012
1098
1191
1308
1429
1500
1519
1461
1353
1232
1107
1004
1133
1217
1344
1490
1508
1523
1462
1329
1134
1099
1061
1153
1250
1376
1487
1510
1497
1413
1216
1098
1069
1046
1162
1268
1404
1498
1509
1451
1360
1216
1076
985
1003
1126
1270
1400
1486
1487
1439
1334
1131
1067
979
995
1173
1305
1435
1481
1483
1411
1280
1144
990
1006
1069
1213
1369
1497
1530
1507
1410
1255
1096
991
1006
1111
1273
1417
1534
1546
1499
1381
1179
1056
957
992
1178
1306
1444
1542
1535
1443
1326
1165
998
1001
1038
1216
1374
1515
1598
1549
1459
1309
1095
961
984
1023
1139
1369
1516
1585
1517
1403
1241
1077
923
971
1029
1233
1432
1568
1608
1521
1388
1226
1035
934
999
1049
1316
1505
1620
1624
1484
1335
1165
951
887
969
1060
1327
1520
1611
1586
1452
1285
1124
919
928
949
1186
1413
1575
1639
1586
1426
1251
1037
951
968
1013
1284
1456
1610
1654
1535
1413
1206
1023
931
964
1005
1320
1517
1641
1656
1530
1356
1166
987
936
970
1133
1381
1544
1650
1627
1448
1292
1113
949
969
1014
1117
1403
1564
1633
1587
1409
1217
1045
908
888
956
1134
1405
1545
1627
1546
1371
1175
1010
895
875
1031
1222
1437
1588
1613
1527
1320
1129
988
912
887
1051
1276
1534
1646
1644
1524
1318
1136
986
923
949
1115
1329
1552
1664
1641
1500
1274
1091
960
906
953
1174
1388
1571
1672
1627
1461
1253
1054
953
955
1061
1202
1422
1641
1679
1598
1417
1155
1020
939
893
1029
1244
1447
1629
1644
1556
1363
1143
983
925
888
1042
1297
1496
1645
1635
1511
1319
1106
970
934
934
1110
1293
1499
1630
1589
1451
1260
1057
921
900
979
1165
1348
1531
1644
1590
1447
1261
1060
900
933
1038
1227
1424
1579
1651
1582
1405
1210
1044
912
949
1013
1246
1410
1633
1619
1520
1347
1170
1028
932
991
1103
1271
1498
1610
1623
1496
1350
1165
1026
950
1003
1071
1296
1494
1607
1599
1468
1302
1126
1001
935
1000
1096
1306
1468
1625
1569
1440
1278
1112
989
952
1072
1184
1327
1469
1602
1519
1389
1238
1089
999
957
1068
1218
1418
1518
1576
1511
1368
1212
1067
997
989
1102
1264
1467
1520
1570
1505
1365
1225
1088
1012
1014
1137
1312
1473
1514
1575
1485
1341
1201
1086
1036
1065
1177
1348
1434
1509
1578
1450
1291
1168
1070
1049
1063
1174
1303
1422
1495
1520
1390
1263
1146
1049
1027
1093
1172
1333
1398
1505
1423
1386
1242
1136
1079
1034
1097
1189
1350
1417
1513
1468
1353
1244
1119
1045
1037
1096
1215
1368
1458
1524
1473
1341
1207
1059
1047
1044
1147
1237
1392
1455
1518
1419
1317
1205
1117
1083
1111
1190
1293
1402
1501
1506
1444
1288
1218
1117
1080
1106
1158
1283
1385
1470
1506
1431
1332
1223
1110
1090
1133
1206
1314
1402
1481
1493
1389
1293
1183
1104
1076
1123
1212
1315
1402
1462
1443
1376
1291
1190
1119
1107
1150
1230
1310
1373
1446
1434
1368
1228
1177
1118
1081
1128
1198
1288
1366
1393
1408
1345
1248
1202
1114
1111
1138
1195
1282
1339
1402
1420
1373
1335
1223
1110
1131
1163
1215
1301
1363
1410
1411
1357
1288
1212
1129
1125
1154
1214
1325
1364
1388
1384
1335
1268
1200
1169
1155
1191
1234
1301
1356
1397
1407
1323
1298
1227
1180
1163
1169
1218
1245
1329
1394
1389
1373
1303
1257
1195
1175
1154
1200
1250
1320
1373
1395
1361
1296
1232
1193
1161
1176
1223
1279
1346
1393
1386
1358
1290
1260
1167
1174
1174
1204
1256
1302
1346
1322
1346
1326
1251
1210
1186
1174
1216
1250
1298
1340
1369
1361
1332
1291
1238
1203
1194
1215
1243
1315
1345
1360
1353
1320
1283
1239
1211
1228
1225
1265
1311
1340
1349
1349
1294
1270
1235
1210
1203
1192
1211
1262
1275
1299
1305
1286
1282
1256
1239
1229
1209
1240
1247
1277
1293
1313
1313
1319
1292
1247
1257
1256
1232
1238
1244
1270
1261
1297
1276
1270
1255
1252
1241
1230
1236
1230
1248
1283
1294
1301
1310
1311
1314
1282
1264
1238
1215
1225
1247
1272
1302
1322
1344
1329
1300
1257
1218
1193
1238
1226
1272
1317
1348
1359
1335
1322
1304
1257
1213
1207
1220
1260
1307
1360
1383
1375
1346
1294
1232
1194
1142
1200
1257
1309
1371
1415
1419
1379
1302
1195
1147
1136
1145
1196
1275
1354
1414
1421
1377
1325
1205
1142
1101
1117
1176
1274
1359
1417
1434
1394
1316
1213
1117
1111
1106
1173
1238
1349
1420
1448
1425
1327
1229
1145
1086
1074
1129
1224
1327
1424
1472
1450
1374
1271
1184
1123
1098
1139
1216
1330
1445
1457
1459
1381
1269
1163
1099
1088
1132
1214
1356
1438
1488
1478
1404
1288
1187
1084
1086
1107
1189
1288
1379
1457
1436
1414
1323
1218
1128
1088
1096
1160
1221
1356
1423
1466
1419
1339
1241
1152
1130
1146
1189
1248
1339
1422
1466
1428
1350
1265
1164
1104
1112
1152
1229
1323
1390
1465
1394
1377
1294
1214
1153
1128
1152
1223
1282
1358
1401
1421
1393
1327
1252
1188
1151
1166
1179
1248
1288
1377
1395
1398
1345
1275
1205
1156
1136
1112
1208
1280
1326
1378
1378
1341
1295
1222
1186
1146
1167
1192
1248
1303
1350
1365
1368
1337
1287
1245
1196
1186
1184
1218
1259
1321
1332
1354
1371
1319
1257
1207
1178
1146
1174
1205
1283
1338
1378
1382
1352
1303
1245
1192
1161
1143
1221
1261
1310
1355
1363
1352
1312
1241
1219
1169
1159
1175
1219
1273
1328
1367
1402
1356
1319
1256
1205
1160
1160
1215
1233
1320
1389
1413
1394
1349
1285
1194
1164
1146
1174
1231
1313
1389
1424
1412
1328
1295
1238
1164
1138
1144
1214
1317
1381
1384
1396
1370
1309
1247
1179
1116
1119
1172
1231
1300
1360
1394
1392
1323
1275
1202
1149
1116
1147
1206
1295
1362
1406
1404
1351
1280
1197
1145
1114
1136
1218
1267
1356
1403
1405
1336
1299
1238
1196
1153
1163
1203
1264
1320
1364
1394
1363
1319
1271
1205
1166
1154
1180
1217
1293
1347
1393
1410
1369
1311
1236
1203
1193
1133
1212
1270
1335
1362
1389
1363
1309
1240
1172
1161
1167
1212
1260
1309
1356
1375
1378
1329
1279
1225
1190
1187
1193
1217
1269
1343
1352
1393
1355
1319
1253
1220
1184
1160
1198
1239
1293
1340
1362
1372
1329
1266
1237
1211
1170
1177
1219
1260
1315
1364
1364
1343
1304
1256
1220
1188
1179
1185
1251
1278
1313
1347
1348
1338
1297
1259
1233
1187
1185
1198
1241
1287
1341
1365
1358
1331
1280
1227
1174
1157
1191
1219
1282
1295
1374
1385
1372
1326
1267
1210
1188
1174
1203
1248
1299
1338
1367
1375
1327
1292
1222
1179
1149
1145
1182
1235
1309
1350
1389
1382
1336
1282
1202
1154
1143
1134
1216
1285
1348
1386
1389
1355
1292
1226
1166
1161
1157
1201
1256
1316
1367
1405
1372
1362
1281
1217
1172
1169
1190
1228
1287
1396
1381
1403
1378
1336
1274
1202
1157
1168
1204
1254
1311
1356
1366
1385
1342
1287
1236
1188
1177
1185
1220
1258
1316
1369
1360
1347
1305
1263
1197
1185
1169
1206
1226
1264
1305
1330
1357
1351
1305
1274
1217
1200
1186
1195
1231
1255
1299
1328
1330
1314
1309
1250
1225
1195
1195
1209
1227
1261
1305
1327
1321
1329
1288
1266
1228
1206
1200
1219
1234
1274
1313
1345
1338
1355
1313
1269
1225
1199
1199
1209
1234
1298
1336
1354
1368
1331
1282
1236
1203
1185
1185
1209
1253
1292
1335
1349
1336
1300
1308
1240
1218
1204
1199
1235
1273
1322
1353
1360
1339
1323
1259
1212
1207
1175
1201
1222
1296
1334
1366
1354
1316
1273
1242
1203
1195
1203
1239
1281
1329
1349
1326
1336
1290
1247
1228
1204
1211
1231
1272
1317
1308
1356
1344
1302
1258
1229
1215
1195
1218
1262
1310
1329
1342
1337
1302
1264
1207
1209
1205
1216
1249
1276
1313
1341
1325
1301
1278
1241
1217
1210
1214
1249
1282
1340
1305
1326
1309
1287
1247
1232
1204
1216
1234
1258
1299
1332
1346
1327
1295
1272
1241
1222
1212
1213
1242
1267
1295
1341
1317
1319
1292
1268
1236
1215
1198
1217
1241
1269
1267
1325
1327
1328
1293
1264
1224
1209
1213
1219
1251
1286
1323
1348
1347
1328
1286
1249
1211
1193
1199
1213
1262
1296
1321
1349
1352
1321
1277
1242
1216
1203
1212
1242
1283
1322
1356
1371
1334
1323
1272
1244
1215
1197
1213
1226
1294
1309
1357
1362
1334
1299
1250
1227
1208
1203
1225
1268
1309
1335
1356
1334
1306
1267
1284
1208
1188
1182
1222
1262
1298
1318
1334
1327
1299
1265
1240
1215
1206
1204
1245
1277
1323
1368
1349
1329
1280
1265
1232
1213
1216
1232
1263
1270
1322
1329
1326
1306
1296
1252
1224
1216
1228
1247
1273
1321
1321
1329
1309
1294
1257
1239
1213
1233
1227
1241
1265
1293
1312
1332
1306
1291
1215
1244
1222
1232
1247
1278
1295
1335
1333
1304
1304
1280
1251
1224
1226
1215
1256
1284
1306
1338
1322
1305
1287
1269
1234
1239
1217
1250
1268
1285
1311
1330
1320
1288
1277
1258
1238
1230
1236
1239
1265
1285
1292
1302
1287
1276
1246
1237
1234
1267
1272
1273
1289
1315
1305
1295
1266
1253
1277
1247
1258
1266
1280
1286
1291
1284
1294
1267
1265
1265
1262
1257
1282
1273
1300
1298
1296
1289
1274
1273
1254
1251
1286
1266
1282
1287
1291
1294
1281
1266
1260
1255
1251
1236
1263
1282
1299
1296
1296
1282
1278
1248
1252
1245
1235
1244
1264
1268
1305
1288
1291
1277
1267
1260
1245
1240
1231
1246
1259
1268
1282
1287
1281
1298
1298
1283
1266
1258
1269
1256
1258
1251
1291
1303
1312
1322
1301
1287
1262
1248
1220
1244
1250
1244
1286
1299
1320
1326
1319
1295
1274
1253
1242
1227
1244
1260
1280
1349
1321
1330
1317
1294
1260
1243
1224
1228
1225
1253
1288
1303
1322
1326
1301
1281
1253
1233
1218
1211
1236
1248
1286
1315
1316
1316
1302
1282
1261
1247
1238
1195
1238
1275
1289
1313
1303
1297
1271
1258
1282
1249
1242
1250
1266
1273
1270
1286
1291
1277
1263
1262
1256
1260
1269
1264
1285
1234
1291
1273
1268
1260
1245
1261
1266
1286
1291
1295
1307
1277
1263
1249
1236
1241
1248
1258
1275
1287
1296
1291
1304
1264
1263
1250
1243
1245
1250
1264
1282
1303
1302
1301
1292
1268
1256
1247
1217
1233
1247
1294
1296
1304
1309
1298
1292
1267
1247
1238
1236
1242
1255
1272
1286
1296
1304
1337
1279
1281
1256
1254
1232
1250
1253
1281
1300
1294
1311
1291
1283
1266
1251
1240
1237
1264
1256
1269
1285
1283
1286
1301
1272
1261
1246
1243
1238
1251
1262
1280
1291
1309
1301
1290
1268
1251
1208
1228
1228
1240
1259
1275
1297
1292
1282
1280
1261
1238
1233
1230
1240
1257
1256
1281
1309
1306
1294
1287
1269
1256
1240
1232
1276
1276
1284
1296
1298
1297
1287
1276
1225
1223
1220
1225
1240
1259
1287
1287
1283
1288
1275
1257
1221
1222
1218
1234
1266
1280
1304
1309
1303
1287
1268
1254
1238
1227
1261
1246
1259
1284
1318
1305
1316
1297
1280
1255
1236
1219
1253
1225
1256
1280
1323
1337
1343
1323
1297
1267
1233
1226
1219
1234
1263
1311
1296
1330
1336
1323
1283
1279
1253
1238
1220
1218
1233
1248
1277
1334
1318
1322
1324
1274
1239
1210
1195
1203
1239
1251
1285
1313
1328
1324
1300
1268
1210
1259
1241
1235
1240
1244
1269
1287
1282
1266
1269
1270
1260
1263
1252
1237
1255
1255
1265
1268
1267
1277
1274
1283
1277
1290
1289
1298
1300
1294
1280
1269
1260
1267
1244
1253
1280
1306
1333
1335
1326
1267
1264
1219
1187
1190
1201
1241
1291
1320
1342
1340
1319
1300
1246
1217
1190
1197
1269
1243
1292
1319
1345
1342
1346
1302
1294
1237
1203
1184
1195
1223
1271
1291
1326
1351
1341
1312
1271
1239
1202
1199
1253
1248
1281
1304
1312
1312
1312
1305
1288
1293
1285
1258
1249
1234
1240
1230
1241
1292
1301
1318
1324
1315
1284
1262
1245
1215
1210
1221
1241
1266
1282
1304
1315
1311
1301
1286
1270
1247
1230
1208
1212
1244
1252
1282
1315
1330
1331
1308
1290
1248
1237
1221
1218
1224
1241
1288
1303
1307
1297
1311
1303
1271
1265
1241
1232
1227
1219
1227
1250
1265
1311
1339
1359
1345
1319
1274
1237
1203
1194
1221
1231
1279
1318
1347
1354
1336
1306
1261
1236
1210
1202
1217
1243
1280
1320
1313
1349
1332
1320
1275
1261
1233
1213
1212
1230
1270
1301
1330
1344
1341
1316
1292
1240
1213
1195
1211
1268
1273
1303
1309
1322
1307
1289
1263
1251
1238
1236
1257
1252
1263
1277
1282
1296
1300
1303
1293
1284
1256
1237
1256
1248
1256
1280
1307
1305
1302
1298
1279
1232
1235
1225
1228
1246
1242
1273
1283
1287
1299
1280
1261
1263
1255
1245
1247
1249
1243
1261
1271
1288
1303
1297
1293
1294
1252
1219
1249
1252
1263
1274
1280
1290
1287
1286
1275
1268
1262
1261
1268
1280
1274
1291
1285
1280
1294
1273
1274
1275
1261
1279
1284
1277
1264
1262
1261
1267
1283
1259
1296
1285
1290
1267
1260
1258
1238
1265
1270
1286
1293
1288
1286
1289
1267
1270
1260
1259
1262
1265
1271
1273
1258
1283
1295
1346
1300
1294
1273
1263
1257
1248
1246
1265
1283
1294
1308
1291
1290
1277
1261
1251
1252
1257
1264
1263
1274
1276
1278
1291
1283
1289
1293
1268
1289
1267
1254
1241
1248
1250
1263
1279
1280
1298
1286
1282
1277
1253
1272
1267
1269
1265
1278
1282
1272
1258
1272
1275
1277
1281
1284
1273
1279
1208
1275
1278
1276
1270
1275
1284
1286
1275
1275
1278
1284
1286
1286
1292
1271
1256
1256
1246
1245
1245
1260
1265
1253
1288
1308
1302
1290
1257
1250
1251
1256
1255
1270
1283
1299
1302
1303
1299
1289
1290
1282
1267
1258
1250
1247
1250
1264
1259
1292
1295
1306
1296
1289
1260
1274
1260
1257
1298
1275
1278
1287
1277
1294
1300
1305
1307
1291
1283
1278
1258
1252
1250
1256
1257
1286
1312
1323
1313
1298
1254
1254
1266
1235
1248
1263
1276
1261
1332
1295
1293
1275
1263
1251
1246
1245
1259
1257
1262
1259
1280
1286
1282
1285
1260
1267
1266
1255
1252
1249
1268
1275
1268
1287
1286
1283
1275
1283
1272
1267
1274
1268
1279
1288
1284
1289
1283
1288
1284
1286
1285
1271
1267
1260
1269
1256
1253
1271
1269
1293
1276
1290
1287
1267
1255
1240
1251
1268
1283
1303
1315
1319
1310
1301
1287
1260
1253
1283
1259
1271
1281
1296
1311
1310
1300
1296
1285
1266
1252
1244
1226
1257
1262
1289
1302
1309
1304
1287
1263
1239
1242
1243
1262
1276
1304
1298
1300
1286
1275
1238
1255
1254
1264
1271
1272
1279
1269
1271
1283
1237
1253
1248
1253
1255
1264
1272
1270
1296
1269
1270
1262
1268
1264
1258
1266
1207
1273
1282
1304
1289
1277
1283
1292
1287
1278
1274
1275
1279
1276
1276
1259
1259
1257
1260
1262
1269
1286
1284
1293
1297
1272
1260
1244
1248
1245
1263
1288
1309
1304
1306
1298
1283
1272
1249
1257
1282
1249
1277
1284
1279
1285
1279
1282
1290
1260
1273
1271
1266
1266
1267
1270
1269
1272
1316
1297
1284
1266
1281
1268
1284
1271
1287
1284
1280
1299
1263
1259
1263
1264
1291
1302
1302
1306
1292
1279
1256
1246
1258
1249
1255
1286
1283
1292
1287
1289
1285
1274
1271
1248
1262
1253
1254
1244
1258
1284
1279
1294
1294
1297
1280
1283
1266
1260
1251
1238
1257
1266
1269
1281
1280
1291
1284
1286
1280
1271
1264
1257
1263
1276
1263
1260
1277
1289
1291
1295
1298
1273
1272
1259
1257
1256
1260
1272
1270
1285
1271
1288
1282
1266
1255
1252
1249
1274
1272
1273
1278
1280
1274
1275
1271
1270
1277
1277
1280
1275
1268
1266
1254
1266
1270
1274
1278
1273
1300
1277
1278
1273
1267
1274
1277
1281
1279
1272
1266
1284
1281
1269
1286
1267
1277
1269
1253
1261
1256
1226
1267
1285
1292
1294
1285
1282
1258
1253
1286
1259
1274
1275
1294
1283
1283
1274
1277
1280
1272
1273
1269
1277
1276
1270
1269
1262
1272
1278
1271
1276
1264
1272
1278
1266
1260
1269
1276
1280
1264
1275
1267
1270
1265
1268
1276
1273
1282
1274
1282
1284
1282
1277
1270
1276
1258
1271
1266
1261
1260
1267
1273
1282
1311
1300
1292
1283
1236
1265
1256
1250
1247
1259
1277
1299
1303
1302
1297
1285
1281
1245
1259
1259
1270
1281
1286
1286
1297
1281
1264
1283
1259
1271
1271
1270
1277
1273
1278
1281
1276
1270
1265
1269
1262
1269
1273
1281
1289
1295
1295
1291
1276
1261
1252
1250
1256
1272
1289
1300
1306
1309
1300
1287
1261
1270
1290
1263
1278
1285
1296
1283
1294
1270
1283
1279
1275
1276
1273
1255
1274
1295
1270
1266
1268
1272
1272
1277
1268
1253
1296
1277
1282
1271
1277
1271
1271
1272
1260
1272
1273
1277
1282
1281
1294
1264
1281
1266
1276
1271
1265
1270
1268
1293
1281
1285
1277
1278
1274
1271
1274
1265
1267
1268
1249
1257
1252
1248
1256
1255
1278
1292
1304
1297
1293
1281
1263
1253
1249
1242
1260
1272
1289
1302
1298
1298
1283
1285
1253
1269
1264
1263
1266
1262
1273
1285
1231
1284
1281
1280
1272
1258
1262
1250
1261
1317
1280
1280
1277
1279
1269
1266
1259
1269
1270
1276
1278
1303
1280
1280
1264
1264
1266
1272
1277
1282
1282
1278
1281
1283
1271
1270
1264
1266
1264
1263
1268
1253
1268
1272
1279
1274
1272
1287
1258
1252
1264
1255
1261
1265
1276
1285
1294
1290
1257
1270
1260
1255
1245
1250
1252
1261
1276
1248
1291
1298
1279
1268
1252
1255
1281
1260
1265
1277
1286
1288
1292
1286
1279
1271
1258
1260
1261
1262
1269
1274
1294
1286
1294
1280
1279
1268
1262
1280
1275
1284
1282
1285
1286
1276
1265
1257
1221
1244
1269
1267
1268
1269
1275
1268
1240
1252
1252
1244
1255
1262
1270
1277
1273
1278
1282
1332
1272
1273
1262
1268
1261
1274
1273
1297
1288
1288
1287
1280
1272
1272
1265
1280
1272
1279
1279
1268
1268
1257
1254
1278
1265
1270
1281
1283
1290
1278
1269
1241
1252
1251
1256
1268
1296
1296
1288
1290
1276
1274
1263
1253
1241
1252
1257
1277
1285
1289
1292
1289
1285
1268
1262
1249
1258
1220
1281
1292
1302
1299
1285
1266
1266
1271
1246
1244
1261
1283
1290
1305
1289
1293
1274
1262
1249
1239
1245
1251
1270
1296
1292
1296
1284
1278
1241
1259
1262
1208
1276
1286
1299
1300
1292
1291
1280
1278
1290
1270
1274
1282
1284
1284
1289
1279
1285
1275
1267
1262
1260
1262
1274
1282
1288
1311
1310
1288
1289
1259
1243
1258
1266
1278
1290
1296
1296
1288
1280
1269
1234
1257
1270
1277
1294
1286
1290
1277
1275
1288
1270
1273
1276
1280
1279
1281
1277
1277
1272
1271
1271
1271
1282
1274
1261
1275
1243
1283
1293
1280
1274
1257
1256
1239
1237
1249
1275
1278
1290
1296
1294
1285
1272
1257
1262
1261
1263
1279
1275
1269
1279
1288
1292
1279
1274
1278
1284
1294
1287
1283
1280
1275
1268
1262
1272
1270
1282
1281
1299
1292
1281
1278
1280
1288
1265
1268
1269
1273
1273
1277
1273
1272
1271
1279
1310
1270
1272
1263
1266
1269
1280
1284
1288
1289
1286
1282
1268
1274
1274
1270
1277
1283
1294
1290
1275
1277
1272
1258
1277
1276
1290
1297
1301
1296
1286
1274
1248
1264
1266
1274
1283
1303
1298
1286
1281
1272
1252
1274
1267
1267
1265
1274
1285
1285
1282
1279
1282
1270
1265
1256
1251
1233
1231
1276
1291
1294
1293
1280
1273
1260
1249
1262
1254
1277
1288
1306
1312
1287
1271
1263
1249
1248
1248
1267
1270
1274
1282
1304
1294
1282
1273
1284
1269
1279
1225
1290
1293
1294
1290
1298
1272
1262
1258
1286
1265
1292
1281
1296
1278
1281
1272
1257
1255
1252
1251
1257
1262
1279
1277
1268
1298
1279
1271
1257
1248
1246
1270
1274
1295
1305
1306
1293
1284
1274
1265
1255
1260
1284
1303
1308
1302
1303
1276
1266
1301
1258
1260
1272
1281
1291
1298
1296
1288
1271
1258
1267
1250
1258
1266
1272
1296
1266
1304
1302
1284
1254
1249
1244
1253
1245
1270
1294
1309
1323
1302
1282
1256
1242
1228
1241
1249
1262
1288
1292
1298
1278
1269
1259
1246
1244
1257
1292
1291
1298
1303
1295
1285
1270
1255
1254
1247
1260
1264
1288
1298
1305
1296
1279
1271
1264
1247
1250
1253
1274
1277
1290
1295
1290
1286
1337
1257
1261
1253
1261
1264
1291
1287
1306
1297
1293
1266
1252
1251
1253
1254
1269
1279
1287
1289
1263
1265
1244
1243
1237
1250
1272
1280
1317
1296
1297
1283
1261
1270
1263
1257
1259
1272
1284
1290
1300
1314
1301
1292
1282
1272
1258
1264
1269
1279
1281
1289
1310
1289
1279
1265
1275
1251
1204
1263
1296
1277
1284
1279
1285
1286
1264
1257
1254
1260
1264
1273
1282
1258
1281
1280
1277
1271
1263
1261
1254
1261
1252
1275
1278
1281
1281
1281
1276
1282
1241
1270
1264
1277
1253
1279
1280
1277
1283
1278
1281
1276
1279
1281
1277
1279
1292
1280
1272
1269
1275
1264
1267
1270
1270
1271
1305
1288
1294
1269
1268
1265
1277
1257
1276
1275
1256
1266
1265
1270
1275
1260
1284
1285
1291
1281
1277
1272
1261
1265
1315
1280
1277
1283
1288
1279
1278
1270
1278
1262
1267
1283
1275
1275
1283
1264
1289
1261
1290
1280
1270
1270
1264
1274
1282
1278
1288
1297
1294
1288
1284
1273
1264
1264
1280
1275
1281
1285
1291
1277
1280
1278
1267
1265
1256
1260
1260
1274
1270
1253
1279
1277
1273
1273
1263
1266
1257
1265
1242
1264
1286
1295
1295
1295
1288
1284
1278
1263
1265
1271
1280
1302
1293
1285
1287
1295
1244
1267
1261
1268
1267
1295
1278
1288
1285
1282
1270
1263
1263
1263
1255
1264
1259
1281
1288
1288
1284
1273
1277
1269
1278
1263
1268
1276
1283
1290
1297
1280
1264
1267
1261
1247
1248
1250
1257
1290
1318
1288
1293
1278
1271
1258
1254
1253
1243
1269
1282
1297
1301
1303
1299
1284
1278
1236
1264
1265
1267
1279
1279
1294
1309
1298
1294
1283
1266
1255
1252
1250
1248
1273
1286
1293
1290
1261
1270
1248
1257
1246
1252
1264
1268
1285
1290
1289
1294
1290
1266
1263
1262
1244
1268
1274
1279
1276
1243
1274
1294
1269
1268
1258
1266
1274
1244
1265
1272
1268
1277
1280
1283
1268
1248
1295
1263
1265
1275
1288
1287
1297
1278
1304
1280
1274
1271
1270
1280
1283
1271
1279
1276
1275
1272
1257
1260
1260
1279
1278
1272
1261
1262
1259
1260
1267
1252
1278
1277
1279
1280
1268
1263
1269
1244
1267
1300
1276
1282
1274
1270
1262
1289
1268
1273
1274
1274
1273
1272
1271
1291
1268
1274
1288
1274
1273
1267
1263
1284
1267
1287
1279
1280
1274
1275
1268
1260
1256
1250
1269
1253
1284
1291
1283
1276
1266
1260
1238
1264
1272
1283
1285
1288
1285
1287
1277
1265
1263
1271
1266
1271
1274
1271
1263
1250
1271
1269
1269
1268
1265
1270
1269
1266
1270
1259
1267
1274
1280
1273
1260
1269
1241
1258
1257
1277
1266
1264
1277
1263
1277
1275
1270
1273
1268
1274
1281
1225
1251
1260
1278
1283
1275
1279
1279
1284
1303
1278
1280
1279
1267
1264
1272
1266
1271
1271
1271
1267
1262
1264
1269
1265
1282
1301
1283
1258
1269
1270
1257
1265
1253
1276
1278
1270
1282
1284
1279
1275
1264
1274
1278
1277
1279
1256
1275
1269
1281
1303
1292
1292
1289
1287
1279
1275
1275
1271
1264
1275
1283
1304
1283
1288
1273
1271
1237
1270
1268
1266
1267
1262
1267
1278
1270
1273
1275
1259
1275
1273
1265
1251
1255
1250
1260
1266
1277
1273
1276
1280
1271
1269
1263
1254
1255
1261
1273
1285
1279
1282
1292
1270
1263
1256
1257
1256
1246
1249
1274
1280
1276
1270
1275
1274
1275
1268
1264
1261
1270
1276
1280
1290
1264
1282
1318
1261
1256
1244
1253
1257
1273
1278
1291
1286
1274
1261
1247
1244
1241
1248
1261
1278
1266
1287
1280
1273
1274
1257
1263
1254
1263
1267
1290
1279
1278
1280
1262
1270
1261
1257
1259
1257
1280
1273
1286
1299
1288
1293
1284
1267
1255
1257
1261
1268
1278
1292
1296
1296
1303
1275
1258
1254
1210
1267
1280
1283
1311
1285
1287
1287
1269
1260
1247
1263
1264
1274
1278
1277
1278
1273
1245
1260
1263
1268
1261
1279
1269
1296
1291
1287
1285
1265
1256
1254
1209
1257
1267
1284
1286
1291
1291
1276
1270
1253
1245
1249
1270
1276
1285
1297
1301
1297
1276
1262
1233
1242
1255
1269
1277
1298
1335
1306
1300
1279
1264
1245
1254
1257
1278
1291
1299
1316
1309
1302
1290
1271
1263
1257
1258
1271
1280
1292
1298
1303
1318
1275
1257
1250
1244
1246
1259
1278
1279
1299
1295
1289
1268
1247
1239
1231
1234
1233
1279
1294
1292
1295
1284
1275
1263
1247
1249
1258
1265
1282
1297
1302
1293
1286
1273
1263
1254
1253
1262
1271
1286
1299
1305
1300
1271
1275
1261
1255
1258
1249
1264
1277
1286
1293
1283
1277
1263
1256
1240
1258
1252
1267
1279
1279
1283
1278
1266
1254
1259
1253
1240
1263
1281
1273
1277
1317
1254
1260
1252
1258
1255
1274
1278
1296
1299
1292
1283
1269
1267
1267
1259
1269
1301
1285
1294
1287
1281
1260
1266
1264
1260
1264
1264
1277
1281
1288
1287
1275
1283
1254
1265
1261
1257
1270
1274
1283
1307
1291
1288
1269
1259
1249
1250
1257
1250
1281
1292
1292
1285
1277
1264
1249
1274
1200
1260
1273
1283
1286
1283
1287
1286
1268
1266
1257
1257
1263
1271
1282
1284
1289
1287
1286
1276
1276
1259
1250
1243
1251
1278
1277
1288
1284
1278
1270
1263
1223
1247
1254
1266
1270
1283
1295
1300
1279
1261
1252
1248
1246
1259
1262
1282
1292
1292
1287
1295
1268
1258
1254
1250
1252
1258
1302
1272
1282
1278
1277
1286
1268
1255
1262
1263
1261
1265
1268
1272
1281
1261
1272
1259
1256
1256
1248
1269
1262
1274
1305
1292
1293
1282
1277
1261
1273
1262
1282
1277
1285
1294
1289
1309
1287
1269
1270
1271
1275
1279
1269
1269
1281
1287
1294
1288
1279
1278
1269
1284
1260
1261
1261
1273
1277
1288
1284
1283
1284
1263
1267
1274
1280
1274
1284
1292
1297
1296
1290
1247
1288
1266
1270
1270
1249
1281
1277
1283
1262
1285
1279
1282
1268
1260
1259
1269
1260
1272
1276
1280
1282
1282
1275
1261
1256
1272
1273
1263
1276
1290
1291
1298
1296
1284
1270
1256
1251
1251
1264
1284
1303
1296
1296
1282
1279
1261
1258
1251
1257
1268
1280
1290
1292
1292
1265
1277
1281
1254
1265
1263
1271
1278
1281
1288
1253
1285
1316
1283
1271
1259
1262
1260
1271
1277
1285
1287
1296
1276
1260
1252
1254
1251
1261
1250
1279
1289
1280
1292
1252
1255
1265
1262
1261
1274
1284
1283
1282
1278
1268
1261
1260
1263
1264
1269
1276
1272
1284
1286
1288
1282
1287
1269
1232
1266
1271
1267
1277
1287
1292
1290
1284
1275
1266
1264
1232
1271
1281
1279
1291
1285
1286
1283
1273
1267
1266
1265
1273
1289
1279
1270
1272
1302
1269
1269
1265
1280
1273
1283
1261
1269
1265
1256
1274
1260
1264
1279
1272
1288
1281
1277
1278
1258
1258
1254
1263
1284
1287
1289
1313
1291
1276
1277
1267
1265
1258
1257
1267
1256
1286
1296
1291
1294
1304
1273
1257
1240
1247
1255
1272
1294
1305
1304
1301
1282
1256
1240
1235
1254
1247
1264
1288
1300
1297
1287
1265
1231
1253
1233
1240
1253
1271
1275
1287
1304
1273
1275
1263
1257
1247
1245
1255
1283
1278
1278
1302
1300
1286
1274
1255
1264
1251
1254
1266
1281
1303
1291
1301
1291
1269
1255
1243
1245
1258
1269
1283
1294
1303
1293
1289
1270
1228
1252
1249
1258
1273
1291
1282
1288
1290
1282
1271
1240
1250
1251
1236
1259
1252
1268
1277
1253
1275
1274
1225
1256
1254
1233
1257
1254
1269
1265
1277
1309
1280
1273
1272
1276
1267
1277
1280
1288
1289
1289
1283
1278
1280
1267
1282
1282
1283
1284
1281
1273
1269
1264
1276
1290
1286
1293
1289
1285
1278
1257
1268
1258
1275
1281
1291
1287
1281
1281
1266
1268
1283
1269
1273
1281
1282
1291
1280
1280
1283
1273
1265
1265
1260
1254
1274
1257
1279
1239
1284
1289
1274
1291
1263
1261
1275
1261
1269
1278
1291
1293
1296
1284
1269
1261
1252
1259
1259
1288
1280
1278
1289
1272
1278
1272
1267
1287
1256
1262
1270
1277
1274
1277
1281
1256
1271
1270
1261
1261
1260
1270
1267
1264
1275
1272
1281
1277
1278
1264
1265
1260
1277
1264
1280
1274
1278
1330
1271
1282
1271
1273
1260
1273
1267
1276
1274
1266
1285
1286
1291
1295
1289
1292
1279
1285
1276
1262
1271
1264
1279
1300
1300
1264
1289
1276
1261
1263
1255
1235
1262
1273
1262
1284
1287
1284
1270
1264
1262
1240
1253
1258
1274
1266
1277
1283
1282
1275
1268
1264
1260
1256
1258
1255
1265
1250
1279
1281
1276
1268
1257
1259
1262
1265
1269
1275
1280
1278
1275
1273
1230
1243
1258
1267
1272
1279
1285
1280
1286
1255
1269
1257
1252
1254
1257
1271
1283
1229
1289
1282
1276
1264
1278
1247
1236
1251
1274
1270
1278
1285
1275
1275
1272
1258
1247
1242
1247
1254
1283
1283
1282
1286
1283
1294
1261
1251
1251
1244
1240
1268
1288
1293
1299
1288
1289
1271
1258
1251
1243
1230
1263
1271
1271
1281
1283
1270
1272
1291
1265
1260
1258
1261
1254
1263
1269
1262
1274
1275
1270
1266
1254
1251
1249
1259
1235
1274
1284
1280
1275
1266
1272
1258
1271
1267
1270
1267
1263
1266
1253
1268
1269
1268
1277
1275
1273
1274
1261
1249
1251
1258
1268
1271
1277
1285
1280
1291
1276
1267
1265
1264
1260
1275
1277
1283
1286
1272
1281
1277
1274
1270
1261
1283
1271
1272
1274
1276
1251
1281
1274
1287
1258
1262
1307
1269
1274
1276
1278
1276
1278
1266
1271
1265
1247
1267
1280
1276
1287
1283
1286
1276
1294
1264
1251
1256
1255
1268
1296
1289
1288
1281
1272
1256
1246
1240
1229
1254
1270
1281
1286
1265
1284
1266
1267
1269
1264
1261
1261
1264
1268
1281
1289
1284
1282
1274
1285
1257
1255
1258
1261
1268
1219
1285
1285
1281
1269
1259
1260
1279
1271
1277
1286
1292
1292
1283
1271
1258
1250
1259
1262
1273
1278
1276
1276
1287
1269
1269
1264
1257
1261
1258
1266
1271
1207
1275
1276
1276
1270
1263
1265
1240
1255
1277
1275
1283
1285
1269
1278
1274
1259
1268
1258
1261
1268
1273
1283
1286
1272
1271
1290
1258
1257
1247
1267
1258
1272
1274
1280
1277
1270
1267
1264
1263
1265
1265
1275
1281
1285
1272
1278
1272
1259
1270
1290
1270
1269
1295
1272
1274
1269
1266
1281
1268
1266
1265
1264
1258
1266
1246
1265
1253
1273
1282
1269
1269
1268
1273
1264
1274
1270
1265
1264
1262
1264
1265
1270
1287
1289
1299
1288
1292
1266
1244
1234
1258
1267
1283
1286
1295
1295
1282
1274
1233
1248
1242
1249
1257
1266
1282
1286
1292
1266
1288
1270
1251
1240
1239
1245
1260
1266
1283
1287
1293
1283
1274
1260
1244
1237
1272
1255
1270
1290
1290
1287
1284
1263
1259
1248
1243
1254
1262
1256
1290
1283
1283
1266
1267
1263
1251
1255
1251
1266
1283
1284
1287
1284
1281
1285
1264
1259
1246
1254
1264
1274
1276
1276
1280
1271
1268
1282
1257
1261
1260
1265
1286
1281
1275
1278
1272
1266
1256
1255
1254
1261
1262
1269
1230
1285
1283
1268
1272
1252
1263
1271
1270
1272
1274
1285
1279
1275
1275
1289
1272
1273
1274
1269
1277
1279
1271
1279
1262
1277
1273
1277
1269
1264
1269
1282
1257
1272
1276
1268
1268
1259
1278
1257
1264
1262
1277
1284
1281
1278
1268
1265
1272
1268
1263
1271
1276
1278
1288
1265
1288
1270
1297
1261
1268
1270
1279
1264
1283
1281
1283
1277
1272
1269
1272
1267
1278
1260
1280
1278
1305
1278
1274
1269
1256
1266
1290
1279
1284
1282
1287
1286
1294
1269
1270
1260
1256
1256
1265
1271
1277
1280
1276
1271
1269
1263
1251
1255
1252
1261
1282
1281
1282
1256
1275
1266
1264
1248
1251
1264
1268
1277
1276
1275
1280
1262
1266
1267
1263
1262
1270
1274
1276
1281
1288
1267
1278
1284
1273
1268
1264
1272
1261
1284
1266
1299
1295
1283
1280
1268
1278
1269
1273
1278
1288
1288
1288
1285
1287
1265
1262
1305
1263
1279
1280
1285
1277
1279
1273
1270
1263
1258
1268
1273
1282
1284
1278
1280
1275
1294
1273
1263
1261
1252
1265
1273
1273
1283
1280
1278
1276
1275
1267
1252
1258
1269
1273
1278
1278
1296
1281
1279
1289
1274
1267
1263
1267
1274
1281
1285
1287
1289
1279
1275
1266
1262
1234
1261
1282
1218
1276
1278
1278
1280
1266
1275
1287
1279
1271
1266
1271
1273
1271
1282
1277
1278
1275
1280
1270
1266
1272
1282
1269
1263
1277
1257
1282
1279
1276
1276
1275
1249
1269
1289
1273
1276
1269
1279
1258
1272
1266
1279
1277
1269
1267
1257
1252
1261
1275
1288
1283
1288
1283
1282
1255
1259
1257
1297
1262
1272
1275
1283
1280
1291
1276
1276
1273
1263
1266
1264
1263
1281
1267
1284
1285
1288
1282
1272
1264
1253
1252
1277
1276
1271
1280
1285
1277
1286
1259
1270
1250
1252
1248
1254
1268
1274
1275
1278
1273
1262
1271
1257
1267
1254
1260
1276
1278
1279
1284
1281
1281
1273
1269
1258
1259
1272
1268
1273
1271
1283
1273
1286
1288
1284
1269
1263
1250
1259
1268
1277
1253
1286
1292
1288
1275
1263
1264
1255
1265
1251
1284
1290
1281
1283
1269
1275
1277
1274
1275
1271
1273
1274
1276
1275
1268
1271
1302
1271
1271
1269
1266
1264
1270
1272
1276
1274
1300
1280
1295
1269
1266
1261
1255
1268
1276
1286
1267
1279
1266
1266
1256
1263
1271
1270
1280
1274
1278
1278
1257
1269
1265
1269
1284
1272
1275
1267
1268
1295
1274
1274
1272
1272
1271
1274
1269
1293
1273
1268
1274
1270
1274
1278
1271
1275
1227
1271
1282
1277
1277
1269
1281
1271
1272
1268
1270
1268
1266
1277
1277
1289
1266
1267
1263
1263
1257
1265
1263
1265
1264
1277
1276
1268
1262
1258
1260
1284
1238
1276
1279
1279
1281
1270
1290
1265
1262
1253
1270
1272
1274
1283
1276
1283
1272
1274
1244
1259
1244
1257
1260
1274
1273
1285
1315
1282
1302
1266
1256
1242
1254
1254
1276
1290
1293
1279
1286
1275
1266
1238
1246
1248
1263
1269
1278
1288
1288
1283
1300
1283
1254
1247
1249
1253
1260
1266
1285
1281
1299
1277
1265
1259
1253
1237
1240
1240
1244
1273
1278
1281
1274
1270
1276
1254
1256
1255
1263
1269
1279
1283
1277
1277
1276
1287
1260
1263
1269
1270
1281
1281
1280
1276
1269
1262
1263
1267
1272
1239
1272
1278
1277
1275
1265
1265
1257
1256
1236
1261
1263
1261
1267
1237
1269
1273
1270
1263
1261
1259
1262
1288
1269
1265
1272
1296
1277
1273
1267
1245
1254
1267
1263
1262
1271
1281
1274
1287
1265
1266
1264
1268
1275
1280
1285
1272
1266
1254
1263
1261
1264
1273
1279
1278
1277
1277
1270
1260
1259
1259
1259
1263
1263
1271
1264
1271
1292
1272
1272
1262
1258
1248
1250
1254
1255
1262
1272
1280
1278
1270
1264
1251
1248
1183
1249
1262
1273
1279
1276
1285
1301
1266
1256
1256
1252
1251
1264
1272
1294
1274
1276
1279
1268
1262
1266
1273
1249
1249
1272
1277
