1340
1321
1321
1268
1268
1266
1270
1261
1261
1267
1269
1261
1281
1270
1263
1268
1239
1264
1265
1269
1267
1277
1260
1270
1250
1261
1291
1271
1271
1277
1268
1274
1269
1267
1262
1266
1261
1268
1271
1262
1270
1262
1268
1267
1267
1267
1277
1271
1264
1259
1262
1259
1264
1269
1267
1272
1264
1274
1269
1268
1262
1270
1277
1228
1272
1272
1274
1267
1262
1268
1292
1264
1268
1251
1261
1257
1265
1263
1305
1273
1289
1272
1264
1276
1272
1259
1270
1267
1289
1274
1264
1271
1262
1272
1254
1273
1278
1271
1271
1266
1272
1270
1273
1271
1272
1273
1266
1274
1267
1260
1244
1237
1270
1271
1263
1298
1261
1266
1267
1268
1264
1265
1263
1265
1235
1262
1257
1263
1265
1265
1283
1266
1266
1246
1286
1266
1268
1267
1267
1272
1268
1266
1273
1270
1286
1278
1281
1258
1270
1274
1270
1268
1258
1255
1259
1246
1253
1222
1247
1257
1249
1245
1256
1260
1264
1277
1288
1293
1296
1301
1304
1332
1304
1293
1280
1290
1300
1282
1266
1264
1265
1251
1275
1293
1290
1331
1344
1354
1362
1352
1339
1331
1296
1305
1254
1248
1227
1196
1170
1150
1125
1101
1078
1070
1034
1065
1087
1114
1132
1182
1207
1205
1214
1233
1274
1298
1346
1386
1415
1420
1396
1368
1330
1279
1262
1240
1251
1249
1264
1280
1290
1288
1301
1315
1336
1319
1376
1393
1414
1417
1430
1427
1414
1398
1380
1388
1340
1323
1291
1272
1249
1244
1203
1192
1174
1161
1156
1156
1152
1156
1167
1176
1183
1179
1183
1171
1166
1160
1160
1158
1165
1168
1176
1174
1190
1177
1225
1240
1264
1297
1339
1351
1383
1398
1399
1404
1404
1395
1371
1352
1324
1316
1255
1290
1277
1268
1245
1232
1226
1228
1220
1216
1188
1200
1198
1203
1219
1231
1229
1240
1253
1266
1248
1277
1273
1277
1291
1291
1287
1283
1285
1278
1270
1264
1256
1253
1245
1241
1245
1179
1228
1214
1231
1249
1259
1273
1305
1310
1310
1330
1327
1337
1338
1347
1353
1354
1355
1350
1324
1320
1305
1289
1277
1250
1250
1222
1209
1217
1191
1185
1176
1167
1176
1172
1171
1186
1191
1218
1237
1255
1300
1287
1285
1280
1321
1276
1266
1255
1252
1254
1271
1255
1259
1260
1252
1251
1256
1258
1279
1272
1301
1285
1281
1275
1284
1302
1305
1341
1352
1392
1414
1412
1405
1390
1350
1328
1301
1247
1241
1216
1194
1197
1195
1212
1219
1221
1240
1241
1235
1239
1230
1251
1265
1270
1275
1280
1274
1263
1252
1247
1211
1212
1206
1198
1191
1199
1169
1148
1149
1141
1171
1179
1194
1215
1229
1245
1267
1286
1297
1312
1337
1351
1356
1361
1349
1349
1300
1316
1310
1294
1295
1288
1293
1301
1297
1310
1316
1329
1320
1329
1326
1307
1306
1280
1285
1257
1250
1233
1231
1240
1232
1221
1220
1215
1215
1222
1230
1224
1205
1246
1256
1254
1279
1286
1302
1308
1315
1329
1315
1305
1288
1283
1246
1244
1225
1225
1216
1206
1209
1219
1226
1233
1235
1247
1230
1256
1258
1240
1242
1233
1248
1264
1263
1265
1259
1270
1283
1296
1327
1269
1321
1321
1314
1302
1277
1263
1231
1221
1239
1218
1225
1215
1220
1213
1208
1190
1201
1202
1212
1224
1238
1251
1266
1271
1294
1374
1322
1341
1340
1349
1341
1346
1327
1347
1337
1332
1314
1294
1265
1251
1211
1199
1187
1205
1200
1213
1228
1235
1258
1244
1276
1288
1297
1306
1307
1305
1301
1285
1259
1259
1249
1243
1241
1238
1244
1217
1205
1226
1215
1222
1229
1224
1235
1251
1240
1240
1240
1240
1245
1251
1269
1282
1267
1276
1272
1247
1261
1262
1261
1261
1262
1266
1278
1276
1286
1267
1307
1321
1338
1333
1345
1336
1316
1307
1298
1281
1276
1266
1273
1261
1253
1243
1229
1234
1248
1241
1246
1250
1249
1238
1240
1228
1219
1219
1242
1257
1268
1266
1272
1264
1263
1286
1267
1276
1272
1265
1248
1237
1224
1188
1208
1221
1229
1230
1249
1251
1235
1238
1268
1264
1269
1281
1273
1285
1288
1271
1264
1271
1277
1266
1280
1293
1265
1283
1284
1275
1263
1285
1267
1276
1283
1290
1276
1296
1291
1291
1299
1311
1315
1316
1315
1295
1276
1269
1261
1255
1270
1291
1287
1264
1273
1260
1254
1250
1249
1272
1285
1291
1301
1284
1269
1266
1264
1264
1262
1270
1286
1253
1259
1267
1248
1239
1249
1255
1293
1271
1261
1249
1227
1210
1219
1220
1230
1218
1255
1242
1242
1241
1229
1262
1235
1274
1280
1300
1276
1246
1222
1246
1241
1263
1275
1296
1296
1307
1307
1291
1295
1280
1287
1292
1287
1277
1264
1256
1258
1241
1253
1262
1288
1300
1308
1320
1291
1276
1273
1276
1273
1287
1295
1295
1287
1309
1261
1265
1265
1280
1279
1285
1284
1273
1216
1235
1232
1239
1252
1264
1262
1270
1258
1246
1267
1249
1251
1249
1270
1290
1265
1266
1243
1238
1230
1241
1250
1258
1263
1262
1256
1243
1239
1255
1268
1285
1330
1323
1293
1266
1254
1227
1243
1247
1294
1288
1300
1299
1298
1295
1294
1283
1302
1342
1328
1315
1290
1253
1236
1243
1239
1258
1286
1279
1290
1273
1257
1224
1229
1228
1238
1258
1261
1251
1242
1225
1222
1224
1253
1280
1304
1334
1330
1310
1285
1269
1251
1255
1258
1265
1287
1268
1249
1238
1233
1230
1230
1264
1286
1298
1266
1246
1235
1225
1216
1232
1254
1277
1288
1316
1273
1255
1239
1254
1258
1282
1302
1305
1277
1321
1250
1256
1249
1264
1283
1300
1292
1288
1275
1256
1212
1244
1259
1260
1285
1277
1283
1276
1257
1250
1254
1282
1305
1331
1326
1301
1278
1276
1275
1259
1270
1288
1306
1311
1279
1264
1244
1229
1258
1262
1302
1273
1307
1279
1254
1231
1237
1243
1250
1266
1276
1252
1245
1223
1201
1206
1215
1257
1291
1295
1282
1271
1256
1246
1231
1259
1284
1289
1296
1289
1272
1246
1223
1221
1245
1267
1264
1281
1258
1241
1220
1214
1240
1244
1267
1290
1302
1306
1294
1273
1260
1272
1268
1304
1328
1311
1302
1253
1261
1247
1268
1278
1266
1313
1324
1305
1280
1248
1209
1201
1255
1273
1284
1285
1273
1251
1232
1214
1239
1255
1289
1326
1301
1289
1265
1219
1251
1254
1270
1292
1324
1302
1266
1240
1224
1235
1208
1266
1301
1305
1315
1247
1235
1214
1215
1259
1241
1289
1299
1296
1279
1247
1235
1253
1268
1287
1301
1311
1299
1256
1247
1245
1270
1256
1274
1311
1330
1294
1277
1252
1269
1254
1265
1289
1305
1311
1288
1245
1228
1240
1255
1260
1289
1293
1307
1286
1262
1244
1257
1279
1269
1294
1323
1325
1304
1269
1206
1224
1242
1262
1286
1301
1285
1269
1252
1198
1245
1260
1262
1290
1307
1303
1283
1236
1219
1185
1248
1250
1279
1301
1295
1272
1238
1240
1232
1229
1261
1306
1300
1299
1259
1238
1208
1182
1266
1292
1313
1318
1314
1278
1237
1226
1217
1246
1268
1308
1311
1293
1266
1242
1223
1216
1283
1312
1336
1343
1326
1268
1245
1248
1237
1272
1309
1324
1324
1291
1256
1190
1235
1197
1251
1281
1301
1295
1265
1216
1186
1184
1182
1265
1294
1312
1321
1277
1236
1208
1216
1211
1257
1297
1301
1297
1262
1203
1192
1234
1232
1265
1304
1322
1306
1273
1264
1239
1207
1204
1264
1281
1308
1302
1272
1195
1196
1234
1226
1272
1307
1293
1316
1301
1233
1236
1199
1224
1286
1322
1325
1337
1288
1243
1227
1226
1221
1308
1319
1328
1305
1287
1241
1245
1239
1174
1301
1319
1308
1290
1280
1204
1197
1198
1281
1309
1327
1322
1284
1273
1240
1207
1163
1272
1300
1309
1317
1281
1267
1225
1187
1176
1285
1299
1308
1318
1268
1261
1226
1211
1229
1296
1312
1328
1329
1314
1234
1253
1246
1246
1312
1310
1321
1317
1278
1251
1221
1221
1223
1309
1312
1328
1314
1245
1250
1205
1182
1171
1297
1310
1319
1302
1284
1256
1247
1214
1201
1280
1326
1345
1307
1281
1212
1231
1179
1174
1306
1314
1323
1300
1284
1251
1238
1220
1173
1317
1301
1313
1284
1270
1210
1237
1233
1185
1288
1323
1351
1302
1276
1247
1193
1181
1226
1317
1329
1322
1275
1278
1205
1182
1174
1226
1316
1324
1322
1276
1264
1207
1186
1204
1234
1321
1332
1324
1279
1261
1196
1207
1207
1223
1321
1329
1322
1280
1275
1201
1237
1233
1305
1364
1344
1341
1284
1257
1237
1193
1196
1267
1342
1332
1347
1307
1311
1272
1267
1256
1313
1341
1340
1323
1270
1217
1239
1223
1198
1294
1315
1323
1304
1275
1227
1211
1236
1229
1302
1322
1332
1292
1254
1197
1206
1218
1217
1306
1326
1325
1316
1262
1231
1229
1181
1188
1309
1325
1322
1277
1264
1219
1210
1207
1195
1324
1326
1330
1283
1268
1190
1187
1201
1249
1336
1355
1337
1284
1289
1231
1243
1194
1198
1314
1335
1325
1274
1265
1192
1246
1224
1192
1345
1336
1329
1282
1268
1193
1195
1190
1217
1329
1316
1319
1269
1263
1181
1236
1248
1212
1343
1348
1316
1280
1267
1241
1192
1207
1321
1333
1324
1324
1257
1223
1191
1201
1207
1305
1342
1328
1299
1267
1217
1216
1234
1230
1304
1323
1323
1295
1262
1241
1233
1201
1203
1317
1322
1325
1280
1254
1206
1171
1234
1220
1308
1321
1318
1273
1258
1214
1239
1226
1204
1342
1336
1329
1281
1287
1200
1215
1193
1246
1340
1341
1337
1285
1255
1194
1202
1189
1226
1326
1325
1315
1257
1248
1235
1225
1224
1184
1325
1327
1323
1271
1268
1222
1209
1224
1266
1315
1320
1253
1287
1234
1197
1219
1216
1303
1320
1302
1315
1288
1245
1242
1206
1189
1321
1336
1325
1198
1305
1212
1238
1203
1222
1326
1334
1325
1216
1319
1248
1239
1249
1207
1365
1333
1328
1192
1308
1190
1249
1250
1240
1350
1350
1290
1214
1301
1236
1226
1185
1307
1326
1325
1244
1230
1308
1178
1197
1239
1335
1344
1343
1287
1206
1313
1225
1227
1251
1320
1336
1330
1239
1214
1288
1199
1198
1250
1316
1326
1317
1229
1212
1251
1228
1231
1258
1342
1355
1344
1201
1186
1304
1179
1179
1233
1315
1319
1315
1221
1232
1222
1218
1211
1192
1323
1342
1316
1230
1285
1192
1232
1229
1314
1323
1324
1322
1203
1281
1193
1227
1232
1292
1341
1339
1246
1189
1304
1200
1206
1199
1325
1342
1339
1306
1203
1306
1237
1235
1213
1327
1323
1333
1229
1229
1291
1222
1219
1256
1328
1337
1343
1248
1206
1320
1212
1205
1258
1335
1350
1344
1228
1194
1306
1166
1192
1195
1325
1337
1326
1188
1221
1291
1193
1189
1213
1319
1327
1320
1194
1276
1302
1178
1227
1320
1340
1349
1262
1256
1252
1321
1237
1252
1332
1347
1356
1309
1246
1278
1264
1205
1205
1317
1337
1332
1202
1225
1281
1197
1154
1199
1281
1320
1327
1253
1217
1289
1189
1186
1221
1339
1354
1360
1274
1260
1311
1189
1170
1225
1310
1324
1313
1223
1162
1258
1170
1163
1162
1295
1321
1314
1191
1180
1304
1219
1196
1321
1353
1363
1352
1262
1229
1275
1174
1146
1267
1312
1308
1271
1204
1240
1292
1241
1229
1261
1348
1358
1326
1242
1247
1298
1168
1175
1310
1326
1361
1262
1251
1279
1298
1168
1208
1266
1339
1333
1250
1267
1242
1285
1185
1201
1311
1368
1398
1296
1236
1317
1246
1185
1159
1262
1308
1310
1196
1174
1249
1171
1168
1144
1292
1340
1359
1254
1229
1306
1205
1196
1245
1318
1367
1341
1258
1210
1275
1166
1149
1245
1293
1321
1365
1225
1216
1283
1198
1158
1278
1308
1332
1249
1260
1191
1294
1169
1168
1255
1327
1346
1334
1254
1250
1300
1153
1163
1234
1320
1333
1282
1240
1294
1306
1173
1219
1255
1335
1345
1273
1222
1256
1304
1194
1207
1254
1330
1331
1290
1279
1311
1307
1226
1277
1314
1340
1366
1278
1250
1311
1244
1208
1283
1299
1328
1330
1260
1194
1258
1187
1146
1237
1261
1296
1315
1205
1199
1298
1218
1169
1288
1335
1366
1324
1287
1255
1300
1157
1123
1256
1285
1308
1269
1193
1234
1287
1149
1217
1260
1345
1371
1282
1281
1366
1358
1249
1219
1281
1347
1361
1249
1253
1198
1305
1207
1181
1249
1321
1354
1237
1257
1338
1275
1168
1181
1214
1308
1327
1236
1182
1303
1247
1156
1170
1273
1331
1343
1257
1254
1283
1157
1160
1232
1235
1309
1334
1284
1263
1347
1233
1245
1322
1343
1357
1323
1296
1231
1307
1174
1144
1234
1293
1299
1272
1250
1197
1303
1186
1224
1318
1300
1394
1322
1312
1254
1354
1234
1218
1254
1342
1354
1258
1243
1342
1322
1181
1224
1218
1298
1317
1261
1252
1247
1302
1166
1200
1280
1356
1377
1270
1301
1349
1370
1261
1231
1283
1316
1314
1204
1186
1271
1131
1167
1130
1252
1317
1340
1228
1302
1336
1281
1186
1290
1267
1313
1304
1224
1167
1276
1194
1139
1260
1310
1339
1273
1253
1308
1366
1263
1262
1329
1336
1339
1309
1258
1240
1309
1183
1157
1265
1292
1300
1210
1189
1180
1292
1196
1183
1246
1323
1345
1254
1247
1285
1347
1262
1238
1315
1357
1364
1304
1312
1308
1289
1199
1199
1233
1306
1327
1211
1290
1305
1313
1193
1289
1341
1380
1386
1268
1295
1357
1253
1247
1271
1315
1324
1332
1195
1226
1278
1155
1198
1263
1261
1310
1277
1199
1209
1285
1235
1217
1306
1309
1344
1300
1284
1206
1302
1173
1194
1287
1279
1289
1236
1199
1201
1284
1187
1232
1272
1368
1396
1283
1370
1270
1349
1250
1236
1275
1315
1301
1217
1195
1192
1272
1193
1234
1273
1340
1350
1272
1312
1260
1299
1223
1219
1269
1318
1317
1189
1280
1286
1301
1197
1236
1276
1341
1338
1208
1189
1136
1219
1170
1245
1237
1302
1311
1222
1242
1293
1251
1215
1361
1337
1378
1303
1231
1245
1296
1182
1183
1318
1300
1338
1243
1273
1187
1304
1180
1240
1325
1326
1335
1206
1276
1179
1252
1175
1157
1249
1310
1335
1251
1302
1174
1305
1199
1222
1315
1344
1349
1213
1314
1185
1280
1191
1198
1269
1331
1344
1244
1257
1194
1309
1231
1255
1310
1331
1332
1197
1244
1240
1279
1227
1257
1307
1370
1373
1304
1305
1242
1346
1221
1340
1307
1348
1335
1213
1199
1267
1176
1155
1294
1268
1312
1218
1257
1205
1239
1142
1137
1261
1274
1319
1271
1232
1231
1293
1203
1190
1321
1302
1349
1263
1313
1196
1300
1196
1184
1270
1313
1330
1237
1324
1228
1318
1220
1280
1326
1377
1381
1270
1336
1244
1307
1227
1242
1254
1333
1332
1238
1280
1163
1285
1220
1194
1295
1356
1357
1265
1259
1230
1294
1244
1247
1297
1343
1334
1177
1199
1177
1164
1179
1251
1229
1297
1209
1285
1204
1297
1196
1247
1300
1341
1401
1326
1365
1260
1332
1220
1247
1307
1291
1314
1273
1257
1185
1260
1169
1235
1285
1339
1354
1227
1351
1248
1313
1208
1180
1269
1301
1310
1190
1291
1187
1265
1152
1179
1267
1326
1330
1222
1318
1161
1270
1173
1210
1225
1322
1330
1259
1298
1241
1322
1216
1282
1282
1336
1339
1241
1240
1279
1231
1178
1235
1292
1362
1371
1297
1288
1243
1259
1233
1328
1283
1330
1280
1307
1191
1176
1253
1229
1334
1322
1363
1297
1326
1234
1296
1227
1218
1301
1294
1319
1246
1305
1185
1261
1217
1192
1262
1295
1320
1225
1302
1171
1271
1189
1224
1256
1324
1349
1232
1349
1273
1334
1264
1257
1303
1356
1354
1245
1326
1238
1312
1190
1202
1274
1353
1364
1236
1337
1250
1322
1236
1210
1259
1339
1339
1250
1251
1241
1271
1206
1268
1292
1328
1349
1245
1277
1241
1256
1241
1259
1259
1316
1235
1289
1166
1151
1163
1134
1281
1257
1325
1295
1333
1251
1298
1182
1215
1305
1286
1327
1212
1324
1237
1266
1198
1221
1266
1296
1341
1224
1344
1244
1317
1204
1189
1296
1344
1363
1237
1358
1246
1344
1264
1264
1289
1331
1330
1217
1308
1223
1280
1171
1173
1237
1316
1337
1215
1290
1260
1339
1265
1268
1288
1341
1328
1240
1243
1184
1277
1212
1274
1284
1322
1328
1288
1273
1220
1252
1222
1298
1273
1346
1284
1339
1252
1209
1219
1211
1317
1285
1346
1313
1334
1194
1292
1175
1205
1300
1274
1320
1239
1336
1223
1286
1206
1216
1291
1301
1361
1275
1345
1227
1306
1229
1225
1251
1296
1310
1192
1319
1217
1277
1190
1208
1266
1319
1325
1200
1319
1184
1297
1221
1199
1199
1296
1323
1232
1293
1242
1310
1244
1237
1290
1336
1352
1247
1277
1239
1305
1196
1260
1271
1330
1333
1329
1236
1197
1234
1243
1321
1276
1330
1282
1326
1207
1207
1219
1191
1338
1285
1341
1274
1345
1205
1296
1220
1176
1285
1259
1303
1238
1307
1231
1264
1159
1218
1245
1301
1347
1276
1338
1257
1319
1210
1190
1301
1296
1316
1205
1336
1252
1310
1191
1205
1251
1360
1346
1277
1342
1252
1309
1196
1186
1258
1314
1320
1277
1323
1219
1300
1236
1183
1258
1338
1339
1248
1274
1222
1289
1169
1272
1236
1296
1307
1296
1217
1175
1246
1189
1246
1273
1328
1286
1332
1213
1181
1216
1182
1309
1271
1347
1285
1357
1251
1306
1264
1209
1301
1295
1338
1202
1358
1267
1288
1229
1211
1282
1291
1327
1262
1331
1227
1300
1228
1218
1277
1292
1320
1242
1305
1230
1291
1254
1226
1240
1326
1338
1227
1346
1258
1316
1234
1211
1260
1312
1323
1318
1317
1191
1301
1202
1247
1288
1346
1383
1352
1297
1234
1328
1224
1293
1255
1308
1317
1303
1244
1240
1222
1252
1237
1290
1353
1314
1369
1258
1201
1203
1230
1301
1270
1335
1279
1341
1272
1325
1251
1248
1325
1307
1338
1253
1326
1202
1269
1167
1195
1286
1271
1314
1240
1333
1174
1308
1236
1239
1309
1313
1331
1228
1315
1216
1283
1216
1200
1259
1319
1325
1252
1320
1239
1297
1214
1205
1249
1298
1314
1312
1316
1230
1305
1186
1255
1287
1352
1376
1360
1302
1236
1341
1261
1322
1283
1332
1249
1334
1252
1217
1273
1218
1184
1291
1349
1251
1356
1223
1218
1224
1205
1305
1247
1312
1249
1303
1227
1270
1217
1184
1295
1289
1343
1223
1330
1252
1289
1210
1224
1249
1288
1345
1281
1351
1240
1295
1246
1239
1284
1319
1334
1220
1313
1162
1272
1193
1149
1234
1321
1330
1212
1342
1246
1319
1252
1232
1281
1329
1330
1310
1307
1150
1298
1215
1195
1260
1331
1339
1289
1277
1196
1317
1224
1258
1271
1318
1262
1313
1219
1205
1264
1231
1286
1267
1325
1287
1328
1214
1213
1221
1189
1297
1268
1330
1258
1336
1224
1295
1243
1186
1296
1280
1336
1211
1322
1239
1263
1168
1175
1265
1284
1327
1252
1335
1194
1301
1217
1234
1250
1320
1336
1224
1327
1238
1299
1207
1225
1264
1309
1330
1226
1333
1201
1311
1242
1222
1281
1339
1359
1346
1339
1232
1299
1199
1246
1215
1335
1342
1334
1262
1192
1296
1216
1289
1267
1325
1262
1311
1229
1183
1231
1178
1159
1270
1338
1261
1336
1231
1198
1235
1194
1307
1269
1327
1250
1318
1288
1252
1179
1179
1172
1239
1322
1336
1358
1309
1278
1244
1246
1180
1223
1224
1226
1311
1327
1280
1247
1250
1264
1192
1250
1231
1245
1329
1327
1315
1306
1270
1274
1283
1218
1261
1250
1192
1329
1332
1335
1302
1305
1315
1243
1218
1238
1197
1302
1326
1332
1309
1300
1296
1263
1251
1226
1250
1243
1338
1338
1327
1274
1250
1237
1171
1230
1226
1201
1338
1336
1338
1310
1261
1262
1280
1248
1257
1251
1217
1305
1295
1276
1243
1246
1263
1200
1215
1250
1241
1309
1315
1297
1306
1281
1283
1279
1240
1186
1172
1216
1314
1319
1329
1304
1314
1296
1267
1220
1193
1249
1312
1328
1327
1327
1322
1270
1262
1195
1257
1269
1223
1352
1348
1332
1292
1257
1249
1177
1237
1241
1208
1322
1324
1313
1340
1267
1271
1279
1265
1242
1239
1202
1307
1289
1307
1256
1246
1258
1207
1196
1227
1248
1296
1308
1305
1304
1269
1268
1268
1244
1172
1163
1207
1295
1313
1321
1284
1296
1291
1228
1242
1199
1196
1283
1314
1311
1315
1241
1227
1248
1214
1240
1224
1222
1293
1274
1257
1211
1176
1167
1151
1154
1116
1156
1193
1260
1238
1214
1188
1212
1248
1218
1305
1333
1320
1405
1394
1357
1346
1310
1337
1326
1377
1408
1431
1366
1477
1415
1348
1275
1280
1306
1301
1347
1384
1425
1464
1383
1299
1215
1150
1165
1261
1334
1411
1425
1366
1355
1224
1110
1021
1024
1105
1159
1248
1319
1237
1272
1159
1045
985
960
1044
1166
1230
1325
1337
1233
1258
1144
1044
1042
1090
1203
1263
1375
1433
1363
1396
1335
1238
1210
1162
1262
1394
1398
1455
1482
1453
1470
1342
1257
1202
1192
1259
1352
1432
1479
1443
1307
1317
1205
1110
1043
1093
1204
1292
1372
1428
1368
1388
1252
1140
1085
1089
1192
1319
1353
1461
1452
1329
1314
1206
1130
1110
1167
1309
1414
1480
1428
1379
1334
1235
1144
1128
1136
1239
1369
1445
1484
1460
1353
1346
1240
1168
1137
1187
1279
1362
1396
1404
1384
1384
1271
1145
1099
1075
1155
1265
1342
1411
1353
1321
1292
1149
1082
1044
1086
1221
1362
1458
1469
1417
1361
1305
1201
1139
1122
1188
1315
1413
1422
1446
1337
1323
1248
1170
1162
1190
1280
1396
1415
1485
1442
1353
1323
1233
1167
1154
1202
1307
1372
1455
1469
1402
1284
1292
1200
1126
1085
1145
1238
1301
1324
1353
1280
1273
1178
1102
1072
1090
1169
1265
1338
1384
1373
1260
1255
1159
1087
1093
1164
1257
1320
1347
1350
1309
1307
1237
1175
1162
1167
1269
1362
1424
1419
1384
1301
1338
1277
1232
1246
1274
1356
1443
1466
1478
1414
1333
1338
1250
1209
1192
1234
1328
1332
1442
1441
1327
1365
1280
1208
1198
1169
1237
1322
1328
1349
1357
1275
1231
1131
1069
1080
1107
1210
1315
1320
1347
1276
1233
1213
1136
1127
1130
1214
1323
1394
1431
1423
1298
1222
1205
1137
1128
1155
1244
1333
1372
1322
1313
1171
1196
1134
1108
1141
1184
1289
1384
1367
1360
1333
1259
1228
1171
1125
1178
1257
1362
1426
1417
1361
1304
1239
1209
1145
1175
1205
1299
1364
1396
1395
1312
1250
1208
1110
1126
1192
1233
1343
1436
1455
1384
1295
1226
1221
1176
1182
1250
1314
1404
1465
1407
1381
1260
1166
1172
1158
1204
1245
1340
1408
1398
1371
1247
1190
1132
1101
1112
1181
1237
1340
1405
1366
1323
1265
1140
1170
1109
1155
1244
1306
1390
1433
1354
1286
1220
1068
1134
1136
1190
1262
1354
1441
1455
1360
1261
1183
1050
1141
1156
1242
1310
1415
1474
1437
1409
1285
1166
1147
1163
1202
1275
1340
1436
1460
1420
1329
1214
1102
1150
1173
1243
1328
1386
1452
1467
1374
1256
1142
1000
1089
1119
1193
1237
1349
1405
1381
1282
1209
1132
1077
1118
1166
1242
1299
1382
1425
1384
1329
1180
1132
1143
1161
1220
1300
1386
1463
1475
1425
1340
1157
1070
1127
1153
1224
1353
1411
1490
1495
1389
1309
1156
1048
1164
1189
1310
1421
1468
1504
1471
1362
1182
1110
1033
1164
1249
1356
1453
1506
1512
1421
1295
1162
1061
1068
1154
1244
1357
1426
1484
1467
1354
1247
1083
1044
1104
1160
1283
1370
1430
1488
1434
1305
1180
1034
969
1118
1182
1305
1421
1469
1498
1439
1290
1148
994
933
1060
1166
1285
1394
1458
1457
1385
1207
1097
1017
1004
1130
1226
1348
1418
1466
1434
1305
1175
1045
1008
1031
1197
1316
1447
1509
1521
1466
1341
1182
1034
1032
1128
1229
1352
1487
1513
1528
1477
1340
1141
1096
1009
1159
1263
1376
1488
1505
1493
1417
1234
1140
1002
1001
1152
1276
1401
1527
1524
1484
1364
1193
1059
969
937
1147
1278
1421
1528
1528
1459
1337
1170
1048
969
992
1181
1320
1457
1498
1486
1395
1220
1103
977
937
1062
1223
1393
1519
1547
1512
1404
1244
1027
948
980
1107
1242
1390
1535
1546
1508
1394
1202
1070
977
977
1159
1264
1452
1553
1543
1468
1341
1164
985
976
956
1212
1377
1548
1632
1570
1464
1288
1100
936
966
981
1228
1401
1543
1603
1510
1388
1223
997
955
956
1048
1275
1420
1558
1589
1491
1348
1186
988
913
954
1100
1340
1515
1602
1630
1493
1335
1149
957
915
975
1043
1353
1528
1631
1608
1464
1282
1083
914
930
1000
1164
1415
1599
1659
1592
1431
1237
1059
922
956
1058
1313
1502
1668
1683
1573
1385
1191
998
903
918
1087
1338
1530
1647
1643
1519
1325
1145
965
877
941
1098
1382
1532
1630
1610
1453
1260
1083
937
911
993
1122
1411
1582
1658
1593
1409
1198
1011
897
895
956
1189
1428
1602
1648
1552
1355
1155
975
878
901
1039
1220
1455
1613
1612
1499
1307
1105
973
870
950
1096
1277
1516
1623
1626
1522
1291
1102
972
865
972
1108
1329
1536
1641
1625
1483
1265
1077
956
866
946
1179
1353
1627
1674
1621
1458
1229
1047
946
926
1048
1201
1433
1651
1690
1603
1415
1175
1001
923
881
1048
1250
1489
1635
1660
1517
1330
1112
961
903
916
1064
1309
1474
1623
1602
1472
1307
1107
948
919
957
1103
1339
1507
1628
1614
1467
1280
1074
929
904
952
1137
1405
1500
1648
1594
1442
1231
1038
911
866
1008
1161
1406
1574
1645
1557
1395
1188
1026
933
962
1024
1290
1399
1596
1632
1538
1358
1168
1021
929
975
1062
1296
1453
1555
1608
1512
1347
1171
1024
945
999
1136
1285
1500
1574
1619
1486
1306
1115
989
884
1001
1117
1314
1535
1587
1589
1453
1262
1090
970
918
1011
1145
1371
1545
1588
1553
1393
1225
1071
981
953
1065
1234
1386
1522
1539
1503
1357
1192
1069
993
983
1107
1294
1452
1578
1565
1502
1366
1186
1076
1001
1003
1124
1300
1436
1561
1569
1488
1335
1155
1044
992
989
1158
1346
1508
1556
1565
1465
1301
1140
1035
997
1069
1198
1379
1503
1523
1500
1391
1238
1105
1023
1000
1069
1198
1363
1459
1479
1475
1350
1205
1087
1011
992
1081
1208
1370
1461
1529
1486
1359
1208
1094
994
1021
1109
1228
1397
1505
1529
1473
1334
1205
1069
1017
1037
1136
1267
1423
1479
1523
1435
1327
1181
1071
1042
1098
1214
1332
1464
1531
1518
1392
1282
1180
1092
1077
1120
1222
1316
1424
1496
1437
1430
1260
1185
1104
1076
1122
1210
1321
1408
1484
1441
1419
1283
1156
1078
1040
1108
1206
1330
1418
1480
1465
1332
1260
1130
1083
1074
1170
1240
1349
1416
1452
1417
1353
1205
1151
1102
1105
1179
1255
1340
1389
1383
1396
1317
1272
1158
1121
1104
1162
1220
1276
1348
1383
1390
1338
1220
1141
1135
1091
1143
1210
1291
1362
1402
1402
1334
1238
1175
1103
1110
1149
1220
1308
1376
1393
1380
1312
1222
1166
1134
1145
1189
1190
1316
1368
1378
1367
1331
1264
1214
1159
1160
1177
1227
1294
1337
1359
1367
1337
1296
1220
1169
1151
1140
1207
1268
1323
1372
1387
1349
1279
1207
1151
1151
1154
1200
1268
1329
1366
1354
1310
1258
1224
1121
1144
1170
1198
1261
1317
1340
1326
1308
1271
1243
1210
1186
1196
1218
1259
1303
1350
1344
1335
1315
1271
1226
1201
1187
1230
1237
1299
1341
1366
1353
1312
1276
1215
1191
1148
1202
1252
1291
1309
1327
1303
1285
1237
1208
1155
1204
1217
1237
1261
1267
1289
1289
1266
1255
1222
1243
1220
1219
1211
1229
1246
1255
1264
1284
1276
1262
1222
1233
1241
1214
1226
1230
1254
1296
1299
1290
1275
1262
1233
1238
1243
1225
1283
1253
1263
1290
1282
1287
1270
1278
1275
1267
1255
1232
1224
1226
1260
1292
1315
1325
1339
1299
1222
1221
1190
1158
1204
1240
1308
1342
1367
1371
1323
1270
1231
1195
1180
1198
1251
1298
1343
1367
1339
1328
1278
1209
1175
1161
1177
1235
1317
1371
1395
1417
1382
1308
1224
1160
1131
1104
1183
1274
1347
1425
1435
1401
1308
1203
1108
1075
1087
1155
1246
1355
1416
1451
1380
1307
1192
1106
1064
1096
1146
1208
1338
1416
1460
1404
1323
1223
1104
1070
1094
1140
1237
1347
1417
1458
1448
1352
1259
1160
1085
1077
1126
1221
1328
1429
1481
1490
1395
1278
1166
1096
1053
1116
1217
1329
1434
1504
1482
1390
1303
1187
1064
1070
1114
1204
1307
1403
1466
1454
1391
1326
1198
1120
1035
1094
1147
1244
1335
1437
1432
1408
1328
1225
1142
1115
1085
1139
1247
1328
1424
1463
1425
1346
1252
1158
1110
1106
1120
1202
1319
1409
1440
1423
1377
1309
1209
1156
1141
1149
1197
1317
1365
1407
1421
1393
1330
1238
1187
1147
1148
1190
1244
1311
1376
1379
1388
1346
1276
1220
1154
1140
1161
1203
1273
1341
1373
1377
1341
1271
1201
1157
1140
1146
1159
1239
1324
1351
1366
1352
1315
1247
1211
1175
1177
1181
1207
1251
1308
1338
1354
1352
1303
1238
1195
1164
1194
1174
1231
1291
1350
1383
1365
1334
1281
1182
1189
1167
1185
1214
1272
1330
1356
1361
1365
1305
1250
1230
1182
1170
1191
1217
1263
1320
1349
1365
1343
1318
1255
1203
1178
1182
1204
1286
1328
1372
1385
1372
1307
1267
1208
1155
1172
1193
1240
1310
1357
1391
1393
1348
1299
1238
1198
1192
1187
1216
1253
1317
1344
1375
1364
1325
1260
1215
1169
1154
1167
1212
1269
1319
1365
1375
1349
1279
1213
1160
1137
1145
1185
1263
1331
1378
1373
1360
1302
1230
1170
1125
1137
1178
1227
1305
1363
1385
1367
1336
1265
1223
1179
1114
1179
1229
1297
1353
1387
1395
1394
1315
1240
1174
1162
1138
1176
1250
1323
1361
1394
1370
1317
1235
1147
1134
1140
1177
1239
1321
1366
1394
1363
1333
1273
1207
1162
1151
1176
1226
1292
1355
1359
1389
1375
1309
1222
1180
1148
1142
1161
1253
1311
1358
1385
1361
1280
1245
1174
1128
1141
1167
1234
1309
1369
1408
1390
1354
1312
1234
1186
1159
1193
1235
1287
1335
1371
1378
1365
1316
1258
1228
1183
1160
1181
1257
1258
1314
1342
1352
1359
1292
1241
1199
1178
1179
1213
1264
1322
1357
1341
1349
1313
1238
1208
1161
1160
1167
1204
1283
1324
1351
1356
1338
1295
1254
1204
1167
1150
1170
1207
1254
1306
1321
1353
1351
1336
1258
1203
1149
1150
1170
1235
1285
1355
1391
1392
1372
1279
1212
1161
1137
1163
1212
1285
1333
1361
1374
1348
1301
1198
1172
1142
1141
1171
1223
1282
1335
1364
1392
1366
1310
1243
1189
1156
1197
1199
1231
1321
1384
1415
1403
1340
1274
1193
1166
1161
1181
1236
1292
1353
1388
1372
1345
1285
1234
1196
1172
1180
1196
1245
1294
1318
1389
1388
1343
1298
1227
1197
1176
1169
1186
1246
1291
1345
1372
1363
1318
1268
1217
1175
1135
1177
1196
1268
1313
1337
1345
1325
1289
1267
1219
1174
1155
1161
1210
1255
1300
1329
1348
1344
1313
1284
1222
1148
1166
1175
1209
1262
1308
1373
1378
1363
1317
1250
1184
1155
1156
1177
1271
1290
1347
1370
1374
1333
1291
1218
1191
1160
1171
1190
1233
1292
1340
1371
1377
1382
1281
1218
1184
1149
1142
1193
1256
1329
1403
1398
1372
1300
1218
1166
1113
1134
1178
1255
1330
1379
1402
1369
1316
1245
1194
1156
1149
1178
1231
1303
1353
1395
1375
1346
1289
1233
1191
1178
1168
1200
1281
1297
1354
1366
1346
1287
1228
1169
1147
1152
1179
1247
1313
1382
1387
1299
1295
1242
1187
1165
1169
1202
1245
1306
1329
1347
1330
1284
1258
1213
1194
1199
1204
1235
1270
1303
1312
1316
1312
1285
1247
1171
1204
1199
1196
1242
1268
1310
1343
1328
1294
1270
1235
1195
1189
1198
1194
1256
1291
1307
1308
1294
1271
1240
1221
1225
1200
1199
1240
1249
1267
1278
1324
1313
1304
1285
1255
1220
1202
1188
1199
1217
1299
1320
1349
1353
1339
1288
1241
1195
1179
1206
1228
1282
1326
1363
1381
1349
1307
1262
1206
1172
1169
1192
1194
1279
1348
1367
1366
1344
1307
1241
1185
1145
1154
1178
1237
1310
1379
1409
1402
1342
1276
1231
1146
1128
1156
1220
1287
1360
1391
1396
1348
1291
1217
1158
1136
1154
1187
1253
1312
1360
1381
1359
1318
1253
1204
1147
1153
1176
1214
1267
1322
1369
1378
1346
1310
1229
1173
1145
1148
1199
1247
1314
1326
1380
1351
1330
1257
1212
1177
1185
1189
1229
1283
1326
1345
1339
1304
1283
1250
1216
1192
1185
1196
1224
1252
1292
1329
1336
1328
1291
1254
1209
1192
1200
1193
1260
1309
1352
1357
1340
1321
1265
1227
1193
1202
1216
1239
1283
1309
1331
1344
1317
1287
1266
1230
1223
1209
1178
1233
1269
1306
1320
1344
1325
1297
1251
1225
1222
1195
1210
1249
1296
1327
1349
1337
1305
1272
1231
1222
1194
1204
1224
1260
1293
1338
1313
1297
1261
1244
1231
1231
1221
1240
1257
1282
1281
1309
1319
1310
1294
1262
1262
1229
1228
1238
1254
1263
1292
1307
1297
1290
1261
1244
1231
1244
1239
1226
1281
1288
1287
1284
1272
1257
1236
1230
1253
1253
1265
1267
1268
1265
1276
1270
1281
1284
1277
1265
1255
1260
1264
1249
1255
1312
1295
1307
1281
1282
1251
1249
1231
1248
1266
1280
1270
1294
1292
1278
1258
1255
1252
1249
1248
1253
1267
1266
1287
1277
1294
1293
1283
1282
1263
1244
1242
1240
1244
1277
1309
1332
1313
1320
1287
1251
1181
1210
1230
1223
1261
1293
1352
1348
1329
1302
1268
1241
1208
1216
1223
1218
1264
1291
1318
1314
1310
1290
1253
1234
1215
1202
1207
1222
1253
1289
1316
1333
1336
1301
1261
1218
1193
1189
1204
1237
1293
1310
1338
1331
1310
1258
1235
1223
1235
1228
1240
1269
1288
1289
1286
1284
1261
1262
1238
1266
1256
1241
1246
1246
1258
1300
1286
1286
1281
1272
1249
1249
1245
1253
1265
1278
1291
1274
1272
1271
1257
1257
1302
1276
1291
1293
1288
1269
1261
1242
1240
1243
1246
1276
1294
1305
1286
1266
1253
1236
1234
1243
1262
1283
1285
1304
1296
1288
1284
1261
1261
1250
1274
1272
1279
1278
1280
1280
1277
1267
1275
1281
1266
1278
1266
1258
1259
1267
1269
1280
1280
1280
1267
1254
1247
1233
1256
1278
1274
1287
1281
1271
1258
1248
1245
1242
1250
1258
1292
1287
1273
1284
1249
1242
1255
1291
1277
1282
1286
1276
1224
1223
1236
1243
1223
1286
1303
1297
1290
1247
1250
1244
1246
1265
1262
1275
1287
1285
1280
1268
1263
1253
1257
1241
1256
1260
1256
1270
1304
1284
1286
1279
1277
1255
1248
1236
1216
1280
1276
1302
1324
1331
1320
1296
1261
1230
1214
1218
1247
1284
1315
1345
1350
1324
1287
1257
1210
1212
1222
1243
1259
1294
1310
1330
1323
1324
1291
1265
1256
1256
1243
1239
1242
1262
1279
1326
1322
1290
1325
1280
1258
1230
1221
1224
1235
1269
1323
1315
1319
1307
1291
1261
1253
1241
1262
1239
1242
1237
1252
1273
1288
1316
1317
1356
1317
1278
1247
1214
1192
1203
1222
1265
1293
1327
1329
1291
1290
1267
1207
1207
1216
1233
1262
1274
1294
1291
1292
1272
1278
1273
1269
1284
1261
1263
1250
1262
1268
1265
1278
1284
1309
1289
1272
1266
1256
1262
1264
1264
1264
1249
1251
1240
1252
1260
1252
1307
1323
1322
1305
1231
1225
1199
1190
1209
1243
1285
1323
1360
1336
1366
1300
1249
1213
1196
1205
1229
1261
1291
1324
1344
1344
1335
1318
1281
1259
1181
1217
1214
1253
1256
1277
1317
1351
1355
1340
1307
1274
1240
1242
1211
1231
1254
1272
1299
1288
1296
1288
1271
1279
1254
1247
1241
1229
1233
1230
1236
1268
1268
1317
1328
1330
1295
1281
1241
1210
1195
1198
1224
1270
1308
1327
1326
1318
1305
1271
1228
1222
1218
1213
1227
1235
1233
1272
1292
1321
1320
1324
1303
1266
1243
1227
1197
1199
1224
1283
1309
1336
1346
1334
1311
1279
1251
1228
1216
1226
1234
1247
1321
1297
1318
1323
1322
1310
1295
1255
1231
1211
1200
1219
1241
1300
1330
1343
1357
1337
1296
1244
1207
1202
1187
1221
1257
1270
1322
1334
1318
1299
1280
1255
1247
1231
1230
1234
1253
1261
1276
1297
1317
1318
1316
1302
1266
1242
1217
1226
1225
1268
1292
1314
1323
1293
1282
1260
1225
1220
1239
1252
1267
1289
1298
1292
1277
1250
1267
1263
1245
1250
1247
1243
1277
1252
1266
1261
1300
1330
1309
1288
1254
1231
1181
1215
1241
1263
1294
1303
1306
1305
1278
1245
1241
1228
1246
1261
1283
1287
1290
1273
1269
1256
1249
1259
1258
1265
1283
1278
1268
1271
1300
1275
1278
1285
1214
1252
1244
1242
1243
1252
1277
1287
1294
1295
1276
1234
1230
1227
1214
1248
1279
1299
1311
1298
1282
1262
1250
1251
1259
1284
1298
1308
1298
1283
1264
1241
1250
1287
1275
1289
1294
1291
1258
1260
1251
1228
1245
1291
1276
1279
1280
1279
1275
1266
1294
1275
1288
1273
1266
1253
1255
1244
1260
1267
1284
1285
1286
1279
1266
1241
1233
1280
1261
1272
1282
1296
1278
1269
1243
1212
1238
1246
1271
1285
1288
1290
1260
1247
1226
1202
1230
1246
1277
1294
1300
1290
1284
1272
1278
1256
1238
1252
1271
1248
1242
1257
1244
1271
1285
1294
1285
1268
1269
1246
1235
1227
1232
1265
1287
1295
1302
1316
1271
1248
1239
1248
1247
1246
1289
1297
1315
1272
1253
1244
1237
1261
1267
1303
1292
1308
1299
1264
1251
1229
1244
1242
1254
1258
1285
1271
1276
1280
1285
1239
1292
1284
1260
1242
1222
1228
1250
1262
1295
1312
1317
1311
1297
1260
1222
1212
1218
1246
1264
1279
1293
1283
1295
1293
1277
1268
1247
1255
1260
1247
1243
1263
1255
1272
1274
1302
1316
1304
1287
1272
1259
1238
1225
1244
1263
1271
1298
1294
1280
1270
1253
1259
1254
1257
1263
1246
1255
1250
1249
1249
1260
1280
1282
1267
1297
1267
1244
1227
1241
1233
1257
1270
1287
1291
1280
1267
1251
1241
1254
1223
1261
1321
1289
1295
1288
1284
1263
1265
1265
1274
1267
1264
1270
1262
1275
1285
1290
1295
1303
1297
1277
1252
1233
1209
1228
1237
1273
1299
1302
1297
1276
1261
1252
1247
1242
1260
1275
1283
1288
1293
1268
1273
1260
1275
1273
1272
1271
1258
1261
1253
1272
1258
1273
1273
1280
1301
1283
1272
1268
1267
1269
1272
1266
1283
1265
1270
1260
1260
1275
1263
1290
1292
1296
1294
1244
1250
1240
1231
1241
1249
1263
1272
1280
1257
1277
1266
1277
1262
1255
1260
1267
1254
1249
1252
1256
1272
1280
1295
1294
1298
1286
1262
1253
1224
1229
1231
1257
1280
1293
1301
1291
1274
1282
1260
1246
1234
1266
1283
1282
1278
1270
1262
1256
1253
1273
1258
1267
1281
1280
1282
1294
1297
1288
1285
1278
1266
1268
1257
1257
1264
1291
1306
1322
1317
1299
1274
1240
1232
1230
1235
1257
1282
1303
1290
1303
1281
1251
1246
1236
1240
1245
1249
1262
1281
1264
1302
1289
1290
1280
1274
1256
1256
1249
1257
1258
1271
1285
1293
1295
1300
1274
1261
1282
1254
1242
1269
1285
1283
1292
1275
1271
1255
1246
1245
1249
1266
1284
1297
1295
1305
1272
1257
1244
1240
1240
1249
1243
1278
1283
1272
1276
1243
1255
1247
1239
1233
1235
1247
1257
1272
1288
1290
1300
1270
1281
1267
1246
1242
1235
1257
1276
1288
1300
1302
1302
1276
1270
1234
1236
1244
1261
1255
1279
1277
1284
1272
1272
1266
1272
1273
1269
1264
1272
1276
1274
1270
1274
1262
1258
1260
1261
1268
1264
1278
1264
1284
1276
1264
1258
1240
1245
1270
1271
1279
1289
1294
1287
1278
1262
1240
1247
1252
1265
1280
1287
1295
1278
1275
1266
1258
1257
1256
1261
1282
1283
1267
1274
1269
1243
1257
1257
1262
1274
1279
1289
1339
1297
1288
1270
1259
1246
1238
1240
1269
1279
1270
1304
1328
1305
1284
1261
1244
1226
1234
1246
1265
1288
1297
1309
1295
1276
1256
1235
1235
1241
1256
1283
1298
1291
1280
1268
1245
1225
1228
1233
1257
1294
1303
1317
1310
1295
1279
1252
1235
1238
1250
1257
1284
1302
1296
1315
1300
1288
1266
1248
1235
1232
1272
1258
1306
1301
1331
1331
1300
1278
1247
1232
1235
1237
1276
1299
1317
1318
1299
1280
1263
1240
1197
1249
1246
1296
1311
1309
1305
1325
1265
1261
1239
1241
1236
1264
1287
1286
1302
1307
1301
1290
1269
1263
1257
1242
1270
1286
1303
1308
1313
1304
1299
1271
1218
1245
1246
1252
1268
1272
1289
1293
1284
1283
1265
1264
1288
1270
1266
1280
1287
1254
1265
1260
1259
1252
1270
1270
1270
1277
1280
1293
1282
1272
1278
1266
1277
1291
1276
1275
1271
1271
1270
1283
1286
1262
1294
1298
1277
1269
1256
1254
1242
1257
1296
1283
1297
1300
1302
1296
1292
1273
1270
1262
1256
1257
1257
1265
1269
1284
1303
1332
1303
1316
1275
1255
1231
1238
1224
1240
1276
1296
1306
1310
1298
1287
1246
1257
1259
1257
1267
1273
1284
1284
1296
1288
1323
1307
1297
1283
1271
1270
1259
1256
1262
1274
1288
1294
1299
1296
1274
1260
1241
1246
1254
1271
1282
1290
1307
1303
1301
1278
1258
1252
1251
1256
1273
1277
1296
1276
1298
1299
1282
1266
1248
1241
1226
1247
1260
1273
1296
1305
1312
1313
1290
1264
1238
1228
1224
1236
1262
1309
1305
1276
1307
1291
1255
1239
1223
1231
1259
1273
1279
1310
1310
1296
1278
1255
1240
1240
1245
1252
1272
1285
1293
1286
1288
1306
1270
1261
1259
1261
1250
1271
1281
1299
1296
1320
1294
1282
1268
1262
1250
1250
1292
1279
1286
1292
1304
1296
1292
1278
1260
1260
1266
1270
1277
1291
1290
1279
1279
1275
1286
1267
1265
1271
1258
1268
1271
1245
1266
1266
1277
1278
1285
1280
1287
1274
1262
1245
1250
1251
1263
1267
1290
1336
1298
1298
1281
1261
1249
1250
1240
1251
1263
1269
1294
1294
1301
1308
1271
1261
1227
1236
1229
1242
1260
1272
1300
1294
1290
1290
1269
1246
1239
1244
1254
1273
1290
1300
1306
1299
1276
1255
1241
1240
1220
1258
1276
1286
1296
1299
1282
1277
1256
1249
1240
1256
1268
1279
1302
1300
1303
1290
1280
1264
1249
1247
1244
1282
1282
1301
1306
1303
1292
1272
1256
1247
1180
1241
1256
1276
1290
1290
1282
1282
1257
1234
1244
1250
1258
1273
1284
1295
1300
1286
1273
1258
1239
1247
1258
1267
1276
1288
1291
1290
1281
1268
1258
1248
1252
1276
1266
1278
1281
1289
1281
1283
1273
1254
1278
1267
1270
1278
1278
1307
1276
1268
1289
1257
1261
1254
1265
1271
1288
1290
1295
1279
1268
1256
1236
1236
1240
1250
1268
1315
1293
1291
1276
1274
1252
1252
1249
1260
1266
1275
1285
1291
1282
1276
1257
1261
1277
1262
1262
1262
1280
1275
1279
1274
1282
1271
1268
1269
1265
1281
1282
1286
1280
1278
1263
1270
1246
1251
1239
1263
1299
1278
1302
1294
1292
1266
1256
1235
1241
1246
1258
1281
1290
1306
1313
1299
1282
1264
1271
1254
1249
1261
1267
1291
1281
1306
1298
1284
1271
1250
1244
1255
1259
1269
1289
1270
1289
1282
1276
1255
1246
1204
1259
1271
1273
1278
1282
1288
1283
1266
1283
1260
1256
1255
1268
1273
1256
1276
1270
1267
1256
1259
1255
1253
1262
1276
1275
1272
1276
1260
1251
1246
1243
1252
1258
1266
1279
1287
1288
1281
1269
1260
1251
1250
1257
1244
1268
1296
1285
1298
1286
1278
1275
1257
1246
1264
1258
1260
1274
1282
1290
1275
1263
1262
1250
1251
1279
1270
1279
1276
1278
1275
1275
1260
1265
1262
1259
1263
1274
1272
1279
1277
1279
1320
1269
1263
1255
1262
1248
1244
1255
1268
1269
1270
1276
1267
1266
1267
1255
1242
1267
1275
1277
1250
1294
1267
1271
1260
1271
1279
1279
1280
1272
1272
1267
1266
1261
1265
1264
1273
1268
1278
1263
1278
1266
1265
1256
1249
1259
1231
1258
1258
1272
1267
1270
1275
1273
1253
1271
1268
1268
1272
1270
1273
1267
1264
1262
1265
1252
1267
1264
1291
1264
1241
1259
1271
1232
1269
1273
1276
1275
1267
1275
1267
1267
1232
1273
1275
1270
1273
1271
1276
1280
1258
1264
1264
1260
1257
1262
1257
1256
1267
1272
1272
1271
1266
1258
1242
1247
1263
1254
1258
1288
1277
1280
1282
1283
1244
1279
1266
1265
1262
1258
1264
1260
1271
1296
1279
1287
1284
1275
1262
1263
1254
1253
1254
1255
1260
1260
1274
1276
1271
1268
1259
1257
1247
1249
1272
1256
1275
1289
1284
1284
1272
1260
1257
1248
1241
1236
1261
1271
1282
1293
1289
1264
1266
1261
1276
1248
1254
1251
1268
1269
1277
1291
1289
1282
1276
1269
1255
1251
1252
1251
1263
1309
1290
1292
1290
1286
1263
1262
1236
1241
1249
1255
1269
1282
1292
1291
1268
1265
1255
1252
1250
1249
1263
1265
1257
1298
1297
1296
1275
1269
1258
1240
1249
1255
1238
1274
1282
1287
1283
1263
1258
1247
1224
1234
1227
1250
1271
1272
1288
1309
1275
1255
1245
1239
1214
1255
1273
1270
1291
1320
1297
1279
1258
1256
1245
1237
1251
1285
1298
1300
1292
1278
1268
1248
1248
1248
1253
1266
1281
1291
1301
1288
1287
1236
1271
1248
1242
1245
1249
1262
1304
1310
1313
1306
1284
1270
1251
1240
1230
1250
1270
1291
1302
1297
1284
1258
1250
1256
1230
1239
1255
1271
1282
1294
1287
1277
1267
1261
1257
1253
1266
1263
1264
1274
1310
1284
1279
1271
1267
1254
1251
1252
1256
1267
1267
1279
1284
1283
1274
1262
1264
1249
1249
1255
1269
1283
1276
1290
1279
1270
1255
1258
1248
1263
1273
1282
1302
1295
1283
1298
1267
1255
1253
1257
1265
1313
1288
1297
1286
1282
1273
1276
1261
1250
1263
1262
1274
1282
1292
1291
1302
1283
1271
1253
1250
1231
1250
1250
1271
1267
1305
1293
1276
1264
1243
1250
1241
1253
1268
1284
1304
1307
1286
1275
1252
1245
1216
1248
1272
1284
1303
1301
1306
1293
1279
1253
1247
1241
1240
1253
1264
1274
1260
1288
1286
1279
1256
1248
1231
1242
1238
1263
1273
1288
1296
1286
1277
1276
1187
1236
1239
1252
1261
1286
1297
1301
1288
1251
1258
1246
1244
1255
1255
1282
1302
1294
1284
1276
1267
1250
1249
1257
1261
1270
1281
1290
1286
1275
1277
1261
1264
1276
1263
1262
1266
1273
1280
1284
1283
1252
1275
1258
1253
1250
1250
1259
1264
1276
1311
1290
1293
1268
1254
1242
1251
1258
1267
1278
1285
1284
1279
1273
1262
1260
1262
1264
1278
1285
1285
1266
1267
1270
1271
1270
1274
1267
1268
1266
1272
1255
1258
1269
1270
1271
1290
1272
1274
1267
1286
1293
1272
1278
1272
1266
1259
1264
1251
1263
1268
1271
1285
1288
1286
1276
1256
1233
1276
1251
1261
1272
1283
1277
1278
1257
1254
1242
1232
1245
1252
1269
1282
1300
1283
1275
1258
1257
1257
1247
1252
1266
1249
1269
1275
1264
1260
1253
1247
1259
1254
1258
1271
1268
1271
1272
1279
1275
1264
1240
1257
1256
1249
1258
1266
1282
1288
1288
1284
1267
1257
1249
1251
1258
1253
1293
1291
1291
1290
1271
1270
1242
1244
1241
1269
1277
1283
1289
1284
1282
1268
1267
1264
1265
1267
1266
1266
1266
1259
1261
1224
1269
1277
1274
1271
1264
1262
1269
1254
1258
1273
1268
1270
1274
1271
1261
1254
1256
1261
1254
1260
1265
1252
1264
1281
1268
1265
1263
1263
1259
1258
1252
1261
1254
1256
1275
1279
1309
1282
1263
1253
1275
1238
1240
1252
1269
1280
1301
1300
1286
1265
1244
1236
1226
1238
1260
1273
1293
1302
1299
1281
1258
1244
1224
1232
1248
1263
1282
1297
1313
1297
1286
1268
1259
1263
1233
1237
1248
1266
1276
1291
1301
1316
1273
1255
1233
1221
1213
1234
1263
1294
1307
1316
1300
1273
1241
1224
1210
1219
1250
1282
1301
1314
1309
1289
1276
1233
1239
1242
1249
1255
1269
1291
1296
1287
1288
1282
1248
1259
1254
1252
1248
1253
1236
1277
1285
1279
1288
1271
1267
1259
1254
1252
1253
1265
1267
1244
1266
1260
1258
1255
1273
1267
1260
1263
1253
1258
1254
1250
1252
1259
1263
1279
1291
1295
1231
1261
1252
1238
1230
1235
1273
1276
1280
1284
1296
1278
1242
1230
1212
1218
1236
1261
1278
1297
1285
1293
1280
1265
1229
1222
1225
1238
1268
1278
1304
1299
1302
1317
1271
1248
1228
1224
1229
1246
1296
1288
1309
1311
1301
1285
1226
1229
1217
1229
1282
1286
1313
1324
1305
1297
1276
1248
1227
1228
1242
1268
1282
1304
1314
1277
1281
1275
1247
1229
1225
1240
1247
1269
1285
1270
1286
1280
1271
1252
1234
1239
1233
1254
1265
1287
1295
1296
1301
1274
1272
1266
1246
1254
1257
1274
1276
1291
1285
1281
1265
1262
1229
1250
1262
1273
1268
1276
1311
1279
1278
1271
1266
1261
1273
1265
1280
1281
1272
1269
1273
1269
1279
1274
1288
1281
1279
1273
1263
1255
1248
1255
1245
1276
1285
1278
1280
1272
1262
1260
1260
1256
1277
1272
1291
1282
1286
1310
1284
1252
1271
1267
1260
1253
1242
1266
1280
1288
1294
1289
1282
1246
1247
1236
1215
1236
1252
1274
1294
1296
1295
1289
1267
1238
1263
1245
1248
1269
1280
1303
1312
1308
1296
1280
1278
1257
1251
1251
1252
1266
1265
1292
1295
1290
1301
1270
1256
1256
1241
1235
1251
1268
1282
1290
1299
1300
1275
1262
1252
1246
1243
1249
1266
1290
1328
1303
1300
1286
1269
1234
1249
1248
1254
1267
1282
1293
1283
1295
1290
1274
1259
1306
1252
1249
1255
1275
1280
1296
1297
1311
1285
1267
1250
1236
1240
1230
1253
1281
1295
1303
1298
1282
1265
1202
1231
1256
1247
1269
1305
1295
1295
1288
1280
1257
1252
1249
1250
1249
1261
1276
1270
1280
1300
1296
1289
1274
1267
1254
1257
1255
1269
1279
1290
1287
1288
1271
1281
1262
1257
1257
1235
1266
1274
1287
1273
1280
1255
1268
1268
1259
1250
1260
1272
1283
1267
1290
1263
1262
1259
1258
1259
1262
1261
1233
1268
1271
1263
1258
1259
1263
1268
1264
1266
1268
1266
1263
1269
1267
1261
1263
1257
1270
1272
1268
1276
1263
1281
1278
1278
1285
1274
1268
1272
1274
1283
1247
1279
1274
1267
1261
1251
1250
1248
1255
1257
1285
1285
1273
1263
1244
1241
1251
1243
1251
1270
1277
1281
1278
1274
1247
1241
1237
1246
1255
1263
1298
1278
1284
1291
1265
1251
1243
1236
1240
1243
1254
1259
1254
1285
1288
1280
1264
1265
1235
1242
1267
1262
1280
1285
1296
1290
1282
1275
1253
1242
1242
1253
1246
1278
1299
1292
1281
1285
1257
1242
1240
1250
1241
1271
1282
1281
1278
1282
1255
1245
1253
1256
1258
1266
1274
1275
1270
1262
1257
1242
1244
1269
1266
1270
1281
1291
1280
1277
1261
1251
1244
1242
1251
1253
1267
1265
1278
1289
1311
1261
1229
1235
1238
1230
1251
1258
1286
1296
1288
1271
1268
1235
1238
1223
1244
1263
1284
1306
1296
1285
1264
1251
1221
1227
1239
1247
1260
1275
1289
1293
1285
1272
1257
1244
1235
1240
1248
1255
1268
1223
1286
1284
1269
1258
1245
1241
1240
1246
1257
1277
1288
1289
1287
1280
1258
1247
1237
1237
1250
1261
1272
1274
1286
1256
1267
1260
1246
1248
1253
1261
1283
1285
1284
1278
1270
1261
1249
1255
1251
1265
1230
1283
1290
1298
1272
1257
1235
1257
1245
1247
1251
1283
1272
1279
1286
1270
1260
1236
1244
1242
1240
1277
1259
1283
1315
1301
1277
1274
1253
1234
1229
1237
1256
1266
1290
1305
1303
1288
1274
1263
1236
1252
1234
1249
1265
1285
1294
1302
1299
1282
1266
1236
1241
1241
1250
1261
1264
1281
1297
1296
1284
1271
1262
1206
1233
1245
1248
1260
1291
1290
1290
1289
1273
1250
1245
1233
1234
1247
1284
1280
1283
1294
1321
1266
1262
1251
1248
1242
1261
1276
1277
1283
1286
1286
1267
1263
1258
1240
1242
1250
1263
1270
1285
1287
1282
1276
1248
1252
1242
1239
1247
1264
1282
1298
1299
1298
1287
1270
1247
1244
1241
1246
1259
1257
1295
1306
1292
1282
1257
1274
1250
1245
1249
1260
1273
1273
1281
1282
1269
1262
1252
1245
1248
1222
1245
1251
1270
1288
1281
1285
1278
1255
1247
1246
1246
1191
1256
1271
1285
1284
1278
1274
1270
1254
1224
1254
1255
1261
1271
1273
1277
1282
1276
1276
1259
1260
1261
1261
1265
1262
1266
1266
1265
1263
1252
1269
1258
1265
1277
1272
1246
1260
1262
1262
1281
1267
1255
1265
1264
1267
1272
1267
1269
1259
1267
1280
1262
1282
1267
1270
1277
1278
1277
1273
1265
1257
1251
1247
1257
1279
1276
1282
1280
1285
1253
1249
1246
1232
1245
1267
1273
1276
1282
1275
1278
1258
1246
1230
1243
1252
1261
1246
1275
1278
1269
1263
1304
1257
1255
1253
1255
1264
1263
1268
1274
1270
1279
1276
1253
1247
1251
1252
1251
1294
1275
1271
1272
1269
1275
1259
1246
1258
1262
1267
1251
1266
1272
1270
1242
1263
1262
1262
1267
1270
1273
1268
1256
1238
1233
1256
1255
1264
1266
1275
1280
1270
1261
1252
1238
1246
1248
1251
1255
1258
1243
1266
1269
1260
1254
1239
1248
1247
1248
1259
1256
1262
1255
1268
1270
1247
1257
1254
1260
1255
1248
1235
1259
1267
1260
1270
1270
1265
1261
1257
1265
1268
1274
1276
1281
1270
1263
1261
1257
1253
1261
1236
1275
1277
1273
1269
1251
1262
1267
1254
1255
1261
1268
1270
1272
1265
1252
1260
1256
1260
1260
1257
1253
1256
1268
1293
1277
1278
1268
1272
1266
1264
1257
1261
1261
1265
1263
1268
1259
1266
1260
1258
1293
1264
1265
1243
1263
1255
1256
1251
1255
1255
1264
1264
1270
1268
1270
1262
1265
1254
1256
1253
1263
1273
1259
1269
1281
1273
1274
1270
1263
1258
1260
1259
1269
1236
1273
1273
1280
1268
1272
1266
1263
1293
1270
1271
1268
1272
1265
1278
1263
1272
1267
1262
1266
1253
1267
1273
1265
1271
1271
1269
1267
1245
1263
1249
1264
1253
1275
1277
1278
1277
1291
1270
1279
1282
1270
1267
1271
1269
1271
1269
1266
1270
1241
1278
1276
1267
1267
1260
1262
1272
1267
1270
1280
1272
1271
1274
1272
1260
1289
1269
1272
1273
1274
1264
1263
1273
1278
1272
1279
1271
1272
1268
1269
1275
1219
1270
1271
1275
1271
1275
1278
1262
1264
1261
1264
1269
1270
1275
1272
1282
1248
1284
1267
1266
1262
1262
1269
1259
1269
1269
1266
1277
1277
1269
1268
1239
1264
1281
1270
1266
1235
1271
1275
1273
1270
1255
1270
1266
1265
1269
1243
1269
1259
1264
1296
1273
1272
1269
1271
1267
1277
1255
1277
1272
1267
1293
1263
1260
1265
1262
1248
1315
1276
1276
1273
1285
1265
1268
1258
1268
1275
1266
1266
1267
1274
1278
1255
1287
1284
1284
1281
1265
1271
1258
1263
1265
1282
1280
1289
1289
1282
1267
1257
1256
1251
1251
1261
1266
1279
1288
1284
1269
1291
1264
1253
1244
1248
1247
1264
1248
1279
1288
1291
1285
1271
1262
1263
1250
1247
1251
1263
1273
1278
1278
1270
1269
1244
1267
1262
1260
1266
1277
1281
1284
1271
1280
1278
1280
1273
1276
1260
1273
1273
1227
1261
1275
1268
1268
1257
1267
1285
1272
1278
1283
1300
1280
1276
1266
1254
1260
1262
1266
1277
1285
1281
1287
1280
1297
1274
1275
1258
1257
1256
1276
1256
1291
1309
1291
1290
1294
1264
1258
1246
1257
1280
1279
1290
1289
1290
1275
1259
1271
1269
1262
1264
1265
1268
1280
1282
1281
1287
1274
1272
1266
1264
1262
1250
1268
1284
1270
1288
1294
1280
1277
1278
1273
1286
1265
1264
1269
1273
1257
1273
1272
1273
1315
1298
1284
1275
1275
1266
1265
1255
1264
1264
1269
1277
1276
1278
1282
1258
1252
1260
1264
1260
1253
1261
1258
1269
1259
1279
1277
1273
1273
1269
1262
1274
1264
1264
1263
1280
1276
1272
1273
1260
1264
1249
1263
1266
1262
1264
1264
1275
1275
1259
1263
1268
1259
1234
1257
1270
1269
1274
1281
1284
1278
1270
1264
1252
1256
1246
1269
1279
1306
1285
1283
1285
1281
1205
1265
1262
1262
1262
1284
1278
1276
1278
1255
1266
1273
1274
1270
1257
1261
1275
1270
1271
1276
1293
1280
1281
1275
1265
1261
1259
1263
1264
1266
1273
1261
1274
1291
1278
1281
1274
1266
1255
1281
1259
1245
1260
1269
1280
1281
1284
1284
1270
1263
1273
1253
1257
1254
1265
1262
1279
1281
1280
1272
1246
1258
1253
1255
1254
1258
1265
1271
1275
1273
1273
1267
1250
1255
1256
1251
1258
1256
1273
1272
1279
1276
1286
1267
1264
1263
1260
1256
1266
1268
1280
1302
1284
1280
1266
1262
1259
1242
1264
1274
1281
1281
1307
1277
1271
1274
1259
1272
1301
1271
1271
1279
1294
1270
1273
1260
1266
1262
1258
1258
1261
1268
1295
1269
1276
1274
1264
1256
1251
1252
1249
1254
1281
1278
1287
1283
1279
1268
1263
1258
1253
1248
1265
1284
1275
1283
1294
1290
1287
1253
1274
1268
1283
1256
1251
1261
1268
1284
1280
1281
1276
1276
1288
1267
1236
1253
1270
1264
1254
1263
1274
1271
1272
1271
1274
1267
1257
1261
1254
1260
1272
1271
1277
1268
1274
1274
1267
1266
1254
1260
1234
1263
1273
1276
1269
1266
1270
1291
1265
1262
1262
1264
1263
1275
1277
1269
1272
1274
1267
1257
1253
1257
1253
1268
1297
1280
1283
1274
1269
1256
1248
1240
1250
1248
1258
1274
1280
1282
1274
1266
1258
1288
1246
1254
1234
1262
1263
1280
1286
1283
1279
1274
1264
1256
1252
1256
1255
1267
1270
1303
1282
1275
1272
1259
1265
1260
1260
1269
1270
1295
1281
1289
1278
1280
1271
1266
1265
1258
1264
1274
1269
1272
1302
1274
1276
1256
1261
1255
1261
1254
1271
1270
1269
1265
1266
1258
1261
1257
1258
1256
1261
1266
1262
1268
1262
1267
1245
1266
1259
1255
1255
1232
1261
1270
1267
1263
1269
1268
1265
1245
1264
1264
1262
1238
1273
1270
1273
1269
1259
1265
1273
1285
1275
1276
1274
1264
1289
1267
1258
1267
1271
1278
1281
1274
1274
1257
1262
1259
1263
1268
1269
1277
1282
1276
1278
1218
1265
1262
1248
1262
1258
1262
1260
1270
1255
1277
1270
1274
1244
1260
1261
1274
1263
1270
1278
1289
1282
1281
1274
1260
1254
1255
1254
1253
1263
1272
1270
1283
1296
1271
1259
1259
1253
1243
1252
1254
1249
1272
1272
1277
1277
1271
1273
1257
1260
1291
1263
1254
1265
1269
1269
1275
1272
1273
1269
1248
1269
1263
1272
1269
1269
1268
1265
1267
1262
1257
1265
1256
1273
1278
1305
1283
1272
1266
1260
1244
1246
1229
1263
1271
1276
1283
1256
1273
1256
1256
1268
1254
1264
1259
1264
1260
1277
1266
1271
1264
1266
1269
1263
1263
1264
1260
1258
1300
1275
1278
1270
1273
1260
1265
1254
1271
1270
1272
1272
1274
1268
1284
1258
1252
1257
1266
1265
1272
1276
1264
1281
1240
1260
1258
1257
1264
1252
1275
1281
1280
1272
1264
1259
1257
1238
1260
1260
1270
1244
1277
1276
1272
1266
1254
1262
1264
1262
1264
1297
1275
1274
1274
1278
1256
1266
1261
1260
1258
1265
1269
1253
1278
1279
1290
1276
1266
1261
1250
1253
1262
1268
1273
1277
1279
1274
1273
1270
1252
1254
1234
1252
1265
1268
1269
1260
1291
1285
1269
1267
