1312
1309
1309
1288
1261
1262
1253
1259
1273
1260
1266
1261
1265
1237
1267
1268
1269
1248
1267
1265
1263
1267
1294
1255
1265
1264
1268
1288
1272
1270
1265
1269
1290
1270
1275
1268
1266
1262
1291
1266
1271
1272
1265
1269
1229
1264
1263
1256
1260
1254
1263
1267
1246
1262
1251
1261
1256
1274
1266
1261
1259
1246
1262
1259
1269
1257
1235
1263
1258
1260
1263
1250
1264
1216
1263
1243
1262
1271
1255
1269
1252
1265
1267
1268
1278
1269
1270
1267
1210
1269
1272
1276
1295
1262
1271
1266
1269
1263
1272
1268
1258
1258
1268
1273
1272
1245
1271
1265
1268
1263
1272
1273
1240
1267
1263
1271
1264
1262
1268
1257
1261
1295
1267
1272
1263
1268
1261
1260
1254
1268
1266
1265
1277
1267
1268
1271
1260
1265
1277
1276
1272
1270
1274
1266
1277
1280
1283
1285
1277
1279
1274
1276
1264
1266
1284
1255
1255
1244
1244
1244
1238
1248
1249
1288
1273
1276
1288
1287
1300
1287
1310
1307
1302
1299
1286
1286
1277
1269
1248
1251
1225
1254
1266
1280
1294
1319
1297
1359
1379
1381
1384
1355
1337
1309
1279
1253
1230
1210
1202
1162
1137
1101
1080
1060
1056
1058
1069
1094
1130
1149
1189
1197
1209
1225
1249
1306
1320
1378
1409
1427
1428
1412
1376
1321
1291
1241
1253
1233
1262
1273
1275
1288
1295
1299
1327
1331
1355
1369
1402
1418
1438
1446
1437
1422
1406
1389
1366
1352
1335
1306
1284
1254
1231
1206
1184
1170
1146
1139
1115
1135
1149
1158
1171
1179
1184
1178
1205
1184
1184
1189
1191
1205
1201
1198
1206
1219
1231
1238
1227
1279
1297
1329
1343
1391
1392
1402
1401
1398
1391
1376
1358
1354
1317
1292
1286
1286
1265
1244
1238
1249
1228
1206
1207
1204
1181
1193
1211
1213
1233
1227
1251
1264
1273
1284
1286
1291
1299
1294
1289
1301
1299
1283
1299
1323
1274
1268
1258
1266
1247
1245
1246
1239
1238
1240
1264
1258
1279
1306
1302
1287
1332
1341
1350
1349
1353
1361
1362
1341
1351
1331
1314
1279
1269
1250
1243
1243
1234
1227
1224
1210
1206
1194
1181
1177
1173
1181
1180
1191
1217
1232
1269
1253
1291
1286
1297
1301
1292
1300
1297
1300
1297
1283
1269
1245
1246
1220
1224
1236
1249
1256
1262
1272
1278
1266
1279
1303
1314
1337
1359
1383
1400
1420
1429
1429
1407
1399
1367
1332
1292
1261
1219
1203
1230
1190
1191
1191
1203
1187
1218
1241
1245
1243
1283
1297
1301
1313
1306
1302
1278
1263
1244
1235
1217
1209
1188
1185
1191
1182
1185
1190
1183
1175
1192
1195
1220
1233
1249
1245
1276
1289
1329
1315
1336
1351
1362
1369
1365
1366
1346
1336
1287
1313
1307
1296
1295
1285
1304
1283
1306
1321
1322
1327
1313
1318
1296
1290
1285
1277
1270
1261
1245
1232
1218
1224
1221
1205
1232
1236
1239
1217
1252
1266
1263
1274
1281
1289
1299
1308
1329
1311
1315
1308
1317
1300
1284
1278
1245
1245
1248
1216
1213
1204
1214
1220
1232
1252
1222
1242
1272
1228
1276
1286
1293
1290
1295
1288
1285
1278
1281
1287
1288
1296
1311
1313
1306
1291
1281
1268
1261
1246
1240
1253
1225
1221
1206
1195
1195
1191
1199
1191
1227
1246
1256
1270
1283
1307
1308
1311
1327
1342
1348
1349
1351
1356
1334
1356
1346
1344
1317
1278
1244
1214
1189
1160
1176
1192
1185
1204
1208
1235
1255
1281
1306
1326
1349
1346
1345
1326
1281
1294
1271
1261
1243
1234
1224
1209
1205
1228
1204
1208
1218
1231
1248
1250
1247
1255
1254
1255
1262
1258
1273
1290
1278
1283
1274
1278
1274
1268
1302
1263
1276
1294
1266
1272
1272
1282
1288
1309
1329
1338
1341
1327
1336
1324
1306
1277
1286
1271
1254
1241
1215
1213
1201
1204
1211
1213
1236
1253
1254
1262
1255
1262
1276
1272
1283
1280
1296
1274
1260
1253
1249
1250
1226
1256
1266
1250
1256
1238
1245
1234
1253
1245
1249
1242
1243
1250
1246
1253
1245
1261
1266
1279
1272
1297
1276
1279
1288
1284
1260
1256
1268
1264
1282
1289
1279
1279
1259
1281
1285
1290
1294
1253
1284
1278
1285
1250
1278
1282
1280
1296
1331
1297
1289
1256
1271
1260
1271
1292
1290
1294
1289
1283
1254
1249
1273
1258
1266
1284
1287
1285
1305
1258
1258
1262
1261
1271
1279
1269
1271
1249
1271
1247
1255
1279
1274
1275
1267
1264
1243
1235
1230
1237
1240
1252
1239
1234
1232
1218
1206
1229
1218
1253
1265
1276
1283
1309
1268
1279
1270
1273
1284
1288
1294
1273
1275
1285
1285
1277
1278
1279
1275
1278
1280
1251
1234
1231
1237
1250
1260
1275
1285
1282
1296
1285
1289
1300
1301
1296
1326
1359
1306
1311
1295
1287
1254
1284
1296
1288
1288
1253
1246
1233
1230
1235
1248
1253
1269
1264
1261
1257
1249
1245
1252
1255
1253
1270
1269
1255
1240
1239
1242
1254
1263
1268
1290
1269
1276
1272
1250
1267
1277
1275
1301
1288
1274
1243
1241
1215
1242
1238
1238
1270
1249
1263
1262
1272
1273
1277
1298
1307
1328
1328
1300
1309
1291
1257
1276
1260
1275
1270
1258
1262
1255
1239
1230
1239
1241
1253
1271
1270
1253
1243
1242
1224
1232
1263
1277
1284
1322
1266
1292
1254
1268
1261
1303
1286
1272
1275
1257
1254
1232
1251
1260
1274
1296
1296
1285
1284
1254
1247
1229
1264
1214
1241
1245
1232
1239
1223
1221
1215
1264
1264
1282
1277
1289
1292
1283
1286
1281
1290
1304
1308
1311
1302
1282
1274
1231
1267
1243
1258
1244
1260
1273
1274
1263
1282
1274
1279
1284
1284
1304
1302
1280
1268
1271
1277
1270
1289
1294
1304
1314
1288
1280
1254
1283
1259
1282
1296
1301
1278
1259
1255
1240
1230
1227
1196
1253
1257
1245
1227
1216
1214
1219
1231
1251
1271
1277
1269
1267
1254
1245
1273
1284
1288
1283
1282
1263
1246
1228
1197
1238
1250
1271
1274
1276
1268
1293
1211
1236
1251
1265
1278
1279
1263
1262
1256
1208
1236
1266
1288
1303
1326
1311
1278
1280
1282
1268
1273
1297
1304
1299
1298
1284
1281
1285
1267
1276
1290
1288
1297
1274
1261
1227
1193
1222
1216
1267
1270
1292
1287
1299
1288
1236
1271
1263
1272
1277
1287
1273
1256
1259
1223
1241
1256
1257
1280
1276
1264
1232
1240
1196
1227
1230
1244
1274
1279
1268
1271
1238
1262
1261
1280
1307
1306
1298
1279
1238
1270
1211
1253
1248
1279
1283
1282
1273
1260
1247
1237
1265
1230
1303
1296
1276
1269
1285
1248
1203
1252
1267
1260
1291
1280
1268
1228
1219
1255
1272
1287
1303
1311
1294
1282
1230
1264
1250
1258
1267
1277
1285
1272
1255
1248
1231
1217
1248
1264
1269
1283
1261
1266
1216
1199
1243
1246
1269
1268
1287
1277
1247
1224
1237
1264
1274
1292
1295
1298
1258
1265
1239
1244
1212
1260
1273
1306
1310
1286
1233
1225
1243
1258
1283
1295
1272
1286
1272
1261
1241
1212
1276
1284
1313
1313
1308
1305
1269
1260
1258
1281
1278
1291
1298
1295
1275
1263
1262
1216
1258
1283
1293
1301
1288
1262
1221
1268
1208
1251
1275
1286
1284
1289
1224
1235
1225
1196
1249
1258
1274
1281
1263
1253
1218
1205
1228
1257
1288
1302
1305
1285
1265
1230
1239
1191
1246
1275
1285
1308
1294
1246
1243
1252
1203
1265
1287
1320
1301
1281
1266
1224
1238
1227
1261
1279
1291
1293
1287
1272
1256
1212
1235
1291
1300
1312
1312
1304
1250
1293
1255
1249
1306
1321
1327
1307
1309
1272
1225
1260
1210
1265
1278
1290
1262
1288
1219
1229
1191
1257
1236
1265
1286
1280
1289
1271
1251
1239
1297
1309
1315
1299
1290
1282
1272
1253
1206
1278
1308
1293
1302
1287
1244
1234
1255
1208
1288
1285
1295
1303
1272
1254
1247
1208
1220
1251
1277
1270
1301
1285
1249
1265
1250
1199
1289
1317
1309
1312
1300
1284
1275
1258
1203
1296
1299
1309
1300
1287
1250
1237
1224
1201
1266
1267
1269
1262
1256
1250
1213
1226
1222
1284
1290
1301
1290
1297
1235
1259
1215
1200
1306
1319
1329
1304
1309
1280
1254
1244
1231
1308
1299
1284
1281
1275
1221
1244
1177
1171
1277
1284
1248
1268
1288
1271
1210
1230
1214
1283
1300
1304
1277
1265
1216
1224
1213
1201
1300
1307
1329
1298
1309
1242
1234
1264
1192
1310
1325
1324
1294
1284
1243
1237
1201
1233
1304
1311
1317
1297
1286
1235
1262
1202
1251
1302
1306
1310
1285
1250
1236
1206
1202
1269
1286
1309
1317
1293
1283
1286
1228
1231
1285
1293
1301
1301
1279
1252
1213
1197
1219
1280
1292
1299
1284
1277
1262
1204
1192
1206
1276
1279
1291
1283
1281
1286
1263
1253
1199
1306
1310
1318
1298
1295
1244
1220
1236
1237
1284
1306
1314
1289
1289
1241
1258
1212
1205
1298
1302
1303
1275
1282
1244
1243
1242
1240
1314
1324
1334
1318
1304
1288
1218
1247
1220
1313
1306
1342
1291
1283
1265
1257
1212
1198
1315
1326
1319
1292
1293
1198
1261
1205
1240
1310
1303
1317
1282
1270
1216
1252
1194
1259
1290
1290
1298
1271
1271
1250
1227
1208
1280
1292
1300
1271
1280
1294
1255
1231
1230
1318
1301
1299
1301
1288
1245
1218
1213
1228
1293
1297
1299
1277
1276
1231
1216
1230
1224
1287
1314
1310
1294
1287
1272
1259
1258
1233
1320
1315
1311
1288
1271
1272
1268
1217
1206
1320
1301
1319
1265
1269
1230
1215
1220
1189
1301
1302
1310
1260
1283
1229
1229
1258
1249
1310
1308
1304
1308
1267
1261
1252
1206
1287
1291
1290
1229
1295
1211
1266
1238
1204
1297
1305
1267
1236
1296
1222
1235
1246
1251
1305
1310
1291
1216
1337
1295
1254
1318
1246
1336
1320
1315
1255
1323
1230
1216
1254
1202
1298
1298
1293
1193
1308
1261
1234
1216
1291
1296
1292
1244
1202
1300
1241
1228
1248
1310
1313
1323
1294
1247
1333
1223
1278
1235
1316
1318
1307
1207
1228
1315
1242
1222
1219
1315
1288
1275
1177
1272
1266
1203
1246
1271
1302
1290
1284
1190
1222
1297
1199
1249
1255
1322
1307
1318
1205
1282
1313
1254
1259
1232
1330
1299
1310
1203
1293
1260
1232
1220
1305
1293
1285
1282
1222
1294
1245
1251
1247
1246
1323
1317
1267
1260
1324
1287
1228
1275
1332
1329
1320
1247
1213
1319
1245
1252
1278
1310
1315
1307
1219
1209
1304
1254
1220
1223
1318
1314
1299
1231
1193
1310
1220
1243
1211
1321
1312
1305
1215
1248
1317
1232
1252
1244
1310
1304
1257
1222
1229
1273
1234
1211
1223
1314
1302
1301
1185
1302
1315
1235
1229
1321
1316
1298
1211
1204
1304
1339
1252
1284
1344
1353
1341
1248
1246
1311
1317
1278
1227
1324
1319
1299
1207
1222
1286
1247
1190
1190
1252
1290
1290
1181
1197
1296
1251
1208
1225
1314
1330
1336
1252
1224
1339
1275
1243
1274
1327
1322
1308
1222
1200
1293
1225
1186
1201
1289
1288
1252
1208
1198
1300
1231
1220
1297
1326
1329
1319
1214
1238
1307
1237
1239
1316
1313
1320
1251
1220
1219
1325
1247
1202
1305
1325
1325
1223
1245
1252
1303
1229
1236
1300
1320
1324
1267
1252
1332
1337
1257
1262
1262
1326
1326
1238
1215
1263
1305
1230
1219
1314
1352
1365
1272
1286
1355
1263
1271
1233
1298
1304
1296
1222
1168
1278
1188
1162
1206
1249
1294
1294
1241
1220
1327
1248
1228
1206
1310
1322
1315
1198
1208
1288
1179
1173
1264
1292
1270
1318
1235
1230
1304
1254
1218
1285
1312
1320
1240
1254
1201
1311
1210
1235
1311
1317
1355
1336
1301
1292
1353
1241
1268
1252
1316
1338
1273
1220
1300
1320
1242
1234
1285
1323
1321
1261
1212
1304
1311
1201
1207
1236
1303
1310
1252
1244
1298
1288
1233
1294
1280
1310
1319
1219
1272
1297
1240
1194
1284
1296
1315
1315
1231
1204
1300
1233
1220
1279
1301
1304
1319
1231
1247
1308
1221
1235
1313
1353
1378
1346
1276
1300
1333
1175
1219
1285
1297
1305
1275
1204
1200
1290
1148
1179
1258
1320
1331
1277
1281
1317
1303
1257
1260
1280
1328
1331
1246
1257
1240
1317
1203
1233
1270
1311
1323
1261
1221
1276
1258
1215
1216
1251
1342
1308
1216
1221
1296
1262
1224
1273
1267
1319
1322
1223
1289
1303
1236
1186
1269
1309
1306
1320
1217
1213
1328
1217
1214
1284
1313
1327
1255
1226
1178
1270
1192
1157
1254
1265
1283
1231
1214
1167
1281
1182
1203
1318
1377
1367
1269
1294
1307
1342
1236
1253
1294
1365
1362
1289
1220
1322
1320
1207
1257
1300
1308
1304
1219
1232
1195
1302
1207
1252
1277
1342
1355
1251
1266
1325
1366
1250
1305
1316
1340
1327
1200
1222
1258
1217
1173
1195
1246
1287
1290
1204
1228
1291
1215
1215
1307
1290
1319
1313
1150
1210
1252
1165
1184
1275
1267
1231
1240
1216
1221
1324
1272
1284
1354
1375
1382
1322
1255
1270
1314
1234
1246
1305
1310
1301
1222
1221
1199
1285
1192
1191
1347
1333
1337
1217
1251
1210
1306
1249
1252
1327
1361
1358
1280
1311
1296
1301
1205
1214
1248
1310
1295
1214
1214
1145
1260
1182
1189
1270
1338
1343
1269
1232
1312
1280
1223
1268
1302
1342
1332
1194
1248
1273
1234
1225
1286
1298
1341
1236
1252
1253
1289
1245
1206
1326
1309
1330
1264
1212
1181
1270
1173
1190
1307
1312
1312
1265
1195
1163
1253
1215
1249
1296
1372
1392
1281
1356
1237
1356
1255
1307
1342
1350
1333
1225
1167
1128
1225
1170
1210
1240
1306
1320
1249
1299
1267
1281
1248
1253
1323
1388
1370
1271
1285
1253
1265
1222
1239
1302
1351
1333
1209
1201
1173
1256
1184
1268
1250
1303
1293
1211
1183
1266
1205
1213
1271
1365
1402
1316
1267
1242
1303
1216
1212
1316
1300
1324
1238
1203
1148
1258
1186
1216
1341
1365
1380
1258
1320
1208
1272
1165
1205
1276
1322
1324
1207
1277
1205
1269
1245
1226
1361
1359
1394
1299
1329
1235
1283
1215
1209
1272
1341
1352
1232
1286
1176
1274
1243
1224
1304
1353
1351
1254
1286
1229
1209
1237
1252
1301
1326
1358
1284
1246
1274
1324
1292
1375
1355
1400
1371
1242
1243
1259
1163
1188
1289
1254
1307
1253
1221
1154
1221
1187
1174
1305
1308
1347
1290
1302
1179
1298
1208
1226
1297
1359
1383
1287
1333
1212
1286
1215
1197
1320
1314
1313
1215
1302
1199
1283
1216
1273
1322
1389
1390
1260
1334
1211
1297
1205
1239
1300
1349
1347
1252
1281
1199
1269
1214
1222
1323
1378
1381
1273
1285
1256
1252
1220
1187
1299
1340
1337
1223
1179
1178
1191
1172
1271
1273
1328
1273
1307
1213
1274
1250
1250
1267
1355
1410
1319
1375
1260
1315
1269
1240
1326
1314
1342
1275
1280
1204
1254
1201
1215
1304
1351
1377
1286
1361
1226
1315
1210
1258
1319
1336
1344
1259
1287
1170
1236
1168
1209
1290
1336
1368
1268
1320
1196
1268
1206
1212
1253
1328
1335
1214
1285
1178
1268
1182
1254
1315
1361
1342
1243
1253
1193
1202
1183
1205
1302
1360
1371
1281
1293
1216
1283
1227
1298
1320
1367
1314
1316
1248
1188
1199
1210
1280
1291
1334
1299
1314
1206
1276
1185
1195
1323
1316
1372
1272
1343
1226
1276
1218
1199
1299
1301
1367
1245
1315
1190
1257
1157
1186
1292
1325
1338
1248
1311
1251
1308
1233
1265
1333
1370
1377
1264
1333
1216
1284
1202
1231
1283
1336
1347
1279
1296
1196
1296
1199
1213
1304
1355
1363
1290
1271
1224
1256
1191
1246
1292
1348
1316
1253
1244
1169
1232
1221
1282
1291
1345
1248
1303
1220
1155
1208
1176
1289
1277
1314
1257
1310
1227
1274
1243
1219
1304
1300
1339
1241
1314
1203
1238
1160
1196
1260
1307
1357
1257
1354
1221
1319
1252
1225
1353
1354
1369
1283
1344
1243
1293
1211
1233
1296
1354
1360
1247
1330
1227
1281
1176
1211
1275
1343
1345
1265
1288
1207
1283
1222
1226
1288
1350
1356
1240
1243
1168
1264
1200
1290
1279
1354
1368
1312
1269
1217
1239
1188
1303
1287
1334
1266
1323
1220
1217
1231
1228
1316
1299
1365
1337
1345
1215
1274
1191
1173
1290
1289
1333
1268
1321
1223
1286
1246
1239
1307
1343
1384
1317
1392
1267
1315
1217
1230
1309
1323
1336
1212
1297
1202
1250
1130
1164
1226
1309
1331
1230
1307
1186
1265
1200
1216
1308
1339
1347
1266
1269
1167
1254
1175
1204
1242
1312
1323
1302
1248
1180
1291
1187
1298
1304
1374
1366
1352
1242
1228
1235
1214
1250
1312
1373
1309
1336
1206
1207
1186
1179
1314
1297
1364
1340
1356
1251
1298
1239
1235
1310
1310
1355
1263
1307
1183
1234
1129
1182
1224
1272
1314
1262
1316
1242
1300
1232
1249
1313
1350
1365
1288
1340
1222
1285
1195
1193
1292
1341
1361
1279
1332
1196
1307
1221
1238
1279
1330
1367
1343
1328
1187
1282
1182
1215
1277
1350
1353
1280
1264
1191
1253
1148
1229
1228
1332
1316
1290
1231
1204
1210
1203
1288
1293
1362
1294
1352
1248
1245
1242
1255
1313
1293
1338
1296
1301
1184
1246
1177
1218
1294
1288
1362
1266
1361
1238
1300
1265
1222
1346
1322
1360
1268
1322
1196
1276
1192
1187
1300
1308
1335
1270
1308
1202
1293
1193
1220
1266
1327
1338
1266
1329
1236
1294
1236
1241
1281
1335
1304
1298
1296
1211
1266
1194
1221
1291
1337
1353
1317
1288
1236
1304
1248
1221
1277
1304
1323
1286
1205
1200
1230
1234
1236
1320
1378
1327
1372
1264
1227
1250
1236
1300
1264
1337
1292
1315
1240
1279
1209
1232
1348
1340
1363
1281
1348
1258
1284
1189
1220
1292
1285
1311
1230
1287
1183
1251
1167
1214
1295
1296
1330
1238
1303
1211
1270
1184
1198
1263
1345
1366
1258
1307
1204
1286
1177
1199
1254
1304
1308
1309
1289
1209
1267
1195
1202
1291
1387
1378
1336
1314
1281
1349
1248
1286
1303
1328
1272
1319
1234
1200
1220
1232
1275
1288
1351
1307
1335
1234
1250
1246
1253
1315
1294
1344
1305
1272
1159
1230
1155
1145
1254
1283
1326
1257
1315
1260
1278
1220
1237
1334
1331
1375
1281
1355
1248
1322
1232
1244
1280
1339
1348
1236
1329
1188
1260
1148
1174
1238
1302
1323
1224
1327
1246
1334
1260
1274
1313
1360
1356
1314
1310
1194
1269
1181
1198
1253
1320
1317
1294
1271
1241
1279
1235
1299
1281
1345
1295
1325
1240
1211
1218
1196
1256
1281
1346
1277
1337
1256
1211
1216
1202
1299
1275
1336
1302
1317
1224
1286
1226
1225
1314
1311
1352
1260
1325
1202
1271
1177
1212
1294
1280
1335
1246
1316
1215
1298
1208
1239
1268
1332
1346
1243
1313
1209
1287
1214
1214
1277
1328
1339
1227
1326
1178
1305
1253
1242
1308
1340
1354
1299
1312
1230
1301
1239
1205
1254
1340
1347
1332
1303
1236
1326
1235
1304
1307
1318
1257
1318
1267
1224
1248
1200
1195
1272
1343
1308
1335
1251
1219
1229
1212
1315
1288
1343
1288
1304
1293
1253
1189
1219
1199
1221
1328
1341
1313
1292
1253
1248
1262
1196
1201
1252
1200
1308
1292
1275
1256
1244
1256
1210
1213
1207
1235
1287
1269
1278
1287
1269
1280
1289
1282
1271
1221
1259
1342
1354
1358
1330
1318
1318
1284
1241
1225
1241
1317
1329
1336
1337
1293
1281
1273
1237
1229
1205
1237
1313
1319
1312
1272
1240
1240
1225
1202
1218
1263
1266
1349
1332
1304
1257
1258
1264
1235
1279
1229
1244
1298
1283
1251
1252
1251
1265
1218
1255
1246
1208
1295
1309
1309
1297
1262
1283
1293
1268
1250
1212
1227
1300
1302
1304
1301
1270
1268
1210
1242
1242
1216
1323
1341
1351
1337
1297
1281
1261
1241
1250
1217
1285
1324
1318
1293
1278
1249
1266
1240
1238
1234
1259
1327
1301
1323
1297
1258
1260
1314
1235
1233
1224
1201
1257
1271
1277
1258
1252
1264
1217
1239
1210
1170
1246
1289
1288
1301
1282
1240
1279
1239
1229
1226
1186
1307
1335
1311
1307
1268
1257
1225
1236
1234
1198
1319
1331
1326
1282
1260
1241
1236
1185
1213
1207
1182
1266
1259
1235
1210
1163
1166
1148
1160
1176
1166
1195
1238
1228
1203
1166
1181
1207
1226
1216
1286
1301
1403
1412
1380
1364
1318
1324
1319
1295
1365
1397
1435
1501
1448
1384
1289
1240
1266
1277
1340
1452
1489
1550
1482
1383
1259
1147
1131
1158
1261
1344
1412
1418
1434
1311
1169
1029
982
1020
1055
1181
1284
1292
1300
1201
1082
987
919
964
1070
1153
1306
1355
1331
1336
1221
1120
1028
1035
1100
1197
1295
1388
1432
1494
1441
1328
1261
1203
1207
1283
1335
1507
1500
1531
1549
1433
1291
1184
1116
1156
1218
1339
1452
1510
1459
1424
1271
1137
1020
1009
1112
1185
1333
1452
1452
1444
1307
1183
1129
1066
1133
1244
1340
1455
1418
1378
1347
1238
1152
1094
1133
1222
1332
1426
1455
1390
1426
1332
1217
1148
1103
1148
1231
1284
1408
1388
1395
1410
1322
1229
1165
1142
1245
1264
1370
1423
1472
1371
1363
1232
1120
1037
1068
1170
1227
1347
1443
1429
1403
1308
1156
1073
1042
1116
1265
1347
1440
1418
1388
1356
1247
1165
1119
1139
1219
1280
1419
1455
1389
1399
1321
1222
1143
1098
1157
1251
1346
1442
1382
1424
1455
1347
1239
1184
1125
1178
1280
1353
1467
1458
1414
1416
1280
1168
1072
1078
1163
1257
1340
1359
1352
1348
1206
1099
1024
996
1080
1207
1296
1420
1406
1379
1321
1236
1132
1077
1076
1190
1247
1321
1330
1325
1289
1251
1161
1109
1075
1154
1247
1348
1420
1420
1398
1419
1357
1251
1211
1195
1267
1373
1408
1468
1513
1410
1417
1294
1207
1154
1165
1252
1351
1414
1471
1392
1367
1306
1210
1135
1115
1190
1288
1319
1418
1378
1297
1307
1180
1096
1088
1066
1165
1254
1281
1338
1320
1230
1260
1167
1114
1078
1162
1236
1312
1371
1344
1341
1264
1239
1154
1114
1094
1142
1264
1333
1386
1374
1276
1249
1181
1102
1084
1102
1237
1323
1400
1423
1396
1353
1313
1204
1144
1146
1195
1280
1368
1398
1430
1297
1199
1196
1121
1116
1139
1244
1356
1435
1441
1402
1289
1240
1155
1096
1113
1158
1273
1377
1424
1430
1337
1231
1250
1170
1163
1196
1253
1361
1434
1451
1388
1334
1226
1200
1151
1181
1194
1281
1388
1421
1382
1304
1231
1189
1120
1064
1109
1192
1290
1383
1398
1397
1306
1188
1183
1130
1136
1194
1272
1363
1442
1420
1314
1247
1128
1137
1101
1138
1197
1275
1362
1407
1393
1289
1220
1109
1155
1144
1203
1278
1356
1432
1415
1396
1321
1259
1166
1175
1172
1223
1275
1330
1440
1438
1376
1292
1193
1186
1152
1184
1260
1334
1421
1467
1421
1345
1190
1108
1075
1085
1100
1192
1249
1357
1397
1347
1228
1191
1073
1136
1160
1225
1282
1365
1422
1424
1361
1277
1159
1151
1153
1148
1214
1271
1359
1417
1416
1342
1277
1173
1164
1138
1173
1255
1329
1424
1478
1413
1380
1229
1136
1187
1175
1238
1326
1420
1496
1545
1429
1331
1177
1102
1148
1178
1268
1352
1457
1514
1432
1334
1249
1102
1146
1137
1186
1279
1347
1432
1463
1395
1273
1182
1115
1121
1147
1196
1278
1332
1400
1415
1350
1304
1177
1081
1136
1149
1192
1299
1368
1414
1437
1349
1276
1114
1056
1092
1109
1188
1291
1386
1440
1438
1343
1205
1110
1044
1113
1157
1258
1353
1425
1452
1395
1244
1181
1019
1096
1133
1216
1312
1378
1461
1470
1374
1282
1179
1112
1147
1182
1256
1357
1421
1473
1481
1375
1303
1203
1060
1150
1177
1247
1362
1420
1479
1464
1379
1276
1105
1026
1101
1145
1261
1396
1465
1510
1475
1316
1224
1055
1010
1108
1176
1312
1454
1504
1506
1431
1300
1150
1002
1002
1068
1198
1319
1421
1457
1461
1364
1193
1111
992
1002
1125
1234
1352
1438
1503
1477
1390
1216
1074
1029
1039
1128
1243
1394
1484
1535
1509
1350
1240
1107
944
1076
1172
1313
1491
1535
1550
1471
1301
1140
983
937
1073
1213
1384
1542
1585
1572
1463
1250
1090
989
976
1113
1219
1404
1518
1528
1478
1355
1156
1039
909
935
1111
1252
1412
1532
1537
1482
1363
1162
1059
926
983
1160
1331
1506
1608
1599
1545
1347
1136
981
871
951
1160
1382
1552
1649
1600
1479
1283
1035
941
930
986
1253
1469
1609
1655
1513
1395
1189
1012
919
950
1150
1304
1486
1604
1617
1507
1363
1145
1019
910
991
1165
1346
1519
1627
1606
1503
1348
1160
953
910
944
1174
1354
1544
1651
1605
1488
1278
1041
906
871
982
1223
1442
1630
1673
1617
1436
1211
1001
883
896
1011
1282
1499
1640
1654
1525
1328
1117
897
866
927
1068
1319
1499
1612
1609
1472
1254
1100
975
881
912
1062
1362
1537
1652
1619
1490
1286
1105
901
898
932
1086
1386
1585
1690
1654
1469
1252
1053
868
894
939
1164
1470
1661
1716
1640
1407
1171
1006
915
923
1083
1286
1521
1694
1706
1581
1367
1153
994
876
943
1055
1258
1537
1669
1652
1551
1339
1124
985
870
927
1035
1229
1494
1621
1621
1487
1275
1054
912
823
920
1104
1359
1584
1722
1700
1499
1250
1016
889
802
976
1165
1400
1653
1713
1607
1407
1172
970
881
857
1048
1253
1469
1669
1687
1586
1377
1161
1020
915
899
1055
1281
1497
1635
1651
1541
1349
1147
938
886
917
1031
1279
1494
1709
1697
1553
1344
1128
958
890
958
1142
1379
1552
1682
1620
1480
1253
1048
890
909
976
1171
1411
1598
1685
1630
1433
1222
1048
925
930
1052
1261
1444
1585
1619
1543
1386
1191
1040
931
950
1024
1257
1417
1593
1633
1540
1398
1220
1058
950
976
1121
1312
1483
1623
1666
1549
1356
1159
1003
926
988
1138
1338
1534
1597
1617
1486
1304
1132
1011
941
1036
1210
1387
1553
1582
1544
1423
1264
1145
1029
1003
1060
1230
1411
1499
1522
1508
1407
1260
1117
1016
964
1038
1223
1314
1494
1525
1509
1396
1227
1112
999
991
1057
1220
1349
1498
1533
1458
1336
1193
1063
987
1005
1101
1273
1400
1508
1540
1448
1308
1166
1055
1007
1047
1145
1285
1436
1470
1485
1428
1308
1205
1090
1060
1084
1188
1297
1432
1481
1493
1455
1361
1244
1120
1077
1084
1166
1279
1413
1472
1495
1446
1319
1173
1072
1019
1053
1183
1320
1468
1552
1519
1435
1301
1165
1066
1055
1108
1208
1359
1457
1504
1422
1361
1226
1127
1058
1106
1137
1235
1335
1452
1403
1434
1346
1240
1144
1089
1091
1116
1213
1317
1400
1458
1496
1344
1278
1151
1085
1071
1118
1199
1297
1381
1443
1396
1353
1235
1150
1086
1078
1147
1252
1361
1430
1469
1396
1343
1231
1141
1102
1104
1176
1267
1336
1398
1428
1338
1307
1212
1186
1135
1142
1160
1248
1322
1381
1403
1427
1313
1244
1186
1151
1145
1158
1221
1287
1372
1387
1390
1300
1240
1175
1132
1127
1184
1241
1340
1389
1419
1400
1312
1253
1179
1139
1147
1203
1280
1300
1376
1380
1357
1293
1241
1222
1187
1205
1229
1282
1317
1342
1352
1322
1298
1247
1203
1186
1172
1187
1227
1253
1313
1329
1333
1317
1280
1226
1207
1191
1200
1238
1270
1329
1363
1358
1334
1266
1241
1235
1246
1265
1299
1332
1329
1326
1308
1283
1265
1297
1238
1249
1251
1249
1235
1252
1284
1285
1296
1286
1282
1245
1213
1200
1209
1204
1192
1259
1290
1315
1312
1295
1235
1220
1212
1205
1222
1265
1264
1298
1278
1279
1260
1237
1242
1220
1257
1249
1260
1245
1262
1260
1260
1281
1290
1296
1297
1274
1251
1231
1222
1249
1275
1326
1358
1371
1357
1322
1267
1221
1213
1222
1245
1277
1329
1339
1339
1320
1292
1256
1241
1252
1243
1283
1276
1285
1288
1303
1316
1314
1300
1270
1246
1221
1180
1228
1226
1294
1331
1374
1342
1317
1264
1198
1161
1140
1165
1215
1280
1316
1361
1351
1309
1243
1200
1170
1187
1182
1242
1284
1310
1354
1325
1340
1288
1253
1209
1172
1139
1186
1230
1284
1339
1394
1392
1354
1290
1209
1135
1092
1107
1183
1246
1378
1429
1416
1416
1276
1184
1097
1075
1090
1189
1312
1412
1475
1468
1407
1291
1206
1078
1083
1104
1172
1279
1384
1457
1509
1417
1329
1213
1130
1071
1068
1127
1237
1345
1468
1515
1476
1379
1249
1122
1037
1054
1085
1209
1371
1491
1547
1501
1384
1229
1080
1001
1002
1055
1196
1360
1470
1528
1485
1395
1237
1113
1033
1023
1073
1183
1315
1441
1500
1492
1434
1302
1182
1082
1031
1055
1157
1300
1430
1509
1528
1467
1354
1207
1097
1039
1057
1146
1300
1442
1525
1544
1459
1321
1166
1070
1026
1029
1122
1247
1368
1453
1447
1401
1296
1218
1133
1094
1123
1140
1237
1316
1387
1408
1395
1359
1243
1195
1139
1106
1119
1169
1268
1355
1417
1450
1384
1320
1218
1144
1107
1119
1166
1242
1308
1373
1387
1357
1288
1214
1195
1145
1109
1191
1240
1281
1332
1362
1357
1343
1301
1261
1243
1217
1204
1218
1239
1276
1321
1357
1408
1365
1317
1262
1250
1185
1166
1198
1263
1301
1374
1397
1374
1335
1271
1214
1170
1165
1167
1156
1263
1315
1355
1369
1347
1333
1276
1237
1177
1182
1166
1203
1268
1320
1379
1383
1376
1317
1234
1157
1103
1104
1151
1241
1330
1420
1420
1410
1327
1225
1127
1092
1109
1155
1257
1348
1413
1433
1409
1358
1268
1171
1125
1126
1163
1228
1304
1359
1406
1417
1353
1281
1203
1157
1106
1129
1193
1300
1356
1421
1442
1400
1328
1240
1142
1099
1127
1185
1271
1370
1451
1450
1408
1323
1252
1149
1129
1139
1201
1283
1343
1398
1417
1334
1284
1226
1180
1155
1165
1195
1232
1287
1327
1349
1303
1318
1284
1222
1209
1197
1196
1212
1249
1310
1355
1374
1355
1302
1255
1206
1177
1180
1181
1265
1307
1357
1391
1340
1299
1266
1232
1235
1228
1265
1256
1296
1275
1278
1279
1282
1283
1287
1288
1270
1260
1214
1248
1266
1262
1292
1322
1378
1358
1318
1278
1240
1193
1188
1213
1210
1267
1310
1309
1344
1306
1282
1231
1208
1190
1202
1197
1231
1293
1324
1356
1368
1361
1303
1253
1159
1155
1152
1168
1230
1311
1384
1422
1414
1350
1246
1154
1089
1079
1145
1222
1320
1368
1451
1418
1359
1240
1128
1082
1084
1143
1229
1333
1411
1450
1447
1391
1297
1197
1140
1109
1122
1176
1263
1352
1423
1479
1444
1387
1261
1161
1077
1069
1131
1247
1350
1429
1483
1453
1389
1261
1099
1068
1078
1130
1208
1319
1446
1468
1444
1400
1268
1168
1103
1103
1142
1215
1302
1365
1404
1404
1356
1298
1242
1183
1106
1142
1177
1231
1300
1346
1381
1367
1316
1273
1210
1157
1137
1159
1194
1286
1346
1382
1366
1327
1269
1218
1174
1172
1199
1238
1290
1318
1323
1307
1274
1244
1239
1225
1256
1264
1263
1290
1240
1254
1250
1263
1269
1303
1302
1299
1286
1271
1220
1228
1230
1257
1278
1297
1305
1296
1307
1293
1269
1271
1256
1236
1240
1215
1210
1255
1271
1299
1317
1327
1311
1292
1232
1206
1231
1198
1238
1295
1350
1369
1369
1365
1258
1193
1152
1141
1170
1243
1308
1308
1374
1365
1321
1225
1212
1194
1199
1225
1294
1301
1327
1336
1331
1303
1282
1244
1223
1191
1209
1214
1240
1300
1336
1368
1351
1353
1262
1204
1163
1161
1186
1252
1286
1356
1433
1374
1320
1247
1201
1167
1185
1228
1287
1334
1360
1359
1315
1259
1215
1189
1187
1231
1243
1275
1317
1322
1313
1309
1289
1293
1235
1208
1203
1208
1235
1260
1290
1326
1332
1311
1279
1222
1186
1185
1183
1218
1284
1336
1349
1352
1333
1281
1226
1196
1201
1190
1258
1300
1303
1331
1307
1281
1251
1224
1234
1237
1252
1301
1273
1281
1286
1305
1286
1290
1316
1303
1283
1259
1241
1231
1246
1253
1241
1296
1310
1298
1276
1261
1263
1249
1255
1249
1272
1276
1265
1265
1260
1264
1284
1295
1319
1318
1290
1261
1241
1214
1225
1241
1292
1326
1347
1343
1314
1261
1216
1163
1176
1220
1257
1314
1339
1355
1342
1320
1270
1225
1185
1190
1206
1232
1242
1329
1313
1330
1323
1307
1281
1230
1200
1205
1193
1215
1258
1299
1354
1365
1349
1306
1277
1183
1151
1155
1202
1291
1325
1368
1409
1336
1289
1229
1201
1173
1202
1266
1305
1346
1351
1326
1311
1281
1248
1224
1204
1205
1240
1245
1265
1292
1299
1304
1311
1283
1247
1226
1220
1217
1243
1286
1311
1328
1327
1298
1278
1225
1208
1151
1224
1266
1307
1322
1330
1285
1250
1223
1181
1210
1229
1240
1275
1297
1302
1270
1266
1243
1238
1249
1269
1277
1291
1290
1285
1276
1269
1275
1263
1261
1264
1258
1251
1257
1265
1270
1281
1294
1291
1295
1270
1256
1237
1237
1245
1274
1307
1303
1311
1284
1259
1228
1206
1209
1221
1243
1309
1306
1307
1276
1250
1221
1197
1251
1242
1258
1257
1284
1281
1279
1270
1269
1245
1260
1257
1260
1241
1264
1236
1251
1300
1306
1322
1320
1298
1262
1236
1220
1236
1243
1273
1315
1323
1321
1295
1248
1218
1172
1213
1242
1256
1310
1308
1306
1271
1253
1226
1218
1246
1248
1272
1290
1235
1291
1266
1230
1240
1236
1238
1243
1253
1250
1292
1279
1276
1284
1272
1266
1266
1258
1243
1253
1273
1294
1332
1342
1307
1318
1277
1244
1208
1198
1219
1245
1294
1357
1351
1335
1300
1257
1208
1199
1210
1225
1257
1289
1314
1318
1316
1296
1264
1277
1247
1239
1230
1239
1248
1255
1281
1304
1305
1308
1287
1279
1240
1225
1211
1210
1220
1271
1302
1313
1321
1305
1274
1247
1243
1237
1238
1233
1252
1247
1266
1254
1279
1296
1298
1301
1302
1288
1263
1236
1208
1214
1233
1261
1330
1335
1330
1308
1243
1248
1203
1185
1208
1213
1281
1315
1336
1325
1304
1272
1266
1234
1234
1230
1254
1280
1283
1307
1309
1315
1295
1283
1295
1249
1249
1226
1238
1249
1285
1352
1329
1329
1307
1297
1246
1225
1226
1210
1275
1306
1330
1310
1304
1273
1246
1227
1275
1248
1280
1303
1301
1302
1292
1270
1251
1250
1253
1265
1262
1287
1305
1277
1276
1309
1278
1268
1267
1273
1267
1272
1249
1264
1265
1263
1268
1240
1270
1258
1263
1236
1288
1282
1287
1301
1303
1278
1268
1246
1232
1233
1237
1271
1252
1313
1302
1295
1266
1231
1205
1202
1228
1264
1309
1332
1343
1332
1291
1263
1231
1192
1218
1251
1268
1290
1354
1322
1302
1296
1286
1257
1229
1207
1204
1188
1250
1291
1290
1343
1349
1325
1284
1269
1197
1177
1188
1272
1294
1347
1372
1376
1315
1272
1223
1190
1176
1196
1242
1311
1357
1357
1315
1316
1283
1247
1220
1215
1213
1228
1256
1272
1321
1338
1325
1317
1278
1247
1213
1197
1197
1214
1247
1285
1328
1337
1307
1286
1247
1217
1199
1205
1242
1305
1319
1316
1319
1299
1258
1230
1210
1218
1241
1296
1313
1320
1309
1289
1255
1227
1217
1223
1234
1268
1285
1295
1298
1283
1267
1263
1225
1230
1198
1201
1216
1249
1292
1293
1330
1328
1314
1267
1225
1195
1162
1182
1282
1304
1349
1366
1357
1314
1267
1232
1220
1205
1223
1277
1295
1318
1322
1312
1300
1263
1253
1257
1265
1267
1265
1258
1262
1236
1233
1248
1282
1281
1304
1285
1298
1288
1253
1234
1219
1226
1234
1250
1270
1280
1299
1298
1296
1285
1277
1242
1211
1274
1241
1244
1265
1285
1318
1331
1339
1355
1301
1258
1222
1217
1219
1237
1284
1324
1318
1317
1280
1240
1230
1231
1248
1265
1286
1262
1273
1236
1218
1213
1208
1231
1276
1301
1316
1327
1303
1264
1241
1219
1217
1225
1251
1284
1303
1331
1359
1331
1316
1263
1249
1218
1197
1183
1207
1234
1281
1350
1373
1365
1325
1292
1236
1181
1159
1174
1206
1272
1323
1371
1384
1349
1294
1215
1214
1169
1186
1212
1255
1286
1313
1325
1315
1302
1291
1270
1260
1210
1245
1233
1240
1255
1271
1291
1301
1348
1327
1301
1273
1247
1214
1216
1184
1243
1271
1289
1302
1302
1303
1282
1280
1267
1273
1250
1250
1242
1228
1243
1292
1287
1311
1297
1316
1282
1247
1223
1195
1207
1231
1269
1320
1336
1356
1328
1290
1274
1228
1201
1210
1243
1275
1318
1353
1341
1334
1299
1265
1230
1203
1237
1236
1258
1281
1337
1311
1311
1309
1280
1264
1246
1223
1225
1233
1262
1281
1321
1316
1306
1259
1244
1227
1208
1218
1251
1277
1315
1327
1317
1293
1254
1227
1204
1219
1232
1280
1307
1325
1302
1288
1237
1255
1234
1224
1233
1262
1265
1279
1287
1279
1283
1245
1270
1253
1246
1244
1234
1242
1266
1287
1301
1312
1333
1293
1272
1258
1200
1243
1255
1273
1292
1288
1317
1301
1272
1302
1273
1268
1272
1287
1275
1284
1293
1272
1270
1280
1270
1274
1299
1286
1242
1237
1245
1245
1249
1259
1272
1288
1298
1298
1273
1260
1230
1219
1222
1245
1268
1284
1283
1296
1289
1269
1238
1242
1222
1236
1248
1261
1271
1297
1301
1293
1300
1268
1277
1245
1243
1239
1224
1252
1277
1299
1329
1294
1294
1269
1248
1229
1220
1233
1260
1286
1306
1311
1311
1277
1258
1234
1236
1234
1248
1272
1295
1306
1311
1309
1282
1262
1241
1228
1227
1244
1241
1275
1314
1307
1297
1303
1290
1262
1244
1250
1223
1237
1256
1279
1298
1320
1323
1303
1276
1247
1233
1198
1227
1255
1258
1279
1357
1294
1303
1281
1272
1258
1267
1269
1255
1268
1243
1242
1244
1253
1264
1261
1286
1280
1285
1278
1272
1261
1254
1242
1223
1256
1267
1287
1298
1306
1315
1306
1304
1284
1267
1240
1223
1227
1233
1236
1277
1297
1312
1276
1296
1264
1231
1216
1198
1204
1238
1258
1272
1295
1307
1300
1299
1263
1256
1255
1240
1253
1258
1262
1275
1279
1287
1281
1275
1254
1273
1249
1264
1228
1260
1262
1272
1275
1283
1251
1259
1259
1255
1263
1262
1276
1281
1277
1272
1301
1264
1257
1250
1261
1261
1286
1296
1287
1282
1263
1256
1258
1235
1234
1253
1257
1275
1284
1287
1281
1276
1257
1246
1249
1249
1254
1255
1275
1266
1302
1303
1308
1298
1278
1258
1242
1240
1247
1251
1281
1301
1311
1306
1280
1263
1232
1218
1180
1230
1255
1274
1290
1294
1296
1277
1264
1244
1239
1240
1248
1260
1284
1282
1299
1301
1295
1279
1258
1243
1234
1239
1247
1284
1280
1286
1281
1282
1269
1243
1235
1258
1235
1260
1279
1296
1309
1288
1270
1249
1224
1212
1226
1241
1257
1289
1358
1318
1307
1283
1268
1249
1249
1256
1283
1266
1281
1286
1283
1276
1273
1261
1257
1258
1263
1246
1264
1271
1261
1270
1278
1268
1264
1255
1254
1258
1266
1273
1290
1288
1296
1283
1273
1260
1251
1249
1258
1235
1288
1300
1296
1307
1268
1255
1215
1238
1242
1252
1274
1313
1292
1291
1271
1274
1260
1254
1269
1267
1272
1263
1272
1253
1273
1274
1266
1262
1257
1258
1255
1248
1249
1233
1255
1259
1274
1281
1263
1288
1270
1264
1256
1254
1266
1263
1274
1304
1282
1276
1250
1246
1255
1262
1275
1273
1273
1273
1278
1268
1281
1279
1274
1276
1271
1261
1252
1248
1249
1248
1267
1297
1316
1309
1285
1267
1248
1251
1244
1249
1263
1278
1292
1292
1284
1276
1257
1248
1242
1280
1252
1256
1263
1257
1263
1254
1262
1266
1263
1265
1262
1233
1254
1264
1251
1259
1287
1265
1270
1262
1255
1255
1213
1274
1276
1284
1290
1274
1289
1256
1254
1249
1256
1282
1291
1308
1313
1297
1295
1273
1254
1241
1236
1241
1274
1256
1291
1289
1290
1271
1240
1243
1248
1260
1264
1266
1266
1264
1259
1260
1270
1239
1268
1272
1271
1271
1267
1280
1256
1259
1289
1261
1258
1254
1262
1266
1281
1294
1301
1307
1301
1284
1257
1241
1222
1218
1238
1262
1289
1298
1313
1307
1273
1251
1245
1218
1225
1236
1258
1273
1281
1285
1288
1271
1270
1264
1257
1259
1287
1258
1263
1262
1271
1280
1287
1287
1272
1292
1248
1256
1252
1247
1250
1252
1268
1272
1281
1272
1266
1270
1275
1271
1274
1276
1252
1239
1271
1270
1268
1277
1277
1293
1288
1285
1278
1259
1254
1256
1265
1284
1284
1303
1309
1286
1264
1241
1231
1225
1249
1304
1308
1322
1315
1301
1265
1247
1238
1229
1232
1256
1284
1300
1317
1317
1295
1286
1266
1249
1255
1233
1242
1246
1271
1316
1296
1308
1325
1287
1256
1241
1234
1231
1223
1270
1302
1315
1319
1306
1253
1254
1230
1224
1239
1260
1295
1314
1333
1315
1309
1280
1250
1228
1246
1247
1259
1282
1298
1309
1278
1281
1298
1256
1234
1235
1240
1255
1246
1275
1290
1290
1303
1278
1250
1268
1250
1244
1240
1279
1273
1292
1299
1285
1288
1273
1262
1256
1255
1271
1283
1280
1298
1285
1269
1250
1275
1259
1259
1278
1290
1299
1287
1275
1264
1199
1247
1255
1239
1282
1285
1296
1290
1309
1317
1269
1272
1269
1273
1266
1288
1285
1268
1271
1263
1251
1264
1267
1264
1251
1265
1264
1266
1276
1276
1273
1273
1248
1271
1266
1274
1279
1279
1292
1302
1296
1284
1270
1253
1254
1258
1275
1291
1300
1303
1291
1274
1249
1259
1238
1242
1275
1277
1308
1339
1298
1279
1252
1234
1220
1229
1247
1268
1285
1289
1281
1292
1270
1262
1252
1248
1270
1246
1260
1265
1289
1294
1307
1303
1291
1272
1248
1240
1213
1246
1259
1282
1300
1326
1304
1294
1270
1258
1273
1255
1269
1280
1292
1289
1288
1300
1270
1261
1263
1266
1275
1282
1289
1228
1293
1270
1266
1263
1265
1277
1260
1270
1323
1272
1265
1268
1272
1282
1264
1292
1288
1283
1268
1267
1259
1267
1273
1251
1283
1285
1289
1282
1274
1267
1261
1262
1245
1262
1262
1235
1260
1253
1264
1271
1271
1278
1270
1259
1242
1235
1236
1235
1258
1277
1293
1300
1296
1280
1256
1253
1228
1257
1271
1282
1297
1295
1287
1290
1280
1267
1259
1262
1237
1257
1262
1266
1279
1287
1293
1296
1282
1268
1270
1251
1260
1250
1262
1274
1289
1291
1288
1284
1265
1253
1226
1239
1245
1257
1276
1276
1278
1312
1264
1256
1256
1272
1261
1280
1303
1292
1284
1267
1258
1254
1255
1276
1269
1288
1291
1299
1303
1280
1276
1259
1262
1262
1258
1227
1273
1284
1284
1296
1305
1292
1275
1266
1253
1248
1241
1248
1245
1283
1301
1308
1294
1283
1264
1241
1239
1216
1261
1288
1283
1299
1293
1288
1262
1251
1239
1244
1249
1262
1287
1303
1294
1300
1289
1279
1257
1247
1246
1245
1251
1271
1313
1312
1303
1308
1278
1281
1271
1251
1238
1242
1252
1270
1293
1303
1292
1292
1272
1257
1243
1232
1247
1249
1280
1316
1301
1295
1281
1269
1252
1251
1261
1271
1272
1279
1290
1280
1278
1264
1249
1244
1238
1246
1252
1260
1270
1272
1286
1289
1287
1277
1265
1249
1241
1255
1255
1281
1293
1304
1309
1300
1283
1270
1250
1248
1216
1265
1292
1300
1313
1293
1316
1267
1273
1264
1258
1265
1270
1275
1274
1265
1270
1265
1259
1258
1249
1258
1246
1258
1252
1274
1283
1279
1276
1269
1266
1260
1252
1246
1247
1258
1266
1280
1300
1274
1288
1279
1272
1286
1262
1264
1264
1271
1310
1283
1286
1285
1287
1279
1278
1265
1268
1266
1255
1255
1257
1267
1277
1275
1287
1286
1275
1262
1256
1232
1240
1248
1270
1273
1278
1282
1286
1272
1260
1249
1255
1260
1268
1278
1282
1287
1288
1288
1273
1264
1263
1250
1249
1259
1256
1267
1264
1292
1296
1286
1282
1264
1261
1235
1267
1257
1274
1287
1324
1293
1287
1271
1257
1194
1251
1258
1258
1271
1272
1281
1281
1274
1267
1262
1261
1269
1273
1277
1258
1273
1268
1264
1258
1252
1257
1266
1265
1280
1272
1281
1280
1282
1269
1275
1280
1267
1261
1262
1260
1276
1272
1282
1272
1285
1284
1267
1270
1257
1260
1247
1265
1303
1285
1285
1290
1285
1271
1270
1273
1266
1266
1247
1272
1269
1273
1273
1273
1267
1267
1271
1265
1252
1261
1248
1261
1251
1268
1267
1267
1267
1261
1258
1254
1260
1259
1266
1275
1276
1267
1278
1265
1268
1264
1274
1270
1273
1280
1275
1286
1262
1301
1273
1264
1259
1261
1266
1275
1282
1281
1299
1293
1285
1280
1273
1264
1261
1250
1257
1265
1268
1284
1289
1304
1301
1288
1275
1249
1250
1240
1222
1265
1249
1292
1304
1326
1284
1288
1259
1246
1238
1299
1266
1280
1284
1290
1281
1251
1292
1271
1268
1263
1291
1265
1268
1277
1286
1287
1288
1285
1292
1266
1255
1247
1254
1274
1271
1282
1283
1281
1263
1271
1259
1261
1250
1267
1281
1263
1284
1280
1265
1260
1255
1261
1263
1259
1283
1271
1269
1240
1257
1252
1249
1251
1260
1277
1290
1288
1281
1271
1260
1250
1244
1257
1251
1273
1289
1299
1307
1291
1288
1259
1261
1243
1250
1230
1267
1278
1296
1304
1303
1309
1283
1260
1245
1233
1236
1245
1263
1288
1320
1299
1258
1266
1246
1216
1230
1289
1261
1285
1296
1302
1286
1274
1260
1184
1238
1242
1261
1272
1289
1298
1298
1287
1317
1284
1251
1242
1244
1229
1263
1286
1294
1299
1299
1310
1277
1271
1260
1229
1250
1262
1278
1284
1306
1306
1287
1276
1252
1251
1246
1247
1258
1238
1280
1277
1278
1263
1251
1248
1243
1252
1260
1274
1270
1271
1262
1255
1244
1250
1213
1267
1258
1284
1292
1310
1272
1259
1260
1259
1269
1268
1275
1277
1275
1277
1270
1234
1259
1250
1258
1264
1274
1267
1267
1291
1287
1280
1277
1260
1249
1238
1243
1252
1269
1277
1306
1297
1286
1270
1255
1234
1220
1277
1242
1280
1301
1312
1297
1292
1285
1248
1234
1224
1236
1250
1274
1300
1299
1324
1291
1270
1252
1240
1239
1233
1279
1295
1292
1307
1309
1303
1281
1265
1251
1233
1219
1241
1257
1289
1310
1315
1285
1286
1261
1240
1238
1233
1250
1271
1293
1273
1304
1294
1264
1219
1226
1229
1236
1261
1310
1292
1298
1290
1274
1252
1232
1236
1242
1258
1265
1273
1264
1277
1277
1259
1257
1253
1241
1242
1259
1264
1282
1293
1292
1291
1262
1252
1238
1253
1234
1251
1273
1298
1321
1308
1299
1265
1251
1261
1230
1246
1268
1291
1306
1317
1290
1284
1254
1233
1224
1247
1233
1266
1283
1299
1332
1296
1279
1253
1235
1220
1232
1268
1269
1283
1295
1299
1293
1289
1263
1251
1240
1239
1257
1255
1277
1290
1288
1290
1250
1258
1243
1234
1241
1273
1276
1292
1313
1304
1289
1268
1243
1234
1232
1232
1271
1287
1311
1313
1300
1283
1247
1240
1221
1247
1264
1280
1295
1300
1289
1290
1276
1257
1233
1238
1241
1255
1264
1275
1298
1297
1298
1285
1271
1261
1242
1244
1279
1276
1290
1283
1293
1280
1266
1268
1254
1254
1261
1269
1284
1282
1288
1269
1259
1248
1239
1239
1249
1270
1266
1285
1305
1289
1284
1258
1248
1238
1250
1262
1273
1280
1290
1291
1285
1256
1264
1252
1240
1249
1265
1276
1289
1299
1294
1305
1272
1290
1256
1242
1244
1250
1259
1287
1304
1297
1296
1283
1258
1240
1258
1237
1248
1222
1299
1303
1300
1293
1267
1241
1236
1247
1233
1263
1284
1298
1299
1295
1272
1275
1255
1257
1251
1252
1264
1265
1261
1287
1274
1287
1281
1276
1257
1256
1268
1258
1263
1274
1281
1281
1285
1286
1255
1245
1271
1272
1270
1267
1278
1264
1294
1302
1276
1278
1274
1275
1273
1279
1282
1269
1267
1265
1256
1267
1275
1285
1278
1287
1282
1273
1261
1248
1250
1245
1262
1285
1292
1271
1296
1288
1280
1250
1252
1253
1250
1259
1271
1274
1285
1277
1273
1276
1272
1254
1250
1244
1252
1252
1276
1268
1293
1296
1282
1272
1261
1247
1248
1267
1273
1293
1306
1304
1299
1279
1260
1246
1227
1256
1275
1261
1292
1291
1301
1289
1273
1255
1243
1243
1245
1258
1269
1254
1281
1288
1272
1268
1259
1255
1250
1254
1293
1269
1278
1278
1286
1279
1283
1287
1269
1260
1262
1268
1270
1278
1290
1270
1285
1276
1269
1266
1278
1266
1269
1281
1301
1289
1278
1270
1263
1261
1266
1279
1272
1285
1287
1259
1264
1262
1252
1243
1254
1264
1275
1264
1283
1276
1261
1263
1234
1265
1259
1260
1268
1268
1287
1275
1281
1279
1271
1261
1258
1262
1262
1259
1275
1280
1281
1302
1290
1287
1266
1266
1246
1257
1272
1273
1294
1293
1275
1288
1283
1269
1253
1251
1258
1265
1284
1282
1318
1313
1284
1272
1261
1266
1254
1268
1306
1288
1290
1287
1278
1270
1265
1266
1221
1275
1259
1271
1275
1275
1284
1274
1271
1305
1268
1257
1262
1232
1268
1288
1302
1300
1295
1285
1276
1267
1264
1256
1236
1278
1290
1293
1292
1283
1243
1254
1251
1229
1265
1287
1286
1294
1286
1298
1272
1267
1259
1258
1262
1268
1271
1246
1265
1272
1275
1276
1301
1274
1273
1264
1260
1241
1267
1266
1265
1268
1261
1268
1265
1265
1260
1263
1268
1276
1272
1276
1267
1260
1266
1260
1263
1261
1274
1273
1284
1300
1283
1271
1263
1264
1265
1273
1287
1307
1294
1296
1281
1269
1262
1258
1260
1264
1310
1274
1292
1275
1277
1256
1264
1284
1252
1271
1274
1276
1273
1272
1274
1269
1253
1263
1266
1265
1260
1269
1269
1276
1285
1297
1279
1272
1257
1238
1244
1243
1264
1283
1288
1301
1293
1288
1270
1253
1244
1251
1254
1272
1285
1305
1300
1289
1239
1269
1251
1243
1265
1255
1278
1283
1301
1301
1280
1279
1261
1255
1251
1240
1255
1261
1276
1290
1287
1288
1276
1271
1266
1251
1252
1243
1262
1268
1290
1302
1295
1283
1273
1258
1247
1254
1267
1269
1287
1315
1313
1290
1273
1264
1242
1248
1274
1269
1281
1287
1292
1283
1266
1277
1266
1262
1242
1276
1272
1275
1283
1277
1277
1279
1279
1267
1276
1269
1252
1268
1274
1275
1282
1283
1287
1280
1271
1262
1259
1254
1259
1268
1279
1287
1287
1279
1282
1236
1266
1264
1267
1268
1263
1274
1262
1267
1268
1265
1292
1268
1275
1277
1255
1284
1266
1258
1262
1251
1262
1267
1285
1281
1296
1294
1274
1266
1249
1273
1261
1269
1281
1288
1295
1293
1288
1286
1246
1258
1254
1251
1261
1257
1270
1270
1280
1317
1290
1280
1264
1250
1259
1245
1257
1265
1277
1294
1297
1292
1283
1270
1241
1246
1251
1266
1284
1296
1298
1273
1282
1281
1259
1256
1259
1266
1277
1282
1291
1296
1285
1276
1271
1248
1263
1265
1264
1268
1286
1280
1283
1279
1275
1265
1268
1241
1254
1259
1264
1272
1274
1289
1294
1294
1277
1273
1258
1254
1260
1268
1273
1275
1246
1286
1283
1266
1265
1254
1271
1272
1284
1288
1280
1275
1262
1260
1261
1234
1269
1284
1287
1288
1278
1274
1253
1257
1289
1266
1273
1282
1285
1254
1287
1292
1276
1274
1294
1263
1257
1265
1267
1274
1280
1284
1291
1285
1272
1267
1224
1238
1264
1259
1276
1317
1298
1304
1297
1279
1256
1242
1237
1243
1259
1283
1297
1294
1310
1285
1276
1255
1245
1252
1244
1264
1264
1286
1298
1291
1286
1270
1265
1250
1256
1256
1259
1268
1274
1300
1289
1275
1276
1265
1270
1245
1252
1256
1263
1279
1282
1297
1298
1269
1267
1255
1259
1260
1268
1281
1294
1292
1285
1274
1266
1248
1249
1264
1264
1275
1278
1286
1277
1303
1287
1267
1260
1254
1255
1260
1265
1276
1214
1280
1281
1245
1280
1269
1271
1262
1259
1308
1273
1282
1288
1289
1283
1280
1282
1266
1259
1257
1270
1262
1279
1287
1256
1272
1271
1266
1271
1259
1268
1267
1272
1266
1273
1271
1260
1254
1253
1263
1261
1277
1274
1278
1277
1277
1278
1275
1262
1278
1275
1280
1280
1281
1290
1256
1283
1260
1284
1279
1264
1260
1255
1260
1266
1282
1286
1291
1287
1283
1266
1266
1246
1248
1255
1267
1295
1289
1294
1281
1280
1276
1264
1257
1254
1261
1269
1276
1259
1300
1284
1282
1277
1275
1262
1260
1251
1257
1298
1280
1282
1283
1285
1275
1268
1246
1256
1254
1258
1265
1273
1288
1289
1285
1275
1273
1261
1253
1255
1263
1266
1270
1289
1285
1277
1273
1266
1252
1249
1257
1265
1273
1286
1281
1277
1281
1257
1241
1265
1240
1264
1269
1269
1281
1282
1289
1256
1292
1286
1267
1261
1255
1262
1259
1276
1280
1259
1291
1280
1277
1267
1281
1237
1259
1268
1277
1275
1284
1272
1273
1249
1263
1269
1238
1270
1270
1280
1285
1307
1281
1278
1273
1262
1249
1264
1258
1259
1267
1277
1279
1273
1275
1257
1262
1275
1260
1257
1262
1274
1278
1295
1290
1284
1273
1269
1265
1275
1248
1280
1275
1285
1308
1278
1276
1265
1267
1251
1265
1270
1273
1262
1270
1276
1266
1264
1264
1262
1262
1256
1262
1268
1267
1276
1270
1274
1246
1268
1269
1267
1269
1263
1283
1268
1278
1277
1277
1280
1269
1265
1264
1255
1272
1274
1275
1278
1272
1275
1261
1269
1241
1274
1280
1272
1280
1269
1270
1261
1263
1270
1262
1273
1275
1280
1306
1265
1274
1270
1267
1261
1254
1278
1252
1262
1287
1273
1259
1271
1248
1256
1260
1268
1259
1259
1263
1278
1275
1290
1298
1278
1269
1263
1260
1250
1253
1246
1266
1284
1310
1298
1269
1277
1270
1253
1256
1263
1272
1277
1282
1286
1286
1274
1267
1253
1247
1254
1254
1273
1267
1275
1259
1275
1266
1271
1263
1257
1251
1253
1257
1262
1285
1286
1291
1288
1275
1269
1258
1252
1250
1207
1275
1288
1293
1294
1275
1272
1255
1258
1255
1263
1269
1275
1285
1291
1279
1279
1276
1271
1265
1257
1262
1256
1266
1283
1284
1288
1293
1299
1271
1268
1269
1256
1256
1259
1269
1273
1281
1284
1287
1273
1259
1253
1250
1258
1238
1235
1275
1314
1289
1284
1298
1266
1256
1259
1271
1263
1271
1276
1279
1273
1279
1295
1268
1275
1270
1275
1266
1269
1272
1268
1278
1280
1282
1293
1283
1274
1279
1271
1256
1264
1268
1272
1275
1265
1287
1275
1261
1260
1264
1265
1267
1263
1266
1259
1264
1244
1268
1271
1267
1271
1259
1263
1254
1254
1251
1256
1286
1278
1282
1285
1279
1277
1256
1263
1265
1261
1276
1269
1294
1291
1267
1281
1278
1281
1265
1264
1269
1218
1274
1278
1282
1283
1281
1284
1272
1269
1303
1258
1259
1258
1277
1272
1316
1312
1293
1280
1270
1255
1239
1237
1246
1252
1274
1285
1295
1291
1279
1270
1249
1250
1263
1262
1265
1271
1282
1283
1288
1283
1278
1286
1262
1267
1266
1267
1282
1267
1285
1290
1297
1295
1285
1279
1263
1261
1245
1268
1274
1281
1288
1283
1287
1269
1276
1257
1256
1262
1265
1270
1275
1271
1267
1269
1263
1264
1259
1266
1270
1277
1260
1275
1269
1266
1263
1267
1273
1278
1282
1276
1274
1271
1263
1266
1278
1274
1282
1311
1309
1287
1268
1270
1256
1268
1285
1275
1277
1277
1275
1280
1276
1283
1240
1279
1282
1261
1271
1261
1262
1248
1268
1314
1285
1282
1283
1271
1255
1254
1264
1265
1272
1281
1293
1279
1275
1267
1258
1251
1253
1263
1275
1285
1292
1283
1280
1249
1267
1263
1255
1262
1258
1288
1265
1309
1278
1286
1288
1282
1285
1276
1262
1264
1262
1260
1267
1276
1289
1283
1290
1265
1301
1279
1255
1258
1260
1275
1285
1294
1290
1285
1276
1263
1283
1263
1250
1255
1261
1296
1280
1277
1281
1268
1277
1291
1274
1270
1264
1263
1259
1251
1283
1286
1291
1287
1290
1273
1265
1265
1249
1267
1307
1284
1294
1296
1298
1273
1274
1280
1258
1265
1267
1294
1280
1287
1291
1278
1291
1281
1280
1275
1267
1267
1259
1256
1276
1273
1282
1291
1294
1283
1280
1263
1253
1234
1252
1262
1272
1288
1317
1263
1289
1277
1266
1263
1254
1260
1262
1254
1242
1286
1271
1284
1276
1269
1275
1258
1267
1261
1267
1268
1259
1279
1287
1272
1288
1280
1274
1263
1254
1254
1254
1266
1300
1281
1296
1288
1283
1265
1264
1261
1258
1258
1270
1277
1246
1285
1281
1266
1266
1289
1261
1262
1256
1260
1254
1270
1295
1278
1286
1281
1280
1246
1265
1263
1262
1259
1269
1283
1284
1286
1285
1262
1268
1270
1257
1254
1264
1273
1247
1281
1283
1273
1269
1263
1262
1259
1265
1267
1264
1271
1268
1269
1264
1269
1267
1263
1265
1254
1269
1265
1267
1271
1266
1276
1266
1265
1268
1257
1255
1257
1259
1267
1270
1287
1265
1283
1278
1271
1263
1254
1260
1238
1269
1281
1272
1273
1269
1280
1273
1277
1278
1286
1269
1255
1254
1254
1250
1270
1276
1288
1290
1279
1272
1253
1273
1264
1250
1267
1266
1285
1282
1287
1286
1270
1257
1251
1254
1242
1267
1264
1259
1270
1277
1279
1268
1269
1259
1248
1249
1267
1259
1269
1255
1289
1287
1290
1283
1271
1257
1254
1238
1280
1276
1288
1290
1293
1283
1274
1260
1248
1248
1237
1271
1259
1280
1283
1276
1246
1242
1254
1247
1260
1279
1263
1271
1274
1262
1281
1269
1269
1217
1270
1272
1270
1265
1257
1265
1261
1272
1278
1269
1266
1260
1261
1260
1252
1268
1271
1279
1278
1271
1275
1258
1262
1279
1272
1275
1270
1276
1270
1271
1273
1276
1271
1273
1277
1278
1278
1250
1253
1267
1268
1266
1271
1270
1274
1269
1273
1301
1266
1264
1254
1258
1260
1272
1283
1279
1270
1268
1271
1269
1270
1270
1259
1268
1273
1276
1274
1271
1276
1270
1280
1250
1271
1268
1264
1265
1266
1273
1275
1282
1277
1286
1271
1262
1261
1265
1261
1275
1256
1281
1278
1273
1269
1261
1256
1229
1264
1271
1275
1269
1265
1263
1261
1263
1254
1238
1262
1261
1265
1264
1270
1255
1253
1268
1270
1265
1268
1258
1268
1275
1273
1272
1265
1283
1282
1283
1284
1235
1268
1244
1270
1275
1278
1287
1280
1279
1321
1271
1268
1272
1261
1260
1268
1290
1278
1274
1269
1270
1264
1263
1266
1282
1263
1262
1263
1265
1262
1275
1267
1273
1284
1268
1267
1263
1265
1255
1262
1272
1281
1280
1283
1280
1276
1270
1263
1255
1264
1268
1274
1273
1276
1277
1265
1271
1244
1268
1270
1265
1260
1257
1255
1261
1268
1269
1272
1284
1263
1263
1263
1255
1260
1282
1278
1281
1276
1275
1264
1265
1254
1259
1262
1260
1287
1270
1277
1277
1274
1274
1270
1268
1265
1271
1276
1268
1272
1305
1280
1276
1273
1274
1263
1272
1289
1272
1260
1271
1268
1269
1273
1278
1210
1271
1268
1264
1272
1255
1271
1262
1270
1303
1276
1276
1271
1269
1256
1286
1279
1272
1271
1272
1272
1258
1263
1268
1240
1264
1261
1265
1252
1254
1255
1248
1253
1243
1267
1271
1268
1266
1255
1258
1267
1261
1264
1266
1274
1266
1273
1272
1252
1262
1268
1263
1245
1262
1249
1260
1274
1277
1274
1280
1272
1277
1262
1272
1265
1267
1262
1263
1268
1248
1273
1270
1262
1263
1259
1254
1281
1256
1266
1259
1270
1282
1268
1264
1252
1255
1255
1260
1250
1265
1267
1292
1273
1271
1270
1275
1266
1263
1299
1267
1271
1268
1271
1264
1272
1279
1267
1269
1265
1263
1264
1267
1271
1262
1282
1283
1281
1277
1263
1257
1246
1253
1255
1270
1272
1277
1282
1263
1266
1250
1260
1255
1254
1259
1260
1263
1265
1256
1257
1261
1267
1263
1268
1258
1250
1260
1218
1266
1272
1269
1267
1259
1265
1257
1253
1260
1263
1269
1271
1278
1301
1268
