1353
1365
1355
1324
1310
1309
1301
1295
1302
1302
1295
1300
1299
1300
1275
1289
1293
1288
1287
1287
1276
1278
1319
1281
1279
1302
1275
1265
1269
1284
1240
1268
1269
1265
1263
1263
1268
1212
1267
1259
1260
1267
1256
1258
1253
1258
1278
1259
1259
1254
1262
1251
1261
1291
1265
1256
1258
1262
1261
1265
1248
1255
1269
1271
1275
1272
1249
1279
1272
1282
1262
1284
1272
1265
1294
1284
1289
1291
1288
1276
1294
1288
1285
1286
1296
1279
1277
1224
1282
1277
1278
1274
1256
1273
1258
1269
1269
1290
1260
1255
1262
1253
1212
1261
1250
1249
1244
1240
1241
1246
1247
1215
1243
1242
1249
1240
1237
1242
1241
1246
1245
1242
1273
1245
1246
1243
1244
1250
1236
1252
1254
1253
1258
1254
1234
1292
1260
1269
1255
1262
1259
1258
1273
1273
1265
1286
1276
1270
1292
1276
1266
1259
1301
1263
1255
1247
1246
1240
1238
1252
1239
1233
1243
1251
1250
1267
1278
1282
1289
1295
1299
1313
1296
1296
1284
1286
1299
1271
1266
1261
1262
1253
1271
1309
1311
1324
1346
1336
1369
1372
1362
1335
1324
1300
1253
1256
1232
1217
1198
1161
1122
1111
1086
1072
1042
1060
1058
1071
1107
1124
1145
1163
1153
1193
1227
1256
1301
1324
1396
1400
1386
1368
1322
1295
1248
1243
1229
1226
1232
1230
1246
1256
1279
1282
1300
1317
1339
1360
1386
1400
1411
1425
1411
1396
1382
1362
1316
1331
1321
1285
1270
1244
1224
1205
1180
1172
1137
1146
1138
1152
1150
1155
1164
1168
1174
1213
1184
1176
1164
1168
1160
1168
1174
1181
1187
1199
1183
1235
1246
1276
1302
1341
1365
1386
1416
1400
1404
1389
1401
1379
1358
1329
1311
1301
1283
1265
1255
1244
1232
1228
1227
1216
1204
1198
1181
1185
1188
1196
1224
1228
1238
1236
1251
1244
1261
1262
1258
1254
1249
1274
1245
1208
1238
1237
1221
1226
1216
1218
1208
1193
1150
1181
1190
1188
1205
1208
1239
1241
1260
1268
1274
1264
1283
1294
1297
1286
1294
1268
1284
1264
1245
1227
1204
1189
1181
1172
1161
1148
1136
1153
1132
1130
1121
1131
1084
1126
1132
1150
1174
1176
1210
1228
1215
1215
1205
1203
1190
1181
1214
1203
1206
1224
1188
1181
1185
1181
1187
1173
1201
1215
1225
1229
1238
1227
1237
1296
1269
1286
1308
1326
1335
1356
1371
1334
1346
1335
1300
1262
1239
1212
1171
1159
1152
1157
1159
1164
1175
1173
1180
1177
1185
1197
1206
1222
1223
1228
1226
1213
1204
1187
1180
1163
1151
1133
1128
1121
1113
1100
1091
1069
1092
1085
1102
1093
1127
1144
1153
1168
1179
1195
1212
1243
1241
1247
1261
1256
1233
1245
1227
1215
1180
1196
1208
1210
1207
1211
1225
1228
1249
1241
1239
1233
1223
1211
1211
1194
1182
1179
1180
1177
1171
1169
1162
1176
1175
1170
1199
1179
1187
1184
1192
1194
1206
1216
1231
1243
1249
1254
1262
1248
1249
1242
1230
1223
1205
1196
1176
1172
1187
1138
1170
1153
1174
1189
1195
1200
1199
1194
1195
1198
1235
1206
1213
1206
1210
1241
1221
1222
1228
1238
1236
1248
1278
1260
1239
1228
1215
1206
1172
1189
1155
1169
1169
1162
1151
1114
1142
1132
1142
1140
1168
1160
1199
1203
1216
1238
1241
1247
1255
1273
1269
1265
1269
1274
1270
1270
1265
1267
1243
1224
1174
1143
1128
1104
1106
1140
1149
1158
1166
1189
1192
1246
1231
1253
1253
1257
1254
1250
1221
1212
1199
1192
1191
1179
1218
1162
1173
1174
1175
1169
1184
1185
1186
1189
1159
1178
1181
1190
1196
1205
1216
1221
1223
1228
1261
1227
1227
1242
1238
1221
1235
1245
1230
1239
1244
1247
1260
1275
1302
1288
1301
1302
1297
1271
1258
1277
1259
1254
1272
1241
1230
1220
1203
1212
1232
1245
1254
1264
1265
1263
1263
1256
1251
1257
1257
1261
1267
1265
1260
1263
1253
1266
1265
1259
1271
1271
1273
1256
1246
1226
1244
1243
1254
1255
1252
1252
1267
1256
1249
1212
1278
1299
1294
1323
1305
1305
1292
1313
1294
1294
1302
1280
1316
1306
1284
1290
1290
1287
1298
1316
1303
1296
1295
1285
1295
1295
1302
1316
1317
1343
1329
1335
1330
1325
1321
1312
1321
1327
1308
1333
1330
1329
1322
1315
1318
1319
1326
1353
1339
1340
1331
1332
1340
1335
1333
1334
1333
1329
1323
1319
1306
1323
1328
1347
1399
1368
1370
1361
1355
1333
1338
1350
1339
1332
1334
1332
1325
1322
1314
1329
1331
1343
1367
1375
1367
1366
1357
1333
1354
1354
1360
1365
1375
1361
1375
1358
1350
1356
1360
1359
1367
1370
1358
1330
1333
1327
1332
1345
1350
1364
1364
1345
1367
1387
1366
1373
1378
1378
1384
1379
1388
1378
1366
1368
1368
1367
1372
1361
1361
1349
1339
1330
1326
1335
1330
1353
1353
1373
1357
1349
1341
1337
1342
1333
1359
1371
1365
1377
1359
1352
1357
1339
1362
1408
1375
1367
1366
1359
1341
1361
1377
1380
1386
1395
1389
1379
1377
1364
1363
1371
1380
1386
1386
1396
1396
1386
1398
1434
1420
1432
1439
1436
1417
1396
1394
1377
1371
1360
1360
1327
1365
1367
1351
1330
1332
1335
1363
1329
1345
1328
1315
1303
1295
1293
1302
1321
1356
1353
1351
1356
1363
1349
1337
1330
1332
1341
1326
1325
1290
1308
1299
1288
1296
1313
1332
1342
1338
1328
1302
1283
1267
1278
1280
1323
1316
1303
1308
1300
1298
1307
1308
1325
1311
1349
1344
1338
1323
1336
1333
1334
1369
1370
1360
1348
1335
1313
1288
1226
1292
1292
1305
1306
1313
1311
1265
1300
1304
1331
1343
1346
1344
1334
1367
1320
1305
1315
1317
1299
1331
1349
1329
1332
1315
1297
1310
1307
1313
1299
1298
1289
1289
1268
1263
1261
1265
1248
1292
1282
1278
1261
1245
1241
1242
1246
1272
1268
1282
1334
1260
1280
1280
1268
1260
1271
1288
1259
1256
1235
1226
1219
1227
1246
1262
1275
1268
1262
1237
1227
1223
1217
1230
1290
1264
1249
1241
1238
1201
1235
1264
1279
1297
1297
1293
1282
1251
1258
1195
1256
1270
1286
1291
1278
1281
1245
1238
1256
1259
1263
1266
1259
1235
1226
1222
1212
1226
1219
1237
1248
1259
1246
1233
1217
1216
1211
1215
1232
1229
1216
1208
1199
1209
1152
1186
1202
1217
1231
1224
1220
1201
1190
1184
1165
1219
1214
1217
1220
1217
1208
1227
1197
1226
1218
1247
1258
1246
1240
1208
1196
1198
1214
1221
1249
1253
1249
1233
1221
1228
1222
1219
1231
1236
1258
1242
1227
1212
1191
1212
1186
1218
1247
1250
1247
1225
1211
1218
1204
1215
1239
1255
1257
1234
1228
1199
1178
1180
1202
1238
1237
1235
1210
1204
1160
1150
1152
1190
1208
1213
1219
1205
1170
1136
1159
1195
1175
1195
1208
1197
1185
1164
1172
1122
1165
1177
1183
1202
1207
1185
1163
1162
1125
1156
1174
1196
1208
1215
1207
1136
1182
1156
1175
1137
1206
1219
1212
1190
1177
1153
1135
1189
1207
1233
1234
1224
1209
1207
1193
1185
1181
1195
1242
1235
1222
1206
1180
1203
1191
1198
1227
1234
1239
1222
1223
1207
1192
1135
1181
1186
1216
1229
1208
1193
1196
1191
1185
1205
1222
1219
1237
1213
1165
1164
1185
1160
1201
1206
1220
1233
1202
1138
1156
1107
1102
1168
1185
1202
1212
1199
1223
1210
1163
1193
1190
1189
1216
1220
1205
1185
1173
1183
1142
1207
1229
1239
1240
1217
1207
1185
1189
1163
1198
1240
1238
1237
1234
1190
1187
1170
1197
1225
1216
1244
1231
1233
1170
1165
1165
1225
1212
1234
1251
1242
1244
1232
1160
1155
1241
1234
1238
1248
1230
1233
1164
1201
1170
1233
1261
1273
1273
1246
1252
1223
1212
1185
1228
1217
1240
1253
1236
1236
1177
1191
1175
1234
1232
1237
1245
1220
1181
1157
1171
1143
1213
1254
1240
1240
1223
1184
1184
1170
1138
1233
1218
1223
1225
1216
1146
1170
1161
1141
1209
1216
1220
1217
1207
1194
1151
1128
1119
1197
1209
1222
1212
1211
1185
1142
1133
1152
1215
1226
1231
1190
1222
1200
1173
1173
1141
1217
1217
1261
1216
1217
1152
1170
1150
1116
1210
1225
1226
1208
1215
1184
1157
1109
1150
1213
1229
1216
1217
1226
1174
1146
1152
1155
1237
1258
1266
1244
1228
1182
1195
1180
1138
1239
1246
1263
1248
1258
1186
1207
1167
1230
1276
1290
1292
1271
1280
1204
1242
1176
1178
1268
1289
1286
1241
1305
1294
1250
1241
1259
1312
1325
1333
1339
1287
1258
1215
1207
1288
1319
1343
1349
1332
1332
1253
1256
1248
1321
1320
1353
1352
1345
1302
1274
1305
1289
1353
1375
1394
1393
1384
1322
1297
1329
1303
1365
1366
1380
1364
1358
1298
1329
1257
1246
1331
1366
1385
1362
1365
1295
1271
1281
1282
1346
1356
1357
1338
1339
1316
1296
1268
1233
1319
1327
1339
1320
1336
1244
1251
1246
1211
1317
1326
1330
1312
1314
1265
1266
1251
1226
1308
1320
1336
1299
1312
1267
1269
1226
1239
1316
1322
1321
1321
1324
1294
1235
1234
1285
1336
1377
1375
1350
1357
1325
1310
1296
1338
1380
1394
1414
1382
1332
1366
1315
1271
1378
1415
1432
1435
1417
1404
1341
1366
1353
1422
1429
1445
1414
1432
1422
1401
1391
1367
1450
1458
1484
1455
1464
1423
1424
1412
1385
1466
1470
1474
1453
1459
1428
1374
1370
1400
1433
1431
1455
1425
1421
1378
1346
1323
1349
1411
1440
1430
1409
1408
1339
1341
1322
1301
1384
1388
1400
1357
1375
1351
1320
1306
1324
1359
1357
1353
1374
1345
1315
1294
1260
1336
1343
1359
1346
1383
1345
1334
1304
1255
1357
1355
1365
1324
1392
1340
1273
1289
1282
1339
1354
1371
1301
1402
1313
1305
1315
1322
1389
1387
1402
1322
1393
1322
1343
1319
1310
1376
1383
1391
1326
1423
1347
1325
1285
1354
1363
1359
1323
1334
1388
1320
1310
1267
1356
1358
1357
1320
1301
1389
1291
1296
1305
1354
1348
1350
1232
1305
1373
1261
1250
1314
1339
1331
1338
1293
1333
1331
1300
1274
1278
1334
1330
1325
1238
1299
1344
1259
1244
1234
1288
1303
1314
1250
1248
1307
1241
1230
1205
1333
1288
1329
1256
1344
1264
1254
1276
1339
1325
1321
1349
1244
1334
1300
1275
1247
1271
1327
1329
1247
1245
1338
1256
1238
1170
1317
1317
1319
1305
1270
1347
1273
1260
1200
1303
1316
1310
1242
1261
1330
1225
1200
1215
1293
1284
1276
1178
1187
1293
1213
1196
1171
1266
1264
1271
1169
1175
1298
1187
1201
1146
1288
1280
1282
1193
1222
1327
1252
1239
1173
1287
1294
1287
1228
1226
1299
1189
1206
1269
1254
1261
1221
1193
1211
1294
1201
1216
1248
1288
1230
1213
1212
1273
1284
1202
1206
1267
1280
1271
1191
1210
1263
1189
1130
1163
1216
1223
1241
1173
1138
1243
1165
1167
1183
1260
1261
1260
1154
1168
1280
1185
1180
1158
1227
1230
1216
1115
1126
1225
1149
1119
1114
1207
1215
1221
1136
1145
1259
1195
1185
1249
1267
1264
1279
1159
1160
1265
1135
1157
1177
1230
1239
1173
1198
1175
1264
1188
1187
1244
1262
1279
1272
1195
1250
1282
1140
1113
1235
1268
1297
1248
1255
1296
1315
1218
1181
1241
1284
1261
1236
1249
1245
1290
1195
1190
1256
1303
1322
1245
1254
1312
1211
1150
1176
1222
1242
1241
1129
1141
1230
1166
1136
1068
1214
1250
1268
1202
1200
1279
1173
1131
1164
1230
1238
1254
1126
1159
1239
1153
1087
1180
1189
1220
1207
1144
1145
1214
1080
1097
1155
1164
1178
1155
1126
1108
1205
1107
1094
1121
1156
1189
1145
1143
1150
1211
1078
1081
1117
1154
1182
1092
1109
1193
1200
1085
1059
1127
1185
1205
1162
1150
1248
1201
1124
1107
1129
1218
1211
1187
1216
1270
1210
1130
1225
1182
1236
1256
1197
1206
1266
1200
1151
1075
1198
1220
1233
1164
1191
1234
1116
1119
1151
1180
1218
1246
1195
1216
1284
1196
1176
1248
1279
1313
1256
1243
1267
1326
1174
1147
1227
1246
1255
1241
1224
1187
1267
1149
1166
1179
1241
1276
1205
1217
1300
1320
1216
1140
1209
1244
1266
1228
1232
1179
1270
1140
1133
1142
1196
1219
1167
1182
1255
1206
1136
1078
1130
1189
1210
1127
1151
1252
1228
1139
1095
1167
1216
1181
1128
1191
1272
1202
1124
1183
1179
1226
1264
1195
1225
1323
1210
1195
1240
1229
1247
1218
1216
1205
1256
1126
1102
1104
1171
1207
1147
1153
1181
1296
1186
1160
1260
1280
1309
1234
1283
1315
1375
1231
1203
1210
1290
1301
1252
1273
1343
1335
1193
1188
1213
1253
1273
1262
1258
1312
1354
1241
1180
1248
1316
1347
1312
1315
1338
1410
1344
1307
1273
1297
1307
1236
1264
1313
1250
1185
1130
1211
1263
1312
1261
1309
1370
1326
1215
1284
1266
1309
1302
1269
1267
1347
1253
1231
1268
1285
1329
1302
1329
1363
1445
1339
1286
1377
1380
1404
1356
1300
1344
1413
1271
1276
1304
1306
1326
1261
1274
1278
1384
1297
1257
1300
1354
1381
1323
1354
1344
1448
1355
1334
1351
1383
1410
1328
1420
1433
1409
1273
1247
1265
1331
1344
1277
1354
1353
1386
1304
1320
1349
1387
1413
1359
1366
1422
1373
1317
1247
1313
1347
1359
1303
1334
1379
1259
1279
1343
1334
1368
1344
1346
1351
1409
1339
1265
1334
1314
1328
1333
1328
1314
1407
1307
1265
1365
1361
1372
1349
1338
1348
1408
1328
1281
1343
1398
1422
1362
1435
1345
1441
1322
1302
1336
1367
1359
1270
1267
1251
1357
1255
1264
1291
1366
1384
1299
1412
1355
1402
1311
1277
1328
1385
1385
1290
1352
1372
1349
1268
1235
1309
1361
1363
1298
1290
1360
1331
1205
1318
1295
1350
1361
1304
1338
1383
1314
1345
1408
1394
1440
1323
1336
1340
1430
1325
1322
1388
1359
1404
1358
1359
1359
1424
1343
1348
1412
1418
1440
1329
1426
1373
1416
1304
1274
1348
1377
1401
1353
1403
1356
1427
1369
1360
1414
1438
1454
1354
1432
1318
1390
1288
1260
1302
1369
1385
1330
1375
1287
1389
1267
1346
1314
1370
1374
1255
1352
1248
1300
1218
1190
1276
1336
1346
1263
1293
1365
1330
1283
1356
1303
1342
1327
1258
1243
1283
1188
1179
1143
1220
1261
1171
1251
1197
1236
1180
1184
1248
1236
1277
1242
1216
1208
1296
1184
1225
1285
1300
1322
1271
1324
1228
1309
1210
1216
1263
1285
1299
1215
1323
1233
1324
1266
1272
1294
1354
1369
1252
1370
1264
1348
1268
1207
1291
1335
1309
1269
1313
1273
1327
1234
1245
1291
1350
1354
1283
1289
1328
1320
1222
1213
1257
1315
1314
1220
1230
1164
1265
1206
1226
1239
1305
1271
1297
1234
1326
1253
1229
1236
1313
1365
1333
1322
1270
1350
1244
1259
1296
1261
1305
1214
1217
1207
1248
1206
1177
1261
1301
1336
1260
1353
1272
1358
1231
1232
1289
1296
1294
1219
1267
1156
1246
1186
1180
1209
1270
1291
1219
1297
1191
1286
1175
1188
1228
1262
1272
1177
1228
1216
1286
1201
1184
1248
1300
1291
1244
1247
1268
1292
1223
1220
1249
1319
1341
1260
1294
1281
1308
1218
1319
1270
1311
1236
1281
1235
1204
1229
1180
1319
1255
1304
1265
1293
1197
1290
1176
1206
1258
1230
1270
1190
1275
1220
1272
1216
1211
1226
1262
1296
1211
1305
1233
1293
1176
1165
1252
1285
1299
1251
1328
1223
1327
1242
1217
1251
1300
1311
1241
1332
1191
1344
1260
1226
1292
1342
1341
1245
1318
1251
1343
1208
1216
1254
1298
1308
1205
1281
1285
1279
1201
1182
1245
1297
1299
1196
1259
1268
1283
1251
1298
1248
1310
1258
1310
1226
1213
1200
1191
1257
1217
1268
1211
1285
1285
1299
1221
1251
1297
1280
1319
1249
1319
1252
1303
1213
1226
1253
1271
1302
1255
1322
1258
1325
1255
1247
1291
1295
1299
1190
1324
1243
1319
1205
1216
1262
1296
1302
1254
1312
1235
1316
1223
1190
1241
1295
1295
1196
1311
1223
1337
1230
1214
1289
1305
1270
1196
1210
1166
1268
1164
1230
1208
1252
1271
1206
1193
1200
1216
1206
1264
1213
1260
1173
1263
1190
1207
1209
1219
1277
1228
1283
1251
1279
1216
1262
1173
1180
1238
1241
1247
1174
1254
1212
1246
1209
1195
1198
1210
1256
1140
1250
1205
1261
1161
1162
1208
1229
1240
1170
1254
1167
1273
1169
1138
1185
1241
1233
1189
1263
1206
1273
1204
1152
1209
1256
1250
1156
1218
1157
1264
1179
1151
1210
1259
1303
1287
1251
1185
1294
1191
1286
1243
1283
1287
1285
1208
1223
1246
1205
1206
1237
1272
1223
1279
1208
1202
1217
1206
1245
1201
1272
1243
1278
1230
1293
1213
1222
1269
1231
1270
1187
1265
1204
1240
1146
1136
1219
1216
1247
1189
1274
1174
1267
1162
1139
1217
1207
1224
1100
1221
1113
1226
1134
1110
1188
1223
1247
1122
1236
1168
1231
1114
1091
1159
1204
1208
1172
1209
1149
1221
1136
1145
1194
1237
1244
1218
1193
1183
1247
1158
1212
1191
1239
1235
1207
1191
1121
1185
1150
1150
1208
1258
1191
1267
1223
1214
1238
1183
1271
1232
1276
1240
1264
1193
1258
1214
1166
1255
1237
1279
1210
1306
1188
1273
1194
1176
1239
1247
1277
1173
1282
1215
1279
1195
1177
1220
1267
1243
1207
1288
1180
1244
1195
1151
1196
1249
1261
1200
1272
1182
1283
1177
1136
1217
1251
1247
1177
1237
1147
1221
1156
1112
1192
1259
1269
1263
1253
1195
1300
1233
1300
1231
1259
1247
1224
1140
1158
1155
1163
1255
1214
1257
1215
1257
1200
1171
1149
1174
1228
1192
1233
1176
1216
1189
1243
1193
1156
1239
1225
1258
1157
1251
1133
1200
1115
1119
1167
1177
1233
1161
1236
1159
1255
1142
1175
1241
1225
1256
1133
1251
1175
1234
1170
1135
1177
1233
1227
1122
1212
1178
1228
1099
1138
1168
1200
1208
1168
1212
1138
1228
1149
1177
1209
1257
1256
1254
1220
1160
1265
1186
1184
1205
1252
1179
1270
1219
1169
1209
1194
1256
1264
1311
1240
1315
1249
1234
1237
1263
1312
1281
1318
1257
1305
1244
1292
1210
1248
1293
1290
1333
1230
1332
1230
1312
1228
1223
1301
1282
1305
1226
1286
1205
1310
1263
1202
1244
1285
1320
1219
1326
1267
1320
1223
1225
1256
1312
1331
1250
1360
1273
1366
1259
1292
1313
1351
1322
1303
1351
1240
1342
1250
1309
1291
1343
1349
1335
1281
1296
1343
1251
1302
1283
1328
1278
1350
1256
1249
1260
1222
1296
1298
1354
1288
1368
1296
1297
1282
1307
1359
1322
1371
1335
1370
1272
1359
1300
1306
1377
1330
1379
1298
1375
1301
1357
1284
1276
1321
1348
1388
1335
1399
1295
1359
1340
1293
1354
1388
1405
1335
1416
1317
1409
1344
1297
1359
1409
1423
1351
1423
1321
1425
1355
1304
1403
1411
1417
1377
1416
1308
1414
1349
1317
1351
1396
1386
1342
1365
1320
1411
1308
1344
1354
1400
1326
1404
1359
1342
1346
1337
1360
1361
1433
1326
1407
1338
1339
1333
1331
1392
1366
1405
1358
1395
1397
1356
1293
1315
1321
1337
1426
1440
1441
1434
1406
1407
1345
1348
1388
1385
1375
1452
1448
1462
1397
1386
1380
1366
1320
1314
1322
1421
1434
1436
1432
1399
1406
1394
1397
1401
1391
1390
1488
1474
1463
1422
1408
1398
1387
1360
1331
1315
1404
1425
1407
1401
1368
1387
1377
1315
1311
1296
1343
1408
1388
1386
1350
1326
1325
1302
1293
1284
1279
1351
1360
1351
1351
1324
1325
1331
1319
1299
1313
1305
1387
1410
1372
1345
1333
1329
1291
1296
1275
1241
1338
1344
1352
1350
1312
1319
1334
1274
1292
1282
1307
1372
1378
1375
1338
1322
1320
1300
1265
1275
1296
1384
1391
1376
1366
1328
1321
1351
1267
1264
1245
1256
1360
1350
1345
1311
1308
1305
1251
1285
1301
1276
1334
1347
1344
1332
1294
1296
1299
1232
1269
1245
1248
1332
1345
1313
1309
1288
1291
1260
1212
1229
1243
1320
1331
1333
1337
1305
1315
1305
1275
1226
1222
1222
1342
1323
1307
1292
1288
1271
1243
1259
1230
1211
1298
1320
1304
1292
1245
1242
1233
1222
1189
1178
1168
1263
1253
1249
1214
1193
1189
1178
1134
1187
1193
1215
1249
1228
1217
1177
1188
1176
1209
1238
1244
1276
1387
1394
1364
1303
1296
1303
1279
1312
1390
1419
1391
1481
1420
1347
1248
1218
1240
1274
1341
1390
1385
1452
1370
1260
1157
1064
1098
1139
1226
1308
1361
1292
1315
1195
1079
973
956
1012
1052
1138
1210
1229
1229
1136
1013
965
923
976
1090
1134
1258
1272
1224
1232
1140
1070
1008
1039
1104
1146
1243
1349
1380
1386
1363
1283
1192
1164
1221
1283
1347
1404
1448
1474
1492
1390
1271
1172
1126
1181
1275
1333
1439
1464
1340
1362
1227
1109
1027
1037
1113
1224
1351
1400
1374
1351
1237
1116
1048
1038
1128
1259
1330
1355
1379
1277
1261
1186
1116
1085
1136
1223
1315
1351
1395
1359
1313
1225
1133
1091
1063
1119
1212
1293
1316
1325
1311
1339
1244
1169
1113
1068
1147
1254
1304
1375
1355
1326
1243
1116
1006
957
1006
1109
1172
1318
1362
1317
1308
1194
1079
1023
995
1097
1232
1320
1371
1404
1287
1269
1152
1087
1035
1085
1188
1275
1340
1323
1294
1282
1220
1145
1100
1070
1141
1216
1287
1342
1373
1352
1342
1259
1145
1086
1069
1135
1221
1300
1380
1382
1281
1295
1175
1062
995
1022
1106
1152
1253
1330
1284
1268
1149
1027
959
942
1038
1163
1261
1341
1323
1238
1241
1115
1043
1008
1058
1159
1258
1318
1264
1244
1197
1168
1085
1044
1042
1122
1230
1296
1372
1338
1253
1295
1208
1156
1138
1143
1222
1332
1353
1396
1398
1345
1334
1232
1160
1129
1162
1240
1316
1394
1376
1352
1312
1255
1148
1084
1065
1134
1232
1318
1347
1320
1203
1190
1081
977
983
1016
1140
1229
1289
1258
1224
1150
1164
1089
1059
1078
1147
1243
1265
1331
1301
1231
1140
1177
1097
1076
1041
1155
1209
1260
1278
1228
1139
1147
1078
1027
1029
1050
1142
1237
1242
1285
1275
1211
1188
1098
1069
1083
1150
1247
1333
1365
1329
1238
1142
1125
1064
1057
1086
1181
1271
1283
1295
1231
1143
1127
1047
994
1044
1091
1191
1267
1311
1299
1245
1127
1151
1109
1098
1141
1188
1273
1337
1326
1285
1227
1017
1118
1077
1093
1125
1197
1284
1275
1303
1201
1121
1064
1045
1019
1054
1118
1222
1305
1298
1312
1232
1082
1113
1062
1062
1141
1238
1323
1381
1356
1307
1185
1050
1096
1081
1130
1192
1255
1354
1388
1352
1272
1159
1060
1116
1133
1193
1259
1342
1396
1437
1363
1334
1279
1228
1198
1229
1304
1367
1457
1516
1462
1443
1342
1197
1235
1211
1253
1339
1381
1484
1535
1478
1342
1238
1149
1187
1185
1248
1312
1399
1449
1487
1390
1299
1196
1135
1210
1244
1284
1368
1420
1494
1475
1378
1299
1206
1193
1195
1237
1309
1362
1441
1482
1413
1360
1255
1167
1186
1177
1220
1327
1378
1449
1488
1430
1342
1224
1102
1178
1199
1286
1386
1472
1532
1511
1416
1246
1158
1045
1142
1196
1301
1390
1475
1535
1461
1331
1184
1097
1079
1174
1246
1351
1416
1488
1493
1423
1331
1195
1113
1188
1229
1297
1380
1434
1516
1500
1394
1343
1247
1135
1220
1257
1345
1444
1513
1565
1552
1471
1339
1218
1138
1242
1297
1395
1462
1575
1596
1566
1421
1342
1233
1215
1308
1380
1503
1579
1630
1620
1512
1430
1290
1216
1231
1390
1454
1553
1620
1660
1636
1556
1407
1345
1273
1324
1377
1449
1535
1571
1599
1576
1479
1333
1241
1210
1263
1310
1399
1486
1535
1557
1515
1405
1242
1148
1123
1210
1280
1406
1499
1548
1555
1482
1308
1209
1126
1104
1205
1287
1452
1505
1522
1489
1417
1252
1140
1061
1072
1203
1295
1419
1494
1500
1466
1394
1270
1161
1103
1109
1245
1362
1489
1549
1579
1548
1444
1259
1180
1132
1162
1268
1403
1537
1592
1608
1566
1413
1234
1132
1082
1186
1297
1450
1514
1599
1569
1469
1291
1166
1066
1021
1197
1346
1501
1599
1591
1539
1422
1258
1106
1026
1091
1219
1350
1478
1569
1563
1477
1364
1213
1096
1030
1021
1210
1342
1485
1561
1538
1464
1332
1162
992
963
1015
1278
1408
1557
1631
1570
1461
1295
1057
989
933
1029
1258
1447
1597
1600
1516
1367
1210
1028
953
958
1063
1311
1486
1593
1598
1489
1347
1164
1048
1003
1048
1221
1392
1546
1637
1601
1484
1337
1143
1030
988
1039
1253
1420
1567
1660
1601
1471
1335
1113
1008
938
1009
1211
1428
1584
1641
1561
1399
1213
989
887
930
1046
1276
1456
1581
1611
1508
1317
1133
986
886
963
1056
1302
1461
1595
1564
1433
1263
1069
879
889
919
1053
1336
1496
1586
1531
1388
1209
1037
881
907
948
1057
1370
1522
1584
1534
1364
1170
1000
840
831
950
1141
1365
1529
1568
1497
1274
1109
956
850
849
995
1221
1433
1565
1578
1469
1268
1080
955
880
907
1072
1260
1468
1583
1566
1436
1239
1008
906
833
906
1055
1256
1445
1565
1536
1392
1193
1009
899
856
908
1089
1278
1486
1598
1520
1367
1165
975
876
858
928
1132
1304
1534
1587
1509
1347
1124
951
856
873
962
1185
1401
1560
1595
1491
1302
1105
959
888
891
1051
1237
1454
1612
1603
1486
1313
1116
954
899
901
1041
1287
1504
1613
1589
1444
1254
1062
915
879
958
1091
1314
1520
1614
1553
1402
1196
1026
877
894
948
1147
1371
1485
1577
1464
1320
1121
958
835
857
957
1152
1284
1454
1510
1416
1253
1056
911
818
846
959
1153
1301
1419
1454
1360
1196
989
877
800
845
993
1193
1334
1429
1470
1335
1159
972
854
791
868
1042
1165
1359
1447
1442
1311
1152
985
871
852
925
1100
1267
1417
1465
1409
1285
1154
1008
922
907
995
1156
1262
1445
1486
1433
1306
1171
1030
951
946
1004
1178
1312
1413
1451
1417
1264
1121
1001
951
961
1049
1224
1362
1475
1485
1427
1274
1118
1014
962
994
1097
1270
1400
1488
1453
1400
1232
1064
1002
961
1023
1115
1271
1388
1425
1405
1316
1203
1083
998
975
1037
1118
1269
1379
1437
1391
1321
1185
1076
991
971
1058
1143
1295
1418
1428
1438
1322
1180
1059
1001
985
1045
1187
1308
1418
1449
1407
1270
1136
1045
986
1022
1102
1216
1301
1377
1373
1319
1229
1128
1057
1021
1039
1116
1230
1293
1365
1346
1351
1239
1123
1073
1018
1039
1107
1215
1303
1370
1372
1346
1246
1142
1074
1035
1065
1161
1259
1353
1406
1428
1348
1226
1130
1074
1074
1109
1188
1288
1364
1389
1392
1326
1206
1174
1115
1121
1118
1245
1310
1360
1387
1387
1340
1275
1181
1162
1146
1165
1224
1296
1340
1386
1429
1333
1314
1194
1170
1134
1181
1240
1314
1381
1413
1418
1383
1288
1215
1163
1161
1214
1275
1343
1391
1412
1392
1356
1292
1233
1204
1212
1259
1300
1347
1380
1382
1396
1400
1316
1282
1269
1273
1277
1316
1360
1382
1414
1413
1416
1363
1344
1305
1288
1291
1323
1370
1396
1444
1459
1441
1409
1371
1313
1294
1304
1341
1372
1415
1433
1425
1412
1366
1315
1314
1317
1339
1327
1369
1387
1398
1384
1368
1384
1334
1361
1342
1352
1365
1339
1342
1347
1365
1384
1365
1366
1354
1326
1292
1321
1324
1341
1363
1370
1375
1404
1367
1348
1322
1323
1319
1334
1340
1337
1335
1312
1375
1318
1320
1327
1333
1341
1331
1320
1313
1287
1288
1289
1311
1355
1363
1364
1336
1311
1288
1278
1279
1293
1330
1373
1391
1396
1389
1350
1299
1299
1281
1291
1309
1332
1359
1389
1390
1397
1379
1365
1324
1290
1296
1295
1312
1344
1389
1399
1428
1426
1372
1321
1298
1263
1251
1292
1341
1417
1475
1473
1455
1421
1335
1281
1249
1249
1281
1355
1407
1496
1467
1449
1399
1339
1252
1254
1261
1288
1351
1411
1457
1485
1492
1434
1380
1294
1240
1215
1227
1277
1356
1424
1475
1515
1469
1374
1296
1217
1172
1183
1267
1350
1439
1505
1518
1462
1379
1282
1196
1160
1175
1248
1338
1433
1500
1497
1465
1385
1287
1179
1128
1162
1204
1297
1403
1459
1506
1458
1388
1292
1189
1115
1091
1129
1208
1313
1417
1466
1471
1389
1287
1192
1078
1024
1081
1168
1271
1387
1472
1454
1381
1264
1153
1057
1039
1074
1159
1256
1366
1434
1435
1374
1288
1202
1102
1075
1039
1123
1214
1316
1391
1435
1416
1367
1240
1135
1072
1017
1085
1177
1302
1405
1463
1456
1379
1249
1147
1055
1034
1038
1166
1285
1398
1454
1438
1379
1277
1184
1104
1091
1096
1144
1261
1363
1436
1442
1426
1334
1248
1159
1109
1089
1136
1197
1319
1407
1453
1485
1402
1310
1189
1119
1085
1104
1185
1294
1393
1447
1442
1392
1258
1174
1105
1071
1094
1149
1249
1334
1397
1407
1360
1295
1210
1132
1103
1112
1128
1191
1268
1343
1362
1365
1320
1256
1172
1131
1095
1096
1148
1205
1297
1349
1380
1357
1287
1220
1114
1093
1099
1121
1207
1316
1356
1371
1346
1286
1200
1157
1132
1121
1146
1189
1266
1319
1321
1349
1328
1313
1239
1220
1190
1173
1186
1192
1274
1335
1331
1338
1312
1274
1198
1164
1127
1116
1129
1214
1290
1330
1353
1337
1294
1234
1162
1126
1119
1146
1200
1259
1293
1362
1331
1306
1277
1229
1176
1160
1163
1136
1219
1259
1315
1344
1357
1344
1207
1221
1161
1130
1138
1178
1254
1318
1375
1395
1371
1304
1217
1143
1100
1126
1117
1255
1312
1369
1381
1339
1290
1235
1141
1121
1128
1157
1207
1257
1307
1331
1342
1317
1271
1212
1170
1137
1133
1154
1232
1312
1374
1406
1393
1346
1276
1202
1143
1149
1141
1251
1329
1409
1443
1414
1354
1292
1199
1147
1157
1184
1259
1330
1389
1424
1409
1365
1308
1245
1200
1180
1179
1206
1245
1307
1345
1366
1364
1325
1309
1221
1169
1149
1147
1209
1260
1330
1383
1379
1352
1264
1204
1120
1106
1106
1150
1232
1330
1358
1342
1325
1268
1231
1167
1149
1150
1185
1201
1276
1305
1332
1327
1300
1239
1259
1168
1137
1112
1155
1177
1236
1318
1338
1348
1327
1303
1201
1143
1112
1120
1139
1225
1292
1324
1327
1304
1232
1200
1132
1103
1108
1132
1196
1240
1291
1302
1312
1303
1255
1218
1158
1146
1134
1118
1189
1242
1298
1340
1356
1344
1289
1235
1136
1137
1137
1190
1255
1341
1407
1423
1401
1329
1243
1163
1119
1132
1181
1238
1321
1375
1400
1388
1346
1294
1259
1184
1151
1172
1198
1212
1287
1325
1357
1355
1336
1246
1187
1170
1105
1104
1157
1217
1304
1382
1380
1358
1285
1211
1124
1096
1111
1158
1250
1312
1340
1357
1334
1272
1159
1167
1138
1135
1154
1183
1224
1263
1281
1323
1296
1277
1228
1198
1142
1122
1125
1148
1197
1249
1300
1322
1311
1262
1167
1155
1086
1080
1112
1167
1233
1261
1282
1273
1239
1214
1142
1124
1117
1136
1181
1190
1210
1214
1225
1224
1208
1226
1176
1153
1096
1126
1125
1149
1168
1221
1275
1291
1306
1267
1204
1160
1130
1130
1159
1205
1252
1294
1310
1293
1282
1216
1164
1139
1110
1151
1167
1201
1236
1252
1278
1281
1268
1248
1184
1146
1129
1127
1151
1188
1248
1296
1297
1322
1251
1186
1123
1099
1118
1155
1204
1267
1315
1313
1284
1244
1192
1139
1116
1131
1165
1212
1262
1288
1289
1312
1258
1220
1203
1189
1180
1198
1250
1251
1292
1305
1307
1294
1267
1240
1174
1151
1150
1170
1206
1253
1292
1292
1259
1244
1213
1136
1110
1122
1143
1194
1230
1245
1226
1203
1162
1122
1121
1091
1080
1143
1166
1191
1187
1194
1188
1168
1155
1128
1105
1134
1125
1139
1157
1181
1197
1222
1220
1203
1191
1157
1155
1121
1125
1166
1195
1202
1245
1239
1222
1185
1167
1140
1144
1153
1176
1195
1203
1206
1198
1187
1168
1165
1163
1184
1162
1162
1147
1154
1125
1177
1186
1206
1210
1193
1178
1168
1141
1119
1102
1134
1159
1198
1215
1191
1213
1170
1180
1176
1164
1173
1178
1206
1247
1233
1238
1238
1238
1222
1211
1213
1188
1181
1181
1196
1210
1248
1276
1271
1279
1260
1232
1196
1173
1167
1171
1201
1237
1253
1266
1256
1238
1210
1203
1177
1177
1188
1208
1229
1239
1246
1253
1243
1235
1249
1256
1243
1221
1229
1225
1244
1246
1271
1279
1278
1279
1259
1253
1239
1214
1258
1256
1302
1312
1323
1315
1304
1296
1237
1281
1268
1278
1289
1288
1305
1296
1298
1296
1295
1296
1276
1279
1287
1266
1276
1276
1286
1290
1299
1303
1301
1288
1299
1266
1254
1250
1259
1276
1288
1297
1300
1296
1276
1255
1221
1246
1253
1260
1281
1305
1312
1304
1295
1291
1274
1276
1293
1276
1283
1283
1292
1297
1307
1316
1323
1314
1312
1291
1298
1302
1312
1309
1329
1392
1351
1359
1342
1335
1302
1314
1306
1294
1306
1325
1346
1348
1357
1353
1346
1327
1327
1325
1319
1321
1331
1338
1334
1347
1346
1353
1341
1344
1322
1341
1353
1349
1349
1357
1359
1352
1350
1348
1338
1337
1340
1327
1351
1367
1375
1373
1388
1369
1382
1363
1365
1349
1350
1361
1389
1414
1421
1420
1398
1400
1380
1373
1338
1349
1344
1411
1395
1406
1406
1397
1390
1370
1366
1353
1345
1346
1356
1361
1369
1364
1393
1396
1387
1368
1355
1318
1314
1313
1330
1344
1341
1382
1399
1396
1375
1373
1367
1332
1313
1319
1326
1344
1357
1360
1381
1384
1378
1364
1350
1334
1305
1301
1338
1312
1341
1360
1383
1360
1390
1383
1345
1317
1290
1280
1279
1295
1335
1364
1389
1412
1404
1377
1348
1314
1262
1281
1256
1271
1296
1322
1324
1354
1359
1351
1306
1309
1300
1266
1259
1272
1303
1324
1357
1343
1389
1378
1359
1309
1282
1264
1255
1273
1284
1337
1364
1376
1378
1372
1344
1321
1289
1272
1275
1280
1303
1323
1360
1350
1370
1364
1345
1301
1275
1260
1267
1271
1269
1328
1366
1386
1389
1370
1324
1289
1280
1247
1244
1259
1295
1305
1352
1347
1348
1326
1294
1271
1253
1244
1266
1287
1307
1331
1342
1346
1341
1330
1302
1295
1322
1251
1252
1264
1310
1320
1348
1372
1359
1339
1314
1276
1255
1250
1268
1282
1321
1337
1350
1341
1325
1298
1260
1239
1249
1229
1242
1265
1281
1292
1311
1311
1304
1284
1268
1245
1211
1208
1199
1205
1211
1260
1282
1289
1276
1256
1215
1208
1161
1181
1198
1220
1256
1286
1305
1302
1295
1266
1275
1229
1213
1214
1217
1187
1241
1218
1283
1289
1286
1248
1217
1216
1182
1175
1179
1189
1237
1257
1307
1299
1283
1275
1228
1193
1172
1163
1183
1208
1250
1280
1309
1311
1287
1250
1239
1209
1195
1198
1207
1195
1253
1266
1283
1287
1274
1263
1241
1216
1196
1169
1178
1183
1223
1263
1275
1293
1281
1270
1242
1216
1200
1194
1200
1218
1233
1240
1250
1256
1239
1212
1277
1229
1223
1221
1215
1181
1188
1197
1190
1203
1223
1249
1259
1272
1267
1251
1228
1206
1194
1189
1200
1214
1233
1283
1268
1280
1273
1259
1215
1206
1190
1168
1172
1173
1205
1245
1253
1268
1274
1245
1237
1207
1178
1160
1158
1180
1219
1236
1233
1261
1254
1224
1202
1195
1198
1189
1203
1214
1216
1206
1196
1191
1180
1171
1179
1188
1196
1196
1192
1223
1166
1169
1157
1164
1134
1163
1166
1167
1175
1179
1189
1185
1186
1171
1156
1142
1130
1130
1152
1195
1217
1241
1243
1232
1197
1159
1151
1118
1125
1142
1177
1208
1219
1241
1171
1234
1192
1177
1169
1168
1171
1175
1185
1224
1204
1213
1211
1234
1242
1242
1236
1205
1165
1141
1135
1141
1163
1190
1237
1235
1251
1249
1224
1183
1181
1144
1138
1143
1148
1173
1191
1214
1238
1258
1260
1257
1207
1175
1148
1144
1170
1168
1207
1256
1273
1307
1288
1248
1198
1152
1135
1126
1159
1180
1211
1233
1238
1235
1217
1194
1195
1184
1186
1183
1188
1171
1164
1177
1144
1175
1221
1218
1220
1206
1173
1168
1166
1160
1159
1173
1180
1204
1206
1201
1203
1201
1193
1181
1176
1171
1149
1150
1153
1162
1179
1191
1226
1215
1212
1195
1169
1144
1128
1121
1133
1163
1198
1212
1221
1228
1179
1148
1134
1125
1110
1144
1177
1183
1196
1189
1181
1157
1151
1139
1132
1154
1163
1146
1148
1149
1161
1178
1158
1206
1159
1142
1134
1108
1107
1125
1133
1141
1177
1180
1178
1161
1141
1141
1131
1118
1135
1144
1151
1148
1169
1142
1150
1148
1163
1189
1170
1174
1164
1145
1124
1168
1171
1185
1186
1185
1187
1182
1179
1182
1186
1198
1202
1211
1209
1194
1194
1173
1186
1202
1207
1230
1242
1239
1235
1221
1206
1193
1183
1216
1234
1263
1272
1281
1256
1265
1258
1238
1239
1243
1269
1320
1318
1329
1333
1330
1326
1314
1303
1277
1307
1312
1309
1323
1339
1356
1358
1371
1389
1354
1342
1326
1322
1320
1328
1375
1387
1400
1396
1389
1354
1340
1323
1311
1337
1348
1373
1370
1371
1349
1330
1317
1336
1308
1315
1316
1338
1320
1318
1318
1315
1302
1294
1295
1304
1298
1295
1279
1285
1298
1292
1293
1291
1291
1268
1272
1262
1262
1256
1285
1294
1276
1293
1284
1226
1255
1252
1258
1270
1271
1289
1296
1296
1253
1278
1270
1266
1278
1289
1313
1314
1331
1336
1321
1309
1304
1314
1328
1321
1375
1394
1406
1409
1401
1380
1349
1348
1323
1330
1375
1392
1422
1439
1455
1439
1451
1406
1385
1367
1365
1385
1408
1437
1473
1494
1505
1487
1471
1442
1390
1397
1410
1423
1446
1469
1487
1496
1491
1470
1486
1455
1449
1441
1433
1425
1432
1430
1438
1495
1469
1486
1482
1485
1466
1453
1420
1400
1389
1380
1384
1397
1420
1462
1461
1457
1450
1444
1418
1382
1360
1346
1354
1395
1391
1414
1433
1439
1420
1401
1372
1344
1320
1317
1309
1347
1378
1404
1412
1412
1399
1374
1350
1329
1333
1329
1357
1369
1391
1398
1389
1375
1357
1342
1314
1337
1328
1344
1352
1355
1361
1364
1349
1348
1280
1342
1347
1335
1354
1350
1365
1363
1400
1373
1370
1372
1364
1342
1369
1359
1370
1370
1367
1362
1353
1354
1363
1353
1340
1361
1366
1354
1339
1314
1308
1330
1300
1308
1330
1354
1372
1376
1368
1339
1322
1291
1279
1272
1293
1311
1337
1366
1398
1378
1361
1343
1326
1305
1332
1313
1321
1329
1339
1332
1343
1332
1332
1302
1294
1326
1291
1296
1314
1330
1329
1341
1352
1338
1317
1309
1306
1306
1315
1330
1293
1341
1337
1344
1318
1300
1290
1270
1280
1287
1299
1318
1311
1313
1295
1289
1278
1268
1267
1266
1276
1273
1280
1273
1257
1240
1276
1261
1263
1265
1273
1271
1277
1246
1265
1257
1246
1241
1246
1255
1262
1277
1279
1293
1267
1250
1242
1231
1239
1234
1246
1260
1295
1284
1290
1277
1273
1254
1250
1242
1234
1230
1249
1262
1275
1281
1283
1268
1251
1233
1215
1196
1205
1216
1253
1243
1243
1240
1231
1209
1208
1209
1195
1197
1202
1194
1214
1217
1217
1188
1195
1187
1186
1178
1175
1175
1169
1179
1205
1210
1185
1181
1181
1170
1169
1172
1164
1165
1171
1176
1177
1174
1190
1184
1183
1187
1188
1192
1177
1161
1157
1171
1167
1179
1186
1197
1210
1217
1215
1208
1200
1180
1170
1174
1180
1192
1211
1196
1237
1195
1234
1224
1205
1198
1188
1205
1204
1228
1236
1243
1249
1242
1240
1239
1228
1254
1228
1234
1232
1229
1221
1215
1237
1208
1239
1233
1225
1219
1216
1214
1228
1248
1245
1248
1243
1230
1226
1222
1212
1229
1242
1251
1251
1242
1234
1201
1195
1208
1199
1198
1203
1236
1212
1210
1204
1193
1175
1172
1170
1161
1160
1162
1169
1166
1211
1175
1182
1164
1151
1126
1127
1142
1113
1122
1128
1140
1137
1150
1140
1074
1104
1089
1087
1094
1104
1132
1124
1133
1137
1112
1101
1082
1081
1074
1093
1105
1118
1124
1128
1118
1113
1101
1098
1085
1099
1116
1126
1141
1147
1158
1136
1162
1119
1156
1155
1150
1155
1154
1169
1173
1188
1186
1192
1198
1189
1185
1185
1181
1191
1195
1195
1189
1185
1184
1174
1203
1183
1205
1220
1218
1211
1193
1182
1171
1164
1166
1183
1207
1225
1242
1248
1238
1204
1197
1178
1175
1180
1193
1203
1227
1241
1237
1242
1220
1205
1196
1190
1198
1209
1213
1223
1225
1231
1216
1209
1189
1193
1211
1188
1202
1211
1239
1235
1235
1231
1206
1187
1167
1163
1164
1184
1206
1217
1230
1218
1216
1223
1183
1170
1156
1169
1194
1179
1208
1216
1222
1217
1219
1212
1204
1167
1174
1171
1169
1154
1188
1197
1207
1200
1209
1204
1185
1183
1176
1180
1175
1202
1193
1214
1210
1210
1194
1182
1168
1179
1194
1190
1219
1226
1232
1238
1232
1191
1230
1222
1221
1232
1227
1246
1255
1267
1281
1282
1277
1267
1256
1244
1225
1253
1244
1252
1278
1294
1312
1307
1308
1298
1290
1280
1275
1279
1285
1296
1307
1309
1312
1311
1317
1310
1306
1320
1302
1303
1326
1305
1307
1303
1314
1311
1324
1333
1322
1315
1308
1306
1306
1330
1317
1253
1313
1320
1323
1327
1323
1322
1327
1330
1381
1355
1364
1361
1363
1354
1340
1362
1348
1353
1357
1370
1365
1387
1394
1375
1378
1369
1364
1356
1353
1352
1349
1362
1369
1379
1387
1393
1380
1367
1367
1365
1371
1379
1380
1381
1376
1376
1374
1364
1367
1375
1379
1400
1386
1393
1379
1382
1357
1370
1363
1356
1358
1359
1385
1363
1378
1368
1370
1376
1361
1366
1360
1349
1352
1332
1361
1361
1363
1369
1367
1383
1379
1388
1384
1383
1390
1383
1369
1364
1345
1355
1363
1367
1372
1368
1369
1352
1363
1376
1343
1339
1339
1351
1330
1365
1378
1377
1372
1364
1358
1351
1332
1347
1326
1357
1364
1372
1371
1362
1357
1337
1346
1366
1346
1351
1355
1347
1364
1364
1366
1350
1339
1337
1341
1345
1351
1362
1367
1381
1393
1385
1385
1374
1367
1369
1367
1376
1389
1387
1368
1393
1387
1394
1376
1361
1380
1385
1390
1392
1395
1397
1390
1393
1356
1389
1395
1393
1391
1396
1405
1399
1406
1395
1394
1385
1374
1371
1370
1360
1367
1378
1381
1378
1377
1364
1349
1341
1318
1332
1340
1343
1350
1344
1348
1337
1341
1320
1314
1315
1321
1329
1338
1336
1333
1336
1303
1290
1274
1275
1266
1285
1304
1309
1314
1307
1293
1278
1261
1252
1248
1251
1253
1272
1291
1287
1289
1275
1268
1282
1253
1243
1261
1262
1257
1273
1288
1279
1262
1250
1237
1230
1234
1243
1229
1262
1246
1291
1263
1243
1232
1211
1182
1231
1223
1245
1252
1262
1261
1266
1263
1253
1243
1243
1248
1247
1260
1265
1274
1262
1284
1255
1255
1249
1254
1250
1263
1243
1267
1260
1248
1248
1245
1255
1244
1260
1261
1269
1251
1279
1274
1279
1253
1244
1202
1243
1247
1245
1256
1256
1267
1260
1267
1261
1248
1247
1263
1240
1241
1214
1248
1222
1249
1256
1254
1255
1248
1253
1268
1265
1256
1258
1260
1259
1266
1271
1270
1268
1262
1262
1239
1251
1262
1251
1254
1254
1251
1248
1228
1230
1215
1220
1246
1226
1231
1234
1232
1225
1220
1216
1200
1199
1201
1204
1204
1217
1221
1206
1210
1240
1188
1197
1188
1190
1172
1185
1203
1200
1196
1197
1221
1197
1189
1197
1181
1198
1203
1207
1213
1209
1212
1199
1198
1184
1205
1215
1215
1230
1235
1247
1242
1233
1227
1212
1201
1190
1171
1198
1194
1220
1223
1227
1219
1228
1216
1198
1199
1176
1211
1212
1219
1231
1234
1236
1240
1239
1232
1225
1228
1201
1237
1244
1244
1247
1250
1251
1246
1243
1243
1228
1247
1253
1276
1276
1278
1272
1260
1262
1243
1231
1202
1227
1241
1257
1269
1277
1274
1273
1287
1250
1247
1230
1227
1234
1247
1274
1267
1267
1258
1252
1244
1230
1221
1201
1221
1227
1253
1261
1264
1272
1264
1258
1277
1248
1248
1249
1266
1270
1285
1296
1291
1279
1269
1267
1258
1262
1273
1275
1296
1302
1307
1313
1299
1292
1275
1265
1269
1274
1286
1292
1302
1291
1310
1300
1296
1280
1272
1268
1264
1265
1278
1248
1298
1257
1310
1303
1280
1290
1251
1260
1239
1259
1274
1287
1296
1296
1289
1271
1250
1241
1229
1228
1236
1244
1229
1268
1266
1242
1262
1249
1233
1224
1211
1218
1223
1240
1249
1266
1270
1263
1259
1250
1226
1222
1212
1219
1225
1237
1253
1253
1266
1284
1270
1267
1252
1245
1243
1244
1258
1264
1272
1289
1299
1277
1294
1321
1284
1284
1320
1287
1262
1294
1305
1304
1322
1337
1319
1309
1301
1292
1283
1287
1301
1264
1320
1321
1319
1316
1309
1302
1285
1304
1303
1265
1307
1314
1323
1312
1316
1313
1302
1287
1275
1274
1275
1284
1297
1297
1299
1317
1313
1326
1295
1279
1266
1270
1251
1290
1297
1303
1307
1302
1296
1275
1264
1257
1248
1259
1266
1281
1289
1290
1284
1280
1258
1245
1229
1229
1224
1243
1243
1279
1286
1281
1276
1253
1235
1215
1201
1201
1205
1213
1249
1246
1250
1235
1227
1217
1179
1178
1177
1189
1198
1220
1243
1248
1219
1228
1217
1202
1197
1199
1186
1220
1233
1266
1254
1243
1234
1212
1209
1233
1174
1216
1217
1220
1237
1232
1238
1220
1212
1208
1188
1191
1194
1210
1203
1213
1215
1217
1207
1200
1196
1180
1182
1201
1201
1213
1219
1223
1222
1210
1197
1195
1181
1180
1191
1199
1208
1229
1235
1236
1210
1257
1225
1220
1224
1218
1235
1244
1259
1271
1264
1263
1231
1248
1251
1242
1251
1254
1260
1256
1265
1261
1258
1249
1210
1248
1250
1245
1243
1237
1246
1234
1239
1230
1241
1226
1220
1232
1237
1228
1235
1233
1227
1211
1199
1201
1190
1201
1215
1227
1237
1237
1233
1221
1203
1205
1185
1180
1187
1195
1229
1212
1215
1202
1196
1218
1170
1158
1175
1162
1160
1176
1194
1182
1177
1167
1154
1136
1134
1137
1097
1145
1163
1178
1188
1173
1176
1151
1139
1160
1140
1148
1149
1160
1162
1188
1179
1174
1164
1157
1149
1131
1148
1154
1151
1162
1164
1168
1173
1172
1167
1135
1159
1147
1164
1168
1166
1169
1179
1171
1163
1170
1169
1170
1161
1174
1177
1177
1169
1192
1179
1189
1188
1199
1210
1180
1205
1187
1189
1180
1178
1178
1208
1189
1202
1225
1232
1213
1230
1214
1196
1187
1173
1182
1197
1231
1241
1254
1256
1242
1203
1207
1182
1176
1173
1197
1221
1252
1282
1275
1269
1252
1228
1209
1189
1192
1204
1237
1330
1312
1329
1317
1298
1243
1238
1225
1215
1223
1253
1290
1312
1323
1340
1313
1285
1251
1230
1217
1223
1255
1271
1315
1354
1337
1320
1290
1258
1230
1226
1246
1252
1280
1309
1326
1351
1307
1287
1249
1230
1193
1227
1251
1270
1300
1308
1323
1307
1297
1267
1254
1237
1244
1263
1279
1275
1318
1318
1314
1293
1269
1253
1238
1220
1214
1278
1302
1306
1310
1297
1285
1267
1260
1247
1248
1258
1267
1285
1295
1297
1298
1292
1280
1266
1282
1269
1254
1288
1288
1313
1306
1311
1307
1302
1309
1317
1319
1317
1299
1313
1313
1310
1317
1315
1338
1342
1344
1346
1343
1312
1321
1319
1332
1329
1339
1357
1377
1386
1398
1394
1337
1359
1345
1340
1348
1361
1385
1406
1418
1472
1420
1408
1343
1361
1342
1349
1378
1391
1413
1434
1451
1425
1406
1380
1337
1319
1326
1342
1368
1400
1433
1432
1428
1412
1381
1353
1327
1326
1339
1373
1406
1436
1452
1445
1422
1388
1361
1333
1322
1328
1365
1384
1413
1424
1430
1404
1383
1339
1327
1313
1317
1345
1365
1400
1413
1431
1435
1385
1353
1328
1307
1284
1322
1349
1350
1400
1430
1397
1374
1336
1323
1295
1296
1306
1325
1345
1358
1371
1372
1359
1327
1321
1311
1306
1283
1319
1320
1350
1364
1368
1365
1359
1345
1328
1318
1319
1316
1322
1335
1349
1359
1367
1392
1355
1354
1342
1334
1316
1327
1310
1322
1340
1375
1361
1366
1357
1351
1337
1326
1329
1312
1310
1320
1337
1354
1383
1377
1366
1357
1363
1319
1310
1304
1301
1324
1357
1381
1384
1410
1360
1341
1314
1307
1280
1316
1343
1369
1385
1391
1385
1371
1342
1320
1310
1314
1329
1333
1368
1384
1390
1391
1398
1366
1342
1331
1324
1334
1331
1365
1394
1411
1411
1391
1364
1340
1306
1306
1292
1329
1353
1377
1391
1383
1376
1345
1323
1299
1289
1294
1307
1325
1341
1358
1357
1347
1334
1309
1301
1280
1266
1280
1293
1290
1328
1332
1327
1320
1306
1289
1266
1252
1256
1260
1276
1288
1311
1308
1290
1340
1295
1278
1266
1264
1251
1264
1282
1281
1285
1291
1291
1284
1280
1277
1247
1257
1245
1245
1244
1255
1263
1267
1279
1307
1290
1281
1257
1241
1228
1229
1235
1248
1254
1277
1296
1285
1278
1293
1241
1232
1219
1225
1215
1248
1265
1277
1291
1278
1275
1271
1249
1233
1221
1226
1240
1254
1279
1290
1296
1285
1271
1250
1226
1208
1165
1224
1249
1264
1276
1283
1290
1257
1249
1256
1215
1211
1214
1238
1226
1238
1275
1277
1249
1252
1239
1228
1219
1229
1237
1254
1263
1271
1284
1272
1268
1258
1255
1229
1223
1226
1229
1260
1253
1246
1274
1247
1234
1224
1210
1211
1206
1217
1247
1237
1241
1241
1242
1234
1236
1242
1229
1205
1218
1216
1227
1219
1222
1215
1216
1250
1217
1211
1199
1194
1181
1186
1194
1193
1199
1196
1201
1196
1188
1188
1173
1183
1180
1165
1183
1170
1175
1166
1170
1153
1181
1178
1175
1168
1157
1155
1135
1138
1135
1138
1141
1173
1157
1158
1151
1151
1135
1132
1135
1129
1141
1137
1150
1135
1161
1167
1163
1158
1147
1141
1142
1145
1152
1149
1182
1167
1173
1181
1173
1170
1162
1157
1148
1142
1145
1149
1165
1211
1211
1183
1189
1182
1156
1177
1182
1174
1193
1193
1206
1214
1207
1212
1205
1204
1249
1205
1207
1201
1204
1197
1217
1219
1208
1212
1215
1232
1216
1217
1214
1199
1206
1206
1205
1209
1204
1205
1194
1198
1220
1204
1212
1208
1206
1202
1193
1191
1184
1182
1186
1193
1196
1207
1200
1191
1184
1171
1184
1162
1157
1159
1160
1156
1179
1194
1194
1204
1186
1173
1167
1160
1173
1168
1180
1183
1186
1186
1188
1172
1165
1111
1156
1154
1152
1162
1145
1175
1163
1167
1162
1152
1140
1135
1132
1144
1129
1161
1169
1176
1166
1167
1152
1138
1151
1144
1163
1172
1177
1169
1169
1167
1164
1159
1157
1156
1161
1166
1167
1179
1172
1181
1178
1171
1163
1158
1160
1157
1168
1197
1185
1194
1182
1187
1170
1160
1158
1150
1147
1157
1174
1183
1192
1189
1172
1162
1188
1146
1148
1147
1175
1184
1187
1202
1189
1172
1163
1152
1139
1144
1150
1134
1196
1190
1200
1202
1193
1181
1137
1151
1157
1157
1173
1198
1207
1210
1217
1200
1169
1168
1148
1144
1143
1166
1189
1195
1224
1221
1210
1194
1170
1146
1145
1167
1168
1211
1246
1253
1254
1243
1231
1196
1207
1194
1199
1216
1225
1244
1260
1265
1265
1266
1261
1252
1232
1242
1239
1262
1268
1293
1300
1304
1292
1289
1269
1283
1284
1287
1304
1316
1329
1324
1336
1313
1312
1353
1322
1326
1336
1344
1339
1340
1370
1327
1321
1314
1321
1303
1339
1352
1337
1347
1315
1329
1320
1312
1321
1316
1331
1372
1355
1357
1353
1339
1321
1314
1314
1303
1301
1306
1296
1320
1324
1322
1312
1299
1284
1274
1278
1269
1281
1284
1301
1312
1310
1304
1279
1276
1267
1270
1274
1289
1301
1307
1309
1299
1311
1282
1267
1267
1223
1281
1293
1305
1311
1298
1296
1288
1289
1289
1274
1304
1306
1318
1325
1319
1338
1348
1332
1330
1321
1320
1323
1343
1345
1378
1398
1401
1404
1390
1387
1375
1375
1381
1420
1417
1406
1445
1455
1425
1448
1445
1438
1434
1417
1448
1453
1474
1500
1492
1498
1495
1497
1485
1487
1489
1487
1485
1491
1500
1489
1505
1506
1501
1498
1523
1486
1477
1476
1481
1473
1489
1493
1490
1482
1470
1460
1456
1451
1454
1418
1454
1451
1448
1440
1396
1412
1400
1400
1403
1395
1399
1388
1384
1371
1374
1369
1361
1355
1352
1347
1338
1337
1340
1320
1332
1335
1337
1327
1314
1322
1316
1320
1330
1332
1335
1340
1340
1323
1332
1327
1328
1338
1337
1343
1336
1341
1342
1331
1335
1335
1327
1343
1351
1377
1350
1354
1343
1358
1357
1363
1366
1371
1380
1372
1386
1381
1382
1383
1385
1384
1371
1379
1383
1394
1387
1388
1387
1392
1407
1390
1404
1384
1380
1388
1385
1387
1394
1402
1404
1395
1395
1388
1387
1381
1373
1377
1385
1432
1404
1405
1392
1415
1372
1374
1374
1361
1365
1358
1356
1351
1347
1351
1334
1331
1347
1327
1324
1312
1305
1295
1285
1305
1297
1297
1310
1299
1290
1286
1262
1247
1278
1279
1283
1282
1279
1281
1270
1269
1251
1283
1288
1287
1289
1275
1276
1254
1261
1260
1257
1261
1271
1281
1283
1277
1261
1259
1260
1255
1246
1252
1252
1263
1228
1277
1283
1270
1277
1260
1255
1244
1247
1239
1241
1246
1251
1266
1279
1267
1278
1262
1255
1230
1224
1222
1220
1243
1263
1269
1263
1272
1259
1243
1235
1232
1226
1230
1249
1238
1248
1254
1254
1243
1231
1262
1211
1217
1213
1213
1207
1216
1239
1226
1222
1210
1210
1190
1182
1176
1115
1208
1190
1196
1202
1200
1200
1176
1170
1189
1149
1164
1168
1182
1177
1192
1199
1188
1178
1162
1167
1157
1161
1167
1163
1186
1189
1197
1199
1194
1184
1171
1170
1156
1171
1186
1184
1198
1197
1195
1201
1197
1181
1176
1158
1161
1175
1187
1187
1208
1216
1221
1204
1193
1183
1165
1172
1153
1183
1186
1190
1193
1181
1195
1185
1187
1197
1193
1165
1167
1169
1179
1172
1191
1192
1200
1200
1193
1191
1176
1181
1186
1189
1195
1210
1222
1210
1213
1214
1200
1210
1200
1202
1203
1197
1206
1196
1202
1232
1205
1220
1203
1203
1192
1194
1173
1185
1179
1174
1175
1170
1171
1178
1164
1169
1164
1171
1157
1143
1147
1134
1138
1147
1132
1130
1122
1130
1126
1142
1131
1131
1121
1111
1106
1097
1094
1101
1097
1100
1092
1113
1113
1107
1106
1085
1101
1081
1092
1091
1097
1108
1089
1112
1112
1101
1107
1103
1104
1103
1081
1098
1106
1109
1090
1142
1149
1146
1135
1121
1121
1109
1115
1119
1131
1118
1159
1173
1184
1166
1165
1161
1172
1146
1156
1165
1171
1192
1208
1217
1212
1207
1203
1195
1188
1194
1208
1202
1197
1229
1235
1237
1244
1226
1223
1253
1215
1220
1223
1239
1235
1255
1280
1258
1248
1234
1249
1224
1224
1235
1198
1231
1253
1254
1244
1224
1211
1195
1195
1222
1209
1217
1234
1223
1221
1223
1213
1198
1187
1204
1174
1170
1181
1192
1163
1200
1202
1197
1184
1165
1154
1137
1136
1131
1159
1173
1175
1172
1172
1165
1145
1144
1130
1139
1144
1153
1175
1187
1171
1176
1170
1170
1168
1165
1169
1160
1174
1167
1189
1199
1207
1204
1209
1204
1206
1209
1203
1211
1220
1223
1241
1239
1233
1238
1239
1245
1245
1249
1255
1261
1264
1281
1276
1277
1274
1274
1275
1284
1302
1299
1295
1298
1294
1291
1294
1299
1290
1310
1338
1318
1317
1318
1316
1309
1314
1327
1323
1322
1331
1335
1332
1327
1330
1323
1328
1329
1335
1344
1338
1340
1326
1334
1337
1330
1330
1329
1331
1330
1333
1336
1318
1332
1344
1338
1366
1328
1328
1320
1327
1292
1343
1345
1346
1352
1337
1341
1324
1339
1340
1345
1355
1361
1384
1372
1362
1360
1358
1362
1360
1363
1374
1375
1352
1352
1388
1385
1379
1372
1367
1375
1371
1389
1392
1396
1390
1393
1388
1380
1362
1370
1373
1374
1374
1399
1385
1365
1378
1370
1366
1360
1363
1354
1353
1364
1377
1382
1384
1383
1377
1363
1340
1350
1344
1353
1379
1381
1390
1390
1387
1370
1374
1375
1357
1385
1366
1375
1382
1387
1384
1321
1374
1371
1365
1363
1362
1365
1371
1376
1420
1385
1390
1383
1375
1363
1367
1366
1359
1364
1370
1376
1372
1390
1377
1357
1366
1363
1368
1367
1371
1391
1371
1377
1367
1376
1382
1366
1385
1400
1412
1411
1419
1413
1412
1401
1396
1396
1400
1402
1413
1425
1426
1426
1414
1410
1393
1394
1377
1379
1406
1409
1420
1395
1416
1410
1406
1392
1384
1379
1377
1375
1373
1406
1399
1391
1397
1385
1367
1355
1337
1343
1338
1363
1373
1380
1379
1354
1356
1351
1327
1331
1332
1347
1362
1370
1379
1367
1365
1376
1352
1333
1328
1334
1340
1325
1375
1373
1369
1364
1349
1329
1318
1314
1304
1316
1327
1346
1366
1360
1355
1327
1316
1325
1291
1288
1290
1312
1306
1332
1338
1333
1318
1300
1285
1266
1260
1261
1281
1284
1291
1295
1304
1298
1273
1266
1266
1251
1254
1257
1259
1246
1266
1274
1273
1236
1260
1256
1248
1242
1231
1257
1235
1236
1201
1252
1256
1246
1242
1224
1224
1211
1218
1213
1231
1229
1230
1232
1214
1215
1220
1219
1220
1215
1198
1220
1212
1223
1230
1261
1240
1243
1248
1239
1210
1230
1224
1222
1229
1241
1249
1256
1268
1262
1259
1261
1250
1253
1242
1253
1253
1276
1296
1287
1288
1286
1281
1266
1266
1266
1200
1260
1283
1282
1285
1288
1292
1268
1260
1293
1257
1242
1238
1243
1244
1248
1265
1264
1254
1237
1230
1207
1198
1195
1186
1201
1208
1218
1223
1212
1205
1189
1178
1154
1165
1166
1171
1179
1204
1195
1188
1195
1182
1168
1160
1145
1142
1143
1135
1149
1164
1174
1174
1168
1162
1144
1134
1115
1137
1147
1153
1175
1169
1177
1171
1167
1155
1150
1143
1138
1157
1155
1150
1162
1174
1174
1158
1169
1168
1154
1160
1170
1169
1171
1191
1190
1205
1198
1202
1203
1195
1197
1184
1203
1202
1213
1207
1216
1248
1211
1192
1202
1204
1199
1216
1226
1224
1217
1215
1214
1208
1203
1211
1199
1206
1211
1213
1242
1211
1214
1204
1209
1188
1212
1212
1212
1213
1209
1208
1210
1209
1205
1206
1208
1207
1198
1218
1202
1205
1178
1216
1206
1199
1203
1199
1214
1210
1227
1232
1230
1215
1213
1212
1215
1200
1218
1229
1250
1241
1261
1257
1247
1237
1195
1225
1231
1239
1253
1266
1285
1286
1289
1297
1264
1249
1243
1256
1262
1266
1288
1305
1313
1304
1297
1293
1268
1265
1277
1275
1283
1297
1311
1318
1319
1323
1303
1287
1272
1264
1243
1266
1279
1284
1291
1331
1297
1285
1277
1269
1261
1263
1285
1274
1276
1260
1282
1285
1280
1283
1249
1278
1280
1275
1276
1263
1265
1255
1258
1276
1270
1265
1272
1281
1264
1266
1262
1260
1243
1260
1265
1273
1274
1288
1275
1292
1289
1292
1271
1280
1279
1267
1297
1271
1305
1315
1317
1318
1299
1300
1286
1286
1285
1292
1304
1313
1321
1332
1327
1322
1318
1300
1309
1312
1317
1317
1333
1327
1341
1343
1336
1330
1323
1321
1315
1335
1332
1336
1343
1348
1338
1344
1314
1332
1324
1334
1331
1332
1332
1326
1333
1347
1342
1336
1333
1329
1317
1324
1330
1319
1325
1327
1362
1330
1322
1321
1299
1290
1347
1317
1316
1315
1312
1306
1310
1324
1316
1317
1313
1310
1303
1292
1285
1278
1281
1285
1296
1307
1309
1309
1265
1293
1270
1262
1257
1256
1262
1266
