1319
1298
1296
1252
1246
1249
1252
1234
1254
1238
1256
1255
1283
1257
1252
1255
1259
1261
1240
1259
1267
1267
1264
1267
1260
1266
1279
1253
1269
1267
1271
1262
1273
1286
1276
1277
1269
1272
1270
1273
1278
1255
1271
1266
1265
1265
1258
1268
1253
1253
1276
1237
1257
1250
1254
1243
1249
1252
1254
1252
1256
1235
1245
1253
1254
1233
1256
1256
1255
1261
1260
1265
1257
1258
1218
1263
1274
1271
1271
1260
1270
1260
1271
1269
1269
1270
1263
1273
1270
1246
1268
1269
1271
1271
1287
1273
1264
1271
1263
1271
1263
1288
1271
1260
1266
1269
1261
1261
1239
1258
1237
1254
1257
1247
1261
1258
1253
1249
1252
1250
1234
1256
1286
1261
1250
1258
1261
1260
1267
1284
1274
1266
1270
1267
1262
1266
1268
1261
1285
1273
1269
1279
1256
1272
1266
1278
1280
1277
1280
1296
1277
1273
1269
1257
1262
1235
1245
1239
1242
1240
1237
1241
1244
1207
1262
1273
1280
1289
1293
1301
1292
1301
1294
1287
1285
1273
1268
1248
1185
1243
1243
1253
1260
1278
1300
1313
1341
1366
1372
1383
1378
1362
1321
1304
1287
1252
1235
1202
1185
1154
1132
1114
1051
1063
1055
1058
1077
1089
1118
1133
1168
1208
1206
1225
1245
1238
1311
1364
1400
1421
1419
1403
1368
1328
1282
1238
1235
1243
1253
1268
1283
1275
1287
1288
1297
1309
1346
1379
1398
1423
1429
1437
1414
1425
1410
1388
1372
1351
1352
1318
1282
1265
1239
1235
1189
1166
1153
1130
1127
1130
1139
1150
1168
1180
1169
1171
1170
1170
1176
1177
1182
1170
1185
1192
1188
1202
1251
1230
1249
1264
1296
1312
1345
1376
1378
1402
1391
1394
1380
1369
1379
1336
1317
1308
1299
1283
1254
1257
1243
1236
1237
1223
1214
1197
1189
1196
1201
1206
1224
1229
1248
1255
1259
1268
1271
1264
1288
1291
1298
1289
1310
1287
1250
1268
1223
1260
1255
1258
1255
1220
1233
1224
1227
1237
1243
1263
1277
1294
1305
1316
1334
1343
1351
1382
1367
1369
1359
1389
1366
1335
1324
1314
1269
1261
1251
1251
1237
1235
1223
1217
1201
1187
1189
1165
1166
1167
1174
1194
1201
1228
1239
1255
1287
1280
1284
1282
1290
1284
1304
1272
1292
1271
1263
1253
1231
1233
1234
1224
1236
1253
1260
1272
1270
1288
1274
1293
1299
1342
1367
1387
1406
1415
1424
1415
1407
1386
1361
1319
1288
1252
1233
1198
1188
1150
1190
1202
1177
1214
1214
1232
1240
1266
1279
1293
1301
1304
1298
1296
1245
1271
1240
1224
1206
1191
1181
1171
1170
1212
1167
1165
1196
1175
1175
1195
1225
1228
1242
1254
1274
1277
1314
1325
1316
1353
1366
1370
1369
1361
1359
1332
1337
1318
1311
1325
1304
1300
1300
1312
1328
1328
1335
1333
1328
1317
1309
1301
1290
1287
1269
1271
1248
1238
1224
1210
1213
1196
1226
1226
1231
1238
1215
1246
1254
1260
1267
1268
1285
1288
1296
1298
1288
1296
1290
1287
1271
1265
1245
1224
1215
1222
1204
1212
1213
1214
1250
1240
1258
1261
1261
1279
1288
1297
1308
1308
1296
1299
1320
1256
1291
1290
1302
1295
1304
1324
1307
1300
1281
1278
1256
1249
1243
1264
1221
1217
1210
1196
1190
1198
1181
1203
1190
1260
1277
1271
1290
1294
1304
1315
1340
1338
1346
1353
1357
1361
1357
1295
1347
1332
1304
1274
1242
1213
1185
1181
1167
1195
1197
1213
1227
1226
1239
1296
1321
1343
1353
1362
1352
1338
1321
1286
1280
1262
1253
1240
1231
1219
1206
1210
1215
1203
1220
1202
1239
1236
1247
1251
1266
1240
1257
1267
1267
1282
1288
1274
1261
1277
1287
1282
1284
1286
1279
1288
1264
1276
1285
1266
1301
1318
1342
1350
1362
1362
1358
1351
1305
1348
1308
1283
1268
1250
1234
1216
1207
1210
1204
1218
1221
1248
1242
1258
1267
1264
1277
1272
1288
1287
1284
1283
1289
1266
1264
1253
1257
1292
1249
1265
1251
1246
1231
1235
1244
1249
1248
1231
1240
1235
1238
1242
1254
1261
1270
1290
1317
1306
1307
1288
1285
1321
1274
1280
1281
1304
1274
1284
1295
1258
1284
1292
1272
1294
1305
1294
1223
1276
1259
1276
1264
1268
1294
1291
1293
1271
1283
1275
1264
1266
1263
1275
1271
1304
1280
1275
1270
1277
1269
1271
1241
1278
1278
1302
1278
1266
1264
1261
1269
1260
1282
1280
1260
1255
1234
1244
1225
1269
1272
1279
1278
1284
1247
1230
1226
1232
1242
1244
1239
1229
1223
1210
1224
1252
1247
1263
1282
1283
1281
1281
1271
1258
1263
1264
1271
1285
1276
1300
1271
1283
1304
1273
1280
1268
1277
1262
1265
1255
1244
1231
1231
1234
1251
1256
1285
1290
1287
1288
1299
1293
1318
1307
1302
1313
1275
1293
1284
1271
1267
1262
1279
1269
1272
1269
1248
1238
1226
1202
1239
1256
1263
1265
1260
1252
1242
1242
1247
1246
1252
1272
1270
1262
1248
1237
1242
1246
1255
1265
1271
1272
1278
1258
1268
1262
1270
1289
1281
1294
1273
1259
1239
1218
1245
1220
1231
1242
1247
1250
1261
1271
1269
1296
1293
1307
1336
1321
1324
1273
1283
1266
1259
1261
1260
1279
1248
1245
1247
1228
1243
1242
1247
1249
1259
1266
1269
1247
1238
1226
1239
1262
1282
1282
1303
1299
1293
1278
1270
1247
1257
1270
1262
1259
1301
1238
1248
1234
1249
1262
1289
1288
1285
1281
1241
1233
1233
1208
1231
1252
1241
1243
1235
1191
1221
1230
1256
1261
1285
1305
1301
1288
1292
1288
1304
1296
1310
1311
1305
1305
1282
1253
1239
1211
1226
1254
1259
1275
1263
1277
1268
1263
1274
1279
1302
1297
1312
1302
1296
1274
1262
1257
1274
1290
1316
1318
1311
1278
1286
1261
1272
1280
1296
1283
1288
1280
1276
1236
1232
1232
1240
1252
1278
1273
1258
1243
1205
1223
1227
1229
1254
1291
1265
1267
1250
1248
1236
1255
1269
1279
1287
1282
1264
1237
1226
1230
1163
1244
1267
1278
1272
1259
1246
1249
1238
1246
1266
1276
1286
1297
1247
1257
1268
1272
1283
1298
1333
1321
1326
1316
1305
1295
1312
1301
1311
1315
1327
1314
1298
1285
1282
1280
1269
1297
1290
1293
1276
1257
1254
1237
1220
1242
1265
1294
1297
1308
1332
1287
1311
1282
1284
1287
1295
1309
1279
1254
1233
1236
1209
1225
1246
1259
1242
1243
1228
1224
1177
1197
1217
1254
1278
1290
1283
1279
1266
1250
1281
1286
1319
1335
1321
1302
1273
1272
1261
1272
1278
1294
1309
1300
1286
1274
1247
1250
1254
1279
1286
1302
1289
1262
1247
1214
1238
1254
1282
1289
1301
1298
1282
1285
1277
1292
1282
1282
1319
1327
1285
1297
1279
1273
1249
1266
1305
1294
1296
1277
1254
1237
1214
1224
1233
1265
1277
1284
1264
1246
1243
1203
1260
1262
1282
1300
1295
1288
1272
1261
1250
1245
1254
1266
1272
1269
1227
1194
1144
1143
1189
1214
1269
1312
1345
1339
1325
1324
1285
1319
1331
1367
1377
1381
1335
1319
1323
1322
1305
1304
1292
1284
1242
1214
1183
1134
1126
1172
1132
1202
1227
1237
1249
1270
1280
1237
1302
1319
1316
1343
1324
1278
1284
1241
1232
1273
1275
1290
1299
1283
1270
1249
1250
1208
1230
1249
1239
1253
1230
1222
1234
1217
1227
1272
1295
1306
1339
1306
1299
1285
1255
1252
1269
1286
1311
1296
1301
1254
1265
1248
1226
1267
1282
1279
1282
1252
1229
1208
1210
1186
1252
1281
1301
1315
1289
1258
1233
1219
1236
1298
1317
1328
1328
1326
1228
1244
1261
1236
1311
1304
1323
1304
1294
1248
1247
1204
1252
1252
1264
1254
1259
1258
1249
1239
1221
1227
1268
1290
1324
1296
1303
1280
1287
1252
1311
1289
1332
1334
1277
1276
1263
1242
1186
1267
1275
1256
1300
1281
1244
1225
1259
1221
1286
1294
1308
1316
1288
1268
1248
1194
1208
1282
1269
1307
1303
1308
1256
1280
1253
1239
1295
1302
1323
1321
1299
1227
1218
1231
1207
1300
1313
1312
1306
1276
1259
1211
1176
1154
1258
1276
1291
1286
1290
1265
1230
1213
1215
1324
1329
1340
1325
1309
1255
1240
1186
1175
1271
1272
1289
1269
1257
1255
1215
1170
1167
1263
1284
1260
1266
1276
1256
1211
1241
1210
1311
1319
1348
1330
1325
1295
1259
1220
1175
1309
1300
1314
1283
1311
1248
1235
1180
1164
1276
1304
1321
1296
1296
1269
1253
1208
1280
1316
1330
1329
1293
1291
1209
1210
1216
1194
1289
1324
1327
1294
1268
1246
1240
1176
1277
1302
1307
1311
1286
1272
1203
1161
1206
1263
1309
1287
1342
1286
1227
1239
1212
1217
1299
1316
1327
1286
1296
1274
1261
1205
1235
1298
1309
1320
1308
1276
1248
1209
1198
1162
1278
1299
1306
1301
1289
1268
1282
1244
1229
1306
1317
1323
1243
1276
1222
1236
1217
1194
1297
1291
1291
1274
1272
1246
1208
1214
1202
1312
1289
1308
1275
1275
1263
1251
1233
1250
1347
1362
1354
1310
1297
1240
1226
1207
1222
1307
1324
1352
1296
1289
1236
1243
1205
1219
1322
1328
1324
1278
1267
1201
1187
1203
1205
1304
1309
1312
1279
1284
1246
1197
1224
1281
1316
1321
1314
1281
1243
1249
1207
1234
1302
1322
1329
1320
1288
1255
1228
1218
1195
1281
1294
1299
1272
1257
1227
1181
1187
1203
1300
1323
1328
1314
1289
1249
1222
1218
1251
1338
1271
1344
1290
1289
1211
1235
1196
1186
1297
1307
1307
1269
1252
1183
1197
1212
1208
1296
1308
1303
1265
1250
1259
1194
1209
1199
1330
1325
1324
1283
1272
1244
1238
1197
1234
1312
1348
1306
1296
1209
1237
1228
1237
1302
1328
1328
1291
1316
1236
1239
1198
1210
1318
1329
1336
1244
1312
1252
1208
1231
1207
1310
1318
1319
1239
1320
1231
1205
1194
1231
1318
1329
1304
1218
1288
1200
1186
1197
1189
1303
1312
1312
1225
1298
1239
1235
1229
1260
1313
1332
1250
1254
1304
1194
1226
1195
1285
1307
1320
1295
1207
1291
1186
1193
1193
1307
1316
1325
1214
1223
1289
1218
1175
1232
1318
1319
1324
1254
1263
1277
1194
1238
1245
1362
1334
1325
1201
1207
1262
1184
1222
1241
1331
1332
1328
1238
1287
1305
1217
1245
1248
1328
1342
1339
1229
1304
1231
1227
1240
1320
1332
1325
1315
1242
1281
1195
1200
1209
1252
1315
1322
1266
1217
1278
1197
1219
1191
1316
1334
1347
1318
1237
1322
1240
1209
1242
1327
1347
1355
1272
1243
1299
1212
1187
1218
1291
1302
1310
1185
1199
1263
1193
1152
1179
1307
1323
1314
1245
1209
1295
1187
1193
1209
1345
1354
1361
1241
1233
1328
1220
1246
1224
1335
1336
1336
1230
1190
1264
1174
1158
1235
1294
1308
1243
1241
1275
1299
1190
1251
1341
1364
1381
1278
1307
1325
1318
1239
1244
1322
1346
1335
1228
1182
1269
1184
1192
1193
1303
1299
1300
1233
1200
1262
1171
1181
1204
1300
1301
1337
1264
1215
1307
1234
1187
1220
1324
1356
1359
1274
1249
1272
1180
1152
1177
1313
1344
1343
1282
1227
1302
1182
1153
1304
1356
1381
1384
1295
1241
1272
1142
1143
1244
1284
1312
1237
1204
1192
1284
1195
1163
1248
1331
1356
1308
1282
1270
1277
1214
1182
1283
1336
1346
1297
1245
1279
1281
1189
1199
1244
1319
1341
1247
1246
1270
1262
1175
1163
1326
1382
1407
1324
1302
1347
1273
1186
1228
1275
1334
1358
1272
1243
1260
1155
1141
1209
1267
1328
1356
1247
1259
1292
1159
1192
1183
1306
1354
1367
1299
1245
1270
1166
1158
1250
1312
1354
1371
1277
1200
1267
1161
1118
1232
1293
1333
1292
1269
1221
1257
1164
1130
1273
1335
1383
1336
1284
1233
1306
1170
1169
1253
1345
1371
1323
1267
1288
1243
1128
1144
1231
1303
1361
1290
1255
1251
1258
1119
1166
1243
1325
1369
1269
1259
1304
1286
1213
1213
1308
1397
1354
1317
1262
1295
1171
1169
1241
1286
1343
1359
1254
1210
1268
1139
1111
1229
1276
1340
1365
1262
1211
1281
1163
1185
1259
1346
1412
1320
1324
1253
1288
1164
1133
1225
1303
1345
1303
1260
1203
1260
1133
1145
1234
1334
1388
1338
1334
1346
1298
1190
1180
1268
1359
1392
1335
1262
1212
1256
1120
1146
1216
1322
1356
1265
1229
1292
1205
1135
1173
1211
1335
1376
1278
1271
1288
1237
1177
1120
1234
1343
1369
1287
1284
1270
1161
1125
1198
1254
1334
1376
1303
1263
1302
1199
1197
1293
1340
1396
1332
1325
1266
1285
1182
1150
1261
1309
1357
1315
1283
1204
1277
1173
1167
1285
1344
1405
1309
1276
1271
1291
1142
1157
1296
1367
1402
1328
1318
1312
1285
1172
1199
1256
1334
1376
1279
1236
1199
1248
1160
1148
1250
1351
1388
1303
1287
1281
1284
1172
1197
1293
1347
1375
1267
1198
1248
1148
1105
1168
1231
1346
1381
1250
1284
1298
1189
1176
1282
1320
1386
1392
1255
1211
1235
1128
1129
1190
1272
1337
1285
1285
1262
1298
1219
1203
1332
1369
1435
1391
1285
1240
1296
1126
1154
1276
1310
1324
1251
1227
1156
1214
1122
1157
1272
1349
1392
1331
1275
1228
1268
1140
1201
1285
1389
1417
1316
1350
1293
1243
1132
1171
1267
1344
1371
1258
1292
1255
1215
1128
1269
1318
1412
1445
1351
1292
1312
1211
1165
1222
1306
1379
1366
1255
1202
1217
1097
1096
1224
1273
1389
1310
1282
1227
1232
1140
1149
1254
1319
1387
1357
1268
1200
1243
1082
1142
1244
1330
1375
1351
1248
1204
1220
1110
1168
1274
1376
1433
1372
1378
1236
1298
1213
1237
1306
1414
1431
1299
1227
1136
1188
1084
1136
1246
1349
1395
1306
1312
1263
1238
1099
1202
1274
1400
1428
1279
1298
1129
1187
1108
1177
1296
1382
1401
1266
1210
1125
1158
1080
1209
1266
1373
1396
1288
1233
1241
1129
1149
1268
1362
1469
1384
1358
1266
1277
1169
1113
1272
1307
1392
1324
1238
1176
1224
1104
1154
1333
1390
1442
1350
1375
1193
1215
1086
1090
1203
1330
1391
1326
1313
1176
1231
1127
1173
1300
1424
1469
1357
1390
1231
1228
1137
1109
1258
1377
1418
1298
1313
1147
1201
1107
1172
1292
1399
1433
1342
1278
1258
1206
1122
1170
1272
1404
1429
1357
1269
1241
1188
1150
1305
1344
1448
1458
1305
1237
1226
1073
1075
1175
1270
1370
1350
1271
1185
1195
1119
1090
1238
1308
1412
1369
1322
1234
1221
1116
1111
1263
1341
1439
1373
1393
1248
1236
1094
1138
1190
1361
1383
1351
1374
1281
1244
1128
1190
1272
1436
1486
1402
1406
1196
1234
1115
1111
1239
1363
1404
1291
1320
1142
1182
1119
1135
1298
1436
1485
1385
1337
1285
1220
1104
1138
1255
1376
1414
1311
1224
1169
1159
1092
1182
1247
1377
1352
1380
1255
1233
1108
1113
1228
1305
1436
1404
1387
1260
1270
1170
1151
1257
1252
1404
1375
1357
1170
1206
1124
1122
1209
1343
1442
1375
1424
1240
1273
1113
1115
1253
1334
1400
1314
1358
1165
1195
1050
1118
1226
1347
1424
1315
1387
1241
1219
1097
1103
1201
1350
1416
1312
1336
1174
1214
1067
1117
1235
1344
1412
1340
1326
1176
1163
1086
1146
1222
1389
1446
1366
1327
1247
1190
1120
1260
1289
1409
1393
1417
1289
1192
1177
1083
1225
1269
1393
1384
1414
1290
1270
1149
1074
1225
1284
1395
1335
1426
1272
1226
1120
1102
1153
1261
1364
1335
1384
1249
1228
1080
1100
1188
1315
1416
1383
1422
1264
1282
1130
1155
1209
1348
1438
1394
1417
1296
1260
1134
1120
1202
1338
1405
1361
1375
1227
1258
1147
1123
1198
1350
1416
1338
1332
1222
1175
1122
1116
1217
1339
1393
1300
1320
1207
1151
1086
1112
1226
1345
1345
1363
1284
1175
1148
1068
1188
1230
1355
1362
1424
1280
1300
1188
1144
1233
1279
1380
1335
1416
1267
1251
1123
1096
1162
1233
1358
1322
1414
1258
1297
1123
1125
1204
1303
1371
1362
1411
1250
1279
1129
1137
1190
1319
1401
1340
1419
1256
1275
1138
1105
1176
1305
1376
1323
1378
1260
1259
1111
1108
1200
1330
1394
1342
1333
1213
1239
1124
1214
1203
1342
1402
1383
1334
1237
1189
1125
1214
1209
1341
1318
1408
1329
1235
1171
1141
1239
1257
1387
1411
1437
1339
1314
1143
1098
1210
1240
1341
1292
1386
1281
1283
1138
1136
1197
1265
1369
1303
1415
1269
1300
1143
1142
1189
1262
1344
1293
1365
1255
1254
1100
1088
1161
1270
1345
1290
1369
1262
1273
1101
1085
1162
1291
1361
1313
1362
1269
1260
1116
1120
1194
1309
1388
1341
1357
1299
1295
1174
1190
1225
1327
1402
1436
1342
1274
1205
1132
1144
1234
1348
1333
1411
1314
1250
1192
1083
1179
1199
1327
1314
1400
1280
1324
1209
1155
1187
1250
1346
1292
1396
1290
1269
1124
1099
1173
1243
1345
1333
1414
1269
1344
1193
1123
1237
1287
1365
1322
1408
1264
1315
1159
1146
1228
1312
1371
1327
1358
1230
1264
1132
1117
1191
1296
1348
1311
1372
1249
1284
1171
1172
1222
1328
1379
1363
1324
1221
1263
1139
1223
1215
1294
1362
1342
1284
1203
1199
1158
1228
1214
1322
1316
1373
1264
1220
1207
1136
1241
1257
1351
1330
1370
1271
1273
1201
1167
1240
1303
1382
1328
1418
1322
1307
1214
1194
1255
1279
1344
1319
1348
1204
1258
1141
1135
1228
1283
1347
1266
1372
1244
1286
1157
1143
1188
1322
1371
1268
1372
1233
1293
1149
1179
1227
1314
1354
1333
1338
1194
1243
1120
1133
1242
1348
1388
1357
1347
1282
1309
1174
1217
1243
1350
1377
1361
1297
1218
1220
1138
1198
1312
1394
1356
1404
1245
1195
1162
1140
1193
1205
1300
1275
1326
1225
1269
1160
1160
1268
1305
1386
1292
1389
1281
1288
1197
1082
1257
1293
1371
1288
1362
1216
1285
1184
1147
1234
1302
1338
1246
1318
1197
1254
1166
1160
1241
1324
1379
1271
1364
1212
1319
1138
1146
1250
1305
1337
1310
1317
1200
1272
1160
1192
1275
1359
1388
1352
1321
1230
1299
1199
1227
1266
1351
1308
1348
1290
1199
1213
1206
1188
1277
1375
1313
1377
1296
1241
1227
1236
1306
1308
1376
1347
1345
1251
1253
1179
1174
1249
1283
1359
1255
1345
1204
1276
1184
1154
1246
1306
1367
1273
1355
1236
1265
1186
1222
1304
1340
1376
1297
1302
1214
1244
1155
1134
1226
1318
1352
1249
1332
1246
1292
1214
1220
1277
1383
1361
1314
1306
1167
1246
1178
1192
1268
1350
1370
1340
1289
1251
1300
1204
1249
1270
1337
1282
1317
1247
1184
1207
1187
1171
1297
1377
1264
1353
1254
1180
1182
1181
1263
1257
1352
1309
1328
1256
1281
1217
1189
1324
1324
1392
1277
1340
1209
1248
1166
1182
1260
1307
1376
1314
1353
1268
1257
1201
1190
1256
1312
1348
1240
1317
1211
1254
1143
1168
1277
1357
1390
1268
1357
1240
1286
1199
1189
1264
1349
1359
1318
1313
1213
1271
1179
1229
1269
1346
1346
1293
1264
1223
1236
1160
1239
1267
1346
1308
1330
1245
1184
1236
1197
1241
1303
1364
1327
1342
1223
1215
1202
1218
1300
1299
1343
1321
1333
1309
1261
1167
1205
1246
1261
1353
1339
1335
1278
1227
1223
1254
1231
1255
1251
1238
1312
1289
1250
1215
1221
1251
1276
1287
1274
1215
1261
1254
1253
1245
1244
1270
1290
1243
1221
1194
1169
1287
1306
1332
1333
1327
1286
1245
1228
1211
1199
1290
1344
1373
1377
1325
1297
1258
1206
1216
1220
1219
1348
1341
1318
1260
1232
1229
1205
1237
1263
1276
1381
1342
1323
1298
1234
1231
1243
1261
1270
1239
1243
1301
1268
1243
1231
1247
1275
1248
1268
1242
1186
1246
1247
1254
1284
1278
1314
1321
1291
1271
1204
1211
1310
1336
1350
1327
1301
1264
1202
1195
1200
1192
1291
1347
1362
1344
1278
1248
1235
1174
1206
1215
1227
1343
1324
1292
1238
1224
1230
1246
1286
1327
1327
1356
1353
1300
1251
1213
1264
1279
1270
1270
1250
1185
1266
1258
1250
1254
1273
1302
1267
1243
1222
1160
1226
1252
1281
1310
1313
1293
1294
1257
1213
1218
1185
1319
1357
1358
1338
1271
1249
1153
1170
1161
1208
1264
1332
1323
1292
1232
1204
1190
1148
1222
1195
1253
1288
1262
1218
1182
1131
1133
1158
1153
1195
1228
1288
1254
1217
1188
1162
1188
1233
1252
1244
1245
1231
1351
1350
1337
1360
1372
1358
1325
1358
1374
1394
1430
1511
1492
1435
1343
1281
1262
1241
1291
1383
1444
1549
1530
1404
1265
1125
1090
1155
1159
1330
1429
1449
1455
1316
1153
1003
926
996
1097
1260
1347
1334
1322
1206
1059
956
912
979
1130
1229
1346
1396
1336
1302
1169
1084
1037
1064
1138
1219
1301
1400
1340
1363
1364
1302
1260
1206
1208
1282
1299
1445
1440
1489
1537
1458
1369
1223
1118
1141
1200
1351
1437
1536
1480
1501
1331
1147
1002
987
1064
1201
1351
1482
1495
1463
1306
1133
1036
1010
1116
1291
1439
1477
1484
1407
1338
1196
1100
1097
1172
1293
1361
1442
1427
1360
1359
1246
1183
1140
1131
1174
1245
1244
1340
1320
1346
1396
1371
1304
1244
1197
1210
1256
1325
1356
1440
1452
1408
1276
1130
1023
1001
1109
1210
1383
1471
1475
1466
1310
1099
1035
979
1078
1247
1338
1495
1506
1386
1345
1212
1104
1067
1145
1278
1378
1497
1499
1427
1378
1276
1194
1166
1164
1219
1292
1332
1379
1347
1300
1383
1323
1264
1204
1160
1185
1251
1316
1409
1436
1453
1496
1350
1199
1069
1044
1104
1162
1297
1398
1421
1420
1298
1088
967
922
996
1158
1289
1454
1445
1390
1317
1154
1038
1004
1065
1203
1323
1398
1443
1340
1253
1216
1140
1138
1174
1264
1368
1415
1396
1376
1323
1348
1288
1278
1243
1225
1266
1322
1364
1409
1416
1424
1480
1376
1275
1185
1158
1203
1251
1384
1458
1484
1422
1374
1220
1108
1067
1116
1253
1348
1488
1483
1376
1290
1124
1000
911
1025
1163
1333
1370
1416
1314
1224
1176
1087
1080
1127
1221
1338
1384
1400
1330
1275
1211
1223
1197
1190
1196
1239
1275
1279
1343
1308
1261
1297
1240
1156
1106
1049
1131
1232
1272
1410
1396
1392
1347
1215
1112
1067
1128
1260
1428
1496
1517
1445
1286
1200
1076
1066
1093
1241
1420
1510
1501
1378
1242
1150
1040
1019
1094
1210
1356
1437
1413
1372
1294
1173
1175
1171
1194
1274
1329
1384
1407
1342
1334
1258
1201
1255
1218
1213
1211
1252
1312
1379
1331
1318
1268
1249
1140
1068
1049
1085
1202
1337
1424
1398
1328
1190
1162
1067
1056
1134
1244
1402
1504
1483
1352
1234
1044
1050
1044
1093
1249
1372
1457
1473
1393
1238
1161
1073
1160
1166
1294
1354
1398
1421
1382
1336
1286
1221
1266
1208
1251
1258
1253
1301
1352
1331
1350
1320
1231
1201
1162
1137
1172
1220
1346
1446
1447
1374
1278
1074
1047
997
1044
1148
1302
1416
1463
1366
1273
1078
980
1040
1102
1232
1350
1435
1491
1393
1275
1166
1074
1124
1162
1232
1313
1367
1385
1374
1332
1250
1213
1170
1209
1213
1213
1248
1257
1353
1411
1383
1412
1299
1240
1208
1166
1179
1242
1339
1453
1522
1477
1351
1172
1063
1065
1085
1199
1336
1480
1565
1532
1390
1244
1078
1070
1113
1217
1356
1465
1520
1498
1358
1253
1146
1050
1135
1218
1274
1349
1366
1372
1356
1246
1204
1163
1129
1208
1193
1203
1244
1279
1334
1308
1340
1266
1207
1055
1080
1067
1121
1216
1322
1448
1479
1368
1230
1112
1002
1061
1100
1239
1386
1510
1547
1463
1308
1071
1007
1057
1122
1251
1396
1474
1500
1445
1305
1194
1122
1068
1173
1254
1334
1397
1410
1418
1397
1331
1266
1210
1167
1202
1201
1252
1298
1335
1407
1459
1418
1333
1183
1034
1092
1094
1192
1341
1456
1551
1548
1407
1219
1027
916
1006
1114
1287
1470
1520
1553
1454
1253
1108
955
927
1110
1260
1442
1483
1475
1405
1274
1180
1035
1023
1076
1186
1304
1365
1413
1434
1430
1345
1284
1186
1088
1109
1125
1219
1335
1424
1514
1538
1444
1249
1080
955
1010
1089
1219
1451
1574
1623
1550
1346
1088
927
852
1014
1157
1416
1577
1648
1584
1460
1172
986
931
934
1160
1315
1447
1565
1534
1462
1325
1160
1030
1021
984
1184
1294
1403
1473
1468
1435
1356
1210
1079
998
955
1123
1264
1435
1611
1598
1568
1377
1155
963
855
845
1061
1325
1543
1691
1668
1503
1244
1014
834
861
976
1274
1506
1663
1663
1550
1342
1107
900
912
935
1082
1357
1545
1617
1606
1483
1331
1125
1091
983
1048
1205
1349
1508
1601
1609
1528
1403
1201
1049
940
954
1142
1311
1521
1664
1663
1521
1302
1016
878
810
905
1182
1427
1667
1756
1650
1408
1142
862
751
788
980
1325
1552
1675
1671
1494
1264
1064
865
860
958
1138
1392
1547
1623
1574
1426
1253
1054
968
898
931
1053
1306
1525
1624
1630
1523
1326
1122
903
883
907
1066
1363
1619
1747
1718
1527
1267
1035
872
827
968
1239
1530
1729
1755
1616
1339
1090
915
829
882
1078
1316
1596
1727
1681
1518
1291
1093
974
933
990
1147
1318
1539
1608
1621
1513
1334
1150
1006
935
939
1086
1281
1527
1638
1651
1528
1299
1066
890
803
857
1087
1356
1652
1757
1689
1480
1190
935
804
811
950
1234
1496
1703
1700
1589
1360
1117
935
903
905
1077
1306
1512
1623
1613
1487
1303
1127
1000
952
990
1080
1280
1449
1625
1646
1560
1360
1172
983
906
911
1032
1271
1496
1682
1684
1560
1315
1080
886
831
896
1125
1386
1578
1696
1605
1421
1175
979
854
900
1051
1281
1505
1632
1644
1547
1365
1146
1021
934
988
1081
1249
1454
1518
1565
1483
1358
1197
1071
976
988
1090
1239
1397
1521
1606
1539
1365
1185
1043
928
937
1086
1301
1511
1676
1676
1529
1312
1076
951
891
991
1173
1368
1555
1636
1565
1400
1235
1112
1043
1060
1133
1318
1418
1514
1498
1445
1320
1222
1150
1112
1097
1150
1234
1297
1357
1429
1386
1330
1253
1154
1077
1052
1063
1154
1275
1400
1492
1502
1432
1298
1190
1100
1053
1109
1210
1311
1457
1469
1442
1327
1197
1085
1084
1051
1111
1232
1354
1438
1421
1390
1316
1212
1173
1084
1116
1154
1255
1346
1435
1474
1415
1360
1308
1115
1106
1088
1126
1222
1351
1457
1468
1446
1361
1256
1145
1070
1076
1121
1259
1419
1507
1515
1458
1392
1235
1129
1106
1097
1216
1304
1415
1468
1450
1386
1308
1217
1153
1102
1112
1163
1228
1312
1366
1409
1400
1316
1234
1145
1081
1069
1122
1184
1297
1399
1408
1391
1314
1196
1068
1021
1037
1122
1250
1389
1509
1539
1475
1353
1211
1115
1071
1099
1185
1295
1391
1450
1458
1357
1288
1175
1091
1085
1108
1182
1262
1355
1422
1423
1376
1301
1171
1107
1069
1084
1147
1258
1369
1476
1516
1493
1368
1240
1097
1041
1052
1141
1261
1409
1507
1503
1432
1284
1128
1035
1030
1087
1205
1321
1434
1496
1467
1364
1225
1115
1065
1078
1188
1277
1369
1438
1445
1428
1326
1224
1150
1111
1118
1142
1220
1287
1350
1391
1381
1308
1230
1135
1075
1101
1116
1201
1306
1391
1435
1422
1346
1241
1169
1125
1151
1207
1312
1403
1448
1456
1366
1317
1222
1150
1148
1189
1256
1306
1347
1384
1362
1301
1264
1215
1195
1204
1285
1276
1291
1297
1305
1278
1284
1262
1244
1239
1209
1190
1237
1251
1274
1300
1315
1295
1289
1244
1224
1199
1209
1235
1259
1284
1290
1267
1227
1216
1188
1194
1211
1254
1297
1286
1271
1225
1196
1163
1186
1233
1275
1334
1354
1346
1291
1248
1225
1198
1223
1266
1301
1355
1375
1360
1301
1234
1236
1202
1212
1249
1293
1327
1355
1360
1369
1306
1274
1219
1220
1207
1224
1262
1292
1336
1364
1369
1344
1263
1229
1176
1118
1150
1187
1240
1320
1367
1394
1362
1302
1200
1143
1173
1183
1230
1309
1387
1412
1387
1338
1242
1164
1123
1159
1182
1268
1328
1382
1400
1361
1312
1257
1215
1192
1186
1193
1213
1248
1284
1334
1318
1331
1307
1255
1206
1172
1156
1155
1206
1277
1343
1401
1396
1351
1269
1177
1156
1134
1159
1214
1282
1348
1397
1383
1341
1268
1218
1185
1162
1174
1234
1254
1321
1341
1373
1358
1319
1291
1243
1208
1228
1175
1197
1247
1315
1377
1414
1392
1322
1268
1152
1088
1087
1116
1198
1306
1400
1457
1427
1366
1266
1161
1085
1089
1129
1195
1318
1404
1459
1433
1368
1282
1186
1114
1107
1102
1166
1264
1363
1415
1468
1430
1319
1258
1143
1063
1037
1123
1233
1358
1472
1532
1522
1395
1249
1103
1007
1013
1062
1244
1403
1535
1590
1535
1399
1241
1100
1028
1004
1109
1243
1400
1513
1542
1487
1364
1232
1112
1016
1007
1064
1182
1344
1434
1492
1477
1415
1283
1144
1056
1009
1036
1145
1299
1425
1521
1530
1436
1294
1147
1036
997
1034
1147
1292
1429
1497
1488
1424
1279
1145
1048
1034
1081
1146
1294
1397
1450
1440
1387
1286
1191
1136
1112
1126
1197
1263
1325
1374
1396
1360
1336
1258
1187
1174
1140
1164
1220
1285
1349
1379
1381
1338
1278
1229
1171
1174
1222
1235
1292
1335
1363
1348
1321
1291
1251
1188
1222
1239
1241
1266
1281
1290
1281
1301
1301
1297
1305
1292
1259
1225
1257
1196
1215
1242
1298
1332
1361
1350
1316
1270
1200
1142
1164
1182
1237
1300
1341
1360
1333
1296
1227
1211
1153
1153
1151
1235
1290
1328
1374
1377
1362
1315
1250
1203
1154
1162
1189
1246
1325
1338
1404
1392
1335
1242
1158
1096
1078
1144
1196
1285
1360
1402
1395
1323
1243
1173
1131
1118
1157
1233
1319
1388
1436
1387
1364
1305
1205
1163
1133
1149
1183
1274
1336
1379
1398
1380
1339
1241
1188
1141
1134
1175
1236
1320
1392
1392
1422
1343
1263
1144
1108
1101
1152
1232
1320
1404
1438
1422
1357
1268
1191
1134
1135
1181
1238
1330
1373
1398
1382
1345
1289
1193
1162
1125
1156
1182
1243
1301
1329
1355
1360
1332
1265
1193
1160
1143
1169
1238
1302
1362
1393
1402
1344
1269
1215
1159
1152
1235
1249
1318
1345
1390
1330
1300
1271
1221
1208
1191
1211
1231
1249
1264
1263
1277
1283
1307
1288
1278
1256
1221
1224
1195
1212
1248
1270
1324
1331
1350
1316
1293
1257
1197
1195
1200
1233
1274
1292
1325
1330
1315
1270
1250
1235
1208
1202
1183
1211
1246
1262
1317
1345
1370
1351
1284
1241
1181
1138
1133
1167
1242
1320
1393
1422
1387
1321
1216
1134
1076
1089
1195
1265
1353
1421
1450
1417
1340
1248
1142
1122
1114
1161
1235
1317
1396
1432
1436
1400
1304
1195
1112
1049
1070
1144
1258
1368
1462
1521
1467
1363
1235
1095
1038
1037
1113
1241
1375
1480
1513
1462
1355
1201
1109
1056
1063
1145
1262
1384
1444
1469
1426
1326
1225
1140
1101
1120
1160
1232
1311
1378
1398
1414
1351
1282
1206
1129
1131
1126
1172
1267
1330
1387
1400
1374
1287
1195
1147
1119
1122
1208
1280
1357
1391
1395
1314
1237
1174
1137
1135
1228
1264
1319
1345
1373
1285
1252
1220
1197
1205
1246
1283
1291
1319
1318
1283
1284
1265
1257
1252
1251
1265
1283
1291
1309
1301
1298
1284
1265
1231
1213
1209
1223
1261
1305
1337
1344
1347
1307
1234
1191
1162
1173
1235
1297
1365
1390
1375
1303
1249
1169
1139
1149
1198
1277
1350
1401
1398
1349
1308
1204
1170
1149
1150
1230
1256
1335
1361
1359
1323
1276
1248
1211
1186
1196
1213
1232
1299
1334
1361
1371
1329
1277
1207
1167
1143
1175
1216
1291
1409
1406
1386
1326
1253
1156
1135
1144
1206
1277
1357
1382
1412
1379
1300
1182
1146
1134
1168
1215
1282
1327
1359
1359
1348
1287
1233
1186
1172
1162
1193
1223
1275
1317
1349
1357
1332
1283
1238
1163
1144
1162
1212
1284
1351
1401
1405
1368
1272
1212
1147
1125
1148
1232
1306
1383
1403
1385
1336
1267
1208
1173
1175
1191
1247
1307
1316
1330
1317
1301
1261
1250
1244
1244
1245
1238
1243
1261
1270
1316
1333
1319
1307
1280
1258
1227
1229
1234
1265
1348
1334
1338
1309
1269
1226
1220
1243
1253
1280
1306
1315
1303
1248
1236
1212
1212
1234
1272
1308
1330
1317
1279
1248
1223
1200
1213
1241
1271
1289
1310
1301
1305
1262
1233
1218
1217
1222
1227
1171
1249
1262
1279
1291
1299
1291
1240
1242
1199
1211
1216
1247
1301
1337
1373
1360
1337
1269
1209
1171
1163
1217
1244
1279
1349
1340
1337
1284
1227
1194
1179
1190
1233
1256
1288
1304
1307
1286
1275
1263
1263
1248
1251
1231
1244
1254
1278
1294
1325
1328
1331
1302
1260
1238
1206
1222
1268
1288
1334
1341
1348
1312
1276
1230
1212
1206
1235
1259
1299
1323
1319
1303
1279
1243
1254
1249
1252
1258
1261
1259
1247
1262
1277
1291
1302
1300
1293
1264
1245
1206
1202
1218
1250
1277
1318
1317
1305
1230
1223
1197
1189
1188
1228
1291
1315
1331
1307
1263
1246
1215
1183
1229
1244
1258
1282
1295
1283
1271
1262
1255
1240
1275
1255
1262
1237
1266
1253
1283
1314
1311
1293
1272
1245
1211
1200
1217
1232
1297
1335
1357
1338
1302
1259
1207
1185
1211
1235
1300
1329
1357
1335
1307
1271
1230
1200
1215
1214
1247
1282
1309
1316
1311
1292
1272
1228
1233
1208
1189
1199
1208
1259
1302
1333
1391
1306
1310
1250
1204
1167
1164
1202
1244
1303
1345
1371
1346
1299
1250
1205
1184
1202
1238
1291
1327
1349
1347
1321
1309
1266
1247
1244
1251
1275
1269
1272
1265
1270
1294
1281
1280
1316
1270
1281
1247
1242
1221
1216
1256
1261
1275
1269
1246
1246
1248
1250
1263
1248
1256
1243
1239
1234
1256
1241
1263
1299
1296
1304
1287
1264
1224
1219
1244
1234
1262
1296
1316
1321
1308
1273
1233
1219
1229
1246
1267
1292
1305
1293
1289
1230
1254
1245
1242
1252
1255
1259
1258
1253
1255
1244
1262
1258
1256
1271
1250
1253
1262
1257
1263
1265
1286
1280
1293
1298
1288
1267
1287
1295
1296
1315
1316
1310
1290
1270
1257
1257
1268
1290
1297
1341
1313
1298
1263
1235
1219
1216
1246
1302
1304
1319
1308
1286
1239
1223
1209
1208
1225
1272
1277
1314
1309
1306
1273
1272
1250
1225
1178
1219
1227
1237
1272
1291
1332
1327
1325
1295
1271
1218
1187
1200
1222
1271
1324
1356
1357
1347
1283
1231
1139
1168
1175
1212
1268
1330
1360
1353
1339
1295
1239
1176
1168
1173
1196
1237
1321
1331
1355
1337
1320
1279
1216
1173
1181
1165
1200
1260
1326
1373
1395
1386
1325
1262
1217
1181
1176
1221
1286
1321
1389
1394
1366
1313
1251
1230
1169
1172
1215
1246
1288
1319
1330
1324
1308
1284
1250
1223
1167
1195
1205
1243
1272
1315
1311
1320
1297
1273
1225
1213
1195
1210
1228
1304
1330
1343
1342
1307
1271
1236
1217
1211
1215
1277
1296
1319
1322
1303
1288
1260
1243
1219
1230
1245
1257
1257
1300
1304
1303
1292
1272
1252
1237
1218
1213
1230
1252
1280
1304
1349
1323
1295
1255
1255
1190
1173
1190
1225
1257
1310
1359
1346
1323
1278
1233
1191
1161
1170
1191
1239
1272
1311
1299
1337
1325
1280
1263
1242
1191
1193
1198
1230
1262
1321
1358
1378
1361
1320
1275
1227
1192
1183
1188
1238
1289
1332
1352
1367
1308
1269
1227
1162
1201
1216
1239
1272
1315
1315
1313
1315
1316
1279
1263
1245
1245
1253
1231
1266
1280
1260
1293
1276
1266
1235
1212
1242
1244
1259
1276
1288
1303
1297
1283
1253
1219
1205
1208
1228
1263
1308
1315
1330
1312
1307
1243
1209
1193
1189
1215
1279
1286
1336
1350
1345
1319
1284
1222
1202
1167
1180
1219
1256
1277
1322
1338
1342
1314
1280
1237
1189
1168
1160
1189
1226
1290
1340
1369
1371
1340
1302
1254
1199
1174
1169
1191
1233
1276
1322
1347
1380
1280
1302
1257
1214
1185
1158
1180
1219
1279
1322
1388
1380
1360
1324
1270
1175
1174
1168
1193
1246
1272
1321
1343
1364
1370
1311
1264
1236
1198
1184
1208
1255
1271
1316
1346
1346
1311
1302
1259
1193
1170
1188
1205
1238
1277
1327
1335
1347
1331
1286
1244
1210
1188
1193
1241
1276
1307
1340
1346
1331
1302
1263
1223
1191
1192
1223
1251
1291
1306
1342
1332
1316
1251
1240
1210
1218
1192
1216
1264
1299
1331
1346
1335
1326
1222
1218
1199
1184
1225
1267
1334
1338
1338
1325
1283
1240
1210
1176
1185
1209
1251
1287
1341
1362
1348
1311
1260
1226
1185
1182
1205
1232
1282
1354
1343
1346
1309
1283
1223
1198
1195
1202
1219
1255
1269
1317
1335
1326
1309
1302
1238
1221
1220
1227
1240
1274
1292
1302
1308
1323
1286
1263
1245
1248
1253
1269
1280
1288
1303
1283
1285
1288
1265
1290
1298
1294
1286
1269
1257
1236
1231
1185
1262
1289
1305
1322
1333
1303
1273
1248
1225
1224
1229
1250
1288
1314
1316
1333
1316
1286
1243
1202
1195
1191
1223
1319
1313
1346
1324
1324
1290
1248
1221
1193
1188
1217
1260
1297
1323
1346
1317
1292
1246
1225
1180
1173
1197
1219
1259
1288
1319
1317
1291
1266
1229
1214
1212
1227
1244
1287
1298
1305
1317
1270
1257
1242
1227
1233
1259
1266
1286
1289
1298
1270
1262
1252
1235
1235
1238
1262
1277
1293
1302
1307
1304
1290
1275
1267
1257
1259
1258
1275
1278
1302
1287
1277
1283
1291
1294
1284
1280
1283
1276
1267
1264
1234
1240
1220
1251
1267
1295
1309
1309
1299
1329
1252
1226
1201
1203
1197
1258
1302
1327
1339
1325
1305
1264
1215
1200
1179
1196
1226
1244
1315
1336
1344
1324
1288
1256
1232
1212
1203
1200
1244
1275
1293
1313
1351
1305
1288
1264
1250
1243
1237
1248
1255
1271
1263
1266
1272
1266
1279
1269
1299
1301
1274
1271
1243
1231
1216
1221
1226
1257
1293
1317
1339
1337
1301
1267
1240
1196
1178
1194
1234
1275
1304
1377
1372
1344
1294
1234
1180
1159
1178
1207
1259
1323
1378
1383
1367
1329
1257
1202
1197
1148
1177
1221
1289
1332
1385
1388
1339
1281
1218
1171
1153
1173
1220
1279
1338
1373
1380
1348
1295
1228
1179
1162
1161
1221
1275
1298
1354
1354
1337
1288
1245
1206
1188
1197
1221
1266
1305
1313
1351
1334
1305
1264
1229
1208
1203
1225
1232
1290
1319
1329
1315
1281
1253
1225
1211
1216
1235
1266
1307
1313
1319
1251
1283
1253
1232
1223
1226
1249
1267
1298
1342
1313
1305
1283
1266
1223
1241
1254
1257
1273
1286
1300
1290
1279
1261
1234
1225
1223
1231
1249
1271
1297
1315
1306
1294
1267
1240
1218
1209
1213
1241
1273
1308
1327
1335
1322
1298
1264
1245
1200
1204
1225
1256
1301
1317
1330
1315
1306
1258
1267
1228
1214
1218
1226
1249
1258
1292
1300
1292
1298
1281
1263
1246
1235
1229
1214
1248
1268
1280
1293
1294
1307
1318
1292
1282
1268
1263
1252
1247
1252
1223
1265
1276
1316
1311
1299
1308
1277
1255
1253
1240
1205
1215
1254
1286
1322
1363
1327
1320
1299
1245
1203
1187
1203
1237
1278
1326
1358
1364
1344
1306
1250
1206
1183
1181
1206
1240
1283
1316
1339
1336
1299
1276
1217
1182
1163
1166
1235
1265
1315
1347
1337
1332
1283
1233
1182
1162
1150
1214
1267
1309
1344
1342
1323
1283
1249
1217
1224
1214
1238
1277
1286
1315
1321
1303
1284
1259
1249
1240
1235
1265
1296
1309
1314
1306
1296
1272
1279
1253
1254
1265
1288
1317
1318
1315
1304
1266
1229
1247
1207
1218
1237
1274
1299
1326
1340
1305
1291
1238
1204
1194
1208
1234
1262
1293
1311
1313
1293
1269
1249
1228
1225
1245
1256
1260
1290
1302
1297
1295
1273
1274
1263
1252
1254
1255
1259
1262
1242
1261
1256
1255
1259
1254
1262
1270
1277
1245
1281
1275
1232
1247
1228
1240
1245
1271
1287
1305
1307
1294
1284
1257
1217
1221
1240
1243
1264
1287
1308
1309
1304
1291
1265
1248
1230
1243
1239
1267
1291
1290
1293
1276
1282
1261
1253
1255
1249
1263
1274
1279
1290
1283
1315
1260
1255
1273
1266
1266
1262
1279
1283
1294
1298
1285
1270
1258
1246
1242
1244
1256
1261
1274
1280
1277
1273
1249
1242
1230
1241
1243
1261
1288
1278
1282
1276
1284
1272
1279
1274
1278
1277
1274
1270
1268
1242
1272
1236
1292
1308
1305
1296
1275
1276
1244
1239
1245
1254
1267
1280
1298
1303
1282
1282
1263
1238
1231
1235
1255
1263
1288
1311
1321
1317
1296
1272
1237
1218
1220
1219
1237
1265
1283
1308
1317
1306
1260
1238
1212
1193
1195
1219
1264
1288
1321
1362
1321
1323
1257
1227
1208
1214
1241
1267
1279
1318
1331
1324
1302
1274
1243
1237
1235
1256
1284
1297
1315
1315
1307
1270
1261
1244
1237
1237
1248
1282
1303
1323
1317
1310
1288
1249
1228
1213
1208
1233
1264
1299
1324
1326
1316
1278
1257
1212
1208
1217
1232
1266
1291
1318
1326
1321
1298
1274
1239
1229
1225
1233
1246
1249
1324
1312
1300
1304
1293
1259
1251
1250
1235
1246
1254
1271
1285
1300
1329
1233
1272
1257
1244
1242
1234
1245
1252
1269
1318
1292
1298
1287
1280
1265
1261
1255
1245
1243
1247
1255
1252
1284
1297
1269
1297
1287
1271
1251
1226
1233
1225
1257
1253
1309
1318
1330
1300
1267
1242
1213
1209
1214
1234
1259
1286
1305
1320
1303
1299
1269
1242
1230
1218
1221
1233
1269
1283
1285
1322
1307
1289
1268
1239
1242
1239
1247
1266
1278
1301
1307
1302
1300
1268
1252
1237
1242
1245
1259
1269
1289
1313
1285
1273
1256
1248
1240
1244
1260
1273
1284
1293
1296
1287
1255
1271
1254
1252
1256
1264
1274
1280
1287
1271
1281
1266
1264
1255
1255
1262
1269
1284
1287
1297
1287
1283
1275
1267
1252
1259
1263
1277
1248
1307
1307
1295
1285
1261
1260
1240
1250
1257
1243
1275
1276
1275
1266
1267
1257
1241
1245
1255
1268
1278
1271
1279
1273
1267
1249
1233
1230
1226
1232
1261
1281
1291
1297
1292
1280
1266
1247
1208
1224
1229
1243
1267
1286
1308
1298
1285
1326
1277
1256
1241
1249
1236
1253
1282
1295
1299
1310
1304
1285
1272
1290
1234
1240
1249
1259
1260
1284
1293
1284
1293
1280
1277
1268
1258
1260
1256
1264
1265
1272
1274
1291
1277
1269
1267
1261
1254
1264
1263
1273
1274
1266
1270
1262
1266
1243
1266
1261
1261
1263
1270
1270
1264
1267
1265
1261
1259
1263
1264
1268
1260
1258
1265
1252
1265
1266
1273
1270
1311
1294
1279
1266
1257
1247
1240
1245
1254
1212
1274
1274
1285
1288
1283
1280
1265
1270
1294
1248
1251
1252
1260
1259
1277
1291
1287
1282
1283
1278
1266
1260
1219
1216
1237
1245
1251
1260
1260
1266
1269
1271
1248
1282
1276
1253
1251
1247
1243
1241
1256
1261
1281
1284
1290
1295
1290
1273
1263
1250
1239
1229
1238
1249
1254
1282
1279
1312
1302
1287
1271
1247
1239
1232
1234
1240
1251
1270
1287
1282
1282
1266
1261
1249
1218
1241
1246
1265
1269
1269
1317
1288
1279
1257
1243
1225
1228
1243
1255
1269
1286
1306
1286
1273
1254
1233
1229
1240
1243
1243
1274
1294
1289
1295
1324
1273
1259
1246
1230
1239
1249
1260
1284
1298
1310
1294
1285
1269
1258
1234
1227
1197
1242
1265
1289
1280
1264
1267
1243
1244
1230
1226
1237
1246
1296
1277
1265
1288
1279
1279
1256
1249
1231
1225
1268
1247
1273
1293
1293
1290
1275
1263
1243
1232
1226
1229
1239
1256
1273
1292
1272
1286
1278
1267
1256
1233
1231
1224
1240
1298
1284
1297
1301
1306
1298
1288
1277
1266
1252
1252
1255
1257
1260
1271
1262
1265
1261
1262
1252
1253
1248
1241
1250
1253
1253
1256
1254
1255
1250
1250
1247
1258
1264
1265
1273
1267
1258
1274
1267
1266
1265
1295
1258
1254
1257
1252
1257
1245
1271
1272
1264
1263
1261
1254
1250
1251
1253
1255
1262
1263
1268
1276
1263
1261
1247
1261
1267
1268
1277
1270
1278
1289
1278
1252
1263
1255
1245
1249
1256
1206
1260
1272
1282
1280
1275
1264
1270
1238
1273
1229
1241
1245
1266
1261
1293
1300
1277
1265
1254
1246
1237
1243
1254
1244
1278
1284
1287
1284
1270
1265
1248
1248
1241
1259
1246
1267
1272
1272
1278
1273
1273
1269
1264
1256
1256
1262
1262
1253
1266
1263
1266
1267
1267
1267
1257
1271
1260
1276
1277
1269
1266
1257
1257
1256
1266
1268
1278
1296
1282
1277
1271
1251
1255
1239
1259
1270
1275
1285
1281
1283
1294
1269
1260
1254
1252
1260
1275
1266
1289
1289
1284
1271
1271
1252
1246
1238
1247
1280
1273
1282
1284
1285
1300
1272
1268
1254
1251
1245
1248
1252
1262
1264
1285
1279
1274
1268
1260
1259
1256
1248
1253
1236
1264
1263
1235
1257
1246
1252
1252
1272
1279
1277
1278
1267
1251
1253
1242
1252
1255
1272
1276
1273
1281
1274
1279
1259
1275
1274
1262
1253
1249
1280
1272
1279
1288
1291
1297
1274
1280
1274
1252
1253
1259
1264
1272
1265
1281
1276
1273
1298
1268
1244
1261
1258
1259
1266
1273
1270
1269
1267
1267
1251
1276
1278
1264
1270
1265
1260
1252
1250
1259
1248
1264
1277
1281
1277
1297
1271
1261
1256
1248
1247
1251
1256
1267
1270
1271
1276
1277
1280
1272
1274
1267
1259
1262
1246
1271
1263
1288
1291
1284
1276
1268
1258
1255
1255
1256
1262
1250
1277
1273
1271
1260
1250
1245
1267
1256
1253
1262
1254
1264
1262
1265
1272
1261
1262
1264
1267
1272
1194
1269
1272
1277
1281
1272
1271
1265
1267
1319
1275
1276
1279
1282
1278
1275
1266
1259
1255
1253
1257
1259
1274
1263
1280
1285
1265
1278
1263
1253
1249
1249
1256
1255
1280
1286
1297
1278
1266
1269
1272
1288
1268
1263
1269
1267
1278
1270
1259
1255
1278
1255
1254
1256
1266
1263
1278
1265
1286
1280
1273
1275
1266
1267
1254
1280
1286
1293
1292
1280
1268
1261
1248
1254
1262
1269
1284
1289
1295
1276
1270
1272
1243
1242
1243
1258
1268
1286
1301
1297
1301
1280
1263
1240
1240
1241
1235
1248
1292
1275
1278
1283
1284
1270
1267
1263
1254
1225
1244
1252
1237
1280
1290
1292
1284
1268
1261
1256
1241
1245
1232
1259
1248
1283
1282
1298
1276
1265
1270
1257
1272
1266
1265
1269
1267
1267
1274
1257
1284
1286
1287
1272
1263
1257
1243
1257
1229
1257
1271
1271
1278
1286
1276
1269
1263
1260
1259
1252
1255
1260
1265
1243
1268
1275
1281
1272
1275
1250
1260
1254
1284
1256
1268
1269
1285
1291
1295
1269
1280
1259
1248
1234
1236
1247
1267
1271
1286
1296
1291
1275
1267
1233
1227
1231
1243
1250
1261
1277
1285
1284
1290
1284
1280
1265
1254
1248
1242
1258
1270
1282
1300
1302
1297
1284
1267
1253
1231
1244
1230
1268
1278
1287
1293
1284
1263
1266
1256
1246
1247
1248
1258
1264
1281
1276
1279
1270
1279
1275
1262
1262
1245
1246
1258
1256
1269
1276
1279
1280
1278
1270
1221
1250
1251
1253
1264
1263
1274
1271
1271
1315
1275
1293
1273
1270
1258
1269
1282
1273
1271
1278
1283
1282
1284
1290
1270
1275
1265
1261
1247
1264
1271
1277
1285
1274
1283
1271
1257
1250
1245
1255
1263
1248
1281
1279
1281
1265
1259
1260
1250
1258
1268
1287
1281
1272
1278
1237
1259
1244
1263
1267
1262
1255
1272
1275
1278
1285
1294
1285
1275
1262
1256
1240
1246
1263
1279
1288
1309
1309
1286
1251
1239
1247
1232
1245
1259
1281
1294
1300
1294
1278
1254
1234
1225
1225
1234
1258
1272
1285
1315
1296
1283
1272
1256
1236
1242
1256
1257
1266
1280
1288
1293
1298
1292
1278
1255
1246
1247
1245
1250
1271
1277
1293
1280
1311
1289
1266
1265
1252
1260
1259
1282
1285
1287
1289
1280
1278
1274
1263
1274
1270
1269
1267
1258
1267
1258
1271
1257
1285
1311
1284
1274
1257
1244
1248
1248
1256
1266
1281
1285
1284
1267
1240
1249
1244
1242
1229
1258
1263
1270
1278
1311
1284
1282
1261
1255
1237
1241
1253
1254
1269
1295
1303
1308
1288
1283
1251
1230
1219
1225
1236
1261
1291
1301
1312
1315
1286
1255
1226
1210
1215
1244
1266
1276
1314
1313
1306
1277
1257
1236
1222
1222
1239
1258
1280
1291
1310
1299
1297
1259
1257
1249
1230
1234
1246
1271
1293
1318
1320
1301
1279
1249
1223
1220
1222
1243
1256
1305
1323
1315
1303
1251
1249
1236
1227
1232
1250
1275
1300
1293
1300
1254
1265
1255
1245
1240
1253
1260
1265
1280
1336
1293
1284
1266
1260
1236
1238
1255
1258
1270
1263
1319
1296
1286
1279
1260
1241
1236
1242
1255
1280
1283
1287
1296
1290
1291
1256
1238
1238
1237
1260
1273
1284
1288
1285
1282
1265
1260
1256
1251
1264
1274
1283
1285
1281
1282
1264
1273
1247
1269
1275
1267
1271
1266
1269
1254
1262
1239
1260
1261
1262
1270
1269
1266
1268
1266
1264
1234
1250
1246
1239
1248
1269
1276
1288
1288
1282
1274
1253
1237
1231
1233
1242
1264
1278
1293
1296
1281
1270
1283
1233
1229
1240
1252
1258
1293
1310
1302
1298
1278
1262
1240
1237
1240
1226
1261
1278
1302
1307
1302
1295
1274
1255
1242
1231
1243
1254
1275
1290
1311
1297
1300
1278
1253
1243
1225
1247
1243
1260
1281
1295
1298
1285
1264
1248
1227
1226
1199
1245
1283
1270
1285
1280
1278
1272
1271
1252
1247
1248
1278
1263
1277
1268
1286
1283
1275
1287
1256
1249
1244
1251
1282
1265
1284
1274
1279
1260
1259
1256
1248
1229
1251
1268
1268
1276
1278
1264
1257
1248
1250
1248
1225
1261
1269
1268
1290
1300
1273
1267
1266
1262
1254
1263
1263
1270
1273
1288
1274
1277
1274
1268
1277
1261
1259
1255
1251
1275
1253
1268
1262
1282
1281
1273
1271
1260
1260
1256
1265
1258
1264
1260
1270
1275
1277
1269
1266
1220
1260
1230
1244
1242
1244
1259
1267
1278
1282
1279
1265
1245
1243
1250
1222
1239
1251
1271
1285
1286
1284
1276
1260
1285
1248
1248
1243
1262
1243
1283
1299
1295
1286
1276
1267
1255
1245
1244
1243
1258
1267
1282
1283
1282
1285
1262
1255
1265
1209
1251
1259
1270
1276
1293
1291
1280
1267
1255
1238
1241
1243
1243
1250
1271
1275
1278
1273
1283
1266
1250
1254
1234
1261
1272
1269
1275
1279
1275
1266
1271
1262
1258
1259
1259
1258
1269
1266
1271
1269
1272
1269
1262
1255
1243
1279
1245
1270
1279
1276
1276
1265
1268
1268
1268
1268
1273
1271
1267
1265
1264
1268
1252
1293
1261
1268
1271
1266
1267
1260
1270
1249
1257
1257
1263
1267
1281
1280
1260
1275
1265
1270
1257
1249
1255
1230
1265
1282
1279
1288
1285
1278
1267
1255
1250
1255
1254
1260
1272
1283
1298
1298
1268
1277
1267
1256
1248
1245
1255
1261
1280
1253
1300
1294
1279
1264
1244
1242
1234
1237
1254
1271
1281
1290
1290
1280
1253
1252
1255
1252
1248
1258
1270
1271
1295
1298
1291
1277
1264
1251
1241
1248
1269
1268
1284
1304
1299
1290
1281
1270
1251
1253
1257
1283
1287
1295
1301
1293
1291
1295
1263
1256
1247
1257
1262
1281
1297
1302
1317
1287
1269
1246
1240
1240
1241
1256
1268
1283
1297
1286
1277
1253
1248
1231
1234
1242
1257
1275
1285
1294
1268
1289
1252
1252
1250
1249
1253
1266
1269
1292
1241
1290
1282
1267
1260
1242
1252
1249
1265
1280
1281
1289
1279
1301
1270
1250
1249
1250
1263
1265
1274
1286
1281
1278
1294
1264
1260
1225
1250
1249
1263
1286
1289
1288
1286
1269
1258
1250
1253
1237
1262
1272
1307
1286
1282
1283
1265
1261
1278
1268
1253
1253
1263
1268
1279
1287
1284
1272
1270
1257
1246
1247
1255
1255
1267
1278
1282
1274
1278
1270
1249
1255
1229
1257
1264
1267
1269
1271
1275
1268
1269
1267
1269
1265
1238
1266
1270
1262
1266
1292
1271
1272
1268
1267
1262
1272
1262
1277
1277
1291
1275
1267
1271
1268
1271
1268
1269
1276
1274
1273
1277
1246
1259
1301
1266
1260
1263
1266
1266
1272
1291
1275
1272
1260
1259
1248
1257
1258
1233
1265
1270
1255
1279
1274
1276
1264
1264
1285
1264
1269
1266
1262
1283
1283
1288
1287
1292
1262
1265
1258
1256
1263
1220
1272
1270
1274
1289
1273
1274
1260
1251
1209
1254
1257
1258
1270
1269
1278
1252
1280
1274
1264
1266
1261
1261
1260
1248
1262
1292
1279
1279
1267
1272
1256
1249
1246
1250
1259
1270
1267
1268
1282
1262
1270
1264
1258
1258
1252
1255
1269
1259
1273
1275
1280
1278
1265
1268
1255
1262
1289
1272
1276
1274
1281
1279
1281
1284
1283
1261
1264
1262
1259
1267
1280
1277
1280
1273
1281
1267
1253
1263
1241
1250
1250
1266
1274
1271
1268
1266
1258
1250
1248
1238
1243
1253
1247
1255
1261
1259
1255
1209
1259
1256
1246
1250
1235
1251
1248
1266
1274
1281
1280
1273
1273
1264
1243
1256
1262
1269
1280
1280
1284
1275
1274
1275
1268
1264
1263
1276
1269
1274
1285
1242
1274
1261
1257
1251
1255
1256
1238
1256
1263
1253
1261
1255
1261
1249
1255
1305
1256
1251
1246
1257
1255
1268
1272
1271
1261
1260
1257
1246
1251
1257
1250
1267
1275
1295
1280
1270
1265
1249
1255
1251
1266
1299
1256
1279
1278
1278
1242
1274
1262
1261
1259
1260
1263
1266
1265
1271
1278
1275
1268
1258
1254
1252
1246
1229
1278
1268
1267
1268
1262
1259
1246
1240
1235
1241
1248
1254
1265
1272
1271
1266
1272
1264
1260
1253
1260
1253
1266
1284
1277
1276
1276
1273
1269
1260
1272
1206
1265
1264
1301
1295
1273
1272
1264
1274
1301
1261
1260
1257
1263
1258
1267
1281
1273
1273
1271
1264
1239
1260
1262
1240
1282
1270
1273
1271
1260
1261
1253
1253
1227
1260
1260
1260
1263
1261
1260
1257
1269
1271
1277
1275
1267
1276
1268
1255
1266
1281
1277
1283
1286
1297
1278
1276
1264
1270
1268
1258
1261
1261
1269
1273
1298
1273
1270
1268
1255
1254
1233
1236
1244
1249
1262
1271
1273
1276
1240
1261
1274
1246
1243
1243
1257
1254
1289
1309
1289
1277
1269
1255
1246
1239
1245
1247
1254
1271
1291
1287
1282
1280
1261
1264
1240
1255
1254
1263
1261
1283
1297
1301
1301
1292
1287
1271
1267
1259
1234
1257
1267
1237
1292
1293
1286
1277
1243
1272
1221
1248
1251
1259
1269
1301
1281
1276
1244
1257
1255
1246
1239
1236
1227
1245
1263
1276
1299
1294
1279
1273
1255
1250
1255
1247
1253
1263
1273
1277
1289
1292
1276
1286
1266
1259
1255
1259
1268
1271
1282
1320
1293
1290
1277
1272
1261
1266
1272
1270
1249
1271
1280
1275
1277
1277
1257
1259
1260
1267
1257
1262
1273
1261
1242
1259
1272
1271
1261
1267
1259
1262
1259
1263
1273
1268
1269
1265
1267
1273
1264
1267
1266
1267
1271
1258
1258
1246
1261
1261
1276
1273
1278
1276
1271
1265
1258
1256
1255
1260
1271
1294
1283
1288
1286
1277
1287
1263
1255
1246
1258
1252
1272
1294
1293
1292
1283
1272
1252
1250
1259
1176
1262
1274
1294
1285
1293
1280
1265
1257
1293
1264
1259
1266
1274
1290
1286
1289
1280
1271
1263
1243
1252
1258
1268
1243
1282
1284
1256
1268
1260
1260
1249
1255
1235
1271
1278
1285
1268
1277
1272
1255
1251
1245
1248
1255
1262
1274
1282
1277
1280
1273
1268
1284
1255
1250
1254
1264
1268
1290
1288
1276
1256
1258
1256
1251
1252
1252
1266
1267
1274
1274
1279
1265
1262
1258
1253
1251
1247
1268
1257
1274
1301
1276
1278
1260
1268
1255
1263
1269
1273
1271
1276
1275
1270
1262
1264
1254
1254
1270
1274
1265
1266
1271
1262
1236
1257
1259
1260
1262
1268
1269
1272
1272
1266
1271
1260
1261
1262
1264
1266
1264
1264
1229
1274
1276
1272
1277
1272
1267
1271
1291
1283
1284
1287
1280
1275
1286
1242
1270
1269
1273
1262
1277
1278
1266
1264
1277
1249
1270
1248
1253
1249
1272
1282
1269
1270
1260
1251
1239
1243
1252
1249
1248
1277
1292
1288
1290
1269
1249
1249
1275
1250
1263
1265
1278
1282
1288
1292
1278
1271
1262
1264
1258
1269
1278
1279
1290
1299
1274
1291
1281
1271
1253
1256
1257
1266
1260
1280
1288
1279
1275
1266
1261
1255
1247
1248
1257
1260
1265
1265
1264
1259
1256
1258
1253
1251
1246
1255
1244
1266
1273
1268
1274
1264
1269
1264
1263
1257
1265
1264
1269
1274
1281
1279
1286
1278
1267
1260
1250
1259
1253
1274
1292
1286
1284
1275
1273
1262
1263
1265
1208
1264
1248
1273
1274
1252
1293
1269
1263
1309
1268
1263
1254
1262
1248
1262
1276
1270
1276
1279
1276
1272
1270
1266
1247
1263
1268
1265
1275
1278
1284
1275
1274
1267
1278
1272
1269
1265
1258
1259
1259
1269
1280
1287
1291
1282
1279
1268
1247
1243
1248
1255
1261
1253
1280
1276
1279
1262
1265
1258
1243
1241
1238
1267
1265
1274
1278
1282
1280
1260
1260
1251
1239
1242
1245
1254
1242
1260
1282
1280
1282
1300
1268
1259
1250
1250
1248
1270
1284
1289
1289
1313
1275
1262
1254
1250
1250
1280
1279
1287
1292
1290
1287
1254
1263
1260
1250
1256
1261
1271
1274
1268
1279
1282
1274
1265
1260
1258
1255
1259
1257
1266
1238
1265
1286
1276
1272
1248
1249
1233
1250
1254
1263
1255
1276
1280
1276
1251
1266
1257
1252
1256
1258
1270
1268
1271
1277
1287
1291
1274
1273
1261
1268
1273
1269
1270
1271
1273
1299
1280
1282
1248
1266
1260
1261
1258
1252
1260
1260
1270
1306
1282
1283
1281
1270
1255
1270
1272
1269
1272
1271
1273
1274
1280
1279
1268
1269
1264
1264
1252
1241
1253
1245
1255
1249
1267
1276
1275
1273
1266
1268
1253
1261
1260
1269
1283
1281
1264
1278
1269
1271
1269
1265
1267
1268
1279
1266
1276
1261
1275
1277
1272
1268
1255
1259
1257
1266
1252
1269
1291
1276
1272
1270
1263
1257
1266
1259
1278
1261
1268
1270
1279
1318
1276
1274
1247
1263
1261
1267
1271
1214
1273
1272
1279
1277
1274
1276
1269
1266
1311
1275
1270
1261
1270
1262
1272
1276
1290
1267
1263
1264
1260
1259
1262
1237
1269
1267
1267
1270
1261
1260
1251
1256
1242
1222
1275
1273
1276
1269
1290
1272
1277
1272
1278
1282
1272
1275
1278
1268
1274
1279
1282
1285
1274
1271
1260
1263
1246
1267
1266
1262
1266
1263
1272
1266
1269
1267
1266
1259
1256
1258
1239
1256
1263
1269
1273
1273
1267
1294
1257
1264
1266
1266
1268
1255
1268
1298
1271
1282
1280
1273
1279
1278
1275
1276
1276
1269
1277
1315
1282
1283
1301
1283
1268
1281
1287
1283
1279
1280
1280
1271
1270
1273
1276
1272
1296
1281
1272
1250
1272
1264
1268
1239
1270
1269
1262
1262
1258
1264
1256
1272
1275
1254
1273
1257
1260
1255
1253
1267
1266
1269
1276
1269
1274
1265
1264
1267
1265
1269
1265
1270
1267
1274
1274
1295
1264
1273
1267
1265
1265
1292
1254
1269
1275
1278
1283
1273
1276
1264
1267
1290
1263
1274
1267
1272
1275
1279
1286
1278
1270
1267
1260
1226
1270
1263
1258
1270
1276
1280
1273
1270
1268
1261
1263
1267
1261
1266
1278
1271
1269
1275
1270
1274
1269
1267
1267
1263
1265
1266
1260
1259
1261
