1687
1723
1719
1667
1672
1667
1663
1669
1670
1669
1673
1666
1685
1667
1659
1661
1670
1669
1663
1670
1662
1637
1666
1667
1663
1668
1671
1669
1677
1652
1660
1690
1688
1672
1674
1673
1673
1662
1674
1701
1675
1675
1675
1669
1672
1673
1668
1608
1667
1661
1703
1670
1673
1669
1662
1669
1648
1673
1673
1683
1669
1663
1672
1676
1670
1668
1668
1661
1660
1694
1671
1661
1666
1668
1654
1664
1665
1669
1661
1668
1650
1669
1672
1665
1660
1661
1690
1669
1675
1671
1667
1670
1670
1674
1672
1668
1670
1717
1652
1675
1676
1674
1664
1675
1680
1675
1674
1667
1674
1670
1672
1672
1664
1679
1672
1675
1681
1670
1693
1667
1671
1686
1686
1680
1660
1671
1664
1670
1675
1675
1676
1674
1642
1669
1676
1681
1667
1675
1626
1677
1711
1675
1672
1670
1677
1678
1684
1683
1658
1682
1681
1678
1678
1644
1663
1659
1653
1657
1651
1656
1644
1659
1654
1664
1671
1679
1688
1691
1710
1703
1708
1710
1711
1708
1695
1690
1693
1674
1677
1675
1668
1676
1678
1665
1712
1735
1769
1771
1780
1774
1766
1747
1720
1698
1639
1662
1637
1623
1600
1571
1548
1530
1513
1469
1480
1487
1491
1509
1525
1555
1593
1626
1611
1639
1663
1698
1742
1792
1782
1829
1815
1789
1750
1708
1679
1651
1647
1610
1685
1681
1683
1694
1707
1723
1732
1752
1769
1797
1820
1833
1842
1848
1826
1809
1873
1801
1766
1747
1725
1698
1668
1649
1632
1611
1594
1580
1564
1562
1554
1552
1570
1588
1591
1615
1603
1597
1579
1583
1602
1561
1586
1578
1591
1583
1601
1620
1624
1641
1664
1668
1721
1749
1771
1801
1800
1731
1811
1802
1787
1766
1743
1735
1715
1706
1692
1674
1657
1605
1637
1644
1604
1632
1624
1615
1613
1608
1624
1626
1642
1646
1674
1677
1679
1684
1684
1686
1686
1718
1681
1683
1689
1676
1685
1662
1665
1665
1645
1665
1661
1652
1647
1623
1641
1669
1667
1669
1691
1711
1711
1723
1728
1673
1743
1754
1763
1745
1768
1760
1740
1734
1700
1696
1686
1668
1642
1627
1622
1622
1605
1608
1595
1594
1586
1589
1574
1588
1604
1632
1647
1663
1675
1691
1688
1695
1645
1685
1678
1680
1672
1663
1660
1658
1653
1616
1639
1641
1618
1648
1663
1664
1680
1734
1702
1716
1727
1706
1737
1746
1766
1789
1801
1815
1782
1804
1788
1759
1727
1707
1675
1650
1631
1596
1611
1626
1618
1643
1639
1658
1639
1641
1644
1660
1675
1682
1690
1689
1686
1677
1643
1671
1642
1614
1575
1615
1598
1590
1579
1567
1567
1568
1571
1581
1591
1604
1613
1630
1642
1664
1668
1684
1708
1731
1742
1769
1751
1755
1753
1743
1736
1724
1717
1706
1707
1681
1718
1687
1716
1729
1724
1728
1728
1715
1709
1712
1694
1692
1676
1669
1652
1656
1663
1634
1635
1627
1625
1626
1635
1658
1566
1650
1651
1657
1666
1670
1683
1676
1703
1700
1727
1710
1705
1705
1686
1685
1637
1659
1638
1637
1619
1608
1613
1619
1612
1621
1639
1649
1648
1650
1664
1662
1678
1661
1683
1687
1682
1681
1678
1683
1686
1692
1692
1724
1714
1707
1704
1697
1674
1678
1694
1617
1643
1627
1624
1601
1594
1583
1586
1591
1614
1591
1632
1637
1646
1649
1664
1698
1716
1729
1701
1753
1753
1756
1783
1760
1755
1760
1731
1711
1692
1661
1639
1599
1608
1599
1593
1614
1626
1627
1637
1618
1686
1699
1710
1719
1719
1722
1718
1668
1695
1655
1650
1640
1637
1636
1621
1622
1610
1624
1624
1625
1630
1629
1631
1624
1626
1634
1607
1632
1630
1649
1651
1666
1655
1672
1667
1654
1677
1661
1654
1662
1700
1672
1695
1664
1682
1676
1692
1724
1732
1747
1724
1739
1739
1730
1719
1714
1696
1687
1672
1661
1645
1639
1633
1627
1631
1645
1645
1647
1655
1646
1669
1656
1669
1641
1642
1644
1643
1646
1641
1630
1628
1652
1656
1661
1656
1657
1649
1652
1626
1627
1638
1635
1641
1636
1638
1639
1636
1631
1641
1641
1689
1675
1699
1687
1686
1698
1673
1657
1651
1668
1670
1683
1682
1691
1688
1683
1678
1664
1679
1692
1686
1686
1691
1681
1676
1671
1678
1664
1692
1721
1704
1694
1681
1669
1660
1660
1668
1687
1676
1682
1681
1672
1665
1650
1657
1661
1646
1681
1681
1677
1665
1651
1634
1666
1673
1669
1706
1671
1656
1652
1638
1599
1607
1658
1663
1686
1666
1661
1649
1646
1634
1641
1655
1643
1653
1634
1637
1628
1628
1627
1637
1658
1662
1666
1678
1663
1661
1679
1659
1693
1669
1697
1680
1686
1683
1685
1674
1662
1670
1671
1675
1662
1663
1641
1633
1603
1639
1664
1676
1675
1688
1716
1701
1695
1691
1692
1689
1698
1713
1705
1697
1689
1680
1644
1669
1672
1664
1670
1671
1661
1649
1634
1589
1623
1641
1644
1664
1663
1659
1650
1664
1630
1674
1658
1677
1674
1657
1648
1638
1638
1627
1648
1657
1665
1680
1666
1666
1658
1647
1642
1650
1643
1668
1667
1651
1644
1645
1614
1643
1654
1669
1682
1694
1703
1690
1688
1709
1691
1697
1714
1731
1737
1701
1691
1668
1647
1648
1653
1653
1664
1676
1654
1649
1612
1642
1640
1664
1667
1657
1663
1656
1644
1641
1629
1643
1628
1685
1699
1698
1692
1677
1664
1653
1630
1645
1637
1662
1664
1665
1653
1636
1636
1645
1667
1662
1680
1674
1664
1647
1613
1617
1622
1616
1635
1683
1687
1654
1644
1638
1632
1654
1679
1692
1704
1695
1692
1675
1670
1667
1677
1682
1696
1722
1690
1678
1658
1647
1638
1629
1672
1689
1684
1674
1670
1659
1662
1666
1672
1683
1680
1703
1696
1680
1628
1649
1655
1668
1676
1700
1702
1681
1670
1657
1653
1665
1671
1694
1684
1679
1666
1664
1653
1623
1632
1630
1652
1663
1664
1646
1644
1617
1616
1624
1642
1661
1698
1690
1688
1677
1616
1662
1651
1655
1662
1671
1660
1645
1644
1628
1638
1640
1652
1656
1678
1676
1664
1640
1629
1625
1642
1652
1673
1694
1686
1678
1632
1640
1662
1641
1699
1709
1705
1713
1686
1670
1631
1642
1656
1683
1713
1714
1712
1694
1672
1671
1665
1659
1682
1697
1695
1693
1675
1643
1658
1674
1667
1706
1700
1705
1682
1674
1669
1628
1637
1648
1663
1675
1675
1651
1611
1578
1604
1625
1642
1663
1677
1669
1666
1642
1640
1626
1627
1651
1659
1679
1691
1676
1658
1660
1650
1676
1672
1694
1710
1703
1696
1647
1641
1640
1647
1653
1681
1692
1697
1669
1652
1671
1620
1671
1665
1701
1707
1699
1680
1637
1651
1637
1653
1672
1708
1712
1700
1678
1663
1599
1682
1650
1674
1695
1695
1686
1664
1637
1605
1598
1643
1647
1686
1692
1673
1674
1626
1581
1615
1662
1681
1682
1701
1670
1657
1637
1625
1627
1650
1669
1687
1701
1687
1654
1663
1643
1621
1679
1690
1706
1703
1678
1651
1651
1632
1635
1651
1684
1699
1689
1663
1654
1661
1612
1649
1646
1687
1734
1716
1684
1652
1657
1644
1648
1665
1685
1710
1692
1678
1646
1650
1591
1634
1656
1683
1700
1700
1628
1641
1595
1638
1649
1675
1704
1711
1699
1654
1659
1589
1589
1636
1668
1691
1707
1690
1645
1615
1637
1567
1640
1639
1696
1709
1684
1641
1630
1594
1610
1656
1682
1699
1704
1674
1638
1586
1586
1547
1635
1660
1681
1696
1673
1627
1631
1602
1596
1656
1683
1704
1709
1728
1677
1618
1614
1605
1686
1695
1713
1725
1696
1673
1673
1639
1675
1667
1699
1713
1707
1699
1637
1652
1644
1634
1677
1706
1722
1699
1709
1666
1607
1634
1668
1677
1673
1711
1701
1692
1619
1591
1603
1662
1662
1696
1714
1689
1683
1654
1605
1557
1656
1662
1687
1698
1681
1668
1642
1587
1539
1653
1671
1694
1718
1691
1648
1624
1621
1618
1642
1690
1727
1721
1692
1670
1632
1573
1599
1674
1691
1716
1721
1683
1669
1654
1642
1593
1681
1690
1708
1705
1695
1671
1653
1632
1613
1690
1685
1720
1714
1687
1609
1603
1611
1602
1660
1684
1698
1683
1677
1642
1593
1562
1577
1670
1685
1706
1675
1670
1657
1627
1570
1583
1680
1706
1720
1702
1696
1607
1608
1629
1591
1724
1711
1716
1688
1677
1647
1575
1600
1544
1675
1696
1715
1689
1685
1603
1636
1561
1585
1686
1717
1729
1691
1678
1644
1604
1611
1645
1691
1721
1736
1700
1689
1658
1621
1560
1602
1699
1712
1719
1682
1681
1591
1560
1589
1636
1693
1701
1723
1689
1657
1609
1608
1604
1685
1754
1736
1723
1693
1655
1617
1615
1593
1680
1706
1716
1691
1691
1610
1612
1553
1580
1671
1695
1712
1685
1674
1598
1566
1561
1550
1671
1697
1717
1692
1672
1643
1586
1544
1565
1670
1700
1706
1680
1671
1642
1620
1610
1592
1683
1710
1728
1700
1675
1636
1612
1567
1556
1690
1737
1729
1704
1711
1608
1630
1582
1579
1705
1726
1735
1689
1684
1603
1566
1606
1570
1716
1730
1742
1702
1681
1638
1562
1584
1560
1680
1679
1704
1662
1670
1594
1543
1596
1611
1695
1714
1723
1701
1646
1610
1577
1571
1654
1682
1710
1712
1681
1658
1624
1611
1556
1671
1710
1724
1715
1674
1594
1584
1581
1563
1676
1704
1719
1700
1674
1618
1596
1601
1559
1680
1713
1720
1695
1683
1593
1605
1622
1570
1725
1719
1733
1657
1671
1600
1621
1592
1579
1688
1703
1702
1669
1654
1609
1558
1577
1577
1679
1714
1719
1712
1677
1606
1615
1597
1615
1707
1717
1728
1681
1655
1615
1564
1596
1580
1687
1707
1707
1672
1661
1607
1603
1554
1669
1707
1735
1670
1720
1655
1626
1588
1609
1680
1700
1716
1709
1703
1610
1615
1598
1599
1665
1701
1713
1657
1704
1621
1579
1606
1592
1695
1709
1755
1669
1717
1590
1621
1577
1606
1691
1685
1738
1628
1706
1607
1588
1614
1572
1699
1717
1723
1643
1713
1610
1566
1544
1656
1711
1722
1691
1672
1719
1579
1591
1561
1682
1702
1713
1655
1615
1689
1616
1587
1582
1668
1663
1705
1602
1643
1682
1589
1553
1560
1658
1681
1693
1611
1661
1636
1590
1534
1557
1681
1696
1710
1666
1626
1676
1597
1537
1547
1692
1741
1717
1647
1681
1610
1589
1567
1579
1668
1727
1725
1622
1703
1640
1588
1600
1672
1701
1713
1717
1631
1686
1672
1602
1599
1662
1708
1733
1668
1615
1691
1590
1603
1581
1690
1709
1719
1676
1652
1706
1620
1601
1591
1692
1705
1714
1651
1600
1695
1603
1543
1577
1677
1699
1717
1663
1653
1699
1619
1551
1544
1683
1704
1718
1666
1649
1689
1546
1582
1584
1687
1706
1718
1663
1626
1699
1581
1613
1608
1668
1705
1719
1643
1669
1653
1548
1548
1635
1691
1710
1641
1668
1698
1709
1621
1562
1693
1716
1747
1683
1669
1671
1644
1606
1563
1674
1724
1722
1659
1659
1682
1583
1580
1579
1653
1692
1704
1645
1593
1685
1595
1539
1582
1697
1723
1696
1631
1665
1721
1623
1607
1573
1684
1712
1720
1657
1659
1680
1574
1564
1553
1664
1692
1705
1638
1605
1705
1568
1579
1663
1713
1725
1746
1680
1616
1677
1526
1515
1611
1673
1702
1597
1652
1646
1679
1544
1574
1621
1697
1729
1702
1668
1717
1682
1594
1541
1682
1730
1760
1691
1667
1734
1709
1603
1557
1628
1695
1722
1689
1678
1698
1664
1572
1556
1641
1746
1773
1727
1688
1735
1597
1579
1530
1619
1692
1701
1638
1597
1654
1539
1527
1494
1637
1689
1722
1620
1627
1699
1549
1544
1525
1652
1709
1716
1606
1618
1641
1513
1467
1607
1655
1700
1730
1673
1624
1698
1568
1568
1646
1693
1728
1666
1645
1647
1698
1548
1585
1629
1712
1748
1742
1650
1644
1706
1579
1505
1601
1675
1720
1637
1673
1699
1674
1593
1563
1597
1699
1743
1640
1642
1709
1614
1579
1505
1597
1676
1717
1639
1675
1707
1701
1548
1610
1644
1715
1732
1631
1682
1706
1587
1565
1538
1636
1691
1715
1642
1642
1678
1541
1527
1598
1631
1680
1715
1674
1664
1710
1567
1558
1641
1699
1744
1725
1705
1669
1699
1580
1518
1575
1645
1688
1644
1620
1612
1688
1522
1524
1592
1682
1733
1703
1671
1696
1717
1572
1543
1628
1701
1739
1653
1663
1662
1693
1564
1483
1584
1663
1709
1667
1676
1703
1666
1545
1540
1595
1683
1719
1661
1687
1716
1669
1522
1594
1620
1701
1738
1650
1694
1696
1591
1525
1575
1609
1659
1718
1678
1702
1737
1639
1593
1630
1668
1719
1708
1636
1632
1687
1527
1526
1578
1620
1665
1647
1603
1628
1710
1603
1540
1643
1683
1733
1657
1684
1691
1723
1601
1585
1582
1691
1728
1662
1678
1754
1722
1530
1564
1566
1656
1694
1659
1633
1626
1699
1595
1548
1661
1709
1741
1715
1722
1788
1749
1602
1542
1615
1671
1708
1626
1630
1680
1591
1479
1597
1579
1666
1706
1670
1708
1734
1631
1571
1611
1627
1678
1707
1603
1589
1671
1532
1477
1591
1600
1672
1690
1679
1697
1734
1596
1584
1658
1686
1741
1733
1683
1698
1725
1613
1560
1623
1619
1690
1613
1632
1660
1695
1550
1526
1556
1668
1711
1629
1690
1697
1733
1624
1564
1643
1719
1758
1690
1737
1703
1681
1546
1524
1577
1647
1678
1635
1696
1646
1668
1549
1601
1641
1722
1762
1744
1740
1758
1674
1564
1647
1632
1691
1694
1607
1623
1687
1557
1528
1597
1642
1698
1651
1675
1674
1701
1574
1576
1620
1616
1700
1670
1610
1654
1704
1580
1560
1613
1651
1681
1656
1595
1634
1684
1579
1580
1610
1693
1717
1700
1746
1627
1725
1574
1581
1625
1684
1702
1595
1617
1621
1660
1535
1538
1609
1685
1721
1641
1722
1712
1684
1619
1560
1653
1715
1736
1614
1701
1627
1671
1578
1565
1618
1669
1710
1648
1639
1613
1644
1548
1602
1604
1676
1704
1669
1616
1694
1606
1583
1664
1684
1738
1618
1663
1620
1685
1573
1572
1638
1633
1694
1650
1612
1595
1695
1588
1612
1677
1694
1727
1639
1705
1632
1669
1581
1554
1595
1674
1698
1644
1709
1614
1692
1559
1610
1650
1720
1731
1670
1726
1591
1668
1522
1571
1611
1680
1688
1645
1723
1628
1678
1561
1555
1635
1698
1718
1650
1665
1640
1650
1538
1539
1626
1709
1731
1650
1663
1662
1716
1636
1686
1686
1747
1741
1636
1650
1671
1572
1524
1655
1615
1667
1635
1595
1569
1642
1519
1563
1638
1641
1693
1641
1617
1587
1684
1563
1562
1690
1706
1739
1653
1723
1654
1654
1567
1561
1638
1669
1690
1602
1694
1603
1696
1596
1632
1677
1739
1750
1632
1732
1640
1683
1556
1540
1601
1685
1697
1568
1663
1587
1663
1594
1616
1663
1724
1731
1615
1632
1675
1683
1561
1579
1641
1701
1675
1614
1603
1598
1550
1499
1606
1602
1678
1593
1675
1574
1674
1579
1586
1656
1686
1751
1668
1746
1630
1697
1621
1561
1661
1659
1711
1652
1663
1592
1651
1565
1582
1633
1690
1737
1635
1728
1630
1699
1560
1605
1608
1696
1703
1630
1678
1546
1638
1507
1580
1609
1675
1695
1622
1678
1629
1648
1534
1516
1613
1701
1699
1598
1668
1588
1669
1553
1597
1644
1700
1710
1603
1637
1620
1653
1541
1546
1647
1718
1735
1648
1667
1624
1660
1598
1685
1652
1710
1663
1687
1583
1580
1624
1544
1620
1642
1710
1652
1717
1656
1684
1543
1567
1668
1656
1675
1615
1715
1633
1651
1602
1585
1619
1645
1690
1583
1677
1546
1646
1567
1507
1652
1692
1724
1673
1728
1652
1708
1622
1556
1614
1694
1716
1601
1708
1580
1694
1570
1610
1636
1716
1731
1613
1716
1605
1706
1571
1606
1620
1694
1704
1642
1640
1638
1605
1603
1571
1637
1706
1723
1618
1619
1603
1595
1554
1656
1636
1694
1658
1678
1562
1588
1561
1568
1585
1622
1689
1607
1687
1617
1678
1573
1546
1652
1643
1697
1612
1710
1588
1667
1603
1591
1634
1656
1718
1653
1714
1586
1675
1551
1594
1671
1690
1729
1677
1744
1631
1719
1582
1596
1658
1708
1706
1619
1699
1590
1658
1577
1581
1604
1686
1713
1647
1694
1655
1703
1581
1574
1677
1711
1711
1681
1622
1564
1641
1557
1631
1609
1700
1726
1646
1665
1598
1602
1549
1562
1616
1670
1602
1681
1631
1581
1576
1596
1656
1639
1701
1665
1721
1628
1681
1573
1558
1656
1644
1699
1605
1715
1605
1675
1634
1616
1677
1677
1725
1651
1692
1645
1714
1611
1549
1622
1663
1683
1597
1671
1563
1655
1556
1579
1568
1673
1680
1624
1697
1614
1664
1535
1530
1610
1653
1680
1583
1651
1569
1665
1535
1528
1644
1692
1706
1682
1645
1581
1676
1555
1648
1641
1700
1714
1718
1645
1602
1656
1607
1657
1636
1699
1649
1709
1633
1616
1664
1591
1677
1657
1721
1688
1724
1617
1687
1603
1548
1650
1630
1682
1579
1684
1604
1616
1550
1578
1630
1632
1690
1638
1708
1637
1647
1566
1597
1637
1656
1688
1632
1695
1565
1668
1548
1606
1635
1693
1702
1655
1719
1620
1693
1564
1566
1639
1699
1706
1635
1691
1620
1663
1536
1528
1646
1678
1689
1642
1621
1578
1672
1590
1622
1616
1673
1693
1664
1604
1589
1584
1576
1525
1605
1673
1591
1695
1593
1561
1569
1582
1650
1609
1690
1624
1698
1634
1672
1620
1622
1675
1676
1723
1597
1720
1647
1677
1553
1614
1635
1667
1695
1607
1707
1574
1691
1583
1592
1674
1672
1701
1598
1690
1603
1625
1557
1544
1587
1665
1688
1611
1694
1597
1666
1542
1544
1616
1673
1672
1614
1651
1549
1654
1580
1563
1628
1689
1702
1670
1641
1634
1665
1572
1636
1640
1678
1682
1664
1589
1610
1596
1597
1581
1647
1716
1619
1718
1666
1625
1598
1597
1649
1615
1673
1609
1684
1592
1666
1571
1587
1673
1665
1719
1640
1698
1630
1664
1604
1548
1613
1646
1683
1618
1680
1565
1661
1523
1584
1641
1654
1677
1584
1681
1543
1683
1558
1598
1637
1690
1701
1595
1695
1623
1659
1573
1571
1603
1652
1647
1633
1657
1592
1661
1580
1614
1652
1710
1717
1699
1664
1668
1658
1575
1679
1635
1693
1656
1687
1644
1582
1651
1580
1562
1649
1711
1623
1711
1660
1613
1614
1619
1667
1615
1685
1660
1668
1592
1633
1568
1572
1642
1618
1679
1614
1685
1580
1647
1597
1533
1626
1664
1664
1609
1716
1631
1671
1577
1561
1611
1666
1701
1611
1695
1562
1689
1573
1565
1584
1675
1689
1632
1700
1574
1671
1598
1586
1612
1668
1674
1631
1661
1603
1647
1588
1602
1639
1689
1704
1683
1651
1638
1668
1615
1648
1614
1676
1630
1668
1586
1575
1605
1560
1566
1618
1697
1651
1678
1570
1593
1621
1569
1646
1619
1670
1640
1696
1603
1665
1619
1611
1644
1666
1699
1616
1688
1576
1651
1544
1585
1610
1639
1689
1634
1695
1619
1650
1562
1584
1614
1658
1672
1609
1677
1589
1652
1576
1586
1621
1677
1703
1645
1707
1633
1692
1620
1608
1628
1665
1687
1672
1683
1593
1657
1591
1602
1619
1679
1697
1687
1643
1585
1670
1569
1650
1618
1675
1632
1687
1583
1572
1587
1599
1582
1643
1699
1608
1700
1592
1610
1619
1608
1665
1626
1682
1627
1687
1687
1627
1558
1594
1578
1593
1680
1688
1682
1656
1606
1598
1589
1531
1533
1593
1605
1681
1677
1632
1615
1609
1619
1617
1614
1624
1607
1676
1679
1665
1665
1619
1632
1634
1584
1617
1634
1616
1677
1687
1676
1663
1660
1664
1649
1586
1579
1573
1676
1720
1691
1681
1660
1671
1649
1627
1603
1528
1552
1679
1691
1681
1639
1631
1618
1601
1577
1540
1599
1702
1707
1700
1685
1651
1621
1637
1567
1556
1621
1624
1694
1673
1656
1616
1634
1615
1609
1590
1564
1558
1669
1660
1651
1645
1615
1630
1639
1625
1636
1589
1574
1678
1675
1674
1641
1642
1651
1603
1614
1612
1591
1686
1681
1682
1689
1650
1652
1643
1591
1557
1605
1614
1686
1692
1692
1651
1637
1614
1617
1614
1602
1594
1715
1705
1684
1666
1620
1606
1616
1592
1606
1557
1574
1687
1668
1658
1617
1613
1620
1598
1603
1622
1601
1649
1653
1654
1650
1654
1648
1653
1626
1628
1563
1579
1666
1663
1666
1638
1639
1639
1565
1607
1592
1585
1617
1667
1669
1671
1629
1617
1603
1545
1550
1557
1580
1649
1641
1628
1582
1553
1501
1548
1496
1509
1561
1598
1637
1609
1583
1536
1542
1575
1574
1607
1684
1665
1774
1760
1716
1684
1661
1678
1723
1766
1769
1813
1767
1836
1787
1693
1622
1613
1660
1649
1717
1774
1752
1829
1762
1673
1591
1489
1513
1609
1684
1718
1748
1686
1731
1612
1511
1414
1392
1446
1503
1612
1636
1626
1658
1555
1448
1369
1338
1393
1502
1590
1688
1723
1626
1658
1551
1468
1401
1425
1514
1596
1690
1766
1779
1770
1689
1618
1553
1521
1600
1699
1786
1842
1899
1812
1846
1726
1629
1540
1530
1601
1661
1730
1827
1773
1810
1716
1591
1499
1425
1463
1546
1668
1785
1818
1801
1763
1665
1537
1473
1458
1543
1671
1729
1797
1805
1733
1689
1574
1497
1458
1531
1641
1720
1768
1786
1740
1734
1591
1507
1470
1471
1565
1706
1754
1823
1772
1713
1713
1611
1547
1507
1525
1639
1715
1743
1793
1712
1684
1633
1528
1462
1431
1493
1587
1693
1754
1786
1739
1704
1592
1515
1478
1438
1541
1673
1747
1787
1811
1733
1666
1580
1507
1459
1533
1642
1715
1822
1816
1786
1727
1651
1542
1480
1503
1625
1722
1749
1855
1773
1736
1701
1604
1531
1493
1541
1632
1710
1799
1767
1775
1661
1684
1581
1509
1464
1511
1583
1610
1726
1730
1690
1654
1557
1467
1426
1426
1514
1627
1710
1716
1750
1691
1649
1536
1468
1431
1478
1577
1681
1718
1711
1666
1666
1583
1506
1466
1500
1600
1712
1786
1759
1755
1683
1708
1627
1581
1583
1604
1704
1785
1839
1828
1799
1684
1698
1634
1575
1556
1608
1688
1761
1779
1802
1760
1687
1653
1568
1537
1520
1585
1677
1693
1780
1730
1668
1624
1513
1440
1432
1471
1574
1692
1737
1732
1702
1551
1565
1486
1452
1467
1571
1672
1756
1775
1716
1670
1554
1562
1503
1509
1534
1620
1695
1697
1738
1677
1589
1569
1498
1472
1495
1549
1616
1721
1731
1770
1667
1597
1605
1539
1539
1560
1633
1722
1784
1772
1773
1678
1610
1567
1529
1540
1570
1665
1750
1746
1765
1691
1572
1567
1500
1471
1522
1589
1709
1792
1814
1725
1665
1546
1558
1513
1532
1585
1675
1799
1828
1796
1741
1600
1504
1539
1525
1585
1623
1707
1767
1752
1684
1572
1517
1503
1475
1490
1540
1610
1700
1750
1752
1677
1647
1543
1534
1511
1532
1602
1662
1742
1785
1702
1697
1561
1498
1507
1495
1547
1587
1695
1765
1810
1749
1667
1519
1410
1500
1519
1588
1658
1755
1823
1797
1738
1630
1550
1539
1521
1563
1639
1706
1783
1815
1785
1703
1602
1512
1549
1530
1597
1680
1742
1807
1810
1740
1634
1531
1374
1468
1511
1560
1621
1696
1766
1748
1646
1606
1508
1489
1497
1532
1604
1667
1750
1795
1717
1649
1558
1472
1501
1509
1562
1651
1717
1807
1824
1727
1679
1558
1464
1486
1507
1578
1666
1758
1822
1820
1738
1608
1502
1458
1520
1573
1660
1770
1818
1860
1815
1727
1597
1458
1396
1530
1602
1701
1774
1831
1835
1778
1664
1528
1463
1451
1555
1610
1707
1769
1823
1816
1733
1628
1523
1459
1499
1545
1624
1721
1779
1809
1752
1686
1564
1489
1393
1471
1519
1611
1711
1774
1784
1729
1644
1496
1441
1338
1461
1548
1654
1738
1797
1796
1747
1634
1459
1426
1368
1518
1593
1691
1750
1792
1771
1694
1577
1457
1411
1479
1542
1626
1745
1796
1843
1812
1721
1605
1481
1453
1503
1584
1687
1784
1842
1855
1805
1669
1530
1421
1385
1513
1586
1698
1793
1814
1804
1723
1614
1524
1443
1410
1527
1625
1737
1841
1841
1815
1736
1563
1483
1407
1374
1519
1619
1734
1818
1816
1786
1700
1563
1448
1344
1375
1501
1627
1745
1803
1811
1764
1660
1496
1425
1311
1393
1551
1685
1807
1821
1844
1760
1643
1437
1364
1306
1456
1573
1729
1853
1870
1845
1729
1570
1428
1355
1350
1522
1651
1786
1880
1876
1828
1709
1539
1432
1374
1382
1543
1694
1814
1911
1874
1806
1673
1495
1384
1349
1362
1532
1655
1817
1889
1854
1766
1630
1468
1286
1341
1355
1588
1749
1871
1924
1853
1744
1592
1443
1311
1348
1399
1616
1805
1919
1929
1837
1643
1545
1381
1309
1300
1452
1647
1824
1922
1924
1808
1663
1492
1325
1286
1385
1543
1706
1867
1940
1912
1784
1632
1442
1372
1300
1416
1600
1762
1919
1982
1917
1778
1614
1467
1316
1335
1426
1644
1791
1935
1993
1884
1730
1557
1416
1329
1343
1426
1678
1844
1932
1949
1831
1642
1499
1354
1259
1316
1428
1708
1863
1953
1921
1785
1634
1453
1329
1300
1356
1492
1721
1872
1904
1892
1737
1573
1417
1253
1247
1305
1490
1749
1906
1954
1879
1712
1535
1395
1300
1261
1352
1511
1778
1925
1974
1877
1696
1523
1383
1294
1279
1387
1612
1837
1960
1984
1873
1681
1500
1378
1256
1329
1440
1634
1876
1973
1957
1846
1642
1472
1344
1273
1391
1515
1717
1908
1950
1933
1821
1604
1447
1345
1323
1402
1526
1706
1937
1970
1910
1765
1567
1401
1308
1283
1374
1567
1739
1915
1950
1883
1721
1517
1361
1276
1273
1387
1605
1776
1944
1969
1870
1676
1492
1340
1280
1248
1454
1599
1801
1939
1964
1837
1660
1477
1335
1287
1318
1454
1656
1908
1963
1930
1808
1635
1463
1321
1291
1292
1548
1744
1929
1978
1924
1797
1609
1451
1316
1333
1346
1558
1758
1882
1952
1885
1743
1570
1407
1299
1324
1383
1589
1792
1932
1977
1904
1740
1555
1413
1307
1344
1427
1629
1832
1924
1935
1833
1647
1495
1356
1304
1327
1418
1641
1832
1916
1928
1809
1628
1488
1367
1300
1368
1466
1716
1844
1917
1873
1778
1636
1460
1363
1314
1380
1575
1719
1872
1923
1883
1758
1598
1467
1371
1345
1441
1592
1717
1869
1872
1867
1742
1595
1469
1358
1379
1466
1626
1765
1899
1895
1842
1718
1578
1455
1369
1386
1473
1632
1781
1895
1891
1820
1651
1526
1437
1369
1386
1483
1652
1758
1856
1869
1771
1633
1498
1409
1368
1427
1531
1683
1807
1835
1823
1742
1618
1498
1409
1419
1439
1557
1689
1758
1865
1799
1722
1612
1504
1433
1430
1476
1564
1693
1779
1847
1821
1728
1569
1487
1428
1418
1482
1595
1728
1832
1820
1788
1705
1602
1500
1440
1463
1531
1627
1734
1854
1815
1770
1698
1582
1486
1446
1463
1521
1638
1713
1797
1807
1785
1695
1603
1503
1456
1488
1550
1623
1718
1785
1796
1749
1677
1574
1488
1449
1469
1540
1640
1707
1780
1775
1731
1647
1570
1477
1449
1483
1545
1631
1715
1751
1780
1776
1663
1567
1482
1471
1482
1567
1630
1691
1740
1760
1720
1655
1523
1506
1489
1501
1572
1622
1700
1748
1772
1743
1682
1553
1520
1486
1501
1575
1623
1700
1759
1772
1738
1660
1572
1506
1498
1507
1565
1659
1683
1718
1745
1719
1649
1558
1516
1491
1528
1570
1633
1690
1720
1740
1722
1654
1594
1493
1520
1527
1565
1621
1674
1715
1774
1732
1660
1592
1540
1495
1502
1538
1612
1650
1752
1712
1713
1664
1592
1520
1508
1519
1563
1620
1681
1736
1733
1703
1651
1591
1577
1512
1545
1569
1632
1695
1734
1738
1707
1654
1588
1563
1540
1549
1584
1627
1645
1705
1708
1678
1644
1613
1570
1566
1571
1599
1630
1635
1681
1694
1610
1637
1598
1571
1561
1556
1565
1651
1646
1697
1679
1657
1616
1597
1570
1574
1603
1608
1636
1647
1643
1622
1609
1597
1582
1586
1569
1589
1627
1643
1635
1604
1569
1587
1588
1594
1618
1639
1647
1660
1649
1628
1629
1578
1570
1606
1611
1635
1651
1668
1667
1659
1617
1575
1562
1560
1583
1620
1665
1701
1691
1717
1673
1609
1587
1542
1540
1560
1615
1666
1701
1737
1730
1674
1634
1564
1523
1512
1538
1584
1676
1741
1760
1745
1680
1604
1528
1490
1486
1524
1609
1651
1760
1785
1762
1701
1572
1539
1467
1468
1505
1587
1689
1755
1796
1748
1700
1613
1533
1460
1446
1480
1562
1657
1749
1825
1784
1724
1610
1508
1409
1391
1459
1544
1660
1766
1819
1805
1727
1617
1491
1433
1400
1446
1535
1651
1757
1818
1811
1749
1648
1531
1448
1427
1459
1547
1643
1774
1824
1814
1786
1654
1559
1463
1429
1459
1519
1637
1739
1823
1828
1766
1679
1571
1482
1436
1444
1503
1605
1710
1819
1820
1788
1737
1606
1513
1451
1438
1495
1586
1685
1758
1792
1766
1697
1606
1523
1465
1461
1477
1547
1633
1713
1757
1764
1710
1637
1545
1505
1471
1483
1536
1601
1688
1764
1799
1752
1693
1610
1536
1491
1472
1468
1567
1647
1724
1761
1769
1723
1622
1566
1500
1480
1529
1567
1629
1699
1752
1767
1717
1670
1596
1543
1498
1495
1518
1570
1644
1745
1737
1760
1697
1639
1545
1498
1476
1481
1533
1587
1667
1720
1745
1718
1599
1578
1531
1502
1466
1506
1575
1644
1711
1742
1735
1695
1622
1550
1507
1484
1500
1542
1613
1683
1719
1738
1745
1677
1599
1535
1494
1485
1512
1571
1637
1697
1739
1728
1712
1634
1553
1533
1485
1472
1548
1618
1686
1743
1763
1731
1684
1596
1527
1480
1506
1508
1586
1662
1732
1758
1758
1716
1631
1566
1492
1472
1488
1544
1621
1704
1752
1758
1726
1664
1578
1514
1470
1473
1526
1607
1673
1741
1774
1752
1698
1604
1531
1480
1465
1502
1562
1650
1718
1748
1743
1670
1633
1524
1477
1446
1449
1520
1594
1677
1725
1744
1711
1644
1563
1500
1458
1468
1507
1581
1656
1729
1742
1719
1688
1620
1542
1495
1479
1511
1566
1637
1705
1752
1740
1687
1626
1550
1506
1501
1485
1561
1609
1687
1724
1746
1718
1653
1562
1556
1531
1520
1538
1586
1646
1699
1715
1715
1669
1610
1556
1511
1500
1511
1518
1608
1648
1711
1712
1687
1642
1579
1536
1536
1535
1533
1590
1637
1676
1691
1686
1648
1619
1584
1544
1530
1542
1574
1609
1651
1674
1686
1671
1650
1620
1574
1545
1533
1560
1579
1616
1655
1677
1692
1677
1637
1594
1576
1540
1538
1532
1593
1622
1670
1700
1697
1679
1641
1577
1549
1533
1542
1545
1592
1640
1650
1692
1687
1663
1621
1570
1525
1531
1514
1536
1588
1639
1679
1719
1711
1666
1597
1533
1480
1472
1516
1552
1620
1693
1717
1744
1703
1635
1519
1496
1456
1492
1534
1604
1674
1724
1747
1716
1665
1605
1529
1480
1471
1497
1532
1643
1708
1780
1768
1737
1651
1552
1468
1444
1457
1521
1600
1705
1760
1779
1729
1682
1574
1488
1431
1453
1504
1578
1672
1733
1778
1781
1718
1632
1550
1488
1476
1506
1559
1612
1692
1740
1753
1722
1664
1588
1518
1468
1461
1519
1581
1668
1712
1734
1732
1695
1631
1557
1505
1489
1504
1549
1599
1695
1699
1752
1688
1640
1577
1551
1513
1495
1542
1580
1621
1651
1665
1666
1682
1639
1613
1571
1541
1534
1536
1551
1585
1615
1642
1690
1670
1656
1617
1582
1535
1526
1537
1554
1608
1621
1659
1675
1680
1655
1608
1577
1533
1533
1526
1545
1577
1610
1679
1687
1709
1691
1661
1621
1534
1519
1512
1540
1589
1654
1709
1742
1717
1683
1619
1552
1500
1488
1508
1557
1622
1682
1731
1730
1705
1646
1575
1509
1482
1483
1515
1568
1630
1682
1717
1712
1666
1640
1530
1504
1504
1504
1550
1621
1687
1722
1736
1707
1656
1580
1519
1487
1495
1541
1611
1672
1720
1712
1704
1655
1582
1525
1477
1498
1547
1577
1643
1682
1702
1691
1659
1617
1557
1551
1524
1541
1574
1608
1649
1669
1679
1640
1645
1587
1539
1527
1527
1556
1583
1639
1669
1676
1672
1633
1587
1548
1500
1527
1593
1595
1622
1658
1674
1648
1634
1603
1581
1569
1563
1581
1626
1614
1629
1633
1645
1634
1619
1606
1587
1582
1561
1567
1605
1595
1614
1625
1621
1621
1608
1597
1566
1558
1558
1578
1592
1607
1651
1631
1638
1630
1619
1607
1572
1606
1573
1586
1590
1610
1620
1634
1645
1650
1653
1639
1621
1591
1578
1578
1586
1603
1636
1642
1673
1670
1656
1616
1582
1560
1551
1563
1570
1623
1653
1667
1657
1633
1614
1585
1550
1582
1542
1555
1587
1613
1637
1642
1664
1654
1620
1587
1557
1539
1535
1548
1580
1628
1651
1671
1664
1663
1604
1567
1534
1516
1552
1583
1624
1651
1667
1648
1637
1607
1573
1558
1548
1559
1585
1612
1632
1614
1634
1632
1618
1600
1575
1568
1554
1552
1564
1604
1620
1632
1644
1640
1629
1598
1584
1581
1574
1582
1601
1626
1636
1615
1633
1641
1603
1607
1582
1586
1592
1612
1644
1644
1634
1623
1620
1609
1608
1607
1564
1598
1612
1614
1610
1593
1604
1599
1609
1634
1603
1611
1597
1585
1584
1595
1606
1609
1589
1611
1596
1602
1597
1599
1596
1605
1609
1640
1616
1632
1598
1584
1589
1614
1614
1619
1625
1612
1605
1599
1596
1607
1593
1611
1632
1657
1630
1617
1592
1581
1537
1580
1590
1609
1607
1603
1619
1615
1606
1601
1601
1603
1579
1611
1610
1585
1597
1602
1611
1618
1612
1626
1587
1591
1581
1580
1584
1583
1599
1633
1643
1624
1611
1597
1587
1565
1580
1592
1604
1614
1613
1625
1617
1604
1596
1599
1595
1595
1626
1614
1612
1600
1593
1587
1589
1610
1609
1626
1622
1611
1606
1590
1589
1581
1588
1584
1613
1625
1624
1626
1622
1629
1629
1596
1621
1621
1607
1594
1587
1593
1596
1617
1641
1651
1639
1607
1593
1566
1559
1541
1566
1587
1600
1630
1638
1638
1620
1597
1595
1589
1618
1580
1576
1601
1603
1619
1661
1655
1619
1636
1635
1605
1588
1567
1563
1564
1588
1610
1630
1648
1651
1629
1604
1577
1556
1544
1553
1553
1594
1624
1653
1633
1624
1606
1569
1561
1559
1568
1572
1576
1592
1628
1630
1638
1646
1637
1624
1574
1583
1564
1563
1574
1626
1620
1645
1656
1645
1629
1601
1569
1560
1561
1566
1591
1619
1632
1636
1628
1616
1625
1612
1589
1586
1592
1598
1611
1615
1623
1614
1626
1636
1631
1613
1593
1572
1564
1559
1576
1611
1622
1633
1627
1617
1582
1551
1574
1568
1581
1602
1628
1646
1651
1652
1620
1617
1599
1595
1590
1592
1597
1596
1608
1607
1621
1639
1626
1624
1598
1582
1565
1555
1563
1568
1588
1619
1645
1642
1639
1617
1602
1570
1551
1557
1570
1577
1614
1655
1643
1640
1632
1610
1591
1580
1573
1560
1564
1594
1611
1632
1637
1645
1641
1634
1643
1577
1574
1557
1551
1565
1595
1626
1645
1655
1642
1605
1577
1547
1531
1534
1554
1581
1614
1640
1634
1650
1623
1605
1599
1583
1580
1555
1581
1589
1600
1598
1618
1632
1628
1633
1611
1597
1591
1572
1569
1553
1599
1592
1630
1645
1636
1630
1619
1612
1597
1584
1584
1596
1597
1597
1598
1612
1626
1636
1634
1619
1609
1582
1576
1564
1555
1563
1575
1611
1637
1639
1638
1624
1604
1585
1573
1561
1545
1579
1586
1605
1645
1640
1647
1635
1620
1603
1600
1598
1582
1573
1579
1590
1552
1619
1633
1609
1634
1613
1594
1575
1551
1549
1553
1556
1561
1598
1616
1618
1616
1606
1606
1594
1580
1562
1556
1560
1559
1568
1566
1594
1621
1641
1621
1610
1591
1574
1551
1558
1555
1577
1598
1620
1631
1632
1627
1637
1589
1595
1606
1589
1590
1584
1590
1590
1598
1634
1614
1620
1619
1618
1611
1607
1584
1616
1599
1578
1577
1585
1596
1604
1612
1623
1612
1631
1623
1604
1581
1553
1546
1552
1553
1589
1611
1637
1655
1660
1650
1618
1581
1542
1527
1534
1544
1577
1609
1654
1642
1674
1675
1645
1590
1555
1532
1528
1547
1569
1608
1622
1651
1658
1653
1627
1588
1573
1548
1531
1543
1577
1586
1622
1638
1656
1656
1647
1619
1586
1565
1548
1552
1557
1573
1605
1612
1626
1645
1643
1645
1637
1613
1589
1568
1556
1548
1564
1596
1612
1607
1634
1637
1630
1617
1592
1566
1554
1545
1559
1580
1588
1612
1626
1642
1620
1636
1625
1606
1587
1575
1548
1574
1584
1597
1625
1641
1644
1638
1631
1606
1591
1612
1577
1576
1575
1589
1592
1609
1613
1617
1614
1620
1603
1594
1591
1581
1563
1575
1580
1584
1615
1625
1639
1634
1632
1650
1611
1612
1585
1580
1578
1600
1616
1621
1623
1616
1620
1603
1604
1581
1578
1578
1583
1588
1584
1599
1604
1604
1610
1611
1611
1608
1597
1590
1593
1605
1613
1618
1617
1616
1606
1598
1574
1585
1581
1588
1576
1595
1604
1614
1602
1603
1604
1585
1606
1604
1606
1610
1602
1599
1606
1590
1594
1589
1599
1603
1598
1602
1595
1615
1619
1600
1598
1604
1605
1602
1628
1615
1599
1593
1601
1602
1601
1601
1603
1579
1586
1579
1591
1594
1590
1616
1623
1624
1618
1605
1606
1608
1613
1614
1642
1601
1617
1607
1607
1597
1599
1611
1633
1618
1618
1600
1616
1605
1591
1591
1588
1579
1607
1613
1616
1614
1609
1603
1596
1579
1590
1602
1636
1609
1611
1608
1609
1597
1602
1600
1600
1597
1595
1595
1564
1590
1585
1595
1614
1610
1611
1608
1594
1596
1594
1600
1627
1625
1632
1616
1609
1583
1582
1557
1566
1581
1630
1623
1623
1623
1614
1597
1585
1577
1569
1577
1583
1597
1592
1602
1599
1606
1603
1600
1588
1598
1602
1606
1609
1592
1595
1599
1607
1610
1625
1613
1609
1614
1612
1610
1606
1610
1594
1600
1583
1592
1585
1588
1602
1610
1626
1633
1634
1620
1597
1587
1576
1570
1579
1571
1610
1641
1634
1631
1618
1604
1571
1589
1594
1604
1601
1605
1598
1597
1592
1594
1596
1616
1602
1622
1625
1614
1606
1588
1581
1571
1601
1594
1600
1621
1624
1635
1628
1657
1612
1604
1586
1561
1550
1556
1541
1591
1597
1643
1655
1664
1644
1615
1578
1552
1540
1542
1565
1601
1623
1649
1653
1629
1605
1618
1556
1556
1568
1578
1582
1603
1613
1619
1617
1609
1604
1599
1598
1583
1570
1585
1593
1595
1602
1620
1618
1615
1611
1630
1600
1591
1582
1583
1584
1604
1613
1613
1612
1612
1607
1606
1611
1614
1610
1607
1602
1597
1590
1586
1597
1601
1625
1630
1645
1636
1616
1591
1589
1572
1603
1599
1618
1638
1644
1637
1617
1597
1568
1558
1542
1600
1593
1607
1625
1618
1621
1606
1605
1594
1587
1583
1590
1589
1602
1602
1619
1624
1635
1627
1630
1608
1580
1584
1600
1588
1605
1620
1625
1628
1625
1609
1597
1586
1593
1601
1620
1616
1624
1612
1597
1569
1570
1562
1555
1580
1591
1612
1631
1614
1600
1581
1581
1559
1565
1580
1571
1588
1612
1617
1615
1611
1612
1596
1603
1578
1597
1618
1600
1606
1606
1647
1619
1612
1605
1596
1587
1583
1586
1622
1610
1606
1656
1620
1604
1579
1570
1557
1575
1590
1614
1627
1628
1620
1597
1545
1560
1550
1557
1575
1592
1626
1608
1608
1591
1588
1642
1576
1596
1601
1609
1603
1607
1611
1598
1579
1602
1611
1607
1608
1611
1602
1608
1606
1613
1640
1609
1604
1588
1582
1580
1583
1593
1616
1627
1627
1626
1620
1533
1569
1559
1562
1573
1587
1601
1608
1607
1582
1587
1549
1563
1573
1574
1601
1608
1617
1619
1609
1601
1591
1610
1601
1600
1616
1616
1616
1612
1601
1589
1578
1582
1597
1591
1596
1597
1604
1602
1608
1604
1607
1585
1570
1561
1560
1562
1582
1595
1653
1626
1629
1614
1580
1559
1540
1541
1569
1584
1609
1636
1642
1629
1616
1596
1552
1565
1566
1579
1589
1596
1626
1601
1606
1575
1607
1610
1605
1606
1596
1601
1595
1592
1590
1593
1599
1599
1598
1604
1587
1583
1609
1592
1591
1594
1594
1579
1581
1584
1576
1580
1591
1608
1608
1630
1622
1578
1590
1570
1566
1570
1593
1604
1612
1626
1661
1628
1618
1599
1583
1586
1590
1610
1606
1605
1605
1600
1590
1590
1596
1598
1597
1595
1618
1594
1586
1592
1584
1600
1610
1597
1594
1583
1579
1574
1584
1602
1566
1609
1608
1591
1586
1572
1570
1560
1581
1571
1618
1634
1626
1618
1601
1590
1582
1587
1593
1598
1605
1603
1601
1596
1579
1585
1588
1595
1604
1609
1610
1594
1594
1585
1584
1587
1594
1594
1592
1590
1599
1610
1598
1608
1609
1609
1596
1609
1578
1576
1611
1587
1604
1602
1625
1613
1627
1626
1600
1592
1585
1585
1594
1611
1617
1609
1639
1621
1612
1601
1621
1602
1589
1592
1558
1594
1588
1591
1595
1595
1604
1621
1609
1600
1593
1596
1586
1566
1593
1593
1599
1604
1598
1596
1580
1585
1572
1606
1607
1627
1624
1617
1605
1586
1605
1570
1546
1575
1591
1609
1619
1617
1605
1604
1597
1619
1587
1586
1576
1577
1581
1591
1600
1617
1622
1625
1620
1601
1586
1557
1557
1565
1583
1601
1608
1622
1624
1606
1598
1606
1584
1588
1592
1611
1617
1613
1610
1542
1588
1580
1578
1605
1602
1610
1607
1605
1569
1600
1600
1584
1585
1576
1587
1586
1592
1596
1606
1605
1601
1607
1607
1585
1580
1580
1583
1592
1597
1611
1608
1616
1606
1600
1570
1583
1583
1603
1599
1605
1623
1607
1601
1590
1575
1574
1581
1590
1608
1656
1627
1620
1600
1579
1560
1564
1573
1576
1591
1603
1608
1635
1610
1605
1590
1594
1588
1587
1585
1556
1595
1591
1606
1606
1616
1611
1602
1588
1575
1575
1614
1591
1594
1626
1612
1602
1590
1589
1572
1579
1577
1602
1607
1602
1609
1586
1579
1553
1558
1570
1559
1588
1603
1617
1584
1599
1595
1581
1570
1574
1591
1586
1591
1604
1638
1613
1620
1614
1610
1601
1570
1596
1583
1577
1580
1591
1600
1610
1611
1620
1603
1589
1564
1577
1578
1585
1586
1600
1621
1594
1602
1594
1590
1589
1595
1598
1562
1597
1590
1590
1595
1574
1586
1590
1582
1569
1617
1615
1607
1596
1587
1588
1596
1607
1613
1613
1638
1598
1595
1590
1585
1600
1599
1598
1600
1597
1597
1589
1590
1578
1596
1594
1590
1595
1586
1614
1582
1599
1564
1589
1591
1590
1581
1546
1571
1576
1626
1603
1621
1612
1610
1592
1584
1575
1564
1563
1576
1592
1603
1610
1611
1585
1566
1570
1573
1571
1588
1606
1611
1620
1622
1620
1602
1599
1588
1580
1586
1592
1570
1597
1599
1600
1630
1610
1605
1588
1580
1557
1566
1577
1581
1596
1601
1615
1600
1601
1562
1565
1568
1563
1580
1603
1608
1629
1622
1617
1607
1586
1574
1572
1583
1623
1608
1617
1613
1604
1587
1592
1582
1585
1588
1597
1580
1597
1630
1607
1603
1601
1596
1591
1564
1569
1558
1570
1584
1615
1610
1617
1604
1596
1575
1565
1556
1551
1572
1595
1615
1623
1618
1610
1590
1564
1542
1576
1584
1596
1610
1611
1619
1617
1603
1595
1609
1594
1597
1596
1602
1593
1597
1593
1589
1603
1596
1598
1589
1596
1575
1589
1589
1589
1592
1602
1606
1602
1603
1587
1557
1585
1585
1587
1601
1594
1594
1629
1578
1577
1566
1607
1583
1600
1613
1616
1613
1588
1594
1576
1591
1594
1589
1609
1610
1607
1600
1605
1600
1593
1605
1623
1613
1615
1608
1571
1593
1594
1593
1604
1606
1608
1602
1596
1588
1585
1600
1600
1569
1616
1617
1586
1591
1574
1592
1572
1588
1594
1607
1609
1597
1602
1611
1580
1577
1584
1599
1603
1605
1607
1574
1593
1599
1602
1608
1591
1615
1614
1610
1593
1593
1585
1587
1589
1599
1602
1601
1595
1592
1587
1592
1594
1604
1606
1589
1594
1599
1571
1569
1586
1583
1595
1609
1616
1602
1602
1589
1564
1577
1580
1592
1603
1614
1585
1613
1598
1589
1593
1578
1586
1593
1572
1592
1592
1589
1584
1587
1593
1589
1596
1594
1595
1597
1584
1589
1586
1597
1565
1618
1611
1594
1592
1581
1581
1588
1607
1613
1619
1618
1613
1596
1597
1573
1576
1637
1604
1618
1607
1615
1603
1596
1586
1582
1577
1585
1586
1579
1597
1594
1583
1595
1574
1610
1597
1592
1581
1579
1578
1584
1585
1587
1597
1602
1628
1598
1592
1582
1576
1578
1588
1596
1585
1607
1606
1594
1544
1579
1602
1582
1593
1592
1607
1605
1601
1596
1593
1590
1587
1596
1597
1600
1570
1586
1594
1593
1594
1596
1599
1632
1603
1592
1587
1572
1569
1572
1588
1568
1609
1605
1598
1595
1578
1572
1566
1564
1574
1583
1595
1598
1595
1596
1586
1592
1592
1588
1587
1591
1588
1590
1591
1596
1592
1608
1608
1605
1601
1590
1580
1567
1572
1562
1601
1610
1606
1602
1608
1576
1566
1562
1567
1574
1589
1599
1599
1598
1580
1573
1567
1576
1585
1579
1598
1581
1601
1582
1601
1594
1588
1592
1579
1583
1581
1586
1586
1590
1600
1599
1601
1604
1602
1580
1614
1567
1575
1575
1588
1597
1641
1607
1603
1591
1579
1574
1578
1584
1579
1598
1606
1605
1598
1590
1583
1579
1574
1587
1608
1612
1596
1587
1586
1577
1582
1569
1580
1572
1575
1575
1578
1575
1581
1581
1584
1568
1585
1589
1573
1572
1565
1576
1581
1589
1597
1600
1598
1586
1562
1570
1571
1576
1587
1594
1600
1592
1588
1572
1574
1561
1583
1595
1584
1606
1597
1592
1583
1584
1577
1582
1617
1595
1597
1600
1590
1590
1611
1585
1555
1579
1586
1579
1585
1596
1590
1590
1589
1602
1591
1605
1581
1549
1566
1562
1564
1576
1580
1578
1593
1596
1588
1575
1582
1581
1583
1588
1601
1617
1613
1609
1601
1593
1581
1578
1582
1578
1598
1587
1598
1603
1595
1593
1582
1599
1567
1581
1584
1578
1579
1580
1591
1601
1582
1605
1602
1572
1577
1571
1568
1567
1582
1614
1608
1620
1601
1592
1574
1573
1565
1575
1584
1589
1605
1603
1603
1595
1582
1592
1578
1588
1581
1581
1583
1581
1588
1618
1595
1593
1599
1599
1586
1590
1583
1586
1575
1587
1595
1601
1618
1609
1597
1595
1547
1586
1587
1581
1591
1595
1603
1611
1602
1594
1596
1592
1595
1594
1597
1563
1583
1579
1580
1585
1589
1600
1598
1604
1582
1604
1586
1565
1564
1568
1579
1591
1609
1608
1615
1599
1611
1585
1587
1547
1590
1630
1611
1610
1606
1601
1593
1594
1597
1596
1619
1595
1597
1598
1612
1613
1626
1602
1596
1594
1585
1577
1571
1574
1588
1615
1605
1623
1617
1612
1579
1567
1573
1551
1570
1589
1599
1597
1605
1593
1572
1565
1562
1568
1576
1609
1593
1587
1597
1579
1586
1590
1587
1580
1589
1611
1596
1593
1593
1593
1594
1599
1591
1588
1580
1583
1586
1584
1591
1606
1601
1597
1609
1595
1597
1585
1580
1582
1584
1591
1601
1589
1593
1586
1580
1574
1549
1582
1577
1596
1617
1598
1594
1587
1579
1583
1596
1598
1607
1604
1609
1601
1593
1577
1559
1574
1585
1576
1606
1608
1605
1600
1581
1582
1592
1584
1587
1591
1593
1593
1585
1595
1571
1580
1593
1596
1592
1587
1582
1573
1593
1569
1603
1611
1604
1610
1586
1582
1573
1568
1574
1586
1585
1605
1597
1604
1589
1575
1600
1571
1583
1583
1591
1593
1604
1598
1597
1589
1559
1580
1579
1578
1588
1571
1615
1599
1601
1600
1598
1601
1564
1581
1612
1580
1588
1588
1596
1603
1591
1612
1608
1587
1580
1573
1566
1589
1591
1600
1611
1618
1597
1607
1590
1588
1571
1579
1587
1591
1593
1591
1589
1612
1586
1591
1527
1589
1583
1580
1578
1559
1579
1576
1587
1582
1608
1609
1597
1591
1579
1577
1564
1585
1590
1603
1611
1581
1607
1601
1580
1582
1587
1595
1596
1601
1609
1589
1611
1594
1589
1593
1596
1599
1597
1598
1584
1600
1575
1574
1582
1590
1604
1594
1597
1595
1595
1590
1572
1577
1585
1583
1590
1610
1598
1587
1601
1598
1590
1592
1613
1581
1586
1588
1588
1589
1593
1602
1595
1601
1575
1553
1580
1576
1579
1585
1600
1604
1620
1612
1601
1589
1578
1571
1578
1584
1599
1629
1620
1618
1599
1587
1569
1573
1561
1587
1601
1608
1615
1611
1609
1596
1555
1572
1570
1573
1548
1584
1600
1593
1617
1644
1611
1601
1584
1574
1564
1585
1585
1606
1621
1653
1640
1625
1605
1577
1566
1545
1561
1578
1601
1619
1629
1617
1606
1574
1570
1557
1557
1565
1579
1598
1623
1576
1617
1602
1587
1582
1562
1563
1564
1580
1556
1604
1616
1612
1608
1593
1590
1577
1587
1565
1572
1584
1598
1609
1617
1600
1594
1582
1573
1568
1572
1590
1588
1611
1611
1614
1601
1575
1575
1564
1569
1578
1613
1610
1621
1617
1605
1592
1588
1573
1575
1612
1596
1580
1604
1605
1587
1588
1595
1582
1582
1584
1593
1592
1611
1602
1591
1600
1603
1582
1588
1578
1580
1574
1583
1585
1596
1588
1592
1589
1598
1572
1570
1568
1577
1587
1601
1602
1569
1597
1575
1565
1562
1562
1582
1588
1606
1605
1613
1588
1586
1569
1560
1562
1568
1585
1599
1572
1611
1602
1597
1589
1571
1569
1556
1568
1609
1594
1603
1604
1606
1595
1589
1576
1570
1557
1560
1565
1579
1604
1609
1604
1602
1585
1599
1552
1549
1557
1561
1590
1615
1616
1589
1598
1580
1568
1564
1566
1532
1611
1606
1609
1609
1600
1588
1569
1565
1527
1575
1583
1598
1595
1606
1606
1599
1595
1581
1571
1571
1570
1579
1596
1601
1609
1610
1609
1603
1583
1572
1557
1558
1563
1583
1609
1611
1614
1604
1590
1570
1562
1553
1570
1575
1586
1599
1615
1611
1599
1624
1578
1565
1552
1559
1563
1585
1602
1602
1604
1598
1587
1579
1567
1561
1554
1571
1561
1590
1603
1599
1603
1588
1586
1578
1579
1574
1578
1588
1589
1595
1604
1601
1590
1601
1573
1559
1571
1581
1590
1592
1582
1592
1590
1576
1569
1561
1582
1546
1582
1595
1592
1588
1576
1568
1565
1547
1561
1571
1577
1590
1587
1589
1592
1572
1584
1566
1568
1570
1579
1566
1586
1595
1603
1600
1590
1581
1575
1573
1576
1585
1591
1593
1612
1610
1601
1590
1545
1559
1571
1563
1573
1591
1607
1603
1609
1602
1573
1559
1547
1546
1556
1561
1577
1590
1601
1575
1596
1583
1566
1553
1549
1558
1578
1586
1596
1603
1609
1601
1591
1575
1556
1564
1551
1561
1582
1589
1605
1582
1601
1582
1580
1567
1556
1552
1561
1578
1594
1608
1610
1603
1596
1573
1559
1552
1549
1565
1632
1602
1638
1630
1610
1584
1574
1562
1558
1557
1549
1587
1598
1599
1609
1601
1594
1577
1564
1552
1550
1563
1560
1576
1619
1605
1601
1585
1571
1561
1550
1550
1562
1573
1595
1605
1607
1598
1572
1559
1546
1497
1553
1568
1583
1586
1604
1610
1594
1590
1577
1564
1558
1558
1571
1589
1595
1606
1605
1577
1585
1576
1568
1555
1562
1567
1587
1600
1598
1597
1586
1575
1592
1562
1562
1568
1580
1588
1596
1598
1551
1580
1585
1565
1561
1565
1573
1599
1602
1612
1601
1603
1581
1568
1560
1565
1573
1559
1596
1609
1612
1605
1583
1581
1557
1558
1561
1578
1590
1599
1614
1606
1604
1598
1604
1552
1562
1563
1561
1578
1589
1589
1598
1595
1581
1575
1557
1553
1548
1562
1560
1563
1598
1602
1597
1579
1571
1575
1558
1557
1570
1586
1593
1601
1604
1592
1584
1592
1579
1576
1584
1595
1601
1619
1585
1608
1598
1585
1604
1569
1576
1581
1572
1603
1615
1613
1583
1586
1573
1556
1555
1581
1572
1583
1593
1599
1595
1590
1577
1565
1555
1551
1562
1577
1588
1604
1598
1601
1541
1578
1562
1558
1562
1588
1590
1608
1614
1610
1613
1593
1575
1573
1575
1551
1577
1594
1607
1609
1605
1625
1582
1575
1552
1577
1589
1592
1599
1595
1605
1594
1591
1574
1563
1557
1558
1570
1583
1585
1589
1637
1596
1584
1571
1560
1549
1566
1597
1599
1609
1615
1616
1608
1591
1572
1566
1560
1567
1578
1581
1598
1607
1598
1622
1603
1575
1574
1561
1571
1576
1596
1620
1607
1596
1589
1579
1565
1568
1568
1578
1569
1593
1605
1609
1596
1590
1567
1564
1550
1574
1579
1592
1609
1615
1611
1601
1568
1569
1556
1556
1565
1579
1606
1609
1619
1624
1599
1589
1568
1563
1551
1568
1578
1612
1617
1622
1614
1599
1583
1567
1544
1554
1563
1577
1610
1613
1609
1593
1592
1601
1531
1562
1558
1561
1581
1596
1611
1615
1602
1590
1578
1574
1554
1562
1574
1590
1583
1643
1622
1598
1594
1569
1568
1569
1562
1574
1594
1607
1613
1610
1603
1563
1567
1558
1545
1563
1578
1595
1596
1612
1590
1609
1588
1570
1566
1556
1570
1585
1605
1618
1620
1619
1608
1593
1556
1562
1563
1606
1583
1599
1606
1611
1595
1591
1575
1563
1561
1565
1568
1583
1599
1609
1591
1602
1596
1581
1575
1557
1566
1566
1585
1621
1604
1612
1612
1584
1570
1566
1567
1566
1572
1582
1597
1597
1595
1597
1577
1576
1569
1569
1597
1576
1589
1588
1601
1599
1604
1591
1603
1582
1578
1581
1592
1528
1592
1595
1596
1591
1567
1586
1565
1568
1564
1582
1595
1595
1592
1570
1605
1575
1571
1577
1583
1586
1584
1596
1604
1586
1591
1590
1587
1577
1553
1554
1581
1594
1624
1609
1609
1599
1585
1575
1569
1565
1575
1583
1587
1597
1594
1590
1584
1559
1581
1560
1563
1572
1582
1601
1584
1603
1614
1589
1578
1573
1569
1564
1563
1588
1593
1608
1606
1608
1599
1586
1576
1564
1569
1552
1581
1604
1590
1596
1586
1590
1583
1577
1573
1578
1580
1576
1589
1590
1585
1586
1616
1614
1586
1573
1571
1564
1575
1567
1590
1580
1585
1580
1576
1576
1564
1551
1573
1576
1578
1583
1571
1578
1560
1575
1610
1587
1591
1586
1593
1583
1585
1581
1579
1574
1580
1584
1585
1590
1589
1580
1581
1553
1580
1574
1604
1590
1578
1591
1596
1588
1579
1572
1574
1565
1571
1582
1532
1577
1596
1589
1590
1579
1578
1573
1567
1541
1576
1585
1610
1590
1586
1593
1578
1580
1576
1571
1556
1569
1575
1586
1584
1589
1584
1579
1572
1563
1580
1549
1565
1578
1587
1594
1591
1578
1595
1571
1567
1573
1568
1563
1573
1575
1580
1580
1573
1570
1594
1572
1572
1569
1572
1568
1579
1583
1579
1580
1582
1585
1580
1582
1577
1561
1571
1587
1578
1581
1580
1583
1579
1576
1558
1579
1580
1578
1578
1569
1566
1550
1569
1571
1575
1581
1582
1578
1579
1561
1580
1554
1558
1568
1571
1581
1580
1588
1571
1576
1563
1555
1550
1551
1563
1576
1558
1568
1585
1581
1576
1562
1564
1559
1571
1594
1587
1600
1588
1581
1579
1571
1561
1562
1559
1567
1573
1576
1581
1582
1578
1570
1565
1569
1556
1558
1574
1564
1580
1598
1584
1576
1569
1559
1549
1552
1554
1529
1574
1587
1590
1587
1574
1564
1547
1541
1511
1553
1579
1585
1592
1588
1585
1579
1559
1536
1549
1561
1562
1578
1591
1590
1595
1580
1576
1572
1559
1560
1554
1571
1572
1592
1597
1597
1591
1578
1572
1569
1561
1555
1569
1571
1582
1589
1593
1598
1573
1608
1558
1558
1554
1566
1569
1584
1592
1586
1569
1563
1561
1555
1559
1562
1566
1577
1597
1589
1574
1559
1558
1550
1552
1569
1599
1586
1586
1585
1573
1564
1548
1550
1554
1560
1571
1578
1588
1596
1581
1570
1529
1550
1547
1556
1556
1562
1581
1590
1605
1601
1588
1561
1555
1547
1545
1557
1575
1589
1607
1636
1599
1585
1548
1543
1545
1541
1553
1565
1583
1595
1602
1587
1574
1568
1541
1531
1529
1548
1597
1583
1595
1595
1595
1576
1560
1551
1555
1546
1572
1576
1587
1596
1599
1587
1575
1558
1534
1540
1540
1554
1571
1584
1595
1594
1584
1544
1562
1547
1538
1551
1556
1573
1594
1599
1592
1583
1574
1560
1554
1557
1554
1566
1583
1590
1617
1585
1577
1559
1556
1536
1537
1556
1588
1574
1580
1586
1587
1584
1549
1559
1559
1555
1550
1562
1568
1581
1627
1585
1589
1563
1561
1551
1552
1552
1565
1572
1581
1602
1583
1582
1571
1583
1564
1562
1570
1571
1572
1578
1566
1569
1586
1566
1564
1562
1559
1569
1569
1573
1570
1586
1574
1575
1573
1576
1567
1559
1565
1516
1542
1563
1563
1558
1558
1563
1567
1561
1558
1559
1558
1564
1564
1570
1556
1568
1564
1569
1568
1543
1567
1558
1572
1557
1566
1572
1566
1570
1566
1572
1575
1576
1585
1573
1567
1563
1563
1564
1557
1560
1596
1568
1566
1561
1565
1548
1545
1562
1556
1559
1556
1562
1564
1567
1564
1539
1556
1557
1555
1555
1549
1552
1547
1557
1567
1573
1575
1570
1571
1560
1547
1569
1559
1558
1570
1580
1579
1582
1588
1568
1563
1559
1561
1563
1567
1568
1545
1576
1556
1573
1570
1565
1561
1555
1556
1556
1560
1562
1570
1573
1579
1571
1541
1552
1550
1565
1550
1561
1564
1578
1571
1601
1572
1565
1557
1550
1551
1551
1556
1570
1565
1579
1576
1572
1570
1556
1549
1538
1548
1582
1569
1577
1605
1580
1594
1573
1561
1555
1554
1555
1560
1562
1566
1570
1564
1574
1532
1565
1561
1554
1555
1542
1565
1579
1580
1578
1566
1566
1557
1550
1559
1542
1567
1572
1577
1578
1570
1592
1551
1554
1533
1550
1558
1561
1563
1548
1569
1565
1569
1557
1553
1563
1561
1567
1565
1563
1575
1604
1570
1572
1564
1565
1562
1570
1580
1574
1578
1551
1569
1570
1569
1564
1564
1560
1563
1567
1567
1578
1571
1559
1566
1580
1563
1567
1567
1569
1568
1571
1574
1564
1552
1555
1554
1552
1560
1566
1562
1568
1564
1552
1557
1547
1556
1545
1563
1547
1576
1579
1574
1572
1558
1553
1552
1536
1554
1562
1573
1579
1583
1587
1573
1567
1562
1554
1549
1545
1561
1564
1583
1562
1586
1587
1579
1564
1548
1553
1550
1555
1567
1578
1589
1585
1603
1569
1549
1553
1562
1546
1554
1581
1575
1575
1577
1577
1574
1549
1554
1556
1556
1560
1564
1565
1572
1539
1576
1574
1591
1575
1564
1570
1592
1581
1583
1580
1582
1573
1574
1566
1546
1559
1566
1573
1578
1576
1576
1553
1562
1535
1556
1562
1559
1570
1571
1583
1585
1577
1564
1552
1549
1553
1554
1546
1571
1581
1626
1584
1581
1565
1562
1546
1555
1555
1574
1569
1577
1582
1578
1576
1561
1543
1569
1557
1561
1571
1577
1588
1578
1584
1605
1567
1559
1557
1559
1558
1576
1587
1590
1586
1580
1568
1552
1543
1542
1548
1581
1574
1591
1593
1602
1574
1552
1549
1557
1550
1558
1567
1582
1585
1591
1591
1526
1565
1533
1551
1555
1563
1578
1577
1588
1570
1583
1575
1562
1554
1547
1548
1546
1565
1567
1574
1580
1575
1571
1566
1567
1554
1548
1554
1563
1571
1569
1569
1573
1579
1562
1562
1558
1566
1596
1576
1575
1581
1568
1563
1555
1558
1562
1568
1571
1581
1598
1585
1580
1558
1577
1542
1547
1572
1564
1578
1578
1585
1580
1575
1564
1524
1546
1542
1530
1554
1568
1581
1583
1592
1575
1585
1561
1544
1539
1537
1551
1572
1587
1595
1604
1598
1581
1561
1561
1540
1541
1556
1573
1592
1570
1593
1579
1577
1551
1553
1540
1552
1543
1558
1580
1586
1561
1579
1571
1564
1555
1550
1551
1552
1562
1597
1584
1587
1580
1576
1565
1559
1549
1553
1556
1566
1574
1590
1584
1583
1570
1560
1552
1554
1552
1554
1577
1576
1601
1602
1582
1571
1562
1568
1546
1559
1567
1557
1581
1580
1582
1575
1552
1556
1557
1551
1518
1564
1580
1573
1578
1569
1574
1568
1563
1560
1553
1537
1552
1565
1572
1572
1575
1575
1575
1568
1559
1561
1546
1553
1550
1572
1574
1577
1574
1567
1562
1555
1571
1573
1561
1565
1557
1568
1569
1564
1566
1612
1570
1574
1575
1570
1544
1568
1572
1567
1571
1569
1571
1573
1569
1560
1552
1556
1558
1565
1567
1566
1568
1560
1568
1566
1569
1566
1578
1568
1560
1568
1574
1567
