1320
1317
1312
1290
1269
1264
1259
1263
1267
1258
1258
1264
1264
1262
1256
1260
1249
1266
1268
1261
1264
1257
1249
1256
1256
1257
1257
1257
1263
1255
1256
1255
1270
1251
1238
1287
1256
1251
1258
1264
1250
1265
1267
1268
1277
1270
1280
1282
1280
1273
1281
1284
1288
1292
1291
1291
1295
1283
1283
1331
1294
1295
1292
1291
1282
1274
1304
1290
1290
1291
1296
1284
1284
1292
1261
1282
1287
1288
1292
1280
1282
1274
1291
1289
1277
1278
1272
1271
1271
1274
1274
1276
1276
1271
1282
1282
1289
1289
1273
1291
1287
1288
1288
1317
1286
1275
1275
1259
1256
1266
1257
1254
1243
1264
1255
1232
1232
1223
1217
1219
1217
1219
1212
1209
1213
1223
1221
1218
1225
1217
1224
1209
1230
1236
1233
1254
1235
1235
1232
1239
1242
1248
1246
1246
1240
1255
1256
1259
1234
1271
1271
1265
1266
1253
1260
1229
1249
1263
1260
1262
1266
1275
1286
1232
1303
1312
1318
1332
1331
1344
1337
1323
1343
1330
1319
1311
1306
1279
1284
1278
1271
1260
1277
1291
1306
1325
1352
1341
1377
1379
1379
1360
1334
1303
1265
1244
1248
1202
1207
1165
1128
1095
1077
1067
1044
1044
1056
1076
1091
1121
1157
1158
1184
1205
1232
1244
1299
1348
1380
1440
1443
1417
1386
1345
1300
1279
1259
1264
1266
1276
1274
1283
1284
1285
1286
1302
1323
1354
1381
1414
1420
1423
1406
1403
1387
1375
1357
1340
1330
1297
1282
1246
1236
1198
1172
1158
1144
1130
1121
1144
1133
1142
1158
1176
1182
1168
1165
1182
1168
1181
1183
1181
1177
1181
1187
1188
1181
1206
1222
1246
1274
1298
1356
1344
1357
1337
1386
1358
1380
1370
1340
1332
1300
1310
1286
1278
1257
1244
1240
1211
1195
1210
1197
1185
1177
1165
1182
1178
1196
1205
1233
1244
1247
1262
1269
1278
1285
1290
1297
1293
1289
1283
1283
1285
1266
1264
1261
1268
1265
1259
1260
1252
1265
1267
1282
1297
1310
1324
1354
1351
1359
1372
1372
1389
1390
1383
1382
1379
1355
1334
1349
1306
1279
1257
1243
1204
1212
1217
1198
1169
1176
1183
1168
1160
1162
1155
1158
1174
1193
1212
1204
1238
1243
1252
1298
1255
1265
1263
1265
1265
1276
1268
1246
1235
1233
1235
1228
1236
1251
1217
1262
1287
1292
1297
1298
1310
1317
1339
1373
1384
1424
1415
1422
1415
1413
1385
1373
1328
1292
1257
1222
1211
1170
1161
1178
1184
1183
1202
1200
1212
1209
1230
1224
1265
1270
1262
1268
1255
1240
1213
1203
1183
1171
1155
1165
1143
1141
1127
1135
1128
1145
1148
1159
1175
1171
1206
1196
1259
1264
1277
1298
1317
1342
1353
1368
1374
1369
1378
1379
1352
1346
1328
1317
1288
1292
1307
1309
1360
1322
1328
1328
1335
1328
1320
1308
1301
1293
1283
1209
1283
1252
1250
1227
1217
1216
1213
1221
1243
1236
1242
1261
1250
1251
1274
1300
1296
1324
1338
1340
1344
1354
1353
1323
1333
1326
1288
1301
1282
1277
1247
1242
1292
1240
1248
1239
1240
1238
1247
1263
1255
1260
1267
1250
1267
1263
1258
1244
1242
1255
1251
1256
1260
1267
1247
1252
1264
1242
1226
1214
1199
1187
1185
1176
1199
1155
1151
1144
1143
1148
1160
1164
1172
1205
1234
1237
1284
1285
1291
1315
1320
1329
1342
1347
1353
1359
1355
1364
1344
1327
1302
1278
1255
1230
1221
1206
1207
1198
1225
1240
1245
1263
1270
1302
1313
1336
1338
1323
1320
1309
1301
1280
1211
1277
1251
1235
1232
1224
1200
1191
1219
1192
1242
1254
1264
1263
1268
1254
1283
1281
1295
1300
1305
1301
1302
1291
1259
1285
1257
1294
1298
1300
1300
1291
1292
1286
1301
1323
1316
1327
1347
1332
1337
1301
1308
1295
1284
1266
1252
1237
1221
1196
1187
1187
1184
1164
1204
1207
1222
1243
1235
1251
1253
1265
1261
1233
1270
1262
1246
1241
1240
1231
1229
1238
1231
1234
1271
1241
1232
1215
1216
1202
1238
1225
1217
1214
1210
1211
1204
1215
1224
1241
1257
1294
1285
1278
1273
1268
1257
1258
1303
1259
1270
1280
1280
1284
1286
1295
1294
1299
1301
1315
1310
1308
1304
1206
1287
1282
1291
1305
1298
1308
1289
1285
1284
1264
1275
1259
1270
1257
1266
1269
1265
1265
1266
1266
1271
1287
1296
1269
1292
1274
1288
1286
1284
1284
1281
1274
1279
1274
1264
1232
1246
1262
1278
1284
1327
1291
1282
1265
1253
1251
1247
1233
1242
1244
1239
1249
1221
1226
1223
1243
1250
1285
1294
1296
1296
1289
1289
1283
1278
1269
1263
1265
1241
1255
1252
1241
1242
1202
1249
1245
1234
1232
1189
1214
1204
1218
1231
1241
1258
1280
1303
1280
1283
1284
1289
1294
1283
1303
1304
1290
1294
1276
1269
1266
1239
1226
1251
1249
1248
1232
1222
1199
1251
1232
1255
1273
1253
1264
1256
1255
1259
1261
1295
1265
1268
1284
1258
1247
1234
1247
1227
1261
1281
1310
1289
1280
1269
1266
1235
1277
1299
1286
1286
1280
1296
1255
1246
1244
1247
1272
1265
1269
1272
1273
1265
1284
1317
1314
1333
1344
1347
1341
1330
1302
1281
1278
1273
1266
1252
1248
1233
1195
1209
1216
1234
1240
1249
1270
1271
1268
1240
1241
1243
1249
1264
1284
1300
1313
1283
1308
1305
1324
1315
1313
1298
1307
1302
1279
1271
1253
1211
1237
1268
1268
1275
1258
1248
1232
1218
1207
1188
1245
1238
1228
1183
1226
1225
1198
1221
1218
1245
1256
1285
1272
1272
1270
1259
1275
1287
1277
1302
1311
1305
1306
1284
1253
1242
1246
1230
1252
1261
1259
1257
1232
1263
1251
1261
1281
1283
1290
1287
1276
1262
1243
1264
1278
1300
1321
1315
1314
1331
1295
1301
1289
1294
1281
1303
1268
1257
1243
1217
1200
1211
1215
1226
1232
1230
1205
1207
1222
1179
1204
1212
1241
1248
1265
1271
1258
1256
1259
1278
1274
1290
1290
1284
1257
1235
1233
1236
1245
1244
1276
1294
1292
1294
1289
1294
1281
1300
1299
1315
1308
1282
1281
1259
1239
1249
1273
1277
1296
1308
1329
1303
1309
1253
1272
1294
1288
1319
1311
1321
1292
1264
1262
1262
1278
1292
1290
1287
1271
1248
1228
1214
1201
1251
1249
1262
1271
1268
1253
1242
1233
1241
1206
1255
1280
1253
1257
1246
1207
1245
1241
1257
1262
1285
1284
1243
1265
1235
1219
1239
1256
1254
1267
1262
1274
1225
1228
1206
1238
1242
1271
1305
1316
1298
1288
1240
1272
1277
1279
1293
1305
1313
1307
1279
1279
1271
1278
1284
1297
1308
1297
1254
1229
1229
1213
1259
1300
1293
1293
1286
1263
1247
1254
1221
1248
1248
1284
1289
1276
1264
1260
1220
1231
1286
1304
1306
1313
1292
1283
1238
1234
1251
1275
1295
1299
1314
1262
1259
1252
1192
1235
1251
1269
1285
1282
1287
1239
1224
1233
1214
1239
1264
1274
1284
1263
1239
1248
1212
1240
1236
1257
1279
1279
1257
1242
1233
1195
1243
1239
1274
1291
1273
1273
1257
1256
1250
1246
1293
1282
1316
1317
1300
1265
1250
1238
1268
1282
1321
1323
1294
1281
1262
1242
1241
1297
1302
1315
1324
1316
1308
1271
1279
1236
1268
1318
1306
1314
1296
1253
1273
1259
1212
1260
1280
1276
1303
1280
1268
1252
1269
1227
1251
1278
1282
1296
1270
1192
1208
1225
1165
1243
1242
1261
1274
1266
1232
1245
1228
1217
1245
1258
1280
1302
1279
1261
1226
1222
1203
1261
1289
1298
1319
1321
1287
1275
1229
1234
1259
1288
1295
1301
1291
1260
1241
1205
1208
1280
1309
1322
1314
1334
1238
1282
1231
1220
1292
1301
1321
1299
1298
1244
1240
1182
1251
1254
1283
1274
1261
1261
1214
1193
1221
1262
1257
1305
1323
1298
1290
1282
1242
1191
1288
1291
1309
1323
1307
1307
1284
1245
1268
1308
1308
1307
1327
1300
1248
1267
1212
1224
1281
1285
1298
1303
1279
1239
1270
1230
1226
1295
1283
1305
1313
1298
1229
1235
1223
1169
1266
1273
1271
1284
1275
1214
1203
1181
1181
1251
1269
1290
1284
1285
1255
1229
1234
1205
1267
1278
1288
1280
1280
1227
1272
1201
1187
1290
1324
1322
1305
1327
1303
1257
1218
1198
1303
1310
1320
1302
1302
1279
1225
1212
1177
1291
1306
1311
1299
1302
1283
1217
1237
1192
1304
1319
1320
1308
1319
1280
1234
1222
1203
1307
1305
1330
1316
1286
1272
1258
1254
1254
1323
1337
1346
1321
1327
1237
1225
1229
1230
1282
1263
1313
1285
1264
1244
1188
1204
1256
1281
1274
1302
1278
1246
1236
1170
1181
1246
1276
1342
1321
1309
1283
1258
1234
1223
1296
1316
1326
1322
1298
1243
1257
1200
1170
1258
1268
1284
1297
1280
1242
1219
1186
1207
1277
1292
1320
1314
1300
1242
1258
1241
1199
1305
1324
1341
1314
1310
1228
1248
1220
1214
1284
1293
1304
1290
1276
1222
1226
1213
1204
1275
1284
1328
1285
1309
1241
1229
1201
1205
1310
1314
1322
1306
1307
1270
1245
1196
1209
1302
1275
1332
1308
1303
1256
1204
1225
1209
1301
1313
1335
1307
1281
1224
1207
1211
1239
1296
1334
1332
1300
1262
1254
1208
1229
1287
1338
1361
1373
1352
1328
1304
1258
1264
1329
1360
1362
1354
1317
1250
1248
1236
1210
1291
1325
1323
1314
1287
1259
1248
1208
1212
1284
1308
1315
1311
1301
1243
1184
1188
1209
1315
1322
1340
1304
1304
1213
1237
1195
1179
1292
1291
1305
1278
1272
1243
1170
1163
1166
1276
1300
1307
1286
1280
1191
1246
1210
1231
1303
1319
1340
1314
1301
1269
1243
1230
1205
1319
1336
1328
1338
1244
1214
1198
1196
1280
1297
1314
1290
1336
1264
1241
1212
1213
1321
1351
1358
1274
1363
1277
1243
1223
1207
1309
1331
1327
1262
1323
1265
1202
1220
1193
1296
1282
1318
1210
1297
1224
1181
1194
1166
1272
1290
1305
1228
1326
1239
1197
1204
1276
1297
1304
1275
1225
1308
1231
1186
1214
1284
1308
1314
1307
1236
1346
1241
1206
1233
1293
1310
1307
1182
1227
1316
1240
1221
1238
1309
1313
1346
1267
1254
1330
1236
1224
1204
1299
1333
1347
1261
1306
1352
1226
1222
1248
1289
1337
1344
1278
1270
1323
1263
1225
1232
1309
1319
1327
1250
1312
1253
1218
1212
1253
1290
1330
1324
1222
1305
1242
1206
1212
1261
1290
1304
1279
1248
1318
1210
1243
1223
1312
1323
1342
1309
1245
1330
1222
1229
1175
1275
1285
1302
1237
1217
1315
1231
1214
1224
1296
1316
1317
1271
1244
1336
1243
1198
1194
1296
1313
1330
1277
1272
1320
1259
1211
1245
1330
1327
1352
1284
1260
1356
1269
1230
1233
1317
1326
1329
1254
1272
1361
1217
1211
1212
1298
1283
1248
1256
1302
1341
1252
1207
1309
1325
1342
1326
1269
1274
1329
1242
1233
1288
1302
1314
1222
1230
1299
1252
1164
1141
1240
1269
1285
1243
1228
1319
1230
1216
1206
1311
1335
1359
1302
1337
1365
1279
1203
1181
1265
1282
1297
1238
1249
1292
1130
1148
1137
1248
1274
1302
1262
1253
1334
1241
1250
1299
1326
1353
1375
1297
1315
1333
1201
1172
1260
1292
1341
1262
1248
1261
1346
1207
1211
1268
1304
1335
1315
1299
1305
1328
1171
1197
1228
1301
1332
1287
1310
1357
1333
1174
1161
1222
1277
1302
1255
1249
1305
1272
1165
1142
1228
1296
1310
1308
1305
1366
1245
1231
1163
1267
1279
1301
1232
1266
1288
1183
1151
1218
1251
1300
1348
1314
1298
1377
1263
1191
1194
1288
1313
1343
1299
1297
1334
1236
1176
1237
1278
1317
1348
1313
1282
1351
1230
1155
1248
1261
1295
1269
1281
1244
1316
1197
1146
1227
1257
1296
1274
1257
1255
1323
1210
1189
1203
1268
1312
1255
1309
1349
1335
1187
1172
1203
1304
1346
1288
1298
1312
1333
1221
1157
1228
1297
1360
1305
1307
1362
1327
1238
1261
1244
1300
1345
1316
1332
1384
1302
1214
1191
1277
1315
1347
1273
1266
1306
1250
1185
1210
1221
1267
1298
1228
1255
1307
1200
1143
1224
1256
1297
1264
1297
1288
1335
1200
1130
1206
1226
1273
1283
1244
1298
1335
1212
1169
1255
1284
1339
1340
1352
1427
1410
1269
1221
1252
1311
1347
1296
1307
1314
1347
1222
1174
1180
1249
1309
1239
1266
1355
1289
1177
1165
1186
1266
1316
1275
1315
1359
1310
1166
1204
1207
1259
1319
1273
1345
1351
1228
1160
1200
1203
1270
1317
1322
1325
1386
1283
1234
1284
1285
1327
1281
1335
1337
1404
1247
1183
1234
1212
1287
1300
1269
1292
1375
1265
1191
1270
1295
1318
1284
1326
1352
1388
1250
1202
1237
1273
1311
1223
1322
1378
1374
1215
1188
1229
1254
1305
1238
1271
1294
1335
1234
1157
1211
1288
1320
1295
1385
1427
1388
1273
1286
1235
1296
1343
1264
1268
1350
1242
1180
1125
1193
1263
1315
1278
1355
1377
1294
1223
1246
1235
1255
1300
1236
1236
1308
1164
1117
1173
1155
1229
1203
1281
1303
1389
1280
1248
1316
1321
1364
1356
1334
1350
1401
1241
1172
1243
1253
1290
1249
1311
1302
1358
1232
1200
1204
1263
1293
1248
1279
1290
1340
1202
1164
1213
1268
1292
1275
1364
1367
1334
1213
1165
1170
1238
1273
1254
1335
1287
1332
1208
1214
1226
1303
1349
1316
1356
1406
1304
1213
1178
1216
1273
1315
1274
1265
1345
1252
1194
1225
1236
1294
1289
1292
1342
1392
1257
1241
1264
1251
1277
1282
1241
1263
1332
1200
1155
1229
1234
1267
1249
1239
1264
1335
1235
1218
1220
1281
1327
1295
1390
1335
1412
1276
1227
1266
1305
1322
1247
1252
1263
1305
1190
1162
1192
1247
1285
1262
1341
1347
1336
1195
1201
1207
1257
1285
1207
1306
1203
1266
1165
1106
1173
1242
1281
1215
1271
1272
1301
1190
1227
1199
1283
1325
1293
1322
1380
1290
1266
1335
1314
1374
1335
1368
1338
1404
1294
1256
1294
1268
1314
1274
1299
1292
1361
1216
1228
1282
1292
1302
1277
1377
1324
1360
1195
1190
1215
1243
1273
1239
1324
1266
1318
1233
1187
1220
1282
1327
1255
1369
1311
1357
1247
1203
1236
1295
1332
1281
1363
1322
1366
1241
1196
1245
1300
1319
1255
1328
1350
1284
1190
1166
1214
1269
1313
1290
1296
1283
1339
1245
1239
1270
1283
1334
1246
1267
1322
1206
1154
1149
1187
1250
1217
1244
1278
1324
1258
1224
1278
1260
1315
1284
1297
1300
1354
1254
1212
1260
1275
1322
1287
1372
1271
1364
1255
1189
1265
1264
1290
1214
1361
1253
1353
1253
1207
1241
1316
1337
1288
1390
1299
1359
1248
1235
1214
1275
1292
1245
1314
1233
1326
1230
1218
1260
1312
1324
1282
1272
1315
1310
1222
1197
1204
1254
1262
1219
1222
1231
1205
1122
1172
1165
1236
1201
1294
1285
1340
1274
1250
1278
1283
1343
1320
1390
1333
1395
1297
1256
1300
1258
1294
1244
1320
1262
1317
1253
1232
1232
1282
1336
1270
1395
1325
1404
1307
1222
1262
1291
1296
1220
1316
1234
1295
1214
1158
1222
1263
1290
1233
1357
1263
1355
1243
1184
1205
1274
1283
1234
1323
1237
1338
1258
1206
1255
1310
1320
1271
1288
1345
1324
1235
1211
1235
1284
1295
1262
1306
1287
1308
1268
1215
1261
1291
1257
1326
1267
1262
1271
1250
1281
1237
1288
1264
1330
1295
1349
1282
1260
1292
1261
1290
1225
1367
1289
1333
1273
1239
1244
1256
1289
1237
1329
1274
1334
1246
1213
1278
1270
1304
1264
1371
1322
1399
1306
1285
1302
1339
1346
1283
1383
1298
1387
1253
1261
1270
1313
1307
1218
1305
1266
1328
1249
1243
1237
1274
1279
1211
1271
1241
1302
1233
1176
1220
1251
1258
1178
1232
1208
1245
1192
1263
1215
1261
1188
1284
1226
1214
1264
1188
1265
1218
1264
1248
1300
1275
1334
1255
1270
1308
1265
1302
1230
1328
1288
1309
1229
1196
1268
1249
1234
1243
1344
1292
1366
1254
1278
1308
1290
1318
1269
1352
1301
1369
1288
1248
1284
1322
1330
1261
1370
1269
1368
1253
1222
1260
1308
1310
1232
1314
1288
1335
1223
1194
1209
1290
1267
1221
1222
1174
1282
1202
1229
1207
1266
1275
1222
1257
1209
1301
1264
1310
1262
1308
1246
1319
1277
1263
1289
1224
1313
1272
1317
1303
1334
1289
1341
1289
1248
1291
1262
1291
1235
1319
1260
1323
1247
1242
1288
1281
1337
1224
1343
1255
1358
1244
1257
1273
1303
1315
1202
1327
1254
1306
1202
1222
1207
1260
1275
1216
1291
1238
1321
1187
1198
1246
1301
1308
1226
1295
1247
1308
1219
1131
1235
1278
1265
1246
1285
1276
1343
1235
1335
1309
1338
1364
1247
1267
1246
1254
1233
1308
1255
1305
1246
1322
1241
1226
1251
1266
1322
1279
1312
1253
1350
1250
1336
1279
1271
1304
1284
1311
1215
1329
1230
1304
1238
1225
1233
1268
1303
1224
1330
1237
1399
1286
1246
1308
1323
1300
1272
1348
1271
1334
1241
1262
1301
1326
1343
1254
1359
1268
1329
1249
1232
1284
1326
1323
1318
1315
1221
1296
1176
1179
1224
1287
1287
1276
1272
1208
1295
1204
1260
1218
1279
1283
1236
1187
1204
1218
1203
1203
1241
1283
1219
1304
1235
1253
1230
1237
1305
1274
1309
1247
1308
1223
1278
1213
1232
1284
1279
1322
1265
1350
1253
1346
1269
1281
1331
1317
1341
1263
1339
1225
1323
1221
1222
1271
1307
1318
1203
1331
1255
1312
1246
1229
1260
1314
1327
1246
1348
1295
1341
1260
1260
1262
1362
1334
1290
1327
1225
1314
1243
1243
1276
1337
1347
1360
1328
1321
1376
1279
1348
1298
1338
1328
1292
1256
1219
1241
1198
1259
1280
1343
1296
1353
1272
1240
1264
1259
1294
1255
1291
1228
1286
1214
1260
1195
1173
1303
1264
1321
1268
1349
1217
1310
1236
1263
1311
1292
1333
1245
1339
1259
1346
1239
1253
1283
1332
1348
1248
1356
1271
1335
1230
1220
1269
1328
1340
1248
1328
1261
1317
1219
1219
1235
1282
1281
1283
1313
1229
1317
1229
1217
1275
1346
1351
1326
1296
1268
1320
1239
1248
1265
1301
1241
1307
1233
1224
1223
1201
1221
1299
1351
1313
1359
1296
1299
1296
1278
1314
1287
1326
1300
1298
1203
1262
1159
1149
1230
1215
1285
1216
1307
1208
1279
1193
1229
1288
1279
1327
1223
1331
1247
1292
1231
1213
1260
1285
1309
1209
1315
1200
1301
1183
1185
1236
1296
1336
1233
1338
1279
1346
1278
1272
1303
1338
1349
1324
1349
1226
1331
1245
1229
1268
1313
1324
1315
1281
1224
1323
1251
1233
1265
1318
1260
1313
1249
1194
1188
1160
1265
1209
1276
1245
1286
1221
1213
1204
1208
1272
1264
1328
1272
1343
1256
1315
1278
1273
1349
1322
1358
1290
1352
1257
1307
1234
1196
1271
1283
1330
1244
1347
1270
1327
1275
1240
1285
1312
1338
1238
1335
1260
1312
1233
1216
1242
1309
1325
1231
1324
1238
1319
1206
1197
1236
1315
1311
1317
1317
1227
1294
1186
1203
1206
1272
1281
1283
1241
1177
1273
1172
1262
1239
1298
1267
1323
1272
1251
1283
1267
1257
1292
1365
1334
1382
1285
1301
1300
1251
1336
1232
1351
1285
1347
1341
1302
1197
1211
1202
1233
1302
1312
1309
1304
1249
1248
1237
1231
1228
1196
1251
1325
1312
1293
1224
1228
1229
1178
1172
1183
1213
1268
1279
1276
1269
1235
1254
1275
1266
1278
1243
1229
1321
1316
1312
1273
1278
1279
1213
1223
1239
1243
1307
1320
1334
1337
1324
1310
1318
1284
1253
1228
1254
1338
1347
1325
1305
1290
1266
1229
1235
1217
1201
1315
1323
1317
1299
1251
1243
1230
1210
1248
1242
1243
1356
1340
1319
1293
1277
1244
1249
1263
1288
1285
1331
1334
1324
1318
1297
1319
1318
1293
1295
1238
1203
1334
1293
1286
1257
1263
1247
1245
1208
1171
1173
1270
1304
1319
1318
1297
1233
1268
1225
1231
1191
1220
1336
1345
1341
1311
1294
1281
1258
1253
1268
1294
1355
1356
1326
1303
1243
1230
1229
1183
1193
1249
1212
1314
1310
1284
1261
1245
1261
1220
1256
1252
1194
1255
1263
1264
1271
1252
1276
1305
1266
1228
1192
1180
1264
1282
1294
1289
1261
1250
1241
1234
1235
1208
1249
1344
1374
1358
1319
1284
1262
1219
1206
1220
1214
1294
1283
1259
1218
1181
1169
1117
1152
1194
1193
1234
1294
1295
1222
1175
1192
1201
1184
1235
1308
1316
1406
1398
1368
1340
1302
1308
1301
1323
1390
1390
1410
1481
1436
1380
1303
1272
1269
1296
1345
1421
1432
1508
1472
1371
1260
1154
1121
1140
1223
1285
1389
1416
1464
1358
1228
1063
988
995
1023
1175
1275
1324
1347
1258
1121
1006
896
937
1058
1165
1336
1362
1376
1364
1228
1109
1019
967
1067
1099
1291
1376
1401
1414
1361
1259
1177
1100
1155
1242
1312
1416
1442
1469
1499
1401
1291
1197
1130
1158
1235
1312
1416
1458
1469
1461
1343
1212
1076
1053
1107
1183
1363
1438
1470
1512
1391
1280
1154
1094
1155
1281
1428
1521
1548
1492
1463
1339
1193
1110
1121
1221
1330
1406
1461
1448
1413
1288
1170
1093
1067
1134
1206
1335
1365
1431
1334
1385
1302
1214
1168
1163
1223
1283
1342
1424
1379
1307
1341
1223
1117
1030
1039
1113
1207
1287
1391
1392
1420
1316
1183
1093
1040
1089
1215
1309
1411
1454
1425
1393
1262
1141
1071
1090
1196
1300
1387
1450
1446
1443
1341
1210
1161
1102
1171
1254
1386
1455
1443
1458
1428
1315
1218
1160
1141
1205
1291
1384
1399
1447
1391
1399
1289
1216
1094
1090
1162
1195
1282
1353
1370
1375
1272
1147
1042
984
1029
1161
1282
1383
1448
1388
1373
1238
1122
1043
1056
1151
1267
1342
1405
1379
1296
1266
1158
1081
1065
1142
1278
1379
1405
1405
1380
1390
1297
1225
1198
1210
1288
1380
1451
1477
1459
1386
1397
1315
1233
1185
1195
1256
1344
1401
1442
1430
1375
1376
1257
1190
1143
1142
1287
1324
1449
1451
1396
1379
1246
1133
1069
1078
1148
1271
1358
1376
1371
1256
1257
1148
1080
1075
1133
1252
1319
1349
1395
1306
1217
1215
1133
1109
1104
1207
1281
1331
1344
1290
1217
1236
1159
1102
1092
1096
1197
1257
1281
1367
1317
1292
1293
1233
1169
1152
1185
1283
1370
1399
1479
1391
1308
1278
1192
1152
1155
1254
1381
1475
1482
1452
1368
1304
1201
1120
1127
1196
1305
1445
1464
1436
1333
1237
1231
1171
1153
1201
1274
1398
1443
1414
1356
1294
1182
1197
1155
1158
1205
1303
1351
1356
1360
1280
1228
1153
1103
1079
1092
1139
1227
1312
1344
1351
1291
1210
1202
1168
1155
1224
1265
1371
1465
1461
1387
1323
1175
1171
1116
1125
1182
1278
1400
1450
1396
1369
1212
1124
1143
1130
1168
1237
1308
1401
1411
1362
1278
1183
1152
1150
1175
1234
1289
1378
1425
1411
1341
1299
1204
1226
1190
1199
1256
1312
1388
1453
1422
1345
1283
1132
1155
1099
1115
1172
1257
1380
1370
1342
1297
1169
1061
1123
1129
1202
1272
1408
1455
1431
1352
1271
1120
1152
1122
1152
1235
1292
1404
1448
1392
1349
1225
1121
1140
1131
1168
1173
1293
1374
1414
1393
1313
1211
1149
1182
1180
1223
1306
1385
1475
1496
1430
1314
1222
1090
1126
1139
1207
1305
1419
1459
1477
1389
1285
1072
1092
1108
1159
1274
1387
1484
1515
1445
1323
1202
1108
1127
1150
1219
1325
1401
1460
1468
1350
1240
1158
1094
1159
1183
1243
1330
1370
1424
1423
1349
1235
1159
1029
1115
1133
1203
1271
1348
1414
1429
1315
1244
1177
1082
1117
1171
1265
1353
1443
1481
1405
1329
1169
1089
1034
1107
1187
1307
1407
1481
1488
1421
1305
1192
1094
1141
1204
1283
1389
1434
1467
1443
1312
1225
1143
1095
1165
1204
1277
1358
1394
1411
1400
1315
1175
1132
1091
1153
1176
1258
1355
1401
1446
1430
1295
1229
1076
1039
1087
1144
1255
1381
1436
1503
1427
1249
1119
1054
1015
1099
1178
1341
1437
1480
1484
1349
1231
1076
993
1044
1129
1257
1372
1440
1473
1448
1302
1208
1120
1034
1099
1169
1269
1383
1429
1475
1455
1350
1214
1092
1050
1116
1182
1305
1448
1504
1544
1497
1315
1182
1060
964
1098
1202
1381
1534
1591
1600
1526
1302
1120
1022
961
1117
1258
1419
1534
1541
1505
1371
1189
1004
959
944
1130
1271
1412
1504
1492
1439
1315
1158
1047
938
951
1134
1292
1433
1542
1537
1476
1346
1171
1028
870
953
1125
1258
1468
1569
1556
1452
1292
1085
926
864
951
1177
1392
1560
1638
1570
1428
1226
1051
925
958
1143
1326
1522
1645
1655
1551
1371
1204
1030
979
999
1197
1363
1521
1632
1629
1507
1357
1148
1031
979
993
1159
1328
1483
1574
1557
1462
1292
1082
908
857
915
1144
1341
1524
1644
1603
1456
1253
984
882
859
937
1215
1432
1619
1672
1566
1366
1144
938
851
892
1048
1298
1493
1640
1645
1498
1314
1129
967
873
931
1073
1306
1531
1636
1617
1472
1298
1113
924
888
944
1068
1309
1542
1656
1639
1483
1274
1073
861
857
916
1112
1418
1632
1735
1679
1479
1236
1022
879
890
1008
1235
1520
1709
1742
1616
1382
1131
954
842
859
1022
1242
1550
1691
1681
1543
1316
1094
956
824
926
1022
1271
1535
1654
1634
1489
1280
1064
930
857
894
1055
1283
1560
1659
1640
1473
1245
1017
879
798
954
1146
1403
1624
1707
1621
1438
1182
957
861
824
997
1205
1456
1660
1683
1576
1363
1148
951
867
927
1059
1279
1505
1652
1665
1561
1335
1141
969
924
937
1106
1337
1549
1680
1676
1539
1324
1116
967
858
943
1101
1341
1556
1702
1658
1497
1276
1079
910
890
933
1182
1433
1606
1679
1606
1431
1206
1027
898
921
1007
1160
1429
1581
1645
1544
1366
1163
1008
909
943
1023
1288
1446
1596
1613
1520
1348
1167
1016
940
981
1102
1290
1512
1613
1613
1483
1339
1158
1028
973
1025
1188
1321
1520
1596
1591
1456
1276
1129
1029
1000
1068
1212
1353
1491
1535
1505
1362
1225
1097
1007
1002
1060
1199
1334
1442
1458
1435
1329
1219
1112
1025
1027
1075
1212
1320
1448
1478
1446
1344
1244
1105
1063
1107
1120
1214
1337
1478
1514
1485
1354
1225
1130
1062
1079
1138
1269
1386
1459
1512
1457
1341
1219
1160
1099
1111
1168
1271
1349
1413
1422
1387
1284
1177
1089
1067
1074
1128
1185
1328
1397
1426
1358
1312
1223
1153
1118
1117
1155
1237
1376
1424
1477
1437
1365
1270
1166
1126
1140
1208
1289
1402
1475
1455
1431
1344
1234
1159
1114
1148
1216
1295
1387
1409
1442
1362
1305
1213
1130
1102
1114
1170
1245
1337
1386
1383
1357
1272
1195
1121
1070
1102
1184
1227
1327
1413
1430
1364
1299
1214
1125
1089
1107
1180
1270
1357
1441
1452
1392
1288
1171
1084
1056
1095
1176
1277
1372
1436
1415
1379
1267
1136
1111
1094
1145
1216
1304
1385
1431
1427
1365
1297
1170
1122
1122
1159
1229
1329
1416
1450
1452
1387
1306
1171
1130
1099
1134
1210
1303
1402
1425
1426
1338
1241
1162
1067
1089
1145
1230
1339
1386
1410
1366
1289
1177
1115
1097
1095
1166
1231
1331
1380
1395
1369
1269
1222
1153
1133
1157
1178
1255
1335
1366
1387
1357
1308
1242
1176
1158
1167
1203
1244
1308
1339
1379
1375
1311
1240
1190
1163
1175
1224
1282
1321
1363
1414
1348
1281
1230
1172
1173
1205
1300
1316
1355
1355
1341
1279
1255
1223
1198
1202
1222
1268
1294
1295
1295
1278
1249
1208
1222
1216
1217
1254
1257
1273
1266
1245
1279
1245
1220
1214
1228
1250
1235
1280
1273
1264
1255
1234
1214
1198
1198
1212
1270
1272
1298
1259
1254
1231
1190
1162
1161
1191
1230
1296
1325
1320
1304
1281
1234
1201
1193
1228
1267
1330
1388
1425
1405
1355
1294
1224
1173
1173
1220
1276
1329
1376
1410
1377
1323
1257
1180
1142
1168
1178
1234
1319
1367
1413
1385
1322
1210
1168
1113
1088
1132
1222
1313
1389
1437
1407
1361
1235
1171
1114
1103
1147
1260
1353
1437
1471
1454
1375
1266
1167
1123
1142
1160
1254
1344
1430
1457
1460
1364
1250
1150
1098
1084
1107
1196
1302
1369
1441
1432
1367
1271
1148
1098
1085
1115
1192
1281
1358
1423
1423
1361
1265
1191
1070
1069
1089
1158
1256
1358
1422
1422
1384
1294
1186
1097
1083
1112
1163
1258
1332
1399
1418
1381
1307
1224
1132
1103
1110
1169
1231
1304
1377
1397
1417
1376
1280
1218
1157
1141
1149
1235
1280
1348
1395
1403
1389
1325
1259
1194
1112
1155
1205
1225
1301
1377
1411
1371
1335
1284
1202
1154
1104
1122
1157
1219
1301
1354
1376
1350
1303
1239
1169
1122
1103
1148
1208
1299
1389
1436
1451
1401
1351
1247
1178
1140
1170
1202
1288
1390
1462
1493
1456
1370
1270
1164
1100
1045
1119
1210
1299
1409
1482
1438
1370
1244
1161
1050
1018
1094
1165
1283
1387
1451
1449
1321
1287
1146
1057
1014
1044
1118
1252
1381
1469
1494
1433
1320
1203
1088
1037
1054
1134
1246
1374
1475
1522
1480
1362
1244
1121
1049
1052
1127
1240
1379
1510
1531
1522
1386
1269
1134
1057
1033
1094
1197
1319
1398
1452
1429
1327
1178
1094
1006
984
1062
1129
1253
1338
1423
1425
1375
1292
1184
1118
1083
1116
1189
1295
1408
1473
1490
1452
1356
1265
1184
1140
1143
1235
1302
1374
1436
1453
1424
1330
1250
1183
1140
1156
1208
1261
1326
1366
1381
1361
1288
1236
1185
1149
1159
1166
1204
1231
1262
1316
1321
1282
1258
1215
1206
1233
1209
1237
1262
1268
1307
1325
1311
1270
1273
1261
1223
1238
1207
1236
1248
1262
1275
1296
1299
1288
1273
1252
1244
1244
1224
1218
1198
1246
1260
1299
1317
1303
1310
1282
1248
1221
1143
1195
1209
1250
1297
1329
1327
1339
1318
1259
1219
1185
1170
1198
1239
1293
1336
1321
1360
1312
1285
1248
1176
1164
1183
1229
1273
1336
1376
1378
1354
1293
1236
1157
1149
1174
1216
1269
1329
1355
1393
1386
1325
1251
1187
1173
1136
1166
1217
1288
1359
1373
1385
1345
1285
1216
1184
1156
1185
1247
1323
1406
1424
1429
1393
1330
1251
1194
1152
1182
1228
1287
1339
1385
1387
1368
1329
1261
1196
1152
1144
1163
1233
1273
1322
1384
1401
1378
1331
1246
1192
1156
1158
1164
1272
1324
1381
1402
1374
1318
1224
1167
1125
1116
1153
1216
1298
1344
1365
1333
1338
1278
1204
1143
1128
1125
1182
1229
1302
1360
1373
1362
1317
1257
1187
1152
1156
1149
1184
1235
1300
1337
1351
1343
1281
1234
1191
1140
1141
1166
1231
1298
1361
1382
1378
1342
1258
1249
1173
1153
1160
1197
1255
1315
1350
1375
1353
1319
1286
1212
1172
1156
1178
1212
1292
1371
1415
1456
1410
1362
1283
1218
1161
1107
1198
1244
1332
1421
1417
1416
1367
1301
1232
1179
1159
1195
1238
1298
1362
1412
1423
1392
1317
1269
1200
1161
1152
1161
1210
1286
1359
1399
1397
1359
1276
1209
1176
1120
1142
1187
1267
1322
1373
1394
1358
1289
1222
1167
1124
1157
1190
1236
1315
1360
1382
1335
1306
1255
1198
1183
1190
1223
1252
1288
1347
1355
1357
1321
1282
1244
1216
1196
1197
1226
1266
1295
1313
1300
1290
1246
1201
1180
1178
1174
1201
1230
1297
1316
1304
1282
1253
1225
1182
1218
1239
1270
1302
1306
1299
1277
1240
1157
1204
1230
1242
1271
1287
1309
1309
1299
1279
1260
1254
1250
1273
1293
1284
1306
1314
1309
1298
1272
1259
1246
1230
1227
1267
1285
1276
1313
1313
1316
1285
1260
1242
1256
1250
1266
1305
1337
1339
1344
1313
1277
1236
1228
1222
1239
1280
1321
1341
1344
1327
1270
1220
1188
1195
1205
1235
1272
1302
1307
1300
1286
1247
1221
1230
1212
1227
1241
1276
1296
1318
1338
1312
1312
1256
1208
1184
1209
1207
1252
1281
1329
1356
1339
1317
1256
1213
1182
1227
1210
1250
1305
1334
1341
1334
1280
1226
1202
1175
1175
1200
1243
1282
1299
1330
1324
1303
1278
1244
1216
1193
1186
1206
1226
1261
1290
1308
1341
1308
1279
1242
1197
1171
1174
1196
1246
1306
1347
1366
1363
1347
1304
1244
1237
1204
1250
1276
1342
1363
1376
1378
1357
1328
1300
1273
1254
1245
1252
1269
1301
1335
1357
1346
1375
1359
1319
1283
1255
1203
1222
1240
1299
1348
1370
1371
1343
1304
1261
1212
1182
1187
1203
1228
1259
1279
1277
1279
1225
1277
1238
1230
1224
1216
1244
1241
1281
1302
1319
1327
1352
1312
1281
1237
1217
1206
1222
1239
1277
1313
1326
1361
1332
1283
1236
1201
1193
1205
1238
1267
1296
1320
1324
1317
1298
1279
1230
1196
1218
1229
1241
1260
1284
1303
1311
1311
1297
1270
1230
1193
1179
1179
1207
1253
1294
1327
1332
1314
1273
1233
1190
1158
1172
1208
1267
1313
1318
1350
1329
1301
1285
1228
1208
1193
1216
1238
1246
1316
1330
1332
1323
1297
1253
1216
1226
1196
1219
1280
1305
1343
1342
1335
1315
1269
1212
1170
1171
1188
1222
1296
1344
1359
1354
1331
1282
1237
1205
1210
1238
1269
1306
1342
1349
1336
1319
1286
1256
1243
1237
1248
1257
1279
1301
1310
1324
1320
1300
1275
1260
1242
1250
1254
1285
1300
1327
1309
1340
1316
1281
1245
1234
1236
1243
1273
1299
1311
1289
1306
1288
1264
1233
1225
1239
1244
1251
1243
1291
1246
1258
1244
1275
1275
1260
1260
1244
1236
1245
1227
1249
1267
1291
1301
1306
1280
1245
1226
1209
1204
1215
1240
1278
1294
1309
1320
1306
1281
1250
1280
1215
1225
1228
1255
1258
1316
1336
1336
1327
1297
1282
1218
1204
1177
1187
1224
1256
1307
1347
1354
1306
1279
1214
1173
1134
1178
1212
1261
1311
1340
1369
1315
1274
1267
1220
1222
1281
1274
1306
1334
1344
1364
1373
1361
1322
1293
1268
1250
1249
1264
1288
1322
1333
1346
1337
1311
1277
1240
1221
1221
1252
1266
1284
1300
1305
1280
1257
1236
1226
1226
1246
1262
1280
1291
1303
1275
1277
1262
1259
1258
1262
1281
1278
1298
1277
1267
1277
1267
1269
1263
1275
1274
1275
1268
1246
1271
1261
1277
1282
1279
1258
1276
1269
1268
1267
1315
1277
1294
1273
1284
1269
1271
1276
1279
1289
1287
1305
1304
1281
1262
1219
1230
1237
1239
1255
1237
1294
1266
1252
1230
1170
1208
1221
1254
1271
1293
1291
1311
1286
1265
1230
1240
1240
1249
1277
1277
1301
1265
1290
1302
1289
1285
1269
1240
1236
1241
1256
1267
1288
1313
1331
1332
1323
1286
1253
1246
1239
1251
1278
1300
1326
1326
1324
1322
1271
1240
1226
1223
1227
1257
1271
1269
1274
1274
1245
1248
1249
1245
1225
1232
1238
1239
1235
1260
1283
1283
1292
1301
1268
1249
1221
1219
1235
1260
1286
1303
1267
1295
1279
1263
1253
1263
1257
1278
1301
1321
1324
1301
1279
1253
1248
1254
1250
1273
1287
1290
1262
1286
1275
1268
1253
1249
1251
1266
1265
1275
1271
1284
1268
1299
1287
1265
1269
1240
1210
1199
1225
1239
1261
1295
1289
1281
1256
1212
1207
1192
1196
1211
1238
1273
1282
1293
1251
1278
1269
1226
1249
1222
1234
1213
1252
1264
1258
1280
1284
1293
1298
1255
1254
1204
1216
1206
1201
1228
1246
1268
1289
1320
1309
1280
1261
1240
1231
1235
1247
1251
1272
1283
1296
1285
1299
1286
1297
1295
1288
1272
1267
1263
1262
1295
1324
1318
1314
1318
1300
1273
1260
1254
1258
1275
1290
1304
1296
1280
1271
1251
1236
1288
1255
1288
1299
1315
1299
1291
1280
1236
1217
1213
1223
1251
1279
1314
1325
1349
1314
1288
1253
1232
1218
1180
1206
1272
1269
1339
1370
1397
1376
1325
1286
1229
1177
1153
1152
1228
1295
1358
1375
1402
1367
1303
1229
1173
1150
1153
1196
1238
1320
1357
1386
1362
1330
1288
1239
1210
1192
1197
1208
1234
1277
1309
1331
1342
1331
1308
1256
1219
1180
1169
1188
1190
1259
1295
1306
1304
1278
1248
1216
1198
1196
1203
1233
1232
1263
1259
1257
1266
1271
1279
1285
1281
1275
1256
1253
1228
1242
1235
1270
1294
1313
1333
1327
1315
1275
1267
1245
1236
1247
1264
1277
1292
1315
1300
1317
1304
1275
1245
1253
1258
1261
1263
1278
1297
1309
1337
1324
1304
1287
1270
1257
1257
1243
1280
1299
1324
1378
1333
1311
1281
1258
1239
1261
1287
1303
1326
1336
1350
1303
1288
1262
1209
1236
1245
1256
1269
1268
1265
1256
1257
1279
1263
1266
1246
1268
1271
1280
1279
1286
1282
1280
1283
1277
1277
1276
1266
1269
1273
1300
1270
1273
1277
1263
1236
1253
1286
1282
1279
1286
1281
1268
1252
1246
1233
1237
1244
1266
1271
1278
1267
1237
1233
1214
1209
1209
1240
1256
1291
1283
1299
1279
1243
1221
1190
1204
1223
1233
1288
1312
1319
1302
1287
1243
1228
1221
1185
1227
1281
1312
1335
1335
1335
1322
1313
1286
1273
1228
1263
1285
1310
1274
1346
1341
1318
1294
1251
1242
1214
1222
1242
1277
1304
1299
1306
1275
1253
1226
1209
1202
1200
1246
1272
1293
1305
1299
1277
1260
1248
1248
1218
1251
1259
1274
1319
1303
1313
1309
1298
1275
1276
1293
1269
1259
1273
1273
1271
1257
1270
1239
1240
1237
1234
1234
1246
1258
1251
1253
1257
1245
1234
1220
1225
1233
1268
1294
1310
1313
1343
1295
1264
1245
1236
1222
1254
1282
1299
1316
1303
1312
1284
1267
1255
1226
1253
1267
1271
1270
1275
1265
1269
1272
1260
1253
1246
1247
1249
1253
1249
1238
1255
1274
1239
1245
1227
1224
1219
1244
1259
1270
1281
1295
1277
1265
1243
1244
1223
1251
1270
1293
1315
1320
1325
1264
1303
1289
1272
1256
1245
1240
1256
1269
1282
1291
1301
1295
1288
1277
1243
1219
1228
1218
1219
1221
1240
1257
1257
1293
1305
1297
1280
1256
1231
1228
1223
1229
1249
1296
1283
1294
1313
1319
1285
1304
1292
1291
1281
1293
1281
1292
1307
1339
1329
1351
1351
1345
1336
1319
1302
1268
1267
1264
1271
1278
1290
1305
1302
1300
1350
1264
1264
1246
1235
1218
1225
1264
1252
1272
1289
1298
1292
1283
1267
1242
1210
1201
1219
1211
1233
1265
1282
1301
1325
1284
1261
1240
1229
1218
1235
1265
1310
1310
1325
1349
1324
1313
1277
1258
1270
1270
1288
1291
1306
1326
1325
1317
1301
1292
1270
1245
1238
1234
1250
1269
1309
1309
1314
1305
1286
1273
1257
1233
1235
1259
1243
1248
1248
1249
1235
1237
1219
1221
1246
1247
1246
1243
1243
1240
1234
1257
1264
1279
1284
1292
1299
1290
1286
1271
1259
1273
1254
1259
1259
1304
1268
1286
1291
1283
1262
1268
1272
1270
1277
1285
1300
1315
1300
1318
1319
1310
1301
1299
1290
1290
1283
1290
1284
1290
1297
1285
1272
1244
1235
1217
1217
1221
1180
1235
1243
1242
1237
1209
1223
1211
1215
1267
1254
1253
1263
1271
1254
1240
1268
1252
1254
1254
1261
1268
1275
1285
1285
1265
1293
1291
1283
1275
1264
1263
1273
1306
1287
1257
1293
1287
1258
1266
1264
1247
1251
1261
1274
1278
1281
1284
1254
1257
1250
1240
1234
1232
1250
1255
1264
1264
1284
1261
1248
1242
1236
1252
1232
1262
1267
1274
1263
1276
1277
1274
1254
1269
1270
1270
1269
1265
1273
1266
1278
1270
1285
1289
1283
1277
1271
1261
1250
1283
1276
1283
1282
1279
1268
1268
1264
1272
1210
1289
1294
1296
1289
1270
1268
1246
1252
1252
1262
1270
1274
1281
1288
1257
1275
1270
1267
1269
1266
1275
1271
1284
1271
1297
1301
1300
1294
1289
1295
1281
1282
1271
1269
1264
1261
1262
1267
1252
1258
1276
1263
1281
1267
1268
1265
1254
1276
1260
1254
1249
1253
1250
1262
1273
1272
1267
1267
1256
1243
1238
1247
1241
1272
1261
1264
1270
1269
1271
1258
1276
1281
1255
1252
1245
1250
1243
1249
1264
1262
1252
1264
1267
1264
1259
1225
1251
1252
1281
1265
1277
1270
1275
1264
1265
1254
1262
1264
1262
1270
1265
1266
1262
1259
1252
1251
1260
1267
1278
1284
1283
1287
1294
1295
1290
1284
1287
1274
1288
1275
1277
1275
1275
1271
1289
1277
1278
1243
1257
1258
1232
1229
1218
1227
1215
1228
1207
1252
1247
1258
1264
1250
1250
1235
1234
1233
1234
1241
1249
1273
1294
1289
1297
1290
1278
1264
1255
1254
1248
1272
1268
1308
1322
1322
1284
1273
1261
1245
1219
1248
1264
1288
1294
1298
1299
1275
1270
1258
1255
1263
1263
1277
1268
1292
1292
1295
1298
1265
1254
1246
1242
1255
1256
1263
1275
1287
1290
1268
1255
1228
1217
1219
1217
1221
1237
1258
1265
1279
1289
1266
1245
1223
1224
1227
1223
1252
1227
1268
1276
1266
1259
1243
1237
1238
1250
1303
1295
1273
1267
1269
1246
1223
1260
1250
1256
1264
1272
1281
1283
1292
1285
1281
1278
1273
1276
1272
1283
1281
1292
1347
1297
1292
1279
1265
1248
1251
1251
1253
1262
1276
1283
1278
1273
1258
1214
1240
1245
1262
1283
1293
1312
1300
1285
1284
1261
1267
1261
1272
1283
1307
1309
1319
1312
1296
1270
1265
1259
1260
1254
1270
1289
1299
1310
1300
1315
1272
1261
1237
1252
1253
1263
1276
1286
1289
1278
1282
1256
1239
1235
1240
1250
1271
1290
1294
1237
1276
1254
1227
1217
1210
1237
1248
1287
1305
1312
1305
1281
1263
1241
1195
1223
1243
1270
1294
1308
1322
1308
1294
1269
1258
1246
1231
1238
1242
1268
1279
1289
1275
1276
1265
1241
1234
1227
1207
1239
1261
1283
1298
1302
1294
1273
1259
1273
1243
1254
1267
1289
1301
1315
1319
1299
1276
1254
1266
1245
1290
1280
1292
1311
1309
1315
1301
1284
1283
1274
1295
1329
1307
1328
1325
1297
1307
1296
1284
1279
1262
1270
1279
1282
1294
1299
1289
1280
1271
1253
1240
1235
1245
1249
1272
1294
1300
1297
1251
1256
1234
1218
1216
1239
1242
1269
1290
1300
1296
1286
1262
1253
1235
1242
1253
1263
1286
1286
1299
1296
1291
1276
1258
1258
1256
1263
1275
1258
1282
1290
1282
1270
1250
1239
1227
1231
1211
1269
1287
1303
1318
1316
1295
1263
1251
1238
1240
1252
1270
1306
1324
1311
1321
1299
1273
1245
1209
1225
1231
1256
1261
1298
1308
1303
1283
1266
1252
1245
1246
1253
1269
1282
1288
1298
1296
1276
1268
1254
1263
1261
1253
1266
1271
1288
1300
1293
1283
1266
1251
1242
1247
1260
1276
1292
1311
1314
1302
1289
1271
1248
1245
1287
1267
1287
1296
1310
1298
1292
1288
1270
1251
1247
1259
1272
1296
1314
1254
1314
1303
1286
1268
1254
1251
1254
1255
1330
1301
1310
1300
1315
1262
1247
1245
1226
1200
1248
1266
1285
1298
1304
1292
1283
1272
1267
1236
1270
1287
1293
1310
1323
1310
1294
1281
1271
1262
1275
1285
1296
1304
1306
1295
1279
1246
1240
1223
1226
1236
1252
1262
1270
1273
1250
1270
1222
1227
1227
1227
1235
1251
1275
1280
1289
1316
1275
1257
1240
1218
1236
1241
1256
1278
1294
1294
1278
1263
1234
1225
1181
1232
1247
1267
1297
1308
1312
1297
1283
1255
1247
1255
1265
1285
1306
1332
1326
1283
1304
1286
1266
1262
1257
1278
1295
1312
1343
1337
1358
1314
1302
1291
1248
1260
1280
1289
1299
1299
1324
1277
1245
1242
1229
1202
1220
1235
1247
1269
1282
1274
1260
1238
1215
1204
1207
1218
1214
1261
1284
1291
1292
1284
1266
1245
1244
1279
1260
1279
1290
1302
1300
1303
1300
1276
1260
1252
1247
1250
1258
1272
1269
1275
1265
1269
1262
1248
1239
1239
1255
1289
1267
1286
1290
1283
1276
1269
1246
1260
1261
1281
1289
1300
1304
1306
1285
1280
1270
1268
1263
1269
1282
1284
1296
1301
1293
1285
1271
1264
1264
1266
1279
1282
1284
1286
1292
1287
1280
1285
1264
1269
1267
1283
1291
1296
1293
1286
1283
1264
1259
1246
1244
1241
1241
1258
1250
1248
1273
1270
1264
1264
1243
1243
1252
1266
1247
1301
1312
1306
1289
1256
1272
1253
1262
1265
1278
1284
1290
1290
1282
1256
1257
1242
1235
1238
1235
1247
1254
1261
1242
1256
1251
1225
1222
1205
1211
1222
1243
1268
1268
1276
1276
1288
1247
1238
1241
1251
1275
1310
1315
1340
1337
1339
1316
1302
1284
1270
1273
1285
1300
1319
1336
1338
1340
1308
1303
1264
1253
1238
1248
1286
1279
1294
1288
1286
1257
1253
1237
1214
1211
1215
1233
1231
1268
1287
1231
1282
1264
1248
1238
1230
1232
1245
1252
1318
1286
1292
1282
1269
1256
1255
1280
1262
1267
1275
1276
1267
1266
1259
1248
1240
1242
1245
1257
1263
1276
1275
1262
1270
1244
1237
1232
1234
1230
1242
1257
1274
1266
1268
1267
1263
1266
1249
1246
1262
1272
1284
1290
1293
1295
1257
1271
1257
1260
1261
1259
1281
1274
1276
1267
1267
1256
1248
1251
1253
1264
1279
1282
1285
1287
1279
1258
1243
1239
1229
1244
1244
1281
1296
1301
1295
1285
1270
1250
1270
1249
1253
1265
1276
1299
1299
1293
1281
1224
1250
1236
1222
1229
1231
1267
1262
1253
1272
1263
1249
1230
1222
1223
1220
1227
1274
1289
1297
1281
1272
1241
1233
1226
1234
1228
1277
1291
1298
1310
1307
1297
1267
1272
1261
1262
1275
1288
1276
1299
1284
1291
1286
1297
1258
1243
1253
1288
1280
1287
1293
1293
1288
1290
1285
1270
1259
1268
1283
1294
1307
1317
1307
1310
1280
1260
1242
1231
1249
1231
1250
1280
1258
1251
1239
1214
1204
1188
1189
1196
1207
1228
1248
1256
1262
1264
1254
1244
1241
1237
1226
1233
1261
1265
1280
1297
1296
1292
1276
1267
1256
1254
1256
1263
1269
1275
1282
1281
1280
1278
1264
1262
1276
1270
1268
1274
1275
1262
1268
1263
1268
1261
1268
1269
1252
1273
1280
1257
1274
1272
1272
1284
1275
1280
1280
1285
1249
1288
1287
1270
1257
1253
1264
1246
1250
1257
1262
1244
1264
1276
1271
1252
1261
1260
1258
1257
1260
1269
1266
1280
1259
1271
1266
1252
1256
1238
1246
1221
1252
1279
1256
1253
1247
1234
1212
1209
1215
1217
1229
1239
1255
1254
1251
1266
1244
1263
1260
1260
1260
1263
1268
1300
1291
1293
1290
1288
1278
1261
1258
1247
1247
1276
1265
1273
1272
1257
1257
1268
1266
1249
1247
1255
1279
1272
1279
1291
1235
1286
1277
1280
1277
1278
1292
1285
1294
1357
1311
1278
1296
1286
1275
1251
1283
1272
1282
1297
1294
1295
1293
1284
1273
1265
1250
1251
1258
1259
1267
1261
1264
1284
1237
1245
1233
1235
1227
1226
1245
1250
1243
1242
1235
1223
1220
1215
1202
1215
1225
1236
1241
1234
1238
1227
1222
1211
1223
1241
1234
1247
1249
1265
1266
1260
1254
1259
1249
1252
1259
1277
1288
1282
1307
1310
1302
1275
1276
1258
1267
1247
1293
1290
1294
1294
1276
1268
1252
1247
1234
1242
1277
1257
1264
1284
1259
1232
1188
1222
1222
1223
1234
1234
1261
1265
1284
1283
1280
1280
1250
1242
1240
1238
1260
1275
1291
1276
1303
1299
1275
1242
1264
1255
1260
1268
1289
1298
1304
1311
1300
1286
1272
1262
1255
1262
1269
1257
1292
1292
1295
1285
1273
1266
1247
1260
1277
1257
1262
1262
1267
1259
1253
1261
1247
1242
1236
1241
1236
1244
1245
1249
1253
1253
1261
1256
1256
1259
1252
1268
1297
1281
1282
1278
1282
1277
1282
1288
1289
1300
1284
1284
1268
1262
1260
1254
1257
1261
1280
1274
1271
1270
1248
1246
1241
1243
1241
1252
1268
1273
1283
1282
1277
1272
1261
1253
1253
1259
1285
1274
1287
1272
1290
1256
1266
1251
1235
1241
1239
1255
1262
1273
1276
1270
1270
1260
1235
1234
1229
1244
1245
1249
1269
1278
1286
1239
1271
1261
1246
1238
1248
1265
1261
1288
1293
1304
1276
1277
1267
1258
1244
1260
1277
1288
1280
1295
1294
1278
1267
1247
1255
1253
1251
1276
1271
1282
1272
1303
1297
1300
1288
1279
1276
1276
1268
1286
1299
1311
1315
1306
1290
1266
1260
1265
1257
1257
1263
1278
1280
1271
1283
1260
1234
1218
1237
1207
1205
1225
1234
1218
1294
1259
1252
1245
1235
1224
1230
1248
1244
1259
1268
1281
1292
1296
1299
1228
1280
1280
1279
1275
1279
1292
1305
1303
1345
1300
1284
1286
1265
1251
1261
1280
1279
1292
1286
1291
1286
1301
1266
1250
1274
1262
1258
1275
1276
1281
1273
1287
1285
1276
1270
1266
1255
1259
1267
1262
1272
1277
1278
1279
1271
1267
1261
1249
1250
1264
1274
1285
1296
1306
1298
1301
1266
1281
1274
1270
1272
1270
1286
1285
1296
1290
1285
1284
1274
1274
1267
1252
1248
1248
1252
1250
1250
1255
1256
1267
1236
1246
1239
1232
1232
1232
1241
1252
1261
1285
1274
1279
1275
1273
1271
1266
1269
1287
1285
1296
1291
1298
1287
1293
1291
1282
1272
1265
1255
1246
1253
1261
1288
1284
1284
1291
1281
1264
1247
1229
1232
1252
1227
1278
1273
1285
1276
1272
1267
1226
1229
1222
1228
1236
1256
1280
1265
1284
1288
1286
1271
1255
1251
1236
1246
1284
1275
1291
1296
1300
1300
1275
1265
1243
1236
1248
1250
1259
1287
1308
1307
1307
1301
1281
1260
1246
1248
1250
1280
1310
1310
1315
1321
1331
1285
1271
1259
1250
1225
1257
1274
1288
1302
1312
1306
1310
1284
1274
1260
1253
1255
1256
1279
1285
1303
1303
1287
1279
1251
1239
1223
1227
1228
1242
1256
1263
1275
1264
1246
1237
1195
1222
1214
1196
1219
1220
1242
1241
1261
1268
1272
1260
1259
1268
1250
1230
1280
1260
1272
1285
1296
1290
1299
1302
1256
1285
1276
1246
1267
1274
1289
1288
1296
1294
1285
1277
1264
1256
1250
1235
1253
1261
1281
1289
1290
1293
1277
1292
1255
1247
1240
1232
1245
1234
1268
1281
1281
1279
1274
1263
1243
1218
1235
1241
1231
1276
1289
1300
1292
1282
1253
1245
1259
1237
1243
1252
1268
1279
1290
1298
1287
1276
1263
1253
1240
1242
1254
1257
1277
1320
1296
1296
1289
1278
1256
1259
1270
1266
1265
1272
1286
1291
1299
1294
1262
1270
1267
1259
1256
1253
1267
1251
1264
1302
1279
1282
1271
1268
1260
1259
1249
1256
1257
1261
1271
1291
1285
1285
1262
1281
1280
1258
1245
1235
1227
1230
1238
1230
1262
1269
1267
1270
1252
1249
1237
1238
1236
1257
1271
1285
1302
1313
1311
1306
1292
1285
1268
1263
1268
1270
1286
1279
1312
1317
1299
1280
1255
1239
1217
1214
1217
1228
1248
1253
1273
1269
1249
1235
1227
1203
1198
1203
1223
1221
1262
1270
1285
1283
1267
1256
1240
1244
1262
1282
1307
1324
1342
1345
1332
1312
1286
1269
1254
1260
1271
1280
1292
1303
1310
1312
1289
1268
1271
1245
1236
1249
1244
1237
1285
1295
1289
1278
1259
1249
1237
1246
1281
1272
1286
1297
1293
1277
1275
1283
1256
1255
1257
1267
1272
1283
1284
1266
1269
1262
1257
1254
1260
1266
1262
1252
1293
1265
1236
1253
1252
1250
1261
1275
1287
1294
1287
1295
1299
1278
1272
1248
1258
1266
1265
1267
1278
1282
1267
1271
1257
1247
1229
1256
1235
1241
1254
1263
1252
1269
1261
1252
1238
1230
1231
1233
1248
1260
1279
1285
1284
1280
1269
1263
1242
1261
1268
1274
1271
1279
1283
1280
1287
1272
1269
1271
1262
1275
1292
1290
1299
1244
1301
1297
1270
1264
1253
1260
1258
1285
1295
1298
1304
1304
1289
1265
1230
1247
1239
1249
1260
1268
1278
1270
1268
1248
1248
1224
1227
1230
1230
1245
1280
1270
1271
1271
1269
1248
1251
1245
1227
1238
1246
1262
1274
1281
1272
1279
1284
1290
1265
1266
1256
1257
1259
1271
1282
1281
1275
1271
1256
1255
1249
1256
1251
1267
1274
1278
1289
1269
1268
1250
1259
1286
1270
1298
1276
1280
1273
1272
1235
1264
1257
1258
1257
1262
1266
1247
1265
1270
1275
1267
1284
1254
1250
1238
1249
1260
1268
1260
1266
1265
1255
1250
1236
1226
1223
1220
1233
1225
1246
1262
1255
1256
1251
1251
1248
1241
1243
1255
1260
1257
1279
1285
1281
1282
1274
1280
1275
1257
1271
1303
1289
1293
1289
1295
1277
1291
1258
1285
1282
1274
1272
1267
1266
1265
1252
1270
1263
1266
1254
1253
1249
1238
1249
1251
1249
1250
1257
1242
1239
1252
1241
1270
1281
1274
1270
1263
1262
1255
1256
1253
1262
1272
1270
1283
1285
1278
1279
1271
1273
1274
1275
1268
1300
1291
1291
1290
1288
1283
1270
1258
1255
1253
1255
1252
1255
1262
1261
1256
1256
1243
1244
1259
1240
1254
1252
1261
1256
1260
1271
1252
1247
1243
1245
1250
1264
1285
1230
1292
1291
1293
1268
1273
1278
1278
1288
1340
1312
1315
1311
1324
1285
1281
1288
1268
1261
1269
1263
1264
1271
1271
1276
1261
1253
1229
1239
1236
1246
1242
1259
1287
1273
1287
1278
1271
1262
1266
1263
1263
1270
1271
1278
1281
1280
1278
1262
1282
1257
1247
1250
1250
1252
1249
1254
1246
1257
1257
1252
1242
1257
1256
1252
1257
1248
1245
1254
1248
1252
1258
1264
1270
1270
1277
1272
1272
1270
1261
1266
1254
1274
1289
1283
1286
1277
1287
1265
1263
1244
1244
1248
1244
1251
1266
1267
1269
1217
1265
1252
1245
1243
1236
1250
1259
1274
1280
1279
1277
1270
1249
1251
1243
1263
1274
1284
1292
1296
1292
1274
1274
1256
1262
1267
1287
1285
1285
1301
1307
1315
1290
1279
1293
1263
1266
1267
1261
1280
1285
1277
1288
1269
1257
1245
1235
1260
1254
1275
1294
1278
1308
1304
1298
1275
1255
1243
1248
1248
1266
1288
1288
1291
1290
1282
1261
1243
1240
1230
1236
1277
1268
1274
1275
1272
1261
1252
1254
1247
1246
1250
1263
1269
1274
1273
1261
1257
1270
1245
1245
1247
1252
1248
1278
1275
1259
1259
1250
1250
1244
1249
1258
1262
1229
1267
1269
1265
1253
1248
1238
1242
1256
1266
1264
1293
1303
1290
1316
1286
1275
1272
1273
1280
1285
1298
1303
1266
1295
1284
1273
1269
1260
1271
1273
1270
1262
1297
1289
1276
1269
1253
1276
1256
1271
1288
1282
1268
1283
1270
1257
1236
1234
1231
1235
1245
1254
1264
1257
1262
1233
1244
1237
1231
1235
1249
1263
1278
1304
1295
1302
1280
1254
1238
1235
1257
1242
1261
1279
1318
1276
1299
1273
1264
1250
1226
1235
1235
1243
1254
1263
1266
1257
1223
1224
1217
1213
1216
1231
1238
1261
1287
1276
1278
1262
1257
1244
1254
1299
1274
1290
1304
1310
1283
1297
1287
1217
1253
1248
1241
1262
1274
1277
1279
1279
1312
1259
1236
1239
1239
1237
1261
1291
1290
1296
1284
1279
1261
1250
1243
1245
1244
1261
1276
1286
1290
1290
1278
1271
1291
1268
1272
1276
1284
1283
1298
1304
1293
1285
1282
1267
1257
1258
1261
1254
1270
1276
1279
1272
1282
1263
1244
1253
1240
1255
1260
1268
1276
1275
1282
1276
1273
1263
1271
1257
1253
1255
1260
1256
1239
1260
1258
1254
1246
1244
1234
1248
1232
1261
1268
1245
1265
1262
1269
1265
1271
1259
1257
1261
1260
1263
1271
1267
1275
1224
1278
1275
1274
1258
1243
1249
1241
1252
1259
1260
1265
1262
1260
1253
1239
1251
1247
1249
1262
1259
1274
1266
1277
1275
1284
1282
1279
1284
1280
1315
1303
1315
1322
1324
1327
1325
1325
1322
1310
1310
1310
1306
1307
1282
1297
1296
1288
1303
1274
1273
1257
1260
1265
1253
1255
1243
1242
1237
1236
1234
1227
1245
1229
1255
1248
1254
1261
1261
1274
1245
1289
1304
1285
1290
1286
1289
1282
1271
1294
1294
1305
1296
1289
1281
1276
1275
1263
1265
1279
1271
1275
1282
1285
1269
1276
1282
1268
1261
1259
1260
1262
1271
1280
1284
1279
1278
1272
1267
1280
1252
1244
1250
1252
1272
1282
1280
1284
1276
1253
1255
1260
1264
1267
1265
1279
1290
1293
1268
1300
1276
1267
1261
1254
1258
1257
1266
1239
1283
1285
1279
1282
1265
1248
1252
1265
1263
1265
1276
1283
1284
1285
1269
1274
1243
1259
1263
1264
1265
1262
1275
1260
1273
1275
1276
1265
1260
1253
1269
1274
1276
1278
1282
1268
1268
1270
1258
1259
1248
1262
1265
1261
1263
1251
1259
1260
1259
1262
1258
1260
1264
1270
1276
1276
1264
1280
1265
1264
1270
1276
1280
1289
1330
1304
1296
1322
1295
1285
1289
1303
1304
1293
1270
1282
1277
1276
1278
1218
1261
1265
1252
1269
1267
1264
1262
1258
1299
1252
1247
1249
1254
1255
1266
1278
1286
1270
1267
1259
1266
1251
1256
1257
1262
1264
1271
1270
1265
1267
1273
1254
1263
1264
1267
1265
1278
1273
1276
1270
1259
1259
1256
1252
1248
1256
1263
1255
1270
1271
1297
1267
1262
1261
1254
1247
1254
1275
1280
1275
1273
1264
1265
1265
1267
1266
1289
1282
1286
1286
1290
1287
1285
1301
1285
1279
1285
1286
1271
1294
1278
1297
1294
1286
1277
1262
1262
1250
1261
1257
1260
1260
1263
1262
1254
1245
1242
1209
1241
1250
1236
1263
1261
1274
1270
1274
1269
1251
1261
1265
1271
1279
1274
1292
1294
1300
1300
1311
1288
1273
1273
1292
1278
1279
1278
1281
1272
1277
1279
1269
1267
1264
1268
1266
1269
1275
1248
1271
1270
1270
1273
1271
1283
1280
1288
1342
1298
1293
1284
1288
1270
1269
1276
1269
1255
1280
1275
1269
1265
1245
1238
1234
1238
1236
1213
1246
1262
1249
1262
1278
1262
1257
1254
1249
1249
1257
1274
1284
1294
1302
1305
1299
1293
1284
1266
1265
1268
1272
1279
1289
1294
1282
1286
1256
1270
1267
1259
1249
1261
1269
1279
1282
1278
1279
1273
1272
1262
1258
1254
1259
1242
1271
1273
1267
1266
1258
1263
1249
1259
1260
1260
1270
1267
1270
1268
1247
1264
1269
1272
1274
1279
1290
1278
1282
1245
1310
1283
1267
1268
1262
1272
1275
1289
1288
1295
1306
1292
1292
1293
1274
1277
1295
1301
1309
1312
1315
1308
1307
1289
1298
1298
1293
1311
1285
1291
1286
1280
1267
1259
1252
1240
1240
1242
1228
1240
1242
1244
1243
1236
1215
1222
1233
1253
1241
1250
1249
1257
1255
1262
1260
1259
1283
1265
1258
1272
1289
1295
1291
1290
1324
1280
1270
1262
1266
1260
1273
1297
1291
1287
1278
1273
1269
1264
1267
1256
1285
1278
1300
1306
1307
1302
1291
1283
1308
1277
1279
1288
1291
1284
1294
1292
1283
1254
1254
1252
1231
1228
1231
1222
1242
1245
1251
1250
1240
1260
1229
1236
1230
1256
1284
1287
1297
1297
1309
1305
1302
1298
1293
1297
1274
1309
1315
1310
1313
1309
1303
1268
1275
1269
1241
1275
1256
1293
1295
1293
1293
1291
1277
1268
1271
1267
1264
1268
1276
1281
1284
1280
1293
1282
1274
1275
1261
1267
1251
1263
1256
1274
1279
1272
1277
1261
1258
1249
1256
1255
1260
1265
1261
1261
1261
1276
1259
1267
1267
1277
1281
1271
1305
1286
1291
1291
1293
1296
1305
1288
1308
1307
1291
1300
1293
1290
1292
1267
1283
1272
1274
1310
1281
1280
1274
1271
1265
1262
1277
1268
1269
1270
1272
1277
1286
1294
1269
1283
1278
1275
1273
1263
1268
1263
1277
1314
1265
1280
1275
1271
1263
1256
1264
1261
1257
1258
1245
1250
1255
1251
1253
1250
1246
1252
1249
1255
1279
1256
1264
1275
1265
1275
1272
1277
1276
1284
1288
1284
1298
1303
1285
1292
1294
1298
1280
1279
1277
1285
1281
1279
1276
1255
1255
1242
1256
1258
1261
1274
1286
1287
1287
1300
1292
1285
1292
1304
1293
1296
1289
1305
1257
