1310
1325
1315
1310
1265
1269
1248
1267
1269
1267
1233
1271
1264
1274
1265
1267
1265
1260
1266
1256
1258
1283
1263
1275
1257
1266
1261
1250
1267
1271
1267
1271
1267
1261
1268
1268
1262
1266
1269
1268
1263
1272
1261
1256
1261
1273
1275
1271
1257
1260
1260
1269
1273
1272
1267
1268
1274
1253
1267
1270
1262
1254
1271
1270
1272
1238
1276
1257
1266
1248
1265
1268
1267
1270
1273
1275
1265
1271
1285
1273
1270
1267
1264
1284
1263
1262
1302
1268
1270
1266
1268
1239
1276
1274
1272
1270
1270
1270
1266
1294
1269
1271
1266
1267
1271
1266
1252
1269
1260
1271
1247
1273
1247
1248
1265
1261
1273
1273
1271
1268
1273
1271
1257
1273
1272
1273
1261
1274
1274
1268
1270
1251
1272
1264
1249
1248
1270
1271
1270
1243
1270
1273
1280
1278
1275
1280
1282
1289
1279
1269
1276
1277
1253
1283
1261
1242
1205
1252
1292
1248
1254
1268
1259
1253
1272
1279
1288
1300
1307
1334
1316
1309
1309
1271
1295
1291
1284
1276
1261
1259
1256
1247
1265
1270
1306
1325
1348
1363
1385
1372
1380
1373
1340
1316
1280
1259
1252
1197
1178
1160
1116
1108
1077
1060
1038
1036
1025
1078
1106
1132
1156
1186
1193
1208
1212
1271
1314
1366
1407
1422
1430
1402
1385
1337
1307
1284
1264
1262
1262
1275
1307
1303
1296
1300
1292
1326
1354
1386
1414
1460
1450
1454
1439
1430
1420
1371
1381
1358
1342
1329
1294
1267
1231
1204
1188
1161
1174
1138
1131
1127
1140
1170
1168
1180
1158
1190
1179
1175
1171
1172
1175
1192
1181
1183
1191
1202
1209
1223
1218
1275
1304
1328
1352
1358
1390
1402
1413
1408
1400
1385
1363
1354
1351
1303
1298
1289
1270
1249
1240
1231
1246
1215
1218
1197
1196
1187
1205
1215
1228
1257
1252
1265
1262
1276
1277
1293
1291
1294
1286
1281
1283
1274
1288
1269
1252
1254
1279
1244
1251
1244
1242
1237
1235
1250
1256
1277
1286
1307
1313
1314
1332
1331
1343
1352
1371
1380
1363
1361
1340
1329
1299
1299
1278
1290
1237
1234
1223
1218
1211
1203
1192
1188
1151
1176
1168
1164
1192
1232
1215
1242
1249
1269
1277
1283
1285
1294
1285
1291
1290
1286
1282
1278
1265
1227
1241
1237
1227
1232
1271
1247
1257
1275
1282
1276
1285
1300
1299
1345
1364
1382
1404
1421
1432
1421
1423
1394
1381
1334
1288
1261
1237
1209
1187
1183
1188
1152
1208
1221
1222
1235
1223
1259
1275
1301
1302
1304
1296
1272
1272
1252
1236
1219
1200
1197
1202
1180
1178
1166
1166
1188
1188
1198
1183
1198
1204
1229
1218
1254
1275
1291
1337
1332
1337
1356
1293
1366
1377
1361
1349
1346
1321
1310
1301
1319
1292
1298
1299
1309
1307
1321
1338
1327
1321
1309
1310
1290
1288
1278
1249
1258
1248
1236
1237
1229
1226
1223
1223
1197
1235
1241
1247
1257
1248
1269
1309
1277
1307
1315
1322
1323
1316
1320
1284
1300
1275
1265
1253
1229
1203
1201
1210
1212
1213
1230
1235
1243
1245
1253
1257
1269
1272
1299
1298
1291
1287
1268
1284
1276
1278
1285
1288
1299
1307
1299
1297
1315
1281
1272
1233
1256
1230
1233
1247
1224
1235
1205
1193
1198
1206
1210
1217
1248
1263
1278
1291
1331
1308
1331
1335
1310
1357
1344
1361
1365
1367
1363
1369
1338
1315
1286
1252
1231
1207
1195
1175
1189
1196
1210
1226
1234
1264
1280
1280
1315
1349
1355
1348
1339
1312
1296
1279
1273
1250
1245
1249
1221
1225
1212
1198
1203
1226
1225
1236
1210
1239
1254
1241
1263
1262
1264
1278
1271
1276
1291
1278
1269
1271
1292
1272
1249
1277
1282
1277
1285
1287
1294
1324
1321
1339
1343
1338
1358
1359
1341
1324
1311
1304
1288
1278
1256
1234
1220
1211
1209
1222
1237
1241
1249
1268
1272
1272
1249
1287
1268
1279
1274
1272
1275
1259
1261
1259
1262
1264
1275
1251
1269
1281
1244
1235
1253
1210
1224
1251
1230
1231
1224
1223
1199
1225
1263
1268
1292
1306
1311
1304
1297
1285
1285
1276
1282
1287
1296
1297
1295
1292
1304
1243
1282
1285
1289
1296
1277
1286
1271
1295
1312
1270
1294
1302
1310
1313
1304
1294
1283
1279
1269
1271
1274
1294
1279
1298
1280
1274
1278
1274
1273
1284
1284
1297
1291
1279
1244
1238
1262
1259
1267
1264
1267
1262
1261
1263
1249
1248
1260
1292
1277
1267
1259
1252
1265
1246
1261
1259
1258
1264
1262
1248
1237
1244
1235
1249
1258
1249
1283
1277
1274
1268
1252
1225
1276
1279
1288
1293
1285
1284
1297
1265
1278
1278
1268
1277
1284
1268
1202
1238
1233
1231
1233
1262
1280
1296
1295
1305
1298
1308
1300
1307
1304
1321
1306
1309
1300
1290
1264
1274
1276
1259
1275
1272
1258
1245
1227
1213
1240
1250
1265
1308
1291
1280
1272
1250
1249
1266
1272
1279
1278
1269
1257
1254
1234
1241
1223
1252
1268
1282
1273
1256
1261
1269
1259
1257
1280
1284
1286
1286
1274
1262
1222
1253
1253
1263
1274
1275
1277
1277
1260
1284
1323
1301
1325
1312
1342
1322
1320
1292
1327
1304
1275
1271
1264
1265
1261
1251
1239
1254
1240
1245
1255
1264
1245
1245
1238
1233
1233
1248
1272
1282
1296
1331
1306
1296
1246
1296
1266
1259
1284
1285
1283
1265
1250
1246
1233
1255
1259
1310
1287
1291
1281
1262
1225
1246
1237
1251
1268
1274
1266
1263
1228
1243
1245
1261
1242
1277
1286
1289
1286
1290
1257
1291
1290
1311
1330
1323
1314
1279
1243
1240
1252
1251
1266
1270
1276
1281
1317
1264
1231
1260
1282
1276
1304
1305
1273
1247
1275
1242
1267
1269
1291
1305
1319
1310
1311
1322
1297
1279
1290
1297
1300
1287
1273
1251
1236
1220
1241
1262
1250
1279
1286
1265
1251
1246
1226
1231
1248
1285
1297
1279
1284
1271
1263
1257
1272
1279
1291
1285
1273
1258
1248
1209
1218
1246
1225
1279
1296
1273
1263
1243
1245
1262
1253
1269
1279
1299
1275
1266
1267
1270
1277
1271
1296
1315
1317
1318
1292
1272
1271
1279
1292
1297
1286
1312
1317
1289
1277
1269
1276
1267
1274
1298
1297
1283
1262
1238
1235
1242
1258
1289
1288
1294
1315
1281
1261
1258
1269
1273
1290
1307
1301
1302
1261
1244
1202
1273
1245
1269
1277
1259
1249
1226
1217
1198
1210
1246
1288
1288
1294
1272
1264
1239
1261
1280
1276
1301
1308
1300
1278
1259
1260
1256
1260
1278
1297
1301
1309
1290
1269
1276
1203
1277
1287
1303
1311
1279
1273
1253
1259
1202
1256
1286
1281
1306
1287
1274
1239
1245
1254
1271
1295
1295
1318
1297
1263
1304
1244
1273
1248
1267
1289
1290
1277
1253
1227
1233
1184
1245
1268
1283
1287
1261
1240
1240
1221
1264
1255
1292
1308
1303
1273
1258
1257
1220
1264
1287
1305
1318
1317
1285
1270
1269
1226
1260
1239
1290
1299
1303
1278
1271
1262
1240
1288
1292
1319
1321
1324
1268
1266
1268
1246
1267
1292
1307
1320
1307
1285
1259
1234
1244
1261
1293
1298
1308
1286
1261
1261
1263
1204
1259
1295
1286
1302
1286
1281
1256
1257
1203
1231
1294
1299
1290
1287
1253
1270
1229
1234
1268
1281
1293
1304
1283
1218
1226
1206
1222
1292
1287
1303
1301
1271
1211
1212
1198
1172
1203
1264
1285
1300
1276
1237
1221
1205
1218
1287
1326
1310
1314
1299
1247
1268
1255
1239
1283
1291
1319
1313
1295
1281
1239
1223
1211
1303
1305
1316
1321
1297
1243
1247
1265
1270
1296
1324
1324
1310
1310
1254
1261
1210
1274
1268
1298
1294
1242
1280
1252
1218
1278
1295
1296
1299
1309
1280
1288
1257
1226
1231
1280
1291
1276
1310
1284
1256
1246
1245
1191
1279
1273
1304
1321
1316
1283
1266
1214
1235
1287
1295
1293
1299
1262
1226
1237
1218
1188
1288
1293
1313
1307
1295
1260
1237
1211
1243
1290
1317
1318
1333
1305
1234
1251
1230
1211
1313
1311
1319
1305
1299
1234
1213
1201
1218
1296
1284
1290
1277
1252
1198
1263
1232
1194
1315
1320
1327
1313
1306
1264
1239
1241
1244
1310
1312
1314
1299
1293
1208
1197
1221
1214
1291
1289
1306
1278
1279
1249
1192
1227
1206
1288
1300
1307
1252
1287
1270
1208
1223
1246
1313
1322
1328
1299
1293
1277
1252
1187
1218
1294
1316
1324
1291
1297
1243
1236
1225
1197
1337
1326
1328
1311
1293
1269
1237
1221
1224
1310
1319
1329
1301
1289
1260
1224
1252
1279
1313
1326
1323
1299
1281
1226
1252
1200
1284
1308
1315
1323
1296
1242
1207
1236
1193
1279
1296
1298
1302
1278
1256
1235
1189
1234
1296
1310
1328
1305
1288
1214
1252
1227
1219
1287
1297
1286
1290
1279
1226
1236
1205
1186
1298
1303
1301
1296
1280
1224
1228
1251
1192
1304
1313
1319
1301
1294
1227
1265
1212
1203
1320
1314
1323
1292
1282
1229
1225
1217
1220
1323
1328
1360
1303
1304
1266
1240
1260
1253
1327
1323
1325
1292
1288
1242
1251
1190
1212
1318
1321
1319
1285
1295
1248
1237
1182
1255
1299
1316
1291
1283
1271
1240
1187
1221
1279
1301
1306
1309
1279
1268
1216
1230
1222
1324
1326
1328
1331
1286
1258
1212
1192
1240
1308
1315
1320
1311
1281
1261
1205
1194
1227
1295
1296
1315
1294
1279
1212
1204
1237
1242
1339
1318
1326
1306
1288
1275
1221
1250
1244
1315
1315
1312
1267
1269
1260
1243
1211
1198
1309
1312
1322
1278
1283
1214
1264
1203
1203
1313
1319
1322
1283
1282
1260
1243
1204
1218
1309
1326
1207
1278
1236
1256
1226
1205
1335
1314
1339
1293
1316
1215
1247
1202
1185
1293
1296
1299
1198
1301
1194
1205
1211
1224
1306
1309
1302
1252
1278
1256
1223
1260
1213
1343
1328
1323
1209
1338
1274
1264
1240
1261
1342
1332
1331
1212
1323
1252
1237
1219
1308
1310
1305
1260
1200
1292
1215
1247
1256
1324
1361
1332
1271
1241
1318
1206
1244
1212
1306
1307
1309
1208
1210
1312
1256
1203
1228
1319
1318
1309
1237
1268
1303
1220
1202
1200
1305
1321
1307
1228
1261
1312
1220
1242
1243
1322
1322
1314
1208
1219
1251
1208
1257
1237
1328
1327
1315
1254
1317
1220
1210
1233
1240
1331
1319
1313
1253
1300
1241
1243
1216
1239
1326
1318
1306
1248
1316
1226
1262
1230
1327
1330
1330
1274
1242
1313
1176
1239
1204
1310
1320
1313
1206
1212
1320
1218
1244
1237
1317
1335
1322
1247
1217
1317
1175
1248
1218
1317
1313
1310
1242
1215
1325
1228
1248
1219
1318
1321
1321
1217
1219
1315
1235
1180
1183
1311
1322
1326
1257
1312
1323
1231
1228
1300
1316
1316
1235
1213
1260
1320
1202
1243
1328
1335
1332
1307
1234
1253
1343
1258
1240
1331
1334
1327
1202
1213
1276
1204
1184
1189
1279
1280
1302
1212
1230
1292
1224
1253
1219
1336
1344
1355
1294
1234
1341
1261
1203
1196
1306
1307
1295
1231
1182
1294
1209
1196
1222
1287
1304
1312
1245
1210
1319
1197
1194
1307
1337
1339
1351
1260
1275
1333
1234
1212
1240
1306
1313
1239
1238
1226
1309
1174
1233
1259
1320
1332
1308
1265
1288
1329
1242
1214
1313
1342
1348
1266
1280
1335
1313
1179
1172
1242
1303
1320
1261
1229
1310
1333
1216
1225
1325
1357
1365
1279
1273
1348
1288
1199
1170
1251
1284
1296
1204
1217
1288
1219
1137
1167
1267
1299
1333
1267
1255
1335
1218
1230
1209
1309
1333
1315
1262
1286
1322
1205
1199
1263
1274
1298
1316
1223
1235
1302
1166
1181
1263
1293
1322
1253
1272
1259
1323
1238
1219
1300
1314
1339
1338
1295
1260
1334
1206
1177
1265
1307
1330
1237
1276
1325
1326
1198
1230
1260
1324
1334
1255
1251
1276
1293
1202
1153
1240
1300
1324
1247
1292
1333
1350
1257
1330
1284
1329
1344
1259
1269
1323
1195
1184
1157
1257
1283
1304
1246
1251
1313
1233
1201
1256
1307
1295
1317
1235
1271
1328
1191
1183
1281
1329
1363
1240
1328
1289
1363
1245
1181
1274
1272
1300
1243
1252
1251
1304
1210
1196
1227
1340
1343
1270
1338
1390
1385
1279
1238
1252
1330
1356
1288
1236
1251
1309
1150
1168
1203
1277
1297
1220
1215
1329
1299
1185
1210
1227
1337
1332
1273
1249
1326
1250
1207
1232
1264
1298
1330
1226
1202
1314
1232
1169
1246
1251
1312
1337
1289
1309
1391
1293
1251
1323
1329
1337
1312
1200
1234
1316
1175
1165
1239
1249
1268
1221
1222
1198
1303
1187
1227
1299
1335
1359
1315
1274
1305
1339
1261
1226
1310
1315
1382
1295
1252
1338
1321
1214
1182
1253
1274
1288
1234
1239
1314
1319
1200
1232
1261
1355
1379
1331
1307
1380
1331
1253
1239
1299
1326
1320
1242
1191
1277
1191
1191
1184
1242
1287
1318
1221
1270
1323
1243
1222
1295
1277
1308
1315
1202
1226
1282
1190
1166
1177
1249
1287
1234
1252
1253
1334
1275
1242
1344
1356
1389
1335
1265
1276
1343
1221
1228
1275
1293
1296
1190
1208
1193
1289
1181
1214
1242
1314
1336
1252
1263
1246
1357
1235
1259
1298
1373
1381
1283
1352
1312
1318
1215
1146
1201
1285
1293
1228
1270
1302
1299
1166
1272
1312
1379
1393
1322
1336
1335
1244
1241
1222
1265
1310
1302
1204
1257
1254
1220
1197
1253
1288
1325
1242
1268
1251
1292
1252
1220
1296
1290
1327
1290
1222
1211
1306
1242
1202
1300
1286
1311
1240
1212
1210
1275
1194
1221
1269
1330
1374
1303
1370
1269
1366
1261
1263
1322
1375
1373
1246
1266
1178
1253
1120
1184
1166
1291
1319
1248
1287
1311
1307
1195
1249
1295
1363
1365
1241
1307
1169
1255
1195
1219
1252
1306
1317
1225
1181
1216
1247
1166
1227
1228
1303
1320
1241
1204
1294
1252
1223
1338
1341
1403
1359
1342
1260
1324
1227
1180
1267
1279
1323
1250
1222
1189
1286
1177
1238
1323
1314
1359
1259
1330
1213
1275
1146
1165
1222
1299
1328
1269
1313
1225
1294
1209
1228
1265
1360
1364
1277
1340
1227
1280
1169
1199
1246
1336
1355
1246
1328
1253
1301
1194
1225
1283
1337
1350
1228
1255
1272
1272
1196
1230
1285
1375
1374
1270
1302
1271
1300
1236
1317
1312
1368
1360
1213
1234
1260
1118
1127
1161
1233
1290
1256
1269
1183
1247
1176
1181
1263
1274
1323
1262
1317
1234
1288
1216
1205
1322
1322
1374
1315
1344
1241
1287
1188
1205
1210
1306
1321
1220
1321
1205
1305
1244
1214
1308
1389
1406
1321
1386
1246
1316
1178
1222
1258
1287
1316
1234
1284
1197
1271
1163
1189
1294
1368
1394
1337
1324
1283
1303
1209
1201
1265
1325
1330
1250
1226
1154
1235
1121
1249
1217
1289
1234
1299
1242
1290
1188
1204
1289
1307
1381
1327
1390
1311
1357
1269
1236
1304
1260
1331
1263
1272
1166
1254
1192
1196
1221
1296
1350
1262
1377
1278
1348
1228
1243
1306
1309
1328
1270
1319
1190
1275
1219
1150
1235
1299
1314
1228
1344
1211
1308
1205
1191
1238
1298
1317
1201
1311
1204
1306
1216
1183
1246
1314
1321
1231
1268
1262
1291
1179
1164
1258
1335
1360
1307
1338
1311
1313
1275
1338
1303
1352
1308
1347
1240
1224
1243
1224
1243
1246
1305
1238
1310
1238
1278
1230
1203
1285
1270
1318
1267
1333
1219
1295
1217
1180
1228
1269
1307
1277
1330
1219
1304
1177
1208
1245
1307
1327
1240
1355
1253
1351
1240
1251
1282
1317
1349
1293
1373
1280
1349
1213
1193
1239
1311
1332
1269
1340
1274
1342
1251
1227
1260
1317
1336
1243
1304
1296
1314
1195
1212
1201
1304
1314
1274
1215
1208
1255
1178
1269
1225
1289
1233
1303
1251
1197
1248
1167
1259
1224
1326
1278
1325
1271
1326
1258
1241
1315
1272
1321
1242
1341
1221
1312
1223
1233
1274
1186
1320
1248
1357
1261
1353
1246
1222
1244
1309
1324
1230
1366
1253
1358
1269
1214
1286
1310
1327
1231
1335
1293
1328
1211
1189
1244
1276
1309
1245
1323
1285
1341
1239
1188
1267
1302
1328
1309
1242
1210
1310
1219
1257
1285
1308
1326
1304
1273
1204
1247
1184
1218
1234
1292
1263
1326
1288
1262
1301
1249
1317
1273
1327
1275
1343
1240
1327
1251
1223
1259
1242
1271
1237
1339
1249
1316
1245
1221
1306
1280
1315
1210
1341
1246
1341
1217
1239
1284
1274
1286
1186
1245
1197
1284
1219
1168
1203
1263
1291
1234
1325
1235
1356
1230
1217
1242
1310
1318
1210
1304
1260
1320
1215
1200
1236
1272
1310
1259
1305
1240
1355
1221
1281
1274
1339
1332
1309
1258
1260
1298
1239
1304
1237
1303
1225
1319
1216
1262
1244
1180
1289
1248
1312
1267
1342
1263
1343
1273
1254
1289
1261
1284
1226
1314
1244
1293
1200
1195
1254
1258
1302
1259
1352
1191
1361
1276
1218
1310
1304
1321
1242
1342
1237
1325
1242
1200
1239
1319
1313
1239
1329
1222
1323
1218
1229
1252
1295
1289
1268
1329
1223
1328
1214
1204
1248
1299
1310
1259
1269
1216
1318
1227
1229
1229
1290
1288
1303
1241
1222
1237
1184
1136
1276
1299
1270
1320
1262
1278
1237
1221
1305
1241
1307
1258
1319
1215
1311
1278
1257
1305
1282
1338
1272
1368
1317
1316
1261
1223
1291
1281
1308
1228
1318
1211
1312
1193
1225
1282
1281
1303
1232
1351
1234
1328
1220
1227
1248
1290
1309
1230
1328
1292
1339
1211
1224
1227
1299
1314
1316
1331
1254
1322
1235
1227
1255
1309
1320
1290
1252
1270
1335
1206
1268
1246
1304
1306
1299
1268
1228
1271
1248
1299
1287
1346
1293
1353
1257
1280
1232
1204
1284
1219
1294
1286
1303
1250
1305
1238
1241
1280
1292
1346
1234
1348
1267
1325
1251
1195
1291
1268
1315
1214
1333
1252
1312
1222
1183
1288
1267
1305
1225
1317
1254
1319
1201
1210
1227
1311
1320
1258
1337
1238
1294
1188
1178
1224
1265
1270
1275
1303
1241
1305
1203
1223
1268
1304
1344
1321
1316
1270
1349
1247
1252
1305
1342
1247
1335
1271
1259
1249
1203
1260
1282
1333
1271
1341
1259
1246
1251
1208
1290
1318
1325
1249
1307
1225
1277
1220
1209
1245
1252
1298
1244
1325
1222
1281
1230
1177
1312
1283
1325
1231
1353
1250
1336
1260
1215
1292
1333
1329
1210
1323
1227
1315
1188
1169
1269
1298
1321
1217
1353
1284
1349
1268
1251
1266
1323
1324
1303
1324
1214
1309
1216
1186
1229
1320
1324
1291
1311
1232
1340
1203
1319
1254
1307
1249
1295
1236
1188
1193
1211
1216
1235
1308
1270
1322
1255
1260
1274
1241
1321
1281
1331
1269
1326
1254
1314
1212
1205
1303
1292
1326
1238
1333
1263
1298
1239
1201
1288
1287
1324
1222
1327
1236
1287
1244
1227
1258
1286
1306
1206
1320
1234
1294
1231
1220
1248
1311
1309
1220
1342
1247
1348
1266
1255
1281
1320
1325
1325
1325
1243
1319
1214
1221
1256
1315
1276
1287
1290
1278
1332
1291
1209
1277
1332
1278
1335
1256
1249
1229
1226
1216
1293
1330
1285
1312
1219
1241
1259
1236
1225
1243
1291
1275
1293
1309
1285
1219
1174
1204
1228
1297
1311
1312
1299
1262
1254
1253
1238
1239
1200
1248
1329
1342
1330
1306
1283
1273
1288
1227
1247
1256
1328
1328
1310
1294
1256
1252
1259
1181
1211
1253
1199
1326
1319
1320
1303
1286
1287
1263
1264
1270
1227
1311
1338
1332
1338
1309
1312
1296
1269
1227
1252
1225
1316
1326
1296
1300
1276
1261
1254
1213
1191
1222
1320
1337
1336
1316
1272
1254
1226
1218
1235
1193
1224
1316
1312
1295
1264
1250
1249
1234
1244
1195
1217
1303
1312
1313
1311
1269
1277
1278
1284
1273
1250
1267
1338
1328
1316
1305
1282
1293
1277
1278
1225
1239
1307
1318
1317
1317
1281
1278
1273
1213
1201
1273
1201
1296
1314
1317
1300
1283
1274
1247
1203
1227
1246
1304
1320
1314
1297
1252
1244
1250
1240
1237
1234
1260
1325
1319
1311
1283
1265
1276
1270
1215
1217
1261
1294
1322
1315
1272
1284
1277
1300
1229
1229
1210
1171
1314
1271
1272
1262
1237
1247
1205
1213
1203
1183
1245
1304
1294
1307
1272
1264
1224
1253
1206
1225
1195
1279
1279
1265
1237
1198
1192
1166
1143
1179
1173
1274
1276
1269
1244
1188
1182
1193
1210
1186
1230
1288
1416
1424
1416
1363
1314
1311
1301
1360
1382
1464
1440
1526
1457
1384
1294
1246
1255
1262
1375
1388
1427
1519
1441
1342
1232
1128
1120
1172
1229
1321
1404
1387
1419
1314
1183
1051
995
1041
1079
1189
1278
1325
1340
1233
1106
997
904
955
1092
1146
1271
1387
1311
1339
1220
1114
1037
1019
1080
1166
1290
1398
1449
1489
1412
1299
1212
1148
1183
1304
1366
1465
1552
1571
1561
1439
1309
1197
1144
1202
1293
1387
1442
1490
1439
1417
1275
1141
1035
1031
1118
1225
1349
1422
1398
1405
1291
1171
1089
1042
1148
1235
1315
1457
1442
1379
1384
1255
1160
1085
1122
1235
1265
1459
1494
1426
1433
1303
1193
1122
1097
1153
1263
1318
1433
1414
1420
1409
1313
1224
1162
1145
1214
1291
1390
1414
1400
1332
1314
1178
1085
1019
1047
1153
1242
1356
1429
1377
1384
1267
1146
1078
1046
1138
1251
1333
1415
1501
1405
1412
1285
1207
1120
1139
1236
1339
1433
1480
1410
1439
1315
1206
1126
1084
1162
1270
1370
1422
1487
1436
1423
1307
1195
1119
1110
1183
1302
1370
1411
1460
1393
1373
1261
1156
1075
1088
1178
1229
1308
1356
1374
1353
1250
1127
1048
1020
1096
1177
1319
1375
1423
1353
1357
1235
1122
1073
1086
1168
1281
1316
1409
1341
1339
1278
1172
1098
1077
1122
1256
1312
1412
1393
1364
1360
1276
1193
1170
1186
1268
1391
1419
1495
1515
1412
1449
1317
1240
1204
1216
1296
1343
1442
1457
1393
1367
1268
1208
1170
1131
1189
1280
1309
1377
1405
1339
1299
1188
1091
1065
1068
1170
1252
1338
1361
1362
1240
1267
1143
1084
1065
1136
1229
1353
1353
1399
1334
1214
1238
1129
1123
1101
1201
1302
1372
1407
1347
1258
1252
1166
1101
1094
1123
1231
1325
1418
1419
1391
1318
1281
1196
1146
1160
1209
1325
1405
1473
1402
1369
1230
1219
1177
1127
1153
1261
1357
1446
1399
1345
1295
1240
1129
1079
1100
1151
1293
1408
1445
1469
1353
1265
1246
1180
1165
1224
1303
1417
1501
1462
1427
1306
1181
1177
1133
1136
1198
1295
1380
1444
1340
1265
1181
1125
1076
1059
1112
1178
1289
1390
1387
1402
1281
1171
1188
1145
1154
1214
1281
1380
1445
1417
1336
1275
1117
1150
1113
1153
1219
1295
1391
1415
1422
1302
1223
1131
1137
1130
1191
1256
1371
1460
1463
1417
1320
1247
1188
1158
1166
1243
1322
1408
1470
1404
1389
1236
1128
1157
1125
1173
1259
1335
1421
1464
1413
1280
1215
1070
1116
1108
1153
1252
1305
1410
1422
1390
1253
1219
1082
1123
1156
1214
1279
1368
1432
1397
1371
1264
1112
1089
1115
1156
1238
1315
1417
1470
1424
1318
1238
1145
1114
1105
1156
1250
1340
1441
1482
1391
1315
1194
1116
1151
1180
1266
1397
1482
1542
1538
1433
1321
1143
1119
1157
1213
1314
1404
1493
1524
1464
1342
1152
1110
1006
1115
1189
1293
1378
1435
1450
1330
1269
1175
1036
1090
1123
1199
1309
1383
1445
1447
1307
1265
1121
1049
1123
1178
1276
1367
1423
1466
1460
1344
1198
1119
1053
1096
1146
1205
1328
1395
1423
1396
1248
1130
1077
999
1108
1162
1248
1361
1430
1420
1386
1231
1169
1036
1043
1155
1237
1326
1409
1469
1457
1381
1263
1173
1065
1131
1195
1285
1396
1454
1483
1477
1371
1259
1173
1096
1165
1220
1306
1409
1450
1472
1445
1281
1179
1083
1032
1129
1199
1315
1436
1476
1498
1466
1295
1192
1080
1054
1139
1193
1326
1422
1448
1435
1372
1184
1057
988
922
1088
1193
1326
1421
1454
1443
1334
1188
1087
1010
1055
1184
1286
1415
1484
1519
1480
1377
1254
1107
1028
1064
1186
1302
1404
1475
1502
1461
1326
1143
1017
983
1076
1165
1319
1429
1506
1519
1449
1286
1155
1022
945
1101
1237
1385
1525
1563
1544
1453
1259
1103
984
956
1110
1247
1410
1528
1538
1487
1365
1201
1002
961
933
1144
1292
1460
1577
1544
1478
1335
1115
1039
926
999
1199
1358
1507
1596
1562
1457
1287
1111
955
944
988
1182
1374
1525
1596
1541
1424
1250
1012
925
904
973
1243
1431
1581
1638
1543
1400
1171
983
951
926
1158
1329
1515
1639
1642
1527
1368
1143
974
966
989
1197
1429
1567
1605
1618
1486
1306
1064
965
945
954
1201
1366
1558
1635
1582
1437
1273
1035
890
872
989
1233
1424
1587
1652
1582
1365
1209
1021
900
896
994
1297
1475
1626
1654
1524
1356
1120
897
817
891
1045
1287
1487
1612
1600
1454
1271
1084
906
868
923
1096
1361
1568
1682
1643
1490
1300
1101
904
917
970
1095
1383
1591
1678
1629
1447
1244
1059
931
876
985
1212
1478
1659
1724
1650
1450
1228
1038
908
888
1044
1259
1509
1668
1698
1581
1352
1139
974
897
906
1097
1309
1549
1668
1670
1536
1324
1090
956
842
952
1055
1308
1542
1664
1627
1482
1286
1051
923
842
904
1121
1342
1570
1684
1621
1475
1275
1029
904
873
944
1178
1427
1641
1706
1621
1431
1199
976
876
849
1025
1202
1439
1675
1708
1588
1379
1148
965
895
878
1086
1316
1559
1664
1689
1562
1350
1138
955
901
953
1096
1315
1505
1669
1650
1511
1302
1103
929
888
949
1096
1368
1595
1677
1645
1490
1275
1089
927
910
947
1204
1426
1588
1686
1612
1454
1226
1039
883
904
1027
1225
1444
1599
1645
1564
1378
1165
997
891
920
1081
1294
1490
1618
1632
1533
1358
1155
1002
913
967
1103
1316
1475
1610
1620
1533
1335
1155
1011
953
1023
1165
1361
1531
1601
1612
1493
1311
1150
1024
984
1039
1212
1397
1555
1593
1571
1454
1278
1129
1004
957
1029
1200
1371
1500
1548
1568
1395
1223
1079
982
985
1053
1229
1385
1523
1553
1479
1353
1199
1062
991
989
1081
1234
1374
1487
1516
1454
1334
1176
1055
984
1011
1087
1258
1411
1508
1536
1467
1365
1185
1079
1037
1066
1163
1290
1436
1540
1508
1444
1306
1173
1084
1044
1087
1182
1319
1456
1512
1521
1432
1302
1165
1085
1046
1098
1206
1320
1453
1496
1532
1406
1282
1166
1087
1051
1109
1223
1327
1445
1471
1473
1364
1283
1165
1092
1045
1127
1236
1344
1446
1469
1440
1388
1280
1153
1072
1079
1121
1226
1319
1416
1461
1421
1356
1227
1147
1077
1016
1142
1237
1346
1403
1465
1412
1314
1255
1150
1141
1119
1171
1249
1318
1396
1434
1403
1330
1207
1137
1096
1103
1173
1205
1313
1371
1418
1381
1314
1238
1148
1084
1100
1148
1240
1313
1410
1411
1399
1364
1301
1206
1149
1152
1190
1250
1351
1381
1419
1414
1338
1247
1166
1118
1111
1165
1244
1313
1379
1405
1405
1329
1253
1168
1133
1129
1168
1229
1300
1350
1395
1383
1356
1260
1198
1146
1137
1167
1214
1282
1361
1360
1376
1312
1240
1151
1124
1132
1172
1236
1356
1352
1398
1394
1344
1246
1183
1148
1148
1188
1245
1318
1381
1411
1406
1359
1295
1247
1186
1192
1226
1269
1298
1345
1353
1342
1316
1249
1208
1174
1176
1189
1252
1288
1310
1347
1332
1293
1238
1209
1177
1182
1200
1245
1273
1298
1328
1322
1291
1256
1222
1194
1207
1204
1239
1295
1288
1308
1300
1281
1253
1246
1228
1217
1259
1268
1275
1280
1280
1269
1279
1246
1239
1236
1251
1271
1272
1247
1258
1263
1265
1259
1268
1266
1287
1293
1313
1247
1293
1241
1236
1230
1248
1275
1285
1299
1331
1337
1278
1273
1240
1222
1226
1201
1265
1341
1329
1356
1347
1333
1311
1260
1227
1219
1213
1254
1296
1349
1384
1384
1362
1288
1260
1181
1177
1182
1238
1295
1355
1400
1388
1309
1277
1198
1143
1130
1158
1213
1279
1331
1382
1385
1352
1271
1191
1143
1113
1125
1188
1267
1347
1441
1428
1384
1326
1215
1127
1092
1098
1172
1272
1385
1445
1465
1424
1334
1224
1150
1077
1096
1153
1260
1377
1444
1463
1452
1333
1228
1139
1093
1075
1167
1269
1353
1433
1475
1449
1358
1270
1168
1112
1109
1126
1219
1328
1420
1477
1446
1381
1256
1200
1075
1028
1075
1161
1278
1394
1457
1473
1421
1295
1176
1100
1060
1103
1181
1298
1420
1493
1491
1451
1317
1200
1115
1088
1109
1167
1285
1361
1438
1456
1436
1357
1258
1159
1095
1051
1115
1219
1314
1411
1477
1463
1407
1298
1194
1122
1094
1106
1172
1288
1399
1449
1445
1434
1316
1211
1116
1076
1086
1153
1250
1364
1431
1438
1421
1321
1234
1153
1099
1105
1153
1217
1326
1397
1440
1423
1380
1299
1196
1139
1108
1122
1171
1267
1353
1374
1435
1405
1347
1252
1154
1114
1075
1157
1231
1329
1401
1461
1397
1340
1243
1172
1116
1113
1106
1205
1302
1348
1389
1358
1353
1297
1224
1176
1189
1139
1174
1243
1306
1390
1415
1396
1358
1293
1201
1166
1141
1158
1219
1283
1356
1403
1403
1344
1314
1242
1179
1155
1158
1203
1271
1346
1405
1418
1393
1341
1262
1204
1164
1145
1190
1219
1274
1338
1385
1396
1365
1299
1266
1190
1159
1152
1163
1242
1294
1358
1402
1386
1337
1265
1203
1130
1114
1141
1201
1281
1350
1427
1415
1391
1304
1217
1161
1130
1140
1169
1251
1323
1369
1397
1381
1337
1263
1172
1166
1132
1164
1210
1300
1368
1415
1423
1408
1306
1214
1138
1105
1135
1182
1264
1345
1395
1404
1368
1265
1219
1153
1109
1117
1138
1248
1324
1399
1428
1405
1350
1270
1224
1176
1153
1179
1270
1314
1375
1413
1405
1359
1283
1247
1166
1145
1157
1210
1268
1350
1377
1379
1373
1325
1252
1180
1143
1169
1190
1271
1291
1389
1407
1388
1341
1265
1205
1168
1184
1188
1230
1302
1342
1374
1362
1340
1285
1227
1201
1167
1169
1202
1249
1297
1349
1359
1326
1326
1284
1234
1184
1185
1221
1253
1294
1361
1358
1367
1356
1323
1272
1237
1218
1208
1249
1256
1289
1327
1371
1340
1318
1280
1264
1189
1173
1185
1196
1239
1271
1308
1328
1334
1338
1303
1261
1218
1192
1190
1211
1235
1287
1338
1347
1366
1329
1288
1231
1173
1160
1167
1213
1270
1330
1372
1388
1375
1324
1234
1184
1171
1143
1178
1225
1306
1348
1391
1416
1375
1289
1225
1169
1135
1146
1192
1295
1337
1399
1436
1416
1364
1271
1137
1127
1141
1164
1239
1316
1396
1429
1430
1408
1296
1159
1126
1113
1134
1206
1281
1377
1429
1429
1398
1332
1245
1168
1117
1130
1179
1246
1320
1387
1416
1407
1372
1287
1208
1146
1140
1155
1203
1280
1353
1394
1396
1368
1307
1241
1173
1154
1156
1187
1255
1314
1363
1371
1355
1326
1265
1195
1177
1174
1184
1220
1295
1337
1336
1353
1343
1337
1262
1226
1205
1207
1203
1235
1269
1279
1320
1314
1315
1274
1285
1252
1216
1218
1227
1260
1269
1296
1313
1309
1309
1297
1272
1262
1242
1232
1244
1248
1256
1286
1301
1315
1286
1307
1297
1267
1221
1220
1215
1234
1254
1295
1333
1342
1341
1316
1285
1245
1218
1185
1203
1228
1284
1300
1358
1324
1324
1286
1250
1211
1206
1205
1216
1246
1271
1314
1333
1337
1318
1282
1241
1221
1203
1218
1238
1276
1366
1350
1352
1334
1285
1254
1221
1224
1219
1249
1273
1307
1324
1337
1303
1290
1256
1237
1214
1213
1233
1266
1277
1310
1283
1323
1301
1263
1239
1207
1203
1220
1239
1275
1272
1331
1326
1315
1297
1240
1219
1207
1216
1232
1265
1303
1322
1328
1327
1288
1262
1224
1210
1205
1239
1256
1297
1310
1330
1323
1307
1261
1248
1223
1201
1204
1222
1246
1278
1311
1316
1317
1335
1273
1234
1225
1214
1210
1232
1301
1321
1340
1343
1352
1294
1269
1230
1158
1224
1240
1269
1299
1317
1345
1328
1308
1265
1271
1255
1228
1232
1198
1259
1289
1297
1338
1335
1321
1297
1265
1250
1176
1210
1224
1252
1281
1310
1324
1314
1301
1264
1248
1228
1222
1234
1253
1276
1291
1326
1315
1314
1300
1265
1269
1251
1191
1230
1243
1259
1283
1299
1313
1308
1294
1304
1253
1231
1225
1220
1230
1266
1279
1315
1314
1308
1280
1255
1236
1230
1198
1239
1254
1266
1279
1277
1281
1270
1277
1255
1257
1250
1246
1247
1266
1268
1283
1313
1312
1318
1308
1291
1295
1251
1227
1247
1259
1278
1294
1295
1301
1315
1269
1244
1214
1240
1251
1259
1268
1264
1277
1285
1287
1286
1287
1293
1271
1264
1225
1254
1260
1267
1281
1295
1304
1285
1272
1293
1250
1249
1245
1280
1280
1299
1303
1311
1307
1274
1259
1248
1245
1246
1284
1284
1283
1285
1289
1282
1281
1263
1262
1261
1259
1251
1252
1254
1262
1273
1291
1285
1285
1285
1274
1242
1239
1232
1251
1274
1295
1315
1339
1289
1269
1247
1240
1210
1263
1266
1276
1294
1292
1296
1259
1274
1256
1251
1258
1258
1260
1257
1254
1266
1287
1282
1282
1274
1272
1259
1249
1260
1240
1255
1265
1290
1293
1288
1274
1250
1236
1224
1230
1244
1267
1288
1297
1300
1244
1273
1255
1257
1242
1236
1260
1282
1313
1292
1295
1296
1287
1281
1273
1268
1255
1256
1259
1257
1273
1293
1302
1302
1287
1280
1227
1219
1209
1200
1236
1258
1300
1325
1333
1340
1286
1272
1246
1206
1228
1238
1242
1278
1320
1320
1307
1292
1334
1275
1253
1238
1240
1221
1245
1267
1293
1316
1328
1329
1312
1313
1245
1207
1217
1203
1218
1263
1296
1312
1320
1318
1271
1254
1218
1199
1198
1198
1235
1267
1287
1288
1312
1306
1288
1276
1259
1211
1202
1204
1217
1249
1280
1319
1336
1333
1300
1292
1248
1210
1195
1194
1227
1277
1310
1332
1338
1323
1292
1258
1237
1189
1226
1230
1259
1295
1299
1311
1300
1294
1303
1264
1240
1224
1209
1234
1239
1262
1299
1337
1337
1309
1315
1273
1235
1213
1213
1236
1261
1299
1317
1332
1310
1298
1284
1266
1262
1233
1269
1258
1282
1305
1309
1308
1309
1285
1266
1247
1239
1207
1215
1228
1252
1276
1331
1289
1296
1282
1240
1234
1212
1198
1212
1235
1280
1321
1344
1346
1330
1295
1265
1241
1235
1214
1239
1268
1290
1313
1313
1310
1286
1290
1266
1233
1226
1214
1236
1239
1268
1288
1342
1324
1305
1282
1252
1216
1207
1197
1208
1246
1285
1332
1323
1314
1281
1265
1253
1219
1216
1224
1255
1270
1293
1318
1313
1306
1294
1278
1242
1245
1249
1230
1243
1257
1282
1310
1316
1317
1292
1283
1240
1237
1231
1199
1246
1271
1288
1292
1318
1293
1287
1265
1240
1232
1232
1227
1241
1284
1270
1298
1285
1288
1274
1276
1272
1262
1254
1239
1243
1282
1264
1286
1304
1294
1319
1305
1287
1267
1241
1251
1256
1241
1281
1289
1292
1300
1286
1286
1287
1269
1266
1270
1255
1266
1253
1262
1267
1266
1280
1267
1268
1257
1259
1244
1263
1238
1248
1233
1242
1271
1271
1283
1264
1273
1261
1260
1263
1266
1275
1270
1209
1277
1257
1258
1260
1271
1283
1276
1283
1326
1273
1262
1252
1253
1238
1250
1262
1270
1274
1306
1278
1277
1275
1271
1246
1259
1251
1246
1222
1240
1257
1263
1276
1297
1297
1295
1285
1263
1253
1259
1264
1256
1277
1282
1294
1287
1300
1302
1275
1265
1269
1253
1242
1224
1227
1225
1244
1228
1292
1307
1308
1306
1288
1269
1248
1237
1227
1237
1249
1265
1296
1311
1306
1265
1287
1268
1252
1233
1236
1222
1236
1249
1271
1292
1295
1309
1290
1306
1273
1259
1242
1236
1230
1235
1251
1264
1288
1296
1301
1295
1284
1269
1247
1231
1234
1244
1246
1245
1276
1295
1294
1323
1363
1313
1291
1270
1244
1239
1217
1227
1236
1285
1293
1314
1322
1311
1300
1262
1233
1189
1215
1228
1235
1268
1283
1315
1323
1320
1342
1272
1258
1209
1223
1229
1218
1251
1311
1304
1319
1312
1304
1279
1227
1233
1216
1227
1223
1249
1268
1298
1290
1307
1302
1321
1271
1259
1253
1252
1256
1264
1279
1305
1280
1300
1302
1259
1284
1293
1246
1263
1271
1271
1277
1283
1293
1294
1278
1273
1269
1258
1248
1262
1258
1267
1269
1281
1278
1283
1302
1265
1271
1254
1250
1277
1276
1287
1279
1289
1284
1276
1274
1263
1265
1250
1245
1255
1263
1258
1301
1245
1273
1266
1262
1248
1253
1264
1269
1275
1271
1269
1276
1270
1259
1254
1248
1263
1252
1266
1276
1271
1271
1276
1274
1285
1272
1267
1255
1263
1275
1284
1277
1303
1277
1275
1270
1262
1261
1265
1252
1243
1257
1264
1264
1243
1262
1263
1223
1264
1293
1287
1275
1275
1287
1282
1295
1288
1279
1223
1272
1268
1274
1282
1289
1288
1281
1268
1251
1256
1254
1252
1304
1270
1278
1279
1282
1280
1274
1272
1275
1268
1267
1268
1266
1254
1284
1273
1287
1279
1293
1278
1267
1266
1291
1274
1294
1287
1289
1282
1271
1252
1246
1258
1247
1257
1273
1276
1275
1276
1262
1237
1238
1229
1235
1249
1263
1276
1278
1317
1248
1282
1274
1255
1274
1250
1261
1260
1289
1280
1288
1293
1292
1285
1284
1263
1294
1269
1267
1268
1277
1277
1273
1272
1295
1279
1278
1273
1280
1273
1277
1297
1282
1273
1293
1252
1250
1253
1258
1241
1271
1277
1280
1263
1262
1241
1230
1218
1248
1247
1265
1264
1292
1268
1293
1283
1273
1269
1271
1276
1276
1269
1276
1260
1262
1284
1268
1272
1275
1287
1291
1273
1272
1290
1285
1272
1260
1248
1251
1235
1262
1278
1293
1302
1306
1293
1275
1237
1198
1216
1222
1230
1265
1296
1306
1324
1329
1301
1280
1246
1234
1223
1240
1268
1289
1289
1308
1309
1301
1289
1272
1255
1249
1252
1266
1254
1265
1279
1267
1290
1288
1285
1278
1289
1256
1250
1251
1260
1258
1264
1281
1228
1272
1263
1251
1223
1248
1253
1263
1253
1261
1250
1240
1248
1234
1258
1270
1244
1264
1295
1266
1269
1236
1269
1281
1288
1289
1308
1296
1283
1278
1309
1275
1274
1276
1290
1289
1300
1301
1284
1289
1262
1255
1247
1250
1243
1261
1271
1275
1274
1280
1274
1264
1248
1243
1240
1242
1250
1263
1282
1290
1311
1323
1299
1285
1264
1255
1249
1264
1277
1293
1318
1296
1295
1277
1260
1252
1247
1253
1220
1271
1281
1272
1266
1256
1261
1263
1265
1268
1274
1266
1265
1261
1256
1202
1242
1241
1243
1251
1249
1280
1259
1266
1308
1276
1274
1273
1274
1266
1276
1287
1284
1287
1288
1294
1312
1283
1263
1232
1257
1258
1275
1293
1322
1309
1293
1283
1282
1251
1238
1232
1241
1247
1271
1309
1294
1290
1292
1268
1249
1226
1239
1222
1246
1260
1277
1282
1288
1300
1270
1262
1219
1257
1256
1255
1265
1262
1272
1274
1271
1269
1265
1265
1261
1267
1274
1255
1282
1266
1281
1274
1268
1268
1254
1265
1283
1280
1281
1273
1269
1255
1253
1228
1247
1250
1260
1272
1273
1265
1273
1255
1257
1275
1274
1267
1267
1279
1276
1278
1293
1272
1273
1269
1272
1267
1279
1287
1284
1286
1285
1303
1267
1263
1264
1247
1260
1266
1274
1272
1272
1272
1251
1221
1215
1213
1228
1227
1261
1251
1266
1271
1277
1281
1274
1284
1257
1254
1256
1256
1263
1266
1278
1284
1277
1280
1270
1280
1286
1266
1292
1277
1274
1263
1264
1255
1263
1260
1261
1271
1268
1270
1274
1263
1262
1258
1256
1252
1245
1273
1251
1263
1287
1278
1285
1257
1262
1256
1255
1255
1247
1249
1266
1244
1265
1276
1280
1282
1281
1279
1286
1280
1278
1281
1265
1281
1262
1281
1276
1279
1273
1272
1282
1287
1280
1284
1277
1266
1256
1250
1248
1218
1244
1287
1261
1268
1297
1265
1253
1264
1263
1244
1251
1253
1261
1258
1265
1268
1286
1277
1274
1278
1277
1279
1278
1279
1271
1254
1273
1274
1270
1271
1263
1277
1295
1286
1283
1282
1278
1264
1264
1259
1197
1236
1240
1254
1257
1261
1274
1267
1265
1236
1239
1239
1226
1230
1238
1260
1270
1298
1312
1309
1297
1298
1272
1260
1235
1268
1260
1273
1287
1290
1300
1288
1288
1330
1279
1279
1266
1267
1231
1256
1255
1257
1256
1254
1262
1260
1260
1251
1250
1257
1254
1262
1268
1262
1265
1258
1263
1253
1263
1292
1263
1260
1257
1262
1267
1265
1266
1270
1268
1268
1275
1287
1287
1287
1294
1288
1286
1276
1276
1264
1266
1243
1293
1280
1274
1274
1261
1268
1250
1262
1260
1256
1257
1255
1260
1259
1231
1255
1259
1260
1257
1250
1260
1281
1260
1297
1272
1271
1259
1267
1251
1252
1258
1266
1268
1276
1308
1292
1294
1281
1268
1262
1231
1250
1256
1261
1273
1270
1279
1277
1260
1275
1265
1260
1253
1271
1274
1264
1264
1257
1251
1233
1221
1241
1232
1250
1261
1279
1279
1280
1273
1260
1250
1229
1248
1256
1264
1282
1298
1314
1311
1317
1308
1286
1267
1255
1252
1254
1248
1286
1292
1300
1298
1284
1268
1246
1247
1260
1240
1250
1260
1273
1279
1287
1284
1269
1277
1260
1263
1263
1266
1267
1266
1273
1265
1258
1248
1260
1258
1258
1276
1292
1291
1293
1283
1273
1260
1255
1261
1260
1262
1274
1285
1268
1290
1289
1286
1265
1253
1254
1253
1258
1270
1262
1278
1288
1276
1272
1261
1255
1247
1250
1259
1266
1269
1273
1267
1258
1243
1242
1239
1249
1302
1278
1286
1291
1290
1275
1280
1287
1275
1267
1290
1280
1278
1289
1289
1291
1284
1282
1274
1268
1263
1262
1216
1257
1227
1275
1281
1273
1269
1254
1254
1262
1260
1264
1268
1273
1269
1269
1261
1182
1238
1239
1248
1261
1313
1292
1291
1291
1282
1275
1267
1259
1261
1259
1282
1270
1280
1301
1295
1292
1284
1269
1269
1252
1266
1275
1287
1276
1274
1274
1262
1266
1304
1264
1269
1266
1272
1263
1278
1283
1274
1265
1252
1244
1243
1246
1250
1240
1268
1277
1288
1286
1270
1261
1262
1251
1225
1260
1277
1279
1267
1278
1283
1284
1277
1280
1267
1269
1273
1275
1284
1283
1281
1280
1279
1272
1255
1273
1248
1251
1237
1267
1268
1272
1271
1265
1260
1240
1255
1243
1255
1268
1278
1288
1295
1278
1281
1264
1261
1264
1260
1274
1284
1302
1345
1307
1296
1281
1267
1260
1257
1268
1271
1266
1275
1287
1274
1264
1254
1248
1241
1244
1250
1263
1264
1276
1276
1278
1263
1264
1262
1252
1253
1262
1276
1296
1297
1297
1287
1276
1263
1254
1254
1249
1267
1279
1297
1279
1305
1298
1277
1260
1237
1257
1266
1263
1281
1289
1298
1283
1283
1259
1247
1245
1242
1266
1279
1283
1293
1315
1283
1265
1227
1234
1218
1229
1270
1286
1281
1289
1298
1283
1269
1262
1248
1239
1246
1264
1279
1265
1297
1289
1281
1267
1266
1248
1250
1264
1274
1307
1310
1325
1317
1297
1270
1252
1247
1252
1262
1277
1296
1309
1293
1282
1273
1239
1222
1235
1242
1257
1267
1277
1276
1283
1267
1266
1263
1252
1254
1253
1269
1282
1295
1278
1288
1280
1271
1262
1263
1256
1266
1301
1292
1310
1309
1307
1281
1277
1274
1247
1252
1258
1272
1281
1301
1297
1295
1277
1265
1247
1239
1240
1257
1270
1283
1246
1300
1298
1279
1264
1244
1249
1247
1254
1263
1273
1280
1300
1279
1272
1215
1252
1257
1257
1271
1267
1277
1278
1283
1319
1278
1270
1264
1263
1255
1269
1266
1279
1287
1286
1285
1275
1275
1273
1239
1264
1266
1269
1274
1272
1279
1268
1271
1297
1282
1276
1277
1273
1263
1275
1274
1271
1269
1267
1270
1271
1274
1275
1219
1272
1267
1268
1267
1294
1267
1265
1274
1259
1277
1276
1273
1276
1264
1270
1268
1251
1257
1256
1255
1256
1289
1270
1255
1279
1265
1283
1277
1263
1266
1251
1260
1262
1248
1269
1281
1284
1278
1286
1273
1283
1276
1276
1283
1271
1273
1280
1266
1281
1272
1281
1279
1271
1276
1263
1271
1298
1272
1276
1269
1268
1255
1261
1263
1265
1263
1266
1254
1266
1289
1275
1252
1258
1252
1258
1246
1256
1262
1269
1282
1266
1288
1285
1255
1281
1262
1266
1271
1270
1280
1283
1283
1275
1272
1265
1247
1244
1244
1252
1249
1259
1275
1269
1273
1269
1273
1283
1258
1260
1258
1264
1270
1272
1277
1272
1266
1269
1269
1272
1251
1261
1274
1282
1295
1279
1270
1257
1258
1274
1254
1261
1262
1274
1278
1283
1259
1275
1280
1255
1257
1258
1260
1272
1279
1285
1293
1285
1276
1265
1262
1250
1261
1242
1275
1285
1286
1281
1277
1278
1273
1265
1257
1255
1267
1266
1271
1282
1274
1271
1303
1269
1259
1251
1270
1270
1262
1268
1277
1276
1263
1268
1266
1260
1255
1276
1264
1269
1277
1279
1270
1248
1255
1248
1250
1252
1258
1261
1267
1258
1273
1294
1274
1273
1266
1264
1256
1265
1267
1290
1270
1272
1275
1278
1273
1271
1262
1262
1224
1267
1270
1273
1278
1273
1283
1264
1296
1266
1261
1257
1253
1268
1266
1244
1270
1288
1288
1279
1271
1271
1261
1247
1296
1278
1270
1271
1285
1278
1293
1262
1269
1263
1256
1256
1249
1258
1262
1261
1280
1280
1278
1272
1263
1259
1245
1246
1264
1269
1275
1297
1316
1275
1277
1282
1267
1235
1254
1257
1256
1269
1274
1281
1278
1256
1270
1273
1257
1259
1252
1284
1235
1279
1277
1282
1276
1262
1264
1279
1260
1247
1266
1273
1280
1286
1286
1254
1265
1256
1259
1257
1256
1263
1258
1272
1294
1283
1276
1268
1265
1248
1256
1259
1267
1267
1272
1276
1274
1272
1268
1256
1256
1256
1258
1260
1278
1270
1236
1271
1274
1266
1267
1270
1264
1260
1263
1276
1282
1276
1273
1276
1269
1258
1271
1256
1264
1266
1269
1269
1271
1266
1258
1268
1244
1265
1274
1269
1266
1256
1264
1270
1236
1269
1270
1271
1263
1292
1268
1256
1260
1270
1275
1280
1280
1276
1270
1273
1288
1254
1273
1267
1269
1263
1299
1272
1280
1278
1278
1280
1266
1255
1247
1244
1260
1256
1263
1277
1279
1290
1267
1271
1271
1251
1248
1251
1262
1270
1280
1276
1286
1281
1269
1262
1250
1244
1251
1249
1274
1271
1283
1290
1283
1262
1258
1253
1228
1248
1252
1260
1269
1289
1287
1285
1279
1273
1260
1253
1249
1251
1263
1262
1272
1322
1288
1291
1268
1263
1241
1245
1253
1263
1272
1277
1287
1281
1280
1256
1269
1256
1265
1257
1261
1271
1279
1274
1281
1241
1279
1278
1269
1265
1258
1263
1261
1268
1274
1276
1277
1274
1272
1270
1230
1253
1256
1257
1256
1256
1267
1267
1272
1238
1275
1263
1259
1257
1267
1260
1253
1269
1272
1269
1273
1271
1273
1274
1260
1268
1250
1260
1269
1260
1270
1258
1273
1325
1264
1265
1253
1255
1247
1259
1271
1277
1275
1295
1283
1269
1264
1257
1244
1256
1257
1262
1272
1270
1272
1267
1268
1245
1262
1263
1242
1256
1251
1260
1275
1276
1280
1281
1278
1269
1269
1259
1231
1249
1253
1269
1278
1264
1297
1270
1270
1247
1252
1251
1248
1258
1261
1276
1274
1284
1277
1271
1255
1253
1259
1258
1245
1263
1266
1277
1271
1271
1281
1266
1255
1294
1263
1261
1250
1262
1266
1277
1284
1279
1298
1272
1261
1254
1247
1257
1251
1272
1273
1279
1274
1274
1245
1254
1265
1258
1270
1278
1273
1278
1271
1267
1279
1272
1261
1264
1268
1257
1253
1261
1253
1260
1272
1280
1286
1279
1276
1258
1260
1251
1260
1274
1271
1275
1273
1276
1264
1268
1261
1263
1265
1265
1262
1268
1261
1266
1268
1272
1256
1255
1259
1245
1234
1273
1259
1266
1268
1274
1274
1278
1271
1267
1255
1252
1249
1236
1256
1264
1267
1270
1277
1270
1263
1262
1256
1243
1261
1255
1276
1281
1279
1288
1266
1273
1276
1274
1266
1268
1271
1274
1268
1276
1272
1267
1295
1274
1265
1258
1254
1242
1259
1256
1266
1275
1314
1282
1274
1269
1259
1257
1253
1254
1265
1272
1280
1284
1287
1273
1266
1261
1261
1263
1264
1258
1275
1288
1274
1275
1290
1261
1254
1259
1262
1258
1263
1284
1275
1280
1280
1279
1258
1260
1221
1266
1263
1281
1267
1261
1282
1280
1276
1276
1265
1264
1252
1256
1262
1221
1288
1276
1276
1275
1277
1274
1265
1264
1302
1276
1267
1260
1265
1258
1268
1276
1276
1271
1282
1272
1263
1266
1254
1240
1255
1261
1277
1288
1284
1285
1271
1265
1268
1255
1267
1265
1273
1274
1285
1296
1283
1273
1265
1261
1254
1251
1256
1251
1267
1267
1274
1284
1278
1286
1264
1265
1228
1261
1261
1264
1272
1284
1278
1277
1279
1273
1265
1252
1251
1257
1268
1249
1274
1279
1283
1276
1270
1241
1261
1269
1301
1280
1286
1279
1301
1279
1277
1273
1277
1276
1277
1280
1275
1280
1237
1268
1272
1273
1272
1300
1267
1268
1264
1266
1279
1270
1271
1263
1266
1259
1264
1254
1251
1270
1273
1272
1268
1266
1262
1249
1255
1256
1277
1274
1276
1279
1268
1267
1255
1259
1260
1262
1268
1298
1284
1286
1274
1275
1275
1266
1255
1255
1264
1269
1274
1286
1288
1288
1278
1272
1260
1263
1283
1270
1270
1279
1275
1269
1272
1261
1260
1263
1265
1266
1264
1296
1281
1301
1282
1280
1280
1273
1272
1263
1254
1268
1298
1295
1295
1258
1279
1263
1239
1256
1275
1267
1279
1289
1288
1289
1278
1257
1249
1243
1249
1256
1246
1285
1282
1304
1267
1298
1254
1245
1246
1245
1263
1274
1286
1288
1291
1288
1275
1263
1260
1245
1241
1292
1274
1284
1292
1296
1285
1284
1277
1255
1255
1247
1255
1269
1286
1300
1299
1293
1276
1259
1242
1233
1243
1241
1271
1249
1294
1293
1285
1286
1257
1255
1261
1269
1264
1270
1287
1288
1289
1292
1216
1237
1277
1254
1257
1266
1278
1277
1290
1286
1283
1274
1260
1252
1239
1247
1265
1271
1279
1286
1284
1274
1259
1251
1229
1240
1254
1266
1260
1283
1269
1272
1264
1299
1245
1242
1244
1258
1271
1288
1297
1290
1280
1269
1248
1242
1247
1257
1252
1283
1298
1301
1297
1283
1292
1248
1248
1235
1267
1287
1281
1305
1293
1289
1280
1259
1247
1244
1234
1262
1285
1297
1295
1286
1272
1261
1235
1231
1235
1237
1260
1256
1280
1286
1272
1255
1234
1237
1231
1251
1259
1279
1287
1290
1264
1272
1249
1255
1252
1263
1278
1286
1293
1293
1303
1318
1281
1263
1250
1255
1258
1296
1288
1292
1292
1285
1266
1254
1240
1238
1232
1250
1265
1279
1286
1283
1275
1249
1246
1226
1240
1248
1257
1280
1275
1283
1286
1274
1257
1253
1243
1248
1255
1273
1270
1286
1288
1283
1271
1261
1255
1251
1247
1266
1287
1300
1297
1293
1283
1276
1257
1252
1255
1266
1274
1273
1291
1289
1270
1266
1253
1252
1251
1248
1273
1263
1277
1295
1280
1270
1255
1247
1243
1248
1258
1271
1282
1280
1286
1273
1266
1254
1222
1244
1263
1271
1282
1284
1291
1291
1255
1252
1255
1251
1249
1256
1266
1284
1293
1295
1281
1270
1262
1247
1242
1249
1257
1272
1311
1298
1295
1286
1274
1247
1245
1231
1253
1262
1278
1294
1299
1303
1283
1275
1249
1239
1237
1246
1269
1278
1283
1288
1299
1287
1270
1250
1248
1229
1241
1273
1268
1281
1286
1291
1276
1261
1256
1240
1244
1243
1283
1261
1273
1286
1279
1261
1225
1261
1251
1248
1247
1252
1263
1279
1286
1298
1279
1300
1265
1263
1265
1243
1253
1269
1274
1275
1274
1272
1269
1270
1306
1272
1277
1253
1266
1245
1251
1251
1259
1271
1272
1280
1274
1268
1258
1241
1238
1247
1252
1262
1266
1296
1278
1283
1291
1275
1266
1251
1249
1241
1241
1273
1288
1296
1299
1286
1278
1264
1247
1225
1237
1246
1261
1282
1287
1292
1277
1275
1253
1258
1250
1244
1260
1248
1273
1280
1289
1280
1267
1259
1245
1222
1245
1237
1260
1265
1270
1268
1260
1261
1238
1256
1279
1258
1264
1265
1271
1266
1272
1271
1270
1267
1272
1269
1266
1273
1275
1281
1279
1279
1280
1279
1292
1272
1264
1269
1279
1280
1275
1268
1271
1259
1269
1268
1239
1267
1270
1271
1268
1271
1264
1227
1252
1257
1267
1270
1276
1278
1271
1266
1242
1255
1252
1247
1262
1259
1276
1275
1283
1274
1270
1248
1252
1270
1252
1245
1261
1271
1277
1288
1276
1279
1260
1267
1272
1255
1263
1265
1271
1273
1284
1280
1280
1270
1269
1228
1259
1260
1268
1265
1273
1271
1274
1276
1263
1262
1252
1266
1272
1279
1278
1273
1274
1268
1268
1272
1261
1258
1267
1275
1270
1274
1261
1264
1253
1247
1252
1257
1260
1268
1266
1274
1259
1265
1283
1260
1252
1255
1256
1254
1268
1272
1273
1273
1277
1269
1270
1262
1261
1301
1273
1272
1275
1281
1271
1275
1276
1289
1268
1269
1273
1278
1286
1285
1283
1271
1268
1256
1257
1251
1260
1271
1279
1256
1275
1280
1259
1248
1254
1239
1252
1261
1267
1292
1297
1288
1283
1270
1191
1243
1240
1251
1261
1284
1294
1295
1294
1291
1273
1262
1244
1241
1234
1255
1264
1300
1304
1303
1297
1275
1250
1245
1223
1248
1269
1282
1296
1295
1299
1277
1265
1289
1243
1244
1242
1264
1269
1299
1304
1289
1288
1255
1243
1231
1219
1249
1232
1281
1292
1304
1296
1274
1261
1242
1244
1217
1258
1280
1289
1305
1282
1292
1286
1263
1247
1237
1271
1259
1273
1296
1284
1305
1295
1277
1259
1237
1239
1233
1245
1271
1298
1305
1317
1293
1266
1252
1232
1241
1244
1264
1284
1297
1304
1300
1279
1247
1256
1247
1255
1249
1267
1274
1293
1327
1294
1283
1270
1253
1238
1244
1246
1265
1282
1297
1300
1289
1280
1263
1243
1241
1249
1255
1265
1284
1299
1289
1286
1269
1267
1253
1243
1248
1278
1281
1297
1305
1302
1292
1274
1231
1245
1241
1237
1276
1288
1298
1303
1301
1291
1237
1248
1234
1245
1254
1265
1285
1304
1298
1287
1282
1259
1243
1243
1224
1255
1272
1295
1295
1302
1295
1285
1263
1250
1229
1244
1274
1271
1291
1309
1301
1289
1280
1265
1243
1236
1244
1259
1275
1299
1309
1306
1295
1278
1265
1245
1240
1251
1252
1285
1291
1316
1310
1293
1275
1254
1241
1239
1226
1259
1282
1298
1303
1319
1290
1260
1251
1258
1225
1235
1251
1271
1278
1304
1292
1290
1277
1251
1233
1230
1246
1258
1284
1303
1289
1311
1289
1268
1256
1237
1231
1257
1264
1286
1303
1302
1290
1294
1285
1255
1249
1244
1253
1265
1284
1297
1298
1290
1279
1259
1246
1236
1237
1246
1272
1229
1288
1297
1283
1273
1249
1248
1239
1247
1262
1266
1284
1288
1312
1293
1220
1257
1240
1243
1244
1252
1264
1281
1288
1315
1286
1268
1232
1227
1236
1252
1258
1279
1302
1293
1286
1280
1267
1259
1223
1250
1261
1270
1282
1285
1289
1275
1287
1283
1255
1255
1250
1262
1238
1279
1304
1286
1277
1266
1257
1254
1241
1253
1242
1275
1293
1291
1293
1274
1267
1251
1244
1201
1259
1274
1285
1293
1285
1286
1269
1258
1247
1232
1243
1256
1273
1293
1278
1297
1289
1274
1260
1241
1241
1239
1254
1282
1299
1295
1292
1293
1272
1264
1237
1243
1245
1235
1272
1283
1290
1290
1276
1269
1257
1243
1243
1238
1257
1267
1282
1308
1298
1283
1265
1251
1243
1249
1261
1270
1277
1287
1288
1284
1279
1263
1225
1243
1247
1262
1274
1283
1298
1284
1286
1252
1285
1255
1244
1253
1260
1279
1308
1299
1288
1281
1270
1254
1241
1252
1243
1256
1276
1314
1292
1290
1284
1261
1249
1240
1247
1253
1265
1285
1288
1296
1292
1282
1260
1270
1277
1244
1251
1266
1273
1291
1285
1283
1274
1256
1254
1237
1252
1277
1274
1285
1286
1291
1281
1268
1260
1253
1255
1264
1274
1278
1286
1295
1283
1276
1265
1255
1242
1258
1256
1257
1278
1277
1302
1274
1274
1260
1240
1238
1242
1254
1270
1269
1298
1304
1299
1287
1257
1247
1279
1240
1256
1272
1288
1289
1304
1309
1287
1268
1252
1247
1249
1257
1273
1290
1294
1295
1295
1267
1263
1249
1235
1236
1228
1262
1282
1285
1293
1280
1275
1269
1248
1242
1246
1249
1264
1286
1298
1236
1291
1283
1262
1244
1240
1248
1250
1264
1276
1293
1296
1282
1278
1253
1252
1232
1252
1259
1298
1283
1290
1296
1293
1272
1275
1267
1259
1254
1238
1264
1265
1278
1331
1293
1287
1286
1274
1255
1265
1247
1259
1266
1273
1280
1277
1278
1273
1246
1267
1274
1265
1268
1284
1271
1266
1270
1246
1264
1274
1267
1271
1267
1274
1257
1265
1272
1267
1275
1272
1279
1282
1278
1273
1283
1273
1264
1261
1273
1267
1278
1266
1286
1282
1273
1269
1259
1262
1238
1268
1276
1280
1300
1280
1279
1275
1254
1260
1262
1262
1267
1265
1275
1274
1279
1307
1281
1282
1266
1250
1273
1260
1256
1265
1300
1281
1286
1282
1275
1256
1248
1248
1244
1254
1257
1269
1277
1275
1280
1268
1274
1268
1261
1260
1257
1265
1287
1277
1276
1282
1284
1279
1272
1270
1263
1258
1270
1267
1269
1273
1282
1278
1281
1260
1273
1269
1259
1263
1265
1270
1278
1277
1280
1284
1275
1271
1272
1265
1261
1262
1264
1267
1270
1269
1271
1265
1276
1301
1288
1281
1279
1274
1265
1269
1273
1277
1275
1277
1274
1278
1285
1272
1262
1259
1281
1265
1264
1265
1272
1266
1274
1268
1287
1275
1265
1283
1258
1263
1271
1270
1273
1258
1278
1272
1266
1269
1254
1258
1260
1261
1262
1271
1280
1275
1262
1265
1270
1261
1256
1238
1261
1270
1277
1294
1289
1282
1282
1270
1262
1257
1256
1251
1280
1278
1285
1283
1309
1267
1267
1283
1263
1254
1275
1267
1266
1277
1293
1284
1273
1272
1272
1268
1256
1260
1253
1261
1208
1275
1267
1276
1271
1256
1262
1259
1263
1267
1265
1272
1273
1269
1280
1220
1265
1266
1263
1263
1259
1243
1258
1263
1294
1276
1271
1263
1271
1251
1258
1279
1268
1267
1270
1273
1270
1269
1263
1241
1263
1262
1264
1282
1272
1275
1269
1271
1318
1267
1266
1263
1261
1252
1264
1283
1275
1274
1270
1272
1267
1269
1265
1228
1256
1256
1259
1263
1270
1272
1255
1265
1226
1265
1264
1258
1258
1233
1262
1270
1280
1275
1276
1273
1270
1261
1264
1250
1251
1255
1259
1268
1283
1271
1264
1269
1278
1271
1263
1274
1264
1258
1258
1263
1245
1281
1279
1279
1267
1271
1255
1239
1259
1254
1273
1271
1277
1275
1271
1272
1289
1264
1264
1252
1256
1252
1265
1256
1273
1277
1274
1256
1271
1258
1259
1244
1262
1259
1267
1272
1266
1273
1268
1268
1243
1260
1261
1260
1271
1262
1275
1281
1283
1275
1272
1264
1260
1251
1257
1248
1257
1268
1278
1282
1276
1256
1235
1252
1250
1245
1255
1248
1260
1265
1274
1271
1283
1268
1262
1256
1251
1252
1252
1254
1270
1282
1284
1292
1269
1265
1232
1249
1280
1261
1267
1270
1276
1275
1280
1264
1273
1260
1256
1257
1264
1258
1266
1270
1272
1277
1273
1268
1263
1257
1247
1259
1249
1270
1278
1280
1272
1290
1265
1263
1263
1261
1259
1268
1260
1268
1274
1260
1265
1301
1263
1259
1258
1255
1268
1266
1265
1277
1278
1281
1268
1269
1269
1259
1260
1260
1261
1272
1251
1273
1281
1273
1269
1269
1264
1265
1258
1262
1255
1261
1284
1274
1276
1273
1276
1266
1240
1263
1273
1261
1259
1294
1273
1273
1258
1271
1282
1233
1270
1267
1262
1256
1244
1248
1262
1273
1276
