1281
1301
1306
1285
1251
1247
1248
1250
1243
1251
1241
1243
1239
1250
1247
1243
1240
1240
1248
1237
1249
1256
1251
1276
1248
1264
1257
1271
1275
1277
1275
1282
1273
1274
1261
1259
1258
1243
1245
1241
1245
1267
1237
1256
1247
1228
1247
1252
1247
1246
1243
1261
1232
1221
1217
1214
1199
1199
1183
1190
1176
1193
1181
1190
1195
1194
1205
1204
1211
1215
1205
1231
1236
1251
1261
1264
1270
1291
1298
1290
1327
1315
1296
1305
1318
1305
1299
1295
1297
1289
1279
1295
1293
1289
1298
1299
1305
1316
1318
1313
1336
1315
1324
1309
1304
1296
1269
1272
1257
1244
1238
1239
1237
1232
1237
1230
1167
1233
1232
1249
1254
1231
1242
1237
1243
1266
1250
1264
1254
1262
1268
1285
1308
1316
1306
1311
1314
1310
1307
1313
1286
1293
1279
1262
1268
1254
1247
1231
1242
1196
1222
1208
1201
1193
1197
1204
1202
1216
1243
1233
1245
1253
1262
1275
1295
1296
1312
1289
1336
1334
1338
1328
1336
1348
1321
1313
1299
1291
1277
1248
1259
1262
1263
1277
1300
1317
1343
1395
1368
1403
1405
1398
1379
1349
1312
1279
1255
1206
1200
1180
1149
1144
1095
1068
1051
1057
1083
1087
1126
1148
1149
1197
1207
1221
1243
1275
1302
1374
1401
1415
1414
1422
1358
1318
1268
1266
1210
1214
1217
1219
1233
1230
1231
1240
1249
1289
1291
1342
1364
1398
1410
1429
1432
1415
1418
1407
1386
1376
1357
1340
1312
1298
1258
1230
1200
1190
1160
1141
1137
1145
1147
1165
1239
1210
1225
1244
1224
1221
1222
1256
1252
1248
1247
1252
1230
1272
1271
1288
1294
1316
1338
1370
1386
1398
1431
1433
1376
1394
1376
1348
1320
1290
1277
1256
1235
1249
1233
1229
1230
1235
1221
1237
1232
1238
1223
1222
1221
1226
1225
1236
1289
1253
1254
1254
1234
1249
1261
1271
1267
1260
1256
1254
1251
1245
1234
1222
1233
1232
1236
1226
1219
1220
1216
1223
1250
1258
1257
1268
1281
1277
1296
1299
1314
1319
1313
1347
1346
1349
1355
1318
1326
1311
1318
1330
1320
1296
1275
1266
1286
1248
1236
1242
1213
1189
1187
1193
1186
1200
1220
1239
1243
1271
1278
1273
1309
1291
1283
1281
1253
1273
1251
1246
1209
1225
1199
1189
1185
1187
1202
1212
1237
1237
1252
1258
1288
1298
1294
1304
1349
1368
1431
1428
1433
1438
1432
1433
1411
1401
1354
1316
1260
1261
1250
1243
1237
1237
1241
1264
1255
1256
1253
1276
1298
1314
1322
1320
1312
1323
1271
1257
1224
1226
1206
1187
1170
1157
1148
1149
1130
1122
1118
1125
1128
1135
1155
1170
1201
1262
1254
1286
1324
1347
1355
1388
1415
1415
1423
1419
1420
1396
1382
1394
1359
1343
1331
1330
1326
1331
1321
1330
1332
1282
1321
1312
1303
1297
1259
1254
1254
1258
1246
1233
1223
1219
1208
1207
1203
1204
1196
1193
1182
1182
1198
1178
1197
1256
1221
1240
1245
1261
1263
1286
1292
1303
1297
1290
1293
1298
1276
1265
1238
1273
1300
1293
1296
1297
1278
1337
1315
1297
1340
1355
1348
1354
1342
1342
1334
1325
1319
1323
1325
1336
1326
1339
1312
1302
1299
1281
1270
1246
1228
1219
1206
1227
1187
1214
1167
1171
1171
1177
1175
1189
1216
1231
1245
1263
1272
1277
1278
1288
1277
1320
1317
1328
1335
1322
1339
1304
1311
1289
1243
1239
1212
1200
1199
1221
1210
1219
1228
1236
1260
1275
1289
1304
1319
1333
1314
1314
1286
1257
1241
1256
1225
1218
1207
1248
1188
1194
1192
1196
1189
1218
1240
1249
1255
1273
1263
1266
1282
1271
1293
1291
1287
1274
1271
1268
1265
1254
1266
1267
1262
1277
1277
1276
1285
1325
1304
1316
1332
1368
1347
1356
1387
1345
1346
1323
1323
1297
1292
1283
1252
1237
1223
1198
1210
1246
1262
1281
1286
1289
1294
1303
1308
1315
1303
1314
1271
1313
1305
1293
1276
1269
1273
1272
1277
1263
1243
1233
1198
1177
1176
1181
1172
1168
1189
1169
1159
1167
1165
1181
1248
1228
1252
1272
1282
1266
1279
1288
1289
1306
1309
1317
1349
1327
1333
1283
1323
1322
1320
1325
1331
1329
1342
1312
1269
1302
1317
1305
1329
1320
1326
1315
1321
1319
1260
1279
1278
1263
1296
1274
1291
1284
1315
1271
1296
1308
1304
1307
1342
1304
1300
1284
1274
1281
1262
1257
1248
1244
1225
1208
1190
1191
1202
1192
1206
1216
1217
1222
1211
1212
1195
1222
1243
1246
1271
1253
1257
1234
1248
1256
1274
1277
1318
1286
1282
1282
1276
1261
1272
1278
1285
1299
1345
1299
1283
1296
1312
1288
1301
1292
1304
1282
1285
1265
1256
1238
1239
1250
1256
1264
1274
1275
1327
1295
1320
1318
1317
1316
1323
1333
1306
1312
1320
1303
1305
1301
1308
1312
1287
1289
1278
1291
1262
1248
1255
1257
1259
1282
1251
1239
1220
1185
1221
1213
1234
1220
1208
1189
1186
1177
1183
1205
1233
1251
1244
1267
1264
1270
1265
1259
1276
1263
1273
1292
1277
1268
1245
1242
1255
1267
1280
1269
1296
1288
1274
1274
1281
1283
1293
1308
1328
1340
1327
1321
1314
1333
1300
1302
1299
1304
1281
1272
1285
1235
1250
1228
1235
1232
1249
1253
1243
1233
1195
1225
1213
1249
1267
1262
1284
1264
1287
1286
1275
1287
1288
1302
1310
1304
1301
1289
1276
1268
1276
1292
1326
1315
1323
1314
1297
1285
1291
1282
1299
1329
1316
1298
1299
1241
1245
1241
1255
1252
1252
1249
1235
1223
1199
1177
1190
1210
1230
1242
1251
1259
1245
1231
1236
1244
1245
1253
1265
1275
1245
1258
1281
1230
1271
1280
1295
1291
1304
1292
1243
1247
1259
1259
1261
1283
1291
1287
1302
1279
1283
1286
1333
1290
1289
1314
1306
1301
1285
1258
1254
1255
1263
1277
1281
1290
1284
1280
1262
1264
1277
1310
1321
1354
1340
1333
1327
1319
1307
1330
1337
1344
1342
1347
1307
1280
1260
1242
1253
1250
1266
1280
1283
1259
1263
1256
1248
1238
1254
1274
1282
1281
1270
1254
1217
1226
1261
1270
1307
1299
1301
1287
1251
1273
1276
1274
1273
1280
1305
1282
1270
1264
1246
1254
1255
1272
1261
1300
1288
1276
1243
1238
1243
1282
1258
1279
1264
1266
1224
1237
1226
1235
1248
1256
1261
1287
1274
1247
1249
1236
1249
1269
1276
1323
1330
1303
1315
1253
1271
1287
1284
1311
1319
1314
1304
1278
1267
1249
1264
1275
1302
1288
1284
1288
1267
1278
1256
1268
1274
1299
1312
1312
1262
1290
1232
1264
1284
1282
1302
1294
1282
1249
1246
1213
1190
1220
1237
1255
1267
1245
1228
1199
1197
1219
1212
1231
1243
1256
1245
1234
1184
1233
1228
1226
1259
1265
1282
1284
1261
1249
1219
1220
1249
1279
1299
1308
1284
1253
1250
1179
1221
1236
1242
1266
1292
1235
1230
1215
1225
1219
1251
1286
1306
1309
1294
1236
1237
1221
1245
1276
1287
1298
1310
1285
1262
1244
1220
1255
1285
1329
1338
1315
1332
1310
1297
1279
1270
1289
1305
1312
1287
1287
1233
1264
1231
1266
1267
1287
1302
1285
1277
1246
1254
1202
1237
1232
1268
1279
1268
1208
1251
1233
1176
1221
1240
1254
1276
1221
1255
1201
1264
1209
1257
1290
1307
1324
1324
1326
1291
1269
1237
1297
1314
1329
1335
1274
1227
1265
1226
1204
1226
1217
1261
1285
1259
1243
1237
1214
1193
1230
1250
1270
1265
1253
1249
1185
1174
1179
1264
1284
1302
1322
1310
1249
1297
1285
1251
1293
1315
1320
1312
1300
1255
1235
1198
1160
1248
1258
1277
1259
1264
1243
1221
1174
1214
1276
1276
1300
1297
1295
1279
1238
1248
1294
1300
1304
1332
1318
1322
1293
1279
1225
1307
1295
1310
1317
1295
1274
1200
1175
1171
1209
1218
1211
1234
1206
1190
1172
1146
1161
1203
1224
1224
1256
1253
1225
1222
1214
1217
1287
1302
1333
1363
1354
1349
1335
1281
1270
1354
1361
1370
1374
1347
1282
1266
1260
1216
1320
1316
1334
1328
1316
1245
1225
1208
1191
1284
1299
1310
1312
1303
1232
1255
1235
1217
1246
1281
1282
1261
1258
1240
1194
1171
1144
1246
1259
1286
1277
1297
1224
1200
1194
1178
1291
1311
1317
1298
1312
1253
1223
1223
1192
1305
1357
1337
1319
1319
1240
1254
1242
1190
1299
1316
1357
1298
1303
1207
1215
1193
1180
1285
1305
1318
1326
1305
1264
1226
1218
1206
1322
1334
1341
1312
1303
1266
1216
1199
1209
1270
1280
1294
1294
1254
1230
1178
1201
1281
1321
1333
1353
1320
1313
1277
1277
1209
1299
1327
1339
1355
1337
1319
1307
1240
1247
1335
1345
1367
1359
1334
1276
1300
1225
1244
1307
1313
1308
1342
1315
1291
1250
1263
1194
1262
1268
1267
1279
1275
1243
1186
1167
1174
1283
1290
1310
1296
1294
1219
1185
1178
1175
1281
1305
1317
1299
1299
1215
1265
1257
1229
1318
1340
1363
1339
1326
1325
1255
1251
1233
1329
1343
1358
1316
1305
1251
1199
1195
1168
1285
1300
1305
1280
1262
1222
1220
1198
1157
1285
1291
1301
1256
1252
1177
1163
1139
1202
1241
1261
1275
1250
1234
1187
1165
1196
1256
1290
1323
1318
1291
1279
1217
1238
1178
1278
1287
1320
1298
1300
1286
1236
1209
1189
1301
1319
1335
1336
1289
1241
1261
1224
1235
1301
1305
1328
1325
1311
1283
1258
1223
1230
1293
1326
1331
1304
1292
1226
1209
1226
1208
1274
1287
1296
1274
1271
1197
1178
1144
1159
1259
1274
1284
1256
1246
1183
1206
1154
1146
1264
1276
1288
1267
1264
1252
1237
1197
1226
1290
1328
1330
1346
1305
1255
1250
1246
1332
1353
1336
1330
1370
1283
1257
1234
1217
1314
1315
1328
1287
1325
1236
1251
1233
1243
1287
1289
1302
1253
1336
1270
1205
1222
1232
1322
1298
1303
1214
1303
1196
1203
1204
1171
1281
1288
1295
1206
1315
1221
1183
1195
1278
1304
1314
1310
1211
1326
1227
1241
1203
1295
1305
1310
1273
1282
1342
1245
1216
1251
1339
1321
1330
1283
1279
1361
1236
1266
1210
1326
1315
1331
1225
1241
1333
1239
1223
1211
1275
1267
1248
1170
1197
1275
1184
1228
1160
1270
1269
1292
1220
1237
1330
1240
1258
1255
1353
1372
1380
1305
1367
1329
1293
1275
1275
1345
1339
1336
1231
1326
1259
1248
1226
1247
1287
1296
1258
1251
1299
1262
1193
1173
1264
1296
1302
1259
1252
1327
1217
1243
1167
1288
1291
1305
1211
1223
1319
1216
1229
1181
1289
1297
1303
1212
1222
1329
1218
1235
1210
1296
1285
1301
1228
1242
1314
1220
1178
1185
1269
1282
1295
1230
1258
1333
1226
1235
1191
1318
1323
1345
1268
1311
1356
1255
1225
1305
1318
1324
1259
1256
1338
1380
1262
1247
1323
1350
1327
1267
1247
1306
1300
1202
1200
1254
1255
1291
1145
1155
1247
1208
1108
1154
1212
1223
1249
1192
1229
1289
1204
1189
1196
1298
1314
1332
1284
1279
1350
1264
1254
1240
1294
1307
1313
1238
1262
1331
1199
1198
1188
1265
1300
1326
1273
1293
1362
1266
1227
1311
1322
1348
1351
1296
1264
1326
1180
1143
1209
1234
1262
1230
1169
1250
1316
1199
1215
1252
1302
1319
1257
1274
1287
1326
1171
1194
1208
1295
1290
1260
1240
1290
1325
1175
1192
1236
1241
1308
1261
1269
1282
1326
1197
1225
1280
1341
1375
1297
1305
1378
1280
1257
1165
1244
1268
1286
1213
1195
1300
1224
1154
1185
1230
1285
1323
1255
1301
1362
1278
1226
1182
1298
1258
1321
1227
1239
1310
1193
1165
1200
1215
1236
1269
1230
1175
1295
1151
1151
1195
1222
1255
1217
1234
1230
1330
1203
1208
1271
1294
1337
1324
1346
1343
1406
1258
1223
1271
1323
1332
1297
1297
1379
1374
1253
1182
1235
1287
1315
1242
1248
1289
1314
1157
1128
1193
1240
1269
1246
1252
1319
1310
1187
1148
1222
1266
1306
1231
1231
1335
1253
1205
1148
1244
1274
1310
1264
1270
1354
1257
1226
1256
1261
1289
1319
1247
1296
1364
1250
1257
1307
1321
1361
1363
1325
1321
1387
1260
1212
1251
1259
1313
1247
1234
1284
1345
1212
1172
1216
1286
1326
1276
1333
1396
1387
1278
1226
1227
1265
1293
1205
1251
1250
1299
1177
1124
1151
1210
1233
1183
1196
1324
1188
1151
1097
1151
1234
1260
1192
1244
1314
1309
1152
1150
1212
1265
1306
1244
1312
1341
1239
1165
1254
1221
1286
1315
1250
1274
1394
1279
1255
1302
1313
1331
1306
1272
1287
1361
1228
1216
1277
1264
1285
1253
1233
1312
1312
1266
1231
1313
1321
1343
1289
1330
1335
1381
1238
1203
1253
1278
1287
1233
1258
1313
1311
1199
1159
1192
1213
1229
1141
1192
1233
1306
1167
1188
1235
1294
1327
1273
1316
1396
1405
1287
1234
1283
1304
1304
1218
1242
1300
1237
1154
1178
1177
1260
1285
1222
1294
1374
1286
1233
1322
1296
1330
1330
1234
1254
1316
1215
1189
1198
1217
1208
1226
1190
1238
1338
1271
1213
1304
1301
1321
1288
1284
1257
1347
1253
1200
1262
1265
1275
1218
1301
1273
1354
1269
1264
1288
1321
1339
1285
1301
1309
1376
1279
1275
1283
1330
1326
1248
1356
1364
1362
1209
1206
1233
1272
1264
1220
1276
1307
1298
1160
1207
1227
1275
1305
1215
1259
1343
1290
1245
1179
1245
1281
1295
1200
1289
1337
1276
1263
1327
1316
1358
1285
1300
1329
1375
1304
1283
1341
1311
1330
1253
1237
1233
1318
1204
1221
1277
1268
1279
1234
1200
1230
1324
1247
1235
1292
1303
1317
1238
1335
1299
1361
1286
1277
1282
1311
1282
1237
1213
1214
1289
1164
1193
1226
1278
1291
1186
1305
1288
1328
1215
1262
1239
1310
1313
1223
1286
1223
1281
1168
1196
1209
1288
1307
1212
1256
1308
1320
1234
1269
1252
1277
1310
1212
1282
1325
1245
1249
1336
1307
1362
1335
1341
1290
1364
1286
1205
1295
1277
1312
1266
1266
1252
1342
1229
1238
1333
1349
1353
1288
1336
1268
1303
1175
1169
1204
1205
1254
1185
1283
1244
1309
1228
1232
1309
1339
1330
1275
1365
1281
1340
1190
1220
1221
1280
1287
1200
1289
1209
1288
1178
1142
1230
1281
1294
1205
1263
1326
1320
1261
1235
1305
1332
1335
1276
1300
1321
1345
1265
1297
1286
1339
1331
1237
1237
1294
1217
1176
1203
1205
1252
1194
1255
1177
1261
1201
1222
1276
1263
1309
1250
1278
1222
1312
1180
1210
1262
1283
1300
1257
1346
1259
1341
1247
1254
1279
1296
1306
1261
1326
1228
1323
1265
1237
1280
1333
1335
1286
1347
1232
1334
1204
1224
1220
1278
1285
1231
1286
1236
1311
1198
1264
1281
1341
1348
1244
1300
1248
1294
1235
1207
1232
1271
1280
1232
1197
1238
1211
1141
1229
1249
1282
1255
1323
1295
1356
1281
1267
1323
1306
1358
1310
1360
1271
1354
1267
1257
1298
1260
1301
1269
1292
1235
1281
1188
1174
1187
1275
1303
1275
1348
1253
1355
1252
1187
1303
1314
1317
1233
1319
1222
1328
1246
1194
1234
1319
1343
1255
1381
1293
1372
1296
1275
1299
1353
1347
1257
1341
1288
1354
1265
1278
1291
1343
1352
1294
1324
1375
1339
1249
1241
1260
1336
1344
1274
1296
1249
1302
1236
1338
1283
1346
1266
1324
1242
1242
1300
1224
1310
1267
1319
1243
1325
1266
1338
1270
1204
1292
1242
1271
1190
1292
1190
1242
1188
1164
1180
1194
1232
1177
1264
1167
1275
1212
1191
1263
1294
1325
1264
1360
1314
1381
1269
1300
1310
1345
1349
1278
1376
1302
1370
1280
1280
1307
1338
1344
1264
1342
1294
1361
1274
1217
1248
1291
1285
1267
1241
1259
1250
1191
1199
1216
1262
1257
1182
1201
1210
1275
1235
1261
1257
1310
1285
1326
1286
1263
1274
1264
1314
1275
1318
1271
1346
1280
1358
1269
1296
1334
1312
1351
1267
1373
1259
1338
1243
1241
1291
1301
1326
1244
1359
1280
1353
1279
1215
1307
1309
1296
1197
1299
1229
1337
1184
1204
1238
1253
1233
1176
1260
1212
1277
1169
1188
1223
1268
1263
1155
1287
1200
1316
1207
1267
1280
1308
1317
1258
1288
1260
1349
1266
1348
1306
1361
1374
1332
1265
1304
1340
1294
1315
1277
1345
1224
1309
1280
1260
1242
1233
1304
1246
1307
1304
1306
1237
1291
1208
1219
1264
1230
1275
1168
1322
1198
1285
1228
1231
1230
1267
1305
1211
1310
1264
1300
1199
1213
1260
1250
1248
1134
1249
1176
1253
1173
1077
1173
1219
1228
1171
1242
1180
1275
1197
1221
1243
1288
1287
1176
1252
1185
1291
1201
1228
1236
1295
1302
1256
1302
1249
1356
1273
1328
1319
1344
1336
1265
1267
1222
1241
1204
1176
1198
1232
1193
1244
1152
1154
1162
1158
1214
1183
1238
1178
1247
1162
1249
1191
1167
1236
1209
1258
1197
1304
1203
1279
1221
1192
1284
1276
1317
1216
1335
1268
1359
1253
1279
1345
1333
1345
1270
1355
1242
1350
1261
1220
1272
1307
1334
1221
1319
1211
1316
1232
1222
1243
1287
1282
1193
1263
1170
1241
1123
1099
1177
1220
1226
1178
1195
1189
1251
1189
1180
1189
1237
1242
1242
1210
1117
1176
1155
1214
1211
1267
1245
1292
1209
1236
1277
1210
1306
1295
1329
1271
1354
1303
1373
1322
1297
1389
1379
1426
1317
1440
1346
1402
1350
1305
1357
1321
1344
1268
1330
1201
1312
1228
1188
1267
1268
1289
1184
1315
1206
1303
1188
1224
1228
1277
1281
1234
1284
1209
1326
1231
1201
1287
1326
1350
1305
1364
1258
1365
1247
1244
1306
1366
1371
1352
1320
1317
1359
1257
1251
1267
1279
1267
1228
1189
1147
1160
1140
1096
1180
1259
1185
1293
1213
1239
1240
1229
1297
1257
1314
1317
1326
1275
1344
1266
1267
1342
1327
1379
1303
1409
1333
1368
1279
1253
1316
1305
1333
1239
1333
1233
1342
1221
1248
1312
1298
1339
1288
1372
1309
1372
1280
1242
1293
1350
1364
1248
1354
1271
1338
1220
1222
1240
1281
1287
1301
1325
1274
1359
1259
1275
1316
1369
1377
1351
1339
1296
1386
1294
1289
1293
1318
1233
1346
1279
1248
1306
1250
1215
1267
1300
1221
1299
1216
1239
1181
1215
1245
1204
1258
1223
1254
1178
1242
1189
1169
1217
1197
1254
1201
1230
1216
1284
1192
1206
1251
1265
1304
1218
1330
1228
1313
1216
1251
1256
1305
1333
1233
1366
1273
1377
1267
1243
1302
1325
1373
1294
1411
1343
1419
1292
1288
1314
1347
1353
1349
1349
1282
1337
1233
1211
1249
1306
1313
1328
1308
1269
1357
1240
1287
1278
1323
1264
1319
1246
1225
1221
1221
1211
1214
1265
1202
1287
1239
1256
1270
1198
1278
1247
1299
1284
1319
1237
1300
1234
1224
1253
1209
1246
1134
1237
1138
1204
1120
1143
1149
1151
1204
1151
1244
1185
1233
1161
1175
1200
1229
1264
1192
1313
1255
1323
1240
1204
1240
1293
1323
1263
1349
1288
1353
1263
1229
1270
1327
1343
1341
1379
1295
1416
1307
1289
1318
1357
1377
1330
1346
1321
1385
1287
1268
1288
1330
1251
1320
1262
1237
1239
1210
1172
1192
1247
1193
1256
1212
1172
1180
1193
1249
1213
1268
1225
1283
1302
1290
1236
1183
1166
1159
1252
1295
1299
1305
1269
1262
1247
1191
1209
1175
1208
1323
1320
1325
1293
1259
1247
1223
1234
1253
1288
1352
1372
1371
1338
1295
1296
1314
1296
1304
1285
1250
1334
1312
1277
1240
1222
1229
1173
1171
1166
1148
1236
1248
1250
1257
1244
1259
1284
1223
1210
1205
1231
1303
1323
1334
1317
1317
1308
1290
1298
1268
1252
1328
1357
1361
1360
1322
1297
1263
1239
1241
1222
1251
1356
1339
1339
1286
1262
1254
1223
1231
1234
1262
1310
1343
1320
1322
1269
1278
1292
1255
1265
1301
1283
1345
1319
1307
1301
1287
1294
1296
1300
1288
1248
1305
1305
1317
1321
1295
1289
1240
1190
1171
1193
1198
1316
1296
1311
1306
1296
1290
1245
1211
1216
1251
1347
1361
1350
1334
1269
1251
1232
1222
1234
1214
1221
1344
1347
1306
1221
1266
1271
1273
1229
1241
1231
1298
1333
1303
1286
1253
1272
1286
1279
1245
1267
1184
1272
1272
1250
1246
1222
1230
1199
1184
1195
1160
1205
1270
1293
1307
1285
1300
1268
1201
1213
1170
1207
1291
1295
1302
1291
1267
1232
1209
1175
1228
1195
1317
1333
1331
1290
1225
1188
1178
1148
1210
1283
1286
1406
1401
1361
1318
1263
1268
1251
1335
1357
1429
1453
1514
1449
1390
1315
1259
1282
1322
1373
1451
1468
1532
1468
1344
1245
1140
1114
1152
1230
1331
1355
1388
1446
1334
1216
1091
1021
1057
1113
1230
1319
1347
1358
1259
1135
1014
917
934
1042
1138
1274
1407
1401
1408
1285
1153
1052
1018
1089
1167
1279
1399
1462
1490
1430
1276
1208
1137
1185
1284
1378
1507
1533
1551
1537
1418
1285
1188
1114
1172
1235
1374
1446
1505
1441
1406
1300
1168
1060
1039
1128
1204
1283
1397
1397
1412
1321
1200
1107
1041
1101
1233
1342
1423
1447
1358
1406
1253
1149
1072
1094
1194
1264
1424
1488
1472
1454
1337
1208
1119
1068
1127
1232
1296
1430
1430
1417
1414
1309
1228
1199
1164
1243
1343
1398
1494
1450
1419
1381
1241
1138
1067
1088
1181
1246
1385
1407
1407
1417
1281
1170
1092
1033
1085
1189
1249
1364
1430
1379
1365
1239
1139
1069
1075
1181
1264
1389
1483
1454
1446
1386
1231
1150
1085
1169
1278
1413
1509
1518
1531
1485
1351
1239
1165
1131
1199
1281
1340
1448
1444
1452
1380
1255
1148
1064
1070
1160
1213
1288
1340
1325
1340
1239
1113
1028
989
1044
1156
1242
1350
1422
1340
1362
1240
1121
1045
1062
1148
1265
1324
1415
1402
1338
1308
1206
1117
1085
1150
1260
1332
1418
1451
1417
1424
1326
1217
1200
1175
1287
1402
1446
1536
1484
1456
1427
1294
1223
1187
1200
1280
1313
1403
1435
1415
1295
1309
1226
1162
1150
1191
1284
1371
1411
1403
1348
1344
1223
1124
1079
1053
1135
1256
1314
1340
1377
1243
1271
1168
1100
1090
1119
1231
1300
1366
1426
1338
1287
1249
1159
1116
1114
1205
1322
1400
1436
1386
1312
1286
1194
1124
1110
1142
1246
1364
1389
1441
1414
1303
1313
1224
1119
1187
1231
1324
1404
1405
1456
1351
1289
1266
1184
1162
1163
1248
1348
1396
1437
1409
1307
1259
1165
1093
1092
1126
1226
1353
1425
1450
1384
1277
1242
1145
1119
1155
1242
1323
1454
1431
1393
1326
1200
1195
1143
1159
1225
1316
1422
1435
1435
1364
1305
1186
1146
1122
1167
1227
1339
1431
1448
1387
1298
1205
1215
1173
1181
1228
1276
1367
1453
1383
1368
1285
1111
1146
1103
1110
1171
1242
1352
1421
1397
1373
1237
1167
1159
1133
1176
1245
1357
1457
1440
1423
1331
1219
1208
1171
1172
1244
1329
1430
1497
1447
1411
1263
1170
1173
1136
1169
1256
1359
1432
1485
1427
1360
1253
1112
1157
1134
1174
1242
1302
1390
1387
1342
1298
1159
1099
1117
1125
1178
1248
1338
1377
1419
1369
1258
1182
1185
1116
1142
1217
1291
1410
1491
1426
1374
1284
1149
1164
1145
1188
1284
1382
1490
1535
1479
1394
1243
1150
1156
1164
1241
1356
1434
1510
1517
1410
1285
1131
1020
1107
1152
1250
1347
1454
1506
1492
1361
1255
1176
1127
1141
1192
1304
1398
1430
1525
1457
1335
1227
1091
1130
1145
1207
1319
1391
1463
1467
1350
1261
1150
1062
1091
1125
1206
1325
1402
1469
1459
1305
1249
1102
1030
1118
1155
1256
1363
1430
1475
1438
1329
1212
1107
1021
1122
1178
1274
1336
1415
1436
1333
1225
1126
1008
982
1101
1177
1287
1368
1433
1443
1387
1253
1160
1056
1125
1188
1280
1392
1482
1521
1503
1372
1231
1122
1039
1137
1176
1285
1410
1468
1499
1456
1368
1204
1118
1031
1156
1225
1346
1467
1514
1538
1486
1363
1216
1104
1094
1181
1247
1355
1446
1479
1495
1413
1278
1145
1011
948
1100
1206
1362
1423
1465
1453
1361
1211
1119
995
996
1140
1277
1378
1461
1497
1460
1308
1199
1055
1014
1078
1166
1296
1429
1485
1512
1457
1334
1202
1073
1037
1121
1219
1348
1471
1519
1529
1450
1292
1127
1020
996
1119
1225
1348
1495
1532
1521
1441
1284
1134
1041
990
1118
1239
1389
1518
1525
1494
1388
1218
1084
943
980
1128
1267
1422
1549
1547
1492
1352
1171
1027
986
953
1185
1339
1506
1601
1588
1442
1359
1128
1026
942
1013
1172
1360
1524
1604
1536
1428
1257
1087
949
887
989
1199
1395
1544
1611
1544
1423
1226
996
939
925
1075
1266
1444
1592
1636
1532
1378
1191
1000
971
976
1193
1397
1584
1695
1706
1564
1391
1168
1029
956
976
1226
1413
1558
1642
1598
1459
1282
1006
916
932
956
1192
1355
1518
1596
1534
1394
1177
1000
925
897
994
1228
1399
1571
1603
1546
1371
1180
933
842
851
967
1252
1459
1610
1638
1533
1338
1147
973
881
922
1072
1351
1553
1690
1668
1544
1355
1164
997
959
1020
1186
1443
1640
1759
1707
1539
1339
1135
979
938
1002
1169
1411
1618
1691
1637
1459
1220
1038
877
841
934
1147
1458
1626
1703
1635
1429
1199
992
867
925
1052
1289
1546
1710
1723
1593
1357
1123
942
858
869
1009
1241
1529
1665
1653
1518
1311
1088
953
893
907
1087
1323
1591
1691
1693
1535
1323
1092
948
876
952
1135
1348
1624
1724
1671
1479
1265
1009
898
807
958
1168
1415
1633
1705
1612
1430
1157
957
849
897
957
1178
1462
1671
1672
1592
1377
1145
945
905
881
1066
1318
1540
1723
1724
1586
1367
1145
968
869
979
1102
1361
1542
1686
1667
1524
1316
1108
932
890
953
1131
1351
1567
1673
1657
1510
1293
1095
927
910
994
1195
1419
1632
1735
1665
1467
1233
1012
863
893
1004
1211
1406
1593
1645
1548
1351
1131
963
863
912
1019
1266
1498
1582
1655
1556
1391
1193
1056
977
1026
1183
1357
1562
1631
1666
1563
1368
1185
1037
962
997
1147
1330
1468
1598
1604
1468
1299
1143
981
926
979
1153
1299
1508
1606
1593
1457
1271
1105
995
984
1042
1219
1351
1552
1600
1520
1352
1205
1052
964
915
1023
1186
1325
1485
1515
1467
1355
1202
1081
1013
996
1056
1224
1346
1510
1564
1521
1409
1254
1129
1033
1023
1104
1265
1426
1554
1593
1491
1354
1194
1060
1002
1031
1139
1301
1477
1555
1545
1469
1344
1186
1083
1050
1089
1212
1313
1473
1551
1501
1415
1326
1212
1125
1074
1125
1219
1328
1451
1486
1487
1419
1354
1178
1096
1048
1082
1171
1301
1429
1497
1513
1432
1276
1141
1057
1037
1083
1194
1312
1429
1475
1421
1360
1241
1123
1048
1074
1118
1225
1339
1420
1479
1444
1343
1225
1162
1077
1109
1156
1252
1328
1405
1478
1431
1361
1261
1156
1119
1087
1155
1182
1344
1411
1470
1452
1369
1261
1152
1079
1071
1129
1229
1334
1401
1419
1383
1311
1193
1093
1048
1066
1124
1238
1327
1355
1395
1372
1303
1202
1146
1102
1130
1192
1265
1350
1404
1429
1429
1372
1308
1212
1201
1205
1244
1299
1368
1439
1466
1443
1355
1308
1194
1187
1156
1197
1266
1337
1412
1422
1372
1309
1227
1116
1056
1107
1157
1229
1298
1356
1357
1344
1292
1191
1174
1168
1183
1223
1272
1330
1335
1363
1340
1313
1273
1231
1182
1187
1215
1254
1291
1340
1367
1357
1283
1275
1218
1169
1176
1247
1260
1331
1357
1378
1379
1329
1270
1225
1198
1207
1248
1275
1313
1339
1334
1304
1262
1228
1203
1221
1234
1243
1267
1256
1254
1254
1225
1212
1215
1214
1234
1246
1262
1257
1267
1256
1269
1283
1292
1276
1279
1275
1266
1271
1266
1243
1262
1285
1267
1266
1260
1268
1278
1302
1329
1339
1331
1308
1266
1250
1256
1271
1309
1339
1382
1386
1354
1323
1307
1215
1203
1247
1264
1315
1370
1382
1357
1323
1277
1223
1173
1177
1204
1255
1316
1369
1396
1387
1351
1337
1266
1207
1186
1178
1223
1246
1330
1360
1357
1348
1291
1226
1176
1114
1134
1175
1247
1309
1386
1402
1367
1256
1172
1083
1043
1052
1110
1234
1333
1408
1410
1340
1292
1181
1090
1069
1082
1193
1274
1392
1456
1481
1449
1361
1286
1206
1144
1163
1227
1296
1392
1473
1494
1474
1399
1296
1185
1092
1076
1119
1212
1330
1439
1491
1485
1402
1281
1140
998
1038
1090
1175
1335
1450
1514
1488
1400
1278
1162
1076
1041
1033
1164
1277
1379
1435
1436
1362
1250
1145
1065
1025
1019
1102
1203
1317
1407
1424
1413
1332
1232
1166
1057
1085
1124
1234
1368
1517
1542
1544
1456
1321
1220
1130
1123
1192
1291
1436
1522
1572
1540
1446
1334
1201
1140
1109
1156
1220
1336
1398
1436
1429
1407
1315
1220
1135
1094
1106
1127
1215
1291
1357
1459
1416
1357
1244
1147
1038
1057
1065
1146
1248
1357
1419
1407
1358
1259
1166
1091
1079
1122
1176
1299
1382
1440
1437
1370
1325
1237
1181
1154
1152
1192
1266
1339
1400
1437
1454
1413
1332
1262
1188
1166
1168
1210
1279
1374
1450
1444
1431
1353
1249
1163
1107
1101
1126
1226
1289
1423
1429
1395
1338
1253
1184
1134
1138
1166
1241
1339
1371
1399
1381
1372
1311
1271
1205
1159
1127
1187
1218
1305
1359
1426
1426
1386
1311
1215
1156
1121
1139
1200
1274
1369
1431
1439
1399
1343
1244
1152
1139
1161
1217
1301
1371
1429
1434
1402
1339
1286
1209
1163
1163
1180
1219
1263
1322
1353
1345
1334
1288
1209
1151
1136
1117
1134
1209
1261
1367
1404
1409
1358
1282
1200
1147
1144
1192
1289
1355
1418
1448
1431
1358
1291
1216
1172
1167
1204
1252
1290
1351
1383
1383
1370
1329
1281
1235
1212
1203
1218
1264
1312
1344
1415
1429
1382
1337
1262
1195
1149
1158
1223
1273
1334
1390
1399
1373
1302
1215
1127
1121
1134
1177
1231
1272
1336
1332
1314
1274
1190
1184
1152
1160
1196
1212
1264
1317
1362
1373
1346
1318
1268
1213
1180
1171
1171
1235
1280
1355
1419
1396
1366
1324
1230
1199
1164
1195
1244
1329
1403
1433
1420
1373
1343
1254
1210
1202
1220
1249
1315
1344
1364
1369
1393
1323
1293
1214
1217
1198
1187
1204
1226
1273
1359
1363
1358
1323
1266
1200
1144
1141
1169
1229
1295
1367
1383
1386
1361
1292
1226
1200
1169
1191
1230
1287
1319
1375
1372
1362
1337
1285
1269
1201
1202
1205
1233
1279
1325
1358
1383
1374
1351
1276
1200
1132
1111
1113
1191
1267
1338
1402
1414
1346
1282
1190
1120
1076
1120
1184
1213
1352
1434
1422
1398
1340
1274
1205
1164
1173
1197
1264
1321
1376
1421
1426
1411
1364
1285
1200
1144
1137
1176
1248
1331
1438
1458
1438
1378
1268
1153
1022
1073
1113
1200
1302
1383
1427
1402
1347
1267
1207
1115
1098
1135
1201
1282
1350
1365
1369
1372
1323
1274
1205
1164
1161
1188
1231
1300
1412
1400
1434
1388
1334
1241
1187
1155
1158
1207
1304
1350
1403
1411
1364
1316
1253
1196
1172
1187
1227
1289
1345
1368
1368
1360
1324
1287
1266
1295
1267
1266
1264
1271
1297
1299
1315
1319
1320
1320
1280
1260
1206
1211
1197
1226
1245
1287
1298
1317
1316
1286
1244
1240
1229
1227
1240
1296
1267
1291
1296
1285
1291
1292
1281
1254
1226
1217
1181
1173
1212
1233
1252
1309
1329
1315
1283
1223
1187
1161
1169
1204
1261
1325
1376
1382
1386
1319
1263
1223
1204
1214
1224
1291
1337
1349
1397
1382
1355
1291
1282
1246
1248
1249
1259
1263
1322
1347
1358
1335
1309
1257
1194
1164
1151
1183
1244
1327
1389
1395
1388
1337
1272
1208
1181
1184
1206
1280
1339
1368
1381
1342
1288
1227
1174
1143
1159
1185
1222
1269
1298
1316
1306
1292
1282
1212
1195
1177
1171
1216
1222
1299
1341
1331
1381
1327
1277
1207
1166
1158
1182
1222
1277
1321
1317
1335
1313
1257
1205
1172
1175
1188
1235
1278
1287
1327
1334
1331
1303
1277
1258
1231
1219
1212
1252
1264
1289
1306
1312
1319
1291
1273
1237
1206
1189
1194
1240
1299
1333
1395
1409
1407
1378
1345
1326
1273
1237
1302
1305
1333
1349
1357
1361
1323
1310
1277
1222
1221
1211
1196
1219
1236
1267
1295
1313
1318
1310
1260
1223
1177
1173
1181
1207
1284
1306
1351
1349
1333
1298
1256
1221
1211
1209
1242
1276
1317
1337
1356
1348
1324
1301
1263
1237
1199
1219
1237
1250
1261
1284
1302
1297
1305
1266
1228
1200
1184
1200
1209
1238
1277
1294
1327
1288
1268
1245
1211
1191
1181
1205
1223
1274
1292
1296
1303
1299
1295
1279
1266
1262
1267
1279
1286
1311
1324
1357
1350
1370
1335
1318
1283
1274
1257
1267
1289
1299
1315
1331
1324
1286
1269
1286
1214
1237
1242
1266
1295
1308
1320
1318
1298
1273
1286
1265
1253
1249
1241
1261
1268
1290
1286
1295
1271
1251
1198
1216
1183
1177
1199
1230
1240
1294
1286
1280
1259
1284
1246
1229
1213
1229
1245
1299
1316
1326
1314
1307
1288
1267
1246
1242
1233
1245
1272
1285
1287
1293
1282
1254
1236
1218
1223
1210
1209
1231
1249
1272
1282
1293
1285
1300
1258
1243
1251
1257
1262
1297
1313
1323
1318
1312
1281
1256
1254
1271
1264
1280
1297
1310
1307
1320
1314
1296
1277
1259
1259
1246
1250
1259
1259
1278
1281
1262
1261
1246
1229
1199
1207
1200
1244
1261
1282
1286
1297
1293
1274
1265
1234
1231
1232
1237
1252
1289
1283
1291
1305
1274
1258
1218
1190
1168
1178
1208
1215
1242
1259
1281
1296
1274
1270
1250
1230
1232
1250
1267
1291
1318
1364
1342
1310
1328
1304
1283
1270
1260
1266
1271
1291
1321
1341
1335
1317
1285
1289
1238
1256
1246
1269
1246
1263
1270
1277
1269
1318
1268
1257
1243
1234
1220
1240
1240
1227
1230
1229
1231
1227
1237
1239
1230
1246
1250
1251
1244
1243
1244
1246
1288
1252
1294
1306
1304
1308
1277
1281
1265
1264
1303
1281
1287
1295
1304
1322
1283
1306
1291
1272
1288
1276
1254
1249
1236
1302
1292
1298
1293
1280
1263
1244
1236
1245
1235
1243
1267
1275
1288
1286
1256
1288
1236
1220
1229
1217
1215
1239
1248
1231
1225
1254
1222
1230
1216
1230
1242
1252
1247
1265
1282
1279
1282
1294
1285
1296
1294
1295
1291
1283
1290
1297
1304
1333
1308
1315
1308
1300
1287
1284
1278
1305
1301
1315
1313
1312
1300
1293
1280
1280
1304
1284
1284
1284
1297
1275
1293
1277
1289
1279
1274
1261
1248
1238
1230
1220
1231
1242
1250
1241
1290
1265
1231
1210
1227
1187
1186
1187
1212
1226
1232
1251
1247
1220
1230
1221
1221
1225
1234
1235
1255
1277
1294
1305
1313
1319
1303
1293
1236
1276
1272
1286
1298
1291
1345
1345
1343
1324
1297
1281
1249
1243
1250
1262
1274
1289
1323
1304
1298
1282
1256
1248
1271
1221
1235
1224
1232
1232
1279
1273
1279
1285
1275
1258
1239
1222
1233
1224
1228
1245
1278
1301
1306
1302
1285
1266
1227
1220
1239
1252
1275
1289
1307
1328
1343
1341
1317
1339
1308
1299
1294
1254
1284
1288
1299
1322
1328
1336
1304
1307
1258
1237
1216
1201
1198
1179
1216
1219
1236
1230
1203
1212
1200
1189
1205
1222
1225
1235
1242
1244
1239
1244
1232
1244
1244
1269
1263
1272
1278
1271
1268
1280
1277
1280
1278
1299
1282
1287
1297
1275
1287
1312
1314
1308
1284
1293
1263
1263
1268
1295
1304
1311
1326
1317
1333
1281
1262
1232
1219
1218
1215
1234
1248
1230
1274
1273
1274
1267
1258
1245
1211
1231
1236
1234
1278
1289
1292
1307
1336
1340
1320
1304
1279
1280
1216
1281
1268
1275
1304
1306
1314
1321
1301
1291
1270
1260
1231
1212
1227
1230
1243
1255
1273
1291
1305
1307
1290
1264
1235
1208
1186
1184
1211
1236
1272
1292
1323
1307
1279
1259
1254
1228
1220
1225
1267
1269
1289
1296
1332
1332
1339
1325
1292
1300
1261
1240
1234
1242
1269
1300
1326
1340
1334
1326
1287
1278
1257
1206
1239
1244
1262
1269
1275
1274
1285
1277
1267
1260
1253
1242
1235
1254
1222
1228
1233
1254
1271
1295
1318
1310
1299
1272
1251
1231
1226
1242
1239
1281
1302
1316
1321
1274
1285
1279
1258
1225
1250
1246
1255
1266
1268
1305
1300
1318
1311
1304
1290
1258
1256
1256
1252
1250
1311
1319
1323
1318
1288
1260
1237
1251
1239
1222
1255
1270
1271
1284
1275
1253
1243
1233
1235
1233
1249
1257
1247
1265
1263
1264
1260
1259
1262
1244
1254
1235
1239
1266
1268
1274
1285
1290
1281
1288
1277
1273
1284
1277
1290
1294
1284
1302
1282
1275
1258
1274
1257
1265
1284
1318
1306
1294
1278
1268
1249
1243
1238
1263
1273
1281
1289
1295
1268
1253
1244
1246
1240
1252
1260
1255
1255
1279
1268
1251
1282
1286
1278
1277
1263
1256
1252
1265
1242
1262
1266
1276
1289
1294
1240
1239
1272
1272
1237
1266
1278
1278
1281
1304
1299
1306
1302
1322
1313
1307
1298
1283
1261
1264
1264
1264
1270
1272
1261
1252
1191
1217
1202
1208
1219
1225
1230
1271
1286
1284
1301
1278
1271
1262
1262
1242
1262
1271
1284
1292
1291
1298
1297
1296
1307
1273
1266
1266
1261
1261
1285
1302
1313
1315
1303
1284
1256
1237
1238
1220
1241
1258
1278
1285
1279
1276
1271
1256
1221
1276
1261
1263
1258
1259
1259
1254
1248
1243
1247
1258
1262
1262
1261
1255
1270
1269
1276
1299
1269
1262
1255
1258
1285
1276
1288
1304
1323
1334
1328
1324
1307
1293
1295
1280
1278
1287
1298
1301
1290
1286
1267
1255
1247
1235
1223
1221
1193
1209
1207
1211
1224
1238
1266
1282
1295
1291
1302
1276
1239
1246
1252
1238
1262
1276
1292
1296
1287
1296
1277
1251
1283
1268
1264
1258
1270
1246
1273
1289
1306
1304
1339
1321
1307
1292
1304
1249
1255
1253
1261
1256
1282
1288
1270
1273
1291
1261
1258
1244
1244
1250
1240
1243
1247
1253
1289
1281
1292
1296
1278
1284
1285
1308
1283
1318
1313
1307
1299
1301
1295
1281
1273
1260
1263
1224
1262
1267
1271
1265
1257
1248
1261
1250
1250
1249
1260
1221
1247
1233
1223
1220
1209
1216
1229
1232
1268
1241
1249
1229
1256
1259
1273
1276
1274
1282
1284
1287
1293
1296
1305
1317
1314
1306
1297
1287
1289
1281
1282
1300
1309
1291
1308
1287
1278
1261
1228
1261
1268
1280
1291
1280
1295
1269
1264
1254
1265
1259
1264
1278
1282
1269
1299
1303
1280
1273
1266
1249
1248
1236
1223
1225
1229
1243
1254
1266
1271
1263
1258
1246
1237
1235
1239
1247
1254
1273
1290
1291
1281
1277
1271
1265
1272
1279
1267
1292
1292
1309
1295
1297
1298
1292
1304
1287
1264
1274
1258
1251
1245
1272
1284
1277
1290
1297
1292
1274
1261
1257
1243
1255
1262
1270
1272
1274
1285
1273
1281
1273
1294
1322
1283
1274
1263
1266
1265
1274
1286
1290
1296
1283
1270
1249
1221
1220
1226
1250
1276
1303
1310
1310
1300
1301
1275
1259
1250
1263
1274
1288
1300
1303
1295
1288
1286
1269
1263
1257
1250
1253
1256
1277
1291
1306
1315
1303
1304
1275
1276
1263
1264
1275
1289
1306
1319
1305
1306
1280
1256
1226
1220
1219
1236
1253
1276
1270
1266
1247
1222
1195
1192
1213
1200
1209
1221
1228
1232
1239
1254
1236
1257
1263
1255
1229
1242
1258
1268
1288
1297
1325
1332
1328
1309
1295
1295
1280
1301
1313
1329
1343
1342
1335
1326
1286
1304
1307
1311
1327
1317
1307
1278
1263
1268
1211
1241
1244
1262
1256
1269
1272
1242
1223
1206
1205
1204
1218
1224
1230
1235
1239
1235
1239
1238
1241
1261
1249
1227
1258
1258
1262
1250
1264
1275
1254
1282
1275
1275
1277
1280
1289
1304
1302
1312
1293
1281
1258
1237
1254
1265
1263
1314
1301
1306
1306
1263
1224
1203
1204
1243
1229
1255
1284
1291
1277
1271
1260
1262
1262
1272
1275
1283
1294
1281
1295
1284
1308
1312
1306
1302
1290
1279
1273
1272
1275
1284
1293
1292
1292
1282
1254
1247
1244
1254
1277
1286
1303
1288
1290
1285
1242
1227
1226
1235
1270
1293
1309
1312
1297
1282
1263
1202
1242
1251
1257
1266
1272
1275
1270
1267
1272
1251
1287
1274
1291
1305
1269
1245
1228
1231
1229
1247
1254
1264
1265
1261
1282
1250
1244
1247
1273
1251
1250
1238
1232
1216
1224
1250
1254
1257
1279
1274
1264
1253
1245
1240
1253
1274
1293
1331
1312
1310
1284
1270
1235
1259
1270
1279
1292
1288
1285
1264
1262
1233
1244
1252
1267
1272
1246
1252
1262
1243
1242
1246
1245
1260
1262
1269
1274
1264
1256
1247
1258
1257
1261
1273
1263
1249
1234
1230
1237
1247
1259
1254
1263
1259
1257
1234
1243
1254
1262
1279
1253
1293
1285
1274
1264
1258
1269
1277
1300
1312
1310
1302
1276
1259
1244
1223
1244
1257
1273
1283
1280
1277
1266
1260
1291
1263
1268
1266
1267
1257
1250
1252
1243
1244
1252
1259
1268
1265
1264
1245
1256
1251
1260
1260
1279
1279
1287
1307
1287
1312
1313
1316
1313
1292
1284
1262
1252
1228
1230
1233
1232
1243
1252
1231
1232
1211
1196
1206
1182
1189
1201
1230
1267
1253
1251
1234
1228
1218
1254
1244
1255
1265
1274
1251
1268
1278
1262
1251
1277
1275
1285
1290
1293
1295
1289
1292
1275
1300
1298
1302
1308
1310
1313
1320
1330
1331
1329
1321
1306
1299
1291
1274
1277
1339
1289
1289
1285
1272
1255
1244
1223
1237
1237
1242
1250
1256
1250
1241
1221
1210
1185
1211
1224
1247
1264
1271
1271
1226
1269
1253
1226
1242
1237
1262
1263
1282
1316
1298
1298
1289
1299
1279
1249
1270
1268
1290
1285
1296
1298
1294
1251
1325
1268
1263
1259
1278
1274
1300
1321
1315
1302
1298
1285
1268
1261
1274
1244
1277
1291
1301
1307
1285
1265
1247
1231
1199
1213
1240
1248
1246
1222
1244
1238
1234
1220
1246
1244
1236
1248
1257
1244
1257
1257
1259
1267
1269
1276
1273
1284
1318
1293
1300
1296
1293
1286
1288
1278
1280
1281
1277
1281
1280
1280
1276
1269
1266
1255
1230
1257
1252
1266
1264
1277
1264
1281
1285
1265
1245
1268
1275
1282
1282
1277
1271
1251
1240
1235
1214
1218
1224
1229
1245
1242
1242
1238
1221
1216
1230
1214
1222
1228
1244
1261
1274
1274
1273
1268
1244
1258
1250
1256
1263
1271
1276
1283
1288
1283
1282
1260
1246
1254
1241
1251
1269
1273
1282
1274
1282
1263
1251
1238
1236
1245
1244
1257
1271
1265
1252
1291
1246
1238
1236
1249
1252
1277
1299
1302
1320
1301
1292
1276
1271
1270
1271
1282
1288
1301
1306
1304
1303
1291
1264
1229
1279
1258
1292
1298
1298
1310
1300
1296
1281
1266
1256
1206
1245
1244
1204
1249
1253
1256
1249
1242
1238
1201
1228
1272
1248
1256
1257
1277
1252
1253
1259
1280
1277
1287
1302
1306
1320
1298
1271
1277
1272
1252
1279
1294
1300
1307
1315
1272
1291
1282
1264
1253
1248
1252
1276
1266
1267
1248
1234
1217
1205
1207
1183
1208
1210
1218
1229
1218
1214
1205
1205
1208
1206
1216
1222
1237
1277
1284
1280
1278
1280
1258
1278
1274
1283
1300
1328
1325
1359
1355
1345
1327
1328
1310
1282
1277
1312
1320
1315
1318
1311
1300
1276
1278
1269
1260
1259
1262
1267
1268
1258
1257
1244
1238
1226
1220
1233
1221
1233
1260
1243
1238
1245
1237
1223
1244
1232
1235
1219
1254
1262
1253
1258
1259
1253
1256
1259
1267
1276
1281
1278
1278
1291
1277
1277
1274
1276
1272
1238
1286
1297
1292
1289
1278
1266
1253
1242
1240
1202
1249
1300
1272
1273
1268
1262
1239
1237
1233
1215
1240
1224
1256
1271
1278
1277
1277
1259
1252
1223
1247
1241
1252
1261
1296
1232
1282
1285
1271
1255
1256
1269
1283
1314
1333
1304
1305
1298
1286
1266
1219
1261
1272
1283
1310
1298
1305
1297
1286
1307
1261
1253
1246
1246
1270
1262
1268
1274
1268
1258
1253
1238
1234
1237
1217
1244
1250
1268
1268
1267
1261
1257
1256
1237
1268
1280
1284
1292
1291
1305
1292
1286
1277
1277
1277
1271
1258
1291
1271
1296
1296
1292
1282
1267
1286
1256
1265
1291
1276
1288
1259
1268
1252
1246
1240
1242
1211
1258
1267
1269
1276
1275
1267
1272
1264
1265
1260
1289
1278
1275
1288
1282
1292
1292
1281
1269
1253
1252
1268
1260
1258
1260
1261
1257
1234
1248
1230
1232
1238
1254
1254
1259
1261
1263
1270
1283
1262
1279
1281
1290
1284
1293
1293
1300
1293
1288
1272
1272
1270
1259
1256
1273
1282
1291
1296
1288
1257
1263
1260
1243
1252
1254
1263
1275
1274
1287
1292
1287
1267
1258
1247
1241
1240
1254
1266
1266
1270
1274
1267
1264
1253
1239
1247
1249
1260
1261
1257
1281
1279
1280
1276
1280
1268
1267
1275
1284
1303
1310
1306
1306
1258
1290
1270
1253
1252
1245
1269
1286
1279
1293
1288
1304
1254
1242
1239
1188
1243
1268
1297
1295
1284
1301
1243
1231
1253
1225
1225
1252
1266
1263
1273
1267
1230
1230
1226
1224
1225
1261
1281
1285
1302
1310
1299
1284
1266
1271
1261
1278
1270
1317
1337
1330
1350
1312
1297
1278
1269
1265
1268
1279
1298
1309
1310
1277
1262
1256
1251
1230
1231
1249
1264
1291
1325
1298
1279
1252
1234
1213
1217
1228
1258
1308
1301
1306
1292
1271
1246
1220
1203
1213
1244
1272
1295
1312
1309
1307
1279
1272
1259
1247
1255
1278
1313
1337
1334
1349
1338
1323
1306
1275
1270
1265
1284
1311
1320
1334
1331
1307
1273
1246
1242
1234
1218
1253
1284
1294
1301
1305
1256
1238
1208
1203
1197
1212
1235
1244
1260
1263
1248
1227
1207
1212
1177
1209
1227
1268
1287
1306
1313
1301
1291
1291
1272
1274
1289
1326
1328
1354
1359
1338
1324
1335
1278
1260
1258
1264
1271
1291
1313
1285
1291
1279
1253
1223
1219
1216
1237
1250
1271
1283
1279
1265
1255
1231
1218
1171
1228
1261
1277
1295
1297
1318
1297
1260
1274
1263
1268
1272
1296
1301
1270
1313
1304
1280
1279
1260
1260
1247
1268
1316
1287
1299
1295
1284
1264
1258
1247
1263
1256
1268
1265
1301
1313
1301
1278
1281
1265
1253
1253
1248
1262
1250
1282
1261
1283
1270
1242
1226
1211
1208
1206
1241
1251
1259
1265
1260
1253
1245
1214
1235
1223
1274
1282
1294
1309
1324
1308
1291
1285
1276
1286
1278
1282
1298
1300
1289
1300
1295
1285
1269
1270
1261
1257
1270
1279
1306
1293
1291
1286
1271
1264
1249
1259
1267
1271
1282
1287
1297
1299
1283
1256
1252
1242
1230
1229
1237
1243
1261
1271
1272
1266
1259
1246
1225
1227
1242
1239
1257
1266
1276
1268
1280
1275
1263
1247
1251
1245
1249
1266
1278
1287
1297
1301
1296
1286
1264
1264
1251
1271
1265
1291
1301
1302
1290
1282
1264
1251
1217
1226
1227
1233
1247
1277
1253
1236
1232
1254
1207
1196
1195
1208
1227
1272
1256
1266
1261
1247
1236
1216
1213
1213
1239
1277
1275
1294
1297
1302
1311
1297
1293
1242
1296
1340
1320
1337
1340
1359
1351
1356
1342
1331
1312
1327
1313
1320
1279
1323
1331
1321
1297
1272
1258
1260
1228
1267
1242
1245
1235
1248
1230
1216
1199
1186
1175
1174
1188
1202
1218
1222
1207
1225
1216
1215
1210
1211
1223
1231
1256
1256
1292
1298
1303
1272
1259
1257
1261
1269
1283
1291
1303
1299
1298
1306
1257
1260
1259
1264
1283
1280
1303
1305
1314
1328
1307
1294
1283
1278
1266
1285
1291
1302
1302
1296
1287
1264
1252
1241
1239
1241
1253
1266
1273
1264
1268
1244
1240
1221
1241
1242
1252
1271
1296
1304
1305
1298
1286
1274
1254
1262
1270
1284
1284
1311
1312
1293
1303
1285
1275
1228
1249
1258
1263
1282
1293
1274
1296
1291
1273
1258
1246
1241
1249
1261
1281
1301
1302
1303
1294
1287
1272
1254
1260
1242
1279
1295
1314
1315
1304
1286
1263
1245
1236
1238
1242
1246
1280
1283
1287
1282
1263
1239
1263
1233
1234
1271
1275
1282
1304
1312
1305
1287
1271
1261
1252
1267
1279
1308
1324
1337
1336
1325
1308
1284
1261
1248
1224
1275
1299
1308
1313
1298
1288
1265
1237
1196
1210
1225
1234
1256
1279
1231
1282
1266
1253
1232
1212
1213
1212
1225
1278
1267
1262
1283
1278
1255
1251
1268
1238
1238
1251
1273
1275
1304
1301
1278
1278
1280
1258
1254
1260
1275
1279
1304
1304
1318
1309
1278
1265
1247
1254
1264
1279
1293
1302
1303
1295
1288
1270
1232
1250
1250
1256
1269
1273
1282
1266
1267
1263
1223
1232
1226
1233
1243
1263
1273
1292
1300
1289
1280
1267
1258
1255
1254
1283
1296
1311
1314
1326
1300
1272
1259
1247
1248
1280
1256
1268
1263
1264
1259
1227
1203
1192
1182
1193
1195
1217
1229
1240
1230
1232
1236
1204
1199
1206
1215
1236
1261
1282
1300
1297
1280
1286
1261
1294
1264
1276
1298
1319
1331
1349
1340
1329
1305
1292
1294
1255
1278
1285
1302
1341
1338
1333
1303
1282
1246
1210
1239
1242
1251
1290
1307
1302
1293
1286
1238
1214
1203
1208
1211
1259
1262
1257
1268
1255
1241
1215
1199
1193
1194
1223
1241
1284
1297
1309
1298
1281
1250
1247
1237
1235
1245
1279
1310
1323
1326
1301
1307
1271
1239
1232
1231
1254
1272
1297
1315
1257
1289
1264
1240
1225
1216
1232
1251
1285
1323
1315
1314
1290
1267
1234
1232
1208
1244
1263
1292
1309
1310
1301
1271
1237
1226
1229
1223
1239
1257
1284
1294
1294
1288
1272
1249
1226
1219
1223
1248
1255
1316
1337
1337
1321
1292
1268
1246
1229
1253
1279
1314
1340
1348
1345
1313
1287
1261
1234
1230
1262
1274
1295
1323
1326
1327
1282
1260
1232
1211
1178
1230
1252
1283
1288
1325
1315
1286
1262
1224
1225
1213
1225
1263
1289
1317
1326
1327
1314
1282
1225
1228
1223
1233
1268
1307
1315
1335
1338
1311
1254
1245
1227
1217
1238
1295
1302
1325
1325
1318
1286
1261
1226
1217
1203
1229
1237
1258
1277
1280
1249
1249
1231
1205
1195
1187
1197
1208
1235
1265
1275
1280
1268
1249
1231
1225
1226
1207
1252
1270
1294
1304
1321
1302
1279
1264
1267
1275
1269
1284
1303
1305
1322
1316
1311
1301
1290
1277
1278
1280
1279
1295
1303
1287
1300
1277
1271
1262
1262
1259
1233
1257
1281
1248
1252
1249
1262
1251
1273
1278
1284
1262
1276
1275
1273
1219
1252
1245
1252
1248
1244
1254
1244
1244
1264
1233
1218
1207
1210
1200
1207
1225
1247
1254
1260
1259
1244
1213
1224
1205
1227
1242
1271
1293
1309
1313
1315
1294
1281
1280
1283
1277
1286
1295
1314
1353
1345
1322
1328
1307
1276
1260
1257
1235
1255
1271
1284
1290
1282
1251
1236
1223
1217
1197
1200
1215
1234
1257
1276
1272
1276
1254
1234
1217
1207
1212
1223
1240
1260
1300
1291
1288
1271
1253
1232
1210
1227
1242
1264
1284
1302
1300
1312
1289
1283
1273
1259
1264
1265
1279
1304
1313
1330
1328
1317
1300
1276
1257
1248
1257
1267
1284
1302
1308
1302
1292
1264
1255
1251
1249
1244
1251
1261
1264
1257
1266
1265
1257
1252
1243
1241
1218
1226
1233
1253
1256
1265
1262
1269
1276
1262
1263
1266
1258
1266
1273
1279
1288
1291
1311
1295
1290
1291
1281
1257
1278
1267
1277
1252
1287
1278
1282
1288
1287
1295
1278
1283
1260
1255
1269
1256
1260
1273
1277
1274
1265
1267
1259
1243
1252
1232
1246
1268
1269
1261
1283
1280
1270
1270
1269
1203
1260
1263
1261
1273
1285
1291
1290
1293
1333
1290
1283
1278
1273
1264
1278
1278
1297
1298
1299
1293
1286
1281
1266
1246
1273
1260
1263
1267
1259
1262
1248
1248
1250
1254
1251
1245
1230
1240
1256
1265
1254
1260
1264
1277
1265
1274
1278
1273
1266
1261
1259
1260
1256
1265
1262
1272
1270
1270
1289
1262
1251
1243
1245
1248
1256
1264
1276
1283
1292
1292
1273
1272
1273
1265
1263
1261
1269
1287
1296
1310
1330
1317
1306
1287
1265
1248
1246
1264
1277
1284
1298
1304
1288
1279
1257
1232
1222
1216
1229
1237
1254
1269
1264
1271
1253
1255
1240
1226
1224
1217
1236
1238
1256
1265
1271
1269
1250
1243
1230
1224
1226
1240
1263
1289
1301
1311
1295
1300
1301
1275
1286
1269
1280
1288
1306
1323
1318
1306
1300
1284
1251
1261
1256
1253
1261
1298
1275
1275
1277
1270
1246
1246
1225
1235
1234
1266
1233
1256
1275
1270
1278
1255
1243
1229
1229
1239
1250
1264
1282
1292
1298
1291
1270
1255
1243
1281
1274
1280
1296
1302
1308
1294
1285
1271
1213
1243
1246
1267
1272
1283
1308
1305
1298
1319
1279
1262
1247
1241
1241
1238
1240
1271
1277
1271
1268
1255
1242
1214
1205
1228
1243
1262
1274
1282
1293
1277
1271
1259
1259
1259
1260
1270
1272
1280
1299
1289
1281
1241
1274
1265
1265
1267
1281
1269
1273
1257
1270
1260
1268
1252
1251
1247
1255
1252
1248
1260
1244
1245
1250
1256
1259
1257
1257
1255
1264
1260
1270
1269
1261
1259
1257
1260
1245
1260
1263
1280
1278
1275
1273
1268
1237
1256
1279
1270
1273
1285
1294
1299
1297
1299
1283
1287
1288
1284
1282
1279
1288
1283
1296
1290
1301
1298
1295
1284
1271
1270
1260
1260
1243
1267
1277
1274
1275
1260
1227
1262
1258
1257
1260
1255
1256
1247
1256
1293
1271
1269
1260
1256
1248
1266
1244
1232
1231
1233
1237
1242
1251
1238
1250
1268
1258
1261
1255
1252
1266
1251
1274
1279
1297
1307
1301
1273
1291
1289
1280
1293
1288
1291
1298
1300
1302
1285
1294
1291
1273
1277
1276
1271
1267
1257
1260
1284
1260
1256
1248
1246
1240
1234
1256
1179
1236
1225
1250
1255
1241
1258
1285
1258
1273
1266
1269
1268
1269
1264
1275
1263
1272
1271
1272
1271
1267
1284
1260
1239
1245
1252
1267
1262
1259
1264
1256
1261
1255
1256
1258
1251
1260
1248
1234
1265
1255
1248
1254
1253
1245
1252
1251
1259
1270
1267
1276
1271
1276
1274
1262
1265
1267
1263
1263
1266
1268
1260
1271
1264
1265
1256
1248
1247
1237
1246
1254
1261
1265
1271
1276
1273
1277
1255
1239
1243
1251
1247
1279
1269
1276
1279
1280
1287
1256
1260
1257
1250
1258
1267
1285
1281
1296
1297
1307
1288
1279
1271
1271
1276
1268
1284
1286
1288
1285
1278
1264
1240
1243
1234
1234
1242
1241
1252
1257
1251
1254
1251
1240
1240
1233
1235
1232
1252
1279
1282
1286
1287
1288
1275
1270
1275
1263
1279
1284
1306
1313
1317
1318
1317
1291
1268
1289
1255
1245
1252
1249
1266
1256
1291
1275
1266
1256
1239
1234
1236
1230
1248
1265
1274
1288
1294
1299
1287
1277
1268
1262
1257
1255
1274
1269
1283
1304
1288
1274
1268
1253
1241
1245
1252
1191
1257
1275
1269
1274
1266
1258
1244
1239
1237
1238
1218
1247
1260
1249
1262
1254
1263
1262
1232
1256
1253
1263
1264
1250
1280
1285
1287
1291
1281
1286
1273
1279
1287
1295
1301
1316
1306
1296
1297
1300
1281
1281
1284
1288
1286
1315
1296
1289
1281
1273
1265
1264
1244
1250
1234
1243
1242
1254
1256
1252
1245
1237
1246
1221
1226
1225
1229
1243
1242
1261
1255
1259
1271
1267
1269
1286
1266
1267
1269
1284
1320
1302
1305
1299
1297
1327
1288
1288
1282
1271
1262
1278
1276
1280
1292
1294
1309
1287
1289
1277
1267
1271
1237
1257
1258
1276
1289
1284
1288
1278
1258
1249
1247
1235
1226
1228
1217
1224
1229
1226
1230
1235
1230
1209
1208
1212
1195
1213
1246
1248
1257
1278
1290
1288
1294
1308
1286
1284
1290
1297
1310
1317
1331
1331
1335
1331
1351
1324
1321
1311
1302
1310
1291
1303
1303
1307
1299
1293
1296
1287
1267
1269
1258
1252
1244
1239
1242
1241
1233
1225
1239
1233
1223
1222
1212
1222
1233
1203
1239
1245
1256
1252
1255
1253
1196
1247
1226
1233
1250
1253
1260
1256
1266
1274
1262
1258
1255
1236
1247
1259
1260
1276
1289
1287
1285
1278
1277
1268
1243
1260
1257
1276
1290
1284
1289
1281
1275
1265
1252
1246
1235
1240
1233
1258
1279
1278
1271
1263
1266
1252
1242
1239
1230
1243
1258
1283
1284
1298
1300
1281
1273
1259
1255
1253
1237
1261
1270
1282
1281
1283
1269
1259
1239
1222
1227
1232
1226
1254
1262
1270
1267
1254
1251
1237
1241
1253
1263
1262
1270
1285
1290
1303
1312
1297
1275
1285
1277
1272
1278
1291
1291
1307
1314
1319
1277
1306
1300
1279
1285
1277
1289
1291
1299
1291
1279
1278
1264
1263
1251
1249
1247
1238
1242
1247
1233
1242
1242
1245
1244
1238
1247
1246
1264
1282
1277
1301
1291
1295
1300
1308
1314
1312
1306
1309
1311
1309
1312
1316
1305
1308
1300
1298
1284
1280
1245
1264
1266
1252
1266
1260
1257
1253
1242
1237
1239
1237
1214
1213
1223
1225
1232
1218
1229
1230
1217
1230
1233
1224
1233
1221
1242
1267
1264
1266
1264
1262
1256
1255
1255
1198
1258
1267
1275
1276
1266
1265
1249
1245
1252
1264
1241
1241
1251
1250
1257
1247
1249
1243
1233
1252
1227
1232
1235
1237
1244
1270
1263
1258
1252
1250
1236
1235
1248
1250
1266
1262
1272
1261
1268
1268
1259
1257
1253
1257
1267
1279
1293
1289
1289
1292
1285
1280
1270
1270
1268
1270
1275
1288
1293
1290
1283
1263
1266
1251
1260
1249
1255
1255
1259
1262
1270
1256
1263
1240
1267
1259
1256
1262
1254
1264
1272
1268
1270
1258
1261
1246
1244
1248
1241
1238
1236
1240
1244
1245
1239
1236
1221
1235
1241
1237
1238
1242
1239
1245
1214
1239
1243
1241
1247
1255
1254
1231
1277
1279
1282
1287
1285
1287
1296
1294
1310
1319
1335
1340
1340
1338
1325
1324
1329
1317
1311
1298
1297
1288
1289
1290
1299
1272
1259
1265
1259
1258
1257
1246
1256
1251
1271
1255
1259
1270
1259
1279
1264
1273
1267
1266
1277
1269
1272
1276
1300
1295
1294
1297
1300
1289
1286
1271
1265
1267
1270
1274
1279
1276
1270
1288
1284
1262
1255
1256
1248
1242
1254
1265
1219
1267
1265
1258
1250
1230
1235
1228
1227
1240
1244
1248
1245
1246
1233
1229
1214
1219
1222
1223
1226
1240
1276
1266
1244
1268
1264
1250
1260
1256
1261
1263
1282
1297
1307
1308
1299
1271
1280
1274
1286
1287
1294
1304
1315
1348
1323
1315
1297
1291
1286
1280
1287
1290
1303
1304
1317
1320
1310
1295
1280
1273
1245
1263
1262
1274
1287
1298
1292
1284
1269
1263
1246
1246
1245
1257
1265
1275
1284
1287
1284
1292
1276
1271
1260
1264
1264
1270
1290
1287
1282
1279
1269
1259
1254
1258
1241
1239
1246
1249
1247
1246
1244
1231
1229
1224
1240
1239
1236
1240
1234
1214
1217
1222
1215
1219
1223
1226
1235
1256
1238
1238
1240
1237
1240
1236
1226
1230
1254
1297
1286
1292
1289
1281
1254
1265
1259
1258
1242
1286
1284
1282
1285
1277
1257
1245
1217
1215
1212
1219
1230
1231
1257
1242
1250
1244
1230
1219
1209
1213
1234
1240
1254
1269
1275
1283
1276
1276
1262
1257
1266
1271
1284
1290
1311
1299
1308
1309
1287
1276
1260
1239
1261
1266
1285
1271
1278
1268
1251
1248
1233
1217
1218
1226
1233
1248
1257
1255
1255
1252
1242
1227
1240
1247
1247
1261
1269
1281
1279
1246
1284
1269
1266
1259
1248
1260
1257
1261
1282
