1289
1321
1318
1305
1272
1275
1272
1271
1268
1269
1269
1268
1271
1259
1270
1277
1253
1287
1268
1272
1260
1269
1270
1273
1262
1274
1278
1264
1270
1289
1274
1272
1271
1270
1274
1267
1264
1252
1269
1270
1267
1273
1267
1258
1253
1267
1263
1269
1265
1265
1268
1281
1263
1271
1263
1264
1263
1263
1239
1256
1262
1245
1259
1229
1269
1268
1247
1262
1258
1259
1266
1269
1271
1261
1266
1248
1256
1274
1267
1266
1270
1267
1259
1264
1292
1249
1268
1266
1271
1273
1268
1268
1251
1265
1258
1274
1271
1247
1274
1260
1270
1303
1264
1265
1263
1265
1268
1258
1264
1256
1262
1263
1267
1265
1256
1261
1256
1258
1240
1257
1262
1232
1260
1255
1260
1271
1247
1259
1286
1265
1258
1260
1264
1251
1263
1277
1266
1269
1236
1265
1258
1265
1261
1284
1273
1256
1278
1275
1273
1285
1282
1275
1272
1268
1258
1250
1274
1234
1235
1241
1232
1250
1251
1256
1255
1270
1278
1297
1307
1311
1308
1309
1309
1299
1299
1294
1282
1276
1257
1260
1259
1248
1271
1298
1307
1356
1357
1371
1375
1358
1376
1379
1354
1321
1289
1259
1245
1210
1192
1168
1138
1111
1078
1089
1043
1031
1055
1076
1103
1134
1150
1190
1183
1204
1211
1259
1300
1368
1394
1415
1453
1411
1385
1315
1303
1273
1251
1254
1257
1253
1285
1256
1285
1294
1303
1323
1335
1369
1391
1431
1447
1453
1451
1429
1419
1421
1383
1373
1349
1326
1308
1279
1252
1207
1189
1165
1156
1124
1127
1131
1127
1145
1147
1174
1172
1179
1178
1169
1170
1183
1179
1191
1185
1183
1185
1196
1207
1208
1234
1246
1288
1325
1340
1364
1377
1396
1382
1407
1407
1391
1371
1342
1340
1325
1306
1326
1291
1262
1248
1262
1246
1220
1215
1201
1202
1197
1203
1205
1212
1235
1226
1258
1253
1273
1280
1287
1291
1302
1289
1267
1307
1279
1274
1272
1261
1247
1249
1256
1265
1258
1237
1223
1225
1236
1228
1264
1275
1296
1304
1312
1324
1342
1343
1347
1352
1366
1372
1360
1357
1342
1321
1302
1286
1268
1259
1238
1225
1215
1183
1209
1200
1183
1177
1167
1177
1162
1182
1199
1220
1240
1278
1276
1284
1277
1286
1288
1291
1291
1288
1283
1284
1265
1227
1256
1235
1221
1223
1216
1234
1244
1254
1266
1271
1268
1276
1286
1288
1313
1344
1363
1405
1414
1423
1428
1414
1413
1347
1333
1302
1267
1238
1200
1191
1174
1192
1193
1197
1196
1215
1229
1241
1254
1270
1288
1299
1302
1287
1290
1266
1252
1220
1229
1209
1201
1171
1182
1183
1178
1174
1172
1171
1175
1177
1193
1208
1213
1230
1254
1273
1291
1305
1330
1328
1346
1334
1335
1359
1353
1320
1326
1318
1310
1298
1291
1262
1288
1295
1305
1317
1311
1322
1319
1300
1309
1289
1278
1266
1265
1239
1249
1244
1232
1226
1216
1225
1254
1234
1232
1237
1238
1245
1244
1256
1259
1267
1287
1305
1318
1311
1319
1317
1319
1281
1303
1289
1272
1222
1241
1220
1211
1208
1210
1218
1226
1220
1239
1256
1242
1254
1266
1278
1289
1304
1318
1288
1286
1244
1284
1290
1297
1289
1332
1319
1313
1312
1301
1291
1278
1266
1255
1267
1225
1226
1184
1211
1202
1192
1192
1199
1211
1218
1235
1265
1267
1289
1302
1315
1350
1332
1340
1342
1353
1341
1360
1342
1364
1348
1337
1314
1291
1249
1236
1199
1196
1181
1193
1201
1185
1224
1236
1259
1282
1316
1335
1352
1361
1366
1343
1326
1299
1295
1289
1260
1249
1240
1222
1203
1195
1193
1212
1206
1216
1229
1223
1232
1233
1253
1230
1249
1260
1263
1265
1276
1267
1262
1253
1268
1266
1284
1278
1274
1280
1285
1305
1284
1302
1320
1334
1348
1365
1371
1373
1353
1352
1337
1308
1332
1297
1282
1260
1246
1233
1222
1216
1214
1224
1248
1254
1260
1279
1279
1272
1267
1288
1288
1287
1290
1264
1263
1260
1257
1249
1257
1261
1268
1256
1231
1245
1227
1188
1222
1218
1235
1226
1257
1219
1220
1199
1226
1240
1258
1282
1285
1327
1308
1292
1265
1309
1280
1281
1286
1311
1298
1277
1301
1284
1282
1279
1289
1284
1292
1271
1297
1293
1287
1284
1285
1299
1302
1303
1329
1310
1304
1295
1280
1281
1276
1281
1313
1290
1288
1276
1264
1256
1270
1293
1289
1291
1281
1279
1263
1272
1273
1259
1251
1277
1285
1251
1258
1254
1230
1237
1270
1259
1269
1271
1271
1272
1260
1246
1254
1235
1271
1267
1252
1258
1249
1230
1241
1202
1260
1269
1275
1283
1276
1270
1289
1217
1269
1267
1284
1264
1285
1283
1283
1277
1312
1290
1289
1294
1290
1297
1275
1254
1251
1230
1243
1241
1230
1266
1304
1287
1295
1284
1301
1290
1319
1329
1337
1333
1324
1314
1309
1293
1293
1282
1291
1287
1285
1276
1256
1242
1235
1237
1262
1255
1280
1273
1287
1243
1252
1237
1261
1271
1267
1276
1262
1244
1225
1236
1238
1245
1245
1278
1283
1278
1259
1270
1277
1271
1273
1273
1280
1273
1274
1265
1258
1244
1238
1270
1249
1250
1249
1258
1258
1245
1258
1276
1291
1311
1319
1334
1361
1316
1308
1298
1292
1280
1282
1298
1268
1264
1248
1212
1236
1239
1249
1251
1280
1261
1254
1246
1228
1216
1218
1244
1267
1294
1296
1286
1293
1278
1270
1282
1287
1311
1291
1298
1267
1254
1252
1239
1241
1284
1273
1286
1283
1273
1245
1231
1254
1236
1237
1246
1257
1244
1252
1244
1244
1271
1245
1265
1271
1298
1289
1261
1271
1267
1271
1318
1297
1314
1301
1298
1313
1276
1242
1257
1249
1250
1266
1274
1275
1267
1255
1251
1277
1287
1298
1296
1307
1298
1284
1268
1256
1270
1250
1264
1297
1290
1286
1280
1285
1264
1292
1298
1308
1314
1306
1293
1263
1256
1240
1209
1234
1246
1261
1255
1238
1217
1230
1223
1236
1237
1251
1276
1266
1270
1264
1271
1273
1274
1283
1292
1271
1289
1268
1243
1256
1242
1238
1252
1266
1268
1286
1251
1267
1241
1237
1255
1264
1262
1277
1256
1280
1259
1249
1251
1263
1284
1307
1295
1301
1299
1285
1270
1279
1288
1292
1305
1318
1298
1286
1241
1244
1253
1256
1265
1276
1298
1267
1283
1246
1235
1251
1244
1274
1297
1290
1290
1283
1264
1252
1257
1267
1293
1289
1277
1272
1246
1249
1203
1231
1265
1290
1285
1282
1279
1263
1206
1234
1241
1251
1274
1274
1270
1260
1246
1215
1244
1255
1262
1320
1293
1289
1283
1261
1232
1204
1243
1253
1277
1287
1248
1276
1243
1229
1251
1259
1283
1296
1297
1276
1270
1263
1256
1250
1241
1268
1286
1304
1267
1284
1266
1233
1266
1302
1246
1313
1319
1300
1283
1240
1273
1235
1267
1279
1304
1299
1290
1273
1254
1213
1245
1257
1275
1289
1298
1280
1258
1215
1204
1233
1255
1264
1279
1285
1268
1244
1240
1226
1213
1236
1294
1307
1309
1286
1279
1254
1241
1269
1253
1267
1284
1291
1270
1250
1225
1253
1292
1284
1306
1318
1324
1279
1263
1250
1242
1269
1267
1303
1314
1314
1291
1278
1241
1225
1250
1265
1280
1286
1276
1254
1246
1251
1217
1250
1274
1277
1330
1291
1269
1270
1238
1211
1253
1268
1283
1285
1271
1246
1236
1247
1198
1241
1267
1284
1292
1283
1243
1251
1212
1230
1276
1288
1302
1316
1290
1261
1232
1206
1212
1248
1280
1289
1318
1287
1237
1225
1218
1242
1270
1282
1280
1299
1287
1217
1260
1249
1201
1270
1277
1332
1315
1303
1291
1274
1240
1205
1266
1294
1307
1296
1296
1260
1220
1226
1193
1274
1264
1299
1274
1301
1261
1245
1216
1258
1265
1299
1314
1296
1321
1287
1253
1222
1293
1293
1297
1311
1289
1297
1269
1253
1191
1264
1293
1303
1317
1300
1280
1229
1246
1187
1262
1261
1281
1293
1277
1245
1278
1208
1234
1282
1280
1293
1318
1284
1220
1233
1234
1167
1268
1278
1290
1313
1295
1277
1225
1246
1209
1291
1296
1285
1321
1297
1258
1226
1215
1208
1286
1283
1304
1319
1300
1249
1241
1235
1223
1284
1281
1311
1307
1302
1294
1253
1211
1218
1303
1306
1328
1310
1311
1257
1284
1205
1200
1294
1311
1313
1302
1297
1270
1235
1225
1202
1279
1282
1294
1273
1284
1252
1231
1221
1206
1283
1286
1304
1286
1288
1218
1244
1207
1186
1285
1297
1308
1299
1300
1232
1224
1214
1181
1282
1302
1319
1312
1305
1279
1269
1220
1216
1318
1324
1347
1338
1329
1297
1255
1209
1275
1308
1321
1373
1318
1309
1294
1214
1247
1272
1310
1317
1326
1302
1264
1188
1230
1161
1247
1286
1311
1314
1295
1275
1254
1199
1233
1287
1310
1322
1330
1299
1241
1254
1236
1163
1271
1294
1308
1318
1299
1286
1248
1241
1185
1282
1293
1310
1298
1248
1247
1209
1185
1210
1304
1299
1322
1306
1300
1228
1231
1222
1180
1270
1291
1289
1267
1278
1195
1221
1159
1165
1275
1304
1321
1316
1315
1287
1271
1199
1195
1298
1330
1343
1318
1315
1241
1263
1187
1169
1301
1330
1336
1307
1303
1229
1225
1221
1213
1316
1313
1336
1313
1306
1264
1257
1189
1209
1300
1316
1331
1301
1262
1215
1240
1169
1254
1251
1301
1311
1272
1218
1226
1223
1177
1284
1305
1325
1346
1320
1277
1279
1241
1198
1269
1304
1319
1306
1286
1247
1247
1229
1156
1268
1277
1299
1289
1286
1220
1202
1186
1179
1300
1319
1340
1315
1322
1254
1272
1210
1207
1327
1320
1341
1309
1299
1225
1207
1225
1219
1302
1322
1342
1328
1325
1255
1274
1231
1206
1326
1328
1345
1312
1305
1236
1185
1223
1182
1303
1300
1285
1322
1237
1204
1207
1221
1285
1295
1307
1295
1321
1229
1243
1235
1195
1290
1296
1346
1278
1342
1291
1251
1274
1257
1307
1331
1333
1241
1360
1277
1240
1258
1202
1301
1324
1323
1256
1330
1262
1223
1220
1190
1294
1286
1314
1276
1350
1266
1207
1195
1249
1303
1308
1274
1245
1328
1232
1214
1201
1297
1310
1315
1291
1248
1356
1284
1228
1232
1316
1328
1288
1272
1251
1366
1208
1236
1208
1298
1298
1309
1251
1238
1335
1253
1196
1211
1284
1293
1298
1251
1273
1306
1255
1200
1214
1295
1306
1317
1237
1244
1284
1223
1252
1221
1303
1293
1307
1253
1319
1229
1223
1228
1287
1299
1311
1294
1234
1335
1279
1260
1228
1314
1311
1331
1302
1241
1336
1283
1203
1210
1298
1290
1313
1298
1242
1342
1217
1232
1197
1291
1295
1317
1238
1272
1343
1216
1242
1212
1269
1314
1318
1276
1237
1355
1222
1250
1241
1301
1307
1318
1214
1281
1338
1211
1218
1217
1292
1294
1310
1236
1251
1337
1229
1211
1181
1287
1302
1329
1260
1273
1340
1238
1179
1281
1286
1298
1240
1298
1358
1365
1248
1211
1312
1333
1338
1280
1308
1349
1360
1248
1216
1285
1298
1302
1198
1238
1312
1229
1198
1168
1249
1255
1273
1175
1198
1305
1262
1196
1182
1305
1320
1337
1290
1257
1356
1241
1220
1172
1279
1286
1297
1236
1234
1309
1208
1161
1153
1258
1289
1315
1278
1254
1355
1217
1244
1310
1329
1342
1386
1254
1309
1354
1201
1189
1218
1263
1274
1220
1240
1258
1327
1220
1168
1263
1277
1317
1246
1258
1338
1336
1215
1189
1243
1281
1318
1233
1301
1307
1352
1203
1162
1239
1278
1301
1272
1278
1302
1343
1175
1220
1275
1339
1372
1304
1308
1399
1275
1246
1177
1243
1270
1284
1202
1233
1296
1205
1131
1103
1236
1283
1322
1264
1293
1382
1271
1225
1183
1281
1299
1322
1273
1267
1329
1217
1174
1221
1238
1272
1298
1273
1234
1338
1232
1178
1240
1278
1283
1261
1236
1251
1344
1245
1168
1253
1283
1321
1335
1320
1322
1350
1211
1198
1236
1283
1311
1243
1309
1362
1354
1241
1207
1221
1273
1319
1282
1306
1314
1340
1245
1152
1193
1276
1290
1291
1272
1367
1359
1201
1242
1245
1280
1305
1233
1286
1367
1255
1180
1151
1225
1261
1288
1272
1276
1329
1209
1151
1192
1226
1256
1286
1220
1278
1346
1250
1209
1259
1283
1322
1270
1317
1254
1377
1235
1177
1233
1241
1274
1243
1262
1283
1358
1212
1195
1209
1288
1329
1315
1323
1404
1417
1301
1252
1245
1298
1291
1223
1290
1265
1343
1189
1168
1180
1235
1265
1193
1230
1337
1267
1156
1181
1212
1259
1290
1268
1249
1353
1327
1241
1139
1240
1283
1313
1230
1313
1348
1232
1145
1235
1206
1280
1287
1237
1286
1373
1294
1239
1297
1290
1311
1242
1292
1271
1343
1218
1164
1231
1223
1247
1250
1190
1226
1355
1240
1242
1284
1301
1319
1281
1294
1344
1391
1255
1229
1261
1283
1304
1237
1269
1347
1351
1243
1159
1209
1240
1260
1154
1258
1361
1355
1247
1198
1247
1309
1342
1271
1337
1428
1426
1294
1305
1268
1311
1303
1233
1223
1314
1255
1126
1107
1165
1211
1243
1199
1260
1367
1292
1247
1270
1249
1280
1302
1248
1266
1334
1184
1151
1195
1220
1252
1222
1251
1340
1385
1312
1246
1310
1324
1342
1303
1295
1309
1378
1264
1185
1256
1238
1262
1199
1240
1226
1334
1207
1203
1240
1286
1295
1252
1288
1294
1376
1211
1249
1244
1305
1319
1230
1358
1358
1342
1238
1163
1200
1204
1256
1157
1287
1282
1322
1239
1175
1239
1308
1333
1272
1274
1399
1334
1241
1221
1291
1290
1297
1208
1272
1315
1245
1195
1240
1231
1280
1230
1234
1260
1332
1279
1231
1287
1288
1294
1271
1227
1292
1343
1261
1225
1270
1267
1262
1244
1247
1230
1334
1258
1213
1223
1303
1333
1273
1376
1325
1401
1258
1260
1270
1301
1288
1229
1210
1188
1291
1204
1174
1194
1251
1246
1222
1303
1297
1339
1209
1237
1239
1302
1318
1260
1324
1248
1312
1182
1210
1223
1268
1283
1182
1241
1198
1287
1186
1194
1207
1246
1270
1231
1246
1342
1242
1240
1241
1312
1351
1332
1341
1315
1377
1281
1220
1298
1250
1283
1232
1203
1248
1282
1194
1179
1271
1271
1299
1202
1305
1215
1322
1198
1205
1233
1273
1287
1243
1337
1293
1359
1242
1269
1329
1334
1344
1237
1368
1293
1347
1268
1193
1225
1272
1287
1186
1324
1224
1321
1243
1163
1239
1320
1301
1246
1272
1296
1313
1207
1186
1195
1295
1308
1264
1271
1269
1371
1274
1340
1296
1329
1330
1260
1261
1308
1211
1165
1222
1202
1242
1174
1239
1206
1277
1183
1198
1264
1233
1288
1270
1317
1202
1329
1214
1218
1286
1306
1332
1286
1362
1272
1356
1241
1229
1279
1288
1291
1212
1243
1228
1304
1238
1188
1250
1304
1307
1257
1338
1259
1328
1240
1202
1237
1296
1304
1237
1337
1258
1325
1246
1257
1289
1351
1361
1271
1315
1331
1344
1223
1205
1249
1295
1303
1166
1192
1220
1196
1149
1207
1204
1255
1191
1272
1236
1291
1264
1192
1275
1289
1346
1293
1366
1324
1358
1288
1273
1306
1264
1286
1208
1288
1196
1265
1161
1189
1252
1274
1310
1277
1357
1255
1387
1248
1274
1305
1305
1310
1197
1294
1229
1271
1154
1200
1205
1277
1279
1242
1331
1257
1328
1246
1236
1252
1293
1310
1234
1293
1211
1312
1230
1268
1289
1302
1320
1242
1270
1273
1325
1203
1225
1266
1311
1313
1267
1305
1257
1326
1245
1260
1262
1323
1194
1304
1256
1225
1241
1234
1314
1273
1305
1247
1301
1220
1303
1253
1247
1291
1264
1299
1237
1312
1221
1284
1247
1224
1257
1267
1294
1215
1290
1230
1288
1209
1190
1277
1288
1297
1220
1329
1257
1342
1307
1274
1277
1343
1336
1280
1331
1260
1342
1245
1232
1255
1316
1321
1228
1310
1271
1332
1227
1203
1263
1308
1311
1308
1270
1287
1258
1242
1201
1257
1293
1286
1219
1242
1212
1253
1239
1230
1265
1315
1257
1295
1200
1199
1215
1220
1275
1237
1271
1224
1286
1237
1273
1240
1250
1312
1305
1337
1242
1343
1259
1297
1226
1242
1269
1268
1307
1230
1318
1203
1326
1240
1257
1327
1364
1350
1246
1360
1249
1340
1227
1273
1291
1322
1329
1263
1303
1223
1314
1193
1191
1276
1298
1306
1212
1287
1225
1327
1192
1193
1254
1316
1304
1305
1255
1226
1294
1179
1298
1254
1314
1312
1307
1220
1239
1261
1206
1221
1251
1300
1205
1304
1237
1196
1237
1249
1327
1299
1361
1321
1361
1286
1313
1233
1226
1312
1294
1339
1258
1313
1247
1297
1213
1226
1267
1268
1306
1236
1316
1249
1313
1257
1197
1297
1302
1315
1202
1309
1198
1290
1169
1206
1236
1267
1285
1236
1329
1191
1304
1236
1247
1242
1329
1338
1239
1313
1242
1293
1171
1148
1229
1293
1308
1271
1276
1246
1338
1232
1288
1305
1350
1356
1267
1268
1231
1248
1248
1305
1269
1341
1266
1320
1264
1227
1217
1182
1305
1278
1335
1285
1337
1223
1325
1216
1219
1321
1236
1327
1221
1325
1234
1266
1183
1187
1310
1251
1304
1219
1310
1207
1318
1252
1213
1313
1309
1324
1249
1332
1207
1303
1204
1232
1204
1307
1326
1240
1333
1225
1317
1224
1238
1265
1311
1318
1327
1317
1248
1307
1227
1227
1271
1333
1347
1284
1307
1235
1320
1249
1270
1268
1319
1332
1286
1224
1206
1192
1193
1235
1235
1296
1237
1304
1233
1223
1232
1197
1270
1244
1293
1245
1304
1202
1290
1233
1200
1305
1301
1352
1292
1404
1245
1319
1270
1222
1322
1298
1332
1256
1325
1239
1302
1195
1216
1271
1289
1329
1265
1348
1258
1310
1207
1190
1242
1299
1311
1205
1320
1225
1310
1213
1200
1237
1298
1308
1292
1336
1224
1298
1203
1180
1251
1321
1332
1341
1308
1234
1330
1224
1251
1258
1306
1312
1295
1245
1198
1190
1193
1254
1257
1327
1266
1351
1252
1279
1229
1209
1298
1262
1327
1328
1336
1224
1299
1210
1203
1313
1309
1360
1297
1386
1285
1320
1259
1196
1260
1276
1290
1213
1320
1221
1301
1194
1217
1271
1278
1313
1205
1317
1205
1297
1220
1207
1245
1298
1319
1268
1332
1236
1297
1185
1172
1210
1265
1286
1243
1291
1179
1273
1204
1196
1257
1324
1340
1336
1319
1272
1349
1186
1247
1265
1345
1296
1354
1289
1246
1271
1184
1255
1280
1336
1315
1354
1274
1288
1264
1250
1294
1270
1326
1281
1337
1252
1292
1213
1164
1238
1255
1317
1224
1342
1270
1315
1202
1203
1241
1270
1351
1251
1335
1251
1328
1225
1195
1256
1282
1326
1240
1352
1221
1311
1216
1216
1226
1288
1315
1249
1345
1250
1344
1227
1219
1259
1299
1329
1314
1330
1221
1294
1220
1159
1241
1301
1324
1335
1308
1262
1338
1253
1209
1259
1318
1271
1303
1244
1227
1202
1191
1160
1227
1295
1252
1320
1231
1253
1255
1237
1308
1252
1321
1284
1342
1280
1311
1216
1228
1272
1281
1320
1245
1356
1264
1314
1214
1243
1302
1283
1319
1235
1362
1243
1297
1233
1187
1240
1275
1309
1231
1336
1262
1303
1213
1193
1266
1293
1322
1230
1364
1291
1352
1218
1217
1256
1319
1336
1338
1347
1246
1320
1225
1218
1216
1291
1304
1304
1304
1234
1316
1244
1162
1259
1327
1250
1340
1279
1241
1226
1232
1205
1271
1319
1285
1346
1296
1240
1261
1238
1302
1268
1328
1277
1344
1341
1296
1235
1230
1182
1195
1290
1358
1340
1328
1281
1261
1244
1190
1189
1191
1224
1317
1316
1286
1244
1213
1208
1159
1184
1217
1247
1318
1335
1317
1307
1259
1255
1279
1283
1291
1241
1246
1321
1299
1298
1281
1291
1296
1259
1261
1265
1235
1298
1269
1309
1327
1303
1318
1320
1282
1230
1220
1220
1306
1328
1335
1313
1290
1278
1236
1219
1180
1205
1309
1329
1330
1323
1260
1249
1230
1213
1201
1235
1236
1318
1310
1290
1253
1230
1226
1189
1207
1190
1248
1321
1348
1311
1300
1266
1281
1310
1304
1281
1268
1246
1311
1292
1288
1272
1246
1290
1239
1222
1251
1235
1291
1311
1314
1325
1273
1284
1264
1217
1203
1150
1193
1301
1312
1333
1320
1294
1286
1224
1209
1207
1259
1336
1339
1318
1283
1229
1220
1214
1169
1196
1260
1223
1340
1333
1308
1290
1249
1263
1248
1231
1231
1231
1256
1260
1255
1254
1243
1255
1290
1245
1277
1237
1206
1299
1297
1273
1299
1283
1283
1247
1239
1210
1188
1235
1287
1290
1310
1271
1259
1241
1176
1148
1172
1155
1272
1292
1267
1243
1207
1183
1149
1141
1181
1161
1210
1302
1275
1239
1183
1155
1174
1149
1206
1298
1330
1414
1397
1375
1341
1292
1293
1301
1306
1387
1392
1419
1476
1435
1360
1279
1251
1259
1258
1358
1362
1436
1522
1475
1374
1269
1155
1126
1167
1252
1279
1392
1409
1460
1324
1200
1057
994
1005
1061
1167
1303
1281
1327
1246
1110
992
901
926
1025
1133
1280
1398
1363
1384
1265
1145
1048
1022
1088
1120
1279
1379
1463
1427
1390
1291
1192
1131
1165
1268
1358
1443
1523
1527
1531
1414
1252
1189
1123
1167
1251
1326
1439
1456
1438
1432
1300
1174
1055
1042
1107
1169
1345
1395
1425
1464
1356
1214
1120
1056
1116
1214
1310
1405
1481
1395
1402
1263
1156
1096
1112
1226
1271
1447
1494
1440
1454
1319
1216
1128
1080
1138
1262
1296
1428
1428
1381
1412
1309
1216
1173
1146
1215
1319
1375
1398
1434
1376
1332
1225
1108
1030
1048
1131
1216
1354
1407
1385
1425
1311
1188
1077
1034
1091
1215
1323
1454
1447
1436
1385
1276
1171
1090
1102
1196
1300
1396
1465
1482
1460
1357
1232
1077
1092
1149
1234
1369
1417
1472
1420
1420
1315
1194
1126
1103
1160
1265
1326
1443
1427
1394
1409
1272
1181
1102
1101
1148
1258
1333
1388
1333
1362
1274
1141
1044
1006
1050
1169
1224
1376
1381
1389
1374
1248
1127
1062
1020
1130
1251
1309
1420
1389
1289
1314
1195
1121
1094
1155
1267
1341
1410
1452
1445
1415
1320
1206
1184
1179
1262
1362
1438
1459
1508
1414
1389
1312
1215
1163
1159
1240
1314
1354
1441
1394
1395
1334
1232
1156
1119
1166
1270
1343
1421
1413
1332
1325
1202
1095
1021
1030
1125
1251
1292
1348
1362
1240
1254
1163
1086
1071
1122
1242
1331
1375
1399
1362
1249
1245
1151
1111
1112
1198
1229
1297
1371
1381
1300
1260
1192
1097
1086
1097
1190
1288
1359
1352
1370
1290
1282
1184
1122
1123
1168
1268
1368
1388
1438
1351
1273
1246
1188
1127
1139
1233
1356
1416
1482
1437
1305
1265
1163
1104
1107
1151
1275
1396
1406
1424
1399
1293
1192
1173
1149
1204
1268
1379
1465
1430
1419
1285
1185
1187
1141
1150
1196
1286
1383
1395
1417
1338
1196
1133
1110
1072
1078
1170
1265
1348
1380
1335
1306
1208
1189
1104
1135
1178
1247
1356
1452
1402
1391
1243
1163
1146
1102
1113
1184
1266
1347
1411
1441
1316
1233
1149
1149
1135
1181
1234
1343
1422
1456
1432
1379
1210
1197
1160
1171
1224
1283
1379
1458
1418
1349
1312
1189
1184
1138
1154
1232
1296
1392
1444
1386
1347
1225
1083
1104
1081
1115
1190
1271
1340
1387
1330
1278
1136
1031
1101
1109
1179
1252
1351
1428
1423
1350
1234
1169
1155
1118
1152
1220
1303
1405
1464
1402
1374
1288
1146
1137
1129
1145
1246
1318
1429
1482
1411
1357
1243
1162
1162
1172
1228
1339
1429
1506
1524
1454
1346
1153
1070
1100
1123
1220
1323
1413
1507
1456
1338
1252
1067
1059
1096
1137
1267
1384
1473
1503
1399
1328
1224
1061
1108
1142
1211
1312
1390
1464
1466
1311
1254
1109
1030
1095
1123
1199
1304
1376
1431
1439
1361
1202
1130
1027
1097
1133
1225
1338
1410
1458
1441
1343
1205
1030
1044
1099
1163
1275
1378
1484
1458
1398
1248
1104
1033
1046
1118
1203
1330
1425
1486
1487
1374
1298
1172
1080
1125
1188
1282
1399
1457
1503
1484
1374
1240
1140
1092
1160
1193
1289
1402
1454
1501
1469
1324
1191
1146
1060
1129
1190
1324
1423
1488
1529
1459
1306
1181
1051
1030
1118
1189
1328
1388
1465
1463
1389
1257
1161
1000
1009
1104
1212
1334
1424
1454
1399
1355
1238
1084
1027
1029
1135
1240
1371
1467
1494
1471
1362
1236
1128
1013
1083
1186
1302
1440
1503
1525
1481
1306
1140
1028
1022
1084
1181
1319
1463
1517
1516
1435
1295
1129
979
955
1064
1214
1366
1497
1527
1530
1433
1257
1101
1033
993
1135
1274
1400
1501
1500
1474
1350
1154
1027
990
972
1127
1235
1407
1515
1527
1482
1366
1186
1018
981
959
1173
1322
1491
1617
1588
1508
1351
1112
943
951
943
1199
1372
1556
1611
1553
1438
1277
1102
936
948
1028
1223
1434
1562
1590
1522
1412
1185
1020
974
957
1101
1280
1455
1597
1614
1524
1391
1172
1003
985
953
1162
1329
1506
1612
1616
1482
1341
1146
986
926
917
1149
1348
1520
1634
1605
1477
1298
1079
965
918
967
1216
1404
1560
1628
1558
1391
1211
991
881
889
1020
1265
1440
1582
1629
1529
1359
1178
933
918
932
996
1262
1442
1589
1624
1512
1333
1145
956
863
893
1030
1301
1520
1620
1645
1507
1314
1110
909
850
949
1116
1386
1570
1674
1642
1475
1264
1064
910
896
1000
1172
1425
1576
1683
1626
1448
1228
1045
912
887
1018
1208
1474
1642
1689
1592
1417
1202
1038
935
937
1059
1225
1486
1643
1674
1541
1363
1135
969
864
868
1010
1248
1507
1661
1664
1551
1336
1092
935
850
933
1079
1297
1573
1698
1651
1505
1281
1025
946
874
941
1113
1366
1602
1671
1614
1432
1218
995
884
846
978
1155
1375
1595
1665
1607
1423
1208
995
895
865
983
1180
1429
1651
1687
1618
1404
1184
968
896
918
1024
1281
1532
1695
1703
1576
1358
1127
928
867
910
1107
1301
1517
1683
1669
1511
1312
1087
916
888
963
1109
1345
1533
1655
1601
1456
1277
1064
907
886
955
1162
1346
1539
1609
1586
1442
1248
1058
913
892
1017
1248
1436
1626
1690
1618
1461
1230
1048
930
935
1037
1241
1516
1614
1688
1586
1380
1183
1025
927
965
1118
1328
1516
1576
1608
1502
1319
1135
1002
941
991
1163
1349
1518
1587
1600
1474
1297
1133
975
946
976
1130
1292
1437
1561
1546
1435
1280
1110
983
958
1007
1205
1350
1494
1576
1576
1436
1263
1091
994
979
1046
1217
1375
1539
1555
1535
1388
1205
1064
991
952
1051
1218
1343
1483
1546
1454
1352
1194
1049
1005
1008
1097
1256
1408
1514
1563
1467
1344
1185
1083
1008
1032
1142
1271
1448
1524
1576
1470
1356
1196
1072
1018
1055
1166
1300
1465
1499
1564
1453
1290
1169
1067
1023
1096
1198
1326
1483
1527
1516
1392
1271
1130
1048
1038
1100
1205
1322
1411
1484
1456
1372
1236
1130
1061
1053
1103
1210
1320
1407
1460
1499
1344
1253
1129
1080
1052
1126
1223
1332
1435
1480
1422
1360
1233
1128
1050
1059
1108
1235
1324
1411
1444
1409
1323
1214
1119
1027
1065
1129
1229
1323
1399
1440
1399
1327
1263
1139
1094
1112
1153
1272
1359
1420
1442
1385
1346
1235
1165
1113
1118
1169
1266
1364
1410
1434
1411
1343
1241
1153
1109
1112
1189
1259
1306
1387
1402
1389
1322
1201
1132
1132
1138
1192
1265
1341
1397
1409
1387
1325
1252
1176
1151
1160
1208
1266
1317
1370
1354
1345
1301
1261
1146
1155
1205
1183
1247
1296
1357
1381
1368
1331
1262
1207
1170
1167
1210
1244
1285
1328
1365
1344
1281
1249
1201
1167
1185
1217
1264
1311
1355
1364
1347
1280
1247
1208
1182
1187
1240
1249
1297
1316
1334
1332
1297
1265
1176
1182
1236
1245
1239
1277
1303
1310
1302
1301
1266
1248
1221
1222
1224
1258
1277
1297
1311
1297
1284
1258
1244
1223
1191
1233
1242
1263
1275
1272
1258
1249
1242
1219
1234
1252
1266
1293
1264
1259
1254
1250
1249
1246
1271
1275
1309
1320
1292
1278
1259
1214
1233
1244
1269
1279
1306
1306
1307
1273
1242
1230
1176
1209
1221
1266
1298
1349
1326
1335
1311
1279
1244
1220
1204
1215
1261
1291
1345
1343
1382
1366
1314
1260
1229
1175
1180
1244
1294
1349
1388
1382
1339
1271
1204
1152
1110
1157
1212
1287
1351
1376
1399
1317
1275
1215
1147
1124
1154
1204
1260
1334
1388
1403
1374
1300
1231
1156
1131
1124
1151
1248
1337
1385
1436
1428
1340
1247
1163
1113
1101
1144
1214
1334
1412
1457
1443
1356
1244
1130
1074
1070
1120
1209
1257
1438
1483
1461
1381
1292
1157
1082
1078
1137
1209
1317
1402
1490
1453
1405
1306
1201
1117
1080
1103
1199
1270
1387
1406
1487
1428
1330
1207
1122
1039
1056
1119
1257
1382
1472
1490
1443
1330
1213
1103
1055
1061
1130
1243
1349
1473
1491
1411
1366
1242
1146
1081
1094
1144
1219
1329
1436
1468
1442
1380
1308
1179
1142
1100
1120
1191
1295
1397
1458
1487
1429
1342
1238
1146
1099
1102
1156
1263
1352
1410
1476
1427
1341
1236
1123
1085
1083
1130
1195
1308
1370
1406
1394
1339
1264
1198
1149
1128
1143
1202
1276
1339
1398
1404
1400
1328
1244
1181
1138
1117
1138
1218
1291
1386
1425
1425
1373
1297
1217
1161
1126
1134
1168
1263
1322
1377
1397
1352
1323
1211
1167
1125
1121
1145
1199
1269
1341
1379
1365
1340
1281
1217
1173
1132
1136
1179
1236
1321
1382
1415
1417
1357
1288
1207
1148
1115
1149
1210
1282
1379
1444
1440
1397
1313
1236
1169
1135
1148
1196
1279
1376
1417
1431
1402
1346
1257
1176
1150
1132
1158
1230
1294
1389
1410
1403
1359
1279
1186
1126
1109
1125
1175
1263
1349
1415
1421
1381
1315
1232
1149
1095
1103
1165
1246
1333
1381
1454
1394
1335
1248
1161
1122
1112
1142
1225
1303
1351
1394
1395
1337
1268
1211
1142
1134
1144
1208
1277
1336
1402
1403
1392
1326
1275
1195
1151
1155
1178
1241
1306
1362
1398
1385
1313
1267
1195
1155
1134
1154
1195
1276
1341
1391
1395
1354
1312
1236
1186
1165
1166
1202
1257
1337
1355
1380
1363
1337
1271
1222
1178
1166
1174
1243
1271
1350
1392
1395
1372
1314
1246
1211
1154
1158
1187
1213
1315
1369
1390
1372
1363
1267
1212
1161
1150
1166
1216
1273
1336
1365
1362
1343
1316
1230
1189
1159
1178
1199
1258
1316
1355
1383
1394
1343
1282
1223
1177
1158
1167
1192
1264
1331
1364
1419
1380
1323
1258
1188
1157
1163
1199
1271
1319
1373
1401
1388
1344
1260
1222
1155
1194
1182
1217
1236
1309
1339
1336
1330
1280
1231
1177
1136
1137
1146
1204
1259
1328
1353
1366
1356
1301
1215
1192
1151
1150
1172
1236
1302
1360
1406
1392
1361
1294
1222
1172
1132
1156
1198
1277
1339
1369
1418
1388
1340
1274
1142
1128
1138
1145
1209
1287
1362
1407
1404
1388
1322
1268
1141
1115
1110
1166
1239
1333
1406
1452
1433
1381
1290
1196
1084
1113
1142
1247
1320
1391
1440
1433
1382
1303
1211
1134
1121
1116
1172
1262
1350
1406
1418
1387
1347
1261
1161
1071
1065
1136
1219
1299
1383
1413
1410
1345
1271
1204
1138
1116
1129
1193
1272
1341
1371
1383
1341
1279
1240
1172
1153
1154
1200
1278
1333
1362
1370
1338
1304
1259
1236
1255
1227
1255
1279
1301
1308
1314
1305
1301
1284
1271
1283
1250
1247
1251
1242
1257
1260
1271
1280
1276
1297
1279
1276
1281
1261
1246
1223
1232
1236
1255
1246
1289
1298
1300
1290
1266
1238
1216
1170
1198
1222
1257
1299
1330
1353
1333
1306
1300
1228
1205
1214
1200
1259
1314
1340
1381
1381
1323
1273
1228
1190
1188
1196
1263
1318
1369
1384
1379
1345
1276
1228
1227
1190
1185
1242
1280
1333
1355
1340
1310
1256
1200
1162
1162
1173
1226
1277
1345
1383
1368
1329
1281
1241
1171
1165
1220
1243
1297
1346
1376
1364
1324
1266
1218
1180
1151
1199
1229
1292
1360
1346
1365
1330
1286
1239
1198
1186
1199
1229
1311
1313
1339
1335
1317
1274
1215
1210
1195
1191
1219
1257
1292
1316
1347
1278
1293
1279
1243
1224
1212
1229
1245
1272
1322
1303
1309
1279
1286
1265
1259
1251
1265
1263
1270
1278
1281
1294
1302
1290
1304
1272
1290
1268
1248
1231
1236
1222
1269
1271
1296
1307
1318
1298
1278
1248
1222
1205
1195
1214
1245
1277
1319
1322
1317
1282
1263
1226
1193
1173
1193
1238
1288
1303
1319
1333
1325
1278
1268
1220
1201
1203
1240
1266
1299
1310
1371
1357
1316
1282
1252
1241
1208
1221
1232
1258
1315
1311
1312
1293
1276
1247
1228
1211
1226
1225
1217
1256
1272
1285
1282
1293
1258
1249
1248
1248
1244
1253
1253
1271
1309
1298
1280
1264
1285
1279
1280
1265
1253
1252
1245
1248
1250
1271
1288
1259
1288
1317
1288
1263
1248
1239
1229
1238
1275
1293
1312
1312
1314
1289
1263
1239
1244
1222
1238
1263
1283
1334
1330
1300
1265
1261
1230
1211
1190
1216
1230
1262
1317
1300
1304
1287
1255
1216
1203
1204
1223
1272
1296
1318
1329
1314
1302
1254
1233
1241
1197
1225
1249
1291
1311
1323
1328
1296
1260
1236
1228
1223
1242
1276
1299
1294
1339
1299
1266
1253
1235
1222
1237
1253
1269
1284
1293
1304
1282
1271
1279
1252
1253
1260
1265
1271
1272
1289
1285
1275
1258
1246
1246
1249
1248
1227
1259
1266
1263
1236
1235
1238
1227
1243
1263
1285
1280
1279
1286
1268
1259
1265
1258
1263
1276
1284
1294
1279
1281
1253
1223
1240
1226
1247
1259
1286
1289
1290
1290
1263
1247
1228
1237
1239
1268
1310
1327
1340
1333
1316
1277
1252
1231
1211
1214
1260
1291
1321
1329
1347
1284
1263
1226
1200
1201
1212
1244
1304
1322
1351
1343
1314
1276
1230
1194
1181
1186
1209
1263
1310
1334
1345
1302
1275
1229
1210
1200
1213
1214
1265
1289
1299
1303
1319
1284
1249
1234
1236
1236
1264
1281
1288
1309
1289
1277
1264
1250
1251
1221
1282
1281
1300
1302
1286
1267
1237
1226
1254
1241
1277
1281
1301
1309
1298
1272
1210
1203
1202
1213
1236
1289
1310
1324
1338
1322
1298
1268
1222
1205
1208
1233
1276
1304
1332
1346
1335
1307
1272
1232
1202
1210
1223
1244
1264
1293
1311
1303
1290
1251
1252
1253
1225
1232
1242
1288
1283
1301
1292
1283
1268
1244
1239
1249
1218
1235
1260
1280
1289
1285
1276
1288
1218
1250
1268
1248
1274
1274
1261
1264
1259
1251
1251
1262
1278
1299
1303
1298
1268
1285
1253
1233
1212
1239
1263
1276
1298
1285
1300
1281
1256
1238
1230
1234
1258
1299
1293
1314
1319
1290
1286
1263
1216
1213
1202
1225
1258
1285
1316
1326
1338
1278
1282
1236
1211
1198
1207
1241
1285
1308
1308
1314
1291
1252
1214
1187
1173
1215
1208
1263
1294
1310
1315
1296
1277
1229
1224
1195
1243
1248
1265
1298
1321
1324
1312
1306
1277
1248
1232
1229
1236
1260
1285
1319
1324
1303
1308
1282
1263
1221
1239
1245
1242
1255
1258
1287
1285
1284
1273
1259
1257
1262
1266
1265
1252
1258
1260
1261
1296
1290
1279
1272
1280
1256
1274
1266
1256
1242
1239
1248
1266
1280
1289
1299
1300
1293
1270
1265
1229
1234
1232
1240
1254
1272
1296
1302
1331
1279
1285
1261
1239
1212
1194
1216
1232
1262
1286
1306
1304
1306
1257
1240
1179
1200
1208
1239
1261
1305
1308
1315
1301
1256
1266
1249
1230
1249
1254
1266
1280
1265
1291
1271
1260
1219
1246
1254
1229
1271
1283
1278
1278
1270
1265
1238
1219
1208
1251
1258
1279
1295
1326
1303
1293
1273
1248
1235
1228
1228
1249
1280
1286
1312
1310
1275
1277
1243
1221
1206
1230
1214
1245
1276
1285
1295
1294
1323
1283
1276
1263
1253
1270
1253
1257
1237
1263
1250
1285
1285
1297
1293
1289
1269
1254
1230
1241
1263
1241
1247
1261
1277
1292
1305
1303
1295
1277
1257
1237
1220
1213
1217
1254
1263
1307
1322
1320
1294
1268
1224
1216
1202
1190
1209
1230
1261
1292
1304
1305
1290
1273
1232
1213
1215
1212
1213
1259
1228
1278
1286
1299
1280
1292
1242
1248
1242
1241
1241
1249
1270
1279
1295
1290
1271
1295
1274
1269
1279
1280
1266
1261
1256
1250
1245
1245
1250
1265
1276
1309
1308
1290
1262
1243
1228
1212
1220
1245
1261
1290
1310
1311
1303
1281
1252
1241
1237
1231
1232
1227
1267
1290
1284
1308
1302
1281
1264
1239
1253
1235
1242
1262
1272
1301
1294
1312
1311
1284
1279
1260
1227
1234
1223
1261
1264
1281
1285
1285
1285
1274
1243
1253
1235
1231
1251
1257
1240
1262
1269
1266
1261
1248
1250
1244
1240
1255
1252
1259
1242
1268
1271
1287
1303
1277
1268
1263
1252
1241
1253
1253
1260
1274
1269
1276
1257
1255
1256
1253
1256
1259
1263
1272
1266
1282
1289
1295
1304
1284
1284
1272
1268
1264
1262
1265
1266
1269
1279
1286
1264
1271
1260
1246
1242
1235
1242
1254
1262
1278
1280
1271
1268
1254
1264
1248
1256
1260
1280
1289
1291
1283
1269
1263
1231
1243
1245
1257
1270
1303
1271
1277
1263
1266
1255
1266
1270
1258
1260
1263
1271
1276
1284
1288
1244
1286
1255
1250
1239
1237
1253
1262
1277
1281
1294
1277
1256
1250
1242
1245
1290
1259
1284
1291
1298
1302
1293
1278
1217
1242
1232
1235
1256
1242
1260
1270
1286
1295
1285
1280
1264
1265
1249
1253
1255
1254
1274
1276
1290
1283
1290
1279
1267
1265
1233
1249
1254
1254
1270
1280
1278
1276
1236
1245
1230
1232
1240
1249
1253
1261
1259
1260
1253
1243
1243
1242
1237
1285
1255
1275
1295
1280
1284
1281
1288
1262
1254
1245
1242
1261
1289
1297
1322
1307
1312
1283
1272
1267
1254
1251
1270
1272
1277
1301
1304
1298
1292
1279
1274
1303
1267
1268
1273
1282
1295
1277
1269
1258
1235
1254
1272
1277
1288
1285
1273
1299
1243
1229
1208
1223
1236
1257
1276
1293
1297
1301
1285
1277
1272
1245
1238
1232
1251
1252
1273
1280
1295
1268
1272
1283
1240
1228
1208
1237
1251
1270
1287
1302
1290
1280
1256
1252
1272
1259
1271
1257
1281
1276
1256
1254
1262
1246
1245
1260
1270
1293
1295
1289
1286
1259
1244
1225
1217
1239
1238
1271
1311
1314
1318
1302
1332
1251
1226
1190
1221
1232
1263
1294
1314
1322
1315
1288
1255
1223
1209
1206
1222
1261
1288
1330
1356
1328
1302
1257
1225
1198
1204
1220
1271
1306
1334
1357
1323
1288
1249
1211
1194
1201
1229
1259
1306
1336
1337
1329
1321
1272
1238
1212
1206
1221
1250
1280
1312
1323
1316
1296
1263
1233
1232
1199
1216
1244
1281
1312
1323
1320
1288
1265
1263
1221
1220
1229
1273
1302
1324
1315
1321
1280
1251
1229
1211
1223
1248
1276
1302
1308
1314
1294
1262
1239
1209
1207
1224
1246
1279
1299
1312
1304
1298
1275
1251
1223
1219
1223
1255
1277
1299
1305
1310
1312
1273
1243
1214
1209
1208
1239
1301
1301
1311
1303
1286
1249
1225
1202
1223
1236
1273
1301
1331
1330
1325
1294
1273
1253
1249
1252
1265
1285
1296
1317
1308
1311
1293
1275
1259
1241
1247
1251
1263
1272
1282
1286
1282
1273
1263
1251
1241
1245
1250
1259
1260
1266
1267
1272
1289
1272
1269
1265
1272
1293
1283
1272
1285
1282
1282
1267
1266
1274
1277
1283
1288
1278
1285
1271
1251
1244
1234
1242
1276
1278
1288
1288
1284
1301
1262
1252
1247
1244
1246
1265
1276
1284
1287
1273
1274
1254
1256
1253
1249
1262
1255
1282
1310
1299
1296
1287
1270
1248
1240
1244
1249
1258
1275
1298
1303
1304
1294
1285
1257
1241
1239
1243
1248
1265
1280
1287
1301
1288
1280
1266
1253
1243
1249
1260
1261
1265
1265
1276
1273
1269
1274
1264
1271
1275
1295
1283
1277
1280
1275
1278
1279
1276
1274
1268
1275
1275
1277
1282
1274
1266
1243
1254
1252
1253
1259
1264
1264
1281
1268
1260
1249
1255
1257
1255
1268
1274
1279
1266
1294
1271
1264
1267
1267
1266
1254
1285
1294
1297
1298
1282
1274
1258
1237
1242
1249
1252
1255
1276
1288
1299
1298
1288
1273
1251
1241
1239
1235
1240
1257
1268
1282
1297
1298
1295
1269
1257
1247
1235
1227
1244
1246
1265
1271
1284
1289
1247
1274
1263
1261
1257
1270
1261
1269
1282
1286
1288
1293
1279
1278
1275
1280
1276
1287
1290
1287
1300
1292
1273
1282
1264
1263
1254
1260
1278
1290
1285
1289
1286
1270
1248
1213
1218
1227
1230
1258
1275
1278
1309
1294
1297
1268
1257
1244
1210
1234
1240
1257
1288
1300
1306
1308
1301
1291
1248
1242
1228
1236
1250
1279
1292
1322
1309
1290
1279
1243
1254
1248
1245
1259
1251
1287
1289
1296
1275
1263
1255
1243
1252
1260
1263
1274
1279
1289
1277
1273
1263
1244
1247
1239
1269
1270
1257
1291
1290
1287
1286
1288
1266
1264
1265
1260
1259
1276
1267
1273
1267
1268
1263
1248
1271
1268
1283
1258
1300
1279
1249
1259
1249
1269
1264
1314
1293
1297
1300
1281
1262
1260
1241
1243
1250
1266
1273
1282
1298
1281
1278
1271
1263
1259
1259
1271
1279
1295
1300
1303
1291
1273
1273
1260
1249
1271
1274
1293
1290
1308
1299
1284
1270
1231
1225
1206
1260
1253
1275
1303
1311
1305
1293
1264
1227
1205
1195
1228
1218
1270
1292
1318
1347
1317
1289
1260
1241
1218
1234
1239
1278
1306
1322
1331
1342
1302
1289
1271
1257
1257
1251
1268
1282
1304
1298
1300
1316
1280
1248
1237
1242
1235
1266
1268
1315
1305
1290
1271
1251
1228
1226
1236
1242
1267
1301
1304
1312
1311
1283
1270
1295
1250
1251
1261
1278
1275
1296
1288
1295
1288
1280
1273
1253
1259
1264
1266
1261
1269
1278
1276
1276
1283
1287
1281
1313
1278
1271
1269
1266
1258
1271
1257
1265
1270
1273
1275
1269
1279
1279
1279
1270
1262
1269
1259
1261
1280
1279
1294
1321
1281
1267
1255
1245
1241
1223
1265
1307
1305
1301
1293
1280
1279
1248
1262
1268
1269
1280
1280
1287
1296
1255
1263
1307
1269
1266
1261
1259
1255
1265
1272
1278
1283
1283
1316
1283
1280
1265
1271
1265
1259
1262
1268
1279
1279
1280
1273
1320
1284
1287
1278
1269
1263
1271
1271
1272
1279
1279
1311
1284
1287
1279
1278
1257
1253
1254
1250
1260
1283
1282
1284
1321
1271
1261
1243
1240
1234
1253
1272
1275
1310
1283
1294
1259
1247
1241
1254
1255
1264
1278
1280
1279
1282
1265
1273
1292
1260
1258
1258
1265
1266
1272
1283
1280
1280
1274
1282
1273
1273
1274
1288
1297
1288
1286
1283
1277
1269
1262
1267
1291
1277
1284
1287
1285
1271
1271
1271
1255
1235
1260
1279
1290
1303
1299
1301
1275
1256
1243
1241
1241
1264
1280
1289
1315
1304
1282
1262
1244
1225
1233
1259
1265
1271
1306
1317
1315
1307
1277
1261
1231
1222
1229
1240
1269
1311
1320
1332
1339
1305
1277
1234
1216
1228
1234
1303
1290
1316
1330
1316
1283
1270
1242
1237
1232
1240
1266
1265
1296
1310
1297
1284
1268
1248
1218
1232
1247
1247
1273
1334
1298
1299
1291
1276
1260
1245
1238
1246
1252
1268
1291
1294
1316
1287
1286
1267
1257
1252
1254
1262
1277
1268
1298
1336
1294
1282
1268
1257
1254
1263
1270
1279
1283
1288
1286
1288
1275
1270
1269
1270
1289
1285
1288
1288
1287
1269
1278
1287
1269
1260
1264
1265
1249
1274
1283
1289
1284
1286
1279
1266
1263
1255
1255
1253
1252
1277
1281
1279
1274
1250
1264
1274
1266
1274
1278
1276
1268
1273
1270
1265
1258
1262
1268
1273
1275
1279
1270
1257
1223
1248
1245
1246
1257
1278
1284
1304
1298
1294
1285
1269
1254
1255
1252
1248
1260
1274
1283
1295
1307
1299
1279
1268
1221
1246
1247
1261
1273
1283
1306
1326
1317
1287
1276
1261
1240
1240
1250
1257
1284
1301
1304
1297
1274
1262
1239
1235
1196
1242
1264
1284
1299
1298
1309
1326
1292
1275
1260
1250
1234
1238
1252
1267
1278
1285
1303
1294
1283
1258
1241
1233
1188
1242
1259
1261
1280
1281
1290
1297
1262
1264
1252
1246
1246
1268
1275
1276
1286
1303
1293
1276
1268
1264
1253
1253
1207
1257
1268
1271
1276
1275
1281
1293
1264
1273
1255
1258
1252
1274
1272
1275
1282
1280
1265
1262
1263
1241
1239
1253
1208
1248
1281
1279
1281
1266
1274
1270
1258
1258
1259
1265
1268
1276
1284
1277
1281
1273
1273
1284
1263
1266
1263
1278
1237
1275
1297
1287
1286
1260
1302
1258
1255
1263
1264
1274
1280
1284
1282
1251
1255
1254
1267
1248
1254
1269
1266
1284
1241
1279
1279
1270
1273
1260
1266
1265
1270
1270
1249
1288
1273
1275
1285
1245
1289
1276
1277
1277
1271
1267
1266
1266
1246
1289
1292
1288
1273
1279
1279
1272
1270
1258
1261
1266
1265
1273
1287
1221
1301
1280
1278
1261
1252
1235
1242
1252
1247
1281
1294
1288
1280
1260
1249
1239
1234
1246
1253
1270
1284
1296
1296
1224
1250
1254
1250
1250
1249
1251
1268
1283
1275
1284
1279
1267
1258
1244
1249
1246
1258
1271
1273
1283
1280
1277
1295
1203
1249
1244
1253
1255
1266
1280
1287
1284
1275
1267
1257
1243
1248
1246
1269
1286
1304
1309
1290
1288
1276
1261
1254
1202
1256
1276
1281
1323
1295
1296
1284
1279
1278
1269
1270
1264
1268
1266
1275
1252
1282
1279
1270
1266
1266
1257
1257
1208
1258
1262
1271
1273
1268
1271
1263
1266
1267
1274
1274
1301
1287
1303
1285
1266
1272
1269
1262
1273
1277
1283
1289
1252
1284
1275
1276
1271
1265
1277
1286
1281
1298
1287
1274
1265
1264
1258
1267
1259
1279
1274
1271
1267
1267
1273
1269
1257
1275
1279
1286
1281
1271
1273
1291
1266
1286
1269
1259
1259
1256
1250
1278
1252
1263
1268
1255
1271
1261
1259
1257
1248
1256
1264
1278
1279
1272
1285
1272
1269
1304
1272
1273
1275
1280
1264
1269
1260
1268
1269
1255
1277
1279
1278
1273
1280
1263
1257
1261
1263
1276
1271
1281
1287
1327
1287
1274
1235
1259
1233
1252
1250
1287
1275
1276
1281
1273
1267
1261
1240
1247
1244
1248
1254
1238
1273
1275
1278
1319
1281
1271
1265
1262
1249
1271
1255
1284
1285
1290
1289
1283
1269
1274
1247
1268
1281
1273
1280
1280
1287
1275
1272
1321
1281
1283
1277
1276
1270
1264
1264
1272
1270
1269
1271
1267
1267
1265
1225
1247
1247
1246
1245
1250
1258
1252
1257
1309
1258
1250
1270
1256
1239
1249
1250
1253
1238
1250
1263
1261
1272
1274
1263
1262
1244
1257
1256
1250
1253
1260
1270
1321
1282
1280
1270
1265
1248
1257
1258
1269
1275
1282
1284
1281
1282
1285
1272
1245
1283
1282
1285
1281
1311
1275
1274
1312
1278
1279
1276
1278
1263
1267
1265
1268
1257
1263
1265
1267
1267
1264
1248
1262
1264
1258
1258
1257
1258
1249
1250
1281
1262
1265
1271
1275
1268
1286
1274
1261
1252
1255
1254
1261
1265
1270
1259
1274
1268
1263
1269
1254
1259
1256
1268
1301
1283
1281
1276
1270
1245
1259
1272
1266
1269
1274
1292
1254
1277
1274
1253
1260
1268
1257
1253
1252
1257
1261
1262
1298
1262
1264
1255
1230
1235
1253
1268
1266
1271
1278
1270
1256
1260
1257
1233
1254
1266
1271
1281
1287
1292
1274
1277
1271
1269
1271
1275
1282
1272
1292
1300
1284
1277
1262
1269
1263
1270
1266
1245
1273
1273
1274
1276
1267
1271
1265
1260
1263
1262
1260
1255
1262
1263
1269
1285
1272
1267
1266
1263
1258
1256
1236
1217
1254
1258
1258
1264
1266
1274
1246
1269
1245
1266
1267
1276
1251
1247
1261
1277
1271
1276
1306
1280
1270
1264
1254
1222
1235
1260
1270
1280
1306
1281
1268
1266
1230
1254
1258
1260
1265
1268
1278
1289
1292
1278
1270
1271
1264
1284
1262
1241
1268
1269
1272
1277
1274
1270
1260
1266
1227
1273
1262
1267
1270
1272
1285
1288
1276
1269
1261
1258
1276
1271
1278
1273
1284
1284
1279
1274
1267
1268
1260
1277
1247
1293
1290
1289
1285
1275
1276
1269
1267
1274
1268
1283
1277
1282
1280
1269
1260
1259
1248
1251
1244
1248
1246
1261
1253
1279
1280
1269
1262
1250
1245
1244
1250
1257
1262
1287
1277
1279
1281
1276
1281
1262
1265
1271
1270
1275
1269
1280
1244
1280
1279
1272
1265
1267
1276
1278
1273
1272
1271
1272
1270
1271
1275
1272
1276
1262
1263
1260
1251
1253
1262
1270
1242
1276
1283
1262
1259
1255
1257
1256
1263
1266
1265
1264
1262
1265
1239
1256
1262
1260
1268
1272
1264
1254
1256
1263
1240
1267
1270
1259
1255
1247
1246
1249
1257
1270
1273
1282
1292
1274
1274
1250
1248
1245
1250
1249
1261
1270
1270
1271
1248
1265
1271
1247
1252
1234
1247
1234
1264
1271
1275
1278
1264
1269
1266
1235
1248
1251
1254
1270
1270
1283
1275
1278
1256
1263
1253
1244
1246
1245
1264
1232
1284
1279
1277
1273
1270
1263
1264
1242
1266
1296
1270
1278
1276
1276
1261
1269
1268
1265
1269
1262
1260
1249
1262
1254
1270
1271
1264
1260
1261
1250
1250
1223
1249
1254
1267
1269
1261
1268
1263
1252
1258
1244
1257
1266
1263
1256
1262
1254
1257
1250
1256
1267
1263
1270
1274
1264
1270
1262
1264
1262
1260
1258
1274
1264
1272
1262
1264
1274
1262
1258
1267
1262
1266
1270
1250
1264
1263
1265
1273
1257
1266
1265
1269
1266
1255
1261
1257
1261
1280
1265
1264
1239
1259
1251
1254
1250
1258
1266
1262
1250
1253
1259
1262
1260
1272
1279
1284
1284
1268
1279
1263
1264
1282
1268
1276
1279
1292
1286
1286
1278
1283
1286
1261
1260
1254
1271
1269
1260
1272
1272
1277
1267
1251
1251
1241
1241
1276
1265
1272
1277
1279
1268
1254
1249
1246
1236
1238
1249
1258
1276
1291
1276
1283
1281
1267
1248
1242
1260
1250
1282
1308
1293
1295
1281
1306
1262
1256
1248
1258
1262
1260
1262
1267
1277
1281
1264
1272
1291
1267
1260
1252
1279
1249
1259
1296
1267
1268
1264
1258
1248
1244
1244
1249
1226
1248
1266
1268
1262
1264
1249
1254
1255
1263
1264
1269
1275
1266
1270
1301
1268
1260
1268
1248
1263
1272
1294
1268
1268
1273
1270
1262
1277
1294
1266
1271
1274
1267
1237
1261
1267
1260
1269
1329
1273
1269
1260
1261
1253
1258
1262
1265
1262
1266
1271
1262
1267
1266
1254
1259
1272
1255
1256
1243
1255
1251
1255
1292
1265
1270
1266
1265
1264
1263
1264
1269
1265
1268
1266
1257
1258
1252
1240
1251
1266
1272
1269
1269
1266
1251
1254
1276
1257
1259
1267
1275
1281
1283
1286
1278
1288
1261
1258
1238
1267
1270
1257
1276
1283
1279
1276
1267
1265
1257
1258
1277
1259
1248
1265
1266
1248
1271
1275
1268
1260
1253
1252
1247
1257
1264
1265
1270
1282
1265
1262
1250
1249
1249
1258
1281
1274
1275
1274
1269
1250
1248
1255
1250
1257
1267
1284
1283
1288
1278
1267
1262
1260
1257
1257
1254
1269
1252
1285
1291
1283
1282
1278
1251
1249
1259
1269
1272
1276
1287
1289
1275
1265
1257
1228
1237
1237
1250
1260
1283
1283
1273
1275
1266
1258
1249
1242
1247
1257
1275
1291
1272
1285
1274
1262
1250
1262
1248
1246
1270
1276
1279
1278
1271
1265
1242
1245
1235
1250
1261
1258
1272
1274
1275
1288
1273
1265
1253
1246
1243
1277
1263
1268
1290
1293
1274
1274
1257
1245
1235
1242
1246
1275
1288
1289
1309
1279
1283
1266
1243
1240
1246
1264
1267
1280
1289
1277
1271
1265
1273
1252
1250
1255
1257
1268
1262
1280
1288
1272
1264
1259
1277
1271
1268
1276
1280
1285
1280
1277
1274
1252
1254
1259
1240
1266
1276
1287
1285
1271
1260
1270
1261
1247
1250
1255
1271
1283
1292
1300
1282
1253
1253
1239
1236
1224
1258
1266
1280
1292
1291
1285
1259
1253
1224
1239
1248
1254
1267
1279
1297
1301
1291
1272
1262
1224
1248
1250
1258
1256
1278
1285
1289
1289
1266
1252
1238
1243
1230
1259
1280
1283
1275
1286
1274
1260
1252
1266
1242
1259
1266
1281
1297
1281
1277
1266
1253
1237
1239
1241
1251
1269
1257
1286
1285
1270
1259
1246
1244
1253
1269
1265
1273
1287
1290
1283
1278
1265
1262
1258
1263
1274
1284
1261
1298
1300
1300
1291
1293
1260
1252
1250
1261
1279
1292
1302
1301
1293
1276
1256
1193
1234
1243
1259
1279
1302
1291
1290
1266
1253
1224
1237
1237
1237
1251
1266
1277
1281
1288
1277
1262
1251
1258
1239
1249
1251
1270
1287
1292
1293
1285
1260
1255
1252
1204
1252
1261
1272
1293
1301
1299
1295
1290
1267
1252
1254
1252
1259
1274
1280
1288
1291
1287
1273
1264
1254
1238
1252
1235
1271
1273
1277
1277
1272
1270
1268
1266
1264
1258
1273
1275
1278
1285
1276
1275
1277
1280
1278
1274
1281
1270
1269
1255
1281
1278
1279
1274
1268
1275
1274
1280
1279
1284
1286
1278
1272
1271
1254
1262
1273
1282
1284
1270
1292
1277
1273
1250
1271
1264
1262
1274
1275
1288
1281
1283
1273
1263
1259
1251
1241
1257
1258
1274
1271
1279
1278
1271
1272
1255
1268
1250
1269
1275
1284
1290
1288
1306
1298
1280
1261
1252
1256
1250
1263
1283
1281
1287
1290
1312
1269
1251
1245
1238
1246
1247
1278
1293
1295
1286
1276
1258
1252
1251
1246
1256
1262
1272
1261
1298
1285
1285
1280
1250
1261
1256
1263
1254
1273
1269
1292
1288
1279
1299
1267
1248
1251
1259
1264
1265
1279
1286
1289
1289
1274
1276
1264
1241
1260
1267
1280
1277
1296
1283
1283
1271
1265
1269
1258
1264
1268
1277
1271
1276
1276
1264
1260
1276
1257
1251
1271
1276
1279
1262
1269
1264
1255
1271
1274
1275
1267
1269
1272
1277
1270
1281
1280
1283
1284
1271
1274
1277
1270
1259
1282
1288
1287
1279
1296
1259
1266
1280
1279
1291
1286
1293
1285
1286
1281
1281
1265
1274
1276
1277
1279
1288
1276
1283
1278
1274
1277
1264
1268
1247
1260
1268
1262
1254
1272
1270
1270
1265
1261
1272
1260
1264
1264
1269
1278
1307
1283
1282
1285
1277
1271
1264
1268
1256
1276
1296
1296
1296
1290
1310
1280
1273
1283
1271
1271
1275
1281
1281
1287
1292
1286
1264
1282
1277
1268
1260
1265
1252
1271
1319
1283
1288
1282
1276
1260
1258
1256
1261
1267
1282
1288
1260
1294
1281
1267
1260
1256
1256
1265
1268
1271
1265
1281
1308
1282
1279
1271
1270
1260
1265
1265
1276
1278
1282
1285
1276
1285
1276
1263
1262
1273
1240
1268
1274
1284
1278
1287
1301
1274
1261
1257
1259
1260
1263
1268
1277
1275
1278
1264
1251
1251
1253
1239
1277
1266
1265
1271
1263
1266
1248
1263
1287
1271
1276
1299
1280
1275
1284
1279
1287
1259
1267
1268
1267
1275
1276
1248
1288
1291
1291
1292
1280
1274
1255
1263
1281
1264
1281
1282
1291
1285
1280
1273
1251
1263
1261
1268
1269
1286
1286
1273
1280
1273
1275
1273
1262
1263
1253
1269
1289
1258
1271
1265
1264
1285
1264
1268
1264
1262
1263
1240
1252
1258
1264
1256
1265
1268
1277
1272
1264
1267
1256
1262
1292
1261
1284
1277
1300
1280
1298
1280
1279
1279
1273
1269
1269
1270
1267
1277
1275
1279
1263
1273
1261
1241
1242
1245
1281
1271
1285
1287
1291
1273
1270
1265
1255
1244
1249
1256
1266
1270
1277
1268
1262
1263
1263
1264
1254
1260
1257
1268
1285
1274
1280
1272
1266
1269
1269
1266
1260
1255
1265
1245
1270
1272
1276
1261
1259
1253
1256
1254
1253
1244
1264
1278
1298
1286
1284
1273
1258
1262
1267
1276
1277
1309
1290
1286
1279
1272
1262
1260
1265
1267
1271
1274
1274
1280
1263
1270
1280
1272
1266
1265
1264
1260
1261
1276
1269
1265
1272
1275
1267
1258
1260
1251
1259
1258
1274
1280
1280
1284
1274
1291
1277
1268
1282
1275
1279
1280
1289
1293
1285
1274
1272
1273
1270
1273
1254
1277
1263
1271
1265
1261
1263
1267
1259
1268
1270
1266
1266
1256
1256
1262
1268
1256
1277
1271
1273
1272
1265
1269
1269
1265
1265
1271
1264
1263
1260
1272
1261
1273
1284
1298
1282
1265
1259
1250
1249
1238
1261
1264
1278
1272
1281
1268
1265
1254
1252
1260
1240
1262
1265
1265
1257
1268
1272
1270
1268
1265
1261
1257
1254
1260
1263
1265
1264
1296
1278
1277
1276
1269
1260
1243
1258
1260
1261
1276
1274
1282
1267
1280
1268
1258
1257
1256
1262
1267
1268
1267
1268
1272
1266
1262
1275
1268
1267
1266
1271
1273
1281
1279
1273
1282
1269
1287
1276
1260
1263
1258
1264
1272
1283
1280
1279
1277
1280
1262
1251
1244
1250
1256
1269
1280
1280
1284
1269
1291
1242
1292
1268
1266
1272
1269
1263
1282
1272
1268
1267
1268
1258
1257
1270
1254
1254
1258
1288
1275
1275
1280
1262
1268
1240
1266
1265
1267
1272
1278
1274
1285
1281
1272
1269
1264
1266
1275
1284
1282
1281
1281
1285
1267
1265
1268
1256
1270
1258
1274
1294
1268
1263
1259
1258
1267
1265
1275
1272
1298
1271
1269
1268
1261
1260
1262
1275
1277
1275
1273
1268
1286
1264
1280
1289
1277
1302
1266
1266
1271
1275
1278
1283
1285
1271
1268
1273
1255
1240
1266
1252
1276
1281
1282
1267
1263
1242
1257
1256
1262
1274
1277
1282
1285
1282
1264
1267
1260
1256
1269
1275
1271
1277
1291
1273
1267
1267
1262
1252
1259
1249
1265
1268
1269
1274
1263
1273
1284
1273
1262
1259
1262
1257
1269
1281
1284
1295
1314
1291
1275
1263
1261
1248
1261
1258
1281
1288
1283
1270
1272
1272
1263
1261
1257
1265
1274
1254
1273
1277
1265
1267
1303
1261
1269
1267
1269
1257
1270
1259
1273
1278
1281
1278
1277
1275
1268
1269
1260
1269
1265
1246
1268
1271
1259
1266
1303
1272
1267
1297
1279
1259
1272
1261
1268
1267
1270
1272
1275
1281
1279
1282
1272
1295
1262
1256
1246
1267
1267
1272
1308
1270
1259
1257
1252
1236
1273
1261
1270
1275
1275
1274
1259
1267
1259
1260
1259
1264
1269
1271
1248
1275
1249
1277
1312
1279
1274
1293
1263
1260
1264
1266
1280
1279
1280
1280
1270
1266
1255
1260
1272
1257
1265
1272
1274
1282
1256
1262
1299
1266
1263
1264
1271
1261
1255
1270
1276
1275
1275
1280
1279
1286
1274
1279
1270
1266
1267
1269
1300
1279
1275
1285
1316
1285
1274
1272
1269
1261
1274
1281
1264
1273
1269
1267
1262
1260
1267
1261
1262
1258
1262
1252
1252
1258
1255
1264
1293
1261
1269
1259
1255
1246
1251
1264
1253
1273
1277
1276
1274
1274
1267
1274
1261
1267
1270
1270
1274
1278
1268
1270
1286
1268
1274
1268
1271
1259
1266
1271
1261
1275
1259
1277
1276
1297
1266
1274
1264
1263
1270
1272
1277
1277
1273
1278
1283
1227
1260
1254
1257
1251
1264
1277
1265
1284
1262
1253
1253
1256
1253
1262
1250
1257
1258
1264
1262
1270
1269
1281
1278
1275
1275
1281
1270
1258
1271
1291
1280
1285
1281
1255
1261
1263
1260
1266
1280
1275
1276
1280
1253
1269
1263
1261
1267
1269
1274
1268
1267
1259
1266
1278
1270
1275
1271
1273
1269
1264
1254
1265
1260
1262
1291
1275
1270
1261
1264
1263
1257
1263
1273
1266
1275
1270
1280
1302
1279
1306
1271
1276
1274
1279
1286
1282
1275
1271
1275
1266
1270
1246
1270
1269
1254
1267
1269
1257
1263
1253
1265
1285
1275
1276
1269
1266
1259
1265
1278
1269
1273
1273
1271
1268
1268
1258
1253
1254
1224
1261
1265
1260
1262
1257
1256
1302
1263
1259
1253
1258
1261
1258
1265
1270
1268
1267
