1182
1633
1625
1588
1411
1352
1339
1303
1307
1270
1317
1311
1375
1260
1246
1267
1257
1282
1266
1284
1261
1290
1259
1280
1284
1269
1286
1239
1290
1296
1322
1336
1321
1339
1277
1371
1355
1360
1388
1356
1366
1386
1378
1392
1350
1417
1380
1406
1343
1350
1182
1347
1426
1332
1321
1311
1310
1279
1225
1312
1267
1261
1293
1257
1273
1214
1327
1302
1310
1298
1355
1303
1295
1301
1347
1380
1400
1373
1430
1404
1404
1405
1370
1457
1403
1407
1419
1379
1392
1479
1419
1377
1388
1384
1318
1330
1317
1329
1346
1357
1327
1362
1240
1326
1305
1317
1304
1344
1312
1305
1345
1334
1355
1394
1390
1351
1370
1403
1365
1381
1458
1435
1379
1353
1367
1372
1338
1342
1325
1347
1296
1343
1296
1321
1300
1279
1257
1203
1326
1245
1253
1301
1282
1287
1331
1346
1287
1324
1320
1317
1346
1282
1339
1351
1324
1377
1327
1366
1375
1386
1362
1421
1407
1401
1384
1434
1418
1437
1489
1463
1423
1440
1436
1414
1435
1529
1454
1388
1399
1358
1327
1290
1302
1258
1265
1284
1259
1300
1278
1340
1352
1416
1475
1482
1485
1463
1461
1420
1424
1480
1407
1386
1350
1356
1297
1217
1161
1108
994
981
987
1020
1031
1061
1053
1067
1120
1120
1201
1296
1394
1499
1580
1721
1724
1675
1676
1647
1607
1589
1593
1534
1441
1365
1327
1280
1230
1221
1221
1155
1116
1133
1081
1109
1127
1176
1223
1357
1378
1463
1511
1610
1636
1809
1743
1745
1698
1671
1616
1534
1471
1342
1372
1407
1403
1402
1351
1353
1312
1281
1271
1254
1297
1308
1252
1304
1302
1222
1151
1172
1159
1172
1149
1128
1087
969
1007
994
990
1058
1121
1174
1315
1237
1323
1398
1402
1441
1441
1467
1496
1523
1590
1541
1551
1581
1562
1551
1502
1494
1352
1269
1226
1185
1173
1220
1237
1319
1360
1424
1430
1407
1420
1526
1344
1432
1448
1441
1428
1404
1424
1450
1355
1377
1330
1269
1217
1196
1165
1141
1117
1231
1247
1347
1398
1443
1477
1592
1549
1566
1612
1635
1654
1661
1646
1576
1542
1485
1395
1338
1292
1302
1287
1202
1198
1220
1230
1215
1255
1294
1321
1360
1417
1342
1285
1269
1208
1220
1285
1128
1207
1205
1171
1101
1160
1182
1203
1174
1268
1350
1371
1357
1406
1400
1422
1539
1612
1585
1641
1645
1610
1560
1632
1486
1485
1520
1510
1529
1489
1506
1460
1403
1458
1425
1398
1412
1358
1351
1299
1179
1273
1256
1276
1241
1222
1185
1149
1118
1136
1142
1169
1205
1251
1305
1291
1325
1340
1332
1270
1283
1340
1355
1296
1428
1351
1316
1298
1266
1261
1253
1207
1340
1279
1245
1207
1161
1170
1215
1225
1333
1451
1477
1516
1472
1493
1491
1500
1548
1542
1522
1531
1432
1359
1270
1205
1314
1280
1316
1369
1399
1397
1389
1368
1380
1468
1490
1482
1526
1533
1521
1436
1426
1350
1318
1398
1410
1398
1382
1357
1357
1342
1331
1364
1394
1416
1391
1426
1371
1393
1383
1341
1364
1276
1419
1355
1314
1291
1253
1222
1180
1207
1156
1224
1212
1179
1172
1188
1206
1226
1263
1355
1371
1421
1440
1431
1413
1483
1438
1418
1442
1451
1384
1361
1297
1314
1237
1240
1282
1273
1334
1326
1264
1269
1286
1269
1333
1352
1447
1463
1451
1399
1349
1335
1314
1329
1292
1331
1372
1224
1244
1232
1226
1193
1248
1308
1370
1359
1370
1366
1274
1353
1370
1400
1429
1481
1489
1449
1408
1381
1344
1330
1453
1329
1372
1403
1404
1351
1342
1347
1318
1393
1407
1423
1346
1324
1283
1207
1205
1194
1211
1201
1273
1232
1231
1199
1217
1226
1188
1277
1347
1379
1402
1258
1424
1341
1387
1434
1445
1524
1546
1517
1435
1386
1327
1290
1347
1333
1368
1381
1288
1328
1258
1267
1262
1288
1322
1346
1297
1319
1286
1265
1259
1291
1333
1394
1435
1454
1463
1406
1375
1397
1421
1455
1491
1570
1546
1550
1508
1443
1423
1473
1405
1379
1382
1327
1276
1201
1149
1133
1138
1175
1236
1202
1160
1211
1157
1162
1178
1219
1289
1390
1422
1418
1388
1382
1356
1303
1362
1426
1437
1480
1509
1455
1369
1337
1351
1391
1433
1508
1512
1512
1455
1431
1387
1427
1481
1528
1542
1531
1484
1401
1381
1324
1302
1353
1395
1453
1418
1378
1332
1262
1245
1273
1298
1370
1396
1399
1305
1342
1296
1265
1386
1320
1365
1415
1413
1366
1294
1289
1227
1271
1321
1349
1379
1335
1301
1142
1213
1196
1248
1315
1385
1434
1497
1369
1337
1289
1278
1275
1329
1390
1389
1368
1368
1307
1264
1274
1303
1322
1378
1356
1367
1307
1237
1203
1194
1257
1409
1372
1412
1384
1354
1330
1306
1340
1386
1444
1543
1517
1493
1449
1387
1327
1359
1443
1491
1480
1448
1383
1319
1260
1228
1234
1295
1364
1407
1406
1342
1302
1254
1164
1315
1349
1423
1435
1418
1333
1275
1214
1220
1245
1300
1383
1414
1399
1234
1354
1239
1255
1297
1335
1426
1434
1395
1381
1228
1271
1283
1339
1393
1414
1475
1456
1383
1313
1266
1272
1320
1380
1428
1461
1407
1331
1246
1225
1216
1279
1275
1411
1417
1409
1300
1324
1295
1291
1409
1486
1558
1536
1485
1448
1319
1307
1409
1482
1440
1461
1429
1333
1284
1244
1208
1228
1348
1437
1485
1433
1415
1266
1216
1212
1265
1317
1377
1422
1360
1324
1302
1183
1157
1193
1267
1316
1353
1328
1258
1185
1127
1127
1237
1206
1331
1321
1275
1225
1156
1113
1120
1199
1249
1360
1360
1375
1346
1265
1260
1259
1376
1464
1539
1600
1560
1462
1397
1361
1435
1442
1644
1556
1571
1532
1414
1319
1290
1344
1381
1446
1543
1509
1429
1301
1239
1253
1309
1431
1514
1541
1523
1464
1402
1290
1325
1304
1441
1496
1513
1493
1347
1236
1182
1195
1246
1308
1388
1394
1376
1330
1243
1150
1201
1235
1349
1349
1437
1379
1363
1230
1179
1220
1249
1355
1432
1470
1387
1372
1243
1206
1237
1286
1391
1473
1469
1413
1307
1199
1156
1166
1318
1286
1379
1405
1368
1309
1181
1161
1213
1333
1393
1566
1563
1493
1388
1285
1285
1343
1401
1492
1545
1538
1479
1355
1281
1193
1273
1396
1465
1474
1492
1411
1254
1202
1176
1292
1390
1490
1527
1485
1397
1187
1225
1251
1279
1390
1446
1470
1442
1330
1192
1148
1162
1217
1362
1445
1421
1393
1242
1206
1143
1180
1288
1392
1484
1419
1442
1350
1202
1175
1221
1233
1404
1439
1379
1392
1292
1214
1197
1278
1368
1494
1557
1641
1502
1388
1278
1254
1318
1364
1500
1598
1572
1491
1346
1237
1240
1335
1316
1602
1542
1518
1392
1232
1141
1172
1186
1327
1418
1469
1425
1329
1186
1212
1180
1197
1282
1451
1486
1463
1366
1258
1182
1219
1317
1362
1500
1599
1513
1422
1278
1222
1256
1308
1436
1500
1534
1422
1352
1177
1169
1215
1270
1430
1470
1488
1386
1272
1131
1077
1106
1235
1386
1474
1473
1369
1276
1147
1119
1153
1265
1505
1553
1485
1430
1339
1219
1160
1306
1376
1542
1598
1563
1441
1367
1284
1228
1357
1442
1708
1642
1595
1463
1382
1294
1247
1311
1398
1555
1577
1500
1369
1266
1139
1094
1240
1327
1632
1516
1438
1317
1213
1185
1208
1262
1348
1663
1557
1450
1350
1209
1238
1191
1298
1384
1597
1536
1420
1309
1140
1158
1134
1271
1271
1509
1371
1294
1191
1029
983
1127
1188
1248
1539
1461
1338
1253
1122
1095
1190
1346
1318
1683
1555
1417
1336
1207
1153
1307
1441
1411
1760
1608
1466
1387
1267
1189
1399
1471
1425
1725
1548
1395
1287
1185
1121
1295
1372
1347
1602
1434
1316
1197
1131
1088
1229
1270
1251
1562
1391
1288
1149
1156
1169
1356
1378
1333
1602
1441
1289
1132
1201
1219
1329
1399
1320
1640
1467
1339
1132
1257
1250
1348
1409
1312
1574
1385
1270
1107
1185
1139
1279
1321
1239
1506
1343
1233
1079
1191
1183
1326
1362
1522
1531
1366
1270
1140
1273
1268
1442
1465
1687
1620
1454
1359
1231
1281
1377
1490
1485
1737
1614
1430
1318
1187
1224
1345
1385
1371
1619
1479
1300
1230
1132
1158
1282
1362
1351
1619
1456
1280
1202
1126
1113
1336
1354
1338
1616
1448
1291
1197
1146
1150
1297
1340
1294
1584
1389
1222
1128
1149
1133
1323
1332
1283
1581
1404
1258
1169
1211
1259
1399
1424
1322
1635
1434
1297
1158
1266
1290
1422
1451
1339
1635
1443
1320
1194
1322
1324
1462
1510
1371
1622
1432
1306
1164
1308
1300
1438
1383
1285
1525
1324
1208
1112
1261
1297
1369
1384
1207
1491
1302
1215
1105
1283
1290
1452
1371
1237
1493
1305
1224
1131
1297
1302
1383
1367
1366
1434
1248
1184
1119
1328
1377
1430
1341
1506
1444
1280
1246
1192
1401
1411
1502
1370
1558
1459
1268
1242
1188
1288
1407
1428
1358
1585
1435
1282
1234
1233
1274
1390
1461
1316
1579
1398
1244
1177
1236
1241
1410
1428
1231
1525
1329
1191
1103
1184
1201
1354
1357
1197
1484
1277
1134
1048
1192
1253
1363
1390
1268
1520
1332
1231
1145
1325
1343
1526
1466
1309
1582
1395
1310
1209
1391
1460
1547
1523
1324
1596
1381
1296
1208
1404
1396
1536
1433
1301
1532
1338
1230
1211
1402
1436
1523
1409
1375
1455
1242
1211
1142
1323
1382
1427
1339
1447
1375
1191
1147
1098
1155
1284
1407
1273
1476
1328
1187
1135
1116
1175
1377
1417
1307
1554
1369
1221
1174
1216
1256
1389
1416
1329
1578
1359
1200
1133
1206
1268
1378
1444
1354
1593
1364
1227
832
1445
1286
1460
1429
1292
1563
1377
1194
819
1386
1315
1422
1481
1395
1548
1336
1220
1221
1492
1373
1486
1500
1518
1587
1350
899
1231
1429
1345
1504
1501
1761
1550
1327
929
1262
1194
1390
1472
1482
1741
1445
1270
781
1129
1339
1310
1432
1357
1645
1393
1173
690
1215
1129
1251
1343
1295
1561
1325
1108
611
1205
1109
1280
1404
1375
1607
1384
1205
764
1379
1281
1455
1529
1888
1754
1512
1328
887
1504
1301
1506
1571
1855
1720
1443
901
863
1448
1235
1401
1466
1773
1575
1316
859
780
1402
1217
1383
1440
1753
1536
1290
699
782
1412
1264
1417
1497
1820
1590
1351
794
873
1532
1313
1536
1551
1847
1597
1341
799
892
1553
1352
1501
1592
1789
1529
1249
710
1102
1222
1268
1456
1384
1696
1428
1178
665
1090
1432
1285
1467
1842
1725
1463
1244
792
1298
1212
1461
1603
1743
1801
1521
899
784
1408
1301
1456
1544
1924
1729
1437
901
773
1331
1205
1416
1502
1876
1649
1343
717
684
1333
1184
1327
1428
1769
1533
1261
635
629
1271
1113
1362
1475
1802
1574
1302
692
776
1436
1269
1470
1746
1906
1680
1390
813
894
1553
1356
1576
1945
1918
1632
1330
788
826
1542
1342
1583
2011
1917
1659
966
858
1267
1600
1416
1609
2013
1842
1558
868
745
1133
1372
1309
1454
1801
1650
1357
639
563
1003
1315
1112
1269
1636
1529
1254
635
624
1206
1085
1312
1461
1809
1664
1381
772
761
1338
1223
1404
1634
1938
1729
1442
829
837
1459
1236
1463
1548
1894
1687
1419
816
853
1438
1279
1470
1919
1848
1602
1321
701
782
1386
1238
1383
1844
1783
1543
1307
765
816
1523
1327
1487
1943
1856
1593
940
777
882
1575
1375
1553
1733
1820
1549
978
787
1173
1378
1239
1416
1763
1658
1394
766
655
1176
1383
1265
1386
1688
1608
1331
690
666
1120
1247
1234
1377
1699
1593
1338
702
682
1286
1126
1306
1539
1767
1610
1382
772
790
1390
1214
1372
1766
1863
1673
1401
824
833
1451
1244
1434
1881
1838
1649
1398
807
812
1458
1201
1389
1845
1804
1600
948
791
871
1504
1286
1488
1648
1875
1661
1122
919
949
1527
1232
1354
1611
1718
1505
882
756
1126
1493
1195
1381
1651
1766
1525
907
845
1272
1355
1201
1307
1458
1595
1390
786
769
1307
1328
1259
1469
1711
1686
1477
880
888
1374
1306
1294
1721
1696
1639
1397
865
811
1412
1141
1251
1682
1713
1601
1428
882
920
1473
1202
1343
1756
1800
1680
1089
977
1311
1546
1236
1341
1753
1750
1607
1069
894
888
1453
1101
1196
1510
1684
1564
988
912
980
1573
1240
1336
1659
1760
1603
1028
884
1263
1478
1128
1228
1448
1627
1485
902
1082
1270
1421
1084
1137
1414
1521
1397
777
807
1357
1109
1145
1224
1546
1623
1438
938
1011
1401
1142
1108
1567
1570
1599
1458
984
1162
1578
1241
1328
1732
1851
1815
1672
1139
1128
1610
1219
1304
1710
1704
1637
1134
1024
1011
1533
1180
1249
1507
1706
1638
1217
1029
1080
1611
1209
1264
1668
1749
1663
1101
1069
1073
1569
1130
1209
1435
1627
1542
1051
972
1486
1538
1235
1301
1523
1786
1693
1172
1485
1550
1603
1246
1268
1500
1676
1520
1026
1198
1549
1232
1236
1289
1432
1662
1550
1042
1055
1490
1168
1149
1483
1494
1539
1455
952
1056
1473
1129
1161
1593
1560
1586
1117
1034
1066
1525
1121
1135
1528
1501
1496
1006
952
960
1474
1057
1042
1240
1441
1368
842
1148
746
1208
738
764
1104
1227
1194
721
1036
851
1429
1017
1121
1352
1632
1584
1064
1393
1125
1620
1193
1180
1437
1625
1570
1090
1424
1504
1583
1317
1325
1537
1772
1719
1257
1549
1574
1577
1301
1558
1519
1714
1624
1172
1170
1618
1206
1147
1441
1418
1472
1401
901
1010
1435
1040
1051
1457
1423
1483
1056
1195
1003
1495
1068
1061
1430
1435
1461
1071
1030
1084
1570
1169
1168
1446
1595
1572
1075
1521
1172
1639
1167
1156
1302
1544
1477
966
1357
1014
1467
1034
974
1137
1407
1347
867
1131
1001
1481
1077
1126
1302
1543
1510
1141
1326
1590
1599
1330
1329
1514
1718
1626
1172
1210
1532
1444
1151
1490
1295
1508
1449
1027
1064
1530
1167
1138
1274
1433
1536
1100
1411
1192
1631
1266
1286
1684
1631
1702
1272
1561
1325
1767
1422
1378
1626
1660
1694
1318
1476
1187
1669
1248
1225
1569
1541
1481
994
1399
1002
1505
1093
1048
1256
1506
1497
1049
1464
1119
1657
1254
1218
1377
1609
1547
1044
1388
1097
1592
1174
1120
1338
1468
1420
962
1128
1347
1401
1131
1150
1367
1556
1496
1055
1131
1470
1368
1177
1447
1378
1597
1552
1075
1137
1316
1373
1185
1586
1434
1518
1074
1394
1047
1487
1168
1129
1503
1423
1488
1084
1378
1085
1546
1217
1176
1547
1471
1521
1058
1502
1151
1637
1211
1209
1628
1619
1601
1115
1567
1238
1730
1295
1304
1376
1578
1508
1030
1448
1082
1598
1103
1079
1269
1467
1412
937
1380
1042
1585
1173
1211
1372
1537
1473
1016
1237
1128
1632
1134
1503
1355
1558
1515
1160
1140
1430
1431
1283
1571
1433
1644
1549
1174
1157
1459
1395
1253
1642
1404
1576
1107
1475
1097
1578
1189
1158
1459
1363
1365
901
1225
909
1403
1082
1048
1252
1423
1448
948
1458
1119
1626
1203
1208
1571
1540
1459
989
1429
1049
1581
1174
1173
1290
1529
1460
940
1420
1140
1616
1207
1288
1442
1618
1538
1062
1326
1116
1616
1200
1194
1363
1523
1419
1223
1186
1072
1586
1264
1596
1413
1577
1477
1308
1059
1336
1313
1179
1314
1317
1525
1463
1067
1134
1352
1368
1343
1720
1464
1626
1118
1499
1158
1635
1315
1276
1646
1467
1497
1058
1364
1010
1526
1204
1225
1584
1495
1481
944
1387
1045
1564
1164
1236
1584
1552
1510
1013
1436
1072
1617
1225
1241
1376
1591
1504
933
1380
1038
1532
1098
1160
1233
1382
1278
750
1061
877
1378
1022
1049
1238
1425
1307
1153
1142
1120
1624
1335
1588
1494
1655
1561
1375
1173
1524
1433
1386
1440
1599
1749
1275
1585
1266
1487
1434
1461
1827
1572
1674
1131
1459
1030
1527
1201
1197
1529
1433
1457
995
1319
937
1483
1202
1246
1523
1521
1506
981
1378
950
1453
1147
1188
1322
1482
1427
924
1371
1022
1619
1297
1330
1490
1679
1567
1047
1444
1103
1629
1240
1216
1462
1576
1466
947
1195
1024
1583
1228
1223
1418
1524
1374
1104
1100
960
1498
1211
1497
1439
1589
1464
1320
1033
1310
1309
1342
1482
1553
1704
1168
1514
1149
1374
1424
1450
1876
1590
1715
1165
1480
1063
1572
1262
1286
1615
1501
1498
1026
1309
962
1484
1217
1263
1491
1503
1472
926
1338
969
1470
1220
1197
1429
1580
1503
924
1339
1014
1517
1236
1281
1426
1580
1439
900
1308
964
1525
1201
1279
1469
1626
1512
985
1210
1048
1611
1310
1357
1529
1631
1442
1254
1144
977
1490
1231
1465
1465
1622
1491
1367
1041
1381
1341
1382
1544
1607
1732
1185
1469
1088
1167
1326
1322
1726
1481
1613
1086
1405
1015
1152
1305
1288
1646
1532
1565
991
1358
988
1487
1231
1299
1715
1603
1587
1015
1414
1026
1516
1277
1307
1523
1635
1562
993
1372
998
1605
1236
1351
1523
1664
1515
930
1317
952
1503
1157
1234
1463
1579
1445
909
1164
987
1477
1202
1279
1363
1556
1380
1202
1005
887
1400
1163
1338
1404
1569
1422
1319
1000
1213
1258
1321
1417
1541
1639
1114
1387
1010
1140
1291
1323
1763
1576
1635
1137
1416
1047
1228
1345
1390
1703
1639
1689
1094
1497
1097
1615
1361
1425
1824
1691
1630
1020
1416
1021
1514
1235
1360
1491
1621
1544
939
1329
944
1533
1156
1222
1534
1589
1464
903
1303
948
1521
1207
1263
1395
1567
1432
969
1133
933
1469
1230
1290
1528
1676
1530
1404
1198
1114
1447
1331
1458
1669
1649
1497
1358
1004
1229
1249
1265
1315
1462
1592
1036
1317
937
1116
1213
1264
1648
1444
1570
1032
1298
983
1051
1190
1261
1636
1472
1527
961
1352
976
1477
1227
1311
1732
1636
1582
1033
1446
1051
1565
1323
1435
1583
1695
1675
1147
1506
1071
1644
1313
1351
1539
1702
1572
974
1367
996
1511
1184
1252
1444
1612
1478
1035
1227
1005
1510
1281
1354
1437
1670
1512
1358
1159
1049
1489
1268
1369
1516
1596
1444
1284
911
955
1327
1154
1616
1284
1522
1022
1332
883
1091
1194
1228
1569
1387
1521
1001
1287
886
1021
1142
1251
1678
1364
1567
960
1367
939
1487
1235
1282
1732
1633
1559
1055
1429
1055
1534
1284
1379
1495
1673
1630
1081
1455
1045
1619
1287
1359
1699
1743
1632
1044
1485
1104
1665
1365
1425
1603
1729
1612
1066
1303
1082
1520
1279
1269
1491
1624
1475
1336
1037
1028
1445
1213
1369
1475
1554
1401
1298
918
1011
1390
1239
1662
1426
1594
1076
1376
977
1052
1161
1205
1588
1336
1471
984
1290
907
1012
1156
1236
1664
1503
1596
1011
1432
1048
1538
1251
1388
1795
1682
1652
1061
1470
1086
1569
1303
1336
1542
1675
1622
1018
1425
1012
1524
1217
1275
1499
1574
1460
875
1292
946
1493
1186
1255
1480
1608
1494
1030
1365
1411
1317
1200
1314
1257
1155
1535
1440
1408
1365
1418
1540
1375
1349
1247
1134
1451
1486
1526
1638
1548
1578
1499
1209
1142
1032
1001
1551
1631
1669
1544
1425
1307
992
938
964
1048
1579
1701
1703
1620
1322
1214
1093
963
1062
1201
1262
1750
1648
1507
1235
1151
1197
1127
1172
1281
1279
1599
1530
1399
1337
1192
1291
1376
1316
1301
1244
1124
1487
1423
1449
1386
1483
1549
1360
1217
1111
1005
1405
1506
1582
1641
1536
1438
1358
1094
983
1020
1056
1638
1737
1749
1549
1373
1271
1021
957
1058
1182
1695
1756
1698
1548
1236
1144
1066
994
1103
1147
1151
1588
1462
1297
1117
1060
1151
1121
1187
1240
1174
1491
1427
1348
1343
1264
1388
1477
1300
1226
1131
1032
1447
1469
1546
1532
1563
1552
1271
1180
1083
1029
1465
1600
1678
1733
1551
1467
1368
1117
1063
1103
1240
1812
1865
1777
1559
1337
1221
979
1011
1129
1238
1679
1717
1600
1454
1200
1189
1265
1208
1329
1314
1310
1649
1497
1369
1278
1224
1350
1300
1310
1267
1183
1388
1409
1375
1421
1340
1424
1440
1186
978
861
685
1180
1245
1345
1383
1258
1188
896
705
626
637
888
1417
1584
1683
1523
1429
1309
1038
1005
1085
1221
1875
2014
2029
1948
1634
1494
1262
1117
1155
1245
1296
1863
1844
1793
1543
1429
1366
1148
1091
1108
1125
1592
1656
1684
1722
1507
1478
1387
1135
1107
1030
1048
1629
1708
1747
1601
1462
1311
949
826
804
847
1393
1575
1688
1657
1360
1189
1042
728
711
762
945
1598
1694
1654
1462
1169
975
688
687
780
923
1449
1724
1732
1636
1350
1208
1132
955
966
1095
1194
1782
1777
1760
1640
1378
1306
1144
1079
1093
1221
1366
1859
1844
1766
1480
1303
1175
900
945
1037
1225
1877
2029
2009
1864
1456
1260
1091
859
977
1106
1323
1980
2033
1862
1543
1200
1009
773
808
1000
1203
1800
1970
1897
1711
1319
1126
1066
878
1093
1301
1455
1976
1930
1789
1593
1280
1186
1037
969
1072
1144
1162
1667
1620
1523
1263
1167
1108
866
939
946
1052
1623
1732
1711
1615
1319
1173
1063
821
865
979
1112
1778
1873
1820
1615
1342
1193
967
986
1133
1305
1811
2065
2061
1931
1531
1346
1210
1034
1118
1311
1468
2046
1996
1796
1529
1140
997
945
883
1065
1180
1270
1737
1593
1408
1114
941
936
872
931
1069
1183
1594
1664
1545
1404
1117
1044
1042
925
1067
1181
1290
1846
1820
1698
1514
1218
1111
1070
1031
1151
1379
1496
1976
1861
1643
1243
1045
974
908
1074
1305
1492
1938
1906
1687
1421
1048
982
1076
1106
1368
1520
1592
1953
1764
1485
1257
1018
1073
1181
1226
1405
1435
1397
1732
1566
1419
1209
1208
1304
1222
1304
1354
1369
1684
1655
1521
1429
1240
1211
1227
1063
1127
1152
1180
1637
1589
1489
1337
1086
1035
1018
928
1092
1162
1237
1681
1550
1369
1032
937
954
879
1098
1281
1382
1750
1696
1489
1298
1019
1039
1168
1199
1381
1449
1480
1821
1644
1440
1286
1093
1177
1313
1250
1331
1356
1277
1591
1433
1295
1091
1081
1172
1134
1213
1297
1269
1537
1609
1494
1397
1193
1208
1285
1231
1318
1429
1412
1731
1609
1428
1269
1030
1068
1210
1215
1327
1397
1335
1657
1469
1274
1140
1064
1222
1340
1397
1540
1451
1335
1590
1390
1300
1112
1188
1373
1332
1399
1358
1197
1464
1376
1274
1248
1146
1254
1357
1261
1269
1190
1115
1458
1371
1336
1324
1200
1299
1387
1265
1324
1269
1254
1632
1589
1459
1314
1246
1326
1312
1383
1423
1435
1383
1664
1505
1383
1199
1246
1376
1312
1337
1309
1231
1466
1357
1255
1214
1115
1240
1340
1234
1226
1149
983
1340
1276
1287
1338
1286
1407
1461
1288
1235
1129
1058
1497
1501
1503
1456
1381
1405
1333
1209
1195
1163
1124
1580
1509
1429
1215
1201
1232
1148
1216
1254
1223
1548
1534
1419
1343
1173
1259
1365
1295
1342
1371
1277
1590
1494
1404
1372
1260
1371
1469
1335
1356
1247
1211
1562
1498
1485
1461
1364
1449
1486
1312
1302
1228
1185
1630
1582
1486
1359
1274
1302
1192
1190
1141
1184
1274
1530
1423
1314
1074
1075
1132
1021
1127
1149
1176
1475
1415
1297
1237
1100
1184
1339
1312
1339
1316
1259
1593
1468
1431
1427
1335
1443
1531
1410
1343
1250
1127
1507
1417
1398
1404
1286
1344
1394
1204
1203
1099
1061
1425
1345
1293
1184
1134
1202
1256
1117
1188
1156
1166
1416
1310
1256
1129
1183
1330
1332
1352
1395
1283
1464
1462
1351
1330
1244
1379
1509
1468
1502
1395
1206
1461
1399
1368
1403
1337
1456
1534
1327
1305
1170
1035
1364
1327
1338
1378
1281
1345
1373
1171
1121
1117
1028
1404
1353
1335
1353
1238
1322
1398
1266
1221
1226
1056
1402
1321
1306
1325
1283
1410
1527
1321
1284
1151
967
1296
1209
1336
1419
1420
1534
1525
1308
1201
997
968
1327
1363
1470
1510
1526
1564
1366
1230
1096
1002
1250
1381
1431
1510
1418
1455
1478
1313
1212
1087
1058
1386
1392
1394
1443
1337
1385
1449
1287
1261
1150
995
1326
1259
1324
1403
1341
1465
1532
1325
1191
1045
902
1259
1282
1365
1493
1450
1514
1519
1223
1086
995
930
1337
1342
1501
1570
1451
1468
1401
1187
1166
1054
1066
1460
1507
1541
1583
1422
1451
1462
1213
1193
1098
1078
1454
1471
1503
1556
1472
1554
1582
1364
1216
1097
1017
1386
1427
1525
1633
1554
1597
1547
1236
1057
955
871
1205
1380
1482
1584
1449
1427
1290
1021
877
848
976
1238
1419
1504
1565
1430
1409
1311
1076
1039
977
1132
1362
1479
1538
1599
1476
1477
1377
1157
1080
1063
1301
1358
1494
1576
1634
1497
1470
1304
1100
952
911
1206
1298
1425
1508
1549
1370
1303
1099
949
908
892
1307
1331
1481
1551
1565
1397
1348
1275
1151
1146
1146
1515
1528
1666
1687
1695
1529
1504
1364
1311
1231
1214
1526
1490
1573
1581
1621
1464
1442
1257
1128
1038
967
1330
1301
1442
1519
1550
1379
1334
1140
1038
899
932
1251
1409
1467
1514
1518
1338
1299
1167
1073
1008
1074
1350
1446
1555
1580
1569
1425
1426
1347
1241
1176
1132
1415
1454
1466
1528
1543
1407
1421
1291
1146
1122
1060
1132
1317
1421
1488
1537
1418
1419
1310
1181
1113
1090
1159
1356
1476
1566
1619
1508
1489
1429
1191
1166
1137
1221
1377
1534
1614
1667
1577
1551
1500
1263
1178
1042
1144
1283
1444
1529
1603
1582
1494
1418
1114
996
847
952
1126
1311
1482
1593
1622
1469
1377
1031
962
838
970
1208
1448
1632
1737
1739
1536
1411
1086
984
874
1169
1216
1448
1610
1654
1688
1476
1383
1088
943
905
1034
1189
1421
1662
1747
1750
1522
1401
1104
956
865
1055
1192
1452
1688
1801
1806
1560
1393
1087
944
888
1144
1274
1550
1802
1918
1879
1583
1404
1096
955
884
1248
1389
1535
1768
1854
1791
1520
1302
1156
903
930
1028
1302
1607
1824
1873
1787
1625
1300
1136
878
881
1064
1228
1570
1733
1800
1725
1530
1176
1021
788
828
960
1258
1546
1785
1860
1724
1495
1117
955
758
863
1025
1300
1570
1769
1642
1642
1376
1049
900
715
862
967
1274
1494
1716
1741
1615
1410
1148
987
886
936
1187
1440
1687
1854
1864
1731
1484
1334
1071
1100
1130
1281
1498
1740
1873
1828
1670
1434
1174
1001
1062
1135
1328
1526
1716
1785
1714
1509
1282
1093
982
1065
1032
1322
1487
1537
1555
1502
1347
1197
1093
1057
1152
1165
1320
1432
1472
1615
1480
1343
1241
1160
1152
1146
1240
1347
1361
1492
1450
1372
1289
1187
1108
1091
1145
1286
1350
1417
1430
1327
1214
1134
1058
1084
1183
1253
1405
1445
1519
1461
1212
1213
1163
1172
1260
1431
1526
1627
1722
1662
1467
1365
1241
1253
1245
1355
1524
1621
1618
1566
1461
1305
1143
1060
1006
1105
1194
1334
1424
1452
1481
1377
1246
1132
1019
1007
1074
1212
1358
1555
1596
1608
1501
1326
1138
1065
1102
1102
1290
1558
1687
1719
1650
1483
1215
1060
962
1024
1163
1383
1651
1780
1790
1671
1503
1259
1104
1048
1055
1220
1314
1613
1683
1703
1580
1427
1222
1039
894
1013
1079
1309
1462
1613
1634
1548
1322
1172
996
859
906
1022
1261
1590
1643
1685
1611
1429
1198
1017
934
959
1125
1362
1600
1739
1733
1653
1473
1264
1090
1026
1069
1225
1372
1516
1606
1526
1572
1400
1257
1138
1066
1053
1152
1263
1400
1465
1539
1505
1383
1261
1119
991
910
1024
1087
1181
1341
1395
1399
1278
1272
1106
1000
986
1053
1183
1347
1380
1572
1570
1505
1411
1356
1293
1265
1252
1337
1413
1472
1493
1497
1472
1411
1345
1367
1256
1219
1217
1229
1260
1347
1460
1439
1420
1394
1314
1204
1113
1164
1135
1315
1302
1425
1415
1430
1369
1344
1251
1295
1215
1245
1297
1353
1410
1447
1452
1456
1385
1398
1361
1336
1316
1320
1276
1274
1332
1431
1485
1488
1444
1379
1258
1186
1150
1173
1176
1309
1391
1482
1479
1456
1334
1234
1146
1093
1142
1189
1267
1359
1480
1485
1472
1380
1307
1211
1172
1183
1173
1187
1367
1518
1521
1540
1464
1397
1239
1177
1065
1040
1116
1211
1359
1446
1463
1421
1300
1153
1020
944
976
1186
1313
1453
1584
1610
1480
1359
1228
1171
1039
1140
1307
1446
1600
1613
1601
1492
1362
1299
1195
1166
1189
1262
1355
1607
1644
1483
1459
1360
1254
1201
1128
1114
1112
1318
1436
1501
1574
1469
1360
1298
1144
1071
1097
1201
1359
1494
1544
1505
1445
1268
1134
1022
1042
1099
1289
1382
1470
1499
1446
1288
1203
1092
1050
1009
1161
1287
1385
1476
1442
1414
1321
1151
1174
1133
1161
1194
1317
1458
1476
1580
1551
1459
1353
1255
1208
1178
1242
1346
1483
1633
1669
1634
1492
1301
1143
1139
1071
1151
1306
1445
1565
1574
1490
1294
1115
1002
959
1060
1085
1281
1419
1573
1489
1419
1320
1177
1045
1009
1052
1111
1281
1357
1503
1551
1552
1513
1469
1274
1143
1124
1179
1277
1434
1566
1652
1659
1631
1500
1337
1215
1185
1228
1301
1413
1543
1578
1574
1532
1420
1307
1197
1203
1172
1241
1295
1354
1376
1435
1350
1373
1368
1315
1295
1201
1155
1177
1153
1181
1291
1397
1455
1533
1445
1367
1149
1138
1050
1068
1121
1231
1344
1423
1455
1471
1397
1302
1189
1041
1009
996
1080
1187
1326
1445
1564
1619
1488
1346
1161
997
855
905
1080
1317
1547
1714
1825
1694
1511
1208
977
798
811
920
1246
1582
1825
1922
1843
1664
1363
1087
862
871
933
1214
1525
1782
1987
2024
1876
1533
1237
953
782
794
967
1282
1632
1893
2017
1899
1624
1226
864
593
527
714
990
1426
1799
1983
1948
1562
1254
858
587
505
655
993
1286
1817
1986
1998
1799
1446
1069
733
614
659
891
1249
1520
1827
1957
1892
1675
1355
1050
769
722
850
1145
1488
1820
2055
2164
1887
1547
1116
842
741
811
1195
1387
1677
1851
1928
1804
1498
1203
935
822
784
938
1172
1316
1591
1692
1614
1595
1335
1149
982
938
967
1060
1210
1418
1553
1600
1584
1469
1252
1069
998
895
918
1059
1243
1386
1546
1568
1541
1358
1167
1071
979
1017
1139
1234
1378
1477
1573
1503
1492
1432
1345
1302
1267
1238
1202
1263
1322
1408
1525
1584
1499
1497
1364
1225
1144
1086
1094
1167
1309
1428
1563
1521
1486
1384
1221
1133
985
1102
1177
1303
1455
1527
1589
1481
1576
1433
1301
1231
1141
1165
1186
1308
1439
1542
1607
1536
1503
1397
1199
1069
938
1053
1155
1347
1530
1635
1632
1522
1382
1167
1030
999
1028
1163
1302
1453
1575
1547
1449
1331
1200
1070
1031
1036
1068
1241
1365
1481
1549
1518
1482
1374
1287
1164
1130
1136
1181
1336
1586
1704
1693
1662
1533
1343
1148
1098
1109
1175
1296
1479
1609
1656
1621
1484
1333
1124
1120
1073
1104
1189
1282
1408
1572
1518
1471
1379
1262
1135
1037
1074
937
1085
1164
1333
1393
1467
1507
1412
1260
1084
945
924
968
1122
1279
1491
1701
1671
1547
1393
1238
1095
1048
1084
1149
1316
1468
1607
1660
1679
1577
1444
1316
1209
1192
1130
1205
1332
1459
1628
1610
1742
1621
1443
1259
1057
1033
1051
1154
1344
1518
1650
1671
1571
1429
1231
1083
1071
1029
1096
1216
1356
1443
1520
1552
1449
1334
1224
1149
1066
1094
1119
1234
1294
1402
1474
1525
1524
1429
1283
1181
1112
1109
1115
1228
1385
1459
1544
1604
1447
1352
1263
1186
1119
1177
1263
1340
1408
1407
1416
1383
1387
1344
1287
1220
1185
1183
1152
1161
1198
1234
1326
1354
1400
1396
1330
1253
1154
1178
1188
1208
1344
1431
1486
1425
1421
1402
1338
1327
1286
1381
1397
1427
1416
1380
1386
1458
1384
1399
1383
1401
1373
1315
1318
1232
1233
1265
1282
1282
1331
1321
1287
1311
1205
1251
1232
1254
1271
1248
1255
1241
1229
1224
1260
1338
1328
1408
1366
1458
1319
1261
1220
1189
1310
1422
1467
1589
1607
1568
1521
1402
1365
1266
1336
1382
1444
1497
1489
1493
1431
1394
1351
1330
1231
1192
1159
1149
1116
1235
1166
1208
1278
1243
1208
1120
1065
952
1029
1080
1162
1273
1292
1330
1338
1297
1253
1206
1254
1305
1350
1375
1418
1341
1349
1335
1392
1388
1413
1438
1355
1428
1367
1313
1271
1246
1248
1332
1430
1428
1444
1398
1420
1322
1272
1235
1268
1278
1312
1321
1324
1340
1338
1313
1370
1294
1270
1275
1247
1210
1202
1248
1211
1336
1384
1367
1391
1329
1324
1302
1301
1360
1419
1431
1398
1462
1416
1327
1163
1211
1267
1324
1372
1402
1405
1483
1274
1241
1231
1202
1273
1309
1445
1479
1456
1455
1404
1359
1316
1341
1345
1346
1437
1375
1363
1365
1381
1341
1334
1246
1240
1167
1109
1036
1041
1122
1159
1213
1307
1342
1283
1177
1118
1085
1069
985
1176
1252
1354
1367
1459
1410
1372
1315
1340
1295
1310
1307
1306
1295
1240
1313
1396
1453
1478
1494
1489
1416
1351
1286
1268
1258
1312
1344
1472
1565
1522
1501
1416
1325
1249
1153
1142
1133
1219
1277
1297
1363
1385
1423
1413
1444
1204
1185
1135
1117
1152
1341
1468
1598
1657
1667
1564
1437
1303
1202
1182
1273
1343
1490
1570
1619
1556
1458
1320
1216
1182
1092
1155
1206
1321
1370
1372
1420
1293
1215
1171
1126
1098
1109
1131
1217
1219
1272
1285
1333
1236
1184
1105
1014
1080
1095
1175
1237
1313
1374
1367
1281
1286
1254
1253
1257
1324
1373
1431
1475
1530
1486
1433
1446
1423
1456
1474
1436
1463
1485
1466
1413
1408
1399
1416
1435
1421
1389
1379
1339
1356
1288
1277
1290
1258
1321
1313
1300
1274
1254
1310
1284
1280
1315
1321
1296
1281
1322
1332
1346
1374
1413
1418
1398
1365
1330
1278
1279
1334
1372
1419
1449
1434
1420
1388
1328
1344
1267
1286
1323
1349
1406
1359
1264
1256
1177
1144
1121
1121
1196
1238
1120
1294
1319
1252
1227
1168
1154
1173
1079
1229
1264
1334
1389
1453
1493
1493
1450
1363
1281
1194
1161
1190
1232
1318
1413
1443
1505
1408
1310
1153
1055
970
1014
944
1071
1177
1281
1360
1452
1466
1402
1437
1303
1228
1221
1145
1200
1296
1482
1610
1740
1791
1770
1664
1502
1337
1289
1196
1187
1288
1422
1565
1634
1676
1569
1494
1337
1171
1076
975
1006
1024
1263
1388
1536
1650
1732
1639
1545
1401
1244
1122
1054
1107
1224
1395
1574
1606
1689
1601
1455
1279
1057
930
914
961
1083
1211
1370
1446
1493
1454
1417
1332
1196
1144
1091
1095
1142
1245
1354
1591
1505
1595
1574
1461
1373
1239
1168
1116
1176
1240
1318
1372
1402
1394
1366
1338
1338
1282
1214
1225
1248
1298
1320
1455
1359
1429
1457
1457
1459
1420
1356
1293
1215
1264
1277
1286
1336
1371
1408
1396
1358
1384
1286
1269
1262
1236
1268
1321
1252
1264
1289
1302
1276
1346
1300
1364
1327
1325
1312
1225
1270
1269
1336
1297
1343
1345
1313
1317
1290
1288
1327
1397
1360
1351
1336
1310
1243
1242
1252
1322
1341
1381
1436
1418
1398
1381
1329
1266
1226
1222
1194
1235
1302
1362
1432
1364
1598
1502
1430
1338
1192
1137
1093
1087
1250
1355
1478
1552
1622
1520
1427
1279
1227
1014
995
1075
1207
1365
1492
1572
1642
1536
1420
1291
1184
1013
994
1027
1139
1274
1406
1486
1548
1540
1473
1376
1201
1090
1025
1039
1128
1296
1446
1535
1596
1642
1601
1515
1374
1277
1217
1225
1263
1323
1454
1559
1610
1599
1586
1550
1453
1341
1298
1240
1216
1256
1198
1261
1320
1345
1323
1321
1225
1152
1069
1024
978
975
1097
1129
1176
1188
1209
1196
1147
1242
1180
1213
1247
1276
1299
1383
1400
1445
1447
1478
1426
1375
1349
1324
1335
1353
1466
1489
1530
1565
1508
1443
1313
1296
1207
1239
1280
1333
1441
1583
1474
1490
1423
1354
1252
1203
1144
1172
1334
1401
1491
1570
1561
1490
1426
1410
1231
1191
1163
1245
1276
1383
1471
1518
1562
1488
1409
1302
1206
1169
1111
1284
1338
1414
1455
1418
1353
1286
1214
1203
1103
1115
1144
1209
1237
1264
1267
1206
1254
1193
1191
1206
1238
1272
1378
1287
1366
1379
1378
1329
1359
1320
1355
1425
1377
1431
1457
1486
1472
1442
1399
1262
1306
1245
1254
1310
1313
1385
1389
1475
1368
1345
1322
1288
1212
1214
1221
1182
1249
1265
1250
1282
1265
1276
1266
1276
1249
1222
1173
1134
1103
1116
1148
1221
1235
1307
1362
1324
1338
1295
1193
1222
1202
1207
1247
1320
1384
1441
1478
1488
1500
1444
1384
1324
1284
1265
1287
1407
1451
1500
1553
1530
1480
1376
1224
1209
1190
1220
1274
1355
1430
1446
1452
1379
1388
1311
1293
1347
1366
1445
1537
1568
1526
1489
1441
1361
1304
1289
1391
1356
1385
1418
1456
1398
1360
1279
1227
1139
1120
1100
1111
1163
1194
1261
1291
1249
1226
1167
1115
1111
1099
1097
1204
1306
1375
1404
1406
1371
1326
1233
1309
1243
1284
1309
1383
1341
1303
1261
1158
1234
1214
1254
1276
1272
1271
1201
1140
1195
1164
1210
1291
1297
1400
1457
1469
1478
1407
1361
1352
1312
1304
1350
1372
1526
1598
1646
1652
1585
1469
1327
1170
1148
1130
1185
1317
1387
1521
1521
1502
1414
1240
1098
944
930
924
1088
1301
1389
1491
1509
1448
1296
1198
1082
1084
1033
1113
1209
1350
1361
1438
1422
1354
1259
1196
1147
1129
1162
1218
1335
1476
1456
1528
1516
1462
1371
1295
1228
1180
1285
1356
1436
1507
1508
1543
1501
1427
1313
1343
1293
1363
1393
1417
1450
1365
1521
1458
1451
1442
1408
1364
1337
1288
1253
1243
1240
1269
1325
1401
1416
1422
1369
1291
1166
1137
1095
1078
1129
1175
1315
1392
1470
1496
1458
1421
1309
1243
1178
1157
1179
1235
1335
1443
1510
1548
1522
1457
1341
1219
1132
1063
1078
1151
1249
1362
1453
1487
1437
1347
1257
1165
1113
1061
1157
1230
1324
1398
1420
1426
1390
1373
1333
1257
1234
1209
1219
1226
1269
1293
1326
1341
1319
1314
1309
1296
1293
1294
1329
1342
1356
1362
1313
1307
1265
1250
1292
1255
1322
1327
1348
1315
1327
1280
1242
1230
1215
1232
1275
1309
1317
1309
1295
1267
1235
1240
1227
1246
1268
1307
1312
1308
1340
1306
1304
1286
1344
1358
1377
1402
1405
1396
1382
1353
1349
1290
1332
1350
1386
1437
1453
1478
1473
1455
1377
1369
1335
1277
1279
1289
1358
1413
1448
1504
1469
1410
1349
1282
1227
1215
1243
1297
1368
1436
1468
1439
1364
1304
1226
1190
1180
1179
1222
1259
1326
1341
1339
1320
1259
1214
1190
1173
1175
1163
1243
1257
1281
1294
1293
1231
1179
1158
1158
1136
1182
1220
1276
1318
1377
1376
1367
1330
1276
1249
1234
1250
1280
1311
1355
1371
1372
1357
1308
1267
1227
1209
1218
1209
1251
1226
1242
1244
1288
1298
1304
1310
1289
1266
1242
1238
1209
1216
1261
1312
1355
1390
1414
1410
1364
1353
1308
1295
1300
1323
1325
1340
1397
1429
1444
1452
1440
1423
1409
1381
1350
1308
1343
1358
1395
1445
1478
1492
1460
1453
1389
1365
1340
1300
1297
1301
1337
1346
1343
1340
1306
1270
1254
1237
1224
1222
1230
1228
1231
1238
1235
1212
1205
1219
1198
1203
1205
1209
1173
1168
1203
1199
1215
1224
1217
1210
1204
1207
1226
1223
1260
1291
1315
1342
1346
1349
1286
1350
1381
1371
1402
1397
1403
1387
1400
1375
1392
1410
1449
1427
1436
1442
1418
1384
1385
1374
1358
1370
1366
1367
1348
1369
1389
1359
1356
1337
1311
1284
1286
1248
1237
1236
1235
1238
1261
1283
1291
1289
1285
1264
1231
1221
1202
1213
1214
1270
1284
1314
1335
1344
1310
1279
1288
1271
1271
1261
1295
1316
1352
1397
1429
1447
1465
1454
1414
1377
1334
1309
1274
1326
1357
1415
1453
1449
1424
1368
1324
1264
1220
1203
1218
1243
1290
1327
1348
1327
1330
1335
1259
1206
1206
1192
1166
1226
1275
1307
1353
1354
1347
1313
1277
1237
1196
1186
1217
1261
1329
1386
1413
1401
1375
1337
1296
1255
1249
1280
1309
1390
1455
1467
1457
1446
1394
1341
1327
1305
1284
1303
1343
1371
1396
1430
1430
1405
1372
1317
1286
1257
1256
1276
1284
1349
1414
1410
1405
1368
1319
1268
1276
1279
1257
1292
1324
1343
1357
1340
1318
1288
1286
1245
1285
1297
1271
1279
1236
1251
1249
1224
1209
1258
1262
1270
1290
1289
1212
1263
1267
1260
1252
1261
1264
1260
1283
1298
1320
1347
1333
1330
1299
1307
1274
1280
1282
1310
1328
1361
1389
1409
1357
1355
1341
1324
1330
1348
1367
1369
1378
1414
1361
1339
1319
1311
1281
1309
1342
1327
1326
1298
1270
1239
1222
1222
1187
1236
1254
1262
1287
1290
1279
1265
1280
1318
1278
1298
1294
1308
1305
1369
1414
1418
1419
1432
1401
1374
1358
1373
1332
1379
1436
1442
1442
1435
1408
1348
1310
1315
1323
1334
1363
1386
1384
1395
1373
1343
1290
1301
1293
1301
1324
1356
1338
1369
1375
1366
1351
1332
1315
1286
1291
1279
1339
1391
1413
1441
1412
1409
1375
1299
1236
1207
1192
1205
1256
1313
1344
1354
1343
1297
1252
1217
1173
1163
1197
1232
1301
1353
1347
1370
1333
1337
1312
1289
1278
1285
1296
1312
1353
1382
1373
1407
1433
1408
1381
1344
1323
1293
1304
1373
1398
1422
1416
1406
1351
1327
1285
1253
1240
1248
1264
1268
1283
1283
1254
1252
1240
1227
1216
1206
1224
1197
1199
1275
1273
1301
1346
1347
1340
1356
1348
1329
1302
1296
1300
1318
1355
1390
1403
1415
1398
1401
1379
1353
1342
1303
1315
1347
1344
1364
1375
1389
1370
1347
1400
1358
1322
1308
1295
1293
1315
1354
1362
1389
1412
1403
1372
1337
1315
1272
1287
1298
1333
1362
1356
1364
1328
1323
1312
1278
1277
1277
1280
1275
1286
1295
1273
1276
1277
1302
1251
1252
1261
1233
1244
1263
1297
1314
1312
1319
1289
1302
1290
1299
1307
1321
1339
1345
1348
1337
1307
1286
1278
1278
1289
1300
1323
1306
1318
1335
1314
1302
1301
1334
1316
1366
1386
1403
1402
1378
1388
1361
1360
1365
1352
1370
1385
1378
1395
1379
1381
1325
1321
1337
1319
1301
1291
1311
1308
1339
1360
1371
1321
1314
1295
1272
1278
1304
1321
1357
1394
1402
1387
1336
1331
1273
1283
1315
1344
1375
1388
1410
1392
1365
1345
1307
1275
1251
1284
1307
1319
1347
1355
1368
1367
1373
1365
1352
1349
1311
1322
1322
1334
1349
1359
1366
1348
1354
1359
1326
1304
1291
1285
1258
1228
1243
1198
1181
1164
1172
1172
1185
1214
1190
1214
1182
1167
1150
1118
1151
1137
1196
1256
1305
1335
1354
1350
1323
1282
1305
1280
1306
1394
1375
1431
1461
1487
1455
1465
1445
1414
1375
1352
1348
1336
1356
1379
1412
1403
1395
1371
1334
1264
1265
1242
1280
1313
1328
1371
1390
1397
1352
1348
1346
1321
1319
1335
1340
1365
1388
1409
1400
1386
1384
1370
1350
1333
1336
1308
1295
1278
1336
1323
1324
1336
1299
1307
1309
1267
1243
1223
1228
1211
1227
1232
1213
1205
1199
1176
1167
1163
1182
1158
1175
1141
1226
1194
1205
1234
1237
1313
1357
1380
1386
1382
1374
1344
1345
1357
1301
1379
1403
1414
1406
1397
1389
1351
1348
1334
1368
1328
1320
1321
1288
1313
1332
1348
1367
1360
1359
1329
1311
1303
1273
1292
1327
1350
1372
1363
1368
1336
1303
1316
1270
1275
1285
1308
1300
1323
1324
1330
1323
1300
1300
1278
1272
1271
1230
1243
1256
1259
1256
1260
1294
1271
1279
1324
1309
1267
1265
1290
1267
1312
1331
1332
1326
1314
1307
1302
1321
1323
1296
1314
1300
1274
1259
1218
1247
1235
1265
1327
1322
1326
1308
1291
1242
1236
1260
1288
1277
1311
1343
1351
1356
1348
1288
1296
1281
1277
1268
1263
1288
1292
1335
1317
1364
1373
1354
1335
1288
1286
1291
1286
1321
1351
1391
1400
1404
1389
1369
1289
1282
1271
1271
1281
1303
1293
1294
1263
1278
1253
1217
1227
1200
1234
1258
1266
1266
1259
1259
1248
1241
1255
1237
1268
1288
1315
1324
1339
1363
1339
1350
1363
1354
1342
1324
1341
1328
1374
1401
1399
1399
1376
1345
1310
1264
1249
1231
1250
1278
1283
1289
1268
1257
1209
1190
1215
1196
1180
1198
1232
1235
1270
1283
1297
1309
1317
1326
1325
1312
1306
1316
1286
1311
1333
1356
1370
1403
1407
1392
1403
1384
1370
1341
1373
1359
1393
1427
1432
1427
1432
1437
1424
1410
1402
1341
1349
1331
1325
1318
1324
1326
1306
1323
1304
1314
1277
1215
1215
1176
1200
1227
1238
1246
1265
1274
1268
1265
1271
1240
1265
1283
1300
1302
1324
1342
1330
1355
1352
1381
1368
1339
1334
1299
1304
1299
1300
1297
1296
1281
1256
1219
1195
1164
1154
1162
1179
1183
1205
1205
1167
1162
1154
1155
1164
1180
1220
1232
1266
1291
1298
1286
1291
1289
1282
1272
1293
1299
1318
1342
1366
1374
1373
1389
1351
1363
1382
1357
1351
1355
1376
1373
1424
1420
1413
1391
1380
1368
1338
1340
1351
1346
1363
1372
1382
1367
1349
1334
1299
1308
1352
1341
1341
1302
1319
1287
1287
1278
1255
1268
1268
1275
1268
1273
1274
1254
1244
1247
1237
1223
1216
1230
1212
1238
1264
1297
1305
1302
1301
1275
1271
1264
1272
1266
1276
1317
1329
1333
1332
1307
1276
1249
1242
1270
1260
1293
1284
1313
1312
1302
1307
1277
1295
1292
1314
1345
1357
1340
1361
1414
1385
1381
1386
1383
1349
1377
1357
1342
1335
1338
1317
1335
1340
1348
1342
1319
1308
1286
1281
1272
1278
1268
1269
1280
1278
1281
1292
1286
1278
1321
1279
1262
1245
1248
1246
1262
1311
1343
1366
1371
1382
1360
1341
1313
1344
1312
1335
1362
1381
1389
1392
1373
1345
1316
1300
1284
1265
1277
1253
1281
1317
1310
1302
1300
1282
1247
1235
1224
1209
1187
1196
1208
1217
1205
1240
1232
1243
1201
1263
1271
1264
1282
1274
1302
1322
1322
1332
1337
1356
1374
1394
1410
1368
1390
1383
1354
1337
1317
1339
1330
1349
1359
1387
1376
1350
1335
1288
1279
1271
1287
1284
1300
1309
1313
1320
1327
1301
1322
1322
1315
1300
1282
1295
1313
1303
1352
1367
1376
1371
1373
1333
1304
1303
1307
1292
1294
1299
1297
1306
1307
1273
1292
1288
1275
1250
1225
1218
1191
1197
1264
1257
1290
1309
1361
1330
1336
1328
1311
1293
1284
1318
1352
1396
1428
1427
1433
1409
1377
1333
1292
1282
1256
1267
1300
1309
1313
1297
1282
1263
1231
1226
1201
1181
1183
1199
1209
1225
1241
1233
1257
1247
1252
1243
1221
1228
1236
1252
1214
1320
1348
1336
1347
1316
1324
1333
1342
1345
1357
1366
1367
1360
1354
1351
1324
1323
1334
1333
1321
1328
1293
1281
1245
1263
1252
1235
1245
1229
1241
1244
1255
1250
1251
1274
1285
1272
1279
1255
1275
1271
1290
1310
1328
1368
1364
1390
1407
1404
1391
1370
1368
1345
1362
1368
1396
1382
1377
1395
1420
1384
1379
1363
1350
1334
1328
1325
1304
1321
1316
1330
1379
1354
1339
1287
1277
1238
1241
1247
1272
1286
1307
1323
1317
1312
1283
1262
1242
1240
1249
1252
1257
1282
1285
1301
1313
1326
1335
1293
1301
1279
1279
1273
1285
1292
1309
1319
1327
1315
1302
1268
1257
1245
1250
1245
1245
1263
1237
1239
1223
1247
1252
1247
1278
1276
1308
1320
1326
1308
1298
1298
1313
1299
1347
1371
1385
1395
1382
1362
1331
1316
1294
1301
1306
1330
1347
1332
1335
1314
1313
1311
1327
1326
1327
1345
1351
1342
1327
1363
1369
1391
1420
1438
1430
1439
1428
1429
1425
1429
1430
1391
1387
1372
1370
1343
1377
1375
1372
1369
1357
1319
1294
1241
1237
1240
1258
1293
1303
1319
1302
1291
1284
1239
1212
1187
1197
1230
1277
1313
1338
1371
1322
1306
1301
1272
1266
1274
1291
1309
1330
1336
1352
1354
1335
1332
1323
1305
1300
1279
1289
1296
1316
1341
1347
1341
1327
1324
1320
1305
1320
1333
1333
1341
1358
1370
1338
1339
1324
1352
1355
1401
1428
1412
1413
1394
1374
1349
1341
1330
1344
1364
1385
1383
1388
1365
1331
1308
1286
1267
1243
1242
1216
1234
1229
1252
1272
1238
1242
1230
1226
1222
1231
1224
1232
1259
1286
1288
1294
1310
1311
1354
1324
1322
1320
1334
1332
1355
1365
1395
1375
1359
1373
1380
1389
1388
1402
1373
1352
1329
1315
1288
1285
1309
1310
1349
1324
1374
1310
1302
1277
1284
1302
1317
1329
1338
1355
1353
1355
1345
1363
1357
1359
1367
1375
1369
1358
1359
1353
1330
1369
1373
1350
1353
1326
1331
1322
1337
1340
1323
1335
1311
1303
1308
1295
1291
1287
1303
1313
1293
1289
1262
1249
1206
1239
1265
1272
1296
1291
1316
1328
1321
1308
1291
1292
1293
1299
1315
1298
1333
1324
1318
1306
1270
1263
1251
1240
1253
1260
1271
1257
1269
1248
1263
1252
1283
1268
1277
1286
1288
1306
1304
1279
1291
1299
1297
1299
1291
1260
1311
1311
1367
1349
1359
1331
1363
1356
1377
1388
1412
1440
1398
1397
1385
1362
1339
1311
1348
1359
1379
1401
1380
1382
1329
1297
1292
1243
1236
1229
1228
1265
1311
1326
1317
1294
1235
1223
1209
1188
1194
1200
1253
1288
1312
1327
1304
1298
1266
1248
1241
1280
1317
1340
1356
1414
1448
1456
1453
1424
1363
1347
1348
1356
1380
1373
1404
1393
1369
1340
1286
1258
1230
1217
1189
1250
1259
1244
1228
1214
1201
1191
1188
1187
1191
1225
1257
1280
1302
1306
1311
1299
1294
1299
1281
1288
1299
1333
1348
1378
1395
1370
1358
1324
1326
1312
1314
1329
1328
1337
1345
1331
1323
1288
1305
1280
1300
1310
1307
1320
1315
1320
1319
1298
1296
1255
1260
1244
1261
1258
1265
1263
1244
1241
1236
1220
1207
1209
1222
1246
1246
1267
1261
1274
1266
1293
1320
1319
1335
1338
1378
1379
1411
1429
1438
1430
1428
1417
1428
1420
1427
1435
1433
1423
1409
1405
1349
1328
1280
1281
1250
1270
1284
1259
1252
1216
1213
1206
1183
1175
1166
1168
1196
1198
1211
1198
1200
1194
1198
1212
1205
1231
1235
1306
1279
1332
1354
1340
1349
1344
1383
1376
1391
1417
1424
1445
1454
1443
1428
1402
1393
1375
1377
1379
1358
1375
1357
1343
1299
1283
1258
1214
1202
1194
1212
1211
1238
1249
1247
1254
1253
1246
1246
1268
1296
1317
1326
1382
1381
1393
1347
1374
1381
1376
1380
1365
1377
1367
1375
1372
1369
1337
1300
1280
1248
1219
1211
1200
1206
1211
1219
1223
1178
1163
1109
1154
1150
1145
1181
1192
1226
1246
1266
1262
1269
1264
1277
1288
1322
1336
1361
1372
1388
1385
1390
1386
1358
1354
1329
1350
1358
1361
1367
1344
1347
1334
1323
1317
1315
1309
1315
1332
1339
1337
1334
1324
1309
1283
1270
1272
1245
1258
1255
1287
1285
1309
1318
1281
1276
1254
1265
1274
1293
1306
1323
1326
1346
1332
1327
1314
1322
1314
1333
1354
1346
1358
1339
1352
1316
1323
1326
1300
1304
1311
1328
1342
1353
1370
1361
1354
1342
1319
1326
1283
1281
1334
1312
1329
1324
1338
1296
1292
1271
1263
1270
1248
1249
1285
1297
1288
1310
1289
1281
1278
1284
1277
1283
1293
1296
1325
1307
1322
1285
1292
1271
1283
1289
1283
1298
1287
1285
1298
1303
1297
1305
1277
1263
1258
1247
1252
1245
1253
1262
1253
1289
1289
1259
1265
1231
1249
1264
1272
1289
1277
1290
1312
1322
1336
1349
1367
1382
1391
1411
1412
1429
1406
1408
1364
1411
1416
1382
1375
1344
1340
1334
1320
1314
1292
1271
1269
1261
1242
1175
1253
1217
1225
1247
1233
1242
1257
1260
1263
1286
1319
1311
1332
1342
1363
1361
1383
1389
1377
1366
1382
1394
1407
1376
1420
1398
1400
1401
1376
1379
1371
1362
1393
1360
1352
1308
1297
1270
1269
1258
1265
1272
1246
1240
1237
1230
1207
1187
1240
1214
1210
1220
1211
1219
1206
1247
1305
1294
1305
1296
1295
1259
1273
1302
1321
1349
1373
1401
1417
1406
1391
1351
1355
1337
1334
1352
1338
1354
1346
1335
1306
1312
1297
1262
1259
1242
1261
1280
1285
1294
1283
1291
1271
1250
1232
1227
1209
1223
1241
1274
1272
1296
1274
1276
1193
1242
1253
1239
1271
1284
1337
1366
1389
1393
1376
1366
1368
1362
1378
1385
1429
1435
1440
1450
1414
1392
1374
1376
1333
1347
1357
1336
1328
1300
1298
1270
1265
1259
1234
1233
1248
1247
1260
1255
1272
1259
1248
1238
1209
1206
1202
1238
1270
1283
1309
1305
1308
1285
1282
1265
1277
1289
1317
1354
1393
1408
1402
1384
1360
1323
1274
1307
1297
1317
1319
1344
1350
1308
1290
1236
1206
1177
1182
1181
1193
1207
1211
1220
1228
1229
1221
1220
1232
1240
1255
1303
1323
1362
1361
1390
1389
1391
1384
1341
1349
1347
1388
1421
1438
1449
1458
1416
1374
1335
1300
1280
1307
1328
1343
1382
1367
1358
1301
1287
1246
1256
1270
1251
1298
1305
1373
1361
1365
1364
1346
1332
1334
1323
1338
1349
1383
1399
1420
1438
1407
1387
1340
1313
1267
1283
1303
1300
1321
1328
1332
1294
1271
1234
1190
1168
1183
1183
1200
1212
1219
1210
1188
1175
1141
1138
1120
1154
1176
1192
1211
1203
1211
1196
1214
1217
1233
1251
1258
1278
1312
1319
1341
1344
1365
1359
1356
1378
1360
1372
1359
1390
1435
1428
1437
1410
1388
1359
1357
1333
1337
1349
1348
1352
1350
1323
1303
1262
1249
1242
1226
1274
1255
1263
1248
1248
1259
1258
1274
1264
1282
1298
1301
1296
1293
1285
1269
1254
1265
1259
1258
1260
1258
1268
1266
1293
1281
1285
1264
1278
1244
1256
1256
1242
1260
1272
1292
1291
1297
1277
1254
1251
1239
1229
1249
1259
1293
1299
1304
1309
1279
1270
1254
1318
1287
1319
1349
1350
1354
1349
1352
1355
1344
1341
1339
1352
1354
1346
1355
1345
1353
1385
1362
1358
1330
1320
1295
1301
1312
1312
1351
1333
1334
1335
1319
1290
1287
1283
1275
1280
1295
1294
1290
1282
1267
1280
1247
1255
1237
1240
1227
1240
1247
1240
1246
1233
1252
1271
1292
1302
1320
1333
1329
1333
1355
1361
1371
1386
1376
1358
1395
1410
1381
1388
1360
1398
1396
1381
1378
1349
1332
1329
1329
1325
1319
1318
1295
1291
1274
1249
1239
1228
1248
1212
1254
1278
1250
1236
1200
1214
1198
1214
1234
1245
1267
1282
1302
1307
1256
1295
1299
1286
1291
1268
1264
1256
1264
1266
1238
1280
1242
1225
1184
1215
1150
1173
1190
1199
1241
1261
1271
1249
1226
1219
1193
1193
1221
1238
1284
1319
1353
1412
1349
1368
1336
1334
1305
1337
1343
1360
1372
1368
1367
1358
1345
1319
1291
1296
1283
1280
1302
1300
1302
1303
1312
1317
1280
1283
1245
1243
1219
1275
1311
1322
1341
1321
1298
1282
1264
1247
1226
1279
1298
1313
1339
1325
1309
1281
1263
1221
1226
1270
1262
1275
1268
1288
1265
1267
1263
1243
1241
1262
1293
1281
1301
1326
1335
1346
1363
1350
1345
1342
1359
1328
1389
1416
1404
1404
1370
1368
1329
1309
1298
1280
1288
1309
1342
1341
1327
1328
1311
1289
1290
1278
1303
1311
1358
1377
1397
1417
1384
1367
1335
1360
1332
1339
1349
1339
1327
1332
1316
1293
1268
1268
1251
1235
1248
1236
1251
1267
1273
1303
1281
1311
1286
1280
1263
1280
1272
1290
1306
1315
1322
1331
1311
1300
1289
1297
1301
1312
1352
1340
1344
1322
1339
1331
1313
1332
1321
1339
1333
1360
1360
1353
1370
1334
1338
1341
1349
1364
1372
1384
1383
1383
1377
1341
1321
1281
1276
1252
1259
1257
1253
1266
1253
1262
1244
1217
1191
1154
1149
1167
1155
1168
1174
1198
1196
1190
1187
1170
1189
1196
1259
1270
1334
1374
1355
1351
1319
1317
1312
1317
1341
1357
1404
1425
1430
1424
1414
1392
1366
1354
1356
1342
1349
1353
1392
1355
1368
1373
1349
1318
1312
1323
1325
1353
1380
1406
1441
1443
1460
1467
1464
1462
1467
1485
1516
1511
1526
1492
1491
1466
1415
1384
1325
1299
1277
1311
1261
1260
1233
1202
1171
1146
1123
1102
1107
1138
1154
1191
1212
1206
1231
1214
1251
1298
1273
1311
1308
1320
1331
1340
1348
1344
1336
1316
1301
1290
1270
1253
1252
1273
1269
1267
1283
1261
1249
1229
1243
1248
1253
1272
1259
1265
1248
1245
1244
1245
1258
1270
1296
1305
1301
1292
1278
1257
1229
1239
1253
1250
1272
1278
1345
1295
1309
1311
1282
1278
1272
1290
1310
1336
1356
1396
1416
1426
1417
1402
1369
1358
1355
1357
1385
1403
1443
1443
1476
1458
1445
1417
1361
1341
1333
1345
1355
1385
1399
1382
1364
1363
1295
1263
1235
1245
1285
1261
1294
1290
1307
1289
1296
1292
1285
1268
1272
1294
1310
1336
1355
1386
1381
1377
1347
1361
1330
1322
1315
1317
1309
1318
1324
1280
1259
1213
1192
1197
1152
1146
1138
1141
1152
1153
1130
1121
1095
1072
1060
1055
1070
1092
1109
1163
1111
1181
1211
1212
1245
1246
1285
1324
1340
1356
1360
1369
1389
1401
1412
1395
1425
1423
1412
1424
1395
1382
1366
1385
1320
1341
1355
1340
1349
1347
1371
1372
1377
1374
1334
1314
1308
1312
1322
1301
1387
1407
1403
1433
1409
1383
1366
1357
1378
1388
1432
1435
1464
1458
1460
1425
1409
1385
1337
1314
1304
1296
1287
1275
1270
1246
1214
1217
1150
1137
1111
1126
1190
1176
1206
1232
1260
1243
1270
1275
1284
1269
1284
1304
1333
1346
1347
1334
1340
1320
1306
1322
1303
1317
1311
1330
1327
1306
1302
1253
1235
1212
1206
1238
1242
1248
1242
1237
1225
1198
1173
1113
1154
1133
1135
1163
1163
1190
1202
1216
1202
1244
1283
1279
1312
1330
1398
1420
1458
1492
1499
1500
1514
1508
1489
1482
1470
1454
1455
1439
1414
1393
1347
1327
1263
1255
1280
1220
1198
1164
1169
1146
1137
1145
1130
1143
1167
1211
1193
1178
1194
1211
1223
1252
1255
1275
1280
1328
1344
1355
1362
1341
1334
1317
1324
1325
1335
1348
1347
1346
1362
1353
1355
1318
1313
1286
1272
1282
1260
1266
1268
1280
1313
1287
1310
1279
1268
1254
1272
1253
1254
1272
1268
1272
1284
1300
1299
1309
1343
1360
1379
1410
1411
1423
1409
1425
1451
1456
1472
1453
1458
1436
1442
1413
1363
1365
1329
1318
1320
1335
1305
1290
1313
1284
1261
1260
1235
1223
1198
1227
1212
1233
1258
1247
1262
1249
1275
1279
1274
1269
1273
1272
1277
1280
1280
1258
1271
1255
1269
1265
1253
1262
1251
1267
1255
1285
1294
1271
1267
1262
1283
1279
1276
1305
1299
1299
1310
1296
1323
1303
1320
1330
1347
1356
1357
1350
1319
1330
1319
1331
1323
1303
1300
1292
1302
1280
1286
1287
1270
1267
1277
1278
1288
1283
1323
1331
1342
1362
1375
1341
1307
1329
1345
1322
1349
1347
1364
1342
1353
1332
1310
1304
1289
1285
1292
