1085
1506
1501
1472
1252
1246
1249
1261
1254
1209
1261
1249
1227
1230
1224
1179
1219
1250
1223
1229
1242
1242
1199
1237
1247
1287
1226
1266
1242
1199
1222
1233
1244
1193
1229
1228
1249
1214
1189
1225
1228
1292
1251
1297
1254
1236
1238
1235
1328
1264
1267
1248
1251
1256
1259
1265
1225
1249
1240
1079
1212
1259
1247
1213
1242
1211
1228
1256
1239
1234
1246
1233
1238
1249
1232
1226
1254
1247
1230
1220
1224
1295
1231
1253
1245
1231
1236
1236
1216
1242
1254
1262
1252
1322
1257
1252
1278
1264
1290
1246
1254
1253
1255
1294
1293
1250
1290
1246
1249
1254
1253
1226
1239
1260
1239
1260
1292
1206
1240
1246
1255
1187
1232
1251
1241
1227
1168
1249
1233
1211
1260
1222
1280
1249
1236
1215
1244
1212
1234
1246
1249
1257
1261
1269
1254
1271
1177
1334
1268
1273
1274
1289
1295
1255
1241
1241
1254
1232
1286
1152
1244
1234
1205
1228
1281
1218
1258
1257
1256
1220
1275
1272
1302
1280
1290
1320
1276
1277
1266
1201
1178
1218
1188
1192
1191
1188
1210
1209
1238
1359
1360
1339
1412
1395
1391
1370
1366
1327
1326
1304
1275
1286
1316
1218
1174
1104
1021
910
875
868
812
884
824
991
933
979
1012
1031
1107
1189
1281
1405
1590
1499
1550
1615
1588
1576
1547
1515
1483
1404
1361
1279
1190
1145
1137
1077
1033
1024
997
980
969
919
939
1085
1048
1130
1211
1303
1373
1472
1504
1552
1571
1618
1526
1541
1504
1439
1363
1334
1322
1279
1294
1268
1217
1229
1272
1177
1190
1207
1216
1190
1232
1256
1219
1182
1118
1146
1109
1138
1105
1099
992
1000
951
925
841
946
1016
1078
1154
1190
1244
1281
1270
1318
1334
1360
1376
1343
1399
1445
1430
1453
1421
1354
1316
1279
1209
1032
1118
1008
1037
1075
1078
1214
1233
1253
1277
1243
1324
1250
1267
1309
1265
1280
1294
1299
1219
1235
1169
1172
1242
1048
1077
1017
1022
1010
1079
1082
1123
1195
1281
1265
1356
1412
1438
1461
1489
1543
1544
1559
1546
1505
1427
1367
1353
1229
1202
1192
1157
1147
1129
1091
1105
1115
1069
1164
1160
1221
1236
1190
1185
1155
1097
1124
1111
1118
1182
1165
1096
1084
1063
1073
1101
1131
1152
1207
1281
1261
1233
1268
1277
1290
1334
1402
1418
1441
1418
1332
1335
1299
1387
1334
1378
1388
1384
1356
1374
1359
1353
1331
1414
1349
1351
1303
1256
1199
1206
1194
1192
1135
1183
1139
1141
1105
1055
1054
1079
1099
1142
1209
1274
1240
1189
1220
1213
1224
1248
1298
1267
1247
1250
1219
1106
1160
1164
1165
1176
1168
1157
1134
1071
1062
1056
1100
1148
1236
1290
1305
1344
1334
1318
1304
1355
1327
1387
1441
1409
1280
1209
1149
1114
1116
1160
1166
1116
1330
1250
1271
1289
1317
1322
1381
1438
1422
1429
1295
1265
1252
1263
1238
1262
1255
1280
1244
1213
1186
1216
1168
1212
1225
1261
1271
1276
1239
1200
1207
1211
1210
1270
1217
1241
1235
1200
1134
1095
1092
1095
1097
1137
1135
1132
1173
1158
1199
1193
1246
1317
1331
1336
1350
1370
1429
1416
1354
1385
1343
1335
1287
1243
1160
1127
1040
1119
1096
1104
1117
1112
1144
1092
1073
1105
1154
1221
1257
1343
1379
1343
1313
1295
1243
1221
1277
1266
1286
1202
1225
1195
1170
1208
1181
1239
1359
1328
1345
1221
1262
1265
1285
1314
1341
1357
1357
1321
1252
1223
1201
1156
1159
1227
1235
1255
1247
1187
1132
1198
1246
1284
1233
1303
1290
1227
1184
1135
1149
1103
1109
1151
1161
1098
1189
1007
1083
1077
1086
1135
1168
1242
1225
1230
1221
1264
1317
1308
1389
1411
1394
1398
1368
1280
1251
1286
1302
1303
1347
1338
1309
1312
1266
1222
1226
1267
1262
1251
1330
1292
1225
1181
1146
1130
1137
1223
1200
1236
1270
1255
1157
1159
1173
1236
1228
1291
1280
1299
1207
1304
1176
1227
1274
1251
1265
1242
1192
1132
1109
1057
1055
1081
1171
1164
1182
1136
1133
1056
1135
1166
1248
1203
1282
1335
1309
1264
1221
1221
1266
1294
1318
1371
1299
1307
1151
1158
1132
1202
1255
1284
1283
1311
1288
1247
1160
1256
1260
1334
1360
1371
1343
1322
1238
1219
1219
1201
1281
1339
1308
1284
1212
1194
1161
1159
1199
1187
1258
1279
1218
1226
1175
1142
1156
1229
1247
1244
1291
1283
1292
1190
1253
1228
1232
1294
1296
1300
1244
1218
1168
1142
1231
1191
1277
1320
1295
1227
1215
1194
1190
1203
1351
1223
1272
1263
1187
1148
1088
1114
1127
1230
1277
1272
1316
1198
1151
1081
1100
1143
1175
1239
1266
1262
1190
1208
1169
1136
1229
1279
1298
1329
1294
1262
1193
1150
1251
1295
1348
1413
1407
1366
1322
1244
1212
1228
1278
1304
1341
1336
1296
1194
1208
1204
1206
1245
1277
1268
1266
1226
1168
1113
1092
1073
1156
1226
1220
1250
1227
1200
1141
1172
1185
1215
1273
1281
1252
1213
1137
1054
1030
1213
1217
1289
1331
1311
1244
1202
1179
1194
1400
1254
1379
1345
1338
1260
1153
1167
1179
1242
1291
1404
1351
1349
1228
1202
1183
1216
1270
1316
1372
1362
1317
1264
1136
1179
1137
1208
1296
1294
1283
1216
1176
1131
1155
1188
1185
1279
1332
1320
1269
1229
1143
1154
1192
1244
1305
1307
1292
1226
1135
1097
1112
1116
1187
1231
1253
1265
1252
1190
1179
1176
1242
1272
1363
1345
1341
1215
1192
1161
1159
1177
1227
1333
1304
1280
1253
1216
1136
1114
1181
1337
1350
1365
1321
1259
1212
1193
1208
1201
1356
1390
1350
1329
1227
1161
1117
1167
1215
1286
1340
1315
1279
1197
1132
1120
1142
1221
1264
1315
1339
1265
1268
1143
1154
1174
1287
1336
1350
1332
1247
1236
1131
1164
1258
1194
1343
1365
1378
1298
1254
1191
1212
1243
1334
1362
1383
1312
1215
1134
1102
1116
1162
1154
1236
1325
1235
1151
1125
1071
1076
1130
1239
1301
1304
1278
1254
1140
1095
1135
1198
1268
1324
1327
1293
1246
1111
1153
1180
1217
1317
1378
1374
1298
1219
1174
1221
1184
1206
1354
1388
1371
1312
1239
1163
1169
1222
1275
1358
1362
1368
1311
1197
1167
1151
1182
1239
1363
1399
1255
1283
1161
1077
1087
1128
1238
1298
1292
1279
1171
1088
1063
1079
1157
1240
1319
1296
1278
1186
1142
1096
1134
1208
1191
1359
1343
1274
1240
1158
1153
1187
1298
1366
1406
1314
1289
1230
1136
1112
1188
1187
1362
1405
1382
1322
1212
1138
1122
1192
1224
1308
1352
1349
1271
1196
1119
1066
1168
1236
1309
1366
1338
1245
1162
1076
1101
1185
1155
1407
1372
1332
1258
1157
1139
1120
1202
1267
1335
1292
1308
1224
1095
1101
1131
1217
1230
1364
1379
1299
1229
1239
1111
1185
1255
1368
1395
1376
1301
1214
1089
978
1170
1227
1305
1365
1347
1270
1205
1105
1064
1143
1216
1443
1386
1331
1254
1215
1112
1092
1158
1257
1435
1365
1285
1270
1207
1121
1104
1161
1251
1373
1388
1334
1219
1178
1113
1026
1228
1275
1236
1437
1374
1285
1246
1180
1171
1215
1300
1432
1402
1334
1236
1166
1147
1121
1251
1253
1574
1411
1341
1247
1198
1185
1124
1237
1236
1379
1385
1269
1180
1052
1097
1084
1208
1248
1282
1366
1259
1182
1058
1079
1143
1177
1195
1409
1356
1231
1153
1036
1068
1151
1201
1188
1494
1348
1231
1177
1096
1068
1207
1281
1257
1392
1360
1239
1181
1073
1060
1251
1317
1285
1386
1387
1258
1214
1145
1127
1278
1293
1283
1524
1354
1201
1182
1126
1093
1245
1295
1206
1426
1292
1193
1119
1120
1079
1228
1321
1187
1474
1305
1196
1091
1158
1169
1265
1319
1196
1460
1284
1167
1029
1137
1102
1245
1263
1161
1392
1235
1151
1038
1176
1209
1339
1331
1191
1445
1278
1195
1080
1184
1183
1339
1309
1442
1375
1219
1142
1032
1182
1226
1267
1289
1400
1366
1227
1167
1078
1208
1257
1322
1238
1472
1357
1203
1163
1093
1167
1302
1357
1282
1490
1346
1215
1164
1109
1171
1274
1365
1285
1477
1334
1194
1153
1123
1148
1290
1333
1251
1498
1323
1184
1119
1127
1180
1296
1346
1201
1459
1293
1196
1107
1174
1200
1334
1367
1202
1442
1262
1142
1054
1129
1137
1313
1337
1188
1426
1242
1144
1054
1205
1231
1401
1421
1220
1454
1274
1184
1095
1210
1222
1376
1328
1139
1381
1210
1139
1055
1246
1245
1394
1305
1159
1368
1203
1145
1081
1272
1262
1407
1331
1157
1373
1172
1147
1108
1291
1276
1350
1329
1087
1338
1189
1188
1148
1363
1383
1429
1373
1166
1373
1214
1193
1160
1370
1323
1369
1203
1075
1252
1102
1093
1063
1299
1249
1323
1217
1317
1228
1107
1125
1145
1340
1391
1380
1211
1401
1306
1164
1185
1208
1299
1403
1397
1247
1399
1239
1110
1134
1214
1266
1348
1325
1189
1371
1206
1139
1127
1235
1320
1471
1380
1218
1411
1234
1180
1094
1278
1325
1368
1291
1088
1319
1156
1116
1068
1277
1281
1388
1341
1102
1343
1163
1128
1103
1305
1363
1425
1289
1065
1306
1155
1137
1100
1320
1351
1431
1302
1080
1295
1149
1132
1129
1341
1371
1440
1257
1085
1287
1136
1153
1148
1372
1400
1406
1299
1301
1267
1130
1151
1159
1359
1399
1365
1205
1329
1213
1084
1119
1154
1248
1396
1390
1203
1353
1193
1104
1125
1191
1295
1421
1364
1221
1382
1213
1137
1161
1226
1332
1446
1426
1190
1397
1203
1155
1073
1247
1318
1396
1361
1103
1287
1102
1045
742
1436
1319
1384
1353
1133
1377
1183
1155
889
1474
1389
1484
1411
1231
1344
1154
1117
1211
1416
1334
1447
1343
1238
1298
1126
786
1169
1362
1319
1333
1197
1447
1222
1068
799
1145
1158
1370
1388
1266
1456
1232
1080
674
1195
1278
1353
1432
1290
1492
1269
1121
761
1415
1336
1453
1485
1283
1501
1258
1126
750
1344
1217
1381
1324
1219
1382
1141
1041
739
1378
1272
1356
1367
1578
1417
1202
1126
863
1516
1377
1460
1449
1548
1400
1190
755
813
1473
1321
1392
1338
1543
1315
1098
698
689
1399
1207
1336
1259
1473
1266
1094
642
865
1554
1378
1435
1355
1610
1345
1152
732
889
1517
1368
1408
1300
1526
1259
1068
643
836
1520
1293
1363
1388
1469
1229
1075
683
1194
1358
1389
1495
1320
1537
1280
1106
730
1220
1535
1391
1400
1663
1468
1209
1069
683
1310
1199
1392
1397
1560
1436
1174
711
758
1395
1333
1438
1465
1689
1450
1202
756
741
1399
1294
1431
1397
1658
1390
1165
634
811
1489
1346
1458
1418
1637
1364
1128
600
787
1461
1315
1456
1419
1619
1352
1131
613
807
1524
1321
1481
1481
1630
1350
1096
678
823
1513
1281
1391
1664
1481
1198
993
570
776
1478
1280
1397
1676
1491
1213
690
673
1208
1634
1460
1560
1827
1600
1326
732
705
1228
1394
1385
1493
1739
1497
1216
563
707
1243
1573
1383
1392
1602
1440
1167
603
748
1393
1308
1488
1476
1666
1419
1141
529
685
1346
1258
1368
1498
1614
1363
1116
610
760
1443
1282
1396
1374
1576
1301
1033
559
774
1464
1260
1419
1756
1560
1279
1030
573
761
1502
1299
1408
1758
1557
1287
1114
716
917
1623
1426
1541
1810
1611
1325
748
710
939
1639
1410
1454
1512
1482
1192
720
618
1158
1369
1302
1345
1523
1389
1143
573
699
1308
1565
1422
1409
1629
1439
1162
624
695
1247
1401
1353
1369
1470
1319
1050
502
649
1323
1236
1364
1569
1573
1375
1136
605
758
1461
1347
1427
1708
1653
1389
1150
705
808
1526
1317
1432
1746
1587
1350
1091
639
763
1457
1225
1319
1627
1458
1219
601
604
780
1478
1259
1386
1494
1556
1307
764
725
858
1548
1244
1346
1421
1453
1221
653
721
1165
1629
1385
1415
1558
1549
1301
737
809
1338
1469
1316
1315
1447
1407
1215
683
732
1405
1460
1370
1469
1586
1431
1220
673
839
1366
1354
1335
1639
1486
1340
1083
672
761
1403
1163
1273
1599
1465
1292
1126
700
803
1488
1301
1379
1689
1594
1360
831
789
1254
1536
1262
1303
1602
1479
1272
745
701
860
1503
1206
1325
1470
1491
1323
752
848
1078
1672
1352
1376
1489
1520
1314
761
826
1300
1558
1247
1228
1363
1384
1210
681
899
1316
1527
1224
1217
1312
1355
1192
688
828
1417
1290
1301
1279
1496
1425
1221
784
922
1429
1095
1200
1514
1392
1334
1217
767
1128
1559
1308
1377
1574
1592
1467
1321
845
953
1561
1259
1257
1582
1459
1325
879
818
957
1534
1222
1229
1382
1467
1324
937
881
1072
1644
1329
1306
1452
1553
1372
883
840
1000
1529
1103
1110
1168
1284
1161
716
745
1327
1473
1191
1195
1288
1459
1301
835
1272
1405
1569
1222
1162
1251
1352
1229
756
905
1466
1224
1198
1211
1393
1429
1266
851
982
1480
1249
1213
1512
1391
1393
1303
938
1015
1536
1208
1212
1568
1419
1366
914
887
962
1505
1120
1122
1453
1383
1313
898
897
1059
1624
1261
1302
1539
1492
1384
850
1231
985
1502
1070
1084
1162
1302
1211
795
1093
1025
1603
1261
1253
1313
1511
1413
949
1350
1125
1638
1188
1185
1243
1349
1275
855
1104
1353
1504
1174
1158
1258
1409
1341
882
1299
1408
1493
1171
1453
1261
1388
1331
925
1021
1485
1159
1060
1354
1242
1256
1211
802
998
1479
1189
1150
1490
1345
1372
994
1236
1076
1606
1204
1152
1462
1396
1342
937
959
1034
1602
1224
1150
1256
1418
1350
922
1359
1043
1587
1146
1132
1096
1373
1315
870
1280
1015
1544
1068
1027
1203
1281
1214
778
1208
983
1542
1151
1081
1204
1429
1402
990
1309
1513
1517
1238
1207
1306
1390
1351
967
1073
1407
1332
1129
1252
1168
1310
1274
862
978
1514
1174
1173
1250
1389
1412
962
1249
1117
1595
1226
1162
1505
1380
1377
973
1243
1015
1517
1189
1150
1305
1344
1333
942
1177
1014
1571
1154
1188
1470
1413
1339
889
1349
1041
1551
1122
1107
1231
1400
1370
912
1410
1141
1664
1262
1214
1393
1450
1371
894
1298
983
1523
1106
1009
982
1287
1225
827
1078
1366
1326
1153
1070
1223
1395
1340
953
1036
1394
1390
1172
1355
1232
1384
1390
1005
1130
1281
1353
1207
1494
1282
1382
925
1295
1026
1506
1165
1104
1467
1348
1366
962
1321
1049
1538
1206
1093
1198
1337
1328
853
1339
1008
1510
1085
1074
1373
1358
1322
906
1382
1057
1618
1218
1180
1238
1442
1370
945
1409
1093
1594
1164
1149
1199
1380
1315
857
1232
1046
1598
1175
1192
1358
1451
1398
975
1161
1112
1656
1212
1467
1181
1399
1336
1019
1083
1367
1295
1166
1284
1170
1351
1298
967
1002
1178
1252
1141
1464
1165
1263
931
1336
1060
1541
1231
1184
1483
1345
1351
915
1293
1013
1502
1151
1148
1425
1309
1299
841
1377
1041
1600
1188
1151
1496
1417
1364
907
1374
1075
1592
1167
1145
1265
1352
1284
842
1341
1016
1589
1228
1309
1314
1465
1390
977
1246
1111
1607
1179
1190
1263
1371
1240
1120
1084
1067
1603
1224
1463
1287
1396
1340
1144
1043
1336
1211
1164
1304
1182
1312
1290
1067
1009
1292
1270
1199
1543
1178
1373
951
1362
1038
1568
1269
1227
1489
1359
1347
952
1350
1045
1568
1225
1232
1463
1383
1374
880
1385
1066
1590
1181
1174
1473
1380
1359
850
1338
1012
1542
1121
1096
1215
1362
1292
862
1344
1043
1582
1224
1162
1285
1367
1296
839
1108
1008
1559
1200
1137
1275
1408
1322
1186
1162
1112
1644
1249
1619
1313
1439
1358
1246
1038
1360
1321
1209
1364
1251
1379
937
1317
1032
1134
1246
1206
1548
1257
1380
934
1297
983
1447
1119
1113
1401
1211
1296
937
1293
1015
1519
1236
1205
1544
1411
1340
925
1377
1024
1507
1183
1148
1149
1366
1333
882
1367
1079
1615
1251
1264
1335
1490
1410
909
1399
1050
1614
1236
1198
1311
1418
1334
899
1114
1037
1552
1190
1192
1300
1403
1288
1134
1117
1025
1539
1270
1479
1318
1424
1315
1219
1008
1218
1220
1217
1225
1278
1375
891
1296
974
1205
1248
1224
1590
1283
1386
946
1291
924
1438
1164
1138
1458
1307
1313
924
1293
998
1526
1241
1249
1351
1388
1358
892
1340
968
1507
1215
1205
1287
1379
1284
881
1329
1020
1575
1215
1238
1275
1427
1336
847
1304
973
1549
1205
1213
1339
1464
1415
919
1218
1075
1602
1279
1215
1344
1434
1273
1158
1031
980
1421
1121
1424
1253
1374
1305
1240
987
1355
1219
1273
1207
1331
1444
919
1284
1004
1227
1209
1214
1527
1244
1363
967
1299
969
1064
1208
1228
1520
1354
1374
885
1352
967
1468
1189
1167
1471
1327
1302
777
1282
957
1444
1171
1187
1269
1403
1386
916
1391
1091
1624
1286
1245
1315
1447
1309
822
1297
975
1484
1144
1092
1199
1383
1280
815
1101
1029
1502
1178
1189
1314
1411
1259
1218
1070
1025
1437
1209
1272
1298
1427
1353
1286
1043
1333
1258
1237
1226
1297
1395
916
1267
896
1142
1168
1181
1496
1235
1360
930
1292
967
1094
1241
1215
1523
1301
1360
830
1309
959
1459
1181
1177
1461
1358
1342
874
1315
949
1452
1194
1196
1277
1377
1341
867
1297
991
1533
1158
1187
1412
1450
1366
887
1358
1024
1577
1235
1222
1253
1426
1303
940
1140
1010
1485
1225
1161
1321
1438
1318
1264
1114
1017
1472
1190
1453
1259
1366
1262
1204
920
1130
1160
1116
1075
1294
1355
895
1271
934
1071
1179
1194
1577
1277
1392
969
1319
948
1137
1192
1215
1427
1280
1370
871
1320
943
1505
1167
1222
1504
1353
1305
811
1276
887
1417
1106
1112
1203
1326
1303
818
1320
1006
1531
1222
1231
1300
1483
1408
925
1383
1069
1594
1209
1228
1333
1419
1341
922
1189
1033
1451
1146
1127
1261
1391
1284
1221
1117
1022
1402
1171
1261
1159
1357
1269
1214
919
1015
1367
1195
1525
1201
1359
927
1313
1010
1158
1225
1229
1568
1293
1431
1001
1329
978
1111
1167
1136
1386
1244
1310
824
1278
927
1436
1128
1196
1522
1379
1375
908
1346
977
1489
1175
1166
1306
1359
1325
853
1305
975
1513
1162
1124
1274
1406
1329
843
1344
1045
1558
1181
1227
1289
1410
1324
983
1121
1026
1460
1205
1177
1104
1397
1315
1235
1121
1038
1439
1205
1196
1362
1392
1268
1261
1050
1072
1405
1192
1542
1251
1402
925
1345
1010
1173
1162
1106
1453
1157
1305
875
1231
922
1010
1124
1153
1494
1260
1370
891
1338
944
1480
1191
1175
1511
1374
1361
909
1387
1007
1548
1235
1232
1359
1429
1417
962
1415
1079
1582
1209
1227
1319
1440
1371
878
1344
1028
1570
1180
1187
1264
1397
1311
904
1343
1432
1330
1173
1139
994
907
1317
1284
1320
1245
1323
1364
1169
1000
921
811
1269
1347
1450
1515
1381
1342
1227
1007
924
910
1003
1530
1609
1585
1366
1221
1110
921
948
977
1125
1629
1665
1572
1419
1143
1109
1126
1006
1121
1201
1152
1556
1439
1320
1127
1144
1222
1148
1181
1218
1076
1398
1314
1265
1273
1156
1252
1291
1125
998
907
836
1320
1357
1451
1392
1422
1395
1117
973
944
874
1406
1501
1572
1595
1393
1279
1144
896
928
1007
1019
1627
1628
1571
1279
1130
1067
846
939
1037
1141
1606
1597
1462
1315
1077
1082
1100
1070
1109
1102
1064
1398
1277
1184
1066
1118
1251
1201
1214
1125
1020
1344
1348
1360
1418
1346
1417
1421
1177
1024
912
921
1400
1477
1542
1450
1421
1328
1035
889
897
912
1423
1545
1575
1527
1241
1142
1061
897
911
1036
1162
1680
1565
1507
1226
1098
1080
961
1055
1128
1176
1544
1515
1370
1281
1118
1179
1283
1212
1177
1120
978
1305
1194
1172
1084
1110
1240
1151
1103
996
897
1198
1281
1332
1418
1317
1368
1310
981
819
744
757
1283
1388
1466
1438
1243
1120
832
771
742
876
1221
1608
1696
1684
1463
1357
1288
1061
1107
1272
1341
1864
1872
1790
1663
1411
1325
1172
1002
981
961
971
1428
1443
1438
1272
1248
1221
953
892
806
816
1332
1477
1601
1666
1520
1476
1249
1041
941
909
1081
1670
1808
1837
1617
1412
1197
852
750
761
902
1469
1646
1655
1505
1135
949
821
591
718
818
997
1585
1557
1421
1140
955
868
685
709
841
928
1429
1553
1516
1465
1249
1231
1176
1080
1100
1109
1150
1655
1705
1716
1679
1438
1334
1163
1019
1025
1093
1280
1801
1827
1723
1390
1164
952
682
744
881
1177
1855
1971
1891
1666
1202
962
844
722
902
1143
1428
1972
1885
1632
1183
948
856
744
873
1091
1276
1708
1761
1632
1437
1119
1053
1080
962
1082
1248
1303
1777
1747
1670
1560
1289
1201
1050
929
924
989
1039
1570
1580
1505
1242
1116
962
717
751
820
1035
1630
1754
1700
1525
1144
950
835
694
860
1099
1289
1889
1874
1699
1340
1083
988
862
1006
1185
1392
1785
1952
1793
1579
1220
1115
1109
1051
1174
1290
1391
1837
1771
1592
1382
1093
1024
1027
954
1040
1121
1227
1675
1594
1432
1127
970
894
753
806
943
1132
1564
1671
1539
1326
903
788
735
734
903
1127
1333
1854
1770
1528
1200
886
817
846
920
1147
1332
1441
1854
1644
1393
1022
921
965
903
1183
1325
1478
1839
1745
1533
1320
1040
1026
1138
1161
1330
1419
1427
1836
1702
1517
1286
1087
1080
1063
1120
1251
1296
1382
1712
1582
1418
1111
1033
1048
1013
1146
1274
1304
1710
1641
1455
1276
978
899
1030
975
1140
1223
1243
1615
1464
1281
1075
897
917
1016
1004
1086
1179
1168
1539
1390
1229
957
896
943
905
1063
1126
1224
1581
1583
1420
1240
982
981
1067
1079
1186
1338
1377
1791
1649
1416
1203
967
992
1116
1157
1280
1369
1297
1620
1389
1162
858
845
988
1058
1254
1351
1401
1524
1511
1312
1158
921
1072
1250
1291
1431
1433
1377
1617
1432
1276
1146
996
1117
1294
1232
1349
1333
1292
1615
1422
1262
1063
1018
1097
1188
1268
1273
1290
1331
1466
1248
1058
837
889
1070
1146
1296
1345
1291
1520
1338
1185
1035
896
1055
1255
1252
1359
1328
1177
1360
1185
1071
1007
988
1180
1373
1282
1361
1294
1119
1430
1309
1247
1122
1197
1369
1416
1426
1426
1329
1369
1504
1359
1247
1105
1203
1319
1298
1315
1335
1185
1456
1316
1173
1111
1000
1185
1323
1249
1331
1216
1061
1315
1172
1087
1103
1094
1267
1420
1291
1268
1114
925
1271
1205
1206
1168
1268
1389
1394
1251
1211
1111
995
1317
1325
1324
1189
1242
1288
1179
1135
1154
1087
1456
1424
1350
1307
1165
1227
1315
1252
1339
1277
1247
1573
1426
1325
1268
1170
1318
1440
1383
1399
1307
1158
1481
1348
1274
1250
1260
1414
1534
1385
1379
1231
1073
1373
1300
1278
1208
1302
1403
1363
1287
1204
1073
1236
1295
1222
1237
1148
1232
1338
1213
1207
1180
1060
1348
1255
1184
1183
1091
1226
1362
1294
1272
1234
1019
1303
1174
1131
1191
1179
1376
1528
1406
1308
1098
883
1137
1091
1166
1269
1350
1527
1581
1300
1212
954
799
1189
1231
1351
1412
1455
1517
1428
1214
1071
934
923
1336
1377
1445
1371
1413
1415
1228
1164
1068
1039
1312
1351
1388
1435
1343
1421
1482
1347
1243
1177
1019
1364
1341
1366
1450
1412
1516
1557
1362
1209
1018
903
1242
1243
1348
1469
1416
1464
1436
1173
1016
859
806
1254
1327
1420
1462
1381
1347
1296
1016
949
960
966
1411
1421
1443
1428
1287
1306
1316
1138
1091
1036
994
1355
1334
1323
1317
1291
1369
1384
1223
1185
1069
1066
1274
1336
1401
1411
1461
1530
1302
1164
1028
906
1228
1239
1373
1484
1447
1457
1421
1191
1040
932
903
1344
1385
1476
1521
1377
1346
1309
1122
1045
999
985
1373
1373
1398
1416
1284
1331
1350
1175
1095
1065
903
1303
1278
1336
1418
1371
1441
1448
1173
1084
943
818
1213
1275
1405
1552
1474
1463
1414
1117
979
853
835
1259
1445
1566
1619
1448
1393
1296
1045
979
978
1015
1453
1515
1537
1533
1345
1347
1341
1144
1133
1087
1055
1321
1399
1430
1429
1374
1420
1434
1210
1078
988
880
1182
1350
1465
1580
1482
1483
1357
1049
848
788
804
1191
1422
1548
1600
1402
1316
1177
909
853
843
1114
1382
1525
1567
1525
1308
1228
1101
980
957
980
1372
1396
1473
1447
1441
1274
1272
1194
1047
986
924
1270
1243
1347
1408
1451
1349
1346
1111
1003
895
826
1210
1252
1441
1545
1590
1417
1338
1107
915
880
930
1399
1458
1632
1662
1611
1356
1255
1071
981
974
1092
1490
1525
1588
1556
1496
1266
1252
1069
1088
1081
1039
1260
1364
1462
1499
1490
1377
1356
1183
1039
961
918
1087
1286
1438
1517
1522
1316
1228
997
792
771
861
1250
1379
1546
1559
1522
1263
1141
944
897
945
993
1290
1479
1541
1494
1394
1165
1122
1109
988
1041
1134
1327
1404
1454
1430
1408
1248
1274
1243
1057
1091
1051
1198
1321
1432
1502
1525
1371
1329
1219
993
922
952
1053
1328
1482
1536
1511
1300
1191
1112
934
891
982
1140
1403
1483
1477
1410
1228
1148
1157
1019
1044
1119
1197
1341
1374
1382
1364
1306
1237
1270
1085
1074
1057
1120
1183
1310
1422
1453
1454
1331
1300
1090
983
964
1030
1222
1370
1490
1507
1465
1260
1189
988
984
995
1124
1331
1479
1518
1510
1454
1246
1227
1061
1093
1079
1252
1297
1379
1425
1412
1400
1251
1269
1083
1082
1045
1180
1156
1269
1408
1496
1518
1378
1342
1253
1022
929
920
1159
1349
1517
1600
1560
1374
1220
1090
922
872
1012
1178
1394
1503
1536
1470
1296
1128
1088
1055
986
1006
1210
1341
1436
1487
1446
1367
1187
1161
1002
1017
983
1080
1231
1383
1506
1487
1426
1218
1150
869
882
902
1058
1283
1430
1528
1524
1420
1179
1065
854
873
953
1094
1336
1544
1604
1533
1431
1164
1101
1034
1067
1164
1322
1449
1548
1572
1507
1416
1299
1210
1227
1188
1161
1198
1349
1443
1467
1478
1421
1287
1209
1152
990
1019
1089
1177
1413
1430
1422
1343
1216
1048
1041
1018
1088
1143
1307
1402
1390
1335
1234
1142
1116
1064
998
1164
1218
1401
1368
1323
1261
1226
1205
1241
1199
1258
1225
1297
1272
1257
1259
1281
1273
1271
1298
1252
1288
1230
1251
1251
1232
1212
1219
1212
1208
1212
1186
1223
1239
1244
1244
1195
1196
1171
1162
1218
1217
1244
1291
1234
1293
1236
1174
1101
1087
1107
1215
1273
1387
1438
1368
1305
1197
1056
986
1009
1132
1249
1413
1506
1499
1433
1300
1145
1029
1012
1075
1168
1310
1437
1502
1523
1411
1308
1162
1020
954
969
1063
1239
1354
1429
1513
1430
1297
1177
1018
867
867
996
1155
1423
1558
1589
1534
1382
1181
981
818
922
1075
1292
1450
1665
1653
1549
1345
1123
925
887
888
1042
1272
1480
1542
1600
1543
1342
1131
896
879
895
1018
1204
1420
1549
1634
1550
1442
1179
973
865
832
928
1117
1359
1511
1575
1610
1411
1156
938
802
775
904
1141
1370
1541
1647
1588
1391
1153
931
798
805
899
1095
1302
1530
1517
1511
1363
1199
983
911
895
945
1142
1317
1475
1566
1601
1487
1332
1182
1026
957
987
1122
1300
1475
1527
1603
1542
1349
1167
1006
946
994
1116
1312
1457
1625
1641
1443
1325
1155
1043
983
1009
1086
1238
1342
1521
1497
1402
1302
1159
1057
997
1000
1068
1162
1280
1440
1347
1430
1341
1225
1131
1081
1066
1117
1218
1309
1368
1441
1464
1289
1288
1159
1085
1041
1105
1178
1243
1240
1344
1365
1286
1211
1163
1103
1117
1169
1217
1281
1254
1268
1270
1260
1227
1159
1175
1164
1147
1168
1310
1112
1262
1205
1211
1225
1222
1202
1171
1172
1193
1192
1339
1288
1273
1265
1271
1266
1293
1274
1290
1289
1293
1260
1270
1229
1221
1259
1280
1318
1378
1323
1323
1269
1221
1146
1184
1201
1200
1270
1315
1298
1276
1164
1227
1101
1151
1164
1218
1255
1283
1297
1280
1259
1204
1190
1160
1176
1190
1222
1244
1262
1247
1228
1232
1151
1200
1147
1142
1155
1192
1188
1210
1235
1192
1226
1254
1211
1284
1209
1229
1250
1309
1321
1292
1322
1299
1271
1293
1254
1250
1239
1289
1314
1353
1311
1256
1188
1186
1131
1202
1233
1283
1341
1329
1303
1264
1174
1127
1118
1113
1125
1192
1211
1241
1223
1250
1231
1185
1173
1144
1158
1047
1182
1247
1298
1334
1358
1354
1292
1181
1109
957
1075
1120
1162
1298
1330
1347
1277
1249
1137
1051
1024
1037
1138
1202
1319
1414
1394
1396
1304
1232
1133
1094
1034
1154
1181
1262
1327
1364
1396
1354
1263
1214
1202
1095
1087
1140
1188
1238
1365
1449
1439
1424
1325
1206
1035
1129
1100
1157
1275
1379
1460
1499
1426
1311
1186
1176
1025
1078
1139
1181
1282
1368
1440
1424
1370
1295
1170
1117
1034
1009
1066
1129
1250
1360
1440
1493
1388
1288
1215
988
932
951
1058
1147
1375
1492
1504
1434
1223
1180
981
904
938
981
1114
1247
1387
1471
1462
1443
1297
1177
1047
944
935
973
1101
1256
1425
1576
1635
1539
1370
1156
961
846
846
931
1167
1381
1599
1691
1701
1492
1253
1012
836
814
942
1130
1396
1589
1750
1784
1586
1376
1140
967
851
874
1004
1197
1378
1677
1740
1721
1571
1344
1069
810
714
755
926
1206
1445
1757
1842
1746
1473
1141
796
611
613
824
1213
1435
1729
1839
1786
1502
1210
896
684
640
741
1052
1317
1617
1793
1823
1718
1446
1114
814
791
758
815
1086
1388
1701
1901
1864
1648
1306
938
749
617
738
1053
1352
1702
1912
1943
1747
1427
1050
779
654
708
945
1250
1532
1751
1822
1734
1491
1281
988
761
754
836
1013
1238
1457
1687
1733
1660
1513
1197
959
760
710
805
1046
1341
1596
1760
1746
1578
1264
972
828
706
795
1031
1250
1511
1662
1671
1494
1397
1155
988
936
916
1007
1158
1325
1484
1585
1515
1496
1394
1167
1030
912
870
952
1134
1349
1566
1614
1674
1486
1340
1100
908
858
886
1021
1288
1497
1641
1688
1612
1355
1158
997
923
934
1040
1192
1392
1519
1559
1575
1451
1364
1177
1037
950
925
1002
1199
1367
1567
1742
1660
1471
1321
1051
875
817
914
1042
1287
1457
1620
1619
1453
1249
1018
884
854
908
1047
1214
1374
1512
1527
1476
1291
1138
1049
906
894
965
1066
1186
1353
1504
1584
1564
1404
1193
1006
931
892
936
1184
1397
1541
1669
1658
1502
1265
1069
945
911
982
1085
1310
1464
1625
1610
1541
1411
1212
1091
998
983
1136
1112
1297
1394
1509
1578
1562
1365
1198
1027
927
832
960
1101
1309
1484
1604
1616
1495
1286
1080
927
814
937
1019
1235
1396
1515
1555
1484
1353
1205
1029
963
1024
997
1119
1238
1351
1424
1487
1485
1400
1257
1137
1063
960
994
1107
1218
1433
1553
1584
1531
1444
1254
1006
922
954
1035
1187
1334
1419
1486
1466
1325
1224
1139
1161
1081
1096
1143
1183
1228
1308
1351
1483
1364
1352
1274
1167
1108
1088
1023
1103
1184
1303
1310
1466
1451
1364
1255
1166
1103
1086
1096
1150
1191
1291
1303
1388
1409
1333
1337
1244
1181
1136
1103
1058
1105
1165
1255
1363
1426
1429
1367
1254
1174
1056
1008
1034
1080
1228
1354
1469
1479
1422
1346
1274
1211
1046
1099
1114
1172
1263
1302
1377
1441
1390
1369
1301
1223
1140
1072
1083
1102
1226
1339
1433
1474
1528
1400
1272
1168
1096
1046
1119
1209
1301
1383
1421
1329
1331
1245
1195
1153
1160
1182
1197
1215
1352
1290
1273
1284
1267
1291
1305
1259
1235
1192
1153
1132
1224
1271
1333
1293
1258
1268
1222
1197
1185
1173
1201
1310
1263
1286
1284
1254
1214
1164
1183
1227
1239
1237
1278
1252
1225
1192
1168
1210
1203
1257
1296
1314
1338
1266
1238
1222
1209
1243
1267
1309
1298
1305
1269
1232
1167
1265
1236
1299
1303
1314
1306
1291
1229
1358
1220
1260
1225
1269
1272
1272
1298
1280
1262
1280
1268
1330
1242
1195
1184
1135
1158
1233
1283
1375
1384
1363
1301
1225
1148
1096
1092
1142
1210
1290
1371
1399
1345
1266
1308
1159
1123
1124
1139
1150
1239
1287
1325
1328
1362
1335
1309
1254
1227
1150
1104
1104
1144
1283
1259
1404
1430
1389
1356
1272
1131
1030
1033
1057
1208
1279
1365
1422
1372
1339
1257
1192
1137
1078
1092
1149
1107
1222
1261
1304
1342
1306
1389
1293
1231
1159
1208
1099
1155
1211
1295
1365
1411
1419
1342
1289
1209
1175
1115
1077
1229
1206
1242
1282
1269
1260
1303
1260
1255
1291
1156
1177
1146
1175
1158
1209
1279
1327
1356
1291
1384
1272
1211
1166
1103
1132
1155
1200
1262
1343
1399
1344
1368
1276
1203
1192
1154
1100
1183
1183
1221
1281
1225
1370
1331
1294
1260
1210
1134
1151
1117
1185
1295
1303
1400
1375
1424
1274
1200
1143
1160
1160
1206
1300
1370
1400
1385
1295
1260
1192
1165
1182
1198
1213
1239
1205
1296
1255
1236
1243
1217
1210
1187
1176
1195
1221
1176
1219
1260
1288
1220
1228
1207
1137
1143
1246
1242
1255
1284
1306
1260
1240
1220
1180
1170
1210
1178
1243
1241
1314
1236
1220
1198
1219
1209
1255
1288
1407
1336
1369
1284
1245
1232
1268
1259
1272
1274
1263
1345
1214
1254
1277
1248
1223
1243
1227
1188
1200
1205
1132
1209
1242
1278
1278
1284
1284
1217
1198
1218
1215
1233
1239
1254
1305
1299
1301
1282
1254
1273
1277
1304
1316
1328
1239
1227
1214
1195
1230
1319
1391
1321
1378
1323
1255
1117
1119
1093
1134
1201
1262
1318
1381
1356
1354
1305
1289
1195
1104
1128
1108
1147
1196
1253
1325
1396
1410
1479
1269
1277
1115
1040
990
1038
1174
1266
1368
1415
1494
1350
1315
1238
1154
1071
1053
1154
1200
1237
1341
1407
1393
1404
1388
1311
1232
1200
1135
1123
1156
1178
1220
1250
1402
1390
1400
1374
1294
1250
1196
1153
1146
1252
1271
1249
1295
1348
1333
1356
1338
1303
1275
1267
1212
1247
1171
1069
1124
1181
1281
1324
1390
1403
1359
1264
1209
1069
1059
1060
1125
1207
1266
1355
1364
1419
1383
1337
1282
1220
1149
1120
1136
1155
1215
1280
1399
1442
1468
1453
1382
1285
1187
1113
1085
1122
1171
1261
1335
1374
1401
1403
1372
1303
1202
1178
1146
1111
1074
1181
1109
1218
1286
1336
1381
1336
1356
1262
1163
1095
1054
1029
1099
1201
1299
1426
1491
1488
1438
1335
1175
1083
1038
951
1073
1198
1329
1426
1521
1531
1491
1392
1152
1174
977
922
1009
1120
1296
1456
1544
1578
1534
1365
1175
1065
890
925
1025
1174
1283
1418
1491
1417
1342
1131
1185
1060
1041
1094
1148
1262
1328
1363
1359
1355
1338
1231
1192
1185
1177
1226
1305
1319
1372
1350
1304
1219
1236
1234
1203
1260
1301
1373
1438
1430
1387
1259
1280
1129
1095
1110
1207
1282
1348
1416
1426
1350
1294
1191
1045
952
1058
1103
1195
1287
1329
1342
1343
1273
1165
1187
1057
1094
1104
1154
1194
1236
1272
1309
1339
1247
1348
1268
1268
1213
1208
1180
1223
1211
1236
1259
1250
1269
1301
1374
1355
1403
1339
1272
1217
1166
1081
1084
1177
1188
1324
1409
1428
1410
1340
1264
1133
1058
965
1112
1139
1228
1340
1358
1405
1383
1258
1183
1196
1118
1031
1108
1170
1226
1311
1362
1357
1318
1280
1176
1176
1134
1154
1207
1289
1313
1339
1329
1346
1297
1247
1205
1206
1244
1277
1329
1400
1278
1288
1225
1182
1227
1192
1196
1213
1267
1305
1309
1272
1200
1172
1130
1100
1159
1189
1273
1281
1294
1271
1234
1237
1220
1183
1169
1202
1272
1228
1267
1247
1259
1242
1243
1232
1229
1297
1229
1261
1294
1285
1253
1229
1221
1201
1201
1128
1116
1267
1318
1355
1307
1282
1222
1151
1128
1127
1160
1214
1286
1355
1304
1323
1277
1202
1149
1120
1133
1147
1279
1285
1277
1324
1287
1264
1148
1113
1112
1084
1189
1203
1272
1315
1342
1295
1246
1197
1113
1085
1125
1250
1266
1397
1463
1433
1384
1315
1207
1097
1061
1026
1118
1145
1376
1447
1511
1501
1435
1256
1125
1007
987
1047
1087
1288
1418
1505
1499
1468
1339
1202
1036
1017
1069
1061
1127
1244
1356
1421
1433
1366
1279
1171
1063
1007
1009
1095
1139
1243
1305
1369
1309
1284
1209
1147
1012
1175
1163
1195
1225
1248
1299
1299
1285
1291
1230
1311
1239
1268
1267
1253
1258
1259
1241
1239
1248
1258
1259
1279
1269
1270
1244
1181
1122
1075
1114
1119
1210
1173
1264
1302
1321
1258
1179
1082
1052
1045
1074
1120
1181
1294
1328
1384
1310
1271
1172
1070
1042
1030
1179
1221
1345
1379
1417
1384
1313
1195
1120
1075
1057
1159
1250
1390
1440
1465
1404
1303
1218
1131
1066
1063
1029
1261
1308
1407
1390
1360
1302
1200
1087
1025
1010
1020
1121
1214
1350
1383
1363
1316
1176
1101
1050
1004
1032
1134
1190
1246
1315
1348
1310
1256
1199
1148
1125
1203
1208
1176
1251
1333
1318
1316
1293
1250
1226
1317
1151
1211
1271
1277
1237
1219
1205
1177
1177
1191
1224
1252
1215
1315
1269
1212
1196
1187
1066
1112
1120
1154
1132
1257
1309
1292
1271
1214
1172
1124
1083
1116
1225
1135
1276
1291
1314
1249
1210
1155
1123
1134
1152
1184
1215
1264
1289
1280
1260
1187
1170
1128
1146
1161
1190
1248
1266
1296
1341
1275
1248
1201
1166
1122
1156
1215
1258
1297
1341
1343
1307
1265
1213
1128
1121
1120
1136
1171
1217
1294
1248
1288
1284
1220
1171
1167
1135
1118
1137
1142
1160
1197
1234
1248
1277
1279
1250
1193
1172
1168
1109
1128
1178
1209
1251
1318
1354
1353
1326
1257
1201
1162
1178
1155
1125
1240
1282
1333
1355
1330
1310
1240
1193
1180
1129
1137
1138
1184
1218
1275
1311
1310
1262
1203
1153
1106
1085
1102
1101
1167
1215
1252
1269
1231
1215
1181
1124
1142
1143
1163
1183
1239
1243
1274
1289
1301
1242
1216
1202
1193
1198
1228
1239
1274
1301
1299
1285
1260
1225
1160
1163
1181
1189
1235
1267
1302
1298
1301
1272
1223
1185
1166
1149
1169
1203
1228
1239
1266
1289
1259
1236
1197
1175
1147
1168
1164
1170
1203
1206
1220
1240
1265
1249
1234
1227
1197
1173
1168
1159
1176
1194
1267
1262
1300
1316
1282
1269
1219
1204
1180
1196
1213
1225
1255
1294
1293
1309
1276
1248
1214
1191
1207
1150
1193
1205
1253
1272
1302
1283
1228
1172
1123
1104
1108
1154
1200
1270
1320
1325
1305
1271
1176
1120
1107
1096
1115
1170
1239
1264
1287
1304
1294
1261
1200
1147
1109
1110
1151
1197
1252
1317
1338
1361
1346
1297
1226
1210
1136
1179
1220
1249
1294
1261
1338
1305
1289
1257
1209
1183
1190
1206
1228
1237
1272
1248
1225
1210
1169
1145
1143
1190
1155
1220
1248
1236
1238
1208
1196
1173
1165
1200
1153
1182
1222
1257
1278
1307
1321
1295
1262
1202
1143
1128
1131
1164
1246
1350
1405
1419
1413
1333
1270
1190
1132
1103
1140
1199
1259
1346
1403
1393
1372
1322
1245
1176
1124
1109
1087
1173
1254
1319
1373
1380
1341
1263
1198
1115
1062
1067
1117
1180
1271
1349
1372
1335
1287
1219
1114
1083
1056
1102
1152
1278
1348
1383
1378
1324
1227
1159
1117
1097
1138
1204
1286
1365
1422
1412
1376
1295
1224
1169
1109
1115
1131
1210
1296
1379
1428
1426
1380
1288
1198
1137
1095
1119
1174
1260
1337
1395
1411
1364
1299
1194
1128
1115
1104
1133
1182
1269
1317
1360
1352
1319
1258
1212
1176
1142
1133
1164
1211
1234
1324
1327
1331
1287
1290
1215
1180
1183
1158
1178
1229
1274
1314
1355
1367
1265
1292
1234
1186
1157
1168
1192
1221
1271
1365
1333
1346
1311
1264
1189
1146
1140
1119
1148
1180
1225
1281
1362
1363
1312
1290
1206
1120
1073
1058
1082
1130
1263
1367
1414
1447
1377
1315
1195
1130
1077
1079
1131
1206
1307
1393
1434
1418
1374
1292
1199
1138
1110
1089
1155
1205
1310
1385
1429
1447
1338
1250
1156
1117
1079
1114
1177
1275
1362
1424
1402
1358
1266
1161
1092
1070
1086
1102
1224
1265
1331
1356
1333
1264
1200
1147
1106
1111
1148
1182
1249
1320
1354
1359
1338
1303
1202
1162
1119
1117
1149
1187
1242
1283
1341
1350
1318
1279
1225
1161
1137
1144
1157
1208
1264
1326
1332
1341
1321
1279
1228
1218
1173
1187
1212
1208
1233
1244
1308
1315
1329
1314
1262
1212
1178
1136
1127
1149
1204
1255
1307
1341
1314
1290
1216
1165
1106
1120
1171
1172
1223
1269
1305
1326
1325
1279
1227
1177
1129
1099
1115
1144
1205
1239
1346
1369
1349
1319
1221
1160
1102
1089
1110
1170
1257
1316
1371
1375
1310
1265
1199
1142
1113
1135
1186
1228
1292
1301
1348
1338
1291
1283
1180
1181
1171
1177
1168
1243
1265
1301
1309
1292
1266
1250
1231
1196
1161
1192
1203
1197
1243
1226
1256
1262
1236
1220
1212
1235
1238
1254
1266
1263
1251
1246
1253
1208
1217
1233
1249
1268
1294
1267
1253
1221
1217
1182
1200
1222
1231
1251
1274
1278
1275
1274
1251
1243
1237
1238
1212
1206
1207
1212
1222
1256
1266
1261
1274
1231
1221
1200
1187
1160
1174
1191
1212
1240
1273
1296
1266
1259
1246
1228
1219
1228
1201
1231
1264
1275
1286
1290
1295
1275
1277
1266
1231
1212
1212
1210
1224
1244
1288
1277
1292
1278
1246
1219
1191
1176
1169
1218
1288
1274
1295
1292
1253
1214
1216
1199
1193
1219
1273
1252
1269
1276
1268
1242
1233
1252
1202
1218
1219
1234
1236
1262
1284
1283
1274
1243
1222
1209
1211
1215
1222
1283
1298
1328
1338
1295
1264
1223
1191
1225
1195
1242
1265
1312
1308
1321
1311
1273
1216
1184
1185
1186
1206
1251
1267
1288
1287
1307
1287
1253
1235
1189
1183
1225
1210
1237
1249
1288
1275
1304
1301
1269
1236
1225
1196
1191
1216
1241
1247
1282
1300
1292
1286
1272
1294
1212
1236
1264
1236
1241
1243
1240
1238
1264
1269
1277
1309
1287
1261
1254
1238
1217
1195
1219
1266
1253
1289
1285
1272
1245
1251
1233
1223
1227
1221
1227
1244
1268
1271
1242
1265
1255
1250
1262
1238
1245
1241
1255
1277
1273
1286
1262
1268
1249
1253
1267
1263
1256
1249
1258
1249
1237
1234
1221
1224
1252
1275
1293
1307
1323
1316
1266
1243
1212
1194
1178
1213
1225
1289
1342
1366
1349
1325
1278
1203
1166
1137
1121
1167
1232
1290
1348
1376
1375
1305
1268
1211
1149
1128
1129
1187
1215
1303
1392
1400
1406
1378
1297
1216
1149
1094
1080
1125
1191
1276
1373
1403
1387
1331
1306
1207
1142
1115
1099
1132
1204
1286
1344
1369
1402
1364
1305
1254
1184
1150
1135
1172
1184
1288
1364
1368
1382
1346
1308
1242
1203
1212
1154
1180
1234
1281
1307
1341
1331
1302
1263
1222
1163
1161
1144
1189
1222
1292
1314
1312
1306
1268
1227
1215
1201
1197
1225
1261
1282
1311
1304
1296
1279
1260
1240
1217
1210
1235
1236
1306
1304
1319
1312
1286
1258
1202
1195
1195
1208
1234
1287
1297
1315
1312
1275
1222
1187
1150
1179
1202
1230
1257
1267
1319
1302
1293
1281
1248
1211
1200
1205
1216
1204
1272
1285
1299
1311
1285
1268
1241
1223
1185
1217
1239
1238
1252
1263
1285
1285
1292
1272
1254
1247
1235
1226
1232
1221
1226
1239
1258
1276
1260
1281
1258
1251
1229
1239
1235
1208
1209
1199
1224
1256
1271
1280
1285
1280
1252
1223
1210
1194
1178
1196
1256
1237
1263
1285
1249
1234
1278
1251
1246
1233
1219
1209
1238
1253
1256
1277
1307
1296
1296
1292
1273
1243
1242
1263
1236
1247
1244
1253
1233
1283
1291
1307
1307
1327
1288
1278
1262
1225
1200
1197
1203
1217
1269
1299
1331
1320
1334
1316
1227
1215
1156
1144
1146
1194
1242
1298
1335
1340
1355
1312
1247
1202
1148
1131
1131
1184
1237
1277
1337
1351
1347
1340
1287
1224
1170
1142
1169
1179
1247
1298
1333
1380
1368
1328
1273
1239
1176
1165
1224
1217
1249
1284
1336
1310
1319
1318
1261
1230
1177
1173
1171
1205
1247
1205
1296
1317
1297
1291
1266
1255
1195
1194
1253
1229
1269
1295
1308
1293
1305
1284
1241
1230
1212
1209
1234
1268
1287
1278
1312
1302
1281
1275
1236
1233
1215
1236
1273
1266
1300
1283
1280
1260
1272
1248
1241
1240
1231
1256
1260
1265
1269
1275
1256
1246
1243
1243
1220
1244
1239
1261
1300
1292
1282
1254
1245
1227
1223
1231
1252
1261
1284
1305
1297
1290
1284
1269
1219
1220
1223
1233
1242
1279
1258
1295
1318
1309
1296
1277
1252
1232
1229
1232
1212
1252
1280
1287
1299
1299
1306
1252
1252
1236
1243
1240
1229
1233
1219
1255
1273
1265
1279
1278
1260
1250
1246
1227
1205
1213
1219
1224
1255
1269
1281
1260
1295
1262
1289
1267
1225
1215
1211
1231
1226
1256
1272
1267
1264
1273
1263
1255
1228
1256
1256
1265
1270
1243
1240
1230
1228
1223
1261
1278
1268
1286
1281
1270
1234
1250
1214
1213
1221
1227
1235
1265
1287
1296
1257
1303
1279
1240
1220
1169
1181
1196
1235
1266
1295
1318
1300
1290
1266
1203
1197
1200
1223
1217
1240
1271
1276
1270
1250
1274
1266
1242
1233
1207
1241
1240
1258
1271
1271
1263
1262
1271
1250
1237
1242
1260
1232
1232
1233
1227
1215
1246
1237
1253
1276
1282
1244
1227
1228
1205
1213
1217
1208
1231
1265
1270
1280
1272
1250
1227
1170
1205
1174
1194
1196
1253
1278
1315
1327
1297
1276
1241
1204
1188
1194
1188
1236
1277
1313
1315
1319
1275
1236
1225
1193
1187
1180
1215
1228
1259
1292
1294
1277
1250
1244
1219
1213
1222
1217
1240
1264
1269
1270
1255
1250
1205
1214
1241
1230
1227
1252
1255
1235
1247
1243
1212
1203
1214
1215
1250
1267
1294
1258
1265
1249
1206
1183
1175
1176
1184
1237
1315
1293
1287
1280
1243
1176
1192
1182
1188
1230
1256
1290
1321
1319
1294
1248
1223
1232
1177
1196
1202
1236
1272
1304
1329
1312
1299
1245
1206
1193
1188
1200
1184
1272
1284
1304
1297
1274
1252
1209
1175
1218
1197
1225
1231
1267
1261
1272
1275
1251
1220
1199
1202
1203
1218
1248
1233
1259
1272
1270
1247
1230
1235
1213
1217
1259
1249
1256
1250
1257
1223
1238
1258
1240
1236
1245
1238
1231
1236
1237
1213
1208
1227
1223
1230
1234
1254
1207
1236
1243
1219
1210
1209
1206
1207
1240
1253
1255
1265
1265
1239
1234
1221
1206
1217
1237
1252
1277
1330
1314
1288
1249
1243
1215
1200
1220
1223
1243
1267
1276
1289
1262
1253
1218
1207
1197
1182
1203
1210
1239
1237
1266
1270
1255
1219
1194
1183
1173
1197
1205
1223
1250
1250
1260
1256
1236
1220
1206
1216
1221
1229
1251
1249
1261
1258
1268
1252
1226
1226
1208
1224
1241
1261
1252
1259
1253
1231
1227
1232
1205
1204
1243
1250
1258
1252
1251
1222
1235
1214
1221
1228
1228
1231
1219
1252
1262
1257
1249
1255
1232
1222
1227
1246
1215
1232
1212
1257
1276
1265
1261
1226
1242
1216
1220
1230
1228
1235
1253
1270
1246
1205
1263
1243
1226
1237
1210
1209
1202
1221
1189
1249
1276
1259
1265
1248
1245
1230
1233
1250
1216
1228
1243
1249
1249
1261
1245
1237
1241
1229
1204
1223
1204
1234
1217
1267
1276
1270
1274
1261
1259
1255
1254
1234
1265
1252
1242
1257
1272
1273
1259
1275
1267
1249
1240
1244
1202
1229
1247
1256
1270
1275
1280
1268
1263
1248
1228
1227
1232
1218
1224
1236
1241
1222
1249
1245
1239
1242
1244
1217
1197
1224
1232
1240
1251
1264
1256
1255
1255
1236
1188
1232
1224
1243
1280
1302
1282
1264
1271
1241
1207
1252
1225
1240
1245
1269
1277
1286
1294
1268
1254
1245
1244
1221
1216
1233
1258
1287
1323
1285
1279
1247
1217
1207
1191
1186
1177
1228
1252
1274
1298
1289
1258
1237
1213
1186
1185
1207
1214
1250
1288
1310
1298
1284
1274
1212
1201
1228
1222
1223
1244
1261
1265
1295
1295
1259
1220
1256
1226
1222
1213
1218
1218
1241
1293
1261
1279
1266
1245
1217
1239
1233
1219
1229
1254
1225
1233
1238
1237
1255
1250
1241
1250
1252
1228
1222
1199
1209
1238
1223
1242
1233
1235
1239
1247
1246
1244
1241
1234
1229
1246
1234
1249
1239
1243
1240
1256
1260
1252
1265
1247
1250
1277
1259
1245
1229
1235
1231
1232
1250
1251
1248
1245
1261
1245
1236
1234
1205
1197
1241
1208
1210
1215
1248
1232
1255
1278
1242
1224
1202
1185
1165
1190
1239
1170
1271
1293
1287
1278
1229
1226
1188
1180
1239
1201
1240
1268
1285
1276
1296
1301
1255
1234
1213
1199
1206
1240
1236
1232
1286
1318
1292
1285
1250
1213
1161
1184
1212
1217
1269
1276
1293
1280
1293
1261
1229
1212
1185
1180
1204
1195
1225
1250
1252
1258
1262
1265
1219
1208
1174
1174
1184
1199
1237
1230
1265
1275
1278
1281
1269
1232
1212
1200
1211
1205
1225
1252
1255
1249
1286
1287
1268
1264
1217
1218
1225
1216
1212
1229
1253
1258
1284
1305
1263
1269
1248
1224
1196
1177
1185
1177
1221
1250
1280
1282
1267
1272
1193
1190
1176
1170
1179
1217
1236
1258
1290
1284
1249
1251
1228
1206
1203
1197
1201
1202
1252
1264
1285
1310
1284
1257
1233
1225
1208
1226
1239
1247
1289
1301
1299
1281
1251
1246
1202
1218
1222
1206
1219
1219
1238
1223
1217
1236
1218
1180
1204
1203
1205
1224
1207
1211
1230
1231
1225
1229
1230
1206
1165
1217
1218
1205
1228
1221
1235
1243
1261
1250
1213
1238
1224
1231
1235
1229
1243
1249
1242
1246
1231
1260
1244
1252
1229
1262
1255
1239
1240
1205
1236
1245
1257
1258
1273
1257
1241
1231
1207
1197
1206
1219
1230
1256
1265
1265
1234
1240
1202
1198
1206
1186
1189
1191
1228
1228
1252
1262
1259
1240
1234
1218
1192
1178
1190
1193
1218
1259
1253
1281
1227
1242
1212
1218
1217
1203
1210
1239
1256
1259
1279
1294
1251
1248
1248
1231
1210
1231
1235
1253
1253
1243
1229
1236
1213
1225
1236
1251
1242
1235
1239
1223
1218
1230
1202
1221
1230
1241
1263
1243
1243
1217
1214
1214
1201
1189
1180
1190
1180
1188
1255
1259
1275
1276
1253
1206
1204
1191
1160
1192
1231
1259
1286
1302
1295
1274
1252
1232
1207
1212
1215
1215
1232
1269
1278
1280
1285
1303
1249
1221
1217
1197
1188
1205
1213
1241
1266
1270
1277
1243
1238
1218
1164
1196
1178
1189
1206
1218
1229
1258
1242
1229
1227
1231
1207
1195
1205
1205
1238
1231
1254
1237
1261
1227
1259
1267
1268
1253
1233
1232
1259
1236
1263
1288
1282
1275
1303
1287
1253
1248
1206
1207
1253
1243
1258
1264
1286
1260
1276
1257
1244
1222
1211
1189
1185
1205
1229
1222
1257
1286
1267
1254
1229
1210
1146
1161
1192
1184
1206
1249
1264
1260
1273
1250
1223
1203
1194
1190
1221
1232
1252
1250
1275
1308
1263
1269
1250
1226
1217
1232
1241
1238
1262
1257
1259
1272
1276
1267
1188
1233
1221
1220
1232
1219
1234
1234
1238
1288
1257
1265
1229
1238
1214
1219
1231
1227
1218
1213
1229
1261
1232
1249
1223
1235
1244
1249
1225
1212
1226
1215
1227
1279
1260
1272
1264
1268
1228
1237
1243
1224
1221
1243
1247
1236
1254
1261
1254
1244
1260
1251
1252
1239
1240
1207
1231
1265
1244
1245
1254
1256
1241
1255
1242
1228
1229
1231
1222
1228
1241
1242
1230
1240
1258
1237
1251
1243
1242
1214
1245
1265
1240
1247
1240
1242
1248
1263
1245
1222
1235
1226
1218
1241
1243
1250
1238
1257
1251
1236
1255
1218
1216
1210
1237
1245
1268
1279
1267
1253
1260
1242
1241
1232
1239
1254
1266
1282
1262
1267
1241
1237
1222
1238
1226
1209
1218
1216
1232
1250
1262
1258
1259
1239
1217
1202
1203
1218
1207
1234
1253
1262
1226
1253
1205
1202
1194
1203
1214
1228
1247
1241
1260
1264
1246
1233
1234
1221
1222
1239
1252
1231
1235
1211
1239
1246
1249
1246
1220
1245
1252
1233
1244
1247
1226
1235
1249
1241
1220
1247
1261
1251
1261
1246
1234
1203
1226
1183
1222
1239
1230
1233
1227
1240
1229
1227
1221
1198
1192
1203
1209
1215
1234
1248
1249
1243
1238
1202
1191
1178
1202
1197
1246
1270
1260
1269
1243
1236
1216
1224
1207
1216
1236
1238
1239
1261
1278
1246
1251
1239
1230
1221
1224
1193
1227
1230
1258
1264
1258
1259
1220
1190
1215
1211
1216
1242
1259
1251
1253
1249
1202
1197
1169
1194
1204
1223
1237
1233
1243
1243
1238
1229
1213
1195
1203
1236
1238
1229
1278
1301
1258
1255
1238
1215
1202
1217
1197
1250
1282
1280
1299
1261
1263
1229
1212
1199
1180
1188
1221
1242
1262
1269
1274
1254
1239
1213
1174
1160
1170
1193
1215
1268
1305
1280
1266
1229
1214
1185
1189
1187
1203
1235
1252
1267
1282
1273
1247
1237
1236
1214
1204
1219
1198
1229
1261
1270
1276
1269
1270
1248
1266
1237
1221
1220
1227
1263
1234
1244
1247
1226
1230
1280
1237
1243
1236
1225
1195
1215
1218
1200
1215
1227
1236
1240
1258
1242
1214
1211
1216
1183
1203
1210
1223
1220
1276
1289
1263
1266
1225
1213
1198
1219
1221
1220
1262
1258
1266
1269
1259
1245
1232
1228
1229
1232
1249
1236
1251
1238
1250
1273
1250
1261
1220
1222
1214
1221
1238
1246
1240
1241
1242
1233
1209
1219
1207
1213
1263
1252
1242
1230
1240
1232
1212
1236
1251
1238
1243
1258
1250
1248
1254
1166
1218
1223
1230
1236
1250
1276
1266
1271
1320
1238
1243
1229
1220
1189
1223
1260
1255
1261
1284
1286
1268
1264
1242
1192
1211
1203
1206
1236
1245
1256
1244
1259
1302
1222
1222
1202
1190
1181
1217
1232
1239
1247
1246
1232
1234
1229
1217
1221
1221
1223
1236
1256
1242
1262
1241
1267
1289
1284
1301
1268
1277
1266
1261
1249
1252
1252
1253
1259
1285
1286
1293
1287
1266
1263
1249
1229
1201
1216
1206
1235
1280
1284
1287
1268
1257
1255
1197
1205
1172
1181
1176
1241
1258
1243
1270
1229
1216
1212
1196
1203
1199
1208
1216
1255
1279
1279
1273
1286
1255
1229
1237
1240
1227
1236
1283
1282
1293
1267
1307
1242
1261
1260
1260
1261
1280
1293
1256
1282
1270
1253
1251
1254
1239
1254
1262
1257
1241
1254
1240
1233
1236
1227
1224
1216
1250
1233
1272
1277
1227
1233
1235
1230
1221
1239
1249
1255
1259
1278
1256
1246
1243
1232
1181
1242
1249
1237
1260
1250
1267
1263
1297
1268
1249
1251
1250
1241
1254
1253
1269
1280
1290
1275
1253
1259
1232
1229
1207
1249
1266
1262
1262
1250
1255
1239
1228
1230
1235
1250
1238
1257
1260
1240
1201
1244
1232
1232
1238
1242
1204
1244
1238
1247
1257
1243
1238
1226
1246
1237
1261
1263
1265
1264
1270
1273
1253
1244
1251
1254
1256
1283
1281
1280
1260
1277
1246
1262
1261
1241
1253
1258
1275
1285
1298
1275
1258
1240
1232
1212
1212
1216
1228
1225
1283
1272
1238
1238
1207
1207
1176
1214
1222
1225
1244
1255
1253
1251
1190
1218
1213
1219
1219
1221
1245
1267
1253
1252
1277
1259
1256
1250
1216
1239
1249
1264
1260
1276
1298
1285
1284
1288
1249
1263
1255
1261
1259
1265
1269
1245
1253
1257
1250
1263
1263
1256
1256
1267
1259
1230
1223
1211
1203
1205
1225
1231
1234
1253
1248
1236
1227
1206
1199
1137
1199
1216
1232
1257
1258
1258
1258
1246
1231
1213
1217
1210
1225
1253
1259
1273
1287
1287
1311
1268
1246
1217
1212
1208
1234
1275
1294
1325
1300
1305
1294
1259
1224
1241
1229
1239
1266
1276
1271
1282
1250
1243
1263
1226
1209
1198
1220
1205
1232
1255
1254
1238
1235
1241
1215
1225
1226
1207
1212
1229
1261
1238
1238
1250
1226
1226
1266
1233
1242
1249
1249
1245
1267
1264
1253
1252
1261
1250
1244
1268
1272
1252
1265
1313
1251
1266
1251
1246
1226
1261
1272
1259
1266
1252
1234
1231
1246
1242
1198
1258
1267
1241
1245
1227
1216
1201
1221
1248
1226
1255
1229
1227
1211
1223
1226
1230
1238
1232
1242
1259
1245
1251
1224
1236
1234
1245
1241
1233
1249
1241
1248
1273
1282
1281
1269
1275
1248
1248
1257
1257
1247
1249
1277
1278
1275
1275
1262
1241
1237
1238
1236
1212
1244
1210
1228
1248
1232
1231
1230
1235
1214
1228
1230
1219
1220
1217
1216
1221
1230
1246
1225
1229
1232
1224
1237
1221
1215
1200
1236
1249
1247
1271
1268
1262
1255
1268
1237
1227
1241
1237
1240
1262
1262
1265
1255
1266
1250
1255
1258
1221
1223
1225
1229
1248
1271
1283
1264
1261
1248
1230
1218
1207
1246
1229
1249
1268
1256
1247
1231
1198
1187
1210
1247
1205
1224
1221
1234
1210
1238
1223
1208
1208
1205
1206
1226
1219
1228
1243
1254
1242
1223
1233
1201
1206
1207
1247
1255
1265
1276
1265
1278
1261
1245
1226
1237
1235
1248
1269
1289
1273
1283
1236
1258
1244
1232
1227
1199
1242
1272
1260
1278
1274
1247
1235
1223
1196
1166
1184
1240
1218
1241
1236
1235
1227
1226
1163
1191
1204
1193
1192
1196
1235
1241
1254
1264
1244
1229
1229
1249
1227
1225
1239
1252
1276
1281
1267
1262
1244
1239
1215
1243
1261
1240
1256
1260
1267
1269
1274
1253
1240
1239
1238
1218
1215
1218
1209
1215
1233
1225
1219
1225
1200
1193
1198
1184
1196
1192
1213
1206
1215
1229
1226
1219
1231
1225
1223
1228
1237
1219
1224
1258
1251
1254
1252
1271
1238
1253
1254
1247
1240
1268
1262
1262
1283
1274
1245
1261
1261
1248
1243
1239
1239
1226
1248
1261
1249
1260
1239
1221
1207
1215
1203
1219
1234
1213
1213
1221
1219
1214
1195
1200
1191
1193
1198
1182
1189
1189
1207
1231
1235
1238
1224
1227
1209
1209
1211
1224
1220
1230
1248
1290
1257
1265
1244
1234
1261
1246
1238
1238
1249
1227
1247
1271
1269
1264
1258
1269
1241
1243
1254
1210
1229
1237
1254
1246
1240
1251
1222
1220
1264
1211
1213
1208
1241
1189
1215
1240
1216
1228
1223
1187
1203
1218
1212
1205
1205
1208
1211
1208
1226
1234
1216
1234
1265
1227
1243
1225
1224
1219
1244
1255
1251
1262
1247
1247
1245
1246
1240
1244
1252
1234
1254
1272
1249
1250
1227
1233
1256
1237
1249
1221
1230
1228
1228
1225
1225
1210
1207
1207
1208
1206
1214
1206
1197
1249
1223
1213
1193
1205
1186
1193
1224
1224
1222
1213
1231
