1381
1492
1477
1436
1206
1234
1269
1248
1243
1224
1234
1252
1228
1245
1225
1237
1170
1235
1227
1212
1255
1234
1244
1233
1249
1249
1254
1241
1252
1251
1173
1252
1294
1287
1235
1187
1260
1257
1242
1255
1203
1218
1234
1245
1240
1288
1298
1259
1259
1283
1217
1245
1249
1233
1245
1241
1214
1216
1234
1259
1204
1217
1198
1225
1197
1233
1245
1237
1222
1211
1209
1244
1239
1235
1167
1175
1227
1237
1263
1229
1242
1222
1227
1193
1247
1257
1224
1243
1291
1364
1324
1221
1233
1241
1232
1230
1237
1239
1209
1227
1255
1225
1237
1330
1304
1212
1258
1247
1231
1241
1242
1185
1223
1241
1228
1233
1245
1263
1234
1193
1265
1234
1229
1242
1234
1241
1251
1231
1239
1238
1239
1236
1169
1191
1238
1251
1242
1240
1247
1229
1252
1223
1263
1244
1235
1311
1199
1242
1241
1268
1249
1261
1247
1223
1281
1227
1218
1210
1213
1195
1201
1243
1277
1197
1221
1269
1234
1263
1248
1268
1250
1275
1275
1282
1327
1263
1285
1270
1288
1242
1196
1216
1197
1195
1208
1218
1225
1211
1239
1268
1428
1296
1387
1393
1390
1384
1358
1351
1307
1301
1295
1268
1226
1210
1123
1036
915
964
874
839
860
861
904
948
948
974
1010
1071
1147
1245
1334
1372
1440
1620
1608
1644
1602
1558
1510
1492
1412
1412
1346
1251
1190
1123
1084
1046
945
952
977
970
940
960
960
1015
1115
1201
1278
1345
1401
1489
1518
1573
1571
1659
1608
1553
1495
1408
1375
1335
1308
1328
1308
1287
1274
1253
1230
1201
1132
1225
1216
1256
1246
1223
1125
1147
1119
1096
1104
1100
1090
931
1061
963
943
915
944
1008
1066
1091
1154
1222
1262
1287
1315
1260
1337
1313
1337
1413
1461
1455
1448
1446
1430
1412
1325
1264
1151
1115
1156
1131
1062
1065
1163
1164
1239
1279
1269
1303
1311
1295
1278
1304
1322
1289
1254
1273
1251
1246
1200
1152
1095
1097
1036
1021
1031
1018
1035
1020
1092
1219
1301
1349
1375
1420
1455
1493
1572
1538
1573
1563
1556
1490
1392
1404
1225
1203
1204
1171
1149
1137
1128
1053
1104
1144
1151
1206
1298
1326
1249
1305
1149
1138
1125
1111
1110
1122
1110
1083
1057
1068
1043
1069
1142
1201
1180
1190
1276
1234
1261
1266
1294
1301
1377
1417
1439
1404
1428
1423
1353
1360
1303
1320
1338
1374
1391
1396
1379
1371
1373
1373
1355
1392
1369
1290
1289
1251
1230
1197
1195
1130
1181
1144
1112
1103
1007
1068
1094
1097
1201
1225
1268
1261
1195
1253
1226
1256
1213
1268
1268
1270
1261
1246
1174
1188
1167
1180
1193
1172
1134
1089
1068
1060
1067
1146
1185
1281
1220
1369
1356
1331
1341
1336
1379
1372
1391
1311
1312
1221
1190
1136
1156
1137
1121
1235
1267
1310
1315
1284
1277
1325
1381
1384
1443
1462
1405
1310
1343
1267
1246
1248
1255
1309
1290
1242
1200
1205
1174
1178
1283
1314
1288
1328
1323
1309
1230
1205
1178
1251
1200
1237
1243
1222
1185
1132
1127
1117
1104
1101
1095
1155
1159
1170
1123
1167
1226
1244
1314
1337
1350
1437
1466
1407
1306
1330
1334
1311
1286
1254
1195
1152
1115
1079
1052
1107
1054
1110
1135
1117
1085
1090
1144
1228
1302
1357
1364
1386
1364
1285
1310
1277
1310
1262
1270
1301
1264
1231
1185
1151
1135
1249
1284
1330
1427
1339
1326
1222
1251
1281
1278
1321
1324
1349
1318
1260
1179
1179
1163
1193
1307
1313
1252
1184
1280
1222
1225
1243
1274
1325
1321
1290
1246
1185
1108
1062
1009
1132
1095
1110
1119
1109
1085
1076
1051
1084
1148
1205
1247
1281
1236
1275
1241
1331
1344
1380
1437
1414
1394
1344
1332
1221
1253
1239
1281
1248
1292
1296
1328
1203
1177
1201
1230
1238
1296
1264
1231
1216
1152
1110
970
1232
1168
1222
1237
1256
1228
1188
1187
1218
1239
1287
1306
1346
1316
1253
1266
1204
1201
1227
1240
1253
1227
1208
1141
1132
1094
1108
1114
1156
1237
1206
1144
1144
1170
1150
1184
1230
1273
1272
1334
1285
1238
1218
1206
1203
1180
1224
1277
1268
1264
1198
1184
1187
1221
1272
1298
1330
1307
1298
1247
1232
1258
1242
1323
1292
1373
1344
1306
1260
1184
1205
1228
1268
1304
1389
1347
1249
1217
1189
1197
1245
1254
1287
1290
1277
1224
1184
1176
1159
1193
1306
1318
1285
1281
1228
1162
1184
1215
1187
1242
1288
1283
1229
1202
1148
1160
1231
1267
1258
1320
1289
1274
1218
1190
1161
1185
1222
1237
1252
1314
1242
1161
1128
1162
1171
1220
1258
1282
1230
1198
1148
1139
1163
1174
1291
1331
1284
1275
1282
1251
1209
1241
1285
1300
1348
1373
1329
1298
1298
1236
1316
1251
1314
1312
1337
1264
1286
1201
1190
1197
1224
1289
1282
1309
1218
1262
1194
1157
1242
1245
1291
1303
1246
1240
1163
1113
1124
1144
1171
1278
1324
1325
1302
1240
1195
1194
1220
1239
1293
1261
1254
1203
1158
1099
1109
1200
1272
1327
1321
1296
1274
1131
1194
1185
1228
1299
1325
1335
1262
1192
1177
1203
1218
1256
1292
1328
1331
1296
1226
1207
1201
1208
1331
1239
1314
1267
1292
1222
1174
1152
1160
1207
1243
1279
1289
1244
1225
1202
1154
1230
1241
1321
1336
1324
1299
1244
1191
1181
1230
1217
1289
1351
1276
1287
1078
1101
1078
1169
1215
1217
1286
1333
1234
1194
1187
1196
1233
1212
1269
1323
1267
1241
1183
1114
1145
1182
1274
1294
1291
1298
1251
1272
1109
1255
1350
1326
1350
1366
1323
1275
1193
1211
1173
1266
1308
1365
1344
1278
1315
1223
1227
1187
1264
1313
1391
1333
1319
1225
1159
1169
1197
1432
1304
1373
1317
1303
1224
1193
1213
1261
1292
1313
1353
1309
1223
1108
1216
1182
1231
1303
1312
1330
1321
1291
1227
1187
1163
1210
1259
1300
1309
1296
1252
1128
1096
1148
1154
1215
1266
1263
1275
1227
1131
1120
1161
1181
1236
1285
1305
1291
1187
1195
1140
1190
1236
1374
1306
1337
1319
1235
1201
1178
1208
1358
1395
1341
1273
1279
1198
1142
1149
1186
1249
1327
1346
1335
1296
1253
1202
1327
1242
1232
1363
1381
1328
1283
1209
1153
1174
1238
1278
1315
1331
1261
1261
1191
1136
1147
1180
1233
1287
1299
1289
1202
1163
1137
1146
1154
1321
1384
1304
1307
1266
1200
1189
1228
1230
1257
1377
1354
1331
1291
1236
1093
1192
1171
1268
1275
1284
1240
1188
1143
1117
1133
1232
1326
1377
1335
1265
1263
1139
1148
1193
1220
1319
1330
1365
1293
1235
1167
1193
1169
1231
1230
1353
1326
1234
1178
1109
1165
1238
1250
1360
1369
1328
1242
1189
1114
1265
1212
1160
1350
1332
1332
1249
1159
1119
1200
1204
1459
1371
1380
1277
1277
1250
1132
1162
1212
1309
1333
1321
1275
1224
1153
1124
1129
1189
1197
1292
1256
1226
1189
1127
1126
1214
1238
1355
1381
1346
1235
1225
1137
1144
1199
1267
1499
1353
1344
1267
1256
1189
1159
1237
1216
1500
1357
1333
1257
1198
1188
1142
1264
1325
1359
1409
1366
1280
1249
1210
1140
1258
1287
1506
1402
1289
1248
1218
1200
1132
1287
1303
1340
1363
1298
1213
1125
1187
1138
1241
1208
1321
1387
1267
1230
1110
1202
1141
1268
1249
1331
1335
1250
1201
1098
1096
1196
1258
1226
1355
1306
1211
1159
1065
1085
1202
1251
1231
1354
1348
1257
1227
1152
1145
1249
1324
1240
1329
1340
1207
1197
1144
1094
1242
1259
1180
1353
1314
1242
1236
1186
1144
1309
1296
1214
1421
1284
1234
1205
1199
1161
1299
1267
1210
1335
1280
1212
1153
1176
1161
1255
1293
1183
1356
1288
1213
1115
1216
1216
1289
1298
1166
1363
1271
1201
1089
1223
1212
1310
1291
1207
1346
1244
1186
1085
1238
1210
1344
1296
1254
1388
1235
1181
1092
1229
1242
1256
1220
1213
1331
1197
1163
1087
1250
1226
1338
1262
1457
1331
1223
1170
1106
1245
1329
1332
1234
1474
1336
1223
1204
1166
1268
1348
1359
1265
1458
1313
1203
1186
1148
1202
1324
1341
1220
1435
1278
1193
1154
1196
1241
1337
1355
1205
1416
1271
1180
1138
1171
1161
1284
1329
1168
1411
1285
1179
1104
1208
1263
1290
1280
1116
1357
1213
1132
1071
1206
1199
1350
1297
1096
1370
1228
1182
1108
1266
1315
1371
1338
1096
1365
1245
1177
1110
1297
1323
1344
1311
1107
1365
1226
1191
1131
1325
1290
1395
1294
1086
1337
1205
1197
1139
1349
1375
1392
1247
1075
1322
1180
1179
1152
1351
1360
1377
1249
1057
1291
1170
1185
1163
1371
1331
1322
1170
1048
1214
1151
1172
1173
1356
1346
1295
1146
1087
1244
1164
1204
1213
1401
1348
1347
1189
1287
1231
1153
1203
1232
1367
1340
1284
1112
1322
1219
1148
1184
1229
1290
1381
1296
1114
1299
1195
1146
1182
1261
1294
1376
1307
1134
1320
1183
1160
1139
1312
1363
1415
1313
1078
1344
1200
1198
1179
1372
1351
1417
1316
1061
1300
1177
1164
1137
1329
1304
1330
1213
1020
1265
1174
1166
1160
1379
1391
1412
1249
1052
1277
1174
1173
1199
1424
1402
1399
1239
980
1244
1153
1185
1185
1368
1335
1355
1166
1051
1208
1126
1179
1208
1451
1411
1341
1152
1223
1223
1151
1223
1249
1401
1418
1355
1164
1294
1208
1160
1204
1258
1345
1392
1352
1141
1313
1194
1151
1201
1303
1331
1396
1343
1111
1319
1183
1147
1156
1308
1321
1430
1328
1134
1324
1192
1161
1156
1338
1347
1433
1296
1085
1317
1170
1153
889
1533
1323
1392
1263
1014
1264
1112
1123
858
1464
1318
1377
1257
1039
1265
1151
1155
1287
1500
1404
1400
1269
1210
1268
1165
833
1292
1443
1397
1402
1233
1415
1243
1133
909
1271
1312
1378
1386
1190
1411
1243
1149
799
1308
1430
1427
1370
1199
1402
1213
1120
762
1422
1271
1409
1331
1186
1374
1195
1111
843
1463
1342
1407
1311
1362
1380
1195
1139
835
1497
1362
1334
1329
1480
1325
1159
1110
876
1536
1284
1419
1286
1492
1330
1172
804
896
1563
1381
1429
1293
1515
1298
1125
804
887
1547
1324
1364
1207
1453
1261
1126
727
893
1611
1368
1402
1286
1502
1272
1141
798
996
1648
1414
1429
1241
1467
1239
1109
726
937
1620
1330
1352
1367
1412
1207
1108
783
1297
1411
1434
1379
1261
1469
1250
1155
843
1367
1609
1450
1422
1611
1401
1175
1068
725
1406
1317
1392
1331
1353
1378
1178
766
775
1461
1384
1445
1343
1596
1350
1142
778
834
1483
1331
1442
1328
1577
1335
1142
713
845
1531
1352
1440
1350
1552
1312
1115
663
834
1579
1399
1455
1403
1532
1300
1124
660
871
1609
1391
1412
1540
1516
1268
1090
771
899
1644
1399
1422
1657
1473
1226
1064
715
908
1622
1383
1387
1636
1458
1211
706
753
1305
1676
1403
1437
1667
1461
1224
748
777
1302
1561
1423
1381
1553
1359
1147
580
665
1304
1584
1364
1275
1509
1336
1128
651
745
1455
1388
1480
1436
1584
1368
1146
683
826
1477
1348
1426
1544
1519
1285
1079
646
783
1527
1327
1411
1492
1521
1269
1032
689
861
1621
1422
1521
1768
1557
1295
1112
711
860
1595
1377
1418
1656
1443
1199
1044
714
949
1670
1472
1478
1686
1472
1243
717
782
1004
1709
1423
1456
1520
1398
1147
667
700
1250
1424
1330
1349
1582
1352
1150
630
773
1394
1626
1452
1378
1513
1353
1125
672
775
1322
1424
1332
1271
1441
1268
1056
598
740
1400
1225
1308
1348
1456
1263
1084
670
870
1554
1380
1487
1667
1602
1369
1182
709
886
1567
1342
1417
1644
1494
1245
1073
653
798
1520
1312
1369
1589
1456
1230
740
732
933
1616
1370
1441
1522
1549
1318
856
817
990
1624
1312
1342
1358
1404
1202
659
713
1150
1605
1329
1318
1475
1416
1228
747
839
1358
1428
1253
1264
1337
1332
1149
667
806
1430
1417
1355
1410
1469
1372
1209
765
873
1438
1369
1336
1626
1462
1343
1172
712
858
1475
1228
1235
1525
1451
1283
1144
759
858
1540
1287
1322
1622
1558
1395
870
830
1285
1600
1295
1344
1592
1472
1300
832
782
945
1539
1196
1256
1337
1436
1274
797
825
1121
1595
1232
1264
1370
1419
1257
785
812
1259
1518
1207
1172
1397
1414
1296
831
838
1395
1522
1184
1248
1229
1308
1194
769
834
1448
1279
1218
1259
1472
1451
1285
882
1052
1457
1214
1126
1481
1309
1341
1256
857
976
1562
1250
1316
1553
1533
1477
1361
931
1008
1521
1150
1111
1462
1384
1343
880
860
964
1526
1139
1217
1328
1510
1424
1015
965
1122
1648
1275
1199
1529
1490
1379
863
925
1053
1519
1065
1082
1119
1339
1269
816
903
1411
1519
1191
1161
1193
1444
1366
946
1274
1390
1496
1100
1277
1321
1330
1273
844
885
1451
1114
1072
1099
1285
1353
1280
885
1007
1500
1189
1143
1456
1374
1399
1342
970
1063
1535
1204
1175
1497
1393
1393
989
950
1053
1541
1170
1154
1462
1421
1344
983
1008
1146
1654
1275
1193
1272
1459
1402
944
1277
1013
1482
1058
997
1259
1302
1278
865
1017
1065
1595
1199
1148
1309
1494
1456
1053
1334
1102
1610
1106
1138
1192
1358
1309
913
1103
1386
1395
1094
1115
1162
1355
1332
927
1214
1439
1399
1095
1402
1264
1390
1372
985
1058
1533
1129
1082
1304
1237
1322
1317
946
1049
1542
1188
1084
1417
1363
1437
1080
1176
1150
1615
1144
1044
1391
1292
1350
1035
1021
1139
1608
1145
1131
1363
1403
1414
1026
1466
1119
1606
1146
1037
1136
1329
1326
927
1347
1078
1533
1014
942
1029
1270
1265
881
1213
1031
1505
1055
956
1217
1387
1427
1089
1228
1602
1516
1235
1104
1288
1454
1368
1005
1134
1385
1282
1016
1325
1079
1290
1319
985
1101
1536
1149
1110
1179
1324
1421
1067
1349
1152
1582
1178
1033
1342
1264
1324
964
1325
1074
1543
1191
1081
1232
1357
1401
1064
1126
1181
1630
1172
1087
1409
1377
1385
1007
1453
1099
1585
1116
1018
1157
1388
1378
1028
1478
1164
1641
1163
1116
1136
1394
1394
1010
1330
1085
1564
1041
990
1094
1301
1296
939
1032
1426
1270
1041
1001
1067
1324
1303
944
1113
1449
1310
1149
1334
1220
1418
1422
1066
1137
1224
1360
1081
1364
1222
1371
1004
1376
1056
1539
1155
1067
1404
1318
1410
1076
1362
1172
1598
1218
1106
1356
1313
1370
986
1456
1060
1584
1153
1117
1342
1378
1403
979
1536
1158
1679
1241
1172
1236
1406
1400
1017
1430
1128
1597
1129
1024
1151
1335
1318
925
1298
1065
1566
1061
1053
1135
1364
1362
968
1197
1162
1669
1140
1442
1192
1378
1376
1109
1113
1479
1297
1147
1224
1257
1377
1374
974
1112
1234
1234
1106
1423
1128
1387
996
1459
1163
1610
1194
1129
1438
1277
1348
962
1336
1058
1524
1160
1080
1181
1274
1338
919
1440
1117
1602
1178
1106
1365
1345
1341
930
1430
1080
1599
1177
1113
1105
1365
1361
947
1462
1162
1638
1217
1275
1252
1442
1429
1022
1299
1192
1636
1185
1037
1200
1362
1311
1004
1191
1065
1582
1114
1442
1231
1364
1352
1153
1077
1378
1257
1121
1181
1191
1326
1336
1094
1059
1260
1287
1183
1449
1177
1385
1034
1424
1094
1599
1198
1157
1428
1301
1374
1054
1416
1142
1608
1217
1136
1240
1341
1364
958
1433
1101
1621
1187
1137
1451
1373
1363
927
1424
1141
1594
1144
1111
1185
1362
1350
949
1463
1107
1641
1182
1199
1200
1321
1286
863
1210
1045
1526
1085
1014
1168
1338
1298
1192
1138
1146
1614
1278
1514
1244
1396
1370
1306
1084
1381
1310
1170
1144
1170
1345
910
1341
1048
1273
1229
1183
1495
1241
1351
1004
1386
1061
1547
1182
1113
1399
1273
1368
1012
1414
1081
1606
1265
1218
1314
1381
1402
949
1442
1082
1520
1155
1046
1205
1290
1301
870
1376
1062
1595
1166
1120
1204
1406
1385
978
1453
1106
1627
1205
1150
1252
1388
1363
952
1222
1104
1633
1213
1179
1266
1395
1286
1208
1138
1098
1567
1181
1460
1206
1355
1310
1270
993
1361
1221
1157
1211
1142
1328
934
1347
1065
1254
1294
1231
1502
1220
1383
950
1311
1021
1527
1205
1139
1395
1260
1306
961
1343
1068
1565
1207
1134
1249
1310
1333
929
1399
1049
1561
1171
1154
1296
1347
1339
914
1385
1081
1650
1188
1137
1227
1343
1304
867
1342
1042
1564
1199
1130
1131
1382
1342
913
1233
1133
1605
1243
1114
1289
1381
1303
1203
1071
1029
1450
1196
1401
1227
1378
1342
1277
1076
1329
1296
1276
1327
1274
1419
972
1361
988
1128
1211
1194
1488
1199
1358
918
1339
1035
1236
1238
1158
1298
1334
1367
920
1379
1078
1552
1234
1223
1492
1316
1342
900
1347
979
1496
1192
1167
1189
1342
1342
809
1358
1070
1615
1252
1179
1271
1371
1302
822
1299
998
1531
1162
1109
1212
1349
1303
890
1108
1076
1565
1256
1202
1286
1410
1284
1259
1139
1101
1479
1220
1385
1271
1424
1355
1299
1043
1204
1286
1248
1335
1270
1379
933
1306
996
1184
1206
1220
1484
1298
1343
898
1295
1017
1099
1245
1211
1428
1320
1379
913
1362
1052
1513
1210
1226
1523
1371
1360
889
1337
1017
1498
1218
1220
1284
1377
1363
904
1337
1017
1577
1240
1171
1287
1416
1359
868
1349
1049
1579
1164
1169
1271
1372
1307
912
1201
1086
1504
1241
1231
1298
1418
1385
1295
1159
1116
1459
1251
1385
1224
1356
1276
1220
940
1257
1220
1189
1214
1234
1372
933
1303
1011
1189
1220
1250
1538
1251
1398
966
1323
1013
1137
1222
1229
1538
1284
1379
874
1338
1011
1511
1176
1183
1422
1345
1323
848
1270
912
1414
1113
1126
1249
1341
1330
905
1328
1006
1552
1264
1231
1366
1469
1381
896
1350
1080
1563
1244
1184
1301
1413
1346
948
1160
1032
1525
1230
1174
1221
1414
1319
1232
1119
1039
1447
1241
1278
1323
1394
1303
1257
964
1085
1377
1227
1556
1242
1374
905
1300
1027
1216
1299
1223
1552
1227
1359
877
1268
934
1070
1213
1201
1331
1214
1325
836
1292
931
1494
1177
1195
1504
1395
1373
860
1344
996
1508
1250
1218
1338
1381
1335
847
1296
986
1529
1165
1201
1263
1420
1340
853
1306
1001
1563
1199
1181
1217
1393
1319
947
1158
1027
1482
1209
1171
1206
1393
1283
1235
1066
1018
1409
1209
1384
1278
1425
1305
1257
960
1072
1418
1243
1572
1266
1409
942
1324
1020
1179
1257
1227
1528
1199
1368
943
1286
982
1125
1231
1183
1471
1241
1333
811
1262
919
1448
1168
1193
1500
1363
1350
852
1321
955
1518
1238
1208
1402
1409
1407
903
1344
974
1579
1234
1229
1387
1443
1384
879
1355
1016
1596
1228
1234
1190
1420
1328
899
1305
1414
1300
1165
1178
1063
914
1287
1261
1281
1202
1338
1407
1216
1089
933
867
1256
1374
1475
1583
1459
1407
1310
979
941
906
945
1511
1594
1556
1354
1212
1099
842
824
953
1088
1653
1681
1588
1414
1124
1061
1069
971
1083
1183
1212
1589
1462
1308
1102
1112
1235
1187
1236
1261
1133
1443
1329
1269
1260
1181
1305
1361
1196
1101
976
928
1362
1381
1455
1409
1475
1460
1203
1004
920
906
1363
1497
1579
1625
1411
1308
1119
869
842
893
1024
1611
1635
1563
1257
1128
1055
831
924
1032
1130
1635
1611
1469
1326
1065
1051
1059
1087
1189
1221
1160
1484
1335
1246
1078
1141
1276
1214
1253
1168
1082
1384
1336
1330
1404
1341
1449
1431
1204
1024
938
906
1338
1439
1526
1450
1438
1350
1031
919
829
903
1404
1538
1585
1556
1270
1146
1063
869
898
1012
1138
1671
1634
1496
1170
1057
1011
890
1038
1169
1208
1626
1573
1438
1317
1129
1178
1282
1230
1225
1155
1052
1365
1240
1186
1096
1191
1330
1245
1147
1058
932
1230
1261
1305
1386
1330
1375
1317
965
847
736
695
1242
1338
1436
1367
1249
1128
838
726
753
848
1254
1622
1704
1691
1440
1343
1252
1059
1118
1242
1382
1911
1915
1811
1636
1404
1304
1077
1042
1078
1050
1112
1507
1496
1469
1269
1256
1231
1026
946
877
887
1378
1449
1598
1656
1511
1457
1301
1035
949
968
1033
1650
1777
1812
1578
1396
1179
841
741
756
819
1453
1615
1629
1502
1128
950
843
645
694
848
1017
1641
1597
1474
1159
1004
882
699
702
888
1020
1502
1601
1557
1468
1213
1184
1207
992
1080
1126
1193
1668
1715
1684
1556
1384
1309
1153
1039
1074
1170
1266
1839
1809
1687
1388
1212
1030
807
830
1012
1194
1842
1938
1827
1552
1120
915
852
725
897
1162
1419
1938
1827
1574
1149
956
880
794
948
1188
1305
1778
1751
1575
1370
1090
1051
1107
1031
1193
1289
1325
1771
1705
1582
1364
1259
1242
1084
1011
1005
1027
1144
1519
1488
1426
1201
1112
1034
833
811
934
1001
1559
1617
1562
1442
1105
1008
914
801
898
1067
1192
1767
1752
1592
1254
1091
1022
866
986
1214
1340
1767
1857
1726
1567
1237
1154
1188
1067
1229
1369
1372
1823
1716
1554
1341
1131
1119
1133
1050
1111
1158
1178
1574
1471
1300
1091
1009
969
796
879
944
988
1453
1487
1406
1294
961
892
879
797
924
1101
1220
1736
1667
1480
1207
984
962
955
1014
1202
1361
1448
1804
1606
1395
1058
955
1010
1024
1212
1320
1414
1756
1632
1441
1275
1034
1079
1215
1226
1314
1371
1335
1700
1542
1378
1182
1099
1196
1154
1186
1233
1239
1265
1550
1495
1385
1125
1152
1202
1139
1190
1191
1260
1611
1576
1492
1347
1100
1038
1100
995
1062
1142
1158
1530
1419
1268
1019
904
929
967
961
1078
1147
1149
1505
1348
1167
901
883
985
1000
1071
1216
1208
1539
1468
1300
1158
948
1009
1139
1108
1244
1328
1279
1627
1488
1327
1163
1040
1110
1262
1198
1319
1318
1173
1521
1350
1208
986
967
1115
1135
1213
1284
1231
1490
1444
1309
1223
1063
1159
1310
1283
1407
1403
1308
1581
1395
1245
1165
1064
1191
1339
1241
1297
1235
1114
1435
1307
1177
1039
1124
1289
1351
1356
1316
1235
1192
1357
1233
1168
1011
1126
1290
1243
1215
1212
1051
1332
1243
1177
1154
1052
1187
1294
1175
1187
1148
968
1316
1212
1158
1139
1111
1216
1353
1250
1252
1171
1048
1405
1320
1283
1159
1249
1383
1377
1361
1262
1210
1264
1421
1324
1273
1179
1284
1390
1300
1258
1216
1068
1339
1285
1237
1257
1171
1290
1381
1213
1143
1055
913
1284
1230
1229
1164
1207
1264
1342
1117
1131
1063
955
1351
1328
1344
1242
1261
1314
1278
1141
1123
1049
1132
1403
1328
1300
1159
1197
1240
1128
1160
1095
1097
1423
1398
1350
1341
1219
1281
1353
1237
1268
1220
1103
1492
1425
1413
1368
1267
1335
1410
1274
1268
1202
1115
1459
1382
1366
1304
1272
1357
1432
1308
1281
1210
1100
1464
1406
1394
1212
1290
1362
1352
1233
1207
1121
1147
1339
1280
1264
1154
1228
1344
1173
1139
1118
993
1284
1215
1210
1252
1179
1278
1347
1233
1202
1050
917
1259
1224
1235
1306
1252
1350
1383
1146
1063
971
856
1254
1255
1307
1365
1323
1403
1398
1149
1095
1013
905
1346
1361
1404
1342
1355
1394
1365
1150
1094
1002
1116
1360
1402
1430
1290
1362
1414
1253
1188
1073
1050
1398
1421
1452
1486
1353
1387
1409
1247
1172
1100
992
1429
1373
1394
1394
1306
1348
1355
1171
1080
1019
975
1345
1368
1382
1426
1310
1335
1336
1124
1011
942
906
1347
1366
1389
1409
1282
1284
1261
1038
936
887
917
1332
1364
1404
1405
1269
1316
1305
1113
1044
977
963
1356
1403
1434
1361
1332
1335
1293
1061
987
964
1143
1315
1416
1470
1384
1372
1377
1210
1108
1021
985
1322
1348
1447
1477
1355
1350
1316
1141
1047
990
934
1385
1403
1449
1484
1331
1296
1266
1062
955
973
959
1385
1400
1444
1490
1286
1274
1254
1031
988
962
1000
1428
1369
1445
1467
1306
1317
1266
1026
1030
1007
962
1361
1406
1447
1442
1253
1230
1243
1001
983
977
977
1368
1476
1507
1492
1295
1275
1249
1021
1071
1068
1052
1394
1482
1475
1457
1278
1265
1260
1158
1097
1108
1143
1460
1440
1464
1480
1281
1299
1310
1148
1091
1082
1168
1328
1434
1417
1404
1246
1246
1255
1032
1070
1033
1203
1345
1401
1401
1377
1223
1237
1197
1060
1066
1057
1330
1360
1386
1355
1341
1182
1203
1175
1055
1069
1024
1408
1337
1358
1320
1297
1164
1205
1111
1099
1097
1050
1379
1278
1303
1322
1334
1223
1285
1256
1138
1150
1079
1413
1303
1375
1383
1405
1302
1349
1280
1167
1164
1094
1420
1279
1388
1402
1473
1322
1371
1249
1166
1150
1081
1265
1316
1365
1378
1419
1318
1372
1266
1218
1163
1081
1215
1255
1300
1337
1422
1322
1384
1309
1171
1081
1012
1178
1206
1295
1366
1415
1322
1363
1212
1135
1055
951
1035
1051
1293
1376
1447
1401
1398
1267
1090
1011
896
1052
1158
1305
1413
1495
1416
1450
1251
1171
1046
958
1042
1200
1342
1437
1525
1439
1441
1311
1146
1033
922
1021
1180
1355
1485
1581
1506
1497
1396
1119
930
810
965
1127
1332
1553
1622
1539
1514
1366
1062
905
787
941
1172
1362
1533
1628
1548
1443
1323
1007
898
817
1005
1180
1397
1563
1657
1561
1450
1317
1002
900
815
985
1208
1422
1609
1704
1661
1462
1330
1018
837
779
970
1248
1453
1641
1714
1667
1418
1268
888
821
751
964
1174
1455
1676
1750
1696
1420
1267
920
927
842
978
1249
1524
1673
1747
1683
1398
1244
923
847
899
945
1367
1479
1644
1714
1652
1379
1214
873
821
846
998
1230
1546
1663
1740
1685
1392
1140
961
746
808
943
1213
1511
1694
1720
1568
1378
1046
907
751
914
980
1305
1555
1702
1617
1499
1270
1005
945
807
913
1007
1297
1514
1630
1588
1443
1267
1008
963
847
901
1053
1287
1481
1636
1547
1474
1293
1055
997
910
1047
1144
1418
1556
1669
1621
1399
1317
1103
1024
989
1076
1201
1459
1614
1634
1548
1425
1238
1092
1016
1084
1137
1258
1438
1538
1515
1440
1332
1211
1105
1045
1169
1144
1242
1314
1413
1410
1320
1245
1188
1141
1052
1128
1098
1254
1272
1341
1343
1317
1280
1175
1158
1134
1155
1138
1255
1363
1333
1340
1273
1179
1166
1167
1189
1224
1277
1299
1342
1364
1214
1094
1149
1156
1227
1266
1313
1397
1379
1297
1274
1098
1150
1154
1193
1270
1345
1361
1398
1315
1266
1151
1084
1095
1130
1213
1306
1388
1389
1424
1343
1279
1150
1130
1063
1130
1204
1306
1379
1432
1420
1427
1249
1098
945
1012
1019
1113
1305
1410
1472
1448
1415
1422
1062
936
895
1018
1188
1344
1502
1532
1514
1409
1253
1080
960
1048
1047
1232
1371
1551
1560
1522
1405
1244
1069
950
931
1015
1127
1348
1438
1519
1548
1500
1300
1111
987
961
1005
1231
1340
1528
1619
1593
1485
1330
1025
967
988
998
1126
1347
1477
1564
1524
1458
1266
1068
947
921
1166
1168
1314
1484
1581
1572
1478
1297
1106
977
935
981
1109
1269
1415
1519
1448
1419
1364
1125
981
939
961
1082
1208
1351
1465
1512
1477
1353
1209
1023
994
924
1025
1173
1336
1449
1497
1452
1357
1215
1113
1011
1013
1114
1204
1304
1371
1518
1447
1407
1275
1160
1087
976
1054
1114
1268
1371
1457
1529
1440
1376
1264
1156
1072
1070
1133
1278
1350
1455
1480
1482
1370
1284
1201
1079
1088
1106
1209
1296
1377
1436
1394
1355
1277
1197
1101
1059
1242
1055
1274
1231
1387
1404
1351
1306
1193
1129
1070
1074
1119
1168
1239
1332
1316
1378
1373
1255
1165
1112
1102
1132
1195
1247
1338
1367
1381
1355
1300
1175
1066
1116
1124
1158
1211
1281
1282
1372
1346
1298
1248
1194
1189
1232
1143
1238
1268
1269
1340
1375
1327
1294
1227
1194
1144
1122
1191
1184
1296
1275
1298
1323
1267
1199
1168
1149
1140
1198
1255
1311
1309
1312
1276
1266
1198
1218
1215
1176
1180
1240
1275
1280
1299
1271
1252
1245
1218
1119
1219
1164
1229
1254
1279
1267
1253
1251
1232
1199
1201
1186
1188
1258
1222
1339
1281
1250
1210
1221
1183
1230
1172
1251
1226
1310
1335
1283
1419
1149
1146
1165
1233
1250
1279
1301
1321
1279
1247
1223
1197
1177
1182
1221
1232
1279
1309
1289
1280
1262
1236
1186
1178
1132
1171
1223
1226
1262
1359
1285
1335
1266
1212
1143
1120
1119
1137
1226
1243
1292
1292
1300
1238
1204
1209
1182
1135
1179
1215
1251
1291
1315
1230
1253
1254
1185
1150
1198
1204
1134
1167
1229
1262
1295
1301
1284
1240
1190
1146
1117
1130
1137
1250
1183
1355
1366
1355
1317
1240
1176
1161
1102
1153
1167
1256
1348
1434
1437
1398
1338
1256
1178
1135
1111
1135
1177
1293
1376
1416
1494
1329
1232
1223
1145
1054
1046
1099
1189
1305
1410
1450
1439
1375
1256
1144
987
989
1006
1096
1239
1359
1471
1471
1442
1291
1191
1057
987
898
984
1248
1317
1437
1485
1450
1382
1264
1127
1013
921
931
1000
1161
1335
1453
1546
1505
1399
1218
1041
922
882
881
1077
1298
1480
1611
1666
1601
1325
1132
961
822
840
984
1174
1433
1604
1659
1622
1526
1279
926
817
816
838
1090
1330
1552
1696
1718
1598
1380
1125
795
837
832
966
1161
1421
1656
1780
1726
1537
1248
950
739
677
781
952
1242
1627
1799
1817
1629
1360
1037
803
696
731
909
1178
1545
1626
1857
1719
1548
1229
962
755
715
826
1051
1316
1586
1750
1806
1655
1361
1122
811
701
787
908
1165
1452
1692
1807
1742
1521
1214
967
772
762
825
1040
1340
1560
1758
1782
1637
1397
1083
915
760
799
1096
1254
1409
1599
1724
1705
1483
1271
1035
819
789
866
1021
1232
1398
1632
1676
1594
1437
1165
967
836
862
968
1109
1315
1505
1633
1619
1487
1295
1127
934
882
950
1016
1195
1359
1534
1594
1560
1416
1254
1079
950
890
895
1121
1253
1451
1564
1577
1511
1368
1154
1021
935
935
1114
1134
1383
1498
1572
1543
1457
1301
1138
977
963
1018
1108
1258
1517
1498
1557
1446
1388
1237
1114
1032
1001
1100
1189
1290
1411
1490
1483
1452
1365
1214
1021
1049
1037
1107
1209
1324
1428
1420
1434
1350
1248
1149
1103
1109
1110
1150
1237
1338
1407
1406
1346
1297
1182
1108
1062
1058
1089
1089
1323
1340
1400
1416
1369
1306
1212
1112
1060
1081
1086
1184
1295
1342
1417
1456
1352
1277
1160
1083
1070
1054
1161
1245
1349
1412
1455
1404
1466
1242
1144
1064
1066
1077
1161
1288
1399
1457
1497
1477
1352
1235
1095
853
1036
1091
1156
1330
1471
1515
1522
1422
1304
1125
1043
971
1005
1144
1281
1391
1507
1541
1457
1406
1209
1088
979
985
1002
1125
1303
1402
1489
1549
1499
1343
1181
1088
1011
1011
1074
1140
1289
1415
1477
1467
1544
1290
1177
1035
1076
1034
1102
1220
1321
1422
1470
1434
1373
1300
1201
1128
1160
1149
1133
1226
1287
1370
1439
1426
1354
1303
1263
1160
1080
1077
1118
1137
1236
1370
1416
1456
1436
1373
1238
1158
1045
1008
1022
1106
1202
1345
1354
1429
1447
1388
1273
1160
1065
1008
997
1091
1189
1279
1500
1555
1512
1439
1329
1127
987
939
955
1072
1230
1367
1492
1583
1550
1387
1189
1100
968
946
998
1124
1326
1419
1520
1556
1461
1301
1272
1126
954
976
1045
1161
1305
1422
1511
1496
1430
1356
1222
1100
1059
1081
1094
1246
1373
1425
1492
1453
1430
1324
1204
1101
1061
1110
1164
1337
1316
1429
1412
1394
1356
1303
1157
1171
1162
1155
1182
1211
1268
1317
1390
1354
1310
1291
1214
1177
1131
1103
1126
1211
1260
1295
1284
1307
1340
1285
1202
1163
1162
1162
1186
1194
1267
1256
1293
1296
1281
1243
1137
1222
1171
1173
1207
1241
1263
1303
1278
1264
1276
1227
1177
1210
1170
1207
1202
1305
1328
1306
1320
1275
1255
1197
1168
1188
1227
1278
1322
1423
1342
1343
1309
1265
1178
1158
1145
1148
1220
1286
1322
1341
1286
1274
1266
1217
1157
1129
1131
1168
1199
1297
1330
1342
1353
1400
1324
1198
1123
1165
1102
1180
1272
1311
1342
1374
1348
1302
1265
1200
1155
1191
1149
1177
1224
1272
1319
1343
1356
1308
1287
1284
1208
1167
1187
1232
1202
1210
1296
1347
1368
1372
1310
1226
1162
1132
1128
1149
1198
1232
1337
1305
1347
1362
1305
1258
1200
1160
1132
1145
1181
1205
1270
1386
1292
1365
1292
1229
1185
1133
1109
1123
1154
1240
1298
1316
1371
1342
1293
1283
1226
1142
1144
1200
1204
1227
1295
1294
1258
1282
1218
1188
1187
1175
1205
1189
1326
1281
1263
1284
1244
1248
1216
1210
1235
1219
1232
1275
1334
1313
1324
1303
1241
1165
1138
1160
1162
1229
1293
1362
1320
1341
1273
1192
1080
1192
1137
1194
1245
1318
1416
1395
1405
1294
1267
1144
1121
1123
1127
1190
1275
1319
1387
1420
1395
1324
1242
1157
1084
1070
1074
1158
1258
1354
1460
1411
1425
1250
1196
1160
1087
1069
1098
1212
1271
1378
1427
1391
1326
1252
1220
1095
1085
1129
1139
1238
1316
1322
1412
1364
1300
1204
1157
1083
1089
1073
1158
1256
1316
1381
1386
1347
1278
1162
1101
1106
1114
1167
1220
1269
1371
1422
1384
1299
1233
1143
1135
1156
1173
1238
1260
1351
1345
1353
1336
1234
1233
1139
1194
1165
1193
1229
1265
1282
1347
1332
1321
1270
1205
1094
1112
1114
1213
1287
1343
1313
1321
1296
1255
1227
1200
1203
1204
1257
1277
1301
1239
1240
1263
1240
1228
1174
1181
1199
1208
1251
1319
1351
1341
1317
1282
1215
1152
1156
1149
1234
1255
1313
1360
1403
1332
1293
1257
1171
1101
1087
1102
1156
1208
1398
1389
1440
1430
1359
1273
1171
1087
1047
1087
1110
1231
1277
1425
1443
1433
1424
1276
1171
1082
985
992
1075
1167
1312
1415
1457
1564
1452
1300
1176
1073
964
973
1063
1175
1302
1419
1517
1520
1469
1454
1279
1093
979
1026
1022
1108
1246
1356
1453
1463
1460
1386
1273
1143
1017
1075
1009
1099
1224
1340
1399
1438
1439
1370
1267
1224
1157
1150
1169
1190
1214
1210
1328
1343
1359
1376
1356
1390
1313
1260
1219
1185
1140
1148
1171
1158
1271
1342
1363
1379
1409
1352
1232
1225
1158
1076
1094
1127
1186
1271
1308
1429
1462
1480
1374
1250
1143
1031
982
1063
1119
1249
1357
1483
1440
1484
1422
1244
1123
1038
989
1021
1143
1227
1329
1439
1498
1477
1399
1357
1120
1077
1020
1057
1081
1180
1300
1345
1455
1469
1405
1284
1189
1088
1041
1040
1136
1172
1275
1355
1393
1364
1364
1255
1205
1103
1113
1107
1046
1227
1238
1307
1381
1376
1377
1335
1306
1202
1221
1205
1181
1182
1311
1307
1349
1346
1293
1260
1232
1223
1165
1239
1245
1253
1253
1273
1264
1189
1204
1171
1163
1168
1208
1277
1297
1317
1278
1288
1225
1163
1243
1061
1048
1198
1275
1316
1380
1415
1406
1381
1299
1229
1101
1075
1063
1091
1207
1254
1422
1507
1476
1433
1340
1189
1068
985
997
1054
1174
1332
1488
1502
1465
1430
1347
1191
1070
976
966
1015
1152
1258
1359
1469
1541
1485
1435
1245
1100
974
962
1003
1099
1216
1368
1455
1481
1445
1375
1248
1142
1053
1091
1106
1142
1271
1312
1378
1386
1346
1293
1217
1139
1094
1202
1056
1177
1205
1297
1307
1300
1283
1235
1188
1154
1174
1162
1204
1246
1278
1240
1341
1319
1276
1235
1178
1164
1191
1247
1308
1344
1369
1368
1310
1252
1265
1216
1095
1150
1178
1246
1314
1343
1368
1324
1318
1248
1176
1131
1193
1181
1161
1197
1324
1308
1351
1335
1329
1263
1179
1125
1075
1112
1156
1212
1226
1398
1362
1324
1338
1254
1208
1188
1127
1160
1218
1251
1306
1325
1280
1340
1290
1303
1204
1203
1177
1170
1206
1251
1239
1259
1297
1279
1248
1196
1138
1138
1169
1157
1210
1254
1283
1258
1284
1237
1195
1137
1136
1147
1170
1234
1285
1332
1316
1275
1286
1205
1178
1134
1118
1138
1209
1271
1325
1373
1397
1367
1329
1274
1233
1063
1087
1104
1124
1203
1289
1305
1404
1357
1354
1281
1184
1244
1077
1079
1066
1252
1275
1342
1367
1292
1328
1269
1201
1165
1142
1134
1139
1274
1276
1263
1268
1328
1294
1272
1236
1233
1164
1189
1209
1207
1257
1190
1266
1209
1338
1283
1257
1244
1218
1219
1189
1248
1229
1194
1206
1202
1231
1233
1241
1273
1253
1222
1187
1190
1178
1180
1205
1217
1274
1292
1274
1285
1234
1243
1197
1166
1195
1185
1223
1270
1282
1301
1282
1257
1193
1199
1241
1185
1249
1192
1263
1278
1311
1298
1275
1241
1204
1153
1168
1164
1196
1302
1293
1288
1270
1289
1222
1189
1156
1198
1178
1221
1256
1302
1323
1338
1307
1145
1204
1134
1103
1167
1192
1180
1285
1293
1302
1288
1277
1212
1243
1211
1163
1191
1225
1218
1283
1304
1323
1311
1293
1257
1198
1149
1245
1189
1184
1228
1219
1230
1301
1310
1260
1297
1251
1241
1208
1188
1168
1108
1220
1225
1295
1299
1313
1340
1304
1273
1209
1199
1160
1117
1188
1140
1209
1196
1324
1321
1300
1295
1229
1224
1183
1142
1164
1210
1223
1259
1188
1305
1237
1262
1234
1206
1210
1207
1178
1189
1228
1222
1226
1143
1159
1205
1172
1178
1218
1209
1250
1274
1274
1296
1210
1208
1181
1150
1150
1179
1209
1257
1300
1332
1325
1305
1254
1203
1171
1165
1167
1189
1237
1253
1305
1328
1327
1310
1266
1233
1184
1176
1179
1184
1170
1262
1279
1313
1307
1303
1251
1234
1288
1187
1190
1195
1212
1189
1286
1293
1294
1298
1271
1246
1229
1215
1202
1177
1213
1217
1237
1263
1245
1263
1256
1249
1217
1240
1229
1214
1219
1244
1257
1276
1285
1274
1260
1256
1225
1204
1214
1211
1218
1249
1266
1267
1260
1247
1195
1195
1205
1182
1192
1216
1232
1251
1285
1284
1200
1252
1242
1200
1217
1189
1190
1193
1246
1273
1297
1328
1294
1269
1225
1220
1174
1187
1203
1222
1259
1278
1297
1290
1278
1245
1219
1205
1198
1192
1219
1247
1259
1287
1304
1302
1247
1283
1243
1238
1222
1201
1191
1214
1252
1233
1255
1270
1240
1243
1273
1206
1196
1175
1188
1167
1214
1241
1261
1290
1299
1267
1256
1239
1197
1189
1195
1201
1227
1273
1298
1308
1315
1303
1230
1240
1211
1165
1172
1168
1235
1289
1350
1355
1343
1313
1252
1185
1173
1123
1137
1187
1249
1299
1320
1355
1306
1287
1271
1191
1159
1144
1181
1173
1232
1269
1305
1323
1323
1282
1229
1192
1146
1127
1138
1151
1212
1271
1320
1303
1285
1283
1238
1227
1229
1211
1238
1263
1280
1287
1283
1305
1288
1279
1270
1246
1242
1228
1227
1246
1240
1234
1220
1228
1203
1224
1243
1247
1241
1258
1271
1263
1269
1273
1259
1245
1261
1254
1263
1262
1279
1262
1295
1295
1313
1298
1276
1251
1235
1240
1215
1220
1217
1219
1218
1243
1278
1254
1252
1265
1235
1249
1253
1194
1189
1167
1187
1215
1260
1274
1302
1312
1298
1266
1247
1215
1190
1167
1229
1276
1289
1330
1330
1337
1355
1295
1266
1234
1227
1200
1230
1261
1271
1268
1308
1293
1270
1257
1229
1194
1212
1221
1238
1277
1281
1279
1223
1257
1220
1212
1224
1221
1241
1268
1288
1286
1277
1250
1212
1180
1190
1179
1199
1244
1273
1349
1342
1323
1298
1281
1229
1208
1223
1225
1252
1287
1332
1345
1348
1355
1295
1253
1217
1176
1162
1169
1211
1203
1257
1268
1285
1286
1257
1219
1184
1194
1180
1195
1220
1237
1247
1266
1267
1262
1261
1263
1249
1229
1263
1236
1244
1228
1241
1264
1276
1300
1295
1300
1299
1299
1295
1235
1257
1255
1267
1265
1257
1280
1255
1266
1261
1275
1258
1229
1235
1200
1216
1228
1242
1283
1289
1280
1273
1265
1251
1193
1195
1194
1202
1223
1254
1269
1265
1289
1279
1240
1229
1198
1188
1200
1238
1271
1301
1327
1326
1329
1307
1263
1234
1201
1189
1206
1220
1257
1266
1298
1298
1301
1293
1273
1217
1195
1195
1186
1209
1240
1234
1285
1304
1305
1288
1270
1258
1223
1218
1217
1233
1240
1246
1256
1246
1276
1328
1286
1292
1287
1274
1231
1251
1231
1221
1227
1226
1236
1265
1268
1275
1262
1293
1273
1250
1247
1208
1209
1209
1236
1256
1288
1290
1293
1287
1273
1214
1219
1199
1202
1152
1266
1286
1297
1301
1264
1250
1229
1225
1190
1198
1224
1242
1280
1302
1302
1284
1279
1262
1222
1204
1214
1181
1224
1295
1288
1312
1306
1289
1247
1242
1203
1192
1187
1191
1218
1264
1302
1305
1293
1291
1256
1236
1228
1194
1198
1211
1253
1264
1310
1317
1300
1293
1283
1260
1251
1256
1236
1241
1243
1236
1238
1252
1241
1251
1300
1276
1271
1277
1247
1205
1217
1241
1221
1232
1248
1254
1259
1280
1276
1221
1253
1243
1221
1216
1209
1208
1215
1250
1253
1284
1313
1284
1270
1237
1220
1190
1200
1214
1232
1265
1290
1299
1277
1274
1244
1236
1245
1244
1244
1273
1237
1271
1293
1283
1278
1251
1273
1253
1260
1281
1200
1258
1268
1255
1244
1246
1240
1207
1220
1253
1242
1250
1257
1261
1245
1257
1236
1225
1218
1209
1200
1215
1231
1233
1242
1267
1261
1260
1269
1248
1252
1231
1252
1240
1260
1262
1244
1253
1251
1250
1235
1281
1269
1274
1275
1258
1244
1245
1212
1220
1274
1243
1245
1250
1271
1244
1266
1295
1272
1258
1242
1213
1193
1198
1202
1212
1244
1275
1285
1261
1294
1262
1222
1203
1143
1187
1217
1231
1257
1277
1309
1308
1299
1293
1254
1216
1221
1208
1210
1205
1231
1251
1300
1310
1280
1278
1241
1230
1238
1211
1211
1214
1246
1250
1274
1284
1275
1238
1226
1213
1204
1217
1239
1243
1239
1270
1272
1262
1253
1240
1204
1229
1229
1235
1251
1255
1272
1262
1284
1270
1233
1251
1204
1199
1199
1179
1195
1203
1238
1287
1283
1313
1276
1246
1216
1192
1188
1190
1201
1225
1259
1313
1292
1295
1277
1246
1229
1207
1193
1182
1202
1187
1243
1276
1299
1307
1298
1279
1231
1212
1193
1189
1179
1240
1258
1273
1301
1285
1246
1237
1193
1206
1214
1217
1232
1229
1258
1252
1235
1250
1231
1223
1236
1232
1230
1235
1234
1221
1226
1236
1226
1251
1245
1248
1282
1261
1252
1225
1206
1208
1221
1241
1252
1245
1219
1271
1258
1262
1256
1222
1219
1217
1212
1215
1217
1234
1227
1269
1270
1269
1280
1235
1199
1170
1193
1198
1215
1243
1269
1274
1277
1263
1236
1216
1217
1243
1221
1218
1219
1228
1217
1241
1257
1257
1276
1266
1270
1266
1241
1234
1208
1221
1239
1254
1285
1266
1275
1244
1241
1196
1249
1244
1234
1248
1222
1229
1226
1237
1209
1229
1242
1237
1244
1244
1217
1199
1203
1192
1207
1224
1233
1240
1260
1270
1239
1235
1227
1203
1199
1241
1246
1180
1255
1259
1245
1256
1249
1251
1239
1258
1252
1259
1265
1236
1267
1244
1255
1259
1272
1266
1247
1246
1263
1226
1236
1247
1244
1248
1251
1233
1213
1214
1197
1209
1240
1242
1245
1244
1238
1203
1213
1228
1214
1225
1251
1257
1240
1259
1247
1217
1225
1265
1231
1249
1244
1247
1229
1259
1257
1265
1289
1263
1259
1252
1238
1221
1198
1247
1225
1257
1284
1274
1282
1260
1228
1180
1210
1179
1196
1226
1224
1251
1262
1258
1229
1220
1217
1210
1211
1232
1222
1236
1250
1242
1235
1225
1235
1199
1231
1268
1240
1234
1253
1253
1250
1270
1260
1249
1249
1238
1229
1255
1270
1276
1289
1282
1225
1244
1240
1195
1190
1190
1226
1252
1300
1352
1298
1271
1236
1193
1177
1149
1186
1219
1266
1278
1280
1282
1230
1206
1241
1215
1214
1216
1240
1235
1254
1285
1268
1261
1262
1238
1226
1226
1222
1212
1233
1259
1268
1288
1281
1265
1225
1234
1207
1213
1252
1256
1267
1282
1296
1262
1257
1208
1209
1225
1248
1254
1280
1273
1262
1245
1233
1222
1203
1227
1223
1257
1291
1281
1272
1220
1254
1231
1235
1246
1211
1233
1251
1265
1253
1257
1265
1242
1251
1261
1234
1242
1219
1215
1205
1248
1251
1270
1280
1268
1245
1234
1221
1208
1199
1229
1241
1252
1277
1262
1255
1225
1263
1244
1257
1268
1250
1245
1241
1229
1226
1239
1226
1256
1277
1284
1255
1259
1241
1214
1266
1238
1246
1246
1267
1243
1256
1258
1242
1238
1245
1253
1246
1261
1256
1231
1244
1269
1248
1264
1265
1270
1243
1259
1219
1232
1243
1263
1243
1254
1277
1271
1271
1260
1207
1228
1235
1234
1244
1254
1253
1251
1253
1245
1240
1239
1228
1239
1241
1255
1248
1234
1244
1226
1232
1254
1239
1262
1263
1277
1249
1244
1247
1218
1239
1223
1252
1261
1242
1243
1222
1253
1255
1252
1262
1252
1231
1216
1239
1215
1223
1254
1272
1291
1292
1276
1249
1212
1209
1219
1211
1240
1224
1267
1279
1282
1272
1271
1244
1237
1234
1230
1226
1236
1231
1237
1260
1277
1284
1242
1281
1232
1241
1225
1213
1214
1231
1247
1231
1276
1267
1232
1246
1235
1218
1215
1217
1231
1226
1249
1241
1241
1253
1259
1225
1217
1245
1240
1241
1245
1236
1243
1246
1240
1252
1260
1255
1248
1249
1248
1232
1246
1232
1254
1278
1277
1263
1240
1241
1221
1231
1248
1258
1258
1274
1274
1258
1252
1242
1218
1232
1210
1259
1265
1269
1256
1224
1241
1243
1232
1246
1246
1234
1236
1237
1229
1212
1247
1233
1241
1261
1250
1244
1226
1226
1249
1237
1255
1239
1251
1249
1255
1254
1251
1251
1252
1245
1258
1251
1246
1235
1231
1246
1253
1253
1249
1273
1269
1247
1231
1238
1225
1222
1240
1241
1264
1274
1287
1279
1269
1250
1237
1229
1230
1223
1235
1287
1245
1257
1256
1247
1222
1251
1258
1248
1256
1250
1238
1256
1246
1243
1224
1254
1252
1251
1263
1235
1240
1226
1247
1227
1260
1260
1241
1247
1239
1241
1208
1266
1264
1269
1275
1258
1235
1230
1214
1211
1234
1263
1272
1278
1286
1253
1239
1246
1214
1205
1226
1237
1253
1281
1322
1213
1264
1248
1232
1229
1229
1231
1220
1257
1259
1271
1288
1258
1240
1218
1248
1199
1228
1230
1241
1247
1282
1274
1264
1251
1222
1206
1213
1222
1229
1266
1274
1275
1276
1263
1237
1207
1212
1205
1228
1284
1289
1287
1292
1280
1240
1220
1210
1181
1195
1279
1284
1301
1303
1297
1247
1253
1235
1202
1206
1213
1225
1233
1299
1303
1288
1305
1266
1232
1215
1216
1184
1201
1233
1236
1299
1318
1275
1257
1210
1188
1169
1191
1213
1238
1278
1296
1293
1284
1254
1221
1206
1209
1209
1225
1271
1264
1304
1336
1294
1278
1253
1236
1208
1227
1246
1250
1271
1299
1291
1298
1281
1260
1233
1228
1173
1230
1263
1277
1279
1272
1291
1255
1226
1246
1224
1229
1238
1239
1249
1227
1283
1244
1228
1235
1221
1227
1217
1228
1280
1266
1258
1240
1243
1218
1226
1246
1244
1245
1256
1269
1260
1276
1283
1259
1282
1279
1268
1271
1268
1293
1249
1272
1267
1273
1287
1279
1276
1266
1276
1257
1262
1268
1256
1254
1259
1269
1255
1246
1254
1254
1263
1280
1255
1256
1238
1247
1250
1238
1253
1237
1250
1251
1255
1264
1239
1241
1251
1253
1246
1236
1254
1238
1249
1274
1277
1272
1261
1264
1238
1258
1251
1254
1250
1270
1253
1268
1267
1260
1238
1257
1290
1259
1271
1268
1266
1244
1275
1265
1269
1282
1264
1263
1261
1263
1266
1270
1256
1251
1273
1256
1226
1218
1223
1225
1272
1259
1260
1253
1261
1239
1242
1255
1251
1242
1256
1265
1266
1276
1289
1262
1265
1264
1256
1244
1246
1257
1241
1269
1265
1279
1294
1282
1262
1245
1255
1246
1245
1258
1262
1274
1291
1328
1274
1254
1256
1271
1213
1242
1236
1257
1254
1273
1299
1286
1285
1245
1244
1238
1227
1251
1245
1267
1287
1291
1282
1250
1250
1221
1219
1200
1244
1259
1258
1266
1244
1262
1252
1236
1232
1242
1239
1242
1270
1273
1265
1275
1297
1264
1259
1248
1243
1227
1268
1297
1297
1314
1289
1285
1264
1258
1247
1255
1259
1269
1286
1306
1287
1260
1260
1229
1227
1219
1222
1219
1256
1254
1263
1269
1268
1244
1231
1227
1213
1216
1241
1231
1260
1279
1278
1265
1250
1243
1212
1217
1207
1232
1252
1264
1264
1259
1275
1262
1241
1238
1230
1225
1245
1268
1281
1294
1299
1288
1271
1268
1238
1221
1220
1251
1286
1303
1314
1290
1287
1258
1244
1226
1240
1239
1251
1275
1287
1278
1285
1253
1237
1188
1231
1226
1222
1243
1225
1252
1257
1252
1250
1250
1240
1218
1233
1236
1228
1243
1264
1266
1238
1266
1260
1231
1247
1278
1256
1280
1298
1271
1256
1270
1257
1249
1251
1245
1257
1274
1277
1277
1273
1262
1257
1250
1257
1235
1254
1242
1262
1225
1278
1266
1244
1248
1225
1230
1238
1254
1252
1262
1261
1257
1247
1248
1212
1213
1247
1231
1250
1255
1270
1249
1278
1317
1259
1251
1242
1219
1224
1247
1254
1242
1283
1277
1265
1262
1259
1214
1201
1222
1206
1259
1288
1277
1276
1270
1262
1245
1251
1242
1250
1262
1266
1267
1277
1277
1263
1249
1264
1254
1244
1250
1219
1231
1245
1242
1242
1236
1249
1235
1245
1253
1197
1236
1228
1235
1231
1240
1240
1228
1239
1284
1247
1264
1274
1256
1233
1253
1247
1239
1250
1246
1257
1278
1313
1277
1270
1268
1229
1236
1245
1232
1253
1259
1279
1273
1299
1295
1259
1250
1224
1231
1239
1253
1264
1248
1289
1267
1277
1251
1220
1211
1246
1223
1208
1233
1254
1224
1247
1266
1230
1224
1199
1208
1210
1232
1237
1227
1266
1282
1258
1261
1244
1228
1185
1228
1208
1255
1288
1278
1286
1264
1273
1240
1237
1239
1230
1252
1273
1278
1295
1278
1271
1257
1258
1239
1223
1231
1218
1235
1265
1273
1268
1228
1271
1246
1248
1249
1224
1219
1226
1235
1244
1264
1273
1242
1247
1262
1220
1217
1209
1214
1197
1245
1254
1260
1266
1285
1238
1230
1227
1224
1225
1258
1261
1276
1290
1264
1254
1238
1239
1202
1232
1243
1234
1246
1247
1259
1280
1268
1252
1239
1233
1214
1210
1222
1228
1233
1258
1276
1271
1253
1250
1206
1213
1240
1214
1234
1243
1280
1259
1283
1278
1261
1247
1238
1211
1214
1221
1225
1232
1253
1218
1267
1297
1260
1247
1217
1231
1206
1191
1232
1237
1251
1281
1276
1269
1250
1253
1232
1224
1228
1210
1236
1221
1245
1286
1271
1266
1235
1229
1198
1201
1219
1214
1217
1242
1251
1265
1248
1257
1228
1223
1232
1227
1227
1226
1239
1223
1258
1250
1271
1276
1259
1236
1213
1221
1214
1228
1240
1249
1251
1265
1246
1236
1222
1221
1222
1223
1230
1217
1224
1214
1218
1250
1244
1257
1240
1247
1232
1227
1230
1193
1211
1220
1253
1259
1268
1276
1257
1249
1236
1221
1214
1202
1222
1215
1227
1256
1267
1284
1273
1250
1229
1225
1203
1188
1191
1219
1221
1248
1265
1263
1249
1255
1230
1212
1201
1178
1192
1206
1244
1261
1240
1274
1255
1237
1222
1185
1180
1183
1190
1256
1262
1279
1259
1260
1229
1226
1211
1206
1199
1203
1228
1237
1247
1262
1240
1235
1235
1221
1206
1202
1219
1196
1232
1234
1264
1271
1257
1237
1207
1217
1238
1209
1223
1246
1246
1258
1263
1250
1216
1221
1246
1211
1235
1229
1235
1227
1247
1251
1228
1239
1233
1237
1241
1233
1233
1224
1231
1224
1232
1255
1225
1234
1224
1220
1184
1230
1231
1228
1238
1214
1255
1240
1248
1219
1218
1225
1216
1234
1246
1220
1247
1246
1236
1231
1229
1234
1214
1237
1261
1239
1244
1234
1223
1209
1253
1260
1267
1270
1251
1233
1224
1214
1201
1206
1233
1251
1264
1276
1246
1240
1201
1197
1194
1209
1220
1226
1255
1263
1273
1267
1250
1237
1234
1222
1205
1196
1212
1208
1237
1255
1301
1290
1270
1257
1200
1199
1196
1189
1210
1259
1276
1298
1305
1288
1241
1214
1192
1173
1187
1208
1238
1245
1291
1293
1295
1266
1214
1193
1183
1190
1200
1231
1243
1264
1274
1280
1252
1245
1208
1193
1143
1192
1221
1234
1271
1278
1280
1280
1266
1230
1204
1200
1198
1224
1254
1275
1277
1286
1271
1245
1222
1207
1177
1205
1259
1241
1261
1271
1253
1223
1245
1234
1221
1236
1254
1240
1249
1259
1244
1235
1248
1241
1255
1259
1227
1248
1215
1221
1215
1244
1268
1223
1246
1237
1226
1218
1234
1219
1225
1222
1236
1240
1238
1223
1216
1255
1239
1241
1265
1264
1219
1226
1256
1225
1221
1232
1242
1247
1268
1272
1235
1245
1240
1224
1220
1206
1227
1219
1247
1243
1256
1266
1266
1222
1215
1242
1217
1234
1244
1248
1257
1269
1262
1262
1261
1239
1223
1224
1245
1188
1219
1219
1248
1277
1284
1275
1260
1251
1224
1217
1230
1161
1231
1255
1255
1264
1260
1258
1222
1232
1259
1235
1247
1244
1243
1205
1239
1241
1239
1254
1261
1249
1242
1258
1225
1226
1231
1223
1231
1251
1243
1248
1237
1239
1225
1252
1261
1243
1244
1249
1244
1249
1245
1235
1239
1256
1294
1262
1273
1246
1235
1269
1231
1223
1222
1247
1229
1256
1288
1270
1268
1255
1257
1238
1232
1226
1211
1236
1250
1252
1257
1271
1258
1238
1242
1190
1216
1228
1217
1236
1234
1278
1276
1279
1274
1248
1221
1215
1210
1214
1245
1283
1271
1287
1290
1259
1225
1217
1211
1245
1226
1243
1242
1264
1263
1273
1275
1262
1235
1243
1237
1221
1185
1254
1229
1238
1217
1258
1252
1238
1244
1189
1203
1190
1213
1236
1255
1258
1272
1277
1228
1201
1228
1220
1219
1242
1253
1258
1240
1272
1289
1271
1270
1243
1247
1232
1239
1249
1248
1249
1252
1269
1276
1258
1264
1247
1231
1214
1231
1231
1227
1247
1244
1263
1253
1257
1245
1220
1217
1201
1181
1239
1247
1253
1282
1261
1245
1243
1257
1205
1205
1225
1224
1240
1243
1247
1231
1266
1266
1252
1265
1248
1231
1231
1234
1237
1232
1261
1259
1262
1277
1245
1236
1223
1223
1233
1252
1267
1256
1265
1253
1250
1233
1243
1230
1236
1249
1216
1234
1248
1268
1236
1242
1260
1250
1242
1249
1213
1233
1251
1247
1257
1263
1262
1250
1266
1257
1196
1250
1270
1248
1239
1263
1257
1239
1244
1266
1225
1240
1228
1239
1237
1281
1249
1255
1252
1235
1228
1252
1233
1238
1251
1248
1252
1253
1252
1233
1244
1221
1234
1228
1260
1242
1236
1262
1241
1255
1264
1252
1248
1256
1262
1253
1258
1268
1244
1254
1295
1247
1242
1236
1232
1214
1250
1286
1259
1273
1256
1239
1227
1224
1210
1194
1234
1242
1257
1270
1263
1254
1225
1219
1178
1222
1247
1238
1266
1263
1274
1268
1276
1257
1241
1241
1233
1239
1249
1270
1258
1273
1284
1268
1254
1253
1212
1212
1253
1227
1251
1258
1272
1268
1283
1303
1246
1244
1218
1210
1229
1250
1257
1263
1274
1264
1253
1254
1224
1212
1202
1240
1238
1273
1286
1268
1267
1264
1253
1234
1217
1228
1235
1245
1289
1247
1269
1256
1260
1267
1262
1264
1232
1243
1220
1249
1271
1270
1267
1275
1283
1243
1235
1229
1220
1226
1242
1244
1270
1263
1263
1230
1250
1231
1239
1247
1232
1237
1240
1263
1256
1234
1264
1261
1262
1264
1244
1245
1227
1211
1217
1256
1262
1256
1276
1254
1250
1245
1252
1241
1244
1251
1246
1244
1253
1252
1237
1242
1253
1250
1239
1241
1231
1240
1272
1237
1239
1235
1242
1235
1261
1275
1267
1266
1260
1241
1217
1238
1227
1221
1249
1254
1262
1278
1283
1253
1227
1245
1229
1246
1262
1247
1236
1260
1257
1256
1261
1254
1244
1245
1259
1229
1254
1231
1226
1282
1254
1247
1232
1243
1207
1222
1241
1234
1237
1248
1243
1241
1247
1240
1219
1239
1250
1248
1257
1264
1258
1221
1249
1221
1231
1240
1237
1237
1243
1271
1264
1270
1287
1249
1234
1239
1223
1225
1228
1241
1236
1256
1266
1246
1263
1235
1238
1244
1239
1225
1231
1244
1255
1254
1264
1221
1242
1220
1234
1227
1222
1244
1222
1243
1250
1261
1238
1225
1222
1194
1221
1232
1218
1250
1254
1240
1237
1239
1221
1207
1216
1231
1232
1243
1246
1236
1197
1237
1228
1227
1245
1225
1230
1231
1240
1242
1247
1254
1243
1251
1253
1231
1239
1221
1216
1262
1248
1265
1245
1265
1231
1242
1242
1232
1228
1220
1242
1230
1247
1252
1212
1242
1227
1239
1244
1241
1247
1224
1227
1202
1222
1229
1237
1243
1224
1259
1253
1245
1236
1228
1214
1221
1228
1238
1249
1262
1251
1252
1254
1226
1223
1199
1238
1245
1237
1248
1239
1241
1245
1242
1238
1230
1225
1218
1224
1250
1220
1240
1234
1242
1211
1270
1251
1241
1240
1199
1217
1224
1250
1254
1271
1261
1247
1244
1235
1193
1202
1226
1219
1234
1246
1249
1223
1245
1274
1231
1245
1233
1225
1219
1247
1253
1245
1257
1243
1265
1253
1247
1237
1227
1235
1212
1232
1255
1237
1242
1242
1247
1227
1243
1238
1217
1228
1231
1248
1257
1265
1245
1239
1245
1221
1221
1230
1205
1221
1254
1242
1242
1234
1254
1216
1241
1259
1234
1236
1220
1224
1221
1245
1239
1217
1250
1257
1230
1240
1232
1217
1202
1227
1229
1245
1268
1245
1246
1240
1244
1229
1253
1254
1245
1248
1256
1236
1227
1242
1237
1244
1265
1262
1236
1241
1204
1201
1227
1224
1227
1242
1250
1241
1252
1258
1171
1227
1232
1247
1224
1228
1237
1217
1235
1268
1248
1264
1252
1245
1218
1230
1221
1223
1234
1246
1241
1264
1269
1274
1241
1239
1225
1219
1231
1230
1243
1245
1266
1247
1258
1251
1225
1230
1217
1220
1228
1257
1250
1249
1257
1238
1222
1223
1210
1212
1272
1250
1267
1252
1256
1223
1243
1250
1225
1229
1228
1227
1230
1257
1267
1253
1274
1275
1254
1244
1227
1210
1206
1233
1221
1283
1306
1321
1259
1221
1220
1200
1173
1220
1229
1260
1285
1291
1279
1252
1232
1210
1208
1209
1204
1234
1220
1247
1299
1276
1270
1246
1255
1215
1209
1215
1220
1212
1240
1262
1265
1271
1275
1262
1235
1198
1230
1242
1248
1250
1244
1267
1252
1245
1217
1241
1229
1240
1256
1254
1217
1259
1254
1234
1236
1227
1247
1219
1252
1283
1265
1269
1239
1226
1207
1217
1224
1242
1244
1255
1269
1281
1262
1224
1240
1225
1217
1225
1229
1222
1250
1243
1262
1265
1276
1261
1243
1236
1184
1211
1223
1235
1246
1270
1299
1267
1250
1245
1202
1202
1234
1226
1243
1258
1266
1247
1283
1273
1239
1248
1275
1230
1246
1251
1248
1179
1245
1238
1232
1246
1230
1236
1225
1213
1219
1241
1248
1227
1238
1235
1237
1243
1251
1244
1240
1250
1246
1241
1247
1240
1226
1237
