720
1443
1442
1420
1188
1216
1209
1192
1253
1230
1207
1206
1134
1159
1226
1206
1230
1260
1227
1256
1221
1239
1238
1205
1245
1253
1258
1242
1255
1260
1266
1133
1206
1235
1235
1238
1243
1224
1221
1337
1173
1271
1256
1254
1219
1212
1243
1200
1201
1169
1275
1209
1215
1228
1183
1195
1194
1226
1219
1334
1236
1185
1229
1231
1194
1210
1248
1233
1235
1169
1282
1219
1231
1246
1230
1263
1242
1233
1223
1196
1330
1233
1238
1226
1238
1217
1226
1218
1223
1154
1166
1216
1208
1230
1189
1200
1230
1276
1224
1315
1260
1219
1211
1240
1230
1230
1232
1218
1228
1197
1257
1232
1220
1239
1229
1222
1181
1281
1216
1217
1211
1201
1172
1247
1206
1271
1152
1201
1205
1225
1238
1241
1220
1225
1291
1231
1263
1235
1229
1215
1261
1247
1261
1308
1213
1250
1227
1254
1241
1260
1249
1230
1261
1207
1171
1212
1197
1194
1189
1154
1210
1191
1180
1212
1172
1201
1196
1227
1202
1169
1256
1236
1232
1190
1267
1252
1259
1282
1247
1245
1229
1172
1175
1173
1229
1196
1207
1226
1224
1248
1425
1383
1364
1422
1403
1397
1357
1355
1289
1289
1386
1354
1275
1229
1195
1033
1030
955
878
846
878
814
871
936
946
933
959
982
1080
1173
1332
1442
1442
1533
1590
1579
1557
1552
1548
1531
1476
1447
1342
1331
1226
1158
1127
1077
1011
1003
968
1008
1000
924
957
981
999
1176
1234
1295
1371
1441
1494
1528
1597
1564
1568
1497
1492
1437
1385
1346
1292
1296
1319
1366
1298
1264
1252
1230
1198
1237
1255
1250
1382
1311
1228
1206
1144
1068
1060
1095
1074
1055
955
1025
923
920
922
916
1004
1069
1122
1170
1245
1211
1278
1309
1343
1318
1366
1416
1414
1426
1440
1519
1435
1402
1395
1320
1207
1116
1094
1043
1036
1094
1123
1193
1221
1274
1319
1325
1366
1303
1281
1342
1325
1306
1333
1309
1280
1271
1213
1183
1143
1093
1062
976
1018
994
987
1099
1012
1155
1256
1296
1336
1371
1428
1443
1474
1553
1510
1560
1580
1522
1435
1338
1299
1229
1196
1195
1136
1148
1129
1117
1077
1110
1146
1141
1350
1288
1262
1249
1235
1203
1172
1154
1252
1123
1111
1130
1112
1050
1113
1069
1079
1117
1240
1152
1202
1211
1226
1233
1252
1308
1337
1385
1345
1500
1468
1376
1379
1344
1336
1336
1340
1342
1464
1383
1346
1357
1352
1319
1367
1369
1338
1310
1184
1338
1254
1261
1261
1217
1215
1214
1170
1138
1133
1121
1098
1106
1181
1218
1237
1260
1217
1328
1151
1235
1213
1250
1275
1258
1242
1242
1204
1161
1237
1170
1184
1195
1198
1159
1085
1045
1099
1087
1112
1258
1267
1319
1338
1324
1318
1284
1403
1357
1397
1383
1349
1333
1238
1167
1173
1296
1151
1206
1272
1280
1285
1319
1347
1355
1239
1476
1485
1465
1465
1423
1370
1339
1316
1237
1278
1258
1304
1252
1232
1232
1193
1198
1195
1272
1261
1270
1319
1277
1251
1255
1233
1227
1185
1188
1308
1250
1202
1104
1090
1113
1089
1179
1072
1163
1124
1125
1133
1136
1207
1266
1305
1348
1410
1451
1380
1380
1375
1338
1356
1373
1345
1268
1272
1183
1080
1080
1106
1094
1149
1149
1104
1098
1084
1123
1137
1189
1284
1325
1382
1410
1382
1318
1275
1314
1333
1314
1329
1331
1264
1142
1284
1215
1210
1252
1298
1338
1365
1363
1462
1264
1337
1271
1285
1334
1315
1347
1334
1270
1218
1183
1162
1180
1208
1251
1266
1238
1243
1213
1214
1195
1276
1313
1330
1313
1261
1201
1150
1141
1105
1173
1190
1159
1121
1146
1083
1078
1195
1059
1162
1186
1275
1240
1252
1236
1234
1257
1255
1339
1428
1431
1442
1379
1383
1286
1267
1310
1232
1297
1338
1346
1297
1284
1216
1268
1280
1300
1265
1326
1268
1228
1179
1132
1142
1185
1204
1230
1218
1250
1217
1154
1212
1205
1253
1328
1320
1371
1400
1386
1304
1284
1281
1259
1260
1303
1231
1190
1066
1112
1055
1083
1107
1166
1181
1215
1196
1201
1128
1126
1161
1286
1348
1360
1366
1350
1225
1240
1261
1261
1313
1330
1364
1313
1220
1220
1164
1146
1206
1241
1321
1323
1306
1293
1272
1287
1286
1294
1360
1399
1395
1363
1316
1266
1235
1220
1326
1311
1350
1352
1291
1237
1194
1200
1141
1229
1325
1335
1345
1331
1270
1225
1306
1187
1222
1241
1336
1301
1228
1224
1166
1156
1111
1251
1300
1267
1264
1218
1187
1132
1115
1173
1147
1327
1342
1341
1319
1302
1187
1209
1216
1245
1304
1312
1249
1218
1168
1113
1125
1180
1236
1263
1247
1289
1212
1175
1142
1115
1175
1235
1302
1260
1277
1281
1184
1178
1166
1238
1299
1366
1378
1288
1196
1224
1194
1263
1311
1364
1406
1411
1362
1272
1205
1199
1219
1280
1369
1390
1389
1332
1324
1209
1210
1228
1229
1272
1348
1291
1244
1215
1103
1089
1133
1190
1200
1290
1303
1243
1088
1215
1158
1200
1274
1318
1290
1281
1254
1114
1203
1150
1216
1224
1329
1395
1339
1273
1196
1126
1128
1259
1332
1368
1396
1377
1274
1210
1186
1090
1330
1283
1347
1354
1357
1275
1193
1159
1176
1221
1323
1376
1368
1314
1250
1170
1130
1164
1211
1295
1339
1333
1294
1201
1122
1147
1168
1269
1368
1438
1427
1332
1257
1185
1201
1215
1287
1353
1397
1341
1334
1212
1121
1095
1101
1232
1286
1299
1233
1209
1175
1097
1113
1154
1243
1315
1338
1330
1299
1206
1098
1103
1157
1203
1293
1333
1284
1308
1238
1169
1173
1248
1308
1354
1381
1357
1270
1183
1195
1187
1294
1379
1438
1408
1334
1224
1112
1151
1182
1261
1345
1441
1384
1303
1220
1085
1048
1198
1215
1300
1387
1323
1321
1189
1145
1221
1218
1304
1364
1413
1372
1302
1203
1124
1099
1219
1300
1379
1427
1386
1305
1203
1185
1192
1229
1300
1405
1360
1330
1275
1116
1054
1167
1083
1230
1313
1312
1223
1190
1101
1043
1088
1207
1225
1324
1366
1330
1280
1119
1119
1141
1201
1419
1431
1430
1344
1226
1136
1080
1151
1261
1274
1447
1401
1354
1286
1163
1138
1199
1240
1366
1516
1420
1320
1208
1137
1147
1172
1290
1299
1381
1352
1315
1231
1101
1102
1174
1360
1347
1404
1351
1319
1147
1138
1126
1161
1269
1337
1339
1312
1252
1144
1053
1098
1181
1340
1429
1423
1379
1267
1150
1182
1074
1154
1333
1428
1413
1365
1244
1149
1104
1116
1164
1253
1349
1354
1268
1188
1014
1059
1081
1201
1380
1443
1379
1317
1188
1091
1016
1087
1179
1330
1366
1424
1342
1217
1153
1107
1140
1245
1381
1446
1400
1305
1134
1128
1093
1124
1254
1415
1425
1391
1311
1171
1073
1080
1191
1260
1346
1411
1360
1276
1134
1046
1106
1185
1227
1400
1426
1377
1296
1250
1107
1112
1212
1195
1392
1392
1303
1213
1114
1045
1104
1195
1354
1382
1357
1302
1218
1067
998
1119
1142
1245
1395
1383
1304
1224
1096
1061
1109
1203
1483
1424
1435
1296
1245
1128
1093
1182
1273
1206
1466
1413
1291
1217
1103
1034
1188
1220
1560
1481
1439
1319
1235
1136
1116
1204
1250
1412
1502
1395
1280
1169
1109
1051
1219
1228
1348
1465
1378
1276
1157
1125
1060
1143
1255
1445
1397
1324
1198
1046
1054
1047
1205
1210
1529
1410
1318
1212
1046
1081
1078
1187
1249
1552
1435
1308
1204
1059
1037
1112
1146
1232
1516
1415
1287
1203
1045
1020
1104
1218
1233
1537
1419
1264
1196
1050
1027
1163
1250
1243
1548
1412
1281
1203
1088
1014
1199
1293
1251
1540
1427
1285
1217
1104
1040
1220
1317
1231
1552
1403
1274
1172
1122
1102
1229
1299
1231
1506
1347
1207
1061
1082
1077
1198
1294
1242
1515
1339
1215
1030
1030
1101
1199
1316
1233
1508
1352
1226
1065
1155
1150
1265
1312
1265
1474
1298
1173
1005
1103
1106
1237
1214
1218
1434
1243
1143
1005
1133
1113
1266
1255
1368
1446
1279
1187
1039
1128
1174
1306
1261
1512
1454
1296
1166
1063
1126
1186
1337
1245
1531
1444
1261
1175
1063
1069
1222
1273
1293
1542
1390
1219
1130
1048
1055
1205
1316
1239
1526
1373
1192
1113
1049
1007
1188
1250
1260
1521
1352
1207
1098
1094
1107
1263
1328
1253
1515
1326
1193
1063
1083
1077
1265
1315
1202
1505
1327
1161
1055
1163
1173
1302
1312
1270
1522
1333
1201
1055
1160
1146
1280
1291
1210
1475
1281
1119
1022
1154
1183
1326
1340
1165
1466
1262
1186
1045
1193
1193
1347
1307
1197
1439
1241
1133
1014
1149
1169
1343
1281
1155
1432
1245
1157
1053
1238
1222
1369
1293
1159
1387
1190
1132
1031
1209
1215
1313
1279
1186
1355
1186
1123
1054
1246
1237
1362
1257
1433
1375
1208
1147
1097
1270
1296
1321
1267
1426
1314
1151
1109
1073
1116
1262
1308
1180
1421
1262
1116
1055
1089
1181
1307
1356
1224
1450
1297
1143
1095
1147
1164
1340
1338
1245
1475
1310
1162
1074
1160
1148
1303
1310
1211
1434
1251
1138
1026
1166
1222
1313
1333
1222
1445
1245
1135
1034
1204
1254
1408
1345
1191
1434
1238
1135
1042
1224
1226
1383
1314
1155
1394
1211
1125
1032
1225
1235
1334
1294
1069
1315
1123
1065
1001
1204
1248
1324
1300
1316
1343
1161
1116
1051
1233
1270
1360
1284
1433
1342
1173
1133
1105
1190
1330
1413
1237
1510
1336
1174
1134
1108
1193
1357
1402
1253
1487
1285
1135
1065
1108
1113
1341
1361
1228
1477
1270
1117
1023
1117
1149
1357
1338
1219
1460
1241
1107
729
1345
1186
1324
1410
1209
1487
1250
1111
772
1300
1202
1336
1335
1207
1415
1199
1074
1079
1305
1166
1358
1304
1306
1411
1204
787
1054
1301
1219
1396
1351
1631
1408
1241
794
1094
1069
1239
1297
1314
1567
1345
1146
639
1055
1172
1230
1295
1307
1586
1295
1149
669
1229
1121
1266
1340
1259
1554
1319
1124
686
1217
1071
1249
1372
1307
1553
1324
1143
717
1279
1170
1285
1368
1707
1560
1329
1147
727
1322
1121
1344
1401
1608
1504
1279
770
733
1319
1156
1279
1367
1686
1487
1191
747
674
1325
1130
1318
1362
1677
1453
1206
639
731
1340
1115
1317
1335
1644
1417
1175
685
706
1350
1186
1315
1350
1664
1433
1209
674
741
1393
1199
1375
1582
1682
1435
1196
706
1094
1150
1216
1384
1371
1639
1377
1116
665
1054
1379
1206
1354
1751
1607
1362
1145
657
1197
1071
1289
1378
1560
1610
1339
807
686
1245
1110
1292
1388
1775
1576
1328
805
694
1245
1116
1321
1410
1778
1568
1289
667
683
1299
1127
1347
1383
1766
1536
1245
625
682
1283
1102
1331
1407
1742
1514
1251
703
694
1352
1159
1396
1566
1751
1503
1207
681
718
1350
1132
1340
1448
1674
1410
1128
569
679
1329
1119
1341
1782
1674
1427
798
652
1100
1425
1244
1436
1821
1776
1470
878
715
1084
1384
1237
1391
1773
1613
1324
671
613
1033
1293
1069
1292
1584
1526
1247
613
639
1142
1106
1241
1419
1762
1593
1338
710
729
1273
1177
1310
1625
1729
1560
1330
710
693
1321
1145
1304
1396
1720
1486
1197
672
726
1349
1135
1312
1771
1708
1483
1236
647
738
1348
1109
1291
1732
1651
1439
1201
711
759
1418
1221
1375
1796
1700
1470
843
674
807
1444
1191
1326
1574
1635
1393
847
678
1097
1280
1172
1257
1700
1590
1364
771
703
1216
1406
1275
1368
1550
1575
1330
756
667
1136
1205
1193
1279
1588
1478
1237
674
641
1183
1033
1196
1459
1619
1489
1287
722
777
1343
1176
1290
1610
1727
1541
1315
761
758
1364
1105
1268
1688
1664
1488
1259
759
754
1391
1123
1239
1690
1629
1442
873
727
820
1426
1142
1270
1521
1676
1472
928
775
778
1383
1062
1161
1369
1498
1328
768
703
1090
1450
1193
1272
1392
1629
1458
854
844
1276
1355
1134
1248
1531
1533
1368
821
782
1346
1250
1207
1315
1619
1582
1394
844
867
1350
1294
1221
1571
1571
1512
1320
767
793
1371
1049
1136
1571
1553
1459
1317
805
884
1465
1174
1262
1662
1660
1534
1037
891
1301
1519
1139
1227
1623
1590
1447
937
811
847
1387
1019
1061
1525
1480
1372
836
874
906
1532
1185
1227
1418
1590
1453
931
869
1290
1486
1098
1172
1210
1508
1390
890
1107
1319
1445
1104
1130
1301
1436
1332
788
858
1390
1156
1161
1179
1501
1516
1323
895
1102
1438
1136
1113
1459
1459
1443
1355
939
1111
1550
1191
1274
1478
1624
1582
1468
1009
1032
1542
1186
1163
1535
1498
1414
954
867
958
1497
1119
1145
1340
1538
1421
1033
994
1122
1586
1211
1199
1458
1544
1437
927
922
951
1469
1015
1021
1204
1319
1283
817
868
1390
1461
1162
1187
1345
1553
1455
988
1354
1484
1529
1179
1155
1204
1449
1350
856
1160
1441
1102
1051
1131
1409
1481
1384
929
1078
1515
1174
1142
1508
1449
1473
1397
966
1146
1539
1210
1163
1560
1473
1453
980
950
997
1508
1073
1100
1478
1458
1428
948
973
1084
1603
1209
1232
1471
1517
1429
935
1295
993
1449
1011
960
1196
1333
1272
847
1122
1064
1608
1194
1256
1313
1627
1556
1088
1479
1183
1637
1177
1259
1276
1400
1322
821
1139
1386
1386
1143
1118
1321
1514
1418
942
1298
1449
1440
1181
1485
1300
1496
1451
985
1063
1525
1134
1079
1312
1317
1329
1267
893
994
1438
1123
1105
1491
1416
1450
1028
1276
1104
1616
1171
1160
1521
1472
1428
991
995
1077
1572
1132
1121
1307
1433
1391
903
1374
1046
1597
1150
1174
1304
1454
1380
913
1317
1023
1508
1025
978
1122
1334
1262
771
1193
995
1526
1124
1124
1293
1470
1437
1012
1221
1518
1580
1185
1177
1307
1494
1366
948
1021
1381
1293
1076
1263
1197
1347
1306
876
1036
1544
1211
1163
1383
1423
1503
1047
1308
1117
1591
1268
1208
1531
1438
1413
987
1239
985
1508
1130
1087
1316
1421
1374
989
1098
1024
1551
1176
1142
1364
1478
1382
922
1337
1020
1512
1094
1053
1192
1444
1392
954
1360
1082
1603
1167
1195
1324
1520
1441
962
1347
1095
1575
1121
1102
1261
1426
1324
866
1045
1331
1276
1096
1088
1266
1447
1368
911
1040
1366
1359
1182
1352
1319
1494
1415
954
1040
1256
1259
1141
1545
1365
1423
960
1269
994
1482
1167
1150
1548
1465
1490
1058
1346
1041
1512
1175
1157
1347
1421
1398
886
1313
928
1468
1106
1084
1491
1447
1403
941
1344
1043
1598
1226
1206
1329
1543
1481
893
1374
1081
1579
1145
1142
1404
1456
1351
883
1189
991
1553
1144
1161
1439
1449
1407
898
1017
1078
1598
1189
1510
1347
1507
1394
988
1024
1341
1288
1202
1316
1300
1427
1322
865
905
1100
1203
1056
1513
1302
1424
945
1317
1011
1523
1237
1232
1573
1469
1457
989
1249
962
1442
1147
1178
1483
1422
1398
909
1336
995
1532
1142
1195
1488
1481
1380
816
1275
908
1480
1115
1131
1294
1457
1375
832
1295
976
1574
1194
1266
1448
1570
1449
921
1251
1056
1562
1169
1181
1220
1495
1331
1081
1030
1041
1554
1222
1554
1471
1513
1378
1103
923
1216
1217
1112
1135
1270
1419
1314
1002
945
1138
1226
1219
1651
1292
1520
1032
1348
1003
1500
1189
1216
1552
1464
1461
969
1276
951
1443
1157
1222
1565
1488
1441
880
1303
941
1507
1145
1212
1606
1520
1450
940
1344
1020
1540
1217
1266
1354
1583
1457
872
1323
997
1512
1128
1289
1351
1453
1316
826
1133
882
1424
1072
1136
1350
1483
1329
1132
1112
993
1521
1215
1550
1356
1537
1386
1192
939
1248
1217
1139
1205
1352
1482
958
1287
963
1158
1177
1225
1655
1406
1519
1004
1282
928
1396
1079
1141
1566
1453
1477
1020
1293
958
1461
1207
1239
1538
1578
1537
997
1365
988
1448
1112
1194
1356
1463
1414
845
1243
907
1457
1149
1196
1472
1556
1438
916
1300
944
1474
1101
1153
1480
1501
1395
879
1135
969
1472
1159
1239
1445
1554
1389
1219
1095
941
1438
1126
1593
1428
1576
1419
1235
940
1138
1144
1141
1311
1366
1490
956
1244
882
1005
1128
1159
1591
1390
1502
1009
1278
898
1354
1070
1131
1461
1426
1437
994
1214
869
1369
1076
1169
1577
1506
1454
867
1280
842
1373
1119
1176
1343
1565
1509
957
1316
957
1514
1171
1229
1400
1579
1452
835
1197
855
1417
1083
1198
1438
1584
1457
907
1103
908
1428
1143
1238
1421
1564
1385
1157
1014
840
1284
1071
1349
1432
1456
1363
1209
911
1108
1143
1205
1323
1434
1607
1066
1321
933
1094
1096
1161
1558
1376
1522
1024
1295
873
958
1113
1145
1544
1517
1524
918
1292
887
1342
1037
1176
1584
1499
1464
873
1269
852
1349
1056
1174
1374
1566
1489
940
1275
877
1436
1098
1178
1419
1576
1448
863
1224
829
1373
1020
1113
1383
1527
1410
884
1120
907
1403
1123
1221
1459
1620
1429
1233
1092
885
1308
1131
1384
1392
1553
1429
1274
935
1101
1092
1202
1255
1415
1530
965
1252
858
923
1039
1119
1548
1368
1532
1006
1279
867
952
1058
1167
1615
1454
1526
926
1319
891
1362
1085
1221
1640
1537
1493
893
1203
837
1289
1055
1157
1423
1530
1469
933
1239
826
1387
1030
1115
1274
1596
1464
920
1292
916
1438
1103
1177
1295
1572
1472
972
1097
937
1413
1112
1243
1372
1618
1480
1308
1106
972
1375
1154
1357
1423
1543
1394
1234
926
1061
1047
1076
1124
1334
1494
946
1267
831
1009
1027
1090
1540
1339
1512
1016
1288
891
974
1131
1183
1629
1471
1526
967
1326
862
1344
1026
1164
1584
1518
1476
912
1281
869
1327
1067
1145
1355
1511
1444
896
1292
899
1395
1093
1182
1409
1567
1467
930
1254
870
1394
1091
1229
1370
1543
1411
884
1130
886
1353
1112
1181
1310
1577
1438
1276
1062
962
1311
1091
1185
1391
1539
1418
1283
919
947
1292
1153
1567
1351
1527
1011
1315
931
1054
1109
1169
1542
1412
1494
985
1251
809
874
1014
1105
1513
1450
1476
899
1303
895
1353
1094
1179
1619
1542
1533
940
1323
951
1402
1122
1222
1412
1519
1489
893
1315
851
1391
1029
1125
1345
1512
1415
873
1240
895
1378
1047
1095
1367
1509
1422
895
1228
946
1381
1086
1121
1325
1508
1365
1246
1091
895
1317
1094
1263
1320
1494
1381
1258
911
966
1339
1183
1630
1429
1592
1082
1385
965
1035
1128
1161
1541
1344
1463
987
1272
869
932
1079
1158
1557
1402
1537
936
1315
903
1354
1067
1119
1479
1470
1461
882
1292
861
1375
1090
1161
1488
1508
1484
939
1336
919
1467
1137
1223
1579
1594
1507
955
1350
941
1492
1137
1239
1485
1571
1456
904
1294
1328
1166
1033
1140
1091
980
1377
1291
1252
1195
1206
1306
1216
1141
1049
966
1307
1352
1399
1467
1380
1428
1364
1097
980
918
869
1412
1473
1517
1380
1306
1203
893
878
829
902
1445
1569
1569
1498
1224
1136
1072
916
1009
1070
1143
1648
1591
1465
1216
1132
1175
1039
1177
1169
1199
1585
1479
1300
1270
1120
1206
1258
1169
1211
1111
1013
1397
1330
1372
1291
1368
1431
1242
1109
1004
922
1299
1341
1423
1467
1365
1333
1193
988
880
901
959
1489
1579
1592
1405
1281
1159
875
908
903
1015
1522
1624
1575
1460
1160
1091
1096
994
1012
1144
1181
1579
1468
1344
1136
1126
1197
1101
1231
1204
1168
1492
1415
1320
1326
1217
1311
1368
1227
1149
1054
964
1360
1371
1419
1343
1387
1396
1167
991
934
893
1312
1426
1503
1537
1348
1229
1188
899
882
953
1018
1609
1655
1608
1389
1183
1105
932
961
1017
1086
1562
1603
1492
1363
1139
1131
1169
1102
1177
1196
1137
1477
1340
1214
1118
1074
1182
1095
1151
1128
977
1252
1298
1280
1325
1246
1330
1362
1104
952
830
729
1203
1276
1365
1416
1307
1235
1003
839
779
769
1153
1528
1656
1757
1599
1484
1358
1049
1042
1062
1180
1798
1897
1882
1788
1455
1301
1049
919
937
946
1081
1587
1598
1542
1331
1230
1169
968
939
891
919
1457
1534
1602
1619
1427
1422
1315
1094
1038
1005
1052
1626
1706
1722
1554
1380
1230
897
751
738
826
1348
1518
1598
1547
1268
1082
918
633
644
736
918
1524
1598
1566
1334
1093
960
667
672
775
900
1422
1685
1691
1613
1332
1231
1171
982
1021
1134
1227
1762
1784
1756
1638
1358
1258
1075
1021
1035
1143
1258
1792
1785
1684
1378
1166
1043
782
770
948
1131
1740
1876
1835
1675
1280
1051
899
698
774
1040
1244
1881
1907
1756
1376
1083
905
656
774
946
1142
1744
1907
1824
1639
1261
1100
1025
901
1000
1237
1381
1911
1873
1753
1559
1234
1106
921
861
979
1052
1195
1633
1586
1477
1189
1068
988
791
762
909
1060
1589
1680
1626
1495
1164
1015
898
740
808
970
1168
1767
1830
1727
1440
1179
1042
825
883
1069
1314
1701
2002
1939
1744
1375
1189
1103
967
1063
1280
1430
1931
1884
1703
1449
1097
971
931
874
1032
1170
1257
1699
1592
1393
1075
892
857
725
801
974
1141
1606
1664
1542
1362
1030
918
889
801
942
1124
1322
1831
1784
1601
1324
971
865
835
878
1058
1287
1409
1889
1732
1481
1088
906
882
822
1000
1254
1441
1870
1802
1609
1358
1032
968
1060
1056
1272
1502
1545
1929
1746
1507
1276
1010
1011
1040
1133
1252
1359
1393
1748
1562
1381
1092
1064
1137
1041
1164
1288
1349
1688
1643
1484
1308
1036
1013
1056
967
1103
1161
1165
1604
1505
1344
1132
932
929
959
933
1062
1166
1168
1540
1399
1207
931
870
909
883
1019
1153
1172
1585
1528
1378
1214
942
944
1048
1026
1151
1305
1356
1754
1614
1430
1247
1011
1043
1158
1161
1317
1386
1363
1674
1497
1260
971
905
989
1004
1171
1305
1362
1585
1572
1365
1179
973
1049
1201
1247
1367
1481
1425
1665
1459
1251
1128
974
1084
1269
1261
1377
1356
1285
1566
1393
1241
1091
1062
1199
1316
1305
1305
1323
1191
1444
1278
1157
949
1003
1135
1124
1187
1237
1172
1421
1329
1198
1107
959
1067
1203
1140
1237
1257
1130
1419
1259
1126
1075
955
1151
1326
1277
1334
1253
1138
1425
1238
1207
1070
1179
1331
1371
1375
1362
1202
1261
1438
1343
1302
1186
1293
1417
1291
1291
1237
1162
1433
1360
1306
1269
1138
1208
1320
1212
1160
1116
1022
1359
1257
1215
1186
1092
1190
1300
1161
1188
1179
1034
1407
1298
1233
1146
1179
1336
1333
1261
1191
1139
1037
1334
1265
1242
1126
1206
1303
1221
1202
1144
1011
1338
1337
1311
1311
1199
1279
1336
1213
1164
1123
1118
1508
1456
1392
1388
1226
1259
1326
1191
1266
1234
1167
1578
1466
1367
1268
1173
1253
1373
1282
1320
1329
1203
1528
1402
1306
1177
1232
1342
1368
1292
1268
1175
1201
1341
1248
1239
1133
1252
1346
1245
1157
1073
1009
1284
1276
1266
1306
1192
1254
1301
1133
1055
1048
980
1355
1327
1302
1287
1143
1172
1211
1053
1043
1072
1008
1338
1297
1243
1226
1142
1267
1363
1269
1262
1187
1061
1382
1255
1239
1217
1282
1365
1423
1250
1220
1052
916
1293
1258
1312
1265
1345
1423
1332
1136
1098
1032
1272
1390
1419
1463
1337
1365
1368
1190
1181
1153
1072
1469
1454
1474
1346
1224
1247
1302
1144
1228
1208
1102
1464
1409
1288
1257
1149
1264
1371
1266
1233
1133
974
1280
1179
1163
1226
1211
1299
1421
1234
1145
994
812
1216
1197
1278
1358
1348
1430
1433
1180
1073
999
882
1322
1323
1370
1370
1317
1367
1397
1197
1120
1107
1030
1342
1297
1306
1224
1286
1401
1375
1339
1258
1084
1291
1195
1192
1249
1223
1354
1499
1415
1312
1145
925
1168
1117
1171
1290
1297
1425
1480
1304
1148
981
817
1179
1206
1325
1466
1425
1472
1442
1219
1121
954
884
1309
1348
1383
1442
1348
1384
1382
1156
1117
982
898
1287
1270
1291
1359
1301
1394
1455
1234
1117
1019
903
1194
1200
1303
1432
1422
1551
1521
1244
1015
886
771
1187
1292
1460
1614
1552
1565
1502
1156
970
850
837
1236
1412
1535
1623
1481
1457
1404
1111
1036
873
939
1276
1418
1499
1557
1442
1466
1419
1130
995
880
794
1121
1248
1391
1517
1475
1515
1444
1082
906
753
758
1090
1339
1462
1618
1533
1473
1266
882
745
619
920
1196
1430
1599
1647
1451
1337
1105
790
773
738
1199
1366
1529
1590
1570
1363
1274
1080
921
943
898
1338
1365
1451
1522
1542
1375
1351
1238
1052
923
927
1270
1316
1479
1577
1626
1474
1392
1179
936
837
821
1300
1371
1595
1707
1671
1426
1289
976
833
873
893
1400
1539
1622
1683
1590
1324
1191
1019
961
944
1021
1431
1406
1476
1464
1425
1211
1173
1076
966
946
908
1198
1329
1431
1483
1506
1340
1311
1167
1006
946
937
1314
1322
1525
1590
1568
1338
1224
1111
864
915
967
1306
1458
1591
1558
1449
1174
1087
985
886
999
1042
1280
1402
1471
1409
1358
1180
1179
1161
1045
1064
1046
1065
1255
1346
1410
1460
1342
1362
1342
1128
1045
960
1125
1256
1396
1459
1548
1430
1324
1233
942
884
903
1142
1147
1426
1523
1499
1406
1250
1188
1000
946
1015
1394
1329
1496
1485
1467
1443
1260
1273
1079
1058
959
1140
1165
1305
1384
1468
1505
1363
1321
1050
968
927
994
1132
1318
1507
1571
1594
1370
1250
1010
870
836
1034
1221
1455
1602
1634
1578
1335
1228
1007
982
1029
1203
1301
1460
1555
1577
1519
1285
1204
1040
967
917
1058
1177
1334
1511
1563
1552
1364
1237
1127
893
806
946
1128
1360
1522
1637
1603
1408
1161
1034
744
768
889
1227
1398
1586
1669
1559
1373
1053
960
765
869
1074
1239
1465
1583
1617
1481
1313
1039
983
856
913
1021
1198
1367
1500
1526
1476
1358
1128
1051
902
969
959
1096
1362
1562
1627
1602
1432
1196
1067
868
930
998
1189
1414
1471
1580
1503
1299
1092
929
967
935
1094
1334
1450
1550
1568
1466
1279
1114
991
1064
1098
1163
1286
1400
1502
1497
1391
1220
1134
1029
1084
1017
1128
1248
1556
1350
1422
1339
1213
1124
1038
1049
1057
1149
1330
1435
1397
1368
1300
1166
1108
1072
1088
1101
1223
1364
1362
1348
1267
1173
1092
1060
1090
1173
1310
1292
1384
1315
1247
1141
1032
1029
1095
1185
1343
1391
1402
1356
1319
1255
1054
1053
1074
1146
1317
1370
1431
1328
1370
1329
1190
1072
943
1129
1236
1356
1432
1456
1431
1398
1229
1056
974
1004
1031
1128
1300
1454
1469
1506
1372
1206
1068
890
875
959
1174
1393
1505
1590
1542
1380
1137
920
793
865
1011
1248
1476
1643
1685
1537
1429
1174
844
745
851
1028
1246
1525
1659
1696
1594
1344
1093
895
813
898
970
1308
1532
1712
1676
1565
1348
1103
941
837
815
1077
1333
1525
1723
1726
1562
1328
1024
817
728
797
960
1255
1516
1650
1664
1544
1272
1007
808
765
887
1133
1326
1522
1613
1639
1513
1280
1052
886
784
878
1072
1285
1485
1540
1541
1427
1286
1001
870
844
911
1035
1311
1372
1525
1538
1401
1329
1150
977
906
962
1036
1248
1422
1519
1594
1415
1320
1124
1013
959
968
1108
1247
1404
1460
1516
1397
1278
1177
1117
1050
1112
1194
1217
1400
1409
1441
1386
1327
1243
1169
1158
1231
1155
1207
1280
1285
1286
1350
1309
1258
1200
1208
1218
1167
1225
1240
1292
1300
1336
1287
1320
1267
1231
1181
1203
1213
1217
1239
1359
1203
1292
1202
1226
1271
1196
1247
1226
1212
1170
1123
1145
1185
1224
1265
1284
1286
1268
1205
1170
1104
1009
1101
1171
1234
1311
1375
1347
1318
1313
1146
1099
1085
1130
1128
1263
1330
1384
1411
1278
1336
1212
1157
1099
1123
1090
1178
1276
1355
1453
1437
1379
1215
1083
1083
1037
1089
1181
1313
1402
1479
1495
1365
1219
1101
1007
1028
1070
1182
1323
1445
1453
1436
1325
1212
1105
1035
997
1088
1205
1274
1382
1405
1392
1298
1210
1123
1044
1078
1162
1200
1312
1386
1449
1404
1350
1127
1233
1078
1067
1144
1239
1327
1437
1474
1438
1384
1254
1183
1100
1083
1098
1240
1365
1392
1401
1250
1206
1144
1105
1055
1017
1164
1251
1338
1363
1373
1314
1292
1220
1151
1112
1136
1225
1304
1321
1415
1478
1390
1311
1206
1104
1075
1082
1211
1360
1364
1444
1423
1322
1234
1117
1058
898
1076
1214
1314
1426
1423
1422
1341
1175
1088
961
1026
1032
1153
1301
1408
1461
1480
1362
1243
1207
1035
1009
1047
1155
1279
1413
1494
1492
1426
1235
1086
1098
1001
1037
1128
1287
1391
1484
1510
1474
1332
1181
1067
968
997
1109
1258
1357
1533
1422
1460
1320
1203
1060
985
1008
942
1203
1272
1391
1430
1471
1335
1284
1131
1040
1072
1011
1095
1223
1322
1428
1470
1460
1360
1242
1122
1075
1011
1044
1180
1265
1358
1450
1442
1396
1356
1222
1136
1101
1078
1108
1178
1299
1367
1534
1473
1447
1355
1222
1129
1006
969
925
1120
1186
1351
1430
1470
1333
1310
1171
1045
976
969
965
1122
1266
1381
1523
1519
1414
1277
1080
988
883
869
1000
1118
1360
1523
1622
1729
1441
1393
1104
964
834
899
1042
1266
1530
1589
1750
1679
1464
1196
938
744
665
838
1025
1470
1665
1852
1808
1590
1343
986
744
666
667
1014
1229
1571
1813
1864
1763
1473
1116
833
602
524
716
1107
1465
1786
1970
1915
1691
1290
894
644
568
656
923
1356
1719
1960
2014
1693
1492
1025
667
557
570
826
1190
1591
1906
2101
1922
1666
1221
833
581
567
740
1044
1417
1721
1893
1911
1682
1306
879
658
566
636
907
1215
1561
1830
1882
1739
1391
1085
803
616
660
1009
1224
1476
1722
1811
1743
1510
1233
936
782
756
854
1052
1288
1487
1591
1627
1547
1321
1205
950
857
842
1005
1192
1376
1530
1612
1594
1499
1288
1088
974
902
1028
1110
1260
1446
1457
1473
1436
1371
1220
1142
1062
1059
1080
1162
1219
1349
1413
1447
1444
1365
1262
1159
1086
1106
1126
1123
1218
1346
1422
1449
1452
1361
1252
1196
1099
1072
1096
1188
1298
1422
1499
1482
1424
1349
1262
1122
1062
1058
1058
1183
1302
1423
1474
1471
1378
1299
1145
1103
1026
1035
1099
1167
1336
1384
1501
1448
1367
1245
1054
969
943
1048
1143
1228
1393
1463
1463
1335
1241
1096
1117
1020
1029
1126
1232
1365
1427
1475
1468
1392
1347
1199
1070
1059
1046
1148
1240
1410
1494
1508
1531
1325
1202
1101
1002
948
991
1200
1356
1638
1625
1482
1446
1311
1173
1012
992
1062
1094
1249
1400
1503
1510
1484
1417
1254
1125
1045
964
988
1002
1180
1345
1476
1549
1486
1393
1259
1077
1037
815
941
1027
1231
1446
1564
1623
1546
1338
1050
1126
900
909
1009
1174
1341
1513
1616
1630
1505
1401
1205
1020
943
936
1017
1154
1360
1505
1624
1613
1544
1328
1113
960
869
916
1161
1278
1448
1587
1655
1549
1367
1179
1004
893
880
1027
1114
1225
1424
1483
1470
1394
1268
1156
1169
976
987
1068
1176
1225
1335
1447
1448
1444
1262
1326
1119
1057
1088
1061
1157
1273
1405
1485
1571
1505
1357
1257
1150
1042
1036
1124
1168
1264
1301
1435
1383
1386
1326
1260
1252
1162
1117
1212
1194
1150
1286
1397
1447
1449
1389
1297
1156
1073
1017
1086
1139
1285
1380
1423
1428
1341
1221
1225
1087
1048
1112
1186
1317
1305
1357
1356
1351
1288
1211
1193
1189
1233
1245
1230
1275
1315
1264
1306
1256
1263
1210
1249
1260
1255
1294
1424
1386
1331
1356
1300
1219
1150
1147
1170
1208
1262
1417
1405
1358
1315
1212
1131
1072
1110
1137
1198
1370
1364
1370
1300
1204
1146
1133
1104
1095
1146
1204
1250
1263
1295
1279
1253
1199
1234
1207
1186
1155
1122
1129
1248
1260
1334
1433
1326
1333
1283
1204
1201
1111
1198
1236
1292
1330
1387
1317
1261
1248
1244
1214
1243
1225
1220
1192
1222
1209
1197
1246
1263
1325
1318
1384
1270
1193
1207
1124
1145
1207
1261
1344
1379
1328
1358
1329
1236
1168
1184
1181
1216
1229
1304
1312
1303
1272
1257
1259
1272
1235
1199
1199
1120
1192
1211
1265
1281
1289
1271
1272
1219
1166
1123
1244
1247
1326
1342
1298
1305
1258
1169
1151
1075
1214
1284
1367
1378
1394
1250
1173
1061
1036
988
1217
1235
1341
1401
1358
1345
1265
1198
1100
1060
1149
1159
1233
1310
1339
1374
1366
1330
1288
1210
1191
1109
1136
1139
1172
1258
1426
1434
1410
1413
1335
1218
1089
1086
1076
1003
1236
1375
1331
1448
1427
1369
1257
1275
1139
1124
1174
1199
1215
1256
1292
1320
1322
1351
1366
1268
1179
1142
1073
1099
1132
1206
1260
1287
1490
1392
1348
1211
1176
1020
1091
1086
1195
1259
1376
1349
1325
1291
1233
1183
1187
1179
1328
1132
1245
1235
1226
1307
1306
1314
1322
1340
1300
1180
1243
1220
1237
1304
1313
1373
1364
1325
1256
1217
1141
1147
1190
1246
1288
1326
1310
1225
1260
1221
1178
1170
1204
1232
1245
1250
1259
1269
1173
1130
1215
1210
1225
1240
1205
1194
1303
1157
1205
1237
1253
1252
1239
1227
1188
1136
1073
1225
1229
1302
1340
1340
1294
1256
1156
1149
1055
1123
1210
1283
1320
1336
1386
1314
1246
1215
1276
1227
1179
1206
1255
1242
1318
1377
1360
1337
1185
1253
1123
1109
1114
1170
1250
1388
1404
1496
1391
1385
1165
1062
995
996
1071
1239
1327
1446
1543
1469
1355
1207
1074
989
953
1096
1173
1291
1444
1487
1462
1406
1284
1168
1053
1031
1090
1089
1202
1307
1428
1393
1454
1347
1238
1099
1069
1025
1067
1182
1265
1356
1423
1344
1326
1278
1183
1113
1152
1237
1261
1348
1443
1286
1231
1129
1079
1043
1114
1222
1287
1388
1498
1304
1270
1173
1052
1017
989
1095
1177
1300
1319
1516
1512
1428
1298
1105
1015
953
968
1041
1099
1334
1437
1529
1513
1421
1270
1113
1023
983
1084
1184
1238
1381
1455
1472
1427
1296
1339
1190
1110
1094
1126
1123
1183
1229
1235
1195
1376
1329
1344
1268
1309
1190
1104
1027
1019
981
1056
1186
1301
1388
1426
1401
1377
1317
1166
1021
1032
1016
1070
1170
1292
1406
1520
1521
1479
1409
1217
1077
928
942
969
1144
1436
1470
1555
1544
1493
1279
1168
1032
919
929
960
1142
1311
1456
1508
1453
1397
1298
1156
1071
935
1053
1064
1170
1235
1347
1350
1360
1307
1235
1073
1177
1096
1111
1146
1167
1253
1297
1292
1272
1318
1250
1222
1200
1218
1216
1220
1230
1190
1206
1165
1232
1217
1242
1289
1286
1281
1279
1272
1192
1159
1159
1168
1186
1235
1260
1267
1249
1284
1214
1206
1197
1172
1236
1229
1220
1212
1207
1247
1220
1214
1224
1244
1248
1290
1266
1251
1180
1168
1210
1127
1170
1148
1204
1231
1300
1370
1377
1450
1322
1265
1174
1054
1032
1090
1158
1385
1445
1522
1486
1460
1350
1219
1094
1045
1057
1033
1071
1242
1327
1423
1449
1415
1357
1256
1081
1041
996
994
1024
1127
1239
1328
1390
1489
1406
1290
1231
1107
994
932
985
1007
1157
1277
1428
1464
1449
1370
1246
1174
1105
965
1012
1155
1149
1216
1370
1427
1430
1428
1415
1263
1171
1137
1063
1054
1148
1269
1352
1377
1428
1384
1243
1237
1184
1057
1093
1143
1168
1278
1315
1372
1300
1256
1200
1170
1134
1137
1133
1134
1193
1300
1258
1247
1263
1224
1232
1188
1152
1130
1300
1174
1282
1353
1313
1339
1250
1270
1237
1192
1261
1227
1231
1256
1302
1315
1317
1321
1298
1297
1305
1275
1206
1178
1221
1222
1262
1267
1353
1311
1281
1311
1243
1201
1182
1122
1092
1054
1223
1228
1264
1311
1326
1300
1276
1204
1138
1016
1129
1103
1151
1273
1293
1355
1349
1336
1292
1193
1241
1147
1122
1147
1195
1218
1322
1329
1341
1396
1231
1228
1209
1192
1186
1200
1241
1267
1216
1237
1253
1233
1256
1256
1232
1286
1313
1286
1287
1222
1181
1156
1126
1143
1142
1202
1264
1283
1319
1304
1298
1267
1206
1162
1089
1096
1135
1257
1251
1248
1370
1357
1370
1286
1224
1174
1165
1184
1143
1159
1329
1303
1354
1394
1320
1313
1350
1279
1160
1214
1206
1200
1265
1245
1248
1249
1223
1348
1274
1287
1277
1213
1204
1174
1147
1162
1223
1261
1278
1335
1344
1293
1222
1225
1187
1152
1179
1135
1239
1260
1320
1332
1296
1289
1223
1189
1180
1141
1171
1221
1282
1334
1380
1382
1312
1376
1172
1131
1106
1159
1254
1273
1346
1396
1338
1326
1245
1206
1098
1069
1122
1158
1248
1428
1378
1427
1375
1272
1165
1105
1082
1068
1153
1234
1265
1403
1435
1370
1303
1225
1115
1067
1053
1067
1209
1249
1341
1391
1395
1308
1287
1190
1094
1087
1092
1110
1205
1291
1331
1326
1409
1334
1280
1145
1174
1145
1164
1193
1259
1265
1330
1317
1324
1348
1345
1288
1242
1227
1153
1161
1179
1243
1258
1228
1289
1315
1340
1332
1269
1219
1245
1167
1094
1125
1158
1230
1305
1342
1385
1374
1360
1333
1176
1139
1090
1104
1075
1206
1282
1367
1310
1468
1318
1243
1159
1095
1041
1077
1155
1096
1418
1424
1408
1349
1259
1158
1053
1050
1113
1138
1188
1363
1384
1414
1375
1299
1229
1135
1073
1059
1106
1194
1238
1311
1384
1384
1368
1332
1222
1138
1080
1078
1093
1160
1238
1301
1361
1384
1362
1311
1258
1206
1175
1126
1178
1171
1200
1217
1267
1290
1339
1367
1339
1319
1288
1237
1172
1150
1126
1139
1198
1287
1341
1399
1413
1386
1335
1251
1176
1091
1089
1097
1170
1268
1349
1405
1413
1403
1349
1257
1187
1124
1073
1086
1150
1217
1285
1365
1370
1351
1302
1248
1168
1109
1123
1111
1175
1249
1338
1345
1319
1312
1247
1197
1189
1177
1194
1216
1266
1277
1255
1268
1208
1202
1255
1219
1240
1275
1298
1253
1270
1274
1219
1189
1191
1198
1215
1262
1301
1286
1308
1311
1267
1239
1210
1186
1168
1204
1203
1279
1290
1356
1339
1280
1276
1207
1158
1164
1178
1208
1268
1322
1326
1276
1273
1251
1177
1167
1174
1205
1232
1283
1354
1327
1321
1280
1209
1174
1187
1181
1226
1283
1301
1317
1333
1321
1267
1233
1213
1183
1174
1227
1235
1264
1281
1320
1300
1303
1287
1228
1217
1194
1207
1235
1277
1295
1293
1293
1276
1224
1190
1199
1194
1218
1259
1303
1273
1271
1232
1192
1171
1192
1210
1225
1275
1296
1315
1320
1309
1255
1227
1207
1189
1188
1217
1231
1271
1298
1354
1345
1324
1300
1241
1217
1210
1200
1205
1227
1288
1302
1325
1341
1338
1244
1214
1187
1160
1157
1199
1193
1216
1237
1238
1216
1219
1227
1186
1222
1234
1262
1238
1217
1202
1166
1175
1192
1208
1232
1278
1298
1308
1314
1300
1254
1229
1234
1170
1194
1213
1243
1267
1345
1404
1395
1390
1345
1285
1198
1170
1149
1156
1227
1300
1358
1412
1427
1369
1292
1225
1125
1112
1127
1145
1198
1248
1343
1358
1371
1365
1299
1227
1181
1157
1130
1123
1207
1251
1300
1355
1347
1339
1266
1217
1204
1113
1156
1148
1221
1254
1322
1341
1337
1313
1243
1198
1192
1185
1198
1212
1289
1285
1305
1326
1283
1277
1249
1225
1181
1221
1223
1205
1217
1224
1236
1260
1274
1259
1242
1226
1200
1160
1179
1156
1181
1211
1248
1256
1245
1252
1223
1214
1225
1217
1201
1199
1221
1204
1227
1257
1278
1278
1285
1286
1260
1237
1239
1216
1218
1242
1271
1284
1258
1321
1279
1275
1275
1250
1233
1237
1259
1240
1269
1302
1288
1274
1275
1269
1240
1239
1258
1232
1226
1246
1234
1231
1217
1223
1202
1222
1222
1227
1240
1259
1253
1242
1271
1268
1245
1243
1239
1215
1201
1227
1239
1233
1260
1279
1282
1247
1257
1243
1203
1226
1248
1231
1261
1260
1261
1245
1295
1289
1285
1295
1282
1266
1250
1232
1208
1204
1232
1249
1273
1315
1313
1292
1253
1258
1206
1206
1233
1226
1240
1258
1280
1274
1278
1261
1242
1239
1253
1231
1230
1233
1238
1265
1192
1242
1212
1216
1209
1232
1252
1270
1288
1280
1257
1277
1253
1225
1223
1216
1210
1230
1296
1323
1376
1368
1347
1267
1276
1230
1156
1171
1175
1226
1280
1342
1352
1334
1309
1252
1187
1161
1101
1144
1174
1236
1273
1294
1313
1299
1242
1248
1188
1147
1146
1172
1172
1229
1290
1318
1311
1302
1277
1213
1193
1180
1150
1190
1241
1292
1305
1309
1312
1260
1227
1197
1192
1198
1216
1240
1234
1241
1304
1284
1285
1287
1274
1254
1275
1289
1263
1251
1295
1298
1282
1287
1292
1247
1270
1262
1246
1245
1235
1222
1192
1230
1232
1254
1250
1256
1241
1237
1253
1228
1200
1197
1188
1175
1193
1206
1217
1224
1269
1290
1267
1276
1253
1224
1180
1238
1249
1264
1300
1304
1306
1310
1292
1262
1241
1252
1236
1243
1275
1267
1272
1269
1298
1269
1256
1315
1283
1270
1250
1259
1238
1251
1261
1262
1261
1291
1279
1265
1249
1243
1211
1221
1237
1218
1238
1225
1230
1236
1238
1226
1187
1203
1221
1233
1248
1276
1276
1254
1253
1250
1217
1222
1203
1223
1256
1295
1319
1299
1305
1278
1250
1199
1231
1215
1200
1247
1294
1300
1335
1347
1316
1298
1270
1223
1206
1207
1211
1239
1330
1326
1324
1295
1283
1207
1192
1196
1193
1221
1265
1307
1301
1309
1306
1269
1218
1202
1184
1176
1209
1251
1265
1287
1273
1294
1266
1229
1195
1134
1163
1199
1214
1257
1300
1316
1303
1297
1263
1131
1154
1157
1151
1190
1247
1294
1309
1319
1324
1257
1213
1195
1172
1148
1218
1257
1280
1319
1316
1309
1297
1281
1253
1200
1243
1258
1247
1278
1291
1295
1281
1306
1312
1275
1274
1253
1226
1206
1242
1259
1262
1291
1294
1281
1283
1259
1221
1189
1202
1180
1193
1236
1235
1246
1254
1261
1217
1255
1247
1201
1193
1183
1224
1206
1260
1302
1304
1323
1323
1309
1273
1220
1214
1194
1218
1263
1272
1305
1320
1321
1332
1274
1242
1182
1179
1176
1206
1237
1278
1290
1297
1291
1258
1208
1185
1167
1151
1172
1212
1237
1256
1298
1288
1293
1271
1272
1238
1176
1205
1194
1239
1294
1339
1357
1335
1367
1321
1277
1254
1245
1189
1220
1248
1271
1293
1332
1298
1303
1298
1260
1224
1190
1184
1153
1171
1206
1235
1260
1300
1307
1293
1260
1244
1172
1171
1183
1194
1227
1272
1308
1274
1314
1299
1249
1223
1233
1237
1234
1279
1309
1300
1307
1297
1266
1237
1237
1259
1216
1239
1268
1283
1273
1296
1274
1238
1232
1224
1197
1216
1225
1239
1259
1309
1311
1299
1296
1233
1189
1177
1181
1195
1205
1273
1302
1315
1328
1296
1255
1210
1207
1230
1254
1272
1273
1285
1292
1289
1270
1235
1257
1234
1231
1246
1227
1216
1208
1224
1207
1202
1273
1249
1244
1229
1253
1207
1216
1220
1196
1193
1229
1233
1239
1247
1257
1251
1254
1264
1218
1192
1179
1142
1212
1212
1244
1258
1299
1289
1291
1260
1236
1205
1170
1189
1219
1255
1308
1310
1339
1324
1314
1267
1219
1215
1192
1202
1200
1282
1298
1297
1318
1280
1272
1257
1237
1213
1206
1215
1208
1225
1263
1234
1270
1277
1266
1239
1227
1231
1190
1220
1297
1260
1260
1264
1261
1219
1198
1242
1235
1238
1261
1269
1231
1231
1219
1196
1203
1207
1234
1258
1277
1305
1230
1234
1214
1187
1192
1199
1206
1216
1265
1294
1265
1268
1259
1217
1208
1206
1197
1194
1227
1275
1259
1280
1287
1272
1247
1247
1222
1211
1240
1231
1244
1255
1295
1286
1286
1290
1265
1242
1237
1266
1238
1231
1264
1259
1253
1258
1242
1235
1219
1249
1268
1263
1270
1235
1220
1211
1243
1212
1237
1261
1264
1258
1309
1257
1229
1222
1202
1191
1225
1257
1250
1269
1270
1274
1246
1261
1245
1210
1215
1194
1213
1213
1253
1258
1272
1272
1264
1230
1218
1218
1177
1228
1227
1248
1266
1300
1280
1269
1267
1234
1196
1179
1208
1219
1248
1294
1318
1305
1297
1283
1237
1209
1208
1176
1187
1169
1244
1251
1267
1282
1243
1256
1249
1260
1205
1203
1215
1212
1225
1270
1267
1293
1299
1288
1252
1233
1222
1182
1200
1265
1231
1247
1258
1262
1234
1248
1244
1218
1206
1204
1195
1178
1201
1218
1196
1249
1283
1276
1272
1265
1240
1197
1194
1166
1208
1228
1274
1273
1280
1304
1296
1249
1236
1216
1199
1209
1229
1242
1240
1295
1320
1268
1268
1250
1224
1177
1215
1219
1227
1264
1290
1273
1262
1264
1245
1228
1231
1213
1216
1244
1266
1275
1282
1301
1273
1244
1240
1195
1190
1199
1239
1258
1262
1298
1255
1232
1223
1195
1185
1190
1212
1224
1261
1283
1273
1264
1230
1226
1184
1180
1188
1176
1217
1227
1271
1264
1304
1314
1251
1234
1198
1174
1175
1209
1222
1285
1316
1337
1316
1301
1261
1189
1188
1188
1191
1204
1249
1255
1290
1341
1328
1307
1272
1257
1214
1190
1201
1203
1202
1236
1278
1285
1292
1315
1264
1209
1186
1161
1144
1145
1200
1208
1267
1299
1329
1302
1272
1245
1190
1186
1191
1194
1203
1255
1287
1293
1312
1311
1258
1250
1269
1196
1202
1200
1220
1216
1273
1312
1302
1289
1258
1232
1180
1179
1177
1192
1234
1279
1286
1293
1289
1248
1193
1171
1115
1152
1187
1221
1219
1235
1291
1286
1260
1251
1227
1197
1196
1214
1227
1186
1288
1308
1322
1329
1306
1262
1222
1207
1203
1193
1235
1251
1272
1295
1318
1285
1263
1240
1186
1165
1173
1193
1205
1230
1288
1286
1285
1291
1251
1230
1198
1223
1199
1206
1236
1230
1272
1280
1284
1294
1279
1245
1186
1169
1167
1154
1157
1237
1265
1281
1302
1297
1244
1220
1177
1155
1140
1192
1221
1235
1275
1283
1289
1259
1268
1227
1200
1192
1196
1172
1201
1231
1231
1266
1298
1279
1244
1224
1204
1151
1183
1208
1237
1263
1307
1286
1287
1277
1250
1205
1205
1225
1225
1257
1290
1274
1281
1286
1274
1240
1231
1243
1200
1208
1229
1263
1259
1257
1265
1230
1233
1236
1209
1218
1220
1230
1225
1245
1257
1243
1223
1239
1198
1189
1189
1226
1181
1230
1273
1251
1230
1234
1214
1173
1192
1234
1208
1242
1266
1263
1263
1270
1247
1217
1226
1220
1214
1232
1245
1245
1243
1278
1289
1282
1301
1280
1252
1232
1243
1234
1241
1273
1287
1298
1323
1315
1283
1233
1236
1221
1199
1222
1263
1256
1251
1288
1269
1260
1255
1215
1187
1197
1208
1196
1225
1243
1241
1251
1270
1250
1225
1212
1192
1157
1156
1212
1205
1245
1256
1282
1278
1262
1262
1200
1183
1189
1195
1228
1219
1278
1272
1274
1269
1232
1212
1208
1198
1204
1235
1258
1238
1250
1236
1233
1226
1238
1228
1209
1221
1215
1205
1207
1199
1226
1245
1261
1274
1243
1249
1220
1217
1259
1260
1264
1256
1282
1245
1254
1277
1269
1260
1278
1295
1276
1275
1267
1270
1225
1229
1231
1239
1254
1274
1272
1255
1225
1238
1221
1199
1206
1175
1208
1230
1235
1235
1246
1242
1214
1214
1215
1178
1192
1210
1218
1229
1264
1257
1240
1254
1283
1236
1229
1222
1229
1220
1260
1279
1274
1257
1269
1226
1207
1208
1207
1191
1230
1281
1264
1264
1277
1216
1183
1190
1192
1184
1218
1233
1248
1257
1273
1261
1236
1230
1210
1195
1211
1228
1238
1255
1278
1280
1275
1269
1252
1216
1154
1211
1222
1229
1269
1267
1267
1252
1256
1215
1182
1191
1185
1198
1233
1264
1261
1251
1248
1216
1207
1196
1167
1175
1190
1245
1244
1271
1294
1247
1236
1215
1202
1180
1203
1219
1240
1268
1300
1286
1285
1252
1222
1202
1167
1179
1180
1217
1226
1263
1272
1301
1279
1229
1215
1189
1165
1174
1215
1220
1249
1291
1294
1278
1271
1240
1226
1202
1213
1210
1212
1241
1223
1241
1265
1243
1233
1229
1230
1209
1211
1237
1196
1203
1219
1226
1220
1215
1246
1219
1227
1229
1260
1220
1218
1224
1192
1214
1229
1240
1250
1256
1285
1246
1256
1254
1209
1235
1239
1228
1226
1244
1257
1231
1248
1299
1246
1227
1221
1205
1167
1206
1238
1226
1249
1263
1256
1266
1258
1238
1194
1231
1230
1228
1243
1250
1243
1242
1256
1225
1255
1280
1269
1248
1201
1251
1233
1238
1266
1266
1273
1296
1308
1297
1260
1283
1253
1260
1237
1253
1224
1229
1265
1300
1291
1317
1280
1257
1231
1213
1184
1185
1201
1195
1220
1259
1270
1267
1268
1246
1215
1175
1191
1171
1184
1200
1247
1265
1308
1320
1277
1243
1233
1207
1196
1215
1228
1241
1277
1297
1288
1285
1273
1240
1221
1226
1215
1207
1236
1241
1251
1288
1293
1272
1248
1234
1198
1182
1208
1223
1234
1235
1282
1266
1257
1237
1210
1203
1207
1234
1241
1262
1301
1271
1279
1284
1259
1224
1208
1210
1198
1223
1261
1255
1259
1258
1241
1217
1214
1209
1189
1178
1214
1218
1227
1241
1251
1200
1223
1212
1209
1221
1225
1241
1241
1277
1279
1271
1262
1256
1221
1221
1225
1226
1231
1251
1281
1260
1266
1245
1217
1183
1211
1216
1210
1244
1256
1252
1248
1261
1236
1224
1221
1219
1216
1265
1255
1258
1206
1275
1231
1239
1252
1209
1201
1184
1216
1208
1244
1265
1270
1274
1281
1294
1238
1229
1222
1214
1227
1263
1262
1267
1269
1273
1304
1277
1257
1223
1224
1210
1227
1242
1254
1273
1263
1278
1297
1274
1260
1234
1236
1215
1218
1226
1216
1239
1265
1276
1240
1306
1283
1230
1211
1177
1178
1191
1210
1231
1252
1278
1283
1282
1278
1230
1217
1217
1207
1207
1208
1256
1259
1291
1340
1332
1305
1269
1273
1207
1195
1214
1239
1254
1278
1312
1305
1298
1281
1235
1203
1201
1198
1194
1216
1249
1232
1261
1268
1251
1235
1237
1219
1184
1216
1257
1244
1258
1273
1268
1247
1244
1241
1209
1215
1242
1244
1253
1254
1271
1234
1241
1223
1203
1196
1219
1204
1217
1277
1275
1281
1285
1269
1226
1196
1206
1192
1172
1214
1252
1254
1279
1277
1264
1215
1228
1222
1191
1210
1206
1219
1240
1266
1271
1275
1264
1242
1214
1210
1208
1202
1187
1259
1256
1277
1297
1288
1277
1239
1260
1226
1254
1276
1265
1278
1292
1293
1287
1291
1281
1250
1245
1257
1243
1237
1250
1269
1269
1257
1268
1236
1229
1211
1214
1223
1223
1258
1227
1229
1250
1249
1254
1256
1276
1233
1235
1241
1220
1217
1238
1240
1211
1271
1277
1248
1256
1234
1225
1206
1237
1241
1229
1257
1252
1272
1281
1274
1271
1259
1265
1248
1230
1239
1240
1245
1321
1299
1290
1263
1273
1220
1208
1210
1200
1189
1199
1255
1242
1256
1268
1257
1226
1214
1202
1187
1182
1216
1218
1251
1262
1286
1297
1283
1278
1224
1223
1236
1239
1241
1280
1303
1304
1318
1321
1251
1241
1232
1207
1197
1209
1239
1233
1254
1308
1281
1266
1240
1211
1168
1185
1198
1211
1228
1276
1272
1281
1286
1252
1215
1217
1222
1223
1235
1265
1262
1243
1270
1272
1247
1253
1238
1237
1216
1249
1258
1247
1261
1257
1242
1247
1238
1220
1198
1219
1213
1219
1233
1226
1221
1215
1228
1198
1247
1254
1232
1241
1256
1299
1256
1269
1270
1251
1253
1264
1263
1267
1270
1280
1273
1276
1279
1243
1245
1238
1258
1285
1286
1295
1261
1243
1244
1220
1212
1227
1228
1230
1266
1271
1248
1253
1235
1207
1192
1204
1220
1199
1228
1218
1249
1236
1276
1257
1230
1231
1223
1198
1219
1245
1246
1281
1295
1295
1272
1270
1249
1213
1255
1258
1276
1290
1335
1311
1319
1323
1280
1251
1235
1240
1229
1252
1291
1308
1303
1308
1293
1265
1224
1221
1180
1191
1186
1249
1263
1267
1274
1220
1227
1219
1194
1190
1202
1211
1219
1258
1281
1258
1268
1250
1210
1196
1199
1239
1211
1253
1335
1293
1307
1292
1264
1206
1228
1228
1215
1246
1273
1278
1284
1293
1274
1197
1228
1223
1197
1189
1227
1230
1240
1268
1239
1255
1264
1231
1210
1182
1214
1207
1223
1266
1273
1270
1277
1290
1254
1170
1238
1230
1242
1269
1263
1269
1253
1261
1265
1224
1256
1224
1237
1238
1256
1250
1265
1262
1246
1214
1256
1242
1236
1254
1249
1235
1247
1265
1229
1225
1217
1226
1228
1248
1273
1233
1245
1228
1231
1232
1235
1227
1228
1251
1272
1259
1276
1293
1253
1230
1240
1224
1207
1228
1222
1246
1263
1290
1280
1251
1256
1212
1202
1202
1212
1214
1252
1281
1272
1287
1291
1245
1227
1229
1224
1213
1236
1276
1251
1284
1323
1290
1274
1257
1243
1214
1229
1255
1243
1263
1286
1276
1277
1277
1258
1218
1216
1215
1213
1217
1236
1264
1232
1273
1262
1249
1234
1227
1215
1202
1232
1258
1257
1276
1284
1270
1263
1261
1232
1206
1219
1247
1214
1241
1245
1246
1244
1280
1280
1258
1263
1228
1218
1212
1242
1239
1266
1286
1302
1293
1299
1295
1254
1205
1224
1171
1220
1254
1245
1253
1247
1266
1242
1233
1239
1195
1199
1212
1225
1214
1217
1254
1251
1259
1289
1272
1252
1238
1247
1260
1227
1244
1236
1253
1262
1283
1291
1301
1281
1254
1248
1252
1230
1235
1239
1262
1268
1292
1306
1265
1265
1248
1246
1207
1239
1244
1224
1253
1241
1256
1269
1269
1252
1230
1220
1202
1179
1209
1196
1225
1232
1270
1258
1246
1256
1210
1217
1235
1249
1252
1267
1295
1272
1290
1299
1322
1275
1281
1288
1280
1277
1291
1256
1269
1284
1277
1272
1274
1276
1240
1238
1272
1269
1258
1261
1273
1226
1255
1265
1232
1230
1245
1246
1247
1269
1281
1235
1248
1260
1231
1231
1245
1254
1247
1281
1279
1276
1275
1249
1215
1198
1224
1219
1238
1268
1293
1269
1269
1275
1245
1226
1236
1233
1232
1265
1264
1271
1250
1264
1284
1256
1260
1220
1219
1213
1232
1244
1265
1282
1275
1263
1277
1245
1220
1221
1227
1234
1263
1314
1300
1317
1274
1276
1221
1234
1239
1204
1220
1265
1273
1280
1283
1270
1241
1235
1233
1220
1223
1239
1240
1307
1278
1278
1252
1259
1238
1228
1215
1240
1225
1230
1258
1269
1273
1278
1276
1249
1240
1240
1223
1233
1254
1247
1258
1227
1281
1259
1235
1254
1212
1237
1265
1280
1260
1261
1260
1228
1223
1242
1190
1245
1269
1287
1267
1264
1263
1239
1246
1286
1259
1282
1283
1301
1255
1283
1288
1268
1265
1266
1255
1238
1258
1250
1234
1267
1289
1279
1246
1256
1236
1189
1196
1198
1209
1229
1260
1278
1268
1290
1269
1226
1222
1219
1206
1209
1272
1281
1301
1299
1285
1257
1254
1238
1224
1187
1238
1225
1256
1283
1262
1256
1225
1239
1215
1211
1230
1221
1226
1253
1261
1255
1266
1271
1251
1246
1266
1253
1251
1253
1313
1294
1284
1285
1237
1222
1212
1227
1257
1277
1291
1292
1299
1281
1243
1231
1209
1217
1229
1272
1289
1294
1293
1305
1276
1243
1262
1249
1224
1245
1243
1254
1270
1280
1270
1269
1264
1235
1212
1214
1186
1197
1208
1234
1246
1254
1261
1240
1235
1260
1235
1224
1227
1268
1261
1285
1326
1299
1279
1274
1262
1249
1260
1276
1272
1270
1286
1274
1263
1267
1264
1227
1236
1259
1252
1252
1268
1239
1217
1247
1262
1254
1236
1274
1254
1236
1237
1263
1211
1231
1260
1229
1231
1241
1236
1207
1235
1277
1228
1242
1240
1221
1211
1237
1227
1239
1256
1278
1265
1274
1273
1251
1239
1243
1202
1249
1277
1271
1268
1237
1258
1240
1225
1247
1225
1248
1275
1282
1275
1207
1266
1240
1243
1260
1239
1241
1252
1254
1262
1262
1274
1250
1250
1239
1246
1230
1248
1244
1236
1246
1260
1252
1256
1229
1239
1227
1227
1231
1219
1215
1244
1246
1281
1272
1261
1228
1234
1223
1230
1240
1270
1261
1254
1262
1245
1229
1233
1234
1225
1239
1265
1263
1252
1263
1253
1227
1204
1243
1230
1219
1235
1202
1230
1244
1253
1246
1247
1249
1223
1222
1220
1190
1206
1236
1252
1258
1265
1278
1221
1223
1253
1214
1223
1230
1251
1226
1258
1270
1242
1241
1252
1239
1238
1260
1267
1232
1248
1261
1248
1263
1273
1268
1253
1285
1273
1266
1257
1257
1248
1229
1267
1295
1276
1285
1285
1261
1223
1252
1235
1222
1231
1226
1216
1226
1230
1208
1201
1251
1262
1246
1248
1210
1186
1172
1188
1189
1211
1249
1251
1247
1264
1238
1202
1182
1183
1199
1208
1242
1235
1249
1242
1282
1239
1239
1242
1214
1220
1219
1225
1234
1246
1254
1250
1258
1262
1234
1222
1211
1200
1217
1233
1260
1250
1265
1245
1241
1239
1232
1224
1214
1237
1275
1256
1268
1286
1254
1239
1238
1225
1220
1235
1245
1240
1253
1274
1266
1240
1237
1211
1221
1259
1276
1255
1227
1279
1261
1273
1269
1258
1244
1242
1235
1212
1215
1224
1192
1222
1263
1254
1235
1209
1205
1151
1165
1176
1189
1197
1219
1231
1217
1218
1225
1179
1198
1224
1254
1225
1233
1253
1222
1230
1284
1249
1230
1251
1261
1222
1243
1255
1233
1214
1248
1216
1241
1254
1273
1214
1229
1234
1212
1225
1234
1215
1198
1216
1185
1206
1252
1237
1227
1203
1245
1229
1228
1236
1220
1216
1223
1247
1240
1223
1252
1238
1229
1240
1222
1190
1208
1232
1258
1242
1262
1237
1207
1214
1242
1240
1234
1263
1247
1244
1249
1253
1237
1232
1242
1230
1238
1244
1220
1215
1218
1227
1221
1247
1285
1227
1214
1206
1200
1192
1210
1225
1218
1240
1257
1237
1221
1214
1199
1186
1204
1210
1216
1224
1236
1238
1244
1239
1257
1187
1203
1191
1196
1207
1236
1229
1236
1249
1253
1221
1220
1205
1188
1200
1211
1223
1228
1258
1240
1246
1258
1248
1229
1225
1238
1222
1242
1274
1280
1262
1274
1271
1244
1236
1244
1253
1238
1262
1276
1263
1267
1253
1213
1223
1227
1262
1230
1237
1249
1232
1237
1252
1240
1229
1240
1238
1221
1229
1254
1224
1222
1249
1238
1227
1225
1248
1169
1203
1234
1233
1246
1260
1250
1226
1232
1205
1176
1186
1208
1203
1222
1251
1256
1221
1243
1213
1212
1217
1220
1212
1205
1249
1248
1257
1270
1252
1234
1227
1234
1213
1202
1240
1247
1251
1269
1267
1249
1230
1234
1258
1221
1240
1239
1251
1272
1281
1272
1251
1253
1219
1213
1232
1240
1239
1234
1272
1270
1261
1258
1219
1210
1205
1235
1193
1265
1285
1270
1264
1256
1245
1228
1247
1251
1238
1254
1275
1268
1271
1254
1257
1245
1245
1245
1219
1235
1226
1232
1264
1257
1240
1210
1218
1188
1184
1191
1206
1211
1221
1247
1232
1214
1206
1175
1174
1175
1198
1203
1233
1256
1228
1232
1228
1228
1207
1198
1222
1212
1249
1291
1286
1269
1274
1248
1221
1222
