1084
1316
1476
1334
1464
1330
1429
1328
1189
1288
1235
1281
1200
1271
1203
1280
1128
1246
1205
1276
1182
1273
1199
1266
1199
1272
1187
1264
1208
1264
1216
1267
1210
1273
1222
1274
1171
1286
1247
1279
1241
1267
1244
1274
1265
1280
1247
1269
1259
1268
1274
1260
1281
1260
1268
1253
1280
1248
1307
1241
1290
1234
1278
1186
1281
1231
1271
1229
1265
1233
1266
1221
1247
1224
1258
1193
1162
1235
1246
1226
1269
1233
1293
1237
1283
1239
1340
1261
1260
1259
1322
1264
1266
1273
1309
1271
1279
1281
1309
1287
1314
1278
1283
1273
1322
1270
1260
1274
1303
1255
1312
1261
1305
1275
1291
1250
1327
1254
1306
1264
1268
1270
1263
1252
1266
1279
1265
1290
1263
1289
1261
1296
1245
1307
1199
1304
1156
1318
1231
1301
1198
1302
1223
1298
1234
1299
1214
1316
1206
1289
1220
1292
1234
1298
1231
1290
1180
1290
1290
1289
1241
1295
1241
1296
1246
1292
1197
1290
1222
1286
1206
1279
1222
1277
1219
1281
1198
1260
1159
1277
1193
1277
1222
1275
1174
1273
1170
1270
1240
1269
1204
1262
1210
1270
1191
1244
1210
1285
1191
1255
1218
1248
1246
1250
1251
1239
1247
1237
1209
1231
1294
1235
1313
1233
1303
1229
1282
1241
1302
1233
1321
1244
1372
1233
1350
1227
1347
1256
1327
1265
1352
1268
1316
1274
1415
1272
1271
1296
1346
1282
1309
1295
1293
1305
1288
1314
1256
1322
1242
1312
1257
1324
1161
1287
1235
1309
1209
1302
1205
1300
1212
1281
1211
1271
1210
1261
1186
1244
1173
1226
1186
1239
1199
1207
1221
1198
1167
1233
1239
1202
1187
1212
1229
1184
1245
1206
1233
1202
1262
1221
1278
1227
1289
1248
1287
1230
1294
1231
1292
1217
1296
1234
1287
1244
1293
1245
1280
1241
1254
1249
1245
1254
1215
1259
1187
1268
1152
1268
1167
1282
1152
1285
1158
1314
1142
1337
1138
1321
1135
1329
1147
1328
1142
1330
1211
1333
1157
1334
1166
1333
1172
1322
1179
1307
1196
1302
1195
1293
1226
1284
1235
1278
1243
1265
1299
1252
1329
1236
1231
1233
1238
1223
1220
1194
1232
1212
1296
1211
1256
1213
1282
1218
1270
1232
1285
1257
1365
1262
1357
1277
1369
1284
1420
1275
1463
1271
1488
1258
1459
1259
1468
1254
1435
1253
1412
1232
1290
1244
1327
1217
1389
1205
1327
1180
1312
1167
1253
1108
1182
1163
1112
1165
1020
1182
959
1211
870
1217
878
1245
882
1252
903
1277
920
1290
922
1310
874
1340
904
1369
900
1418
898
1444
1089
1427
1145
1459
1192
1437
1299
1389
1388
1331
1473
1270
1460
1220
1521
1176
1512
1156
1502
1150
1433
1162
1457
1162
1473
1169
1449
1181
1393
1191
1372
1214
1302
1241
1283
1262
1257
1299
1238
1332
1296
1360
1188
1381
1193
1400
1179
1424
1162
1388
1113
1391
1149
1371
1196
1363
1231
1351
1328
1368
1446
1333
1494
1308
1528
1308
1550
1315
1572
1282
1598
1274
1622
1270
1588
1273
1547
1273
1481
1278
1329
1293
1341
1276
1249
1280
1200
1285
1170
1284
1173
1265
1136
1259
1100
1241
1094
1217
1067
1209
1027
1219
1092
1199
996
1191
1018
1195
1063
1208
1070
1212
1085
1227
1108
1262
1104
1280
1092
1302
1096
1319
1166
1347
1117
1374
1192
1389
1234
1398
1230
1372
1242
1387
1213
1377
1191
1359
1210
1333
1214
1300
1292
1286
1301
1235
1342
1204
1414
1170
1407
1194
1397
1195
1435
1189
1420
1191
1423
1187
1448
1202
1430
1247
1481
1234
1516
1248
1551
1244
1511
1248
1466
1239
1482
1256
1442
1270
1381
1266
1322
1293
1229
1343
1150
1320
1050
1334
1009
1339
988
1348
994
1339
1005
1349
1050
1345
1097
1360
1144
1360
1192
1347
1222
1335
1206
1315
1218
1303
1201
1278
1198
1238
1236
1253
1243
1222
1266
1210
1275
1192
1236
1213
1269
1186
1259
1182
1255
1188
1232
1209
1226
1233
1193
1236
1196
1245
1175
1262
1172
1258
1136
1285
1185
1279
1222
1271
1273
1259
1327
1267
1367
1272
1401
1275
1416
1283
1435
1282
1421
1276
1393
1272
1453
1253
1496
1241
1480
1255
1458
1229
1408
1233
1380
1222
1315
1221
1221
1263
1154
1227
1034
1265
1067
1251
1019
1265
1041
1261
1051
1273
1035
1284
1031
1285
1035
1290
1055
1303
1091
1312
1195
1302
1228
1306
1184
1313
1252
1270
1217
1278
1175
1239
1143
1265
1064
1249
1079
1239
1110
1237
1102
1237
1116
1248
1141
1234
1081
1249
1074
1249
1083
1243
1104
1238
1146
1241
1200
1248
1245
1236
1270
1245
1302
1241
1214
1267
1248
1220
1292
1234
1330
1238
1396
1254
1441
1261
1455
1289
1472
1320
1481
1342
1426
1348
1342
1377
1345
1356
1360
1333
1331
1322
1369
1284
1350
1278
1379
1252
1345
1221
1332
1202
1276
1189
1316
1185
1248
1196
1244
1223
1242
1233
1230
1247
1187
1256
1154
1281
1125
1274
1099
1285
1068
1292
1030
1310
1072
1349
1012
1343
1007
1350
975
1359
960
1346
938
1318
929
1325
919
1315
937
1295
984
1275
1082
1260
1077
1251
1098
1230
1164
1212
1165
1216
1187
1153
1230
1179
1219
1175
1286
1181
1304
1190
1361
1220
1389
1220
1353
1228
1360
1250
1335
1304
1335
1307
1325
1318
1342
1332
1346
1341
1342
1365
1237
1374
1286
1392
1138
1385
1154
1364
1153
1346
1193
1312
1227
1308
1313
1294
1333
1287
1387
1275
1389
1284
1252
1271
1409
1281
1334
1281
1374
1284
1389
1283
1421
1275
1415
1276
1402
1276
1357
1261
1285
1249
1254
1216
1298
1218
1200
1211
1264
1207
1296
1203
1320
1209
1295
1210
1323
1200
1344
1212
1316
1212
1332
1190
1378
1219
1372
1237
1433
1256
1433
1230
1414
1281
1351
1283
1259
1299
1263
1307
1201
1311
1194
1310
1124
1343
1259
1349
1215
1356
1227
1327
1193
1347
1168
1329
1135
1314
1133
1305
1135
1272
1157
1275
1105
1277
1171
1261
1122
1249
1099
1219
1076
1236
994
1232
985
1238
1016
1220
1038
1248
1013
1266
982
1259
1042
1236
1020
1214
1002
1207
985
1197
1030
1184
1012
1186
1049
1179
1078
1180
1126
1202
1248
1174
1167
1181
1218
1174
1247
1194
1285
1214
1361
1228
1383
1254
1432
1257
1454
1264
1484
1253
1515
1247
1385
1263
1412
1232
1380
1230
1409
1223
1373
1233
1346
1249
1289
1255
1233
1264
1166
1268
1130
1262
1051
1287
1050
1280
1014
1296
1077
1315
1051
1333
1099
1341
1103
1382
1069
1412
1092
1392
1126
1408
1211
1413
1274
1402
1223
1437
1323
1421
1349
1427
1317
1412
1285
1399
1238
1385
1210
1373
1205
1360
1227
1335
1251
1340
1335
1289
1193
1293
1219
1273
1170
1246
1157
1217
1181
1200
1247
1205
1296
1205
1343
1196
1334
1181
1353
1202
1309
1215
1318
1201
1291
1218
1358
1209
1373
1228
1415
1216
1437
1245
1448
1248
1419
1248
1376
1237
1285
1244
1107
1253
1344
1230
1331
1209
1362
1239
1397
1257
1426
1250
1415
1251
1349
1239
1354
1236
1312
1232
1279
1225
1350
1211
1303
1243
1294
1242
1271
1221
1205
1242
1120
1237
1059
1242
1022
1245
1006
1254
1024
1253
999
1295
1086
1305
1067
1312
1036
1323
1031
1327
951
1316
1005
1318
1034
1311
1092
1310
1121
1296
1251
1273
1168
1289
1210
1262
1202
1263
1226
1268
1243
1265
1271
1266
1354
1274
1371
1283
1351
1284
1382
1286
1327
1279
1274
1278
1205
1270
1236
1263
1233
1267
1250
1226
1311
1240
1227
1241
1281
1210
1269
1206
1231
1229
1216
1170
1200
1180
1279
1185
1280
1196
1295
1198
1309
1212
1285
1230
1205
1232
1191
1227
1167
1231
1172
1242
1258
1233
1222
1257
1281
1269
1291
1237
1279
1266
1181
1268
1170
1259
1137
1251
1140
1240
1174
1225
1247
1218
1219
1228
1218
1220
1219
1217
1141
1214
1088
1203
1036
1195
1033
1207
1043
1232
1064
1251
1124
1268
1117
1285
1081
1289
1045
1318
1033
1318
1037
1332
1110
1333
1133
1348
1168
1371
1213
1381
1221
1388
1236
1392
1181
1376
1222
1341
1183
1326
1234
1329
1279
1335
1357
1352
1355
1364
1370
1361
1353
1360
1265
1350
1278
1346
1292
1330
1333
1327
1338
1320
1354
1267
1361
1308
1322
1297
1265
1285
1245
1269
1200
1248
1279
1251
1229
1245
1248
1248
1285
1244
1338
1212
1342
1235
1320
1218
1294
1216
1287
1208
1313
1233
1271
1192
1479
1200
1495
1215
1466
1222
1478
1223
1435
1226
1324
1179
1315
1205
1355
1201
1371
1202
1387
1207
1333
1247
1399
1235
1374
1242
1306
1237
1224
1280
1216
1248
1168
1265
1220
1256
1233
1284
1277
1294
1188
1325
1190
1321
1124
1315
1089
1291
1064
1308
1106
1283
1084
1304
1139
1310
1173
1311
1175
1296
1108
1298
1103
1263
1079
1242
1035
1187
1065
1211
1059
1218
1118
1219
1157
1227
1122
1232
1164
1246
1080
1239
1049
1236
1059
1238
1100
1231
1171
1250
1290
1246
1290
1257
1301
1247
1266
1232
1229
1216
1166
1196
1162
1185
1238
1191
1245
1191
1292
1213
1289
1191
1286
1242
1207
1249
1169
1242
1159
1240
1125
1243
1183
1232
1226
1223
1261
1240
1270
1238
1249
1235
1229
1218
1136
1206
1140
1211
1148
1225
1183
1244
1231
1280
1242
1292
1193
1337
1238
1341
1195
1356
1182
1362
1177
1370
1210
1380
1249
1387
1290
1419
1311
1435
1350
1463
1270
1469
1291
1447
1240
1449
1230
1436
1263
1422
1290
1416
1404
1425
1423
1396
1414
1372
1392
1353
1320
1324
1249
1301
1265
1265
1248
1258
1314
1252
1335
1252
1374
1239
1435
1268
1393
1234
1387
1224
1340
1233
1352
1199
1502
1193
1397
1196
1520
1198
1475
1199
1464
1181
1398
1199
1327
1184
1274
1170
1269
1160
1281
1162
1325
1166
1439
1174
1411
1192
1404
1213
1378
1205
1317
1228
1314
1193
1243
1221
1269
1223
1313
1245
1347
1274
1389
1281
1301
1321
1231
1310
1165
1312
1098
1304
1077
1306
1084
1307
1117
1340
1149
1349
1153
1363
1090
1379
1049
1382
977
1339
943
1341
967
1326
1025
1325
1065
1321
1131
1303
1112
1293
1143
1293
1054
1263
1044
1239
1041
1197
1100
1180
1175
1189
1199
1189
1263
1192
1261
1223
1252
1214
1242
1214
1177
1202
1147
1205
1144
1172
1306
1168
1351
1207
1381
1218
1405
1228
1374
1236
1335
1227
1337
1226
1308
1210
1347
1221
1382
1254
1356
1309
1444
1339
1444
1324
1429
1341
1363
1330
1319
1319
1308
1304
1325
1284
1341
1294
1395
1294
1376
1301
1311
1302
1249
1293
1093
1274
1122
1266
1109
1258
1153
1223
1203
1267
1174
1280
1254
1279
1222
1284
1146
1259
1072
1227
1034
1213
947
1214
1002
1221
1039
1225
1126
1238
1124
1258
1175
1263
1163
1254
1106
1241
1115
1222
1256
1181
1137
1224
1268
1241
1346
1238
1339
1252
1354
1248
1340
1238
1280
1268
1251
1218
1288
1206
1360
1199
1324
1206
1591
1206
1427
1241
1405
1244
1316
1229
1230
1221
1162
1206
1162
1198
1087
1208
1210
1233
1244
1254
1226
1282
1199
1269
1084
1285
1020
1280
987
1280
998
1283
1039
1306
1127
1324
1166
1350
1142
1379
1117
1368
1016
1389
989
1355
1021
1337
1081
1315
1145
1327
1204
1333
1273
1341
1213
1335
1162
1325
1111
1301
952
1296
1050
1246
1044
1239
1166
1226
1265
1257
1294
1270
1295
1277
1229
1273
1171
1247
1131
1241
1154
1208
1165
1234
1236
1201
1361
1221
1428
1229
1450
1235
1421
1235
1378
1209
1328
1200
1338
1188
1482
1204
1363
1230
1515
1237
1521
1276
1546
1278
1463
1281
1380
1279
1319
1254
1310
1262
1342
1234
1390
1284
1392
1315
1383
1304
1383
1318
1255
1301
1156
1295
1076
1259
1080
1273
1063
1267
1145
1269
1174
1284
1165
1286
1095
1301
1042
1285
967
1263
917
1238
947
1235
1029
1242
1103
1252
1165
1272
1218
1292
1184
1295
1183
1302
1036
1265
1121
1265
1120
1244
1237
1243
1343
1249
1362
1252
1408
1254
1402
1240
1326
1219
1277
1191
1301
1154
1300
1157
1371
1120
1437
1158
1459
1172
1421
1153
1341
1202
1280
1175
1173
1169
1155
1157
1198
1153
1242
1189
1325
1202
1370
1224
1316
1266
1235
1277
1145
1272
1066
1269
1056
1269
1090
1274
1202
1284
1138
1343
1257
1349
1165
1379
1181
1371
1041
1361
997
1315
1037
1317
1040
1327
1160
1336
1241
1332
1266
1379
1137
1348
1156
1331
1093
1305
1021
1282
1061
1258
1133
1252
1173
1273
1257
1275
1289
1288
1269
1289
1238
1268
1196
1219
1133
1210
1154
1192
1254
1184
1357
1186
1456
1190
1427
1212
1408
1210
1370
1205
1276
1194
1324
1179
1336
1164
1390
1200
1418
1198
1479
1222
1460
1236
1349
1269
1299
1239
1173
1245
1111
1238
1133
1217
1245
1227
1245
1270
1281
1303
1288
1317
1237
1342
1161
1344
1077
1330
1059
1307
1085
1306
1164
1321
1197
1348
1292
1331
1274
1339
1188
1328
1099
1305
1004
1262
1005
1242
1045
1249
1137
1235
1214
1252
1245
1264
1175
1282
1141
1289
1073
1276
983
1259
1003
1202
1077
1262
1082
1271
1225
1291
1305
1317
1284
1338
1226
1349
1078
1352
1130
1311
1157
1299
1283
1295
1345
1311
1469
1320
1546
1343
1514
1348
1443
1354
1338
1329
1260
1318
1309
1288
1380
1288
1402
1275
1528
1295
1568
1295
1481
1307
1395
1301
1306
1273
1244
1229
1304
1183
1361
1206
1337
1211
1446
1230
1472
1215
1383
1261
1291
1262
1182
1237
1134
1216
1124
1225
1235
1181
1349
1225
1354
1261
1349
1276
1304
1291
1206
1275
1117
1242
1093
1233
1134
1221
1233
1223
1414
1273
1419
1297
1344
1325
1310
1302
1247
1309
1158
1285
1127
1254
1191
1245
1210
1237
1442
1270
1345
1284
1332
1299
1261
1318
1210
1309
1129
1284
1073
1283
1230
1266
1293
1262
1530
1303
1459
1333
1406
1353
1317
1348
1271
1315
1177
1280
1139
1232
1215
1234
1235
1218
1544
1239
1362
1261
1297
1254
1182
1283
1127
1264
1040
1249
1011
1257
1108
1243
1173
1238
1427
1282
1318
1289
1280
1320
1202
1305
1182
1306
1138
1267
1113
1260
1235
1266
1241
1255
1407
1290
1277
1320
1314
1330
1227
1320
1195
1277
1184
1260
1142
1258
1296
1213
1335
1202
1535
1235
1573
1267
1462
1284
1377
1277
1298
1241
1333
1178
1296
1173
1378
1217
1355
1216
1485
1241
1457
1265
1345
1280
1237
1280
1098
1243
1153
1197
1095
1184
1129
1217
1128
1188
1332
1258
1278
1306
1165
1309
1100
1318
979
1292
1020
1265
1103
1249
1195
1280
1193
1255
1330
1307
1338
1337
1239
1338
1177
1345
1083
1313
1110
1299
1258
1275
1335
1294
1312
1259
1544
1321
1450
1344
1342
1342
1287
1351
1200
1306
1160
1283
1298
1226
1330
1217
1288
1231
1557
1292
1398
1315
1280
1323
1222
1299
1123
1290
1095
1271
1190
1270
1288
1258
1218
1235
1427
1315
1275
1320
1188
1316
1185
1303
1098
1267
1063
1266
1265
1228
1278
1214
1197
1284
1487
1283
1365
1294
1253
1282
1224
1260
1194
1226
1165
1175
1314
1192
1408
1190
1332
1249
1576
1232
1405
1270
1300
1270
1229
1242
1204
1250
1195
1237
1279
1246
1296
1240
1208
1292
1457
1287
1289
1329
1186
1345
1072
1321
1169
1318
1145
1280
1319
1282
1326
1291
1161
1367
1437
1382
1277
1368
1183
1390
1068
1353
1189
1331
1180
1294
1304
1247
1300
1226
1172
1317
1416
1316
1236
1332
1147
1306
1043
1267
1143
1218
1109
1244
1247
1195
1242
1168
1073
1289
1340
1310
1185
1303
1110
1294
1009
1257
1159
1220
1186
1174
1254
1198
1221
1193
1216
1248
1390
1247
1253
1245
1203
1236
1113
1200
1307
1140
1330
1175
1429
1147
1382
1107
1450
1225
1464
1236
1313
1242
1249
1238
1167
1217
1284
1190
1325
1175
1404
1152
1361
1162
1532
1270
1431
1269
1291
1280
1239
1257
1155
1250
1221
1191
1269
1191
1324
1189
1233
1200
1408
1295
1254
1297
1102
1304
1065
1274
982
1278
1027
1218
1134
1232
1137
1255
1018
1239
1280
1318
1143
1323
1018
1329
1010
1283
986
1267
1032
1229
1191
1244
1224
1256
1116
1186
1364
1293
1216
1300
1109
1303
1102
1269
1098
1274
1127
1220
1275
1227
1320
1215
1212
1239
1450
1319
1291
1316
1180
1321
1182
1278
1189
1268
1210
1210
1284
1226
1313
1230
1164
1208
1362
1299
1191
1310
1087
1306
1039
1257
1124
1253
1128
1162
1277
1206
1297
1193
1139
1175
1381
1263
1208
1258
1135
1253
1081
1229
1224
1231
1267
1192
1398
1210
1318
1181
1156
1191
1428
1332
1263
1333
1169
1344
1121
1309
1274
1322
1268
1273
1424
1257
1371
1266
1148
1322
1412
1371
1227
1364
1159
1364
1084
1320
1259
1292
1264
1302
1346
1246
1277
1264
1118
1300
1351
1326
1196
1318
1157
1296
1118
1255
1318
1237
1319
1231
1392
1202
1309
1181
1136
1264
1375
1273
1220
1297
1194
1289
1155
1253
1348
1199
1352
1196
1429
1176
1329
1173
1094
1261
1322
1250
1184
1260
1159
1230
1122
1202
1322
1146
1287
1187
1352
1152
1224
1153
980
1261
1243
1310
1101
1283
1086
1280
1098
1253
1258
1223
1265
1218
1221
1226
1094
1227
1051
1319
1160
1329
1036
1355
1037
1312
1034
1295
1238
1230
1222
1258
1236
1254
1080
1250
1230
1319
1184
1312
1067
1307
1130
1286
1158
1262
1318
1245
1402
1232
1396
1200
1258
1150
1400
1302
1308
1303
1204
1304
1269
1262
1290
1250
1402
1223
1384
1171
1407
1172
1253
1198
1426
1302
1274
1301
1194
1304
1235
1280
1283
1286
1342
1264
1383
1270
1384
1267
1172
1253
1348
1380
1177
1378
1115
1372
1126
1335
1218
1332
1253
1291
1325
1310
1316
1311
1127
1257
1322
1364
1188
1369
1150
1357
1132
1310
1287
1310
1324
1296
1432
1255
1319
1236
1100
1306
1357
1362
1198
1367
1167
1331
1143
1294
1332
1284
1326
1233
1468
1219
1359
1212
1117
1249
1393
1313
1257
1309
1237
1329
1213
1258
1432
1224
1485
1193
1525
1191
1417
1187
1149
1260
1401
1272
1249
1273
1245
1252
1226
1209
1443
1190
1411
1200
1492
1150
1363
1156
1114
1248
1356
1269
1193
1254
1187
1257
1155
1231
1363
1227
1354
1188
1318
1224
1146
1217
927
1295
1181
1308
1060
1302
1063
1293
1056
1262
1269
1261
1190
1233
1245
1267
1064
1261
1045
1324
1097
1334
985
1329
1020
1296
1049
1293
1262
1245
1243
1238
1257
1239
1131
1254
1242
1343
1171
1353
1096
1320
1154
1260
1189
1260
1286
1233
1418
1233
1358
1226
1178
1206
1365
1254
1219
1273
1125
1275
1182
1225
1234
1222
1271
1163
1439
1175
1387
1154
1203
1192
1387
1267
1251
1270
1165
1261
1225
1220
1289
1234
1357
1175
1410
1235
1394
1242
1194
1201
1359
1322
1199
1326
1120
1330
1093
1295
1235
1313
1298
1285
1402
1274
1329
1292
1118
1268
1334
1357
1166
1373
1123
1345
821
1359
1504
1282
1327
1297
1402
1347
1304
1322
1136
1378
1347
1377
1174
1363
1129
1311
852
1325
1480
1279
1350
1280
1403
1268
1285
1236
1119
1320
1277
1321
1152
1301
1110
1221
1198
1278
1486
1207
1345
1197
1383
1203
1284
1227
1183
1281
1365
1287
1231
1268
884
1162
1290
1264
1574
1223
1505
1188
1567
1193
1453
1207
1631
1313
1448
1317
1302
1310
1063
1220
1360
1317
1404
1257
1538
1288
1532
1288
1360
1276
1579
1361
1346
1350
1198
1337
809
1267
1231
1346
1398
1247
1393
1247
1419
1283
1224
1339
1435
1359
1199
1328
1068
1266
696
1233
1292
1338
1204
1241
1182
1244
1196
1286
1067
1359
1258
1325
1034
1320
907
1279
583
1219
1158
1346
1044
1275
1222
1284
1207
1274
990
1336
1258
1326
1074
1304
996
1205
718
1185
1366
1260
1304
1151
1393
1169
1341
1196
1609
1279
1438
1254
1262
1297
1204
1151
919
1146
1630
1267
1461
1184
1570
1195
1467
1203
1655
1289
1533
1297
1334
1281
895
1185
1040
1225
1700
1268
1540
1183
1617
1186
1539
1226
1756
1305
1525
1302
1331
1301
971
1213
943
1302
1621
1336
1392
1264
1442
1279
1299
1319
1506
1408
1244
1389
1049
1373
542
1287
702
1328
1396
1330
1177
1311
1230
1268
1096
1367
1351
1360
1122
1301
942
1308
552
1194
646
1299
1396
1229
1157
1227
1235
1271
1158
1353
1456
1329
1201
1323
1073
1232
646
1222
865
1280
1599
1239
1385
1241
1438
1232
1557
1322
1578
1326
1353
1305
1207
1224
826
1168
1270
1260
1490
1166
1434
1152
1439
1168
1331
1252
1525
1259
1277
1242
1123
1105
709
1105
1250
1197
1623
1139
1365
1154
1369
1177
1662
1245
1469
1248
1219
1225
1084
1112
730
1129
1325
1224
1247
1125
1382
1160
1319
1159
1441
1282
1378
1281
1146
1291
631
1167
719
1170
1348
1292
1300
1207
1392
1231
1378
1290
1659
1379
1431
1384
1215
1375
792
1263
749
1303
1447
1413
1348
1367
1414
1356
1418
1356
1632
1468
1386
1465
1154
1450
654
1335
749
1354
1464
1450
1242
1342
1354
1390
1294
1433
1558
1456
1330
1442
1094
1346
572
1291
714
1366
1453
1383
1292
1270
1369
1286
1342
1356
1581
1352
1354
1320
1165
1232
697
1179
858
1198
1592
1258
1363
1180
1517
1162
1474
1255
1679
1247
1413
1236
1239
1145
787
1135
970
1198
1657
1178
1439
1187
1509
1144
1740
1243
1590
1281
1319
1293
1131
1230
703
1186
879
1309
1606
1279
1390
1313
1408
1314
1743
1409
1585
1414
1356
1392
753
1307
751
1289
1259
1349
1646
1231
1453
1242
1491
1269
1662
1348
1523
1355
1260
1344
719
1257
707
1240
1184
1307
1504
1231
1321
1233
1315
1255
1565
1343
1346
1336
1090
1332
556
1229
625
1214
1116
1320
1450
1224
1237
1226
1234
1319
1432
1341
1289
1340
1080
1320
549
1208
675
1181
1391
1251
1334
1123
1468
1164
1456
1232
1703
1264
1492
1272
1284
1210
779
1231
864
1133
1561
1271
1453
1210
1558
1211
1568
1334
1746
1362
1517
1368
1286
1290
812
1269
940
1297
1624
1332
1385
1208
1468
1221
1553
1317
1605
1364
1349
1356
1103
1271
621
1243
795
1265
1473
1312
1276
1199
1339
1249
1597
1294
1480
1342
1190
1308
998
1216
563
1199
682
1264
1435
1297
1207
1252
1251
1263
1600
1321
1443
1383
1227
1407
1087
1300
690
1305
902
1359
1638
1324
1378
1291
1502
1280
1775
1373
1608
1397
1362
1393
868
1266
861
1274
1022
1330
1780
1248
1520
1239
1507
1305
1566
1368
1597
1369
1344
1379
876
1279
785
1240
1287
1332
1526
1241
1355
1219
1378
1230
1496
1276
1400
1295
1186
1282
666
1135
754
1120
1327
1212
1603
1139
1399
1106
1334
1223
1533
1259
1393
1278
1172
1278
643
1221
753
1200
1256
1284
1418
1152
1343
1205
1291
1287
1500
1317
1332
1333
1107
1275
569
1252
696
1188
1360
1295
1195
1207
1290
1222
1288
1313
1487
1339
1296
1348
1121
1283
679
1255
790
1204
1448
1318
1292
1216
1445
1192
1691
1274
1609
1354
1380
1359
1167
1281
767
1289
912
1329
1587
1339
1386
1272
1419
1281
1758
1328
1602
1373
1369
1365
1177
1244
711
1227
835
1311
1534
1300
1271
1225
1320
1212
1650
1266
1509
1308
1262
1318
748
1252
703
1251
855
1280
1576
1301
1329
1204
1348
1208
1433
1282
1523
1327
1302
1325
779
1225
690
1199
846
1262
1512
1174
1197
1146
1193
1192
1288
1235
1355
1250
1138
1249
636
1130
678
1135
1100
1216
1578
1112
1311
1139
1299
1211
1483
1241
1478
1273
1300
1284
758
1183
826
1201
1329
1312
1439
1203
1237
1263
1233
1348
1318
1388
1335
1446
1155
1365
690
1349
759
1309
1394
1385
1391
1272
1219
1232
1273
1343
1503
1353
1417
1297
1254
1275
760
1225
860
1265
1454
1309
1436
1193
1297
1211
1652
1267
1495
1332
1372
1359
1200
1273
754
1284
826
1335
1457
1335
1204
1193
1178
1219
1454
1306
1395
1314
1251
1310
1126
1188
687
1172
757
1133
1430
1247
1164
1151
1223
1163
1598
1198
1507
1256
1336
1269
798
1166
789
1183
1239
1238
1558
1214
1213
1119
1277
1132
1596
1186
1481
1261
1325
1283
845
1183
805
1188
923
1289
1512
1272
1216
1186
1209
1187
1456
1286
1487
1343
1333
1359
810
1272
881
1305
1057
1305
1642
1239
1265
1213
1288
1274
1403
1290
1513
1337
1350
1386
872
1303
855
1265
1314
1379
1525
1269
1168
1269
1162
1336
1271
1362
1310
1371
1172
1273
672
1248
870
1150
1154
1293
1420
1155
1002
1137
1162
1208
1156
1245
1284
1265
1204
1239
753
1211
891
1233
1479
1279
1325
1173
1319
1218
1332
1303
1588
1334
1569
1344
1410
1297
957
1289
1109
1223
1595
1329
1361
1228
1278
1187
1613
1264
1530
1339
1491
1323
1386
1273
956
1283
1185
1356
1597
1348
1258
1205
1310
1221
1468
1297
1583
1309
1481
1314
1362
1256
849
1233
971
1232
1481
1300
1134
1176
1103
1194
1434
1268
1354
1336
1252
1349
783
1249
776
1275
871
1361
1446
1346
1125
1258
1164
1270
1330
1269
1482
1310
1399
1315
995
1196
960
1194
1143
1291
1614
1209
1259
1189
1251
1215
1510
1311
1521
1375
1416
1399
887
1313
863
1359
960
1392
1490
1326
1089
1247
1076
1337
1192
1324
1348
1335
1287
1320
812
1191
887
1219
1452
1295
1560
1132
1287
1135
1325
1258
1411
1266
1643
1306
1556
1263
1061
1225
1482
1227
1521
1318
1574
1223
1181
1223
1112
1313
1319
1327
1391
1339
1327
1286
842
1237
1021
1226
1506
1301
1225
1220
1208
1164
1159
1257
1417
1264
1467
1269
1382
1196
932
1154
1069
1131
1485
1242
1173
1135
1088
1147
1450
1212
1368
1277
1382
1300
1318
1220
907
1239
985
1266
1422
1339
1058
1250
1060
1266
1313
1335
1252
1391
1276
1389
863
1308
911
1359
814
1325
1348
1330
936
1201
978
1206
1326
1248
1307
1328
1290
1349
929
1222
937
1297
1050
1303
1567
1304
1158
1246
1203
1196
1459
1274
1483
1339
1442
1346
969
1218
1307
1293
1019
1318
1456
1228
1034
1199
988
1179
1180
1264
1364
1316
1304
1319
950
1236
1279
1219
1135
1273
1687
1175
1315
1184
1338
1272
1529
1266
1687
1312
1651
1233
1211
1209
1501
1191
1234
1283
1663
1239
1191
1186
1142
1306
1273
1288
1442
1325
1370
1277
911
1230
1185
1188
1406
1261
1369
1185
1077
1206
1015
1271
1132
1283
1337
1303
1298
1245
882
1186
1178
1213
1277
1329
1259
1256
915
1249
1276
1339
1080
1413
1283
1429
1273
1362
848
1379
966
1266
1392
1360
1012
1255
966
1248
1210
1266
1181
1288
1305
1271
1323
1166
957
1164
1028
1132
1506
1201
1163
1134
1076
1157
1468
1203
1408
1258
1481
1271
1133
1160
1194
1240
1108
1215
1599
1231
1128
1137
1114
1151
1437
1229
1391
1291
1400
1300
1064
1170
1014
1256
1061
1176
1506
1293
1026
1219
950
1222
1159
1317
1308
1361
1340
1374
926
1282
1357
1302
997
1233
1462
1313
983
1220
938
1294
1071
1265
1303
1292
1303
1300
953
1191
1351
1192
1035
1236
1481
1179
983
1202
964
1241
1107
1260
1295
1329
1309
1233
923
1178
1316
1182
1087
1245
1562
1201
1088
1170
1078
1278
1235
1277
1439
1316
1461
1238
1101
1260
1256
1249
1570
1330
1516
1290
1200
1253
1134
1397
1238
1415
1468
1427
1467
1348
1066
1372
1180
1247
1464
1338
1340
1266
1045
1243
1288
1331
1123
1359
1339
1366
1350
1276
972
1334
1099
1221
1507
1360
1107
1284
1056
1311
1212
1398
1254
1400
1353
1392
980
1261
1333
1349
1096
1220
1519
1311
1147
1239
1033
1273
1369
1316
1316
1352
1389
1346
1064
1242
1338
1301
1112
1189
1586
1274
1166
1201
1143
1191
1435
1223
1383
1281
1478
1240
1176
1143
1479
1103
1265
1068
1718
1174
1243
1135
1203
1116
1530
1205
1486
1270
1483
1289
1052
1171
1525
1236
1167
1216
1594
1318
1121
1245
1040
1330
1099
1315
1388
1367
1402
1352
1057
1277
1494
1226
1168
1294
1644
1261
1143
1245
1100
1333
1208
1318
1429
1341
1408
1295
991
1249
1347
1228
1057
1273
1468
1208
918
1200
872
1302
990
1301
1147
1332
1150
1280
756
1277
988
1257
1214
1332
1154
1244
882
1270
892
1361
1042
1374
1266
1376
1285
1283
932
1329
1075
1184
1402
1287
1325
1209
1133
1227
1270
1283
1261
1274
1450
1293
1475
1221
1108
1261
1201
1182
1272
1248
1392
1168
1155
1199
1470
1245
1259
1291
1364
1282
997
1202
1337
1227
1027
1150
1458
1257
1016
1181
1027
1192
1352
1271
1311
1334
1371
1329
1054
1260
1392
1288
1160
1183
1564
1304
1171
1216
1036
1269
1259
1309
1301
1381
1359
1385
965
1277
1443
1296
1036
1304
1513
1326
1037
1291
983
1237
1257
1330
1231
1376
1253
1363
869
1274
1365
1228
1017
1221
1562
1278
1129
1220
1097
1295
1207
1299
1390
1362
1405
1252
1031
1320
1532
1243
1189
1311
1734
1217
1263
1227
1176
1235
1252
1313
1461
1347
1441
1257
1039
1296
1374
1154
1155
1227
1646
1175
1176
1110
1078
1218
1206
1169
1342
1207
1325
1173
875
1180
1130
1089
1096
1162
1585
1092
1108
1152
1323
1238
1176
1257
1365
1293
1350
1237
1022
1288
1099
1164
1376
1280
1271
1206
1140
1232
1167
1331
1190
1340
1314
1342
1294
1208
874
1309
1027
1223
1104
1308
1206
1235
1024
1263
1336
1297
1060
1338
1217
1350
843
1267
1256
1312
931
1208
1426
1300
1054
1240
995
1222
1272
1297
1115
1374
1161
1378
830
1304
1195
1328
944
1250
1470
1370
1115
1221
1064
1314
1332
1341
1243
1374
1284
1366
882
1247
1407
1302
1064
1233
1629
1293
1223
1226
1208
1264
1507
1251
1456
1320
1455
1311
1099
1212
1573
1196
1229
1176
1779
1257
1348
1198
1265
1285
1352
1241
1495
1281
1456
1212
1044
1248
1500
1171
1183
1172
1721
1226
1309
1180
1320
1288
1371
1264
1454
1298
1404
1198
988
1273
1318
1211
1081
1274
1594
1222
1180
1226
1056
1330
1266
1302
1329
1353
1273
1270
1140
1361
1099
1244
1042
1338
1601
1281
1190
1342
1476
1379
1208
1402
1339
1431
1273
1323
1067
1407
985
1281
1271
1402
1212
1335
1106
1338
1182
1414
1147
1435
1308
1456
1307
1351
1040
1430
1106
1354
1221
1415
1340
1307
1321
1294
1643
1327
1333
1329
1491
1357
1110
1258
1517
1294
1159
1207
1725
1257
1417
1191
1369
1140
1640
1208
1487
1252
1509
1273
1151
1196
1468
1235
1150
1174
1674
1269
1353
1129
1304
1162
1471
1199
1426
1243
1408
1213
930
1116
1414
1180
1030
1135
1598
1205
1182
1170
1117
1191
1416
1231
1290
1283
1242
1286
814
1201
1275
1196
974
1176
1479
1223
1068
1221
1080
1281
1112
1279
1273
1297
1234
1242
775
1263
1310
1206
981
1190
1548
1220
1077
1187
1079
1327
1190
1298
1284
1353
1215
1298
764
1340
1093
1239
967
1308
1451
1251
1024
1237
981
1310
1101
1280
1225
1310
1136
1198
982
1274
1020
1147
961
1228
1509
1180
1136
1142
1453
1214
1142
1243
1329
1278
1287
1192
1216
1246
1031
1193
1353
1261
1323
1200
1248
1230
1277
1315
1245
1351
1379
1363
935
1285
1314
1385
988
1297
1193
1385
1300
1323
1281
1304
1608
1339
1296
1380
1407
1375
959
1296
1325
1337
1008
1242
1474
1322
1135
1213
1099
1294
1378
1298
1237
1347
1254
1364
850
1242
1240
1327
945
1269
1452
1353
1145
1294
1171
1246
1468
1307
1327
1343
1298
1334
833
1284
1290
1232
963
1180
1445
1295
1169
1195
1181
1300
1197
1284
1407
1343
1390
1341
962
1264
1484
1249
1131
1187
1733
1245
1342
1197
1366
1253
1409
1201
1581
1240
1460
1185
965
1209
1460
1135
1115
1115
1675
1163
1331
1162
1287
1241
1368
1211
1464
1274
1393
1221
906
1257
1219
1135
1074
1231
1596
1103
1223
1204
1172
1274
1179
1253
1372
1299
1279
1252
1143
1316
1075
1244
1012
1296
1434
1249
1160
1292
1444
1313
1183
1336
1284
1376
1157
1273
1048
1357
816
1263
1086
1331
1020
1224
993
1210
1228
1274
1017
1306
1171
1316
734
1231
1102
1284
765
1189
1057
1275
1104
1214
1048
1234
1455
1245
1168
1339
1302
1311
854
1191
1252
1295
907
1161
1431
1308
1122
1194
1192
1230
1471
1242
1313
1309
1351
1347
960
1213
1308
1283
1058
1229
1545
1306
1291
1204
1309
1229
1505
1284
1460
1338
1450
1337
979
1294
1422
1252
1055
1235
1610
1292
1284
1222
1285
1261
1460
1265
1490
1304
1438
1311
909
1278
1385
1180
1092
1198
1622
1206
1320
1209
1318
1170
1428
1233
1503
1305
1404
1242
904
1296
1358
1217
1028
1199
1588
1203
1216
1202
1226
1298
1363
1286
1461
1335
1356
1313
880
1369
1185
1255
1059
1341
1578
1282
1283
1281
1226
1349
1205
1330
1396
1367
1253
1273
1052
1358
978
1281
842
1310
1327
1213
1065
1256
1164
1349
1235
1314
1295
1353
1212
1241
1128
1336
868
1241
1094
1299
1114
1212
1174
1211
1175
1281
1260
1276
1387
1305
860
1206
1256
1308
895
1181
1132
1301
1197
1193
1236
1234
1562
1282
1274
1324
1411
1341
933
1216
1333
1296
993
1211
1112
1243
1245
1182
1240
1165
1475
1221
1451
1280
1489
1286
985
1239
1444
1294
1094
1177
1613
1299
1366
1236
1389
1212
1675
1288
1527
1345
1488
1354
916
1287
1375
1259
966
1213
1504
1286
1219
1178
1202
1281
1331
1226
1407
1281
1352
1298
853
1235
1265
1219
918
1164
1496
1169
1171
1184
1145
1190
1267
1254
1349
1325
1221
1296
692
1336
1139
1282
796
1263
1332
1262
1057
1259
1022
1362
1065
1266
1277
1363
1187
1291
765
1352
1058
1251
888
1297
1444
1199
1202
1229
1185
1269
1341
1240
1451
1297
1334
1170
1273
1263
1163
1172
1074
1219
1503
1141
1300
1148
1523
1196
1417
1221
1529
1264
1451
1174
1344
1256
1067
1126
1321
1234
1344
1161
1346
1174
1257
1256
1349
1277
1449
1308
900
1240
1252
1322
923
1234
1025
1310
1149
1230
1111
1270
1466
1299
1157
1390
1262
1428
787
1301
1112
1404
772
1321
907
1377
1004
1310
1040
1252
1392
1313
1183
1358
1233
1367
727
1317
1138
1337
756
1219
1301
1317
1003
1240
1042
1217
1411
1265
1275
1326
1260
1321
763
1272
1210
1248
899
1180
1404
1253
1187
1143
1200
1170
1345
1177
1457
1240
1408
1247
927
1194
1319
1152
966
1130
1566
1150
1277
1121
1279
1191
1431
1218
1544
1287
1443
1220
947
1307
1371
1239
1030
1225
1615
1196
1288
1228
1295
1302
1471
1283
1516
1367
1406
1353
1036
1387
1147
1312
1003
1352
1545
1306
1246
1281
1281
1362
1383
1348
1515
1396
1362
1308
1243
1376
1117
1282
993
1302
1443
1203
1197
1200
1390
1322
1301
1322
1392
1377
1263
1301
1160
1373
848
1246
1165
1351
1152
1285
1194
1261
1169
1352
1296
1357
1425
1382
945
1278
1297
1373
980
1253
1149
1314
1298
1235
1297
1236
1672
1295
1419
1337
1553
1360
1075
1238
1446
1340
1116
1220
1197
1297
1377
1172
1389
1207
1667
1232
1461
1281
1496
1303
913
1269
1322
1284
949
1217
1449
1244
1150
1237
1198
1248
1538
1286
1403
1350
1347
1366
820
1353
1236
1287
898
1240
1391
1309
1178
1209
1217
1289
1338
1254
1457
1313
1406
1224
857
1286
1297
1230
962
1171
1529
1233
1210
1187
1293
1213
1403
1208
1531
1278
1412
1232
891
1254
1300
1180
943
1159
1545
1184
1222
1124
1269
1237
1428
1211
1477
1271
1353
1227
810
1250
1099
1193
862
1247
1340
1186
1070
1216
1053
1276
1181
1272
1318
1328
1154
1246
1034
1320
943
1178
845
1258
1224
1155
1088
1153
1227
1262
1230
1256
1347
1319
1227
1261
1130
1316
846
1212
932
1279
1280
1192
1183
1154
1563
1219
1270
1290
1384
1319
841
1220
1210
1309
814
1189
956
1272
1084
1191
1172
1201
1478
1259
1246
1341
1304
1370
797
1303
1140
1378
809
1266
905
1378
1099
1258
1182
1270
1542
1300
1318
1355
1395
1366
850
1313
1305
1331
976
1238
1501
1299
1245
1219
1332
1232
1728
1264
1591
1326
1541
1346
964
1305
1416
1301
1065
1267
1581
1332
1332
1255
1418
1319
1535
1284
1594
1352
1529
1306
954
1357
1373
1282
1033
1243
1593
1292
1276
1252
1335
1228
1483
1293
1568
1352
1447
1310
912
1338
1297
1224
973
1184
1521
1210
1176
1188
1263
1264
1498
1196
1488
1308
1367
1303
855
1310
1176
1192
985
1286
1469
1255
1193
1228
1240
1288
1405
1287
1507
1341
1345
1243
1240
1318
1074
1252
929
1265
1360
1191
1200
1169
1211
1278
1344
1259
1376
1306
1282
1201
1165
1294
834
1200
913
1252
1315
1177
1118
1153
1537
1186
1264
1233
1380
1282
887
1196
1191
1293
815
1238
978
1281
1088
1182
1088
1213
1458
1244
1190
1319
1304
1336
837
1273
1151
1328
779
1206
973
1295
1145
1184
1206
1219
1556
1232
1316
1295
1401
1301
869
1298
1240
1292
887
1196
1395
1278
1137
1173
1212
1196
1562
1231
1406
1292
1355
1311
776
1274
1211
1281
863
1198
1349
1315
1138
1212
1156
1320
1344
1260
1419
1323
1370
1255
874
1310
1268
1240
916
1201
1495
1170
1244
1154
1241
1251
1416
1227
1543
1287
1477
1247
932
1293
1360
1222
1024
1168
1632
1236
1344
1179
1337
1274
1492
1242
1552
1307
1407
1298
889
1312
1237
1308
1313
1294
1215
1236
1134
1210
1125
1214
1053
1258
956
1351
1281
1366
1212
1360
1162
1348
1106
1302
1202
1305
1307
1273
1189
1261
1075
1227
939
1257
789
1291
1151
1390
1244
1392
1357
1384
1507
1379
1475
1349
1476
1351
1458
1317
1179
1336
1073
1371
1014
1370
1086
1411
1670
1419
1790
1393
1847
1387
1710
1313
1551
1297
1439
1303
1129
1271
1072
1220
1064
1227
1178
1202
1728
1277
1822
1244
1747
1235
1584
1216
1247
1208
1125
1217
1049
1161
911
1176
987
1195
1129
1216
1242
1288
1665
1313
1548
1345
1388
1373
1142
1368
1061
1375
1125
1376
1047
1327
1217
1305
1261
1302
1183
1272
1479
1392
1351
1413
1225
1368
1172
1322
971
1293
1172
1280
1271
1225
1137
1207
1100
1185
994
1195
833
1310
1233
1297
1220
1296
1283
1276
1258
1213
1359
1193
1371
1160
1166
1144
995
1140
871
1138
810
1142
1228
1200
1347
1200
1476
1192
1582
1164
1448
1162
1399
1166
1256
1182
965
1187
904
1189
931
1182
1001
1306
1622
1310
1711
1339
1688
1296
1434
1265
1251
1279
1095
1304
839
1273
888
1258
974
1286
1093
1252
1599
1344
1619
1329
1482
1324
1303
1307
979
1304
947
1308
889
1293
860
1285
986
1268
1060
1239
1020
1327
1380
1359
1227
1404
1101
1393
931
1363
941
1369
1093
1367
1080
1290
1176
1312
1168
1270
1084
1281
1407
1395
1357
1400
1337
1387
1383
1359
1355
1322
1523
1319
1559
1225
1436
1277
1333
1284
1170
1299
1107
1352
1524
1362
1611
1345
1715
1316
1688
1260
1708
1227
1627
1216
1304
1196
1129
1164
1019
1200
982
1196
1452
1249
1631
1240
1737
1222
1744
1198
1501
1177
1371
1195
1230
1203
943
1172
958
1224
1042
1228
1227
1307
1828
1310
1819
1294
1693
1313
1435
1292
1194
1316
1071
1322
909
1294
1039
1283
1192
1289
1293
1280
1681
1355
1621
1357
1426
1359
1240
1367
1001
1356
1010
1351
1114
1293
1053
1282
1119
1304
1100
1277
992
1351
1306
1363
1144
1402
1070
1353
1038
1303
1090
1285
1284
1285
1269
1249
1244
1244
1135
1222
991
1186
1234
1304
1316
1284
1350
1280
1456
1271
1459
1220
1517
1207
1499
1125
1202
1190
961
1160
859
1184
821
1186
1314
1327
1452
1269
1586
1239
1624
1186
1425
1178
1271
1153
951
1213
742
1230
687
1268
772
1235
1092
1354
1566
1348
1698
1297
1699
1299
1451
1271
1302
1314
1160
1356
928
1382
976
1403
1147
1452
1276
1464
1906
1484
1968
1412
1897
1339
1720
1233
1400
1238
1243
1249
1045
1259
971
1351
962
1376
975
1375
1118
1379
1452
1311
1394
1218
1314
1149
1082
1084
1025
1112
1022
1175
856
1261
801
1330
780
1332
758
1346
1268
1353
1365
1238
1450
1134
1504
1043
1399
1042
1416
1116
1274
1140
1014
1241
957
1280
1001
1310
1072
1322
1671
1217
1803
1110
1853
1028
1664
984
1481
1036
1270
1132
913
1235
774
1286
815
1295
908
1223
1464
1201
1655
1103
1686
1018
1555
970
1162
1000
927
1103
746
1183
478
1278
578
1388
743
1393
956
1404
1587
1350
1589
1261
1442
1214
1195
1197
894
1273
810
1384
614
1490
723
1578
871
1602
1051
1551
1512
1566
1666
1452
1566
1339
1446
1271
1161
1248
1136
1252
1166
1370
1067
1442
1157
1482
1205
1467
1188
1427
1687
1374
1685
1235
1642
1138
1579
1075
1392
1117
1374
1216
1237
1277
1122
1416
1158
1479
1190
1375
1219
1389
1759
1261
1767
1150
1725
1094
1467
1105
1292
1185
1151
1317
899
1417
872
1459
1013
1440
1250
1351
1851
1315
1966
1209
1916
1125
1708
1106
1267
1165
1029
1288
914
1398
703
1451
884
1479
1135
1419
1402
1369
1982
1266
1871
1165
1625
1147
1243
1157
950
1252
862
1357
772
1418
936
1421
1174
1430
1372
1375
1803
1341
1886
1244
1699
1169
1495
1172
1179
1194
1122
1282
1183
1377
1154
1431
1272
1493
1383
1424
1459
1395
1864
1321
1797
1225
1681
1163
1510
1132
1321
1208
1276
1321
1115
1335
985
1473
1003
1473
976
1363
926
1397
1427
1273
1406
1175
1345
1140
1102
1157
1000
1267
887
1399
583
1448
631
1473
724
1462
852
1311
1448
1303
1594
1192
1595
1126
1530
1090
1217
1134
1061
1246
957
1318
775
1384
931
1392
1146
1317
1390
1290
2010
1236
2042
1139
1872
1115
1540
1130
1264
1231
1155
1333
1014
1430
1120
1442
1326
1411
1530
1308
1912
1312
2132
1222
1983
1141
1751
1133
1360
1150
1203
1238
1145
1368
1010
1378
1178
1431
1311
1405
1334
1280
1738
1313
1647
1197
1478
1132
1273
1107
995
1152
950
1239
978
1300
819
1333
904
1334
994
1296
1003
1277
1457
1177
1391
1080
1247
1049
1020
1060
865
1153
801
1265
587
1343
669
1355
722
1307
834
1212
1365
1230
1454
1131
1384
1086
1238
1089
900
1133
770
1244
716
1320
648
1347
829
1354
1054
1296
1227
1216
1817
1178
1782
1120
1592
1093
1321
1113
994
1195
935
1281
958
1280
958
1291
1191
1281
1456
1258
1571
1229
1950
1197
1745
1145
1473
1158
1103
1203
964
1279
983
1358
947
1371
1145
1369
1288
1346
1325
1279
1599
1276
1504
1191
1281
1146
1089
1139
814
1176
834
1265
961
1327
944
1335
1105
1353
1113
1323
1041
1220
1451
1209
1328
1138
1228
1103
1120
1110
987
1195
1026
1269
1083
1278
1015
1319
1140
1283
1209
1181
1196
1194
1621
1112
1556
1062
1458
1075
1219
1123
1153
1216
1078
1315
1059
1316
1072
1382
1171
1335
1234
1228
1612
1227
1607
1164
1455
1132
1272
1182
964
1245
909
1319
944
1362
776
1409
917
1350
1021
1282
1070
1215
1467
1212
1367
1145
1199
1141
1033
1152
806
1204
828
1266
926
1296
890
1275
1018
1198
1126
1103
1043
1115
1457
1031
1312
1011
1164
1029
917
1080
908
1182
956
1307
890
1331
1013
1328
1070
1259
1115
1141
1475
1165
1445
1093
1313
1073
1194
1116
993
1171
1003
1274
1087
1339
1034
1369
1115
1309
1202
1225
1223
1175
1626
1196
1542
1128
1420
1168
1277
1202
1048
1303
1059
1374
1139
1414
1050
1384
1110
1331
1212
1247
1143
1236
1528
1216
1356
1223
1170
1293
904
1368
838
1475
909
1550
934
1554
982
1518
1182
1443
1203
1293
1344
1309
1432
1250
1279
1255
1155
1285
982
1309
1072
1368
1227
1406
1223
1361
1390
1280
1427
1203
1305
1062
1593
1100
1456
1075
1327
1095
1258
1137
1133
1209
1276
1280
1439
1278
1367
1252
1419
1118
1361
1019
1289
968
1565
995
1460
953
1371
1065
1332
1161
1255
1241
1336
1302
1318
1288
1235
1270
1271
1172
1180
1070
1142
1122
1332
1104
1204
1148
1098
1233
890
1316
901
1405
959
1458
891
1399
873
1369
899
1268
874
1148
1180
1204
1163
1205
1080
1255
1008
1330
856
1374
930
1453
1029
1465
958
1376
1061
1313
1087
1218
1031
1086
1410
1153
1333
1183
1243
1244
1203
1308
1087
1385
1190
1453
1327
1432
1228
1384
1334
1293
1299
1187
1226
1168
1547
1144
1442
1160
1349
1217
1215
1263
1217
1347
1349
1391
1371
1340
1363
1285
1352
1187
1297
1096
1373
1139
1559
1150
1468
1222
1429
1329
1270
1383
1334
1460
1406
1468
1313
1365
1281
1315
1260
1202
1161
1097
1471
1163
1455
1186
1387
1234
1291
1318
1118
1350
1156
1426
1217
1427
1086
1314
1097
1220
1066
1118
988
1082
1380
1165
1317
1196
1257
1248
1225
1285
1095
1339
1173
1362
1252
1336
1134
1249
1107
1192
1087
1113
1026
1127
1423
1151
1329
1197
1260
1243
1126
1328
1107
1400
1177
1442
1196
1400
1136
1308
1153
1193
1124
1048
1012
1100
1396
1106
1309
1163
1236
1268
1087
1341
1158
1419
1272
1442
1232
1325
1303
1237
1327
1143
1286
1098
1561
1138
1509
1173
1434
1253
1325
1357
1161
1414
1232
1461
1313
1441
1263
1333
1305
1201
1270
1137
1156
1065
1464
1179
1402
1243
1248
1342
1196
1389
1076
1469
1180
1451
1313
1368
1233
1278
1239
1147
1217
1048
1147
1079
1463
1141
1334
1223
1252
1291
1208
1411
1145
1483
1263
1490
1404
1435
1293
1320
1337
1238
1259
1149
1172
1185
1459
1238
1344
1272
1276
1392
1164
1453
1196
1508
1344
1488
1357
1346
1314
1275
1332
1158
1235
1047
1309
1147
1386
1162
1252
1289
1220
1406
1118
1465
1209
1474
1332
1433
1264
1273
1270
1140
1181
1006
1030
960
1325
1085
1230
1138
1170
1251
1167
1357
1106
1411
1233
1424
1360
1377
1225
1220
1295
1078
1157
1020
969
982
1292
1141
1195
1223
1147
1339
1211
1407
1142
1442
1278
1430
1382
1358
1230
1176
1176
1125
1072
1072
927
1082
1286
1187
1240
1284
1254
1399
1308
1450
1275
1483
1398
1458
1471
1374
1274
1178
1230
1114
1113
1050
949
1098
1390
1189
1346
1302
1367
1390
1360
1493
1354
1536
1446
1507
1493
1382
1263
1218
1199
1093
1112
1056
1006
1161
1332
1253
1294
1361
1311
1469
1240
1502
1287
1518
1381
1415
1263
1231
1215
1112
1080
1005
958
998
1241
1119
1227
1217
1196
1337
1266
1449
1184
1448
1317
1420
1420
1311
1306
1178
1262
1023
1126
914
1023
898
1325
1079
1310
1191
1300
1324
1344
1429
1293
1435
1426
1400
1470
1298
1309
1156
1194
1021
1054
989
919
998
1214
1159
1146
1292
1170
1431
1246
1513
1185
1511
1292
1469
1354
1343
1145
1201
1043
1116
930
1043
862
1120
1212
1281
1214
1423
1277
1561
1363
1623
1308
1589
1391
1495
1408
1320
1197
1174
1132
1009
1058
964
967
1127
1331
1254
1334
1415
1386
1545
1464
1555
1375
1514
1457
1396
1463
1186
1221
1060
1206
1017
1057
998
986
1148
1316
1272
1331
1424
1394
1522
1390
1505
1374
1460
1439
1325
1430
1172
1241
1063
1135
1003
1007
996
901
1203
1317
1347
1321
1476
1428
1561
1447
1492
1469
1419
1536
1289
1404
1112
1293
979
1098
934
983
997
1309
1168
1331
1334
1444
1487
1542
1546
1482
1534
1496
1437
1489
1286
1292
1101
1145
968
945
943
836
1003
1215
1238
1219
1399
1296
1530
1372
1581
1257
1506
1281
1386
1266
1224
1059
1043
1002
921
896
963
810
1071
1210
1312
1249
1496
1321
1619
1395
1636
1312
1536
1360
1399
1400
1221
1223
1061
1150
960
1052
1019
942
1115
1346
1378
1351
1564
1421
1664
1501
1663
1419
1521
1494
1364
1499
1189
1265
1025
1102
974
960
1022
828
1150
1209
1436
1236
1591
1306
1667
1449
1628
1396
1482
1470
1310
1469
1152
1216
968
1094
945
969
1028
849
1265
1323
1412
1379
1555
1563
1605
1662
1521
1597
1345
1630
1179
1585
1010
1320
887
1210
883
1159
988
1112
1236
1493
1417
1628
1556
1692
1582
1735
1492
1586
1317
1539
1167
1504
974
1261
896
1101
932
1042
1062
1031
1309
1356
1498
1449
1609
1500
1616
1527
1498
1393
1327
1415
1171
1354
1024
1112
1022
1019
1044
948
1186
849
1480
1201
1634
1355
1718
1422
1685
1492
1535
1392
1331
1423
1171
1378
1044
1126
1015
1011
1046
921
1166
855
1474
1208
1589
1388
1651
1486
1585
1555
1430
1422
1236
1380
1074
1243
913
999
955
875
1052
773
1206
994
1457
1174
1607
1344
1658
1412
1587
1481
1410
1311
1217
1251
1059
1104
976
871
980
816
1062
824
1235
1147
1488
1258
1617
1433
1627
1546
1512
1590
1265
1446
1140
1411
984
1240
908
1086
909
1064
1043
1073
1281
1482
1484
1522
1624
1662
1630
1723
1527
1738
1336
1567
1163
1509
1044
1332
966
1146
1049
1110
1198
1032
1368
1395
1604
1451
1705
1596
1676
1662
1538
1697
1334
1504
1156
1442
1031
1213
1005
1068
1061
914
1260
884
1470
1339
1658
1390
1739
1564
1680
1635
1528
1629
1338
1416
1132
1315
1049
1074
989
985
1114
939
1299
971
1443
1427
1653
1507
1680
1654
1586
1707
1398
1688
1181
1462
999
1427
915
1195
892
1097
998
1138
1148
1172
1398
1592
1522
1551
1530
1631
1422
1617
1250
1590
1056
1411
913
1317
878
1170
914
1064
1026
983
1242
968
1433
1304
1563
1334
1596
1422
1461
1437
1285
1428
1094
1262
957
1235
924
1093
982
956
1118
860
1357
855
1565
1139
1688
1269
1690
1426
1551
1475
1379
1488
1203
1299
1050
1234
1024
1053
1088
901
1225
809
1437
785
1585
1065
1658
1226
1610
1343
1439
1385
1245
1349
1070
1139
924
1068
946
918
1039
804
1218
798
1390
835
1486
1059
1582
1238
1498
1366
1345
1407
1164
1411
999
1273
891
1281
911
1244
966
1105
1186
1086
1359
1083
1448
1219
1493
1402
1411
1537
1259
1565
1091
1584
953
1454
868
1443
918
1273
1030
1123
1235
1016
1418
941
1557
1056
1616
1185
1546
1369
1406
1462
1253
1526
1139
1396
1063
1321
1133
1226
1244
978
1461
912
1603
895
1694
1024
1731
1320
1610
1514
1450
1645
1270
1695
1142
1555
1072
1420
1143
1319
1265
1116
1438
1011
1641
1022
1692
1207
1645
1456
1531
1562
1363
1684
1189
1702
1076
1598
1017
1393
1099
1329
1236
1118
1387
1066
1545
1091
1573
1250
1518
1462
1377
1619
1232
1752
1077
1770
984
1699
977
1494
1073
1405
1207
1139
1396
1073
1529
1084
1562
1276
1499
1458
1372
1657
1223
1832
1095
1863
1024
1814
1006
1547
1110
1422
1269
1137
1398
1026
1550
1001
1581
1312
1507
1374
1401
1673
1259
1794
1137
1772
1074
1619
1088
1316
1165
1154
1345
858
1498
841
1541
884
1536
1094
1475
1304
1341
1537
1184
1649
1080
1593
1042
1432
1080
1112
1166
981
1334
770
1433
782
1561
830
1554
960
1447
1191
1316
1386
1175
1486
1087
1463
1061
1353
1099
1098
1198
991
1357
878
1420
869
1557
919
1499
1138
1413
1245
1267
1466
1137
1597
1055
1618
1019
1536
1082
1304
1189
1166
1334
1107
1421
961
1515
986
1449
1102
1372
1364
1250
1571
1107
1689
1048
1665
1038
1536
1104
1290
1204
1067
1343
1024
1431
850
1458
995
1441
1073
1362
1390
1182
1594
1101
1662
1048
1578
1064
1486
1160
1302
1275
1067
1428
1061
1499
1035
1577
1081
1529
1243
1409
1447
1290
1596
1186
1609
1149
1553
1175
1418
1233
1277
1368
1068
1470
1083
1552
995
1506
1162
1449
1228
1359
1425
1236
1597
1149
1615
1109
1567
1143
1446
1223
1304
1333
1133
1416
1120
1500
1032
1458
1150
1443
1209
1346
1392
1239
1509
1160
1550
1127
1514
1151
1381
1225
1249
1365
1091
1420
1034
1505
976
1457
1028
1452
1176
1366
1317
1243
1516
1162
1546
1119
1490
1161
1324
1265
1214
1337
1057
1413
1106
1453
1207
1422
1324
1323
1455
1249
1672
1139
1641
1097
1612
1081
1499
1147
1334
1218
1241
1299
1214
1378
1155
1401
1271
1363
1202
1329
1348
1219
1418
1168
1386
1128
1302
1123
1328
1175
1175
1248
1114
1321
1132
1400
1105
1416
1221
1426
1194
1381
1278
1311
1297
1212
1323
1154
1175
1136
1284
1137
1274
1215
1204
1273
1209
1325
1213
1361
1295
1376
1222
1349
1354
1254
1387
1185
1362
1154
1295
1121
1207
1153
1138
1231
1074
1293
1089
1339
1136
1380
1194
1386
1299
1296
1274
1251
1284
1207
1151
1108
1230
1103
960
1137
905
1191
957
1238
1056
1315
1197
1338
1311
1294
1426
1238
1392
1147
1346
1102
1133
1041
1017
1074
933
1116
962
1162
1037
1224
1214
1272
1378
1315
1425
1318
1461
1308
1370
1283
1267
1264
1033
1211
891
1202
828
1209
883
1232
1006
1288
1155
1323
1307
1343
1378
1352
1349
1360
1169
1316
1104
1230
939
1166
859
1144
772
1133
841
1165
943
1243
1128
1297
1271
1337
1381
1339
1397
1368
1289
1264
1177
1209
1008
1156
752
1162
746
1168
807
1222
962
1288
1210
1349
1437
1382
1585
1391
1561
1357
1580
1305
1359
1226
1117
1229
917
1207
885
1218
1011
1249
1209
1277
1526
1313
1779
1335
1895
1341
1879
1324
1724
1309
1464
1275
1181
1245
986
1229
962
1238
1101
1245
1280
1269
1519
1303
1718
1342
1742
1360
1689
1364
1512
1334
1238
1306
977
1244
795
1190
764
1196
858
1192
1066
1206
1341
1238
1518
1270
1613
1297
1610
1278
1418
1254
1179
1206
941
1153
760
1105
727
1104
873
1116
1114
1135
1384
1141
1647
1182
1712
1140
1730
1187
1526
1164
1223
1143
907
1113
678
1112
650
1121
733
1144
932
1176
1237
1194
1428
1207
1551
1223
1483
1231
1309
1243
1026
1232
776
1225
608
1203
631
1180
788
1165
996
1183
1275
1168
1515
1180
1556
1208
1531
1238
1372
1260
1133
1273
869
1273
765
1252
758
1240
816
1234
987
1239
1179
1273
1389
1286
1460
1325
1488
1361
1382
1372
1154
1382
975
1383
806
1369
717
1280
857
1346
918
1335
1175
1341
1367
1314
1557
1321
1556
1324
1518
1316
1342
1334
1116
1316
939
1318
812
1277
904
1264
1076
1236
1276
1199
1493
1167
1630
1167
1638
1186
1554
1214
1375
1243
1159
1260
1005
1271
938
1269
936
1241
1138
1178
1320
1129
1473
1178
1573
1141
1547
1181
1500
1236
1355
1298
1192
1330
1063
1353
1007
1373
1002
1318
1025
1288
1174
1227
1314
1206
1407
1206
1477
1224
1436
1272
1339
1316
1220
1340
1080
1386
947
1371
912
1342
947
1287
1060
1238
1227
1187
1367
1172
1454
1171
1463
1206
1387
1250
1215
1345
1119
1371
990
1378
957
1366
1007
1288
1147
1210
1304
1127
1427
1072
1500
1058
1483
1095
1427
1183
1256
1259
1178
1319
1145
1330
1109
1311
1160
1216
1282
1136
1359
1048
1430
1019
1418
1027
1398
1111
1323
1168
1237
1282
1156
1369
1069
1387
1043
1361
1018
1287
1018
1216
1033
1126
1087
1089
1085
1102
966
1164
1152
1205
1125
1293
1069
1382
1037
1417
996
1412
997
1341
988
1247
1086
1159
1134
1085
1180
1042
1292
1107
1362
1186
1306
1299
1238
1405
1169
1499
1081
1517
1115
1440
1171
1333
1238
1215
1308
1123
1356
1092
1363
1108
1334
1192
1291
1307
1240
1419
1193
1482
1190
1479
1280
1398
1248
1267
1297
1142
1287
1029
1297
996
1279
1040
1260
1121
1289
1238
1274
1347
1267
1441
1283
1437
1218
1388
1218
1281
1202
1158
1144
1055
1264
1002
1168
1032
1207
1110
1194
1208
1204
1300
1191
1406
1134
1432
1096
1382
1090
1285
1111
1170
1084
1056
1096
1012
1168
1006
1159
1073
1145
1172
1153
1304
1101
1414
1057
1450
1081
1422
1068
1335
1055
1200
1188
1072
1147
989
1171
979
1166
993
1176
1117
1123
1245
1098
1318
1164
1385
1157
1356
1232
1277
1158
1181
1313
1061
1217
990
1233
978
1230
1024
1200
1146
1180
1241
1201
1354
1220
1399
1226
1392
1166
1340
1222
1255
1147
1158
1087
1111
1065
1072
1084
1092
1069
1165
965
1254
1018
1360
936
1403
963
1421
951
1433
904
1360
959
1232
970
1155
1013
1106
1106
1124
1152
1128
1169
1236
1148
1361
1144
1405
1130
1428
1125
1400
1237
1312
1261
1223
1347
1149
1376
1083
1436
1103
1470
1144
1391
1246
1404
1336
1344
1406
1322
1446
1361
1423
1342
1387
1333
1328
1346
1265
1350
1227
1341
1216
1371
1239
1361
1282
1310
1314
1280
1364
1217
1382
1183
1382
1113
1354
1090
1320
1091
1273
1114
1220
1236
1199
1262
1199
1284
1206
1299
1232
1308
1265
1136
1319
1097
1342
1086
1342
1112
1334
1128
1265
1247
1250
1359
1162
1447
1166
1472
1168
1501
1175
1427
1218
1312
1247
1278
1309
1176
1339
1177
1361
1225
1327
1348
1283
1450
1255
1563
1227
1603
1216
1601
1226
1479
1218
1331
1298
1228
1315
1176
1332
1128
1346
1184
1341
1271
1324
1378
1283
1461
1260
1483
1235
1479
1215
1386
1229
1204
1284
1167
1304
1034
1353
944
1413
963
1438
1051
1410
1216
1391
1318
1340
1449
1298
1501
1222
1454
1199
1353
1210
1192
1266
1077
1334
981
1398
1000
1418
1067
1396
1224
1348
1397
1290
1520
1224
1640
1217
1566
1184
1432
1207
1268
1250
1123
1310
1041
1361
1005
1377
1097
1368
1263
1339
1413
1290
1603
1245
1638
1172
1652
1153
1630
1125
1506
1130
1347
1172
1227
1213
1154
1240
1146
1307
1215
1294
1308
1268
1527
1229
1615
1175
1610
1123
1559
1095
1398
1103
1216
1135
1010
1212
834
1296
748
1375
734
1418
848
1427
1033
1364
1134
1279
1266
1217
1317
1173
1236
1176
1083
1221
950
1308
767
1407
766
1477
802
1509
928
1480
1043
1408
1285
1307
1473
1191
1557
1121
1525
1097
1416
1133
1284
1194
1134
1284
1023
1357
966
1383
1075
1384
1119
1299
1278
1209
1492
1112
1532
1032
1572
1013
1523
996
1402
1104
1252
1214
1122
1291
1046
1365
909
1343
970
1312
1110
1211
1268
1097
1408
996
1518
962
1557
969
1399
1036
1313
1145
1123
1266
875
1360
862
1349
850
1321
890
1251
1031
1125
1196
1042
1266
1023
1377
1037
1381
1131
1271
1233
1127
1350
882
1457
803
1462
745
1425
754
1310
861
1244
976
1176
1183
1146
1306
1177
1385
1244
1384
1333
1353
1406
1196
1477
999
1485
868
1424
806
1376
824
1303
958
1220
1123
1201
1344
1202
1496
1258
1593
1315
1520
1407
1407
1462
1213
1463
958
1436
846
1383
843
1332
960
1255
1175
1214
1441
1199
1621
1243
1858
1271
1906
1349
1778
1407
1535
1438
1281
1438
1068
1403
968
1314
1038
1253
1215
1227
1460
1176
1744
1187
1880
1228
1973
1275
1883
1312
1676
1350
1384
1344
1110
1333
910
1298
875
1261
956
1237
1145
1245
1411
1227
1633
1242
1839
1266
1820
1279
1683
1286
1440
1298
1161
1297
902
1290
822
1284
839
1269
1047
1250
1227
1228
1612
1216
1768
1208
1873
1196
1807
1228
1542
1242
1265
1276
996
1291
809
1311
793
1315
882
1303
1152
1251
1394
1219
1622
1211
1702
1203
1666
1181
1455
1245
1178
1281
890
1305
680
1312
681
1298
719
1292
835
1253
1070
1217
1286
1159
1426
1152
1483
1152
1398
1157
1215
1195
1015
1237
902
1255
681
1310
741
1330
853
1315
1065
1261
1265
1206
1423
1159
1570
1138
1565
1154
1447
1190
1189
1278
1045
1325
935
1382
826
1397
906
1361
1026
1296
1194
1201
1337
1150
1433
1129
1462
1138
1265
1212
1216
1277
1084
1342
1002
1394
898
1415
891
1404
948
1333
1057
1274
1151
1215
1279
1190
1354
1192
1334
1243
1333
1303
1346
1367
1266
1416
1175
1487
1114
1454
1090
1407
1125
1346
1201
1285
1296
1222
1386
1226
1504
1222
1563
1261
1551
1312
1503
1365
1405
1416
1309
1413
1186
1399
1149
1361
1165
1273
1237
1265
1281
1190
1494
1199
1616
1199
1643
1246
1646
1282
1564
1335
1456
1352
1324
1351
1236
1328
1195
1287
1221
1239
1313
1213
1486
1201
1593
1227
1681
1267
1712
1300
1640
1324
1518
1340
1348
1336
1186
1319
1108
1304
1016
1288
1106
1248
1205
1224
1361
1188
1487
1203
1509
1201
1460
1204
1394
1216
1166
1230
993
1272
805
1276
744
1284
769
1270
891
1225
1068
1187
1211
1144
1336
1114
1329
1121
1229
1153
1063
1194
799
1267
713
1291
687
1308
750
1304
889
1271
1063
1212
1238
1174
1387
1133
1416
1114
1352
1125
1177
1165
1067
1199
905
1241
862
1283
865
1304
969
1292
1073
1251
1322
1195
1467
1143
1513
1106
1479
1106
1347
1136
1218
1164
1053
1264
971
1338
928
1390
991
1415
1096
1385
1262
1323
1426
1245
1533
1191
1497
1211
1314
1185
1244
1253
1072
1324
961
1396
945
1428
979
1434
1065
1398
1200
1313
1348
1218
1405
1148
1387
1116
1265
1140
1214
1141
1075
1222
966
1275
942
1336
934
1354
996
1350
1073
1306
1176
1249
1275
1168
1338
1136
1277
1139
1261
1161
1208
1206
1105
1262
1050
1312
1011
1357
1007
1365
1000
1355
1059
1306
1170
1234
1234
1201
1257
1153
1295
1141
1260
1157
1216
1204
1189
1257
1086
1304
1032
1337
998
1293
1043
1297
1141
1252
1223
1185
1346
1155
1464
1134
1510
1162
1517
1153
1474
1253
1381
1305
1320
1329
1229
1335
1135
1313
1178
1276
1188
1251
1355
1142
1442
1186
1560
1185
1610
1201
1589
1227
1456
1265
1361
1289
1168
1306
999
1319
817
1301
837
1277
931
1244
1119
1217
1290
1193
1442
1180
1471
1211
1423
1251
1270
1299
1086
1334
887
1355
811
1352
748
1320
851
1280
1025
1242
1270
1193
1423
1204
1513
1228
1496
1266
1361
1304
1206
1326
974
1337
869
1320
804
1293
827
1276
944
1221
1094
1209
1309
1185
1436
1195
1503
1212
1479
1241
1348
1313
1214
1294
1014
1301
945
1293
919
1279
947
1253
1124
1214
1270
1190
1485
1170
1600
1181
1590
1233
1625
1248
1382
1282
1241
1317
1061
1335
986
1308
998
1281
1052
1249
1185
1200
1319
1173
1472
1171
1550
1197
1367
1241
1351
1285
1199
1321
1072
1318
985
1303
914
1260
941
1204
983
1153
1046
1121
1171
1138
1204
1161
1234
1203
1255
1242
1242
1308
1180
1330
1132
1321
1100
1307
1062
1258
1056
1230
1040
1168
1095
1180
1242
1178
1310
1203
1392
1232
1399
1284
1408
1320
1345
1340
1283
1337
1209
1306
1106
1250
1118
1189
1092
1150
1130
1131
1217
1118
1266
1176
1297
1242
1293
1286
1298
1342
1231
1349
1172
1327
1192
1279
1054
1215
1033
1191
1035
1172
1055
1204
1118
1247
1102
1309
1233
1366
1246
1405
1263
1428
1304
1401
1228
1363
1172
1330
1119
1265
1068
1268
1087
1250
1093
1251
1211
1261
1290
1275
1378
1325
1328
1357
1347
1340
1344
1342
1301
1309
1234
1273
1205
1226
1234
1194
1245
1167
1261
1160
1306
1174
1364
1210
1369
1260
1314
1280
1323
1301
1292
1301
1316
1265
1307
1229
1330
1232
1328
1161
1304
1141
1267
1162
1346
1189
1282
1225
1286
1271
1287
1319
1300
1332
1299
1327
1356
1311
1325
1279
1302
1248
1369
1204
1195
1224
1195
1187
1142
1234
1138
1289
1119
1323
1130
1351
1165
1388
1168
1386
1205
1345
1253
1293
1240
1221
1246
1174
1135
1147
1117
1154
1076
1197
1041
1269
1041
1335
1051
1378
1074
1392
1190
1356
1265
1289
1281
1208
1239
1161
1288
1106
1259
1120
1163
1166
1120
1249
1080
1323
1119
1378
1185
1391
1278
1394
1357
1324
1448
1250
1346
1202
1299
1144
1241
1127
1158
1195
1122
1250
1116
1323
1137
1382
1155
1420
1179
1416
1180
1399
1277
1334
1177
1269
1174
1218
1172
1178
1150
1179
1176
1231
1173
1291
1199
1356
1212
1399
1186
1433
1254
1399
1257
1328
1291
1222
1310
1152
1319
1118
1328
1127
1335
1177
1363
1244
1386
1333
1303
1387
1333
1396
1338
1377
1346
1297
1366
1221
1334
1171
1307
1137
1312
1152
1265
1160
1333
1240
1292
1302
1350
1342
1375
1367
1368
1396
1340
1320
1294
1272
1264
1221
1225
1202
1218
1209
1249
1224
1291
1265
1360
1302
1322
1341
1320
1335
1272
1377
1225
1347
1164
1318
1144
1281
1137
1249
1152
1244
1271
1248
1227
1286
1228
1328
1232
1354
1177
1373
1144
1359
1133
1335
1115
1306
1158
1255
1204
1258
1382
1214
1274
1247
1331
1258
1301
1290
1247
1309
1181
1304
1171
1286
1135
1258
1161
1237
1220
1224
1227
1259
1438
1259
1483
1295
1518
1296
1498
1282
1426
1287
1299
1264
1252
1231
1198
1211
1184
1207
1116
1260
1350
1259
1412
1292
1497
1317
1590
1314
1602
1301
1479
1252
1345
1236
1151
1208
1004
1129
832
1214
932
1235
972
1237
1125
1263
1296
1285
1444
1295
1450
1292
1381
1273
1180
1214
1002
1219
824
1196
780
1197
761
1218
871
1248
1110
1302
1279
1336
1451
1401
1538
1380
1527
1369
1415
1337
1262
1287
1177
1260
1049
1240
1032
1273
1093
1325
1201
1377
1351
1424
1476
1433
1581
1404
1637
1354
1612
1281
1548
1235
1373
1216
1242
1217
1160
1261
1105
1313
1123
1404
1231
1388
1336
1390
1456
1361
1552
1307
1596
1257
1499
1209
1422
1192
1288
1217
1126
1264
1042
1308
1101
1363
1129
1382
1231
1421
1330
1334
1347
1314
1391
1261
1393
1223
1372
1202
1261
1235
1199
1295
1168
1333
1151
1374
1159
1406
1174
1398
1178
1376
1189
1316
1247
1252
1314
1180
1339
1150
1385
1118
1435
1186
1426
1235
1400
1281
1339
1320
1301
1311
1305
1281
1224
1237
1263
1157
1269
1104
1359
1047
1405
1094
1480
1128
1439
1208
1376
1267
1269
1306
1167
1314
1098
1289
1050
1249
975
1213
1014
1205
1073
1212
1136
1232
1232
1301
1285
1366
1329
1422
1292
1459
1360
1446
1164
1455
1152
1434
1121
1408
1087
1393
1134
1396
1267
1398
1395
1399
1535
1410
1635
1412
1772
1379
1631
1390
1532
1382
1419
1358
1302
1330
1259
1307
1273
1308
1389
1297
1542
1301
1652
1297
1668
1322
1787
1301
1624
1287
1461
1272
1302
1246
1181
1238
1084
1225
1069
1277
1116
1278
1174
1323
1284
1342
1361
1359
1355
1327
1308
1281
1256
1231
1179
1189
1055
1179
1030
1162
980
1189
990
1225
925
1275
1035
1264
1149
1256
1254
1228
1319
1168
1330
1165
1301
1127
1218
1140
1161
1173
1108
1237
1161
1283
1166
1346
1154
1390
1246
1383
1317
1382
1386
1345
1429
1306
1378
1295
1326
1303
1277
1332
1285
1336
1193
1423
1247
1470
1281
1495
1262
1506
1311
1497
1364
1479
1381
1433
1415
1404
1449
1416
1606
1358
1491
1415
1604
1433
1623
1472
1623
1486
1577
1493
1549
1476
1547
1439
1542
1382
1600
1317
1662
1276
1697
1253
1702
1251
1691
1256
1613
1260
1509
1252
1402
1231
1308
1205
1213
1178
1203
1129
1227
1115
1261
1130
1242
1128
1200
1156
1213
1178
1176
1206
1156
1198
1121
1205
1073
1198
1029
1203
1024
1209
983
1247
1059
1242
1117
1289
1217
1326
1223
1322
1274
1333
1331
1313
1283
1299
1253
1288
1196
1236
1160
1317
1126
1309
1193
1320
1280
1334
1371
1324
1459
1311
1493
1291
1472
1284
1392
1251
1285
1254
1107
1271
1099
1248
1055
1259
1105
1278
1193
1274
1315
1299
1390
1307
1415
1297
1393
1277
1276
1250
1165
1239
1079
1216
1026
1212
930
1223
949
1278
1063
1332
1173
1331
1285
1336
1403
1302
1464
1262
1456
1217
1341
1153
1167
1149
1043
1152
925
1176
860
1214
890
1253
1022
1274
1190
1261
1372
1227
1494
1178
1555
1136
1415
1114
1357
1089
1097
1100
911
1127
801
1177
747
1235
842
1243
993
1255
1202
1242
1369
1228
1416
1226
1565
1209
1403
1223
1218
1240
1065
1273
920
1331
849
1386
871
1422
953
1440
1098
1461
1345
1428
1561
1413
1624
1420
1645
1347
1645
1327
1542
1321
1411
1349
1289
1384
1178
1427
1138
1457
1177
1440
1269
1404
1544
1355
1505
1299
1647
1254
1651
1233
1607
1229
1503
1183
1328
1277
1179
1302
1098
1322
1028
1309
1065
1269
1139
1258
1227
1217
1353
1191
1434
1168
1467
1182
1454
1196
1429
1209
1396
1227
1322
1233
1255
1231
1079
1264
1093
1252
1096
1248
1094
1220
1114
1198
1092
1181
1187
1159
1233
1149
1230
1128
1183
1141
1118
1146
944
1166
862
1186
801
1187
794
1184
753
1168
884
1177
944
1133
1039
1160
1095
1173
1065
1192
1104
1205
1073
1234
1026
1264
997
1290
984
1315
1018
1342
1076
1354
1155
1377
1242
1380
1238
1404
1490
1366
1458
1345
1463
1329
1456
1321
1413
1332
1322
1340
1348
1373
1346
1407
1361
1420
1431
1429
1466
1409
1544
1374
1523
1329
1555
1280
1507
1249
1347
1232
1327
1234
1253
1250
1190
1275
1258
1284
1277
1291
1346
1305
1441
1259
1377
1234
1296
1212
1258
1171
1180
1179
1111
1215
1075
1179
1091
1197
1128
1221
1277
1231
1397
1234
1471
1239
1421
1274
1364
1265
1282
1253
1173
1244
1089
1234
1068
1226
1102
1236
1186
1257
1206
1273
1357
1290
1418
1301
1465
1289
1420
1297
1384
1281
1252
1283
1133
1267
1026
1278
965
1309
971
1305
1003
1307
1145
1291
1289
1269
1416
1258
1468
1248
1435
1253
1326
1272
1167
1300
985
1323
897
1341
854
1340
882
1297
999
1294
1181
1227
1356
1188
1444
1171
1474
1168
1358
1201
1322
1208
1172
1250
1072
1260
973
1280
941
1258
975
1245
1069
1206
1139
1163
1292
1130
1373
1101
1413
1103
1378
1114
1375
1154
1249
1196
1132
1231
1032
1288
926
1305
919
1300
1026
1269
1067
1221
1202
1182
1364
1112
1421
1146
1425
1177
1392
1219
1301
1274
1143
1321
1021
1363
943
1361
898
1369
914
1325
942
1286
1104
1248
1164
1223
1262
1200
1312
1229
1295
1236
1305
1262
1222
1277
1142
1282
1048
1279
938
1272
962
1261
1010
1223
1098
1224
1167
1227
1281
1200
1316
1188
1365
1179
1359
1184
1295
1188
1171
1223
1081
1255
1037
1269
1025
1275
1076
1271
1201
1253
1246
1235
1366
1213
1410
1196
1404
1171
1291
1193
1303
1184
1196
1208
1128
1216
1167
1234
1170
1246
1251
1246
1309
1269
1329
1270
1346
1272
1240
1268
1326
1231
1215
1214
1181
1199
1143
1207
1141
1229
1185
1242
1223
1270
1254
1297
1298
1306
1221
1313
1231
1275
1237
1245
1161
1211
1058
1197
979
1196
937
1205
923
1232
1010
1258
1108
1281
1172
1297
1335
1321
1300
1309
1274
1316
1202
1315
1068
1300
983
1282
840
1259
854
1240
917
1222
1082
1185
1176
1222
1255
1230
1345
1245
1333
1254
1306
1258
1204
1246
1099
1209
999
1166
928
1093
828
1121
948
1083
1051
1099
1196
1114
1306
1143
1405
1179
1500
1194
1461
1221
1388
1218
1282
1212
1166
1191
1105
1171
969
1165
960
1163
1022
1165
1126
1189
1220
1204
1317
1254
1336
1296
1340
1315
1365
1310
1198
1311
1024
1296
875
1259
820
1231
809
1214
912
1199
965
1224
1066
1258
1146
1311
1228
1349
1313
1375
1251
1363
1191
1336
1107
1299
1045
1256
1029
1231
989
1229
1041
1251
1124
1264
1151
1336
1297
1324
1431
1345
1543
1333
1562
1317
1511
1277
1453
1266
1369
1241
1286
1211
1255
1216
1273
1225
1360
1260
1346
1282
1444
1283
1505
1285
1491
1272
1452
1246
1403
1222
1311
1180
1216
1152
1057
1159
1053
1131
1095
1147
1106
1167
1093
1211
1098
1218
1058
1214
1096
1205
1058
1178
1057
1141
1104
1107
993
1116
973
1108
976
1125
942
1157
927
1175
969
1216
955
1224
995
1221
1016
1199
1170
1193
1110
1202
1109
1201
1081
1224
1187
1231
1164
1265
1171
1277
1214
1319
1209
1281
1243
1307
1215
1302
1342
1295
1304
1289
1293
1287
1354
1295
1360
1293
1357
1309
1373
1318
1353
1328
1327
1337
1338
1333
1236
1326
1341
1318
1284
1292
1375
1279
1325
1268
1372
1269
1343
1277
1335
1283
1315
1308
1240
1309
1227
1353
1129
1308
1105
1306
1121
1282
1156
1260
1183
1253
1125
1240
1150
1252
1152
1260
1080
1276
1011
1272
938
1289
931
1264
928
1243
927
1229
979
1221
1056
1208
1138
1213
1148
1232
1195
1229
1191
1233
1213
1232
1200
1235
1220
1227
1170
1231
1203
1231
1253
1238
1322
1245
1386
1244
1474
1252
1494
1262
1521
1270
1488
1291
1495
1271
1390
1304
1332
1294
1318
1296
1262
1287
1307
1272
1313
1266
1360
1252
1520
1276
1326
1322
1344
1309
1275
1321
1268
1323
1250
1324
1199
1316
1221
1307
1245
1309
1267
1297
1283
1300
1325
1289
1336
1287
1324
1272
1338
1264
1355
1254
1342
1241
1365
1242
1328
1246
1308
1257
1266
1255
1338
1254
1328
1271
1268
1249
1296
1239
1297
1235
1231
1234
1229
1243
1262
1242
1244
1265
1218
1285
1254
1316
1160
1316
1222
1323
1237
1318
1206
1310
1216
1302
1217
1260
1196
1275
1212
1266
1188
1264
1108
1282
1152
1243
1149
1289
1149
1296
1147
1297
1146
1284
1153
1255
1148
1236
1129
1201
1145
1202
1230
1169
1173
1177
1158
1198
1160
1231
1187
1241
1183
1247
1215
1235
1207
1244
1189
1232
1182
1223
1056
1242
1145
1230
1185
1239
1208
1256
1239
1285
1257
1286
1293
1314
1337
1312
1347
1287
1348
1276
1300
1245
1294
1274
1187
1258
1181
1274
1224
1289
1223
1304
1288
1313
1357
1297
1391
1295
1438
1277
1428
1266
1379
1255
1308
1266
1215
1282
1192
1299
1166
1318
1200
1305
1256
1330
1335
1341
1397
1354
1439
1316
1445
1285
1477
1267
1365
1232
1311
1248
1218
1252
1190
1274
1168
1294
1170
1311
1213
1330
1296
1331
1330
1323
1364
1303
1313
1286
1303
1249
1286
1243
1199
1278
1162
1258
1132
1274
1124
1297
1175
1326
1235
1327
1309
1322
1238
1369
1420
1319
1337
1298
1302
1276
1250
1260
1206
1247
1198
1249
1222
1251
1245
1202
1294
1273
1413
1267
1317
1295
1336
1308
1332
1303
1351
1303
1302
1279
1292
1261
1269
1245
1260
1254
1261
1258
1289
1268
1357
1315
1306
1319
1331
1344
1318
1350
1305
1355
1272
1323
1284
1315
1258
1292
1210
1272
1215
1267
1201
1277
1175
1272
1224
1304
1232
1319
1260
1328
1273
1320
1319
1312
1309
1294
1320
1264
1347
1248
1318
1203
1290
1221
1188
1225
1280
1219
1251
1229
1275
1236
1305
1255
1363
1258
1379
1257
1438
1250
1424
1249
1425
1239
1294
1244
1233
1234
1237
1261
1180
1277
1139
1310
1134
1332
1234
1362
1248
1362
1333
1357
1378
1343
1410
1318
1377
1319
1299
1303
1222
1304
1155
1317
1111
1329
1115
1350
1150
1353
1224
1364
1297
1354
1368
1337
1404
1323
1400
1314
1377
1304
1320
1298
1268
1296
1203
1295
1221
1297
1215
1298
1213
1348
1245
1309
1250
1326
1285
1299
1302
1290
1301
1276
1279
1276
1271
1278
1254
1272
1224
1271
1209
1267
1208
1265
1189
1263
1206
1265
1204
1261
1237
1241
1246
1254
1255
1266
1273
1269
1263
1284
1289
1293
1291
1297
1301
1311
1306
1306
1263
1297
1230
1270
1183
1266
1165
1242
1151
1266
1148
1266
1186
1278
1216
1286
1243
1310
1260
1275
1254
1267
1220
1243
1150
1223
1095
1208
1060
1198
1043
1190
1066
1183
1122
1213
1194
1232
1243
1248
1324
1250
1372
1253
1359
1245
1349
1232
1306
1222
1274
1247
1246
1254
1253
1252
1268
1269
1262
1278
1353
1299
1401
1304
1420
1321
1469
1316
1464
1306
1433
1293
1367
1278
1352
1271
1350
1270
1272
1269
1280
1283
1279
1256
1311
1303
1330
1282
1380
1291
1400
1282
1362
1255
1371
1246
1326
1235
1296
1244
1272
1255
1268
1280
1279
1289
1281
1304
1316
1316
1341
1333
1339
1273
1330
1289
1271
1279
1240
1272
1200
1277
1185
1282
1191
1290
1211
1319
1239
1319
1236
1335
1262
1328
1256
1308
1249
1279
1229
1258
1190
1223
1171
1226
1150
1212
1140
1209
1157
1217
1167
1239
1206
1237
1250
1265
1284
1271
1318
1273
1308
1255
1273
1258
1215
1234
1179
1227
1149
1226
1129
1228
1140
1228
1206
1253
1258
1279
1310
1312
1342
1298
1321
1298
1298
1279
1246
1262
1210
1245
1135
1229
1130
1204
1114
1193
1134
1193
1166
1208
1196
1211
1201
1219
1209
1226
1183
1250
1190
1247
1126
1245
1087
1242
1073
1245
1036
1239
1039
1238
1072
1247
1101
1256
1137
1282
1160
1298
1169
1315
1183
1328
1193
1327
1202
1321
1185
1312
1186
1311
1203
1300
1215
1279
1254
1313
1282
1322
1318
1339
1321
1339
1346
1324
1401
1311
1358
1288
1360
1272
1353
1225
1359
1256
1349
1263
1372
1273
1374
1284
1353
1283
1348
1288
1339
1274
1329
1264
1337
1260
1355
1232
1368
1216
1368
1207
1397
1211
1374
1227
1364
1239
1342
1260
1310
1279
1312
1293
1317
1279
1372
1266
1433
1249
1462
1224
1489
1209
1459
1196
1410
1226
1341
1253
1280
1277
1233
1308
1200
1324
1219
1328
1252
1312
1301
1295
1352
1264
1370
1246
1380
1242
1348
1242
1300
1282
1221
1280
1193
1290
1163
1306
1107
1307
1109
1302
1113
1277
1156
1259
1186
1242
1237
1214
1255
1217
1237
1234
1206
1224
1167
1237
1098
1247
1050
1241
1002
1278
1004
1275
1020
1308
1045
1251
1074
1312
1116
1313
1152
1312
1150
1309
1170
1307
1152
1303
1186
1306
1182
1323
1157
1359
1166
1320
1128
1315
1131
1290
1146
1276
1177
1255
1208
1241
1269
1236
1340
1222
1385
1224
1421
1220
1434
1224
1411
1223
1362
1225
1318
1229
1278
1222
1260
1230
1280
1235
1307
1238
1346
1244
1424
1253
1481
1267
1474
1275
1477
1293
1429
1299
1372
1318
1287
1325
1281
1319
1273
1320
1258
1307
1283
1307
1318
1308
1354
1327
1383
1338
1398
1345
1392
1354
1355
1347
1326
1336
1336
1321
1266
1297
1250
1294
1244
1299
1269
1305
1280
1313
1331
1318
1365
1326
1349
1308
1349
1306
1302
1265
1267
1259
1244
1236
1251
1222
1255
1219
1256
1219
1311
1235
1338
1250
1331
1264
1345
1266
1319
1262
1295
1251
1260
1228
1254
1201
1270
1189
1262
1175
1290
1177
1280
1200
1289
1197
1262
1233
1270
1254
1245
1276
1236
1281
1215
1276
1185
1270
1160
1253
1163
1240
1143
1229
1140
1258
1141
1240
1160
1256
1167
1264
1182
1271
1199
1269
1174
1258
1164
1243
1128
1234
1110
1249
1068
1231
1095
1235
1105
1256
1109
1299
1141
1296
1154
1308
1183
1314
1188
1321
1192
1316
1192
1345
1186
1327
1175
1319
1177
1309
1167
1310
1184
1318
1203
1301
1237
1296
1295
1303
1361
1276
1407
1286
1424
1267
1453
1255
1441
1240
1406
1215
1363
1208
1355
1171
1347
1176
1357
1184
1401
1218
1444
1246
1504
1238
1523
1255
1523
1267
1464
1263
1404
1233
1332
1249
1277
1239
1242
1240
1250
1254
1257
1271
1314
1297
1405
1329
1407
1322
1410
1361
1379
1316
1342
1369
1272
1360
1229
1339
1238
1323
1211
1338
1212
1328
1230
1329
1242
1369
1246
1395
1247
1398
1245
1418
1186
1415
1195
1400
1179
1374
1174
1330
1189
1333
1208
1320
1278
1333
1270
1333
1338
1322
1380
1342
1364
1328
1360
1323
1328
1257
1301
1272
1281
1249
1309
1231
1340
1227
1368
1228
1403
1242
1411
1249
1400
1243
1364
1239
1322
1230
1262
1216
1204
1199
1199
1194
1207
1195
1231
1197
1265
1205
1284
1212
1277
1222
1238
1212
1237
1215
1204
1215
1203
1204
1233
1204
1229
1235
1270
1215
1303
1231
1339
1242
1344
1261
1341
1278
1325
1289
1295
1304
1287
1301
1295
1300
1297
1326
1320
1315
1330
1316
1341
1326
1286
1342
1321
1352
1306
1345
1246
1386
1216
1347
1175
1336
1176
1339
1179
1328
1224
1321
1252
1337
1253
1358
1263
1346
1253
1348
1225
1333
1177
1316
1116
1284
1113
1279
1109
1253
1130
1234
1217
1261
1218
1271
1274
1303
1308
1315
1333
1310
1354
1295
1320
1264
1315
1240
1279
1209
1287
1206
1289
1214
1323
1228
1365
1276
1391
1280
1379
1310
1388
1317
1399
1324
1381
1327
1369
1290
1361
1266
1386
1244
1353
1230
1362
1227
1345
1230
1319
1248
1274
1257
1255
1274
1197
1280
1204
1277
1234
1274
1230
1256
1247
1259
1248
1233
1271
1267
1241
1293
1229
1294
1217
1315
1196
1310
1184
1340
1208
1334
1240
1330
1303
1313
1340
1297
1386
1288
1396
1280
1401
1290
1400
1295
1332
1291
1298
1299
1256
1292
1248
1285
1221
1270
1284
1233
1331
1251
1355
1238
1378
1258
1372
1277
1315
1319
1247
1313
1193
1324
1133
1330
1090
1320
1124
1326
1180
1321
1240
1284
1312
1321
1354
1319
1363
1321
1324
1322
1286
1314
1197
1308
1180
1315
1169
1291
1191
1320
1229
1275
1270
1265
1355
1261
1379
1248
1408
1236
1401
1237
1365
1242
1322
1231
1299
1226
1288
1225
1285
1222
1293
1191
1333
1210
1347
1220
1365
1196
1365
1221
1305
1239
1290
1250
1232
1256
1219
1259
1177
1265
1187
1257
1200
1256
1197
1267
1198
1264
1214
1274
1222
1279
1209
1279
1199
1282
1199
1283
1190
1287
1208
1281
1236
1272
1254
1283
1279
1267
1284
1270
1277
1287
1240
1293
1212
1292
1208
1305
1131
1308
1133
1302
1134
1309
1170
1304
1225
1302
1223
1290
1226
1297
1199
1281
1164
1296
1159
1301
1108
1290
1113
1312
1077
1301
1175
1300
1223
1299
1269
1299
1291
1283
1298
1277
1300
1272
1275
1268
1279
1270
1321
1254
1315
1272
1349
1278
1371
1249
1435
1277
1429
1285
1453
1265
1464
1261
1447
1257
1382
1271
1351
1271
1339
1280
1315
1285
1310
1285
1339
1286
1341
1280
1348
1280
1344
1283
1350
1275
1269
1304
1216
1295
1170
1318
1115
1330
1135
1320
1158
1316
1188
1301
1239
1304
1259
1315
1289
1308
1234
1315
1230
1301
1212
1319
1187
1315
1189
1338
1216
1323
1269
1319
1297
1313
1345
1304
1396
1306
1369
1270
1363
1280
1346
1279
1320
1268
1299
1270
1313
1271
1329
1269
1332
1261
1354
1247
1377
1238
1387
1220
1379
1212
1326
1244
1288
1229
1232
1244
1259
1245
1246
1258
1260
1270
1283
1255
1303
1248
1307
1246
1305
1233
1290
1250
1245
1267
1182
1282
1161
1292
1120
1308
1119
1302
1106
1287
1122
1299
1137
1263
1125
1242
1150
1251
1149
1265
1135
1267
1126
1289
1098
1298
1119
1302
1131
1277
1161
1275
1187
1264
1214
1241
1233
1233
1233
1224
1213
1218
1236
1242
1212
1253
1228
1266
1230
1279
1275
1282
1328
1283
1323
1271
1365
1258
1338
1211
1309
1241
1298
1234
1300
1233
1311
1252
1316
1262
1345
1280
1384
1284
1404
1290
1414
1293
1397
1257
1379
1246
1319
1227
1267
1227
1240
1243
1228
1251
1231
1280
1227
1294
1263
1300
1260
1296
1292
1284
1304
1279
1307
1264
1254
1251
1199
1271
1162
1304
1124
1316
1112
1326
1118
1326
1162
1322
1192
1318
1235
1307
1261
1295
1262
1283
1234
1289
1214
1296
1141
1298
1122
1314
1113
1326
1147
1318
1188
1329
1224
1314
1281
1325
1279
1317
1315
1308
1310
1319
1298
1299
1276
1287
1268
1298
1265
1286
1269
1288
1290
1292
1311
1276
1299
1260
1334
1245
1333
1228
1335
1165
1341
1189
1331
1195
1330
1205
1296
1200
1293
1168
1207
1197
1235
1174
1201
1166
1187
1195
1170
1165
1151
1173
1177
1184
1172
1197
1172
1204
1168
1213
1154
1221
1117
1201
1095
1196
1091
1190
1072
1196
1050
1207
1080
1229
1088
1259
1111
1258
1137
1272
1159
1275
1174
1274
1148
1260
1182
1244
1181
1243
1188
1237
1205
1255
1202
1260
1227
1298
1254
1326
1293
1339
1334
1346
1350
1348
1358
1359
1332
1351
1299
1344
1279
1343
1246
1354
1233
1355
1240
1355
1272
1364
1331
1368
1307
1357
1314
1351
1264
1335
1228
1308
1163
1291
1141
1303
1145
1275
1137
1264
1169
1272
1178
1259
1208
1285
1215
1267
1213
1240
1195
1220
1141
1194
1153
1194
1130
1186
1166
1205
1228
1223
1225
1244
1272
1275
1299
1277
1318
1271
1359
1261
1332
1243
1332
1278
1293
1233
1291
1246
1291
1265
1315
1292
1353
1307
1393
1326
1428
1342
1452
1344
1471
1332
1457
1327
1432
1321
1398
1314
1350
1317
1322
1331
1308
1337
1321
1368
1335
1349
1340
1375
1366
1371
1335
1360
1314
1338
1269
1323
1251
1299
1213
1295
1188
1333
1206
1284
1205
1291
1260
1288
1289
1307
1316
1278
1319
1274
1309
1277
1298
1245
1253
1237
1233
1234
1216
1236
1211
1238
1217
1244
1235
1246
1240
1232
1258
1219
1250
1216
1243
1200
1203
1201
1181
1189
1173
1204
1154
1213
1149
1226
1131
1253
1119
1254
1126
1254
1148
1244
1130
1265
1177
1233
1179
1214
1214
1236
1201
1262
1215
1268
1227
1291
1224
1307
1238
1316
1258
1312
1288
1309
1269
1299
1277
1294
1256
1263
1257
1292
1232
1297
1274
1296
1274
1295
1283
1291
1301
1300
1289
1286
1280
1295
1277
1285
1257
1280
1237
1277
1204
1269
1222
1281
1226
1292
1236
1277
1261
1303
1243
1308
1256
1324
1243
1300
1258
1283
1279
1281
1268
1266
1274
1267
1258
1245
1258
1273
1244
1269
1250
1258
1255
1249
1261
1231
1252
1227
1264
1224
1265
1226
1264
1234
1249
1253
1253
1238
1228
1265
1221
1266
1214
1262
1223
1235
1233
1265
1223
1233
1232
1236
1217
1247
1241
1260
1240
1283
1252
1278
1252
1297
1222
1314
1222
1289
1190
1295
1179
1261
1170
1252
1169
1250
1164
1256
1182
1266
1202
1274
1212
1281
1220
1282
1220
1281
1183
1271
1163
1258
1098
1248
1156
1232
1115
1228
1122
1231
1145
1223
1146
1229
1169
1228
1200
1228
1202
1216
1204
1211
1181
1213
1165
1193
1143
1190
1138
1166
1141
1193
1133
1199
1167
1215
1182
1239
1191
1233
1218
1224
1214
1217
1242
1209
1200
1203
1208
1167
1226
1207
1203
1216
1209
1236
1206
1238
1204
1285
1194
1287
1235
1280
1271
1255
1253
1262
1266
1271
1260
1256
1252
1268
1211
1276
1218
1283
1192
1303
1167
1293
1154
1297
1146
1288
1149
1268
1163
1263
1154
1252
1177
1247
1173
1252
1205
1257
1238
1267
1214
1273
1226
1287
1199
1288
1189
1297
1189
1290
1205
1280
1216
1273
1223
1265
1276
1248
1303
1268
1326
1281
1348
1291
1347
1302
1335
1310
1309
1281
1296
1295
1298
1268
1308
1261
1315
1258
1313
1253
1334
1264
1319
1269
1339
1266
1333
1279
1329
1265
1328
1261
1291
1250
1280
1230
1262
1216
1243
1207
1227
1210
1198
1212
1222
1222
1226
1242
1225
1197
1238
1233
1208
1236
1195
1226
1171
1217
1159
1210
1113
1218
1163
1197
1179
1255
1196
1286
1195
1248
1177
1257
1192
1252
1189
1254
1196
1240
1188
1246
1196
1250
1215
1243
1228
1275
1248
1250
1259
1255
1243
1255
1230
1267
1223
1281
1212
1252
1193
1260
1175
1259
1207
1268
1190
1273
1216
1275
1228
1292
1238
1291
1231
1320
1206
1311
1192
1317
1167
1311
1148
1292
1169
1273
1173
1260
1182
1256
1202
1262
1226
1282
1238
1289
1257
1300
1266
1299
1238
1301
1225
1277
1266
1263
1209
1247
1203
1252
1201
1256
1215
1266
1201
1287
1260
1293
1303
1300
1291
1285
1265
1301
1267
1267
1246
1279
1189
1275
1171
1273
1166
1272
1131
1254
1183
1275
1215
1273
1224
1272
1225
1269
1233
1250
1221
1241
1195
1229
1195
1220
1204
1227
1182
1237
1210
1231
1212
1231
1230
1253
1231
1258
1274
1250
1282
1245
1291
1234
1306
1232
1301
1239
1289
1238
1287
1247
1290
1266
1283
1283
1272
1300
1287
1306
1283
1308
1292
1289
1297
1278
1278
1270
1271
1264
1247
1265
1253
1266
1230
1275
1264
1284
1282
1286
1270
1308
1279
1294
1264
1268
1267
1260
1237
1258
1239
1257
1233
1267
1232
1278
1251
1282
1275
1271
1282
1269
1290
1265
1275
1251
1255
1258
1253
1248
1226
1235
1221
1239
1211
1238
1229
1248
1225
1244
1245
1238
1239
1235
1247
1222
1222
1223
1194
1244
1180
1227
1158
1236
1154
1231
1161
1228
1165
1256
1170
1268
1173
1282
1186
1283
1183
1304
1175
1276
1184
1294
1192
1274
1175
1272
1186
1275
1164
1280
1174
1298
1170
1253
1188
1303
1181
1318
1208
1290
1233
1273
1219
1251
1215
1251
1207
1246
1209
1240
1203
1264
1230
1276
1255
1281
1243
1302
1282
1271
1295
1256
1288
1230
1273
1226
1253
1210
1250
1223
1225
1222
1252
1228
1311
1242
1312
1265
1350
1259
1344
1236
1342
1265
1302
1268
1292
1260
1276
1254
1249
1247
1248
1259
1258
1258
1263
1279
1267
1289
1271
1292
1285
1300
1234
1304
1229
1298
1216
1301
1202
1285
1206
1288
1187
1285
1183
1282
1158
1287
1191
1286
1195
1289
1203
1274
1217
1268
1203
1286
1188
1264
1175
1257
1178
1241
1162
1250
1173
1237
1181
1249
1208
1243
1249
1237
1257
1209
1261
1229
1261
1232
1237
1229
1235
1239
1174
1251
1221
1252
1246
1260
1237
1300
1260
1262
1246
1263
1271
1256
1246
1254
1245
1251
1231
1254
1207
1267
1178
1256
1191
1250
1204
1251
1200
1242
1163
1216
1188
1235
1172
1240
1123
1228
1164
1241
1144
1254
1163
1266
1162
1252
1185
1272
1206
1280
1215
1274
1224
1282
1205
1274
1174
1290
1188
1297
1205
1294
1228
1295
1246
1298
1255
1300
1268
1291
1278
1292
1294
1282
1294
1272
1277
1260
1278
1253
1256
1256
1247
1260
1243
1253
1244
1269
1245
1270
1302
1268
1286
1249
1332
1250
1375
1245
1366
1233
1361
1245
1325
1233
1304
1274
1274
1295
1278
1306
1307
1312
1320
1308
1347
1299
1389
1276
1386
1264
1399
1251
1376
1244
1353
1251
1302
1266
1269
1270
1271
1286
1249
1288
1245
1286
1244
1263
1256
1263
1225
1248
1234
1241
1242
1235
1223
1260
1208
1260
1190
1287
1192
1308
1142
1322
1131
1310
1133
1328
1087
1299
1115
1302
1128
1292
1130
1267
1139
1272
1104
1274
1106
1285
1067
1294
1064
1304
1037
1293
1067
1278
1096
1262
1107
1279
1113
1246
1126
1215
1165
1201
1165
1203
1170
1204
1184
1190
1196
1241
1218
1233
1200
1228
1263
1230
1278
1203
1288
1183
1308
1180
1310
1183
1312
1175
1315
1202
1309
1215
1292
1233
1276
1242
1287
1242
1260
1244
1267
1235
1272
1232
1251
1240
1254
1243
1246
1261
1260
1272
1234
1298
1220
1328
1208
1329
1186
1338
1179
1336
1195
1325
1212
1312
1237
1305
1249
1291
1285
1290
1280
1291
1273
1297
1265
1310
1243
1316
1243
1313
1231
1309
1266
1294
1315
1284
1331
1261
1353
1255
1342
1236
1340
1250
1324
1259
1299
1256
1280
1266
1242
1262
1294
1268
1305
1265
1313
1272
1326
1261
1323
1266
1328
1268
1309
1282
1304
1276
1307
1282
1290
1276
1279
1282
1245
1266
1242
1288
1203
1283
1232
1278
1252
1278
1252
1264
1249
1288
1238
1261
1224
1265
1176
1263
1149
1254
1119
1249
1087
1239
1089
1246
1107
1243
1128
1226
1141
1243
1144
1236
1155
1238
1127
1231
1128
1221
1118
1213
1122
1199
1134
1203
1133
1227
1153
1216
1142
1231
1177
1232
1187
1244
1197
1237
1210
1251
1221
1243
1224
1237
1230
1234
1233
1241
1228
1248
1199
1265
1206
1266
1204
1284
1204
1274
1230
1279
1248
1271
1272
1279
1256
1267
1281
1259
1256
1266
1271
1262
1241
1275
1221
1298
1213
1290
1210
1290
1237
1281
1248
1273
1256
1264
1255
1248
1254
1234
1230
1228
1220
1229
1203
1231
1180
1242
1159
1252
1150
1259
1140
1263
1132
1258
1151
1237
1152
1243
1173
1250
1173
1244
1209
1244
1210
1254
1199
1261
1195
1278
1192
1279
1188
1295
1214
1304
1263
1285
1304
1286
1333
1282
1364
1281
1366
1287
1364
1278
1344
1300
1301
1315
1289
1322
1275
1327
1309
1326
1366
1325
1400
1314
1422
1299
1402
1267
1390
1307
1353
1306
1328
1311
1297
1309
1290
1307
1295
1322
1307
1315
1335
1314
1363
1306
1366
1300
1360
1290
1308
1282
1307
1293
1272
1298
1245
1290
1240
1305
1208
1314
1214
1309
1211
1301
1229
1287
1258
1278
1261
1258
1254
1262
1217
1255
1190
1257
1144
1262
1121
1262
1115
1263
1123
1252
1138
1247
1171
1240
1220
1226
1232
1212
1230
1213
1223
1211
1178
1209
1148
1213
1074
1214
1138
1212
1151
1224
1173
1254
1231
1223
1248
1220
1286
1223
1282
1219
1270
1206
1245
1213
1227
1233
1201
1221
1184
1230
1195
1244
1201
1258
1188
1270
1216
1276
1224
1290
1225
1239
1216
1280
1224
1279
1231
1286
1208
1294
1225
1297
1212
1301
1232
1325
1244
1306
1237
1323
1283
1311
1252
1314
1289
1291
1314
1307
1323
1295
1324
1299
1338
1304
1337
1323
1332
1299
1347
1301
1378
1294
1336
1292
1358
1289
1374
1286
1369
1266
1361
1272
1376
1271
1355
1291
1327
1280
1341
1286
1360
1301
1331
1302
1327
1308
1313
1283
1297
1293
1273
1281
1293
1262
1290
1262
1280
1256
1277
1266
1246
1270
1239
1291
1219
1294
1189
1293
1166
1288
1164
1273
1174
1266
1230
1255
1202
1253
1222
1256
1188
1266
1168
1275
1116
1280
1108
1286
1092
1290
1092
1276
1124
1294
1136
1265
1183
1265
1193
1259
1223
1259
1215
1253
1187
1232
1191
1244
1180
1244
1181
1237
1208
1233
1223
1236
1266
1235
1294
1232
1321
1227
1325
1229
1346
1225
1341
1232
1296
1264
1280
1252
1257
1256
1244
1245
1240
1261
1263
1260
1274
1278
1286
1283
1292
1283
1288
1297
1252
1298
1216
1297
1170
1294
1134
1291
1118
1288
1120
1262
1120
1273
1159
1277
1209
1285
1205
1292
1221
1296
1191
1303
1200
1291
1175
1290
1151
1307
1157
1280
1162
1273
1210
1267
1254
1270
1284
1273
1295
1284
1306
1279
1288
1296
1267
1289
1248
1284
1256
1274
1246
1293
1265
1274
1316
1280
1355
1282
1339
1297
1339
1303
1337
1309
1289
1311
1290
1302
1287
1294
1275
1280
1276
1281
1271
1264
1302
1276
1264
1280
1299
1262
1320
1291
1263
1293
1308
1302
1302
1299
1280
1308
1278
1290
1258
1278
1264
1296
1249
1277
1284
1282
1365
1293
1341
1292
1358
1303
1350
1253
1336
1303
1300
1292
1309
1281
1319
1275
1312
1269
1333
1279
1385
1276
1358
1300
1362
1318
1354
1309
1337
1288
1293
1297
1288
1285
1272
1297
1266
1253
1273
1269
1299
1271
1261
1276
1253
1261
1265
1275
1265
1278
1247
1261
1277
1252
1255
1253
1249
1251
1234
1253
1244
1255
1238
1266
1240
1269
1247
1282
1245
1294
1257
1310
1264
1282
1266
1277
1251
1274
1233
1263
1219
1264
1209
1269
1206
1274
1212
1287
1216
1299
1237
1306
1235
1299
1248
1298
1234
1286
1249
1266
1235
1264
1216
1287
1224
1268
1223
1286
1249
1292
1273
1296
1318
1283
1325
1276
1333
1282
1352
1247
1370
1249
1344
1238
1341
1250
1330
1266
1314
1274
1293
1301
1300
1307
1295
1301
1286
1316
1283
1277
1254
1272
1291
1249
1282
1238
1256
1251
1245
1276
1217
1287
1202
1297
1149
1294
1166
1281
1163
1266
1161
1267
1171
1234
1196
1222
1201
1201
1201
1237
1181
1253
1186
1268
1156
1283
1163
1288
1217
1286
1221
1286
1256
1254
1275
1225
1307
1236
1308
1238
1330
1243
1337
1262
1322
1273
1324
1292
1311
1299
1287
1332
1294
1301
1301
1297
1320
1281
1282
1268
1283
1253
1287
1270
1269
1275
1259
1289
1232
1297
1215
1297
1150
1284
1145
1265
1149
1251
1129
1233
1149
1231
1161
1223
1184
1250
1188
1271
1219
1276
1204
1289
1195
1285
1172
1291
1157
1284
1154
1284
1178
1286
1205
1298
1237
1311
1240
1321
1314
1311
1313
1331
1334
1315
1354
1305
1319
1293
1311
1278
1273
1263
1287
1257
1281
1266
1272
1273
1348
1285
1344
1298
1357
1296
1366
1292
1360
1272
1328
1252
1277
1232
1250
1219
1218
1223
1185
1171
1206
1235
1206
1249
1251
1261
1266
1266
1280
1255
1272
1245
1296
1218
1262
1204
1196
1233
1159
1215
1123
1224
1136
1244
1154
1266
1211
1286
1247
1292
1276
1291
1291
1277
1285
1272
1250
1265
1214
1275
1165
1281
1153
1304
1152
1328
1176
1321
1200
1349
1225
1338
1275
1328
1241
1309
1245
1289
1241
1282
1201
1252
1156
1283
1117
1279
1100
1311
1088
1322
1125
1322
1180
1300
1218
1296
1258
1282
1240
1269
1288
1258
1264
1257
1225
1265
1210
1280
1179
1290
1196
1300
1269
1298
1298
1299
1348
1270
1380
1247
1416
1239
1384
1234
1385
1244
1375
1260
1319
1273
1298
1299
1300
1292
1317
1299
1337
1279
1358
1251
1403
1226
1375
1211
1382
1212
1363
1231
1326
1246
1285
1279
1257
1304
1244
1316
1217
1313
1231
1291
1266
1275
1272
1250
1300
1237
1304
1242
1306
1264
1278
1276
1297
1293
1279
1309
1254
1308
1223
1311
1256
1298
1261
1271
1280
1253
1309
1237
1318
1231
1308
1233
1318
1249
1317
1272
1300
1273
1279
1290
1265
1285
1233
1274
1198
1252
1192
1231
1151
1219
1157
1205
1161
1185
1140
1269
1145
1246
1129
1264
1151
1265
1136
1267
1116
1252
1099
1238
1068
1222
1054
1205
1056
1197
1078
1205
1112
1240
1153
1236
1225
1247
1247
1250
1265
1237
1273
1232
1240
1200
1213
1211
1179
1197
1198
1210
1211
1227
1236
1233
1313
1258
1350
1271
1375
1280
1376
1280
1356
1272
1298
1266
1236
1222
1175
1255
1140
1254
1097
1274
1137
1275
1153
1298
1190
1312
1206
1324
1216
1323
1252
1325
1183
1310
1145
1299
1078
1241
1027
1286
1029
1282
1062
1284
1124
1297
1173
1302
1229
1316
1257
1312
1273
1318
1250
1313
1201
1289
1123
1281
1088
1259
1087
1258
1112
1256
1159
1232
1227
1257
1281
1257
1337
1249
1332
1237
1324
1238
1274
1216
1265
1198
1220
1203
1196
1204
1219
1214
1232
1215
1305
1218
1365
1225
1402
1219
1408
1229
1373
1228
1364
1233
1317
1231
1267
1220
1250
1242
1226
1253
1242
1265
1292
1274
1311
1271
1369
1283
1371
1282
1377
1281
1314
1277
1295
1266
1231
1265
1210
1256
1196
1267
1190
1295
1208
1276
1233
1278
1281
1275
1292
1262
1279
1244
1240
1235
1205
1238
1161
1231
1116
1234
1095
1244
1117
1263
1122
1249
1167
1266
1185
1266
1214
1250
1222
1240
1203
1250
1177
1242
1129
1232
1137
1232
1167
1242
1153
1250
1175
1242
1206
1261
1216
1254
1228
1249
1254
1241
1249
1237
1233
1232
1239
1237
1228
1246
1218
1241
1229
1272
1210
1279
1222
1285
1185
1273
1225
1273
1249
1268
1231
1254
1246
1250
1228
1214
1223
1265
1216
1277
1236
1289
1243
1307
1241
1322
1259
1322
1257
1319
1268
1321
1281
1307
1283
1314
1296
1297
1293
1294
1311
1306
1320
1313
1335
1314
1344
1321
1320
1309
1288
1297
1269
1278
1262
1265
1278
1254
1281
1247
1308
1262
1307
1261
1330
1272
1334
1274
1324
1269
1294
1256
1297
1228
1276
1236
1261
1233
1266
1227
1281
1227
1263
1240
1293
1226
1288
1257
1282
1262
1208
1267
1264
1255
1244
1248
1219
1263
1209
1242
1202
1238
1223
1242
1227
1238
1249
1244
1249
1261
1241
1281
1245
1272
1220
1273
1217
1285
1204
1266
1181
1257
1194
1262
1204
1264
1213
1216
1215
1275
1212
1285
1217
1293
1185
1296
1182
1294
1152
1292
1173
1255
1176
1278
1164
1318
1180
1295
1168
1309
1190
1313
1194
1313
1186
1302
1176
1304
1168
1299
1158
1301
1157
1287
1182
1285
1208
1293
1218
1290
1258
1292
1283
1282
1279
1260
1271
1259
1250
1248
1249
1247
1217
1219
1252
1231
1327
1245
1331
1242
1357
1251
1360
1242
1365
1248
1330
1244
1322
1231
1285
1234
1263
1214
1246
1216
1247
1223
1275
1235
1275
1231
1300
1260
1310
1263
1320
1263
1309
1255
1335
1272
1288
1237
1275
1232
1279
1236
1234
1243
1237
1255
1292
1258
1330
1274
1343
1276
1387
1282
1380
1267
1371
1271
1340
1258
1315
1249
1276
1250
1250
1252
1259
1268
1281
1282
1306
1302
1338
1316
1332
1303
1332
1307
1290
1292
1242
1279
1177
1279
1157
1274
1147
1282
1127
1316
1137
1310
1166
1307
1211
1303
1210
1298
1227
1276
1205
1291
1175
1269
1148
1253
1134
1246
1125
1258
1140
1239
1155
1254
1189
1264
1217
1275
1248
1246
1258
1264
1244
1263
1260
1266
1250
1269
1215
1262
1186
1272
1214
1271
1237
1284
1240
1313
1258
1294
1255
1301
1276
1283
1283
1284
1276
1277
1249
1276
1236
1256
1225
1279
1216
1286
1215
1287
1255
1293
1268
1293
1299
1289
1312
1279
1335
1256
1322
1253
1307
1216
1297
1247
1259
1239
1277
1244
1290
1244
1283
1234
1293
1241
1300
1227
1302
1231
1298
1232
1307
1228
1308
1235
1228
1253
1269
1241
1297
1243
1260
1264
1251
1250
1234
1247
1227
1251
1207
1256
1222
1243
1282
1267
1245
1265
1252
1273
1241
1227
1237
1271
1187
1252
1183
1255
1174
1253
1148
1244
1164
1246
1137
1240
1163
1243
1176
1245
1193
1230
1189
1230
1168
1219
1177
1220
1159
1222
1150
1214
1152
1235
1148
1245
1154
1252
1129
1256
1184
1259
1226
1269
1231
1262
1256
1267
1236
1289
1227
1263
1199
1276
1191
1268
1178
1268
1183
1269
1198
1276
1218
1288
1260
1282
1290
1266
1308
1279
1310
1279
1293
1244
1266
1262
1214
1259
1201
1253
1230
1260
1229
1259
1259
1269
1287
1271
1329
1268
1323
1269
1326
1258
1320
1264
1274
1284
1227
1266
1229
1270
1246
1270
1266
1275
1299
1270
1328
1268
1343
1279
1343
1271
1323
1261
1279
1260
1237
1263
1198
1261
1168
1257
1170
1262
1182
1260
1205
1263
1214
1257
1245
1273
1234
1285
1239
1282
1233
1286
1201
1267
1180
1271
1145
1258
1154
1256
1168
1242
1208
1251
1259
1232
1280
1250
1346
1258
1323
1258
1327
1238
1294
1249
1239
1249
1209
1248
1178
1241
1184
1235
1249
1252
1267
1234
1313
1246
1327
1216
1331
1252
1318
1257
1304
1255
1272
1250
1231
1248
1196
1254
1194
1225
1209
1248
1219
1248
1245
1248
1283
1250
1276
1249
1281
1253
1279
1250
1250
1233
1215
1233
1161
1228
1141
1216
1103
1204
1090
1206
1141
1221
1174
1205
1231
1223
1228
1241
1233
1232
1215
1229
1210
1222
1170
1218
1159
1211
1135
1220
1156
1234
1172
1250
1190
1260
1234
1278
1273
1295
1256
1295
1268
1281
1208
1303
1232
1296
1227
1298
1196
1334
1187
1314
1180
1321
1203
1320
1207
1331
1227
1323
1239
1333
1239
1344
1232
1326
1217
1328
1224
1316
1206
1302
1174
1296
1212
1292
1221
1288
1248
1275
1271
1290
1305
1290
1343
1287
1342
1282
1373
1268
1369
1263
1363
1252
1371
1248
1352
1253
1349
1268
1345
1272
1373
1273
1392
1277
1399
1276
1386
1270
1368
1259
1332
1260
1312
1253
1289
1257
1273
1259
1254
1260
1266
1260
1273
1261
1295
1248
1306
1250
1292
1241
1277
1245
1255
1245
1243
1252
1249
1252
1217
1244
1239
1253
1189
1227
1196
1234
1183
1232
1208
1224
1234
1223
1222
1215
1206
1238
1185
1244
1163
1254
1147
1257
1107
1261
1102
1279
1100
1253
1116
1248
1162
1248
1186
1238
1204
1235
1200
1241
1196
1257
1155
1264
1141
1274
1133
1291
1128
1300
1135
1297
1156
1300
1193
1294
1213
1289
1243
1279
1266
1263
1245
1280
1255
1289
1249
1289
1248
1273
1242
1310
1234
1310
1260
1304
1261
1311
1297
1274
1294
1263
1355
1246
1378
1242
1374
1274
1376
1241
1338
1242
1338
1232
1309
1234
1287
1217
1282
1207
1284
1214
1292
1202
1298
1198
1307
1209
1291
1202
1256
1202
1240
1210
1206
1213
1168
1225
1139
1223
1133
1229
1164
1235
1120
1236
1153
1218
1167
1228
1169
1221
1172
1227
1154
1230
1153
1244
1135
1264
1154
1271
1157
1284
1166
1284
1178
1292
1191
1300
1195
1295
1197
1294
1224
1295
1219
1299
1212
1300
1223
1291
1250
1307
1216
1307
1233
1308
1229
1318
1231
1320
1218
1316
1266
1311
1295
1312
1294
1297
1313
1296
1302
1268
1297
1287
1287
1281
1300
1276
1295
1280
1249
1285
1305
1283
1305
1270
1301
1274
1309
1257
1293
1247
1294
1240
1278
1234
1279
1226
1293
1226
1272
1209
1279
1221
1234
1223
1225
1237
1196
1235
1178
1240
1192
1250
1201
1237
1210
1245
1202
1246
1201
1236
1201
1233
1190
1233
1188
1234
1170
1240
1191
1256
1205
1274
1223
1284
1258
1285
1262
1285
1258
1277
1283
1261
1294
1258
1285
1238
1317
1224
1319
1240
1313
1285
1331
1274
1319
1295
1325
1300
1324
1298
1334
1293
1305
1287
1289
1276
1279
1262
1264
1249
1240
1252
1229
1249
1199
1257
1188
1269
1182
1273
1177
1279
1173
1280
1166
1274
1167
1269
1129
1258
1140
1233
1127
1229
1122
1216
1146
1234
1133
1246
1148
1262
1161
1279
1186
1282
1213
1275
1204
1259
1208
1252
1215
1242
1218
1238
1210
1237
1220
1252
1244
1269
1242
1288
1240
1299
1317
1308
1288
1307
1277
1293
1257
1239
1244
1271
1219
1263
1234
1256
1247
1259
1235
1268
1240
1271
1241
1261
1232
1274
1234
1271
1244
1263
1252
1257
1224
1250
1270
1245
1280
1243
1275
1219
1270
1263
1267
1266
1270
1272
1225
1289
1254
1289
1290
1289
1289
1276
1309
1270
1318
1253
1321
1263
1298
1263
1316
1262
1310
1273
1299
1281
1280
1291
1293
1294
1298
1285
1297
1275
1296
1262
1283
1256
1259
1244
1256
1245
1233
1261
1225
1270
1219
1261
1220
1253
1178
1254
1161
1236
1180
1231
1165
1227
1184
1211
1217
1218
1214
1251
1214
1228
1211
1240
1236
1242
1194
1250
1198
1240
1194
1250
1186
1261
1210
1253
1230
1259
1243
1273
1260
1285
1270
1291
1297
1299
1258
1314
1287
1302
1298
1317
1283
1340
1298
1324
1278
1311
1295
1300
1281
1296
1279
1282
1296
1297
1249
1303
1252
1310
1246
1296
1238
1291
1222
1283
1205
1267
1187
1272
1165
1260
1141
1233
1154
1260
1133
1271
1143
1276
1149
1276
1169
1271
1228
1266
1214
1246
1224
1248
1210
1218
1221
1241
1211
1245
1207
1253
1231
1257
1233
1264
1243
1268
1269
1250
1300
1249
1310
1256
1326
1229
1333
1225
1343
1225
1293
1238
1275
1251
1255
1246
1236
1256
1206
1260
1224
1262
1212
1281
1239
1260
1269
1266
1258
1258
1251
1271
1216
1268
1190
1280
1132
1286
1129
1283
1117
1287
1120
1284
1141
1275
1185
1267
1208
1265
1227
1253
1234
1264
1241
1262
1211
1267
1198
1271
1183
1283
1198
1282
1228
1278
1230
1277
1284
1268
1285
1266
1327
1246
1349
1266
1353
1268
1343
1291
1338
1313
1314
1307
1297
1302
1295
1280
1285
1271
1279
1256
1306
1252
1317
1255
1312
1207
1296
1251
1298
1256
1270
1249
1227
1234
1220
1232
1161
1198
1199
1172
1200
1166
1187
1204
1183
1181
1160
1186
1172
1194
1138
1205
1118
1197
1105
1203
1092
1203
1087
1199
1110
1194
1117
1177
1125
1202
1111
1215
1122
1234
1104
1253
1063
1258
1070
1281
1052
1288
1067
1293
1063
1289
1111
1288
1152
1286
1165
1271
1189
1292
1171
1291
1160
1320
1141
1328
1136
1332
1139
1333
1151
1316
1177
1323
1203
1296
1243
1292
1296
1290
1305
1294
1319
1308
1312
1290
1304
1311
1322
1308
1270
1291
1266
1274
1250
1259
1271
1259
1271
1250
1318
1247
1363
1260
1359
1267
1355
1274
1328
1258
1287
1259
1262
1249
1235
1230
1238
1220
1232
1208
1262
1219
1299
1228
1331
1237
1343
1278
1333
1256
1333
1252
1294
1237
1275
1228
1257
1230
1256
1208
1252
1206
1238
1236
1256
1233
1242
1256
1265
1267
1267
1276
1274
1273
1246
1275
1227
1276
1202
1250
1163
1239
1151
1237
1120
1244
1089
1279
1088
1286
1098
1310
1131
1317
1105
1334
1120
1320
1114
1316
1084
1294
1097
1269
1070
1248
1084
1245
1087
1257
1089
1298
1105
1288
1107
1304
1148
1296
1199
1290
1201
1254
1242
1251
1267
1242
1287
1227
1310
1227
1307
1239
1320
1255
1308
1265
1313
1273
1318
1278
1328
1268
1358
1263
1382
1254
1382
1248
1395
1245
1424
1237
1408
1237
1376
1240
1350
1254
1304
1258
1280
1271
1252
1274
1257
1290
1260
1275
1251
1268
1268
1267
1260
1265
1238
1270
1226
1256
1184
1258
1159
1258
1127
1258
1114
1245
1150
1243
1109
1234
1125
1235
1106
1172
1112
1242
1094
1255
1121
1264
1121
1276
1117
1263
1116
1279
1115
1268
1110
1266
1124
1265
1147
1271
1162
1286
1164
1301
1203
1317
1224
1342
1235
1303
1261
1320
1252
1315
1261
1305
1253
1294
1274
1290
1285
1299
1302
1298
1318
1310
1288
1309
1286
1311
1259
1304
1263
1284
1261
1261
1263
1240
1258
1235
1261
1220
1271
1221
1280
1224
1264
1230
1252
1237
1233
1225
1217
1225
1213
1225
1221
1211
1233
1219
1231
1209
1253
1214
1236
1220
1254
1229
1225
1235
1264
1249
1257
1268
1236
1295
1234
1278
1215
1300
1218
1264
1217
1256
1232
1255
1207
1268
1221
1265
1233
1284
1231
1291
1220
1296
1228
1289
1195
1277
1179
1263
1148
1252
1187
1237
1159
1245
1161
1305
1185
1291
1196
1312
1215
1322
1231
1322
1235
1314
1234
1292
1230
1289
1250
1269
1202
1268
1202
1248
1201
1277
1179
1290
1182
1297
1213
1284
1211
1279
1222
1280
1225
1262
1232
1247
1182
1235
1214
1222
1233
1222
1201
1219
1204
1232
1199
1207
1205
1250
1200
1257
1234
1250
1266
1241
1275
1232
1291
1228
1293
1219
1296
1228
1291
1240
1282
1253
1271
1275
1260
1287
1274
1300
1276
1306
1287
1293
1312
1266
1312
1276
1315
1271
1307
1268
1326
1278
1328
1295
1299
1302
1301
1316
1270
1306
1249
1317
1242
1309
1243
1284
1251
1280
1242
1267
1241
1274
1232
1287
1222
1294
1213
1299
1187
1300
1168
1295
1142
1282
1142
1274
1108
1265
1158
1267
1153
1252
1148
1265
1173
1274
1158
1275
1173
1280
1155
1280
1172
1265
1171
1267
1148
1281
1153
1247
1162
1251
1175
1242
1181
1235
1190
1231
1222
1233
1240
1237
1256
1183
1252
1238
1247
1243
1238
1223
1213
1257
1212
1234
1210
1236
1234
1227
1252
1233
1256
1276
1276
1243
1251
1268
1270
1258
1261
1260
1245
1254
1230
1258
1221
1257
1224
1262
1223
1251
1244
1269
1252
1277
1253
1283
1258
1276
1245
1266
1255
1249
1243
1262
1225
1249
1221
1265
1185
1274
1208
1280
1229
1281
1188
1274
1215
1271
1191
1252
1187
1261
1163
1263
1175
1255
1173
1274
1164
1277
1161
1293
1186
1285
1191
1300
1195
1281
1203
1273
1210
1265
1182
1261
1175
1246
1214
1269
1170
1271
1184
1279
1191
1285
1220
1286
1219
1279
1259
1277
1289
1267
1270
1249
1266
1242
1241
1219
1226
1232
1195
1233
1235
1230
1244
1234
1260
1240
1310
1248
1326
1248
1340
1241
1330
1228
1291
1223
1260
1218
1213
1220
1199
1223
1175
1241
1186
1268
1220
1267
1217
1289
1232
1280
1217
1273
1238
1262
1204
1261
1177
1259
1165
1264
1144
1283
1136
1294
1147
1303
1159
1315
1181
1322
1200
1317
1226
1314
1238
1312
1243
1293
1246
1301
1217
1305
1207
1310
1185
1318
1189
1317
1164
1325
1215
1309
1235
1307
1226
1325
1236
1287
1231
1275
1229
1262
1206
1231
1207
1234
1193
1238
1185
1246
1189
1241
1179
1243
1196
1248
1203
1247
1196
1228
1197
1222
1196
1221
1203
1208
1205
1216
1208
1227
1220
1243
1212
1262
1224
1261
1235
1264
1244
1257
1232
1259
1231
1243
1236
1246
1237
1266
1253
1261
1276
1266
1249
1280
1273
1289
1282
1289
1282
1297
1267
1293
1266
1289
1284
1290
1268
1307
1285
1304
1348
1308
1324
1307
1340
1315
1341
1259
1346
1316
1322
1303
1329
1294
1346
1287
1314
1301
1299
1281
1289
1267
1285
1277
1266
1275
1271
1282
1269
1269
1233
1264
1223
1261
1219
1266
1199
1241
1177
1268
1160
1261
1142
1267
1122
1259
1138
1227
1162
1252
1159
1239
1152
1247
1164
1234
1155
1241
1121
1237
1151
1227
1160
1227
1161
1220
1181
1205
1185
1241
1197
1242
1198
1242
1200
1244
1193
1291
1174
1244
1190
1251
1195
1256
1203
1260
1223
1268
1226
1283
1221
1287
1182
1286
1228
1283
1214
1282
1227
1277
1254
1288
1255
1320
1269
1309
1270
1294
1292
1321
1285
1307
1258
1313
1285
1307
1278
1304
1277
1292
1285
1286
1284
1286
1296
1293
1302
1290
1316
1297
1297
1302
1335
1289
1351
1298
1322
1331
1316
1302
1284
1303
1289
1305
1266
1312
1270
1297
1277
1305
1274
1320
1285
1317
1291
1324
1297
1325
1280
1325
1265
1312
1243
1312
1220
1286
1206
1266
1211
1266
1191
1266
1214
1267
1216
1271
1223
1267
1251
1271
1235
1260
1220
1255
1175
1228
1171
1247
1153
1246
1165
1240
1191
1270
1211
1256
1237
1276
1241
1278
1257
1285
1248
1294
1242
1278
1237
1272
1221
1264
1218
1263
1230
1269
1246
1258
1261
1264
1263
1269
1281
1270
1257
1268
1274
1271
1294
1271
1267
1261
1260
1266
1251
1238
1253
1280
1234
1257
1268
1254
1276
1252
1281
1257
1280
1267
1285
1264
1275
1275
1267
1271
1257
1268
1255
1263
1238
1254
1248
1249
1260
1248
1274
1227
1283
1251
1271
1260
1266
1268
1226
1268
1210
1268
1212
1268
1208
1257
1208
1258
1209
1270
1198
1261
1199
1263
1215
1262
1199
1273
1170
1268
1206
1272
1208
1278
1204
1221
1224
1280
1228
1280
1232
1283
1216
1283
1234
1287
1194
1271
1242
1252
1252
1257
1247
1297
1256
1266
1249
1273
1273
1275
1261
1276
1265
1267
1257
1268
1243
1270
1238
1262
1247
1262
1250
1271
1256
1279
1252
1281
1267
1292
1267
1305
1272
1290
1272
1303
1251
1309
1234
1317
1211
1313
1218
1324
1225
1314
1229
1294
1255
1289
1248
1269
1263
1274
1264
1277
1270
1274
1272
1274
1255
1268
1238
1274
1225
1265
1221
1261
1229
1251
1239
1245
1262
1242
1271
1246
1265
1253
1331
1257
1307
1262
1275
1269
1247
1270
1235
1276
1220
1275
1196
1278
1224
1268
1221
1284
1233
1293
1242
1291
1245
1303
1229
1309
1219
1313
1211
1314
1190
1306
1173
1307
1170
1280
1181
1290
1190
1274
1213
1260
1217
1250
1211
1247
1220
1238
1242
1236
1204
1235
1219
1229
1205
1208
1221
1226
1204
1220
1210
1212
1273
1209
1276
1206
1267
1218
1292
1233
1294
1241
1276
1246
1281
1256
1277
1264
1263
1264
1274
1264
1278
1270
1280
1286
1277
1277
1273
1279
1255
1291
1221
1296
1218
1299
1187
1309
1197
1305
1213
1316
1203
1350
1207
1320
1202
1329
1223
1321
1211
1326
1208
1316
1204
1317
1198
1326
1195
1309
1207
1304
1232
1311
1243
1315
1261
1309
1277
1307
1286
1305
1294
1294
1301
1291
1299
1290
1294
1292
1276
1311
1304
1289
1301
1293
1311
1275
1332
1282
1308
1275
1317
1276
1307
1258
1306
1269
1299
1270
1298
1246
1295
1276
1295
1274
1285
1276
1326
1267
1326
1262
1341
1265
1334
1266
1336
1270
1373
1278
1341
1276
1356
1283
1349
1244
1367
1293
1364
1292
1391
1286
1409
1295
1395
1288
1384
1293
1365
1286
1348
1312
1331
1308
1336
1304
1312
1297
1288
1302
1296
1310
1303
1300
1302
1296
1291
1312
1260
1310
1257
1304
1218
1301
1207
1289
1220
1291
1217
1265
1224
1275
1214
1262
1240
1272
1226
1269
1245
1266
1246
1267
1240
1253
1231
1260
1239
1259
1240
1274
1237
1273
1250
1295
1267
1285
1254
1291
1272
1278
1283
1278
1285
1266
1280
1268
1266
1272
1279
1272
1242
1262
1256
1258
1252
1254
1263
1241
1261
1249
1259
1269
1258
1256
1248
1262
1263
1249
1268
1254
1276
1255
1276
1255
1286
1259
1286
1254
1281
1259
1273
1264
1268
1268
1245
1267
1245
1288
1219
1276
1268
1268
1270
1276
1276
1307
1278
1290
1255
1290
1279
1298
1278
1309
1259
1309
1256
1329
1263
1333
1259
1330
1288
1333
1312
1332
1333
1338
1326
1337
1337
1337
1332
1339
1306
1324
1282
1326
1254
1326
1231
1326
1214
1332
1232
1316
1261
1321
1269
1303
1292
1294
1290
1266
1282
1283
1247
1282
1248
1267
1229
1261
1210
1256
1209
1274
1203
1259
1234
1250
1242
1242
1279
1237
1254
1232
1239
1192
1233
1212
1203
1211
1183
1211
1168
1219
1144
1228
1150
1239
1155
1240
1190
1232
1244
1254
1254
1252
1276
1266
1261
1252
1251
1270
1240
1275
1237
1274
1246
1277
1262
1279
1284
1286
1300
1292
1335
1301
1348
1302
1343
1300
1334
1294
1314
1285
1294
1283
1277
1280
1283
1272
1289
1281
1273
1283
1285
1294
1276
1289
1284
1283
1277
1289
1273
1251
1260
1251
1235
1264
1232
1252
1217
1257
1227
1263
1229
1269
1212
1275
1239
1276
1249
1273
1256
1216
1243
1263
1248
1259
1243
1258
1222
1265
1222
1263
1208
1264
1251
1261
1268
1269
1263
1327
1278
1278
1251
1276
1267
1272
1257
1270
1256
1273
1252
1268
1253
1276
1259
1273
1248
1284
1261
1292
1260
1290
1248
1292
1263
1300
