1116
1333
1501
1310
1491
1294
1458
1295
1260
1265
1209
1262
1254
1259
1242
1266
1244
1261
1304
1259
1295
1256
1241
1263
1257
1262
1215
1269
1221
1263
1179
1248
1236
1260
1228
1262
1190
1294
1240
1262
1212
1263
1223
1261
1249
1266
1226
1258
1243
1286
1238
1254
1253
1267
1224
1270
1238
1271
1233
1268
1221
1266
1216
1265
1235
1269
1220
1255
1237
1266
1251
1266
1221
1274
1211
1270
1221
1245
1204
1269
1234
1260
1281
1262
1248
1274
1187
1276
1208
1268
1239
1270
1237
1266
1230
1261
1191
1269
1251
1266
1230
1270
1238
1264
1254
1265
1232
1269
1224
1271
1226
1263
1171
1270
1224
1263
1240
1265
1218
1299
1212
1277
1161
1272
1223
1263
1226
1263
1224
1255
1239
1264
1228
1259
1228
1269
1237
1269
1201
1266
1204
1266
1221
1263
1237
1266
1232
1259
1194
1252
1297
1267
1225
1271
1211
1269
1200
1265
1222
1263
1199
1252
1235
1258
1255
1260
1205
1285
1229
1264
1221
1267
1226
1265
1280
1264
1185
1258
1237
1259
1206
1255
1233
1260
1245
1259
1242
1254
1237
1262
1201
1256
1228
1261
1235
1259
1235
1259
1228
1266
1374
1273
1253
1257
1209
1265
1253
1258
1236
1260
1226
1250
1233
1254
1236
1266
1205
1262
1242
1261
1218
1261
1256
1266
1205
1262
1239
1261
1304
1253
1242
1253
1230
1261
1281
1263
1236
1266
1212
1250
1228
1267
1207
1265
1196
1256
1237
1258
1253
1291
1254
1271
1264
1264
1306
1260
1236
1266
1244
1259
1239
1269
1232
1262
1240
1272
1250
1263
1244
1267
1218
1267
1227
1260
1223
1263
1256
1259
1227
1257
1289
1264
1246
1264
1250
1268
1191
1270
1223
1272
1206
1247
1225
1265
1228
1275
1229
1285
1245
1273
1220
1274
1221
1265
1262
1261
1245
1260
1207
1257
1193
1255
1194
1220
1197
1245
1172
1234
1192
1241
1159
1250
1151
1247
1202
1247
1202
1247
1219
1259
1150
1299
1232
1277
1211
1294
1272
1293
1247
1293
1258
1298
1264
1291
1283
1302
1260
1299
1272
1289
1301
1288
1294
1279
1283
1297
1341
1260
1271
1251
1225
1254
1217
1263
1217
1276
1209
1296
1240
1327
1209
1330
1237
1348
1229
1350
1264
1364
1250
1386
1329
1359
1414
1331
1335
1307
1390
1285
1341
1261
1384
1245
1335
1227
1316
1152
1302
1180
1260
1157
1292
1129
1246
1102
1237
1075
1211
1047
1069
1062
1068
1065
965
1077
900
1100
835
1122
856
1139
890
1159
903
1170
895
1196
945
1228
948
1251
919
1333
972
1336
1035
1374
1115
1394
1213
1404
1334
1392
1434
1359
1537
1322
1584
1291
1604
1261
1569
1263
1576
1240
1539
1246
1480
1240
1519
1273
1455
1297
1425
1294
1358
1308
1300
1312
1221
1328
1174
1343
1119
1370
1096
1396
1061
1373
1042
1432
1001
1439
901
1464
903
1427
924
1404
928
1394
957
1363
1024
1345
1102
1306
1143
1320
1243
1303
1351
1264
1415
1238
1471
1212
1488
1196
1513
1213
1562
1172
1542
1165
1520
1159
1460
1157
1416
1157
1383
1169
1347
1177
1328
1177
1351
1182
1306
1183
1333
1177
1288
1168
1241
1158
1291
1163
1266
1149
1236
1157
1241
1161
1256
1165
1275
1179
1289
1185
1238
1212
1199
1210
1170
1231
1121
1257
1101
1279
1039
1332
1085
1345
1079
1377
1007
1394
987
1401
995
1407
931
1400
931
1391
948
1336
989
1362
1004
1346
1103
1325
1148
1316
1201
1310
1215
1294
1235
1278
1242
1254
1265
1244
1296
1217
1332
1230
1355
1222
1360
1228
1415
1217
1426
1201
1444
1212
1523
1193
1498
1224
1349
1226
1304
1232
1260
1251
1174
1244
1135
1242
1089
1261
1034
1279
1063
1291
1121
1279
1146
1286
1172
1281
1346
1275
1257
1309
1334
1286
1368
1277
1314
1271
1297
1268
1299
1255
1292
1251
1281
1244
1319
1238
1333
1233
1303
1190
1276
1227
1218
1231
1166
1244
1159
1251
1108
1262
1145
1284
1073
1303
1041
1297
1017
1321
992
1337
1009
1338
1079
1339
1138
1345
1232
1356
1358
1350
1367
1360
1384
1364
1436
1361
1419
1347
1472
1329
1498
1314
1527
1291
1564
1283
1504
1245
1530
1250
1467
1243
1404
1233
1288
1215
1224
1205
1217
1206
1191
1193
1175
1188
1186
1182
1156
1177
1155
1186
1115
1201
1119
1212
1161
1232
1181
1253
1224
1264
1344
1253
1330
1298
1258
1296
1243
1289
1192
1284
1130
1275
1102
1240
1091
1271
1087
1264
1093
1260
1099
1262
1097
1266
1072
1255
1145
1244
1101
1261
1084
1240
1127
1246
1129
1250
1180
1264
1154
1261
1245
1281
1276
1285
1269
1274
1296
1299
1311
1266
1471
1304
1439
1323
1417
1349
1459
1375
1395
1396
1435
1414
1409
1423
1359
1420
1387
1396
1356
1376
1382
1348
1398
1309
1441
1298
1391
1254
1418
1222
1426
1204
1351
1179
1362
1182
1338
1224
1325
1230
1345
1235
1326
1238
1283
1243
1268
1253
1214
1249
1210
1263
1189
1258
1187
1272
1184
1284
1165
1291
1140
1298
1142
1279
1115
1279
1089
1264
1099
1254
1090
1233
1148
1229
1207
1212
1300
1201
1265
1192
1276
1163
1245
1173
1244
1162
1236
1156
1264
1155
1238
1158
1287
1173
1292
1195
1292
1226
1266
1236
1154
1255
1185
1270
1170
1286
1191
1303
1189
1324
1180
1347
1225
1368
1175
1358
1143
1371
1058
1387
1081
1353
1177
1333
1140
1312
1194
1305
1272
1296
1329
1278
1376
1290
1376
1292
1375
1300
1348
1306
1339
1317
1339
1324
1353
1326
1357
1332
1330
1340
1278
1308
1201
1318
1167
1301
1151
1297
1127
1272
1152
1255
1164
1247
1185
1258
1254
1254
1262
1246
1316
1243
1284
1230
1320
1232
1321
1206
1321
1232
1454
1216
1466
1223
1480
1230
1458
1238
1411
1239
1354
1259
1315
1257
1289
1264
1284
1281
1309
1303
1294
1320
1333
1321
1359
1324
1294
1313
1274
1314
1241
1276
1227
1283
1257
1264
1287
1249
1301
1233
1307
1226
1293
1217
1168
1240
1220
1210
1256
1222
1157
1233
1227
1240
1208
1270
1245
1259
1256
1261
1209
1253
1205
1263
1127
1233
1087
1250
1074
1256
1102
1251
1072
1292
1149
1264
1166
1268
1164
1266
1192
1279
1194
1283
1218
1293
1266
1306
1238
1309
1327
1319
1322
1327
1391
1318
1332
1310
1352
1291
1361
1270
1284
1253
1347
1231
1324
1229
1306
1205
1289
1223
1284
1208
1197
1219
1160
1210
1121
1203
1098
1196
1195
1159
1086
1229
1101
1216
1111
1216
1177
1237
1103
1257
1112
1271
1101
1286
1138
1300
1218
1318
1314
1322
1380
1343
1395
1331
1384
1356
1305
1357
1331
1351
1317
1337
1336
1336
1271
1339
1292
1295
1320
1311
1333
1290
1313
1271
1277
1249
1230
1216
1201
1193
1148
1196
1326
1180
1301
1192
1322
1223
1356
1231
1316
1241
1322
1252
1314
1264
1261
1281
1297
1290
1322
1298
1346
1309
1405
1319
1283
1330
1345
1295
1241
1283
1192
1272
1160
1260
1166
1232
1216
1232
1254
1245
1298
1241
1291
1238
1294
1228
1269
1226
1251
1181
1168
1242
1291
1208
1273
1224
1282
1237
1314
1240
1298
1244
1277
1248
1194
1218
1129
1235
1101
1240
1092
1241
1105
1250
1135
1267
1151
1272
1178
1275
1099
1277
1115
1271
1099
1273
1085
1300
1095
1261
1145
1274
1244
1265
1280
1271
1274
1267
1280
1304
1282
1272
1295
1286
1303
1298
1352
1309
1403
1308
1434
1334
1450
1338
1399
1342
1390
1317
1343
1317
1270
1307
1273
1296
1218
1287
1284
1279
1298
1274
1349
1260
1343
1256
1308
1250
1270
1245
1226
1260
1236
1230
1258
1231
1249
1258
1281
1244
1268
1251
1294
1249
1207
1247
1178
1238
1148
1233
1128
1234
1179
1239
1186
1247
1248
1263
1276
1266
1257
1311
1278
1277
1184
1273
1190
1265
1232
1268
1206
1265
1273
1269
1328
1264
1305
1263
1348
1248
1322
1230
1287
1216
1246
1206
1226
1208
1236
1231
1190
1209
1188
1251
1267
1235
1231
1245
1171
1245
1150
1239
1121
1247
1134
1254
1186
1265
1205
1286
1211
1309
1205
1307
1172
1299
1161
1286
1155
1265
1174
1264
1197
1262
1252
1275
1290
1284
1327
1293
1345
1300
1302
1289
1269
1279
1214
1272
1188
1294
1239
1269
1278
1314
1299
1276
1293
1281
1271
1284
1236
1282
1206
1295
1210
1279
1209
1285
1230
1300
1264
1308
1318
1310
1266
1324
1326
1307
1291
1299
1295
1278
1259
1273
1247
1258
1280
1248
1327
1269
1366
1264
1349
1280
1338
1284
1319
1269
1266
1256
1279
1244
1225
1254
1250
1265
1279
1271
1372
1286
1355
1284
1343
1272
1304
1282
1228
1277
1241
1261
1248
1258
1267
1255
1311
1256
1386
1260
1331
1263
1395
1255
1290
1249
1257
1287
1214
1239
1189
1226
1232
1255
1293
1251
1283
1268
1304
1279
1261
1267
1257
1263
1194
1246
1114
1208
1200
1220
1195
1233
1275
1236
1290
1252
1289
1230
1272
1246
1249
1235
1163
1240
1154
1239
1194
1240
1228
1251
1335
1252
1288
1283
1326
1280
1331
1264
1283
1256
1223
1242
1204
1224
1198
1231
1174
1255
1251
1273
1275
1285
1251
1296
1242
1298
1265
1284
1155
1270
1172
1273
1154
1276
1262
1263
1261
1267
1255
1308
1246
1269
1151
1260
1169
1236
1139
1226
1138
1226
1169
1247
1221
1264
1225
1292
1299
1307
1285
1314
1303
1309
1211
1301
1224
1266
1251
1290
1286
1266
1325
1295
1365
1300
1352
1314
1340
1308
1403
1273
1256
1285
1231
1264
1306
1256
1297
1284
1334
1276
1355
1258
1376
1284
1354
1277
1314
1244
1240
1239
1193
1226
1205
1231
1168
1265
1224
1250
1300
1266
1319
1269
1271
1269
1223
1265
1206
1247
1202
1238
1224
1280
1246
1254
1281
1275
1316
1274
1326
1291
1211
1274
1223
1246
1155
1236
1153
1224
1167
1227
1239
1232
1304
1245
1336
1248
1346
1262
1325
1251
1274
1230
1224
1231
1362
1246
1339
1229
1228
1254
1292
1273
1318
1283
1281
1285
1227
1273
1172
1268
1102
1241
1098
1247
1153
1239
1207
1253
1241
1264
1272
1295
1253
1292
1257
1329
1184
1287
1149
1287
1182
1286
1238
1283
1276
1297
1344
1308
1304
1322
1341
1306
1286
1319
1230
1267
1173
1252
1218
1240
1184
1268
1316
1249
1380
1264
1398
1278
1308
1281
1264
1265
1209
1246
1179
1234
1162
1204
1231
1233
1257
1260
1306
1245
1320
1263
1317
1267
1237
1253
1128
1246
1171
1226
1177
1246
1218
1253
1304
1279
1315
1321
1330
1327
1281
1323
1258
1305
1260
1285
1256
1253
1264
1251
1318
1251
1349
1258
1360
1268
1338
1271
1296
1228
1207
1240
1178
1226
1216
1214
1189
1209
1270
1234
1326
1262
1418
1259
1324
1314
1263
1261
1227
1249
1137
1195
1127
1210
1130
1205
1169
1232
1190
1251
1255
1266
1254
1277
1220
1273
1198
1281
1231
1246
1182
1236
1210
1263
1251
1274
1294
1291
1289
1314
1276
1326
1223
1300
1156
1279
1164
1265
1172
1269
1241
1254
1272
1270
1309
1285
1379
1285
1369
1283
1303
1280
1229
1272
1179
1255
1187
1249
1198
1247
1255
1266
1305
1275
1329
1288
1351
1294
1225
1290
1122
1277
1186
1226
1171
1266
1241
1273
1298
1291
1349
1315
1360
1325
1320
1321
1266
1318
1243
1306
1225
1269
1232
1235
1285
1271
1298
1279
1416
1291
1371
1301
1347
1298
1293
1281
1215
1261
1219
1248
1196
1250
1281
1263
1362
1290
1380
1286
1373
1339
1314
1298
1249
1277
1245
1248
1170
1225
1224
1222
1264
1214
1292
1237
1318
1261
1319
1264
1265
1261
1217
1246
1221
1212
1173
1224
1170
1216
1238
1243
1333
1255
1327
1294
1328
1262
1274
1298
1154
1281
1156
1275
1164
1246
1228
1241
1278
1265
1219
1314
1348
1326
1327
1315
1230
1297
1203
1265
1137
1235
1154
1204
1199
1227
1221
1223
1247
1257
1299
1273
1262
1280
1203
1283
1189
1239
1077
1210
1217
1214
1240
1206
1284
1232
1290
1280
1268
1299
1257
1307
1215
1297
1144
1276
1146
1254
1162
1255
1209
1279
1355
1282
1365
1302
1327
1338
1326
1315
1257
1307
1196
1288
1207
1246
1267
1264
1274
1268
1309
1288
1339
1309
1332
1319
1314
1319
1245
1307
1142
1270
1148
1244
1206
1238
1254
1254
1316
1271
1366
1273
1387
1294
1309
1296
1235
1277
1193
1247
1181
1222
1205
1226
1276
1245
1327
1257
1379
1291
1384
1301
1321
1297
1275
1281
1203
1220
1193
1256
1243
1246
1310
1264
1367
1287
1347
1297
1301
1321
1275
1307
1222
1276
1153
1257
1159
1236
1200
1237
1255
1253
1331
1269
1296
1290
1296
1293
1258
1286
1189
1285
1152
1230
1220
1208
1186
1232
1242
1238
1327
1269
1334
1287
1309
1284
1242
1290
1182
1260
1158
1246
1177
1234
1214
1234
1277
1264
1320
1291
1285
1300
1289
1315
1234
1301
1143
1276
1114
1255
1148
1241
1175
1257
1279
1275
1333
1302
1335
1331
1300
1329
1227
1311
1176
1279
1176
1239
1232
1235
1204
1230
1320
1268
1373
1292
1342
1302
1298
1308
1221
1291
1153
1254
1176
1239
1202
1194
1279
1222
1342
1253
1360
1297
1352
1309
1267
1311
1171
1287
1145
1261
1123
1237
1210
1248
1215
1260
1317
1277
1336
1302
1299
1325
1260
1325
1227
1288
1131
1272
1197
1222
1156
1217
1219
1262
1319
1270
1360
1294
1347
1300
1287
1299
1252
1272
1175
1234
1202
1193
1189
1211
1332
1289
1363
1274
1357
1303
1319
1304
1267
1298
1221
1271
1161
1214
1204
1233
1244
1187
1348
1208
1379
1254
1347
1282
1314
1298
1273
1294
1148
1263
1098
1254
1151
1241
1186
1209
1210
1216
1309
1285
1303
1310
1256
1313
1203
1308
1097
1301
1099
1241
1150
1200
1230
1263
1255
1263
1327
1289
1334
1322
1262
1329
1223
1322
1138
1282
1119
1248
1208
1230
1224
1258
1151
1295
1313
1295
1317
1312
1237
1318
1219
1284
1125
1273
1107
1239
1221
1229
1208
1203
1285
1257
1373
1303
1334
1350
1273
1333
1236
1306
1170
1268
1147
1264
1196
1252
1259
1248
1516
1246
1359
1286
1335
1314
1252
1321
1232
1286
1163
1242
1143
1241
1204
1190
1258
1200
1528
1257
1378
1297
1357
1303
1288
1298
1279
1281
1240
1201
1281
1186
1262
1209
1301
1236
1419
1264
1368
1303
1296
1310
1215
1309
1159
1269
1163
1209
1153
1248
1180
1190
1206
1210
1491
1267
1333
1301
1272
1284
1213
1301
1137
1268
1182
1205
1130
1218
1254
1240
1231
1199
1277
1278
1346
1303
1269
1315
1188
1305
1096
1264
1179
1196
1102
1192
1242
1231
1189
1192
1450
1275
1305
1287
1225
1305
1178
1313
1075
1264
1033
1243
1116
1241
1230
1210
1202
1220
1316
1271
1320
1303
1238
1302
1197
1297
1104
1263
1170
1204
1189
1231
1223
1224
1151
1214
1312
1287
1269
1322
1217
1328
1169
1300
1055
1280
1059
1195
1181
1225
1204
1206
1169
1251
1312
1305
1290
1314
1207
1331
1192
1309
1129
1301
1123
1241
1230
1258
1265
1222
1127
1231
1377
1308
1342
1327
1257
1266
1242
1300
1182
1281
1159
1255
1249
1249
1281
1232
1168
1269
1350
1311
1274
1316
1199
1322
1191
1289
1156
1273
1131
1239
1244
1242
1287
1234
1137
1282
1395
1304
1292
1320
1204
1310
1155
1265
1187
1258
1171
1182
1296
1220
1247
1192
1175
1279
1403
1300
1262
1287
1189
1310
1114
1263
1196
1236
1201
1179
1296
1228
1292
1235
1137
1303
1378
1316
1233
1327
1166
1328
1053
1289
1141
1231
1174
1216
1246
1221
1202
1200
1068
1309
1383
1315
1244
1321
1180
1307
1088
1272
1245
1257
1200
1190
1254
1197
1196
1197
1094
1334
1336
1323
1192
1326
1142
1319
1048
1279
1205
1233
1193
1258
1273
1258
1216
1247
1280
1318
1325
1317
1197
1328
1178
1310
1133
1274
1284
1209
1273
1188
1342
1232
1256
1185
1406
1315
1362
1319
1224
1353
1196
1289
1127
1271
1281
1231
1226
1213
1303
1209
1215
1228
1406
1316
1283
1313
1170
1319
1161
1287
1124
1278
1195
1243
1271
1215
1318
1225
1222
1237
1429
1316
1308
1324
1194
1316
1179
1274
1149
1263
1175
1224
1316
1185
1339
1230
1225
1187
1448
1312
1306
1324
1198
1328
1179
1287
1169
1274
1142
1261
1319
1202
1302
1210
1182
1193
1426
1316
1263
1314
1158
1318
1099
1260
1157
1273
1180
1201
1258
1224
1290
1257
1130
1223
1399
1333
1258
1343
1179
1336
1118
1286
1206
1267
1181
1254
1299
1250
1238
1241
1070
1248
1356
1352
1207
1334
1130
1328
1086
1281
1185
1274
1154
1169
1312
1213
1225
1210
1113
1239
1372
1330
1216
1329
1154
1322
1093
1272
1252
1272
1282
1189
1379
1252
1327
1251
1119
1314
1396
1341
1247
1337
1201
1329
1107
1277
1287
1273
1252
1242
1310
1184
1273
1212
1052
1298
1345
1327
1192
1327
1161
1314
1097
1273
1312
1265
1278
1217
1314
1203
1231
1214
1057
1300
1341
1333
1205
1329
1198
1313
1147
1263
1344
1239
1352
1186
1350
1203
1290
1228
1035
1300
1321
1324
1198
1326
1205
1313
1157
1267
1349
1249
1337
1227
1361
1245
1195
1227
1021
1322
1301
1333
1181
1325
1183
1293
1152
1269
1349
1212
1264
1204
1299
1222
1155
1210
1025
1341
1273
1343
1177
1334
1191
1274
1179
1268
1368
1235
1282
1223
1311
1248
1169
1227
1162
1325
1234
1320
1147
1338
1178
1277
1188
1260
1392
1201
1306
1194
1340
1247
1154
1212
1249
1290
1226
1326
1161
1324
1210
1270
1216
1254
1375
1240
1319
1228
1297
1184
1151
1249
1329
1334
1219
1333
1147
1318
1148
1277
1223
1259
1296
1211
1355
1211
1304
1247
1098
1198
1313
1331
1210
1331
1153
1324
1168
1309
1261
1273
1288
1200
1369
1263
1258
1252
1071
1254
1336
1355
1211
1337
1152
1334
1141
1277
1305
1268
1308
1261
1403
1236
1285
1239
1097
1249
1365
1338
1223
1329
1194
1317
1152
1263
1314
1264
1312
1246
1313
1202
1243
1235
1012
1217
1284
1337
1159
1327
1135
1310
1106
1262
1309
1257
1254
1237
1302
1201
1241
1214
1008
1320
1296
1328
1181
1327
1201
1308
1161
1244
1376
1262
1367
1213
1325
1198
1235
1220
976
1308
1277
1332
1144
1315
1186
1295
1144
1251
1367
1233
1292
1192
1307
1200
1175
1225
954
1320
1260
1331
1159
1321
1181
1298
1175
1267
1374
1247
1336
1234
1281
1213
1159
1219
963
1335
1233
1334
1141
1333
1187
1295
1202
1265
1408
1196
1370
1203
1350
1263
1172
1200
1148
1333
1243
1337
1119
1305
1193
1273
1199
1256
1362
1245
1326
1225
1322
1235
1156
1254
1302
1324
1199
1327
1140
1314
1197
1277
1235
1249
1324
1199
1339
1241
1300
1194
1145
1246
1331
1327
1214
1282
1146
1312
1193
1277
1261
1257
1267
1239
1391
1200
1299
1200
1117
1208
1311
1327
1178
1331
1142
1314
1149
1263
1288
1256
1286
1197
1399
1204
1283
1211
1111
1209
1325
1337
1185
1327
1153
1329
1129
1265
1307
1255
1263
1239
1342
1251
1297
1248
1024
1223
1298
1336
1156
1316
1127
1286
852
1286
1493
1201
1304
1242
1326
1190
1244
1256
1027
1324
1280
1332
1134
1318
1128
1304
867
1286
1456
1200
1303
1234
1322
1203
1202
1252
1051
1351
1284
1338
1152
1314
1158
1240
1266
1291
1529
1180
1317
1236
1346
1220
1256
1260
1205
1326
1291
1325
1162
1314
842
1218
1244
1293
1414
1189
1292
1200
1352
1241
1208
1261
1428
1341
1226
1328
1129
1318
883
1181
1252
1289
1290
1223
1350
1256
1334
1268
1142
1255
1408
1335
1202
1331
1130
1310
754
1235
1274
1305
1425
1254
1323
1254
1301
1266
1145
1341
1428
1352
1230
1338
1157
1273
798
1190
1449
1292
1347
1212
1377
1198
1385
1200
1183
1325
1436
1332
1252
1328
1173
1209
835
1169
1465
1293
1329
1185
1385
1209
1346
1211
1216
1327
1379
1340
1189
1309
1116
1232
774
1182
1465
1300
1317
1213
1296
1199
1301
1251
1502
1342
1360
1349
1181
1317
1122
1244
830
1216
1476
1289
1278
1201
1311
1204
1291
1263
1419
1344
1310
1337
1150
1321
747
1212
864
1255
1536
1289
1333
1230
1367
1239
1225
1231
1519
1346
1306
1330
1144
1313
832
1224
868
1222
1546
1227
1291
1210
1328
1214
1270
1220
1487
1354
1292
1347
1132
1330
724
1183
882
1286
1588
1243
1285
1187
1333
1248
1252
1305
1481
1336
1275
1331
1131
1315
723
1205
908
1286
1591
1240
1338
1205
1356
1257
1222
1363
1469
1362
1242
1345
1130
1249
678
1183
952
1284
1654
1202
1382
1206
1373
1254
1499
1331
1479
1337
1262
1331
1146
1288
781
1178
1282
1291
1305
1237
1399
1242
1332
1253
1186
1336
1408
1343
1205
1308
1077
1222
771
1212
1272
1297
1540
1196
1330
1191
1316
1213
1581
1339
1411
1342
1204
1326
1104
1245
782
1213
1415
1302
1276
1159
1371
1195
1369
1262
1429
1335
1411
1341
1212
1321
784
1182
829
1199
1484
1320
1391
1225
1419
1213
1323
1207
1612
1345
1367
1327
1173
1333
796
1243
834
1239
1470
1299
1339
1236
1415
1217
1324
1225
1573
1345
1354
1342
1146
1332
704
1212
773
1254
1522
1276
1304
1216
1349
1225
1249
1295
1557
1331
1317
1336
1126
1280
680
1257
812
1221
1531
1320
1326
1256
1351
1254
1389
1331
1538
1370
1297
1365
1121
1276
666
1263
870
1294
1609
1276
1388
1216
1445
1264
1439
1340
1552
1348
1331
1331
1158
1172
752
1221
890
1274
1623
1208
1330
1165
1358
1223
1595
1305
1463
1318
1203
1312
1047
1226
670
1228
872
1272
1587
1181
1286
1185
1322
1209
1628
1359
1460
1359
1244
1351
709
1219
745
1221
1315
1310
1686
1217
1438
1242
1417
1258
1705
1340
1491
1340
1288
1330
767
1206
783
1199
1272
1266
1530
1185
1341
1160
1351
1189
1599
1308
1388
1327
1157
1316
605
1225
723
1219
1289
1292
1553
1190
1272
1233
1286
1311
1458
1351
1304
1362
1107
1348
610
1196
724
1194
1438
1282
1289
1171
1365
1233
1373
1269
1537
1323
1408
1331
1170
1280
681
1228
830
1188
1490
1292
1362
1214
1378
1207
1523
1318
1559
1345
1347
1348
1147
1220
673
1236
809
1277
1599
1272
1355
1205
1373
1199
1415
1312
1514
1344
1292
1358
1043
1294
684
1272
863
1297
1592
1301
1345
1199
1404
1189
1711
1300
1522
1348
1273
1356
1106
1234
697
1263
845
1272
1583
1313
1298
1189
1331
1230
1621
1316
1459
1369
1221
1383
1093
1294
730
1271
949
1308
1667
1232
1410
1188
1454
1194
1689
1283
1507
1319
1242
1306
711
1191
794
1200
962
1231
1706
1179
1412
1130
1424
1154
1431
1296
1436
1337
1200
1364
742
1244
685
1201
1250
1292
1454
1166
1307
1181
1332
1183
1432
1317
1355
1363
1148
1335
596
1195
797
1220
1373
1281
1606
1146
1387
1181
1294
1274
1498
1315
1362
1333
1142
1336
672
1221
727
1185
1332
1275
1451
1154
1384
1141
1323
1289
1463
1298
1310
1295
1097
1278
563
1181
766
1203
1447
1276
1307
1196
1300
1199
1506
1286
1500
1328
1292
1332
1134
1281
670
1250
817
1163
1548
1308
1335
1175
1446
1212
1695
1247
1568
1326
1337
1340
1115
1290
725
1268
864
1289
1584
1306
1309
1190
1404
1202
1697
1250
1527
1338
1290
1345
1110
1258
686
1258
801
1237
1536
1293
1301
1192
1317
1126
1604
1252
1439
1321
1215
1328
700
1266
692
1263
911
1304
1607
1310
1346
1173
1417
1203
1392
1293
1544
1350
1316
1336
816
1264
793
1248
957
1289
1623
1138
1195
1166
1297
1275
1336
1284
1417
1317
1197
1314
674
1235
706
1189
1200
1260
1659
1181
1367
1115
1332
1236
1460
1260
1478
1270
1276
1310
707
1194
782
1232
1375
1295
1462
1183
1240
1215
1259
1295
1390
1327
1360
1363
1168
1312
704
1285
763
1251
1457
1299
1488
1208
1306
1185
1539
1247
1508
1287
1404
1316
1223
1251
747
1262
804
1215
1422
1292
1368
1165
1268
1208
1610
1252
1442
1343
1325
1375
1110
1269
707
1293
799
1339
1470
1348
1240
1241
1224
1183
1574
1252
1479
1328
1330
1333
1200
1255
720
1213
923
1221
1551
1282
1270
1139
1320
1196
1661
1236
1564
1299
1393
1320
887
1245
806
1180
1230
1295
1599
1244
1268
1171
1299
1172
1618
1227
1481
1281
1329
1300
812
1207
729
1190
860
1313
1535
1222
1217
1200
1201
1290
1337
1262
1480
1324
1311
1327
751
1213
853
1291
951
1285
1611
1222
1243
1130
1282
1229
1336
1268
1469
1293
1302
1318
758
1223
816
1260
1311
1345
1535
1256
1193
1203
1170
1282
1370
1320
1443
1336
1285
1300
779
1264
935
1243
1310
1294
1503
1166
1151
1115
1216
1231
1268
1273
1359
1285
1258
1233
734
1203
878
1225
1471
1319
1342
1203
1299
1202
1449
1268
1522
1332
1495
1362
1284
1278
875
1314
990
1252
1448
1337
1173
1197
1233
1224
1537
1233
1438
1318
1408
1345
1259
1247
858
1285
1027
1346
1547
1342
1193
1186
1319
1223
1589
1232
1578
1290
1486
1311
1340
1215
897
1247
909
1191
1494
1304
1141
1191
1155
1218
1535
1263
1447
1341
1343
1356
837
1274
791
1300
945
1373
1524
1367
1148
1236
1251
1297
1364
1265
1568
1304
1471
1294
1042
1193
929
1158
1073
1265
1629
1148
1214
1152
1276
1233
1443
1240
1569
1300
1442
1321
892
1212
913
1281
964
1327
1504
1238
1107
1195
1075
1260
1171
1257
1377
1289
1268
1293
759
1160
843
1207
1344
1273
1444
1199
1125
1154
1132
1290
1359
1289
1507
1324
1415
1291
883
1244
1299
1294
1376
1361
1447
1229
1124
1222
1260
1289
1225
1328
1395
1336
1314
1300
854
1277
993
1219
1448
1314
1173
1227
1152
1219
1153
1265
1398
1293
1461
1285
1357
1207
909
1211
978
1226
1448
1300
1084
1180
1131
1205
1466
1238
1429
1302
1452
1321
1381
1232
946
1257
1057
1245
1520
1339
1222
1258
1219
1213
1600
1287
1536
1352
1503
1361
997
1225
955
1340
1031
1286
1507
1292
1133
1205
1137
1141
1522
1221
1491
1286
1450
1306
1066
1234
1009
1284
1071
1295
1616
1301
1221
1221
1251
1226
1456
1291
1574
1350
1490
1360
999
1263
1337
1300
897
1330
1377
1266
967
1194
1005
1229
1326
1277
1371
1345
1341
1327
918
1245
1120
1232
1004
1292
1553
1185
1141
1183
1198
1284
1399
1268
1574
1313
1529
1256
1059
1233
1325
1196
1045
1284
1531
1205
1067
1223
1097
1299
1267
1298
1432
1339
1367
1221
901
1221
1255
1228
1354
1311
1347
1191
1087
1186
1048
1299
1366
1282
1469
1335
1441
1280
964
1199
1260
1182
1382
1303
1299
1207
1084
1267
1408
1327
1293
1380
1485
1388
1466
1290
1048
1367
1098
1257
1499
1340
1070
1224
1081
1253
1311
1273
1324
1296
1416
1293
1403
1196
954
1156
1015
1170
1492
1271
1127
1212
1101
1219
1483
1274
1446
1331
1512
1339
1102
1243
1180
1312
1055
1206
1545
1283
1105
1209
1065
1229
1448
1258
1437
1307
1477
1293
1111
1215
1044
1262
1082
1193
1565
1270
1083
1178
1084
1199
1361
1275
1470
1315
1477
1318
1056
1223
1450
1173
1071
1138
1526
1260
1046
1133
981
1246
1059
1236
1396
1287
1400
1294
945
1182
1368
1246
1011
1309
1476
1273
1004
1256
957
1336
1142
1336
1339
1374
1342
1273
904
1269
1301
1230
1002
1303
1479
1188
998
1229
1039
1321
1213
1300
1465
1333
1503
1294
1112
1210
1284
1190
1530
1308
1404
1196
1148
1244
1093
1335
1269
1334
1489
1334
1449
1218
1043
1283
1055
1152
1365
1257
1235
1187
1012
1184
1206
1281
1095
1301
1394
1320
1427
1236
1041
1295
1045
1184
1535
1285
1103
1184
1101
1252
1312
1320
1359
1353
1489
1342
1080
1201
1381
1300
1144
1201
1548
1276
1121
1179
1026
1214
1415
1278
1348
1347
1432
1333
1074
1254
1170
1309
1048
1185
1480
1326
1096
1244
974
1223
1162
1294
1340
1331
1428
1319
1133
1215
1200
1259
1116
1182
1568
1283
1129
1244
1075
1248
1427
1301
1451
1354
1474
1349
1011
1220
1467
1246
1075
1254
1518
1305
1056
1273
1009
1342
1196
1317
1394
1351
1426
1327
999
1170
1464
1207
1107
1273
1583
1194
1068
1215
1041
1269
1211
1270
1480
1294
1490
1230
1068
1183
1295
1122
1076
1225
1503
1149
1016
1148
968
1280
1072
1268
1356
1301
1363
1215
929
1260
1209
1194
1350
1271
1247
1226
971
1272
957
1351
1154
1350
1389
1353
1353
1246
970
1317
1080
1223
1290
1284
1279
1177
1056
1247
1344
1282
1226
1316
1455
1327
1489
1242
1093
1306
1107
1205
1359
1316
1247
1235
1057
1246
1400
1323
1255
1372
1417
1345
1026
1220
1407
1318
1086
1231
1497
1308
1057
1194
994
1226
1385
1313
1329
1333
1445
1327
1134
1235
1440
1263
1154
1202
1545
1287
1148
1229
1064
1228
1218
1292
1334
1341
1423
1332
950
1228
1481
1228
1040
1226
1544
1265
1071
1241
1033
1230
1299
1302
1368
1311
1412
1308
1023
1194
1495
1202
1132
1196
1606
1235
1167
1164
1089
1306
1236
1252
1421
1298
1416
1230
1020
1266
1464
1170
1128
1272
1567
1243
1051
1238
1013
1325
1061
1349
1370
1393
1389
1340
982
1339
1146
1268
1069
1324
1541
1253
1040
1269
991
1341
1153
1291
1375
1316
1378
1283
962
1225
1181
1184
1130
1267
1586
1227
1099
1218
1396
1308
1178
1355
1419
1364
1416
1273
1039
1340
1158
1252
1411
1315
1251
1199
1135
1247
1271
1325
1176
1318
1399
1305
1396
1200
991
1259
1047
1150
1209
1258
1192
1199
1050
1197
1398
1251
1168
1326
1399
1302
1035
1204
1444
1276
1082
1171
1559
1246
1124
1165
1082
1233
1398
1250
1272
1319
1350
1314
1010
1226
1368
1251
996
1204
1493
1304
1106
1250
993
1239
1166
1301
1277
1332
1339
1308
905
1195
1443
1221
1074
1162
1577
1234
1129
1229
1099
1211
1376
1300
1384
1357
1424
1347
952
1242
1465
1230
1073
1267
1577
1249
1103
1273
1045
1283
1118
1304
1382
1334
1345
1213
915
1283
1408
1222
1042
1181
1582
1222
1154
1208
1143
1341
1214
1318
1418
1354
1404
1269
977
1302
1341
1207
1149
1297
1582
1232
1131
1212
1059
1319
1201
1288
1396
1307
1330
1207
1154
1270
1189
1202
1089
1252
1581
1214
1152
1228
1403
1278
1219
1304
1379
1297
1369
1233
1181
1287
1058
1170
1351
1266
1192
1195
1042
1242
1160
1280
1034
1325
1347
1326
1367
1264
1134
1322
1099
1208
1297
1325
1250
1249
1173
1249
1493
1272
1181
1327
1398
1321
1015
1235
1415
1280
1069
1197
1531
1324
1164
1247
1055
1259
1374
1316
1264
1371
1356
1352
1027
1258
1403
1315
1091
1237
1575
1331
1205
1214
1145
1243
1474
1252
1351
1312
1407
1305
978
1257
1469
1213
1115
1247
1619
1237
1189
1237
1126
1207
1399
1292
1357
1332
1359
1327
932
1232
1423
1240
1072
1221
1585
1212
1135
1243
1075
1251
1177
1268
1354
1293
1344
1204
917
1266
1430
1147
1089
1190
1596
1169
1161
1188
1213
1269
1093
1250
1328
1312
1287
1258
838
1294
1209
1233
1034
1267
1518
1215
1060
1243
998
1330
1154
1303
1333
1337
1298
1271
1166
1315
1042
1180
1141
1281
1607
1240
1144
1197
1465
1276
1215
1270
1389
1313
1370
1244
1285
1311
1090
1226
1301
1285
1233
1200
1170
1209
1175
1368
1173
1345
1330
1353
887
1233
1347
1351
1063
1241
1214
1334
1180
1231
1099
1232
1480
1285
1178
1333
1380
1322
956
1230
1379
1300
1035
1184
1520
1267
1176
1169
1046
1171
1409
1233
1241
1312
1352
1313
999
1215
1379
1255
1043
1194
1577
1317
1211
1223
1195
1253
1349
1293
1376
1335
1391
1320
919
1214
1408
1201
993
1162
1494
1280
1052
1211
1056
1271
1147
1265
1296
1322
1314
1322
914
1251
1396
1219
1033
1231
1619
1253
1164
1189
1135
1228
1190
1274
1402
1322
1334
1283
911
1314
1413
1228
1040
1203
1590
1268
1112
1265
1112
1331
1178
1283
1361
1345
1333
1264
914
1317
1198
1195
1075
1284
1569
1222
1176
1186
1122
1295
1225
1265
1365
1328
1288
1245
1179
1328
1142
1215
1068
1298
1504
1239
1199
1211
1368
1300
1218
1324
1361
1357
1301
1229
1235
1323
1005
1244
1341
1305
1244
1239
1125
1242
1129
1303
1162
1294
1343
1313
917
1235
1343
1298
1053
1207
1208
1275
1224
1169
1189
1172
1531
1245
1137
1305
1378
1319
946
1219
1375
1304
984
1179
1512
1295
1179
1198
1079
1173
1363
1267
1184
1315
1306
1320
891
1213
1304
1267
1007
1228
1516
1278
1157
1208
1154
1204
1229
1282
1310
1343
1351
1357
911
1319
1418
1264
1035
1179
1575
1305
1228
1237
1194
1281
1196
1284
1376
1326
1362
1328
895
1244
1417
1237
1038
1215
1621
1249
1216
1211
1160
1257
1115
1271
1361
1330
1311
1262
845
1321
1331
1240
1019
1226
1538
1249
1144
1213
1118
1315
1247
1293
1379
1347
1350
1308
918
1346
1249
1256
1086
1302
1608
1203
1238
1212
1105
1306
1256
1284
1376
1324
1260
1235
1177
1315
1041
1179
1014
1258
1448
1210
1079
1202
1414
1259
1195
1291
1352
1337
1318
1266
1282
1343
1031
1246
1344
1310
1247
1169
1241
1218
1311
1299
1334
1306
1446
1307
993
1247
1372
1322
1061
1233
1141
1304
1231
1239
1182
1256
1494
1293
1204
1349
1374
1334
933
1235
1344
1342
943
1207
1140
1309
1208
1233
1153
1234
1533
1252
1337
1300
1397
1322
885
1239
1405
1307
984
1185
1542
1311
1211
1226
1136
1240
1475
1281
1324
1341
1327
1347
854
1311
1325
1280
973
1214
1477
1284
1153
1192
1123
1249
1207
1250
1345
1302
1344
1310
856
1299
1381
1198
1012
1206
1616
1277
1228
1196
1194
1182
1232
1276
1385
1332
1318
1258
827
1327
1320
1224
959
1183
1572
1204
1167
1172
1130
1301
1343
1261
1363
1345
1314
1295
926
1331
1124
1220
1026
1311
1534
1226
1165
1249
1160
1306
1223
1306
1397
1351
1277
1231
1240
1348
1155
1255
1054
1277
1452
1201
1182
1251
1308
1284
1231
1300
1401
1347
1348
1239
1298
1331
1020
1207
1287
1300
1251
1224
1172
1212
1162
1305
1263
1304
1385
1324
916
1253
1308
1319
996
1208
1183
1291
1162
1176
1176
1200
1499
1243
1226
1318
1374
1332
960
1226
1351
1334
956
1200
1079
1310
1238
1237
1215
1204
1406
1266
1291
1321
1398
1326
888
1221
1352
1304
1001
1182
1514
1288
1200
1213
1163
1221
1497
1279
1357
1345
1358
1340
898
1334
1326
1266
926
1194
1471
1312
1176
1195
1169
1242
1259
1261
1358
1319
1351
1326
876
1295
1294
1213
987
1218
1524
1246
1178
1251
1144
1235
1240
1271
1427
1350
1367
1313
846
1350
1344
1220
1033
1235
1576
1209
1211
1173
1140
1293
1192
1262
1426
1320
1346
1298
853
1315
1207
1248
1005
1282
1502
1197
1223
1240
1195
1312
1349
1297
1459
1341
1343
1260
1270
1331
1117
1195
1066
1268
1463
1173
1195
1224
1256
1278
1257
1289
1387
1324
1320
1228
1258
1322
937
1178
1287
1296
1209
1232
1147
1238
1096
1311
1243
1300
1359
1333
845
1233
1259
1318
924
1219
1054
1283
1141
1168
1138
1194
1518
1277
1204
1327
1410
1341
933
1216
1345
1320
1023
1240
1147
1279
1261
1210
1192
1195
1413
1246
1317
1301
1418
1309
873
1299
1348
1329
921
1159
1476
1283
1154
1205
1135
1225
1453
1252
1350
1336
1351
1350
855
1301
1304
1288
961
1269
1454
1308
1117
1220
1142
1336
1308
1278
1393
1331
1375
1233
837
1322
1340
1241
973
1197
1540
1231
1211
1201
1207
1203
1270
1269
1433
1330
1382
1278
855
1351
1325
1232
952
1177
1570
1236
1202
1199
1196
1284
1321
1272
1440
1339
1377
1287
904
1315
1139
1231
1015
1270
1449
1192
1143
1258
1164
1291
1321
1301
1436
1328
1315
1258
1248
1329
1141
1243
1028
1266
1440
1208
1199
1236
1406
1288
1303
1295
1444
1348
1354
1284
1261
1342
941
1222
1058
1288
1352
1193
1168
1174
1554
1285
1263
1326
1423
1351
961
1261
1337
1325
995
1208
1114
1272
1196
1161
1242
1185
1575
1247
1304
1314
1429
1317
973
1234
1309
1327
967
1234
1064
1298
1191
1237
1181
1212
1466
1280
1140
1330
1366
1336
866
1307
1294
1304
951
1171
1437
1283
1137
1148
1167
1228
1450
1266
1424
1336
1413
1337
911
1290
1366
1289
1027
1229
1504
1327
1254
1231
1238
1320
1323
1283
1435
1343
1405
1234
867
1324
1330
1209
968
1203
1523
1190
1138
1212
1137
1227
1259
1279
1436
1335
1361
1259
869
1331
1310
1237
994
1223
1541
1220
1170
1202
1176
1297
1212
1278
1432
1346
1346
1320
866
1334
1230
1243
996
1292
1440
1249
1162
1196
1103
1318
1281
1299
1417
1356
1325
1220
1222
1305
1069
1194
1019
1258
1411
1151
1196
1200
1300
1293
1283
1286
1415
1333
1332
1247
1255
1324
971
1236
1007
1277
1381
1201
1231
1206
1597
1251
1319
1318
1487
1348
1012
1274
1353
1323
985
1174
1079
1294
1166
1176
1188
1206
1518
1282
1224
1353
1381
1357
939
1258
1264
1334
956
1245
1064
1305
1241
1227
1186
1244
1435
1314
1306
1350
1406
1356
881
1322
1317
1333
898
1188
1457
1310
1178
1240
1205
1194
1511
1267
1352
1330
1355
1339
807
1283
1300
1256
968
1214
1481
1264
1180
1216
1170
1230
1307
1276
1420
1354
1405
1250
876
1329
1365
1260
1018
1210
1563
1247
1218
1186
1237
1175
1338
1287
1508
1345
1419
1256
928
1355
1371
1219
1021
1196
1603
1247
1230
1216
1236
1312
1346
1256
1461
1336
1363
1308
934
1318
1315
1293
1400
1259
1319
1208
1148
1209
1136
1181
1090
1256
960
1339
1321
1342
1311
1333
1325
1303
1245
1239
1342
1242
1398
1245
1213
1242
1050
1195
913
1198
861
1252
1265
1297
1345
1296
1423
1277
1502
1243
1407
1247
1383
1267
1289
1256
1015
1295
882
1234
866
1244
953
1307
1513
1307
1597
1298
1605
1313
1368
1268
1245
1277
1122
1293
901
1219
881
1264
950
1246
1026
1190
1574
1342
1648
1334
1570
1346
1430
1320
1141
1314
1081
1308
1055
1278
992
1213
1103
1238
1204
1185
1218
1341
1643
1334
1532
1351
1401
1348
1163
1314
1151
1293
1243
1290
1138
1237
1226
1204
1230
1202
1187
1255
1500
1350
1407
1347
1326
1340
1304
1272
1197
1243
1316
1237
1296
1208
1253
1183
1160
1253
1038
1221
942
1332
1366
1349
1388
1326
1455
1300
1414
1238
1474
1249
1461
1261
1197
1207
1028
1246
954
1270
836
1220
1351
1295
1465
1296
1556
1282
1588
1248
1391
1258
1310
1276
1121
1267
923
1212
908
1246
938
1212
1043
1302
1616
1309
1665
1302
1578
1315
1301
1285
1158
1312
1057
1307
871
1238
911
1247
1050
1235
1111
1201
1665
1331
1656
1341
1544
1337
1371
1310
1114
1308
1085
1293
1114
1262
1042
1225
1183
1163
1221
1235
1132
1330
1516
1339
1374
1337
1279
1330
1106
1277
1167
1261
1299
1258
1213
1242
1250
1210
1182
1224
1095
1279
1418
1359
1376
1350
1352
1346
1399
1281
1343
1279
1433
1254
1400
1191
1176
1258
1037
1209
938
1262
854
1326
1391
1320
1468
1312
1558
1289
1479
1255
1476
1263
1380
1257
1079
1270
906
1214
870
1217
872
1240
1355
1300
1510
1279
1563
1285
1535
1267
1271
1265
1158
1273
1045
1267
901
1204
892
1236
997
1204
1200
1280
1722
1295
1690
1305
1571
1313
1274
1284
1132
1284
1086
1273
946
1211
1053
1182
1127
1156
1248
1192
1638
1307
1578
1317
1430
1336
1314
1315
1104
1300
1167
1294
1277
1275
1159
1209
1270
1220
1212
1228
1027
1298
1379
1321
1257
1313
1196
1300
1094
1238
1185
1230
1324
1224
1202
1169
1163
1176
1058
1193
941
1212
1232
1302
1295
1277
1335
1248
1389
1221
1347
1174
1372
1172
1345
1105
1028
1182
887
1189
762
1199
701
1187
1254
1259
1386
1241
1485
1219
1435
1193
1275
1210
1160
1253
883
1247
745
1299
761
1312
823
1318
1370
1412
1669
1377
1764
1359
1723
1318
1491
1314
1359
1345
1245
1347
978
1356
1012
1390
1182
1416
1327
1372
1932
1475
1949
1429
1836
1371
1682
1280
1398
1277
1254
1292
1057
1336
956
1372
1000
1434
1005
1400
1184
1478
1553
1403
1516
1297
1522
1217
1220
1145
1198
1155
1162
1262
904
1347
926
1402
878
1412
931
1378
1461
1358
1560
1230
1618
1137
1656
999
1458
1012
1400
1080
1242
1172
1050
1216
1010
1325
1037
1253
1142
1278
1737
1171
1815
1058
1806
991
1550
967
1357
1041
1162
1172
787
1249
769
1340
828
1346
883
1238
1525
1249
1666
1142
1673
1078
1523
1042
1139
1114
946
1192
826
1292
641
1379
709
1386
898
1406
1026
1388
1616
1328
1535
1251
1395
1210
1105
1190
906
1260
813
1370
651
1400
692
1448
852
1483
1032
1433
1511
1476
1613
1370
1554
1260
1442
1195
1164
1174
1130
1237
1148
1313
991
1365
1054
1407
1143
1414
1211
1301
1746
1322
1746
1188
1676
1090
1539
1011
1346
1061
1283
1177
1115
1292
1031
1400
1097
1436
1143
1408
1334
1376
1793
1282
1747
1136
1646
1085
1368
1094
1171
1202
1043
1325
765
1437
861
1443
1019
1420
1200
1355
1826
1320
1878
1208
1797
1123
1573
1113
1179
1196
1004
1297
968
1348
783
1437
1034
1409
1258
1358
1379
1305
1918
1216
1812
1127
1583
1108
1150
1118
959
1222
894
1360
795
1411
922
1456
1108
1427
1238
1344
1724
1317
1716
1244
1557
1169
1368
1140
1082
1155
1058
1262
1113
1310
1081
1416
1229
1442
1309
1397
1363
1262
1837
1274
1723
1151
1612
1085
1441
1056
1251
1127
1220
1242
1076
1297
1000
1392
969
1360
1039
1345
1171
1308
1497
1190
1446
1098
1363
1078
1119
1083
1041
1207
972
1344
779
1440
819
1445
868
1401
1031
1347
1557
1305
1628
1187
1585
1124
1464
1110
1148
1182
1019
1307
945
1365
804
1488
845
1426
1022
1391
1222
1352
1785
1250
1765
1172
1612
1156
1291
1164
1113
1264
1038
1385
896
1394
1009
1426
1208
1409
1389
1319
1834
1317
1944
1215
1817
1150
1640
1137
1292
1188
1175
1267
1163
1350
994
1413
1215
1449
1325
1393
1399
1263
1831
1289
1737
1205
1572
1114
1348
1076
1102
1131
1056
1223
1063
1283
978
1312
1086
1358
1133
1250
1171
1268
1602
1167
1498
1092
1364
1060
1083
1077
986
1176
943
1294
761
1343
862
1369
989
1346
1067
1302
1526
1242
1557
1163
1469
1097
1317
1079
1001
1148
910
1249
902
1324
773
1346
909
1335
1129
1298
1259
1274
1772
1199
1703
1144
1530
1137
1281
1154
1012
1247
946
1347
930
1374
962
1441
1143
1370
1293
1341
1410
1371
1833
1291
1655
1249
1436
1257
1095
1295
1000
1368
1033
1446
955
1423
1189
1469
1274
1395
1389
1310
1755
1330
1669
1240
1479
1191
1307
1171
1057
1219
1093
1303
1233
1374
1186
1385
1303
1381
1379
1366
1363
1353
1728
1278
1569
1225
1419
1169
1256
1159
1144
1226
1186
1324
1221
1390
1156
1396
1219
1329
1240
1300
1189
1248
1596
1146
1509
1086
1423
1087
1186
1119
1179
1221
1224
1327
1208
1339
1227
1393
1265
1324
1261
1194
1649
1200
1592
1123
1495
1100
1378
1119
1110
1202
1071
1301
1094
1376
989
1412
1061
1403
1124
1294
1147
1223
1604
1205
1504
1136
1357
1133
1129
1153
943
1240
943
1329
953
1367
984
1326
1103
1284
1201
1191
1133
1187
1536
1125
1392
1098
1221
1120
929
1180
894
1289
989
1385
966
1408
1076
1419
1181
1353
1192
1233
1566
1231
1485
1164
1318
1150
1184
1179
961
1255
1045
1316
1173
1441
1128
1454
1256
1414
1283
1294
1280
1221
1652
1199
1530
1153
1399
1186
1265
1211
1121
1310
1187
1397
1304
1446
1204
1432
1267
1305
1279
1255
1138
1205
1541
1144
1393
1133
1265
1190
1038
1252
1035
1356
1134
1444
1124
1457
1219
1396
1228
1288
1269
1194
1531
1221
1526
1176
1401
1194
1322
1275
1127
1312
1198
1406
1327
1468
1311
1410
1406
1388
1407
1273
1326
1155
1571
1169
1470
1164
1312
1192
1227
1201
1099
1326
1206
1416
1352
1399
1283
1350
1351
1277
1315
1160
1154
1127
1496
1086
1355
1101
1257
1172
1125
1227
1179
1347
1320
1416
1359
1373
1342
1313
1316
1268
1212
1121
1088
1153
1355
1139
1265
1170
1181
1248
1052
1312
1089
1415
1216
1436
1140
1414
1130
1348
1110
1229
1003
1106
1383
1139
1356
1141
1295
1187
1261
1262
1109
1345
1181
1437
1259
1441
1090
1392
1180
1313
1138
1183
1109
1086
1461
1140
1376
1153
1276
1239
1181
1329
1053
1408
1123
1477
1240
1467
1146
1389
1255
1284
1253
1181
1139
1173
1535
1153
1418
1182
1314
1260
1132
1321
1176
1408
1315
1458
1344
1414
1387
1325
1435
1243
1336
1114
1432
1153
1523
1173
1391
1230
1293
1315
1160
1365
1257
1444
1374
1468
1256
1370
1267
1228
1243
1142
1100
1066
1382
1103
1306
1128
1239
1191
1228
1267
1133
1343
1241
1399
1329
1394
1192
1295
1124
1174
1016
1083
918
989
1341
1121
1270
1187
1256
1248
1235
1296
1177
1369
1249
1435
1270
1396
1081
1290
1118
1245
1065
1113
996
1151
1436
1166
1402
1211
1369
1291
1226
1366
1215
1444
1272
1464
1242
1391
1191
1275
1168
1158
1171
1058
1208
1107
1453
1138
1352
1203
1267
1318
1090
1415
1143
1478
1280
1475
1175
1400
1244
1270
1201
1141
1168
1053
1415
1151
1368
1210
1259
1305
1227
1405
1113
1480
1204
1509
1367
1476
1324
1351
1330
1174
1253
1100
1184
1075
1498
1161
1388
1237
1307
1351
1342
1423
1272
1484
1403
1494
1497
1420
1357
1303
1340
1179
1242
1090
1118
1073
1451
1174
1364
1234
1317
1378
1281
1451
1235
1514
1372
1499
1455
1391
1263
1256
1295
1162
1216
1058
1084
1116
1436
1165
1373
1259
1351
1360
1224
1420
1282
1461
1393
1434
1368
1336
1278
1218
1251
1073
1146
1038
1315
1108
1342
1167
1239
1281
1218
1401
1104
1459
1244
1478
1357
1388
1244
1288
1237
1146
1143
1019
981
953
1258
1073
1171
1166
1159
1286
1218
1400
1164
1464
1325
1454
1470
1381
1288
1254
1196
1071
1015
967
902
1001
1198
1128
1185
1231
1213
1355
1305
1431
1262
1471
1355
1442
1402
1355
1131
1201
1075
1087
980
1037
885
1026
1279
1185
1273
1302
1326
1429
1384
1488
1335
1510
1391
1476
1391
1362
1176
1226
1082
1094
1013
1059
936
1124
1289
1222
1328
1344
1387
1478
1295
1518
1310
1545
1349
1480
1379
1344
1174
1186
1110
1098
997
1031
1133
1149
1357
1245
1350
1386
1386
1493
1303
1527
1382
1498
1459
1414
1332
1247
1298
1087
1216
1020
1118
982
1334
1163
1402
1275
1433
1416
1473
1515
1385
1520
1482
1481
1535
1361
1311
1197
1215
1077
1170
1019
985
1005
1383
1190
1374
1289
1420
1419
1518
1506
1393
1504
1449
1428
1462
1328
1252
1171
1093
994
1054
986
938
1005
1403
1179
1369
1300
1408
1450
1456
1506
1331
1501
1353
1426
1346
1291
1143
1102
1025
986
980
964
895
1026
1361
1239
1328
1382
1376
1512
1396
1540
1266
1510
1285
1410
1291
1212
1116
1095
1071
997
1013
986
946
1114
1362
1259
1357
1428
1424
1550
1431
1554
1347
1512
1385
1388
1385
1207
1184
1067
1074
991
949
990
951
1191
1279
1318
1349
1487
1377
1576
1352
1554
1325
1478
1359
1322
1299
1174
1135
999
1053
1005
970
925
992
1234
1360
1382
1397
1531
1467
1599
1398
1545
1412
1446
1423
1291
1246
1102
1150
945
1065
944
993
974
1325
1219
1368
1384
1451
1521
1491
1583
1356
1524
1355
1403
1347
1251
1153
1080
1072
983
950
933
946
1022
1367
1261
1359
1429
1429
1567
1474
1587
1347
1516
1347
1378
1362
1213
1183
1040
1048
945
1038
985
919
1087
1387
1303
1392
1518
1432
1612
1475
1619
1308
1486
1376
1327
1378
1138
1125
953
1078
930
1001
987
920
1090
1346
1328
1360
1499
1434
1616
1472
1592
1360
1449
1387
1280
1394
1107
1097
974
1073
895
913
953
896
1137
1299
1404
1328
1572
1394
1636
1421
1586
1324
1427
1353
1266
1347
1073
1138
968
1086
961
935
1020
900
1300
1203
1466
1360
1627
1407
1667
1448
1577
1323
1402
1351
1218
1340
1024
1137
954
1072
956
992
1041
985
1319
1325
1513
1424
1631
1472
1653
1508
1539
1373
1335
1407
1169
1399
996
1181
923
1074
930
1062
1096
1052
1354
1350
1512
1419
1633
1458
1616
1500
1496
1356
1292
1391
1134
1369
930
1141
922
1095
994
1039
1135
965
1405
1289
1551
1394
1628
1464
1582
1496
1411
1361
1219
1382
1049
1336
908
1066
901
1016
945
964
1156
1148
1411
1215
1528
1372
1620
1400
1533
1430
1371
1288
1176
1281
1016
1207
868
979
908
964
995
912
1196
1208
1434
1231
1586
1326
1627
1374
1531
1403
1345
1265
1156
1270
1010
1202
887
1059
962
945
1046
899
1274
1203
1501
1226
1646
1307
1653
1344
1541
1405
1339
1292
1133
1307
988
1251
901
1017
958
975
1086
937
1305
1256
1529
1223
1652
1338
1633
1388
1497
1460
1264
1342
1077
1353
949
1221
876
1084
954
1014
1167
917
1347
1305
1570
1279
1694
1403
1631
1513
1476
1548
1247
1423
1083
1415
965
1205
918
1112
1019
1010
1204
975
1404
1344
1614
1348
1673
1423
1607
1540
1425
1581
1178
1437
1022
1419
941
1247
918
1108
1030
1038
1275
937
1448
1353
1633
1331
1645
1463
1568
1516
1365
1541
1146
1384
976
1357
909
1169
931
1059
1032
977
1275
904
1443
1103
1614
1277
1603
1408
1501
1483
1321
1535
1096
1381
941
1371
897
1158
943
1042
1098
966
1326
863
1509
1115
1650
1235
1631
1383
1475
1473
1286
1507
1080
1377
936
1342
912
1142
996
942
1180
871
1362
840
1576
954
1661
1216
1618
1435
1444
1514
1235
1554
1042
1391
919
1345
915
1164
970
1012
1154
960
1420
900
1506
1052
1627
1288
1560
1408
1396
1516
1198
1548
1033
1381
925
1323
948
1175
1064
961
1243
926
1443
891
1559
1115
1692
1235
1546
1389
1381
1502
1184
1544
1036
1416
916
1382
970
1263
1044
1020
1310
910
1436
924
1594
1007
1612
1240
1505
1444
1342
1531
1143
1588
958
1459
926
1364
983
1252
1141
981
1323
835
1453
826
1601
960
1564
1233
1459
1427
1313
1550
1118
1597
996
1432
923
1321
1008
1200
1155
911
1360
823
1502
825
1581
1039
1564
1277
1432
1468
1269
1569
1101
1598
969
1515
948
1286
1032
1178
1146
924
1391
867
1517
879
1565
1087
1542
1324
1406
1523
1230
1636
1094
1637
1001
1488
953
1296
1058
1186
1189
949
1373
899
1538
861
1553
1100
1518
1366
1379
1537
1224
1660
1073
1670
993
1548
977
1291
1089
1179
1263
916
1428
828
1528
834
1566
1025
1507
1250
1364
1493
1201
1634
1073
1639
1002
1522
1011
1230
1147
1110
1327
836
1474
808
1561
815
1550
1062
1495
1345
1342
1576
1185
1706
1026
1681
1008
1539
1007
1203
1153
1106
1327
833
1411
874
1548
934
1533
1153
1456
1372
1303
1601
1150
1692
1054
1654
1018
1506
1084
1138
1176
1090
1343
827
1481
890
1544
911
1469
1150
1409
1313
1285
1600
1129
1653
1040
1656
1016
1506
1070
1232
1181
1115
1323
932
1473
850
1542
932
1458
1147
1388
1280
1260
1541
1099
1633
1020
1612
997
1472
1079
1219
1189
1066
1350
964
1446
863
1529
943
1470
1085
1343
1310
1196
1503
1039
1588
1013
1528
1020
1400
1113
1179
1232
994
1387
973
1490
872
1486
895
1445
1131
1334
1299
1201
1475
1086
1511
1035
1484
1063
1351
1156
1169
1272
999
1397
996
1460
908
1487
1010
1440
1067
1310
1322
1180
1475
1081
1505
1037
1448
1052
1346
1164
1239
1268
1041
1416
1054
1489
934
1476
1083
1390
1131
1303
1267
1167
1427
1101
1503
1065
1412
1122
1350
1202
1252
1318
1055
1433
1057
1509
887
1519
1044
1397
1136
1341
1254
1203
1392
1114
1475
1098
1423
1111
1364
1212
1277
1319
1122
1417
1068
1495
978
1469
1089
1420
1227
1288
1286
1176
1444
1118
1504
1082
1472
1137
1406
1225
1316
1335
1206
1409
1148
1470
1201
1430
1256
1325
1210
1209
1454
1125
1414
1101
1403
1084
1411
1150
1367
1224
1298
1315
1247
1392
1132
1426
1200
1378
1162
1334
1213
1222
1302
1153
1298
1099
1355
1101
1318
1155
1321
1224
1287
1317
1230
1411
1139
1412
1118
1420
1087
1353
1169
1219
1278
1157
1284
1112
1309
1101
1318
1154
1267
1225
1250
1292
1204
1363
1140
1392
1146
1405
1112
1359
1205
1266
1239
1181
1268
1148
1213
1134
1234
1174
1219
1231
1174
1316
1176
1394
1199
1395
1192
1409
1279
1306
1277
1263
1255
1182
1247
1138
1195
1137
1171
1172
1142
1233
1155
1306
1185
1360
1233
1388
1245
1379
1334
1288
1267
1256
1184
1212
1153
1160
1123
1149
1124
1213
1137
1230
1169
1290
1265
1349
1320
1360
1338
1369
1367
1353
1333
1268
1201
1225
1162
1186
1106
1151
1108
1194
1156
1212
1214
1276
1284
1331
1340
1377
1345
1368
1389
1351
1256
1299
1300
1215
1226
1161
1129
1160
1088
1159
1097
1206
1164
1289
1288
1295
1359
1370
1412
1388
1438
1366
1470
1294
1300
1228
1125
1191
981
1165
983
1149
1021
1211
1106
1270
1271
1322
1428
1378
1524
1388
1490
1335
1383
1337
1259
1248
1067
1198
941
1174
913
1181
982
1217
1131
1258
1317
1322
1476
1355
1552
1362
1500
1335
1428
1297
1226
1248
1061
1206
898
1170
917
1176
981
1216
1170
1254
1333
1306
1489
1335
1531
1365
1523
1362
1446
1327
1277
1259
1020
1246
933
1208
969
1181
1011
1201
1150
1241
1359
1267
1541
1330
1648
1356
1608
1363
1519
1325
1338
1280
1108
1238
933
1182
894
1195
986
1213
1168
1248
1363
1264
1557
1327
1655
1322
1641
1333
1470
1306
1264
1251
1054
1220
912
1184
876
1204
824
1253
1157
1242
1332
1282
1553
1301
1659
1323
1634
1308
1475
1287
1256
1277
1004
1260
869
1226
878
1218
941
1230
1089
1242
1384
1256
1541
1274
1598
1279
1601
1287
1476
1263
1270
1274
1105
1242
924
1212
904
1224
954
1227
1080
1233
1246
1256
1408
1247
1464
1269
1574
1263
1489
1279
1318
1273
1110
1268
936
1264
881
1226
849
1251
985
1255
1204
1254
1380
1252
1501
1261
1546
1274
1528
1274
1348
1284
1122
1289
973
1315
856
1297
894
1274
971
1260
1194
1243
1375
1240
1525
1241
1567
1243
1496
1294
1347
1289
1145
1313
1009
1329
904
1332
937
1275
1007
1276
1188
1245
1327
1201
1507
1205
1511
1210
1478
1258
1346
1311
1208
1332
1061
1362
968
1367
968
1341
1024
1295
1174
1234
1351
1193
1405
1159
1505
1192
1501
1233
1414
1281
1280
1342
994
1398
1040
1394
927
1355
1077
1291
1254
1230
1355
1181
1487
1137
1537
1162
1536
1215
1373
1302
1282
1359
1139
1402
1057
1380
984
1377
1092
1300
1243
1218
1321
1157
1495
1124
1490
1125
1487
1180
1375
1271
1207
1351
1085
1407
1054
1425
1040
1399
1111
1319
1209
1222
1303
1142
1393
1106
1416
1100
1421
1167
1299
1255
1212
1368
1115
1440
1103
1428
1105
1413
1095
1331
1234
1223
1279
1137
1370
1022
1387
1092
1341
1153
1293
1247
1210
1354
1140
1439
1076
1460
1132
1418
1156
1334
1206
1227
1266
1138
1286
1065
1263
1087
1307
1135
1276
1227
1191
1344
1141
1418
1123
1490
1144
1449
1197
1365
1227
1249
1274
1138
1291
1067
1286
1061
1224
1104
1220
1214
1165
1365
1160
1424
1143
1477
1196
1453
1237
1373
1268
1252
1313
1152
1305
1072
1247
1068
1202
1116
1191
1209
1198
1319
1167
1419
1218
1496
1253
1470
1314
1351
1353
1274
1318
1177
1286
1090
1212
1070
1277
1120
1192
1212
1187
1300
1220
1401
1234
1487
1316
1477
1278
1401
1297
1308
1258
1205
1232
1114
1212
1081
1168
1108
1179
1171
1127
1279
1250
1372
1255
1439
1271
1465
1301
1413
1352
1332
1306
1231
1278
1142
1221
1113
1140
1113
1168
1164
1163
1241
1201
1353
1190
1430
1262
1459
1302
1430
1357
1350
1358
1254
1279
1172
1242
1123
1148
1094
1202
1150
1192
1222
1230
1315
1249
1388
1278
1424
1266
1424
1296
1373
1286
1267
1238
1203
1254
1150
1221
1134
1242
1183
1241
1201
1240
1277
1248
1358
1254
1402
1266
1400
1275
1383
1241
1334
1244
1256
1243
1198
1274
1158
1329
1151
1280
1173
1265
1258
1278
1318
1233
1362
1234
1398
1223
1378
1239
1348
1228
1284
1222
1230
1313
1175
1287
1142
1295
1172
1301
1224
1251
1282
1213
1345
1200
1368
1232
1371
1202
1347
1232
1295
1256
1248
1233
1200
1401
1156
1355
1157
1345
1191
1322
1229
1239
1295
1205
1341
1209
1344
1190
1356
1194
1337
1248
1284
1303
1232
1353
1174
1398
1165
1351
1168
1323
1201
1194
1259
1112
1311
1109
1352
1108
1381
1119
1357
1198
1323
1280
1251
1407
1201
1405
1160
1316
1171
1298
1129
1248
1214
1100
1286
1056
1336
1075
1374
1127
1367
1205
1338
1280
1288
1385
1231
1400
1189
1400
1180
1341
1175
1182
1235
1049
1256
991
1327
1029
1368
1065
1388
1112
1369
1225
1314
1314
1259
1426
1202
1473
1175
1418
1160
1336
1189
1213
1223
1081
1292
1020
1354
1025
1369
1096
1382
1193
1334
1324
1288
1417
1245
1489
1198
1506
1163
1397
1171
1278
1203
1123
1250
1039
1340
1068
1396
1077
1389
1203
1368
1265
1298
1411
1281
1458
1197
1513
1183
1478
1172
1358
1182
1213
1234
1092
1303
1046
1364
977
1415
1086
1403
1234
1343
1311
1304
1485
1239
1510
1193
1491
1159
1433
1163
1332
1190
1169
1269
1054
1323
1029
1365
1073
1389
1082
1373
1289
1319
1444
1254
1455
1226
1473
1156
1451
1149
1372
1143
1224
1210
1120
1275
1054
1345
1026
1382
1084
1387
1194
1355
1207
1318
1400
1236
1487
1175
1489
1147
1413
1138
1298
1195
1164
1250
1071
1330
997
1383
1010
1395
1112
1371
1221
1297
1416
1240
1462
1155
1470
1118
1438
1123
1370
1162
1248
1214
1122
1290
1027
1373
976
1404
1000
1393
1088
1342
1216
1268
1354
1201
1401
1155
1486
1131
1446
1153
1351
1212
1219
1293
1083
1336
991
1406
930
1429
987
1381
1073
1304
1273
1215
1426
1153
1522
1119
1529
1132
1510
1182
1336
1259
1169
1346
1036
1406
949
1425
933
1395
1038
1325
1185
1228
1348
1161
1473
1118
1505
1126
1555
1190
1446
1251
1288
1332
1145
1403
991
1423
938
1394
964
1353
1050
1266
1183
1188
1355
1137
1509
1136
1579
1166
1442
1263
1384
1325
1236
1390
1073
1422
946
1412
898
1361
948
1280
1116
1220
1286
1155
1494
1123
1584
1158
1592
1216
1522
1279
1386
1352
1163
1389
1007
1403
903
1366
901
1301
997
1230
1193
1162
1364
1147
1529
1144
1616
1194
1565
1260
1476
1322
1291
1380
1129
1425
943
1376
834
1329
883
1264
1035
1209
1181
1164
1391
1164
1572
1181
1647
1246
1576
1314
1463
1362
1246
1415
970
1384
863
1352
836
1305
916
1241
1105
1176
1299
1176
1575
1179
1637
1219
1678
1268
1541
1308
1397
1334
1098
1356
993
1356
853
1310
846
1273
1033
1227
1185
1193
1436
1149
1625
1198
1687
1218
1620
1264
1477
1300
1236
1343
1030
1346
823
1335
851
1313
881
1270
1078
1211
1324
1189
1505
1222
1646
1212
1642
1246
1531
1290
1391
1326
1162
1341
970
1354
852
1330
922
1273
996
1250
1199
1205
1393
1182
1521
1174
1662
1196
1623
1238
1513
1281
1273
1316
1081
1339
934
1356
865
1326
980
1268
1151
1220
1284
1190
1473
1172
1596
1180
1624
1205
1519
1245
1340
1301
1164
1348
1005
1366
925
1374
958
1341
1069
1302
1144
1215
1344
1185
1504
1164
1543
1182
1525
1224
1394
1282
1276
1329
1121
1376
993
1412
949
1362
981
1319
1181
1218
1203
1210
1357
1156
1515
1159
1536
1191
1468
1253
1340
1292
1219
1346
1078
1394
944
1377
1030
1348
1044
1297
1119
1241
1263
1189
1362
1157
1484
1181
1467
1220
1435
1271
1300
1329
1182
1364
1101
1380
1059
1385
1063
1319
1074
1274
1182
1221
1315
1184
1429
1171
1468
1217
1463
1235
1392
1295
1351
1335
1208
1373
1144
1353
1091
1352
1094
1306
1108
1256
1251
1197
1362
1176
1445
1213
1508
1209
1431
1251
1396
1299
1308
1339
1200
1350
1143
1359
1099
1309
1120
1285
1190
1240
1272
1205
1395
1187
1417
1188
1463
1199
1496
1247
1337
1259
1228
1334
1133
1359
1098
1356
1063
1331
1157
1284
1213
1249
1330
1205
1423
1193
1442
1211
1399
1238
1357
1255
1257
1297
1176
1328
1124
1343
1119
1343
1124
1314
1208
1276
1294
1234
1363
1191
1409
1180
1415
1187
1489
1195
1359
1262
1197
1298
1161
1329
1095
1383
1087
1352
1109
1311
1200
1270
1340
1222
1409
1182
1420
1172
1401
1183
1347
1217
1169
1267
1100
1307
1097
1348
1084
1361
1104
1358
1169
1321
1261
1269
1371
1213
1450
1177
1383
1177
1360
1187
1259
1221
1135
1274
1142
1325
1087
1364
1094
1394
1150
1352
1220
1304
1317
1242
1388
1205
1427
1165
1385
1176
1334
1202
1250
1253
1171
1309
1134
1354
1062
1391
1137
1380
1173
1328
1227
1292
1358
1221
1395
1189
1396
1206
1369
1187
1283
1223
1244
1277
1160
1334
1202
1367
1141
1376
1159
1364
1237
1319
1275
1261
1362
1185
1394
1183
1336
1157
1390
1197
1329
1242
1249
1298
1198
1349
1199
1369
1143
1371
1110
1334
1153
1277
1220
1226
1314
1194
1386
1180
1404
1210
1404
1223
1299
1271
1277
1315
1183
1348
1115
1316
1022
1334
1119
1286
1116
1249
1225
1205
1308
1189
1408
1192
1449
1218
1436
1266
1403
1304
1281
1338
1162
1352
1037
1385
1015
1320
1020
1266
1108
1227
1236
1203
1380
1167
1474
1212
1504
1250
1448
1291
1342
1322
1228
1349
1112
1332
991
1341
1045
1294
1072
1240
1144
1193
1328
1190
1432
1202
1522
1238
1493
1263
1443
1296
1280
1330
1190
1328
1079
1320
998
1303
945
1280
1066
1207
1210
1209
1333
1221
1449
1233
1509
1266
1471
1266
1399
1318
1261
1331
1150
1322
1046
1295
987
1267
1024
1226
1062
1217
1265
1204
1368
1213
1423
1255
1466
1252
1387
1281
1322
1318
1215
1315
1090
1300
1045
1285
1040
1262
1073
1227
1145
1197
1205
1203
1375
1187
1361
1226
1372
1257
1355
1289
1295
1300
1233
1331
1156
1312
1124
1292
1080
1243
1122
1217
1150
1208
1236
1201
1323
1215
1312
1270
1344
1281
1348
1318
1300
1330
1256
1338
1228
1318
1166
1294
1128
1256
1139
1224
1152
1205
1232
1199
1241
1211
1329
1233
1302
1283
1320
1326
1319
1339
1286
1345
1248
1349
1215
1302
1171
1241
1135
1205
1156
1183
1154
1173
1107
1215
1191
1260
1257
1312
1328
1352
1342
1367
1346
1354
1317
1316
1291
1265
1199
1209
1174
1162
1125
1161
1110
1179
1232
1214
1192
1292
1254
1331
1314
1368
1390
1380
1418
1359
1381
1333
1324
1256
1228
1209
1196
1171
1115
1153
1086
1176
1119
1237
1145
1289
1261
1336
1327
1375
1422
1353
1455
1352
1427
1291
1320
1240
1291
1182
1177
1147
1107
1156
1053
1188
1152
1275
1135
1317
1234
1371
1388
1391
1464
1377
1512
1340
1473
1271
1366
1201
1268
1157
1136
1142
1043
1170
971
1220
1023
1287
1135
1341
1253
1320
1412
1371
1470
1351
1497
1298
1481
1230
1357
1182
1233
1155
1095
1150
1018
1177
974
1273
914
1316
1156
1350
1296
1372
1403
1369
1473
1333
1504
1288
1442
1222
1307
1182
1163
1152
1041
1163
981
1200
981
1253
1037
1305
1201
1372
1316
1386
1452
1367
1464
1326
1442
1267
1344
1204
1198
1165
1083
1157
1000
1157
958
1220
1005
1290
1035
1367
1162
1372
1359
1374
1435
1346
1422
1291
1407
1239
1302
1173
1183
1111
1062
1176
985
1210
1032
1271
1083
1315
1204
1353
1379
1367
1412
1363
1443
1328
1401
1308
1311
1227
1206
1187
1163
1162
1073
1169
1064
1215
1133
1272
1218
1325
1378
1366
1389
1377
1400
1362
1421
1312
1326
1252
1245
1198
1189
1161
1113
1151
1080
1174
1135
1239
1190
1305
1255
1353
1379
1367
1469
1382
1399
1317
1344
1270
1273
1217
1198
1180
1130
1148
1127
1185
1141
1243
1192
1275
1267
1323
1318
1358
1367
1303
1385
1337
1407
1323
1290
1248
1191
1214
1153
1184
1127
1184
1132
1198
1172
1244
1175
1326
1286
1337
1298
1367
1336
1367
1347
1327
1253
1291
1341
1248
1233
1199
1168
1184
1161
1190
1147
1222
1165
1253
1189
1306
1237
1340
1306
1365
1321
1329
1333
1294
1332
1250
1355
1216
1281
1196
1213
1199
1150
1224
1129
1249
1113
1290
1126
1333
1161
1338
1226
1326
1310
1302
1361
1271
1331
1266
1368
1230
1317
1222
1258
1170
1151
1247
1072
1256
1061
1278
1059
1297
1128
1317
1220
1295
1314
1278
1420
1261
1376
1283
1455
1242
1309
1240
1202
1239
1126
1243
1047
1254
1019
1283
1062
1310
1153
1289
1275
1282
1383
1265
1457
1250
1489
1236
1467
1208
1358
1232
1223
1242
1124
1262
1019
1276
1006
1289
1060
1293
1151
1284
1236
1256
1382
1258
1467
1275
1498
1266
1482
1267
1335
1264
1199
1274
1096
1276
1041
1274
1047
1278
1091
1274
1202
1210
1282
1269
1354
1264
1415
1256
1332
1259
1400
1261
1306
1245
1220
1245
1190
1267
1088
1310
1103
1280
1126
1304
1170
1300
1267
1288
1308
1255
1332
1247
1354
1255
1302
1235
1237
1248
1239
1268
1157
1295
1143
1297
1128
1311
1197
1300
1158
1283
1216
1264
1235
1242
1291
1236
1301
1231
1334
1236
1333
1253
1269
1265
1250
1293
1207
1333
1185
1310
1145
1304
1131
1290
1163
1266
1170
1247
1266
1231
1327
1218
1346
1179
1360
1238
1323
1271
1344
1321
1224
1332
1182
1332
1207
1326
1127
1301
1160
1272
1190
1257
1264
1228
1344
1223
1398
1230
1407
1263
1369
1287
1387
1315
1263
1322
1182
1334
1098
1319
1169
1281
1146
1261
1194
1237
1278
1226
1374
1230
1407
1234
1402
1255
1329
1280
1253
1300
1217
1312
1152
1333
1090
1298
1083
1266
1143
1244
1212
1247
1283
1229
1358
1214
1393
1222
1368
1239
1309
1280
1269
1293
1201
1294
1067
1257
1132
1299
1103
1279
1156
1259
1194
1242
1297
1225
1385
1222
1422
1232
1392
1255
1336
1276
1278
1293
1177
1302
1110
1283
1007
1277
1110
1253
1130
1254
1195
1257
1282
1253
1345
1257
1405
1262
1355
1270
1279
1277
1214
1284
1175
1286
1158
1270
1189
1263
1054
1275
1127
1276
1170
1276
1287
1262
1341
1263
1349
1259
1367
1262
1336
1275
1247
1268
1180
1266
1220
1246
1030
1268
1065
1269
1109
1276
1256
1276
1308
1225
1366
1266
1414
1278
1385
1279
1325
1268
1271
1254
1209
1253
1126
1241
1107
1239
1072
1255
1129
1275
1196
1291
1293
1297
1357
1299
1406
1295
1387
1273
1298
1264
1252
1265
1194
1239
1150
1248
1109
1264
1132
1273
1211
1296
1257
1307
1325
1294
1374
1284
1366
1269
1348
1264
1282
1240
1262
1231
1185
1243
1136
1240
1121
1271
1109
1291
1260
1288
1261
1303
1301
1304
1326
1293
1326
1277
1294
1263
1244
1271
1215
1197
1170
1237
1154
1247
1159
1268
1165
1285
1230
1305
1259
1317
1339
1299
1341
1287
1303
1240
1255
1266
1203
1239
1173
1233
1172
1252
1154
1270
1185
1302
1229
1313
1230
1331
1288
1314
1327
1292
1302
1273
1255
1240
1245
1221
1228
1229
1201
1233
1169
1258
1162
1275
1165
1296
1188
1328
1326
1289
1369
1287
1332
1270
1387
1258
1341
1256
1277
1241
1222
1266
1181
1252
1096
1264
1072
1270
1105
1288
1126
1296
1217
1253
1348
1270
1318
1257
1406
1245
1361
1231
1355
1218
1297
1227
1179
1215
1117
1264
1009
1256
1019
1295
1061
1299
1171
1294
1296
1276
1371
1249
1501
1235
1495
1238
1458
1231
1334
1241
1195
1278
1082
1278
968
1281
920
1289
980
1292
1126
1274
1270
1245
1433
1256
1522
1247
1550
1242
1494
1241
1368
1247
1180
1252
999
1281
872
1281
865
1305
933
1316
1098
1296
1309
1292
1409
1266
1582
1257
1606
1242
1538
1233
1363
1240
1159
1265
990
1285
844
1310
827
1333
954
1319
1077
1291
1392
1279
1426
1212
1598
1234
1592
1224
1539
1219
1374
1233
1203
1249
1011
1299
919
1310
870
1321
944
1289
1099
1295
1264
1273
1411
1246
1564
1218
1550
1212
1491
1202
1391
1217
1228
1246
1109
1282
1013
1314
995
1340
1053
1348
1127
1327
1262
1294
1361
1249
1437
1213
1472
1187
1430
1190
1336
1203
1220
1239
1190
1283
1114
1331
1071
1337
1118
1328
1129
1316
1227
1289
1257
1251
1292
1224
1356
1208
1353
1207
1335
1231
1275
1221
1250
1285
1176
1311
1159
1317
1102
1314
1161
1284
1184
1267
1194
1254
1228
1227
1207
1232
1285
1220
1300
1228
1301
1265
1252
1268
1255
1291
1219
1296
1140
1305
1169
1292
1176
1271
1147
1259
1191
1239
1129
1261
1294
1226
1262
1242
1256
1245
1294
1266
1252
1255
1242
1269
1231
1271
1186
1266
1189
1262
1172
1270
1190
1274
1202
1284
1272
1275
1263
1310
1236
1271
1242
1247
1264
1230
1262
1220
1256
1232
1280
1206
1247
1263
1196
1288
1217
1304
1192
1313
1169
1303
1133
1295
1180
1284
1172
1254
1245
1229
1246
1236
1267
1240
1279
1246
1297
1264
1264
1285
1243
1293
1215
1303
1158
1307
1149
1303
1130
1274
1133
1263
1194
1233
1227
1201
1301
1193
1338
1185
1421
1211
1368
1248
1317
1274
1244
1308
1130
1318
1105
1332
1030
1316
1127
1276
1109
1251
1179
1218
1261
1201
1368
1200
1415
1214
1431
1249
1403
1253
1306
1283
1189
1274
1102
1318
949
1345
1010
1318
1069
1281
1119
1247
1240
1233
1359
1211
1443
1208
1483
1216
1486
1245
1367
1278
1234
1320
1108
1351
1039
1370
1017
1354
1013
1310
1101
1267
1227
1224
1330
1190
1456
1170
1544
1181
1520
1212
1468
1270
1323
1297
1205
1344
1057
1366
1019
1348
975
1317
1005
1261
1177
1236
1300
1209
1420
1187
1504
1181
1493
1226
1478
1242
1337
1277
1210
1303
1095
1327
1022
1323
938
1322
1090
1273
1131
1263
1207
1233
1335
1202
1416
1203
1430
1192
1414
1235
1354
1263
1233
1299
1159
1317
1081
1296
1056
1301
1150
1271
1100
1266
1209
1243
1272
1221
1351
1230
1335
1247
1309
1255
1249
1263
1180
1276
1159
1278
1140
1268
1135
1269
1153
1267
1131
1302
1223
1293
1279
1294
1293
1285
1236
1270
1263
1251
1218
1241
1205
1224
1209
1219
1190
1240
1231
1271
1196
1291
1371
1313
1317
1325
1335
1316
1287
1305
1233
1273
1182
1251
1084
1239
1111
1218
1166
1216
1198
1229
1274
1257
1278
1281
1438
1307
1391
1330
1375
1335
1316
1326
1206
1300
1134
1277
1086
1231
1108
1186
1088
1191
1178
1203
1274
1240
1338
1274
1355
1329
1393
1355
1400
1348
1322
1339
1220
1290
1088
1265
1068
1226
1018
1189
1030
1205
1131
1226
1250
1253
1340
1292
1422
1319
1472
1324
1457
1314
1367
1307
1237
1287
1110
1265
988
1251
964
1230
1054
1238
1101
1261
1228
1260
1353
1267
1447
1278
1509
1297
1451
1302
1414
1332
1267
1300
1169
1289
1073
1264
1026
1239
1042
1239
1126
1201
1233
1234
1343
1261
1439
1271
1473
1298
1439
1310
1373
1310
1285
1295
1169
1260
1105
1260
1084
1240
1154
1236
1140
1237
1223
1252
1309
1269
1352
1282
1481
1265
1317
1300
1290
1300
1242
1297
1229
1295
1119
1282
1106
1258
1142
1252
1134
1241
1204
1234
1238
1259
1302
1265
1313
1283
1250
1338
1180
1317
1190
1306
1207
1280
1208
1255
1179
1227
1209
1218
1235
1215
1265
1244
1264
1272
1263
1293
1237
1318
1214
1316
1133
1309
1126
1310
1204
1256
1187
1240
1256
1230
1258
1230
1258
1220
1274
1257
1223
1276
1232
1279
1241
1280
1195
1281
1194
1274
1094
1285
1241
1254
1234
1249
1248
1244
1284
1248
1281
1252
1266
1275
1261
1279
1241
1294
1213
1300
1187
1295
1174
1288
1154
1289
1202
1254
1276
1242
1251
1279
1243
1242
1279
1247
1269
1269
1258
1305
1243
1292
1202
1298
1195
1295
1207
1270
1216
1255
1230
1254
1312
1239
1285
1246
1236
1273
1258
1283
1220
1283
1214
1288
1198
1289
1200
1270
1191
1265
1202
1259
1204
1265
1218
1256
1244
1274
1210
1291
1197
1275
1227
1270
1241
1261
1214
1261
1192
1267
1204
1271
1213
1273
1225
1287
1249
1278
1275
1276
1316
1264
1367
1261
1298
1250
1266
1243
1239
1248
1234
1260
1186
1308
1178
1272
1171
1276
1218
1277
1248
1282
1300
1277
1321
1281
1341
1268
1345
1281
1280
1271
1230
1264
1200
1252
1155
1244
1166
1249
1174
1259
1238
1255
1248
1281
1285
1289
1307
1286
1308
1283
1322
1255
1279
1246
1276
1219
1225
1230
1178
1252
1152
1254
1141
1273
1166
1280
1227
1280
1254
1261
1276
1253
1321
1223
1330
1248
1300
1281
1273
1263
1265
1270
1158
1274
1158
1275
1145
1244
1186
1254
1238
1247
1229
1291
1295
1253
1307
1260
1300
1269
1234
1283
1218
1289
1231
1282
1231
1269
1160
1276
1164
1264
1174
1272
1192
1257
1181
1271
1217
1254
1271
1250
1289
1245
1292
1252
1184
1292
1242
1268
1193
1278
1183
1280
1186
1285
1135
1261
1157
1223
1192
1261
1250
1245
1223
1250
1306
1252
1315
1267
1293
1261
1166
1308
1258
1280
1174
1275
1130
1267
1153
1258
1151
1259
1164
1273
1217
1270
1242
1279
1298
1276
1305
1281
1277
1318
1274
1266
1195
1258
1276
1256
1168
1261
1165
1259
1162
1278
1161
1288
1231
1277
1235
1278
1265
1268
1313
1255
1301
1241
1365
1235
1282
1242
1234
1238
1217
1252
1148
1262
1147
1270
1144
1273
1182
1273
1233
1280
1291
1276
1315
1282
1301
1297
1312
1263
1332
1255
1248
1236
1203
1231
1215
1229
1161
1252
1170
1286
1184
1300
1205
1310
1242
1342
1251
1308
1269
1280
1301
1264
1314
1244
1319
1250
1257
1231
1235
1277
1188
1260
1141
1271
1175
1275
1182
1281
1254
1275
1270
1280
1289
1285
1303
1280
1302
1273
1207
1278
1248
1254
1196
1239
1172
1235
1184
1237
1178
1226
1191
1254
1218
1281
1239
1302
1251
1312
1274
1298
1287
1273
1320
1246
1314
1223
1208
1236
1193
1218
1141
1226
1185
1240
1159
1261
1207
1266
1233
1286
1283
1277
1282
1285
1289
1273
1257
1269
1227
1262
1126
1257
1184
1253
1184
1247
1160
1237
1194
1248
1204
1269
1265
1278
1285
1300
1335
1299
1315
1306
1299
1279
1249
1263
1192
1250
1101
1234
1161
1233
1152
1237
1204
1261
1211
1286
1266
1311
1320
1301
1353
1301
1359
1293
1309
1270
1296
1242
1206
1238
1155
1223
1169
1241
1109
1248
1142
1284
1153
1316
1223
1309
1270
1307
1336
1299
1359
1284
1343
1269
1297
1264
1265
1254
1175
1243
1125
1250
1102
1261
1118
1272
1133
1291
1181
1301
1297
1313
1297
1307
1332
1299
1320
1253
1299
1247
1233
1229
1209
1219
1141
1252
1134
1239
1136
1275
1144
1302
1173
1312
1224
1315
1273
1298
1318
1276
1325
1249
1339
1253
1306
1230
1258
1219
1217
1249
1156
1269
1132
1284
1104
1289
1140
1284
1197
1288
1240
1284
1288
1272
1300
1272
1282
1270
1292
1263
1266
1258
1238
1258
1217
1255
1165
1271
1174
1278
1179
1287
1204
1286
1193
1293
1232
1292
1243
1280
1264
1262
1306
1259
1300
1246
1303
1256
1271
1226
1253
1271
1204
1284
1203
1283
1193
1274
1196
1255
1210
1261
1227
1271
1257
1257
1284
1267
1307
1277
1311
1285
1286
1288
1280
1280
1261
1267
1244
1242
1219
1239
1210
1234
1213
1242
1182
1255
1218
1260
1268
1269
1265
1272
1290
1273
1297
1260
1291
1264
1272
1267
1265
1265
1266
1268
1214
1265
1204
1239
1196
1261
1208
1249
1205
1246
1252
1240
1266
1251
1271
1259
1275
1275
1306
1281
1253
1286
1258
1277
1258
1224
1223
1266
1203
1250
1221
1256
1227
1264
1214
1262
1228
1272
1235
1284
1236
1264
1243
1266
1246
1257
1238
1273
1224
1285
1214
1287
1205
1291
1199
1270
1192
1280
1185
1249
1189
1251
1192
1245
1210
1245
1249
1263
1236
1263
1245
1279
1223
1282
1228
1291
1248
1285
1218
1268
1227
1245
1223
1249
1238
1262
1229
1271
1244
1274
1239
1277
1230
1272
1234
1272
1226
1259
1233
1260
1278
1280
1269
1269
1290
1278
1281
1235
1293
1289
1268
1285
1280
1271
1284
1258
1251
1258
1237
1254
1216
1265
1216
1277
1208
1284
1230
1260
1255
1283
1273
1273
1272
1275
1319
1263
1293
1255
1292
1268
1253
1268
1218
1266
1163
1263
1169
1254
1214
1252
1220
1240
1278
1255
1300
1260
1329
1288
1327
1301
1325
1297
1279
1298
1236
1267
1204
1248
1181
1237
1162
1228
1185
1227
1210
1246
1248
1287
1278
1287
1335
1295
1331
1294
1311
1278
1285
1264
1225
1205
1194
1246
1146
1248
1177
1246
1185
1252
1221
1234
1268
1258
1306
1260
1341
1247
1345
1264
1312
1274
1264
1281
1206
1283
1164
1285
1146
1280
1148
1245
1185
1250
1226
1273
1284
1255
1301
1263
1334
1264
1359
1277
1303
1266
1257
1273
1198
1241
1156
1258
1135
1256
1153
1256
1185
1276
1235
1280
1276
1287
1322
1295
1341
1273
1337
1262
1296
1226
1259
1237
1185
1264
1145
1269
1117
1285
1125
1292
1148
1297
1189
1264
1258
1273
1287
1250
1360
1239
1368
1235
1338
1235
1282
1263
1224
1276
1161
1290
1127
1291
1126
1287
1146
1275
1171
1263
1243
1248
1299
1259
1334
1242
1366
1251
1332
1239
1301
1278
1220
1251
1193
1248
1172
1257
1123
1262
1126
1259
1141
1258
1176
1281
1197
1276
1278
1252
1315
1238
1332
1230
1329
1232
1298
1242
1252
1268
1211
1286
1165
1298
1142
1300
1129
1288
1162
1293
1178
1264
1264
1250
1298
1250
1304
1249
1312
1281
1280
1271
1265
1279
1246
1275
1207
1262
1208
1265
1180
1265
1186
1257
1226
1285
1229
1270
1248
1291
1266
1284
1292
1274
1307
1267
1289
1249
1283
1253
1252
1262
1234
1267
1190
1283
1193
1282
1217
1269
1233
1263
1244
1260
1271
1238
1295
1257
1285
1268
1285
1273
1278
1278
1275
1276
1226
1275
1219
1268
1222
1258
1235
1259
1256
1256
1274
1273
1264
1275
1257
1282
1226
1274
1243
1285
1228
1253
1218
1258
1274
1250
1210
1239
1251
1245
1286
1280
1273
1272
1292
1268
1274
1249
1257
1248
1228
1244
1218
1238
1196
1259
1177
1268
1185
1286
1221
1294
1219
1290
1262
1266
1283
1262
1289
1247
1260
1242
1261
1246
1231
1257
1206
1267
1191
1285
1166
1288
1173
1288
1185
1283
1233
1263
1259
1260
1274
1249
1288
1257
1269
1260
1249
1266
1227
1260
1205
1268
1189
1266
1183
1263
1216
1264
1170
1282
1236
1281
1258
1284
1255
1306
1263
1277
1247
1267
1255
1249
1271
1247
1265
1241
1259
1275
1245
1273
1241
1299
1231
1298
1225
1296
1233
1265
1223
1261
1244
1263
1265
1267
1276
1265
1284
1277
1281
1285
1285
1292
1251
1276
1247
1265
1227
1256
1226
1247
1224
1258
1218
1233
1217
1294
1212
1302
1219
1294
1275
1283
1279
1273
1285
1252
1315
1240
1291
1250
1264
1256
1248
1281
1234
1267
1201
1294
1204
1271
1175
1282
1239
1263
1273
1259
1276
1286
1287
1268
1271
1274
1288
1284
1280
1293
1264
1278
1262
1278
1256
1255
1246
1269
1251
1261
1260
1271
1245
1278
1215
1278
1242
1274
1236
1293
1243
1270
1274
1272
1277
1270
1282
1283
1264
1286
1275
1282
1242
1278
1247
1259
1237
1252
1213
1238
1209
1255
1208
1265
1220
1279
1246
1284
1260
1297
1266
1298
1274
1282
1276
1262
1277
1246
1248
1240
1234
1241
1211
1259
1197
1273
1146
1309
1213
1292
1236
1293
1231
1305
1257
1260
1254
1252
1275
1241
1276
1241
1263
1256
1241
1276
1214
1276
1211
1280
1207
1277
1236
1262
1243
1239
1231
1249
1262
1261
1266
1266
1270
1246
1231
1279
1239
1274
1241
1275
1223
1270
1239
1265
1231
1267
1256
1278
1244
1271
1229
1278
1239
1264
1201
1261
1213
1262
1234
1249
1242
1256
1250
1271
1286
1302
1286
1296
1310
1296
1289
1287
1266
1273
1245
1254
1236
1220
1224
1241
1221
1240
1229
1247
1224
1322
1230
1303
1208
1308
1278
1289
1290
1279
1290
1257
1298
1267
1270
1259
1246
1267
1209
1278
1225
1280
1176
1279
1166
1254
1204
1265
1237
1263
1269
1242
1300
1251
1290
1276
1283
1289
1257
1285
1227
1274
1184
1265
1195
1244
1212
1243
1200
1265
1222
1255
1239
1279
1266
1285
1275
1291
1295
1278
1291
1274
1280
1256
1266
1252
1243
1249
1222
1250
1204
1263
1199
1263
1195
1249
1200
1280
1249
1265
1286
1257
1294
1294
1308
1262
1273
1289
1264
1267
1240
1272
1215
1253
1187
1255
1186
1240
1205
1240
1224
1251
1276
1270
1311
1278
1294
1282
1309
1292
1295
1283
1266
1236
1240
1256
1206
1247
1232
1263
1177
1262
1205
1248
1214
1288
1254
1288
1298
1288
1307
1300
1314
1267
1308
1256
1311
1242
1279
1273
1245
1257
1216
1275
1206
1284
1190
1291
1204
1279
1237
1266
1269
1256
1295
1249
1312
1244
1291
1256
1291
1261
1281
1268
1226
1328
1200
1271
1160
1266
1206
1254
1189
1251
1218
1244
1251
1252
1260
1257
1245
1281
1293
1265
1271
1260
1266
1257
1247
1258
1218
1271
1199
1272
1182
1255
1206
1274
1171
1275
1190
1247
1201
1251
1250
1235
1243
1241
1301
1244
1293
1262
1255
1298
1216
1291
1172
1283
1164
1275
1161
1256
1183
1233
1214
1234
1264
1223
1304
1247
1316
1266
1308
1285
1297
1286
1248
1292
1212
1275
1186
1266
1224
1244
1207
1250
1215
1288
1245
1259
1238
1261
1278
1263
1279
1262
1279
1249
1279
1257
1262
1257
1245
1267
1230
1271
1231
1280
1239
1284
1203
1279
1226
1273
1245
1259
1249
1226
1272
1251
1268
1255
1281
1267
1232
1274
1249
1272
1220
1275
1242
1254
1255
1254
1262
1268
1250
1254
1236
1269
1246
1270
1237
1277
1210
1274
1224
1272
1221
1255
1230
1253
1255
1248
1253
1261
1258
1265
1244
1268
1231
1276
1207
1279
1206
1268
1220
1257
1210
1274
1232
1246
1229
1244
1256
1256
1253
1267
1256
1266
1242
1273
1220
1273
1209
1255
1196
1244
1209
1238
1235
1234
1242
1246
1246
1257
1255
1268
1266
1270
1255
1271
1243
1263
1243
1258
1224
1255
1227
1251
1216
1253
1228
1252
1241
1261
1218
1289
1225
1257
1221
1256
1236
1245
1266
1249
1269
1262
1272
1272
1262
1293
1247
1283
1231
1275
1225
1269
1222
1255
1206
1244
1227
1245
1268
1250
1249
1254
1261
1274
1255
1269
1272
1272
1231
1268
1251
1253
1250
1250
1256
1228
1263
1247
1247
1264
1233
1263
1210
1264
1214
1269
1211
1266
1202
1261
1238
1252
1258
1249
1275
1251
1286
1268
1267
1271
1226
1272
1202
1266
1190
1254
1182
1244
1196
1229
1231
1250
1231
1291
1253
1271
1264
1282
1271
1277
1259
1274
1244
1256
1216
1262
1215
1244
1214
1248
1215
1246
1230
1278
1240
1267
1262
1274
1241
1275
1271
1270
1252
1262
1245
1243
1220
1252
1225
1256
1194
1258
1211
1262
1211
1264
1232
1251
1238
1255
1246
1257
1261
1248
1255
1258
1249
1263
1243
1269
1182
1275
1207
1275
1217
1265
1225
1237
1250
1247
1268
1248
1292
1254
1265
1262
1268
1267
1250
1275
1228
1270
1221
1265
1218
1283
1232
1286
1241
1261
1296
1253
1313
1265
1319
1270
1302
1270
1280
1268
1230
1269
1201
1259
1176
1269
1185
1270
1183
1273
1221
1274
1295
1295
1277
1267
1295
1261
1273
1251
1265
1247
1224
1231
1222
1247
1201
1264
1208
1271
1218
1285
1216
1304
1232
1286
1252
1270
1272
1272
1277
1247
1253
1239
1308
1244
1263
1252
1263
1246
1235
1247
1208
1262
1212
1270
1206
1263
1233
1256
1257
1260
1283
1252
1281
1285
1261
1277
1257
1262
1248
1256
1222
1244
1215
1222
1206
1242
1222
1249
1214
1263
1247
1266
1241
1274
1236
1278
1233
1274
1212
1264
1217
1259
1268
1273
1247
1250
1250
1257
1239
1250
1234
1267
1193
1257
1190
1258
1202
1254
1209
1244
1228
1254
1243
1276
1268
1271
1274
1257
1278
1270
1263
1269
1209
1261
1220
1259
1194
1250
1209
1241
1219
1259
1236
1260
1249
1300
1239
1282
1262
1275
1283
1265
1244
1252
1258
1249
1241
1254
1238
1250
1232
1255
1244
1267
1249
1273
1237
1274
1270
1272
1268
1282
1278
1262
1281
1259
1275
1264
1264
1272
1241
1268
1235
1271
1233
1270
1226
1251
1236
1254
1235
1247
1247
1252
1243
1254
1267
1258
1270
1265
1263
1286
1251
1268
1232
1279
1228
1269
1231
1265
1235
1260
1242
1258
1239
1260
1249
1260
1242
1257
1246
1220
1236
1250
1242
1250
1258
1255
1254
1271
1262
1277
1303
1284
1264
1279
1253
1287
1219
1251
1213
1252
1191
1243
1218
1242
1218
1246
1248
1278
1271
1271
1274
1290
1272
1285
1266
1279
1237
1267
1219
1258
1198
1252
1193
1235
1208
1244
1219
1248
1234
1255
1240
1263
1250
1270
1224
1263
1245
1252
1266
1242
1251
1245
1256
1259
1246
1266
1241
1261
1212
1266
1235
1261
1227
1264
1213
1252
1250
1260
1259
1265
1262
1226
1273
1260
1252
1262
1248
1257
1245
1253
1239
1248
1274
1251
1255
1255
1279
1260
1257
1242
1262
1276
1245
1272
1233
1278
1219
1254
1223
1242
1240
1245
1245
1265
1266
1249
1273
1281
1270
1289
1237
1282
1244
1274
1210
1261
1211
1249
1211
1237
1208
1262
1228
1252
1265
1267
1266
1287
1270
1288
1281
1310
1254
1271
1235
1272
1180
1257
1197
1254
1187
1247
1200
1254
1205
1258
1188
1264
1233
1268
1250
1276
1241
1215
1253
1266
1240
1257
1234
1263
1187
1278
1188
1253
1228
1254
1178
1244
1201
1248
1209
1216
1238
1246
1238
1263
1267
1264
1271
1270
1253
1262
1222
1262
1207
1255
1183
1243
1174
1237
1193
1244
1210
1257
1227
1263
1249
1272
1261
1283
1274
1264
1279
1253
1246
1242
1238
1257
1194
1246
1216
1241
1224
1254
1206
1256
1223
1268
1226
1279
1236
1272
1250
1261
1267
1256
1273
1246
1255
1253
1259
1257
1248
1267
1224
1211
1212
1270
1192
1270
1201
1247
1195
1261
1226
1280
1274
1259
1281
1260
1320
1263
1271
1228
1258
1271
1236
1259
1229
1259
1214
1262
1234
1257
1238
1260
1247
1278
1254
1273
1258
1270
1255
1272
1263
1270
1259
1265
1260
1269
1263
1266
1274
1266
1266
1271
1235
1272
1250
1271
1211
1266
1227
1259
1256
1259
1243
1262
1249
1271
1259
1270
1270
1283
1261
1284
1256
1287
1257
1266
1222
1248
1231
1246
1236
1247
1233
1188
1238
1260
1231
1269
1229
1280
1211
1279
1224
1266
1247
1269
1237
1248
1275
1250
1254
1214
1252
1261
1238
1276
1246
1273
1232
1284
1213
1267
1214
1267
1224
1273
1228
1257
1241
1259
1256
1273
1257
1281
1232
1280
1244
1282
1236
1285
1225
1265
1228
1256
1219
1262
1219
1261
1204
1270
1226
1267
1245
1275
1250
1267
1242
1256
1233
1259
1247
1272
1254
1272
1260
1271
1259
1271
1248
1266
1242
1269
1224
1274
1226
1244
1233
1263
1205
1269
1242
1262
1240
1280
1262
1278
1277
1279
1275
1271
1272
1273
1242
1237
1241
1264
1227
1270
1242
1270
1250
1259
1254
1282
1254
1291
1246
1287
1272
1280
1260
1270
1268
1277
1268
1265
1254
1258
1253
1273
1261
1281
1251
1280
1243
1281
1220
1287
1243
1270
1221
1266
1242
1257
1282
1258
1272
1254
1284
1274
1276
1267
1267
1289
1248
1291
1248
1273
1235
1275
1216
1269
1228
1269
1238
1273
1235
1256
1230
1272
1250
1276
1248
1297
1241
1270
1266
1262
1265
1267
1266
1256
1273
1251
1244
1241
1232
1268
1173
1272
1210
1265
1216
1268
1230
1261
1242
1269
1269
1282
1279
1276
1282
1270
1283
1266
1244
1256
1218
1257
1202
1244
1199
1251
1202
1248
1238
1270
1237
1281
1258
1286
1254
1295
1281
1291
1286
1259
1268
1237
1273
1238
1246
1226
1232
1238
1219
1268
1227
1276
1235
1281
1232
1274
1254
1288
1276
1266
1297
1254
1290
1260
1275
1257
1280
1269
1254
1251
1243
1272
1232
1252
1248
1265
1253
1263
1243
1236
1267
1259
1250
1263
1273
1265
1281
1267
1261
1269
1249
1274
1244
1272
1237
1277
1241
1275
1246
1272
1250
1277
1232
1291
1212
1278
1232
1269
1219
1257
1215
1262
1215
1264
1223
1273
1208
1280
1242
1278
1262
1282
1248
1265
1243
1250
1232
1236
1210
1247
1180
1244
1213
1247
1223
1261
1209
1264
1245
1275
1251
1283
1261
1265
1266
1267
1251
1252
1249
1245
1226
1246
1236
1246
1225
1251
1260
1262
1258
1271
1257
1250
1252
1276
1253
1267
1266
1261
1278
1253
1274
1248
1277
1257
1261
1258
1251
1258
1243
1263
1233
1267
1249
1268
1234
1258
1249
1265
1260
1272
1276
1265
1277
1267
1257
1267
1256
1245
1222
1263
1222
1253
1237
1267
1232
1252
1237
1266
1243
1256
1251
1277
1238
1280
1255
1270
1270
1267
1250
1269
1265
1265
1266
1268
1263
1255
1256
1274
1243
1280
1236
1275
1215
1272
1231
1268
1235
1261
1252
1264
1288
1258
1275
1234
1281
1277
1253
1281
1263
1272
1255
1273
1223
1263
1224
1253
1227
1255
1230
1258
1243
1261
1268
1263
1264
1267
1254
1262
1273
1257
1255
1242
1241
1242
1240
1216
1225
1248
1230
1254
1208
1267
1229
1265
1249
1271
1242
1257
1258
1260
1249
1246
1252
1254
1250
1258
1251
1258
1238
1260
1214
1246
1217
1267
1208
1259
1219
1249
1241
1258
1240
1264
1261
1270
1249
1270
1248
1277
1242
1271
1252
1259
1257
1254
1235
1255
1249
1235
1253
1264
1264
1261
1263
1275
1279
1272
1270
1275
1270
1274
1267
1276
1257
1263
1258
1259
1264
1259
1262
1258
1261
1263
1261
1249
1258
1260
1253
1268
1237
1266
1241
1259
1190
1268
1231
1261
1252
1263
1251
1251
1259
1267
1250
1243
1241
1262
1237
1256
1239
1249
1240
1258
1224
1261
1242
1268
1253
1274
1248
1266
1253
1273
1247
1269
1248
1262
1229
1265
1256
1260
1249
1266
1267
1267
1270
1243
1261
1254
1262
1275
1246
1277
1270
1266
1276
1268
1273
1258
1276
1265
1275
1250
1268
1270
1278
1280
1268
1277
1263
1269
1250
1263
1262
1262
1261
1269
1253
1257
1276
1265
1252
1274
1257
1278
1233
1282
1252
1276
1260
1276
1279
1261
1280
1265
1278
1250
1275
1273
1268
1265
1259
1264
1247
1266
1203
1267
1226
1289
1230
1272
1245
1264
1293
1278
1251
1280
1265
1256
1227
1279
1235
1267
1213
1257
1238
1250
1237
1256
1236
1242
1251
1272
1239
1290
1258
1282
1267
1284
1248
1277
1239
1275
1236
1272
1240
1256
1243
1257
1241
1264
1260
1270
1249
1271
1260
1276
1265
1280
1286
1274
1263
1256
1266
1261
1264
1272
1241
1274
1269
1268
1259
1280
1271
1274
1269
1283
1280
1258
1280
1275
1279
1276
1293
1269
1290
1272
1226
1277
1273
1278
1304
1285
1258
1276
1268
1259
1266
1276
1276
1275
1271
1267
1276
1268
1249
1289
1272
1271
1270
1273
1242
1287
1235
1281
1229
1283
1274
1281
1268
1282
1271
1252
1275
1276
1272
1270
1263
1271
1259
1264
1252
1266
1253
1276
1247
1281
1253
1295
1240
1296
1274
1308
1277
1287
1260
1279
1261
1239
1242
1260
1258
1255
1253
1263
1276
1260
1281
1284
1266
1274
1275
1308
1265
1299
1267
1282
1266
1269
1231
1255
1270
1260
1279
1250
1284
1267
1285
1278
1278
1289
1278
1295
1255
1290
1254
1286
1259
1279
1267
1251
1274
1262
1269
1266
1273
1272
1257
1284
1274
1284
1289
1292
1265
1288
1271
1289
1275
1281
1268
1291
1261
1282
1263
1275
1236
1275
1240
1277
1255
1279
1271
1277
1276
1276
1292
1284
1283
1285
1279
1282
1242
1287
1250
1275
1236
1287
1236
1262
1257
1274
1252
1271
1272
1291
1278
1294
1298
1293
1287
1298
1221
1281
1273
1280
1254
1272
1257
1272
1274
1268
1262
1276
1271
1308
1270
1299
1299
1297
1246
1300
1274
1284
1269
1279
1254
1266
1256
1259
1247
1265
1263
1265
1279
1278
1290
1275
1278
1297
1272
1278
1269
1267
1274
1269
1256
1269
1259
1237
1251
1256
1237
1265
1256
1275
1277
1272
1278
1272
1261
1279
1270
1272
1235
1278
1256
1267
1238
1271
1264
1255
1253
1269
1251
1247
1258
1268
1267
1268
1265
1270
1299
1268
1222
1267
1280
1267
1265
1269
1243
1270
1227
1279
1225
1262
1276
1277
1237
1285
1270
1282
1261
1285
1304
1275
1304
1278
1282
1302
1258
1267
1222
1267
1234
1266
1232
1266
1249
1271
1266
1287
1280
1283
1291
1295
1300
1284
1291
1278
1273
1267
1237
1256
1239
1249
1221
1259
1231
1256
1258
1274
1237
1290
1250
1295
1241
1293
1267
1286
1243
1280
1245
1266
1249
1263
1227
1263
1218
1271
1222
1275
1230
1278
1252
1281
1254
1277
1243
1276
1266
1267
1268
1273
1253
1259
1235
1264
1234
1271
1219
1273
1228
1274
1229
1277
1280
1263
1297
1265
1294
1308
1293
1263
1266
1255
1261
1260
1248
1260
1241
1257
1239
1266
1249
1275
1276
1274
1308
1276
1309
1261
1314
1275
1287
1294
1273
1271
1263
1264
1237
1249
1249
1260
1253
1267
1273
1275
1253
1283
1286
1282
1278
1280
1285
1270
1270
1272
1252
1256
1241
1257
1257
1263
1245
1262
1257
1271
1249
1259
1268
1262
1268
1279
1259
1282
1252
1271
1230
1263
1211
1263
1194
1257
1216
1263
1208
1265
1240
1281
1273
1266
1276
1309
1271
1267
1245
1267
1243
1261
1218
1266
1200
1263
1202
1271
1191
1272
1206
1279
1232
1272
1259
1277
1287
1269
1279
1260
1296
1260
1257
1263
1237
1242
1223
1264
1184
1264
1172
1265
1189
1241
1226
1262
1248
1268
1291
1255
1308
1264
1274
1273
1262
1262
1222
1267
1202
1263
1186
1264
1184
1260
1196
1265
1223
1265
1240
1275
1270
1265
1277
1264
1274
1252
1238
1255
1221
1256
1196
1259
1205
1257
1212
1266
1215
1345
1241
1279
1230
1278
1269
1265
1263
1261
1251
1250
1235
1259
1219
1255
1209
1266
1196
1275
1210
1277
1222
1277
1233
1276
1250
1279
1269
1262
1265
1247
1273
1257
1234
1259
1220
1267
1174
1268
1193
1262
1176
1267
1208
1255
1247
1262
1261
1274
1275
1264
1271
1268
1294
1263
1250
1263
1227
1261
1204
1264
1203
1282
1206
1274
1234
1263
1246
1274
1266
1266
1260
1262
1262
1258
1239
1260
1239
1259
1233
1259
1190
1302
1201
1267
1199
1272
1227
1284
1239
1274
1265
1264
1295
1268
1263
1262
1252
1250
1238
1261
1218
1262
1175
1269
1212
1271
1213
1279
1220
1276
1235
1261
1244
1274
1239
1262
1247
1263
1219
1259
1230
1287
1212
1281
1248
1273
1226
1281
1229
1292
1240
1277
1233
1268
1247
1259
1258
1258
1244
1258
1226
1266
1221
1267
1209
1281
1213
1275
1194
1272
1237
1264
1228
1259
1240
1250
1248
1252
1256
1259
1244
1258
1225
1305
1201
1270
1182
1294
1203
1270
1214
1272
1228
1260
1253
1262
1261
1266
1254
1267
1247
1268
1245
1268
1236
1289
1209
1267
1212
1280
1224
1276
1240
1270
1257
1277
1253
1270
1261
1271
1232
1239
1247
1249
1216
1252
1221
1250
1226
1264
1221
1296
1222
1283
1232
1285
1253
1257
1262
1262
1263
1274
1266
1246
1247
1244
1243
1252
1227
1261
1200
1272
1199
1277
1198
1277
1211
1274
1222
1273
1245
1257
1262
1252
1243
1291
1239
1266
1192
1265
1207
1270
1194
1277
1201
1268
1206
1280
1215
1289
1234
1284
1246
1281
1253
1277
1256
1281
1237
1271
1222
1265
1220
1269
1221
1258
1219
1271
1215
1273
1241
1278
1227
1302
1246
1281
1249
1272
1281
1260
1259
1261
1237
1261
1229
1260
1215
1269
1190
1279
1225
1279
1228
1276
1226
1278
1238
1269
1240
1269
1216
1263
1240
1260
1269
1268
1214
1269
1221
1271
1253
1280
1222
1275
1221
1260
1228
1281
1227
1270
1214
1255
1245
1251
1237
1262
1235
1264
1243
1274
1249
1286
1232
1279
1226
1268
1235
1264
1228
1259
1209
1252
1233
1236
1229
1256
1226
1257
1240
1265
1230
1272
1215
1272
1216
1265
1253
1260
1231
1262
1241
1249
1251
1254
1223
1280
1222
1261
1215
1264
1230
1266
1252
1276
1260
1270
1257
1279
1266
1279
1260
1276
1253
1258
1225
1258
1220
1273
1200
1257
1200
1256
1259
1267
1239
1270
1264
1279
1268
1288
1274
1276
1243
1274
1250
1256
1229
1248
1236
1237
1198
1255
1197
1270
1203
1275
1212
1284
1228
1294
1247
1273
1233
1273
1251
1267
1241
1256
1216
1250
1209
1250
1182
1263
1192
1274
1162
1278
1198
1259
1234
1287
1237
1265
1231
1275
1249
1290
1232
1272
1211
1270
1200
1268
1180
1273
1183
1270
1187
1273
1231
1278
1223
1285
1248
1261
1246
1280
1231
1276
1211
1272
1206
1257
1234
1252
1183
1244
1193
1252
1188
1257
1215
1273
1209
1280
1245
1290
1235
1278
1237
1264
1227
1257
1210
1260
1185
1246
1209
1246
1205
1256
1221
1269
1225
1273
1249
1277
1252
1301
1252
1261
1264
1261
1225
1257
1222
1243
1198
1261
1211
1242
1231
1272
1242
1269
1253
1277
1257
1294
1262
1277
1246
1269
1248
1261
1219
1260
1235
1260
1225
1265
1230
1256
1244
1265
1248
1271
1242
1271
1269
1268
1240
1271
1234
1287
1277
1273
1225
1259
1222
1266
1213
1247
1216
1267
1206
1267
1227
1262
1240
1277
1230
1253
1209
1274
1217
1291
1197
1269
1195
1262
1186
1253
1207
1254
1207
1262
1229
1258
1236
1272
1238
1266
1227
1275
1208
1269
1192
1264
1149
1252
1182
1243
1215
1247
1222
1251
1248
1263
1245
1276
1249
1283
1243
1283
1238
1274
1207
1265
1202
1237
1192
1252
1189
1258
1207
1258
1230
1269
1241
1286
1255
1291
1259
1288
1239
1280
1277
1272
1225
1259
1221
1246
1191
1213
1192
1265
1183
1263
1216
1271
1241
1282
1257
1287
1267
1282
1256
1293
1244
1272
1218
1262
1194
1254
1184
1252
1174
1248
1185
1257
1211
1267
1249
1262
1256
1284
1256
1287
1279
1280
1218
1292
1209
1257
1219
1249
1196
1212
1199
1243
1201
1249
1227
1263
1229
1280
1257
1292
1256
1290
1245
1278
1229
1267
1218
1254
1200
1240
1192
1235
1206
1239
1215
1261
1215
1271
1236
1269
1288
1294
1245
1286
1253
1273
1236
1216
1215
1243
1181
1242
1204
1238
1212
1251
1218
1254
1243
1280
1260
1295
1262
1290
1267
1297
1265
1278
1241
1270
1213
1256
1220
1254
1212
1255
1222
1246
1242
1265
1240
1279
1254
1283
1237
1288
1252
1287
1251
1282
1221
1277
1225
1261
1203
1253
1193
1267
1209
1252
1241
1257
1236
1268
1248
1273
1234
1287
1226
1290
1213
1286
1209
1271
1191
1262
1201
1245
1200
1249
1208
1253
1283
1261
1243
1247
1245
1274
1226
1241
1231
1280
1201
1278
1187
1267
1212
1260
1222
1249
1225
1257
1236
1272
1243
1266
1238
1268
1233
1272
1218
1267
1193
1259
1189
1263
1190
1265
1204
1258
1215
1266
1230
1264
1257
1283
1234
1269
1257
1266
1268
1263
1217
1250
1205
1265
1183
1243
1172
1279
1175
1273
1208
1278
1260
1275
1272
1273
1274
1274
1290
1275
1266
1247
1215
1260
1208
1262
1182
1262
1166
1263
1178
1262
1239
1264
1246
1270
1287
1273
1292
1232
1296
1280
1258
1262
1246
1267
1209
1260
1180
1243
1182
1249
1178
1265
1207
1272
1245
1278
1275
1308
1293
1297
1280
1291
1284
1282
1241
1274
1205
1260
1181
1246
1159
1243
1176
1263
1172
1268
1218
1280
1273
1290
1282
1289
1283
1288
1256
1276
1239
1268
1208
1250
1178
1257
1164
1239
1183
1252
1186
1263
1220
1286
1245
1289
1266
1288
1261
1290
1259
1281
1222
1268
1190
1256
1182
1246
1168
1238
1174
1248
1192
1205
1225
1269
1229
1284
1270
1293
1283
1301
1260
1318
1243
1285
1216
1282
1227
1260
1189
1249
1204
1214
1225
1251
1214
1258
1229
1280
1273
1287
1269
1286
1260
1290
1249
1281
1237
1280
1203
1256
1211
1244
1273
1245
1226
1226
1246
1273
1237
1265
1240
1278
1210
1293
1241
1284
1224
1277
1226
1264
1229
1257
1222
1260
1225
1253
1231
1250
1253
1252
1226
1269
1214
1265
1217
1283
1247
1286
1194
1286
1231
1295
1216
1219
1220
1260
1204
1256
1221
1265
1226
1256
1216
1254
1213
1274
1196
1296
1201
1288
1203
1292
1213
1284
1226
1279
1244
1260
1243
1252
1236
1246
1237
1228
1216
1236
1187
1267
1185
1282
1166
1288
1189
1288
1246
1292
1250
1267
1280
1260
1278
1241
1285
1251
1258
1289
1234
1261
1203
1276
1182
1280
1168
1287
1187
1301
1219
1291
1243
1277
1275
1269
1296
1265
1268
1258
1245
1253
1238
1262
1186
1266
1172
1275
1155
1234
1178
1287
1185
1289
1247
1271
1290
1269
1288
1252
1247
1254
1259
1253
1217
1261
1180
1261
1170
1270
1156
1278
1171
1280
1204
1282
1244
1279
1267
1251
1294
1249
1285
1257
1264
1259
1201
1283
1194
1265
1219
1282
1174
1278
1200
1285
1215
1264
1248
1271
1272
1275
1290
1265
1285
1264
1269
1259
1234
1269
1203
1276
1181
1279
1195
1255
1196
1274
1234
1279
1258
1273
1288
1266
1280
1267
1289
1263
1267
1267
1218
1226
1192
1271
1156
1270
1178
1269
1204
1275
1230
1261
1251
1273
1269
1278
1271
1271
1261
1270
1232
1267
1210
1258
1175
1277
1172
1271
1172
1280
1202
1256
1215
1272
1229
1275
1256
1255
1230
1268
1240
1264
1255
1265
1223
1257
1202
1268
1189
1245
1195
1274
1198
1274
1213
1273
1252
1273
1259
1266
1267
1265
1262
1269
1244
1263
1231
1262
1209
1262
1206
1262
1191
1263
1213
1273
1237
1270
1246
1267
1270
1269
1266
1217
1259
1270
1228
1270
1250
1263
1241
1258
1223
1252
1231
1260
1234
1266
1239
1269
1243
1261
1251
1274
1243
1278
1233
1273
1235
1269
1233
1269
1241
1243
1231
1258
1221
1256
1223
1266
1205
1269
1213
1271
1241
1282
1229
1274
1215
1273
1219
1260
1226
1273
1227
1271
1233
1279
1234
1267
1232
1267
1226
1276
1217
1288
1221
1293
1222
1283
1221
1280
1210
1291
1232
1274
1257
1271
1256
1269
1251
1263
1242
1268
1225
1217
1224
1266
1200
1273
1213
1272
1237
1283
1235
1267
1246
1270
1256
1269
1263
1260
1254
1266
1249
1256
1241
1260
1245
1255
1191
1263
1213
1263
1219
1244
1227
1258
1210
1264
1254
1256
1241
1256
1250
1255
1276
1258
1239
1252
1248
1260
1215
1244
1214
1267
1210
1270
1235
1263
1251
1273
1260
1266
1258
1284
1270
1275
1259
1275
1235
1271
1218
1270
1204
1274
1193
1266
1213
1265
1236
1274
1256
1270
1278
1267
1272
1244
1263
1272
1234
1274
1228
1246
1226
1284
1205
1257
1216
1263
1228
1267
1231
1269
1261
1249
1277
1267
1265
1267
1226
1262
1238
1266
1217
1269
1203
1253
1190
1271
1196
1270
1213
1272
1212
1265
1279
1260
1287
1267
1274
1238
1284
1264
1242
1246
1227
1300
1200
1279
1197
1271
1202
1267
1212
1262
1226
1291
1256
1268
1276
1266
1303
1262
1274
1270
1260
1241
1223
1271
1201
1269
1185
1271
1198
1259
1218
1261
1236
1239
1251
1261
1263
1270
1294
1265
1298
1266
1294
1261
1244
1272
1219
1243
1209
1269
1206
1269
1197
1272
1248
1267
1246
1263
1269
1264
1286
1272
1274
1259
1266
1271
1240
1272
1223
1281
1182
1279
1206
1253
1236
1270
1232
1256
1260
1259
1271
1234
1265
1265
1250
1267
1267
1269
1251
1268
1234
1269
1221
1270
1223
1265
1232
1263
1257
1255
1262
1266
1270
1262
1256
1262
1271
1268
1246
1276
1249
1267
1252
1267
1227
1243
1234
1267
1228
1265
1253
1263
1273
1268
1272
1251
1268
1275
1260
1276
1251
1280
1247
1272
1226
1291
1235
1265
1224
1261
1257
1265
1247
1271
1257
1255
1264
1270
1248
1272
1219
1281
1217
1275
1220
1270
1240
1266
1232
1266
1237
1261
1250
1240
1245
1269
1247
1271
1252
1272
1260
1266
1260
1275
1250
1280
1236
1286
1245
1278
1241
1269
1241
1263
1244
1261
1236
1247
1247
1257
1241
1271
1257
1271
1261
1273
1228
1254
1246
1279
1219
1277
1242
1258
1262
1253
1243
1242
1248
1248
1253
1248
1252
1264
1245
1271
1259
1272
1251
1273
1236
1272
1249
1268
1249
1263
1252
1238
1249
1250
1245
1255
1242
1268
1207
1270
1221
1278
1264
1257
1223
1270
1237
1243
1230
1249
1241
1266
1239
1269
1257
1267
1251
1268
1236
1266
1235
1272
1219
1315
1212
1284
1223
1280
1246
1277
1230
1279
1232
1244
1250
1261
1226
1261
1246
1258
1255
1255
1226
1260
1223
1273
1204
1279
1237
1299
1239
1265
1243
1262
1284
1268
1253
1250
1272
1232
1260
1264
1252
1265
1221
1271
1232
1269
1219
1271
1219
1273
1229
1265
1235
1265
1213
1266
1248
1264
1238
1267
1253
1262
1250
1279
1255
1262
1255
1265
1236
1251
1240
1264
1224
1266
1242
1259
1250
1266
1277
1265
1248
1265
1258
1270
1255
1276
1250
1269
1247
1276
1250
1268
1230
1266
1239
1263
1198
1245
1242
1263
1250
1270
1239
1290
1251
1275
1207
1284
1248
1257
1262
1274
1253
1260
1241
1272
1258
1254
1248
1266
1240
1267
1239
1270
1233
1271
1222
1272
1227
1269
1262
1274
1229
1274
1248
1281
1243
1262
1242
1260
1227
1274
1240
1256
1227
1261
1231
1259
1231
1270
1212
1266
1220
1278
1209
1270
1234
1260
1252
1255
1265
1246
1264
1253
1268
1256
1259
1269
1260
1275
1236
1283
1232
1280
1218
1277
1214
1276
1178
1264
1248
1243
1277
1246
1264
1274
1279
1251
1259
1277
1270
1280
1258
1287
1264
1273
1242
1273
1229
1252
1236
1256
1241
1250
1248
1246
1254
1247
1244
1253
1255
1264
1260
1274
1255
1267
1243
1279
1216
1278
1222
1270
1177
1267
1203
1248
1199
1245
1231
1239
1241
1248
1243
1251
1255
1276
1249
1284
1247
1290
1251
1293
1233
1274
1207
1268
1218
1255
1211
1255
1224
1250
1231
1255
1238
1264
1244
1271
1262
1279
1216
1293
1265
1276
1267
1282
1250
1299
1235
1268
1201
1262
1235
1259
1244
1262
1243
1259
1261
1272
1267
1265
1271
1279
1275
1283
1266
1279
1278
1275
1227
1243
1250
1267
1242
1272
1242
1261
1253
1265
1246
1267
1263
1270
1255
1270
1264
1266
1242
1269
1270
1244
1277
1264
1253
1261
1220
1270
1244
1268
1245
1264
1258
1263
1255
1266
1259
1262
1263
1261
1270
1263
1269
1266
1259
1269
1255
1255
1237
1268
1231
1268
1192
1271
1249
1255
1247
1258
1254
1289
1276
1262
1234
1265
1250
1263
1267
1277
1256
1253
1250
1279
1239
1256
1246
1276
1237
1274
1234
1266
1260
1265
1240
1260
1265
1263
1272
1265
1273
1259
1270
1274
1254
1275
1248
1280
1224
1280
1224
1260
1204
1265
1238
1254
1274
1248
1264
1240
1270
1254
1267
1270
1282
1271
1268
1280
1244
1277
1234
1287
1227
1265
1229
1262
1240
1240
1255
1245
1267
1247
1244
1250
1274
1259
1223
1267
1261
1266
1263
1266
1225
1298
1219
1266
1215
1261
1252
1254
1249
1253
1266
1235
1285
1239
1285
1252
1291
1275
1280
1276
1256
1276
1239
1276
1208
1270
1207
1271
1218
1263
1237
1245
1294
1259
1277
1263
1304
1248
1282
1275
1282
1275
1224
1286
1245
1280
1231
1280
1208
1267
1221
1273
1219
1275
1257
1262
1295
1263
1305
1263
1294
1275
1301
1258
1288
1283
1261
1277
1236
1274
1229
1275
1215
1272
1220
1267
1198
1264
1276
1261
1305
1256
1298
1290
1323
1268
1258
1275
1267
1288
1250
1274
1217
1261
1212
1269
1224
1254
1231
1267
1260
1274
1288
1263
1305
1262
1273
1264
1289
1266
1297
1272
1241
1270
1225
1259
1212
1275
1216
1273
1178
1281
1253
1268
1261
1269
1323
1259
1317
1255
1294
1279
1275
1276
1241
1277
1237
1275
1215
1277
1210
1280
1222
1277
1240
1269
1273
1269
1306
1262
1301
1264
1302
1263
1276
1264
1251
1275
1173
1275
1203
1268
1207
1270
1206
1296
1235
1260
1245
1283
1296
1257
1322
1258
1324
1253
1305
1265
1281
1260
1249
1257
1215
1274
1205
1274
1217
1272
1212
1270
1251
1265
1290
1277
1324
1245
1332
1256
1296
1258
1318
1265
1233
1273
1221
1273
1188
1268
1208
1268
1223
1270
1246
1258
1304
1262
1289
1259
1316
1237
1328
1263
1292
1267
1271
1280
1232
1280
1205
1282
1198
1274
1209
1269
1231
1273
1240
1259
1281
1259
1257
1267
1297
1263
1292
1288
1269
1304
1237
1283
1195
1282
1221
1267
1225
1264
1236
1253
1271
1254
1278
1247
1310
1268
1300
1263
1327
1273
1286
1278
1235
1248
1249
1271
1227
1267
1219
1252
1248
1259
1243
1254
1264
1263
1269
1267
1282
1277
1264
1284
1262
1277
1275
1280
1252
1281
1244
1268
1237
1262
1246
1257
1266
1259
1272
1256
1279
1268
1285
1282
1288
1290
1280
1291
1266
1286
1261
1267
1243
1265
1241
1255
1207
1245
1261
1239
1264
1249
1265
1295
1278
1285
1257
1297
1290
1288
1285
1285
1278
1271
1261
1267
1257
1229
1255
1250
1246
1254
1230
1262
1258
1264
1234
1274
1264
1285
1266
1284
1250
1263
1264
1271
1261
1263
1260
1251
1232
1255
1239
1259
1226
1264
1247
1266
1265
1275
1260
1304
1259
1287
1257
1280
1271
1266
1265
1266
1254
1257
1245
1257
1240
1256
1236
1274
1243
1279
1253
1283
1254
1288
1258
1290
1266
1281
1228
1293
1265
1259
1275
1257
1251
1277
1250
1266
1225
1274
1252
1277
1252
1287
1257
1282
1278
1284
1269
1264
1279
1265
1285
1251
1279
1283
1276
1252
1255
1251
1274
1267
1259
1279
1253
1241
1262
1284
1250
1281
1230
1271
1250
1263
1259
1249
1256
1252
1279
1242
1274
1274
1248
1269
1259
1283
1239
1295
1243
1289
1250
1295
1253
1272
1248
1269
1268
1255
1273
1258
1271
1263
1268
1266
1266
1272
1246
1283
1235
1288
1196
1291
1230
1281
1238
1277
1232
1305
1261
1259
1235
1254
1274
1268
1290
1260
1310
1259
1274
1278
1262
1274
1243
1290
1229
1279
1231
1276
1238
1265
1211
1258
1252
1251
1280
1252
1284
1229
1300
1266
1286
1257
1274
1285
1239
1287
1234
1276
1208
1276
1210
1261
1242
1260
1244
1269
1262
1259
1273
1266
1293
1266
1287
1268
1280
1264
1264
1282
1238
1264
1220
1268
1228
1262
1219
1262
1242
1268
1247
1267
1270
1275
1265
1280
1299
1266
1306
1270
1266
1308
1260
1269
1212
1259
1215
1287
1213
1269
1227
1264
1255
1274
1261
1275
1282
1256
1297
1276
1296
1263
1294
1262
1260
1259
1271
1258
1237
1260
1236
1246
1228
1279
1226
1276
1242
1291
1242
1288
1262
1285
1255
1271
1291
1262
1285
1256
1269
1276
1259
1257
1241
1267
1244
1288
1249
1290
1247
1289
1239
1299
1275
1290
1310
1284
1284
1265
1288
1233
1291
1253
1262
1251
1260
1259
1259
1273
1253
1281
1265
1290
1258
1322
1262
1288
1244
1272
1277
1255
1309
1242
1277
1244
1281
1247
1297
1260
1263
1270
1239
1285
1266
1294
1257
1284
1255
1284
1257
1275
1253
1266
1259
1235
1272
1243
1270
1245
1260
1255
1251
1257
1264
1273
1248
1291
1251
1288
1286
1283
1243
1309
1256
1271
1238
1263
1243
1244
1246
1251
1248
1245
1265
1260
1266
1264
1279
1280
1283
1283
1282
1282
1273
1274
1256
1262
1229
1259
1237
1253
1229
1247
1232
1249
1221
1273
1241
1266
1235
1269
1260
1273
1262
1279
1276
1261
1269
1266
1248
1271
1238
1257
1224
1261
1228
1261
1230
1267
1241
1266
1250
1269
1270
1274
1274
1262
1287
1264
1274
1272
1270
1266
1229
1269
1227
1265
1221
1266
1223
1269
1238
1262
1241
1288
1267
1260
1258
1260
1309
1253
1295
1252
1290
1258
1274
1270
1263
1264
1246
1272
1226
1268
1237
1265
1244
1264
1241
1256
1256
1249
1307
1249
1277
1249
1290
1263
1251
1267
1263
1275
1240
1279
1251
1274
1225
1277
1233
1259
1249
1265
1250
1270
1248
1260
1258
1279
1267
1264
1257
1274
1253
1282
1255
1290
1254
1287
1242
1281
1262
1278
1252
1267
1267
1258
1242
1257
1268
1248
1254
1243
1272
1265
1277
1286
1262
1321
1269
1281
1240
1294
1270
1282
1241
1274
1275
1251
1263
1259
1265
1256
1258
1265
1258
1270
1229
1284
1252
1285
1249
1283
1248
1277
1277
1290
1264
1261
1266
1253
1261
1251
1257
1254
1220
1260
1236
1260
1223
1267
1238
1263
1239
1273
1248
1278
1249
1266
1249
1264
1261
1263
1271
1251
1255
1250
1243
1256
1240
1261
1232
1274
1233
1277
1232
1274
1249
1275
1229
1276
1256
1269
1254
1262
1263
1253
1269
1263
1249
1297
1242
1272
1228
1280
1247
1284
1243
1288
1256
1280
1263
1282
1261
1268
1250
1264
1258
1262
1247
1261
1246
1269
1234
1269
1244
1272
1280
1284
1247
1275
1259
1270
1253
1265
1242
1269
1230
1264
1242
1256
1230
1266
1241
1257
1238
1269
1225
1284
1231
1272
1241
1276
1260
1274
1255
1263
1251
1262
1246
1270
1245
1266
1245
1252
1239
1268
1217
1274
1228
1268
1220
1267
1233
1263
1239
1263
1263
1258
1269
1264
1234
1299
1248
1265
1232
1270
1235
1258
1244
1262
1274
1257
1259
1259
1270
1254
1279
1260
1274
1263
1278
1269
1274
1269
1240
1264
1240
1269
1267
1268
1246
1262
1255
1263
1259
1257
1285
1254
1259
1255
1269
1257
1260
1264
1264
1238
1257
1281
1237
1290
1230
1277
1227
1279
1242
1268
1245
1287
1248
1255
1267
1254
1267
1253
1265
1253
1258
1268
1239
1277
1211
1285
1184
1283
1194
1279
1206
1272
1229
1260
1261
1258
1254
1288
1263
1266
1248
1269
1244
1268
1248
1276
1217
1265
1199
1277
1194
1277
1209
1275
1232
1267
1240
1263
1263
1263
1267
1261
1259
1285
1280
1261
1241
1265
1245
1270
1203
1265
1210
1246
1197
1263
1227
1254
1236
1251
1265
1237
1278
1249
1265
1267
1266
1276
1247
1290
1255
1269
1234
1273
1241
1266
1228
1267
1247
1254
1258
1234
1261
1247
1261
1258
1273
1257
1238
1268
1231
1271
1258
1279
1242
1257
1247
1271
1245
1293
1276
1258
1257
1263
1254
1258
1270
1263
1265
1266
1251
1271
1245
1271
1230
1274
1235
1270
1237
1270
1228
1275
1245
1265
1263
1261
1334
1257
1257
1257
1255
1243
1224
1261
1216
1264
1171
1260
1208
1278
1207
1267
1247
1250
1269
1260
1271
1270
1265
1264
1253
1258
1234
1257
1206
1259
1163
1270
1186
1258
1198
1259
1226
1224
1252
1259
1264
1261
1290
1263
1270
1264
1260
1264
1250
1267
1228
1260
1217
1263
1188
1288
1196
1263
1205
1263
1234
1258
1257
1262
1295
1256
1297
1266
1288
1266
1270
1268
1277
1269
1215
1271
1208
1249
1180
1264
1189
1261
1231
1260
1240
1258
1263
1264
1267
1266
1275
1278
1246
1278
1247
1270
1220
1261
1218
1246
1204
1250
1214
1266
1218
1253
1223
1259
1252
1270
1257
1254
1220
1276
1246
1277
1238
1269
1233
1242
1226
1257
1209
1250
1214
1248
1200
1248
1210
1258
1228
1257
1217
1259
1237
1277
1226
1278
1228
1277
1220
1278
1245
1269
1245
1264
1217
1250
1237
1246
1221
1251
1204
1253
1196
1255
1197
1266
1198
1278
1191
1281
1216
1281
1272
1270
1268
1257
1266
1243
1251
1233
1245
1242
1212
1245
1222
1256
1196
1268
1203
1294
1213
1282
1209
1294
1229
1274
1259
1268
1270
1258
1273
1252
1238
1245
1250
1254
1232
1260
1216
1252
1204
1267
1195
1266
1206
1279
1219
1273
1244
1265
1284
1264
1285
1247
1288
1250
1257
1265
1229
1255
1188
1256
1190
1256
1186
1262
1199
1256
1216
1261
1248
1261
1275
1260
1277
1259
1272
1253
1261
1260
1223
1278
1199
1265
1228
1259
1190
1259
1201
1266
1208
1263
1238
1261
1232
1256
1260
1254
1269
1260
1230
1258
1242
1273
1223
1289
1206
1272
1193
1273
1209
1268
1210
1266
1195
1255
1239
1256
1252
1270
1250
1251
1250
1262
1233
1263
1216
1269
1185
1270
1194
1258
1222
1259
1213
1247
1247
1248
1239
1247
1254
1265
1241
1260
1261
1259
1227
1264
1217
1259
1209
1273
1199
1251
1205
1266
1225
1258
1230
1261
1242
1256
1237
1251
1234
1256
1267
1259
1223
1253
1223
1256
1199
1261
1210
1268
1196
1258
1226
1257
1239
1264
1249
1253
1246
1262
1237
1297
1225
1270
1218
1262
1208
1263
1203
1263
1197
1262
1211
1264
1232
1264
1248
1250
1254
1267
1252
1268
1257
1269
1223
1301
1215
1267
1243
1266
1237
1254
1209
1262
1206
1237
1225
1263
1217
1268
1250
1277
1251
1277
1254
1271
1249
1280
1239
1281
1216
1270
1213
1248
1213
1260
1242
1254
1220
1256
1231
1252
1265
1271
1250
1270
1233
1267
1252
1266
1245
1267
1204
1257
1231
1249
1223
1248
1223
1245
1232
1250
1260
1270
1236
1272
1247
1270
1260
1276
1252
1273
1238
1270
1254
1258
1240
1256
1235
1225
1234
1246
1210
1256
1213
1258
1201
1258
1225
1268
1254
1279
1226
1270
1258
1269
1244
1241
1239
1255
1228
1247
1231
1244
1219
1245
1224
1243
1217
1262
1217
1276
