1245
1361
1484
1329
1464
1315
1352
1260
1237
1261
1225
1263
1246
1259
1246
1246
1231
1266
1222
1261
1257
1266
1296
1261
1230
1267
1265
1263
1224
1267
1251
1262
1272
1256
1256
1257
1255
1258
1248
1256
1170
1261
1231
1263
1145
1276
1181
1247
1242
1222
1256
1268
1278
1259
1258
1256
1226
1259
1238
1257
1215
1265
1207
1232
1210
1262
1143
1261
1216
1254
1195
1265
1147
1261
1163
1264
1176
1266
1177
1250
1165
1257
1143
1228
1088
1276
1147
1261
1091
1269
1108
1265
1163
1258
1158
1263
1183
1254
1174
1262
1184
1263
1196
1265
1175
1268
1129
1257
1201
1266
1167
1267
1225
1258
1209
1260
1214
1260
1171
1264
1188
1263
1205
1265
1191
1264
1216
1258
1221
1278
1163
1207
1216
1260
1184
1281
1222
1268
1190
1275
1248
1274
1214
1276
1223
1273
1224
1247
1229
1270
1224
1261
1222
1277
1215
1282
1259
1282
1217
1284
1206
1274
1238
1279
1229
1271
1212
1285
1213
1284
1236
1280
1293
1300
1226
1281
1299
1275
1298
1269
1226
1282
1238
1277
1242
1276
1231
1274
1190
1275
1224
1272
1208
1277
1219
1276
1251
1266
1236
1258
1214
1272
1237
1265
1229
1263
1259
1265
1277
1258
1254
1256
1255
1261
1259
1256
1233
1265
1235
1253
1174
1256
1179
1248
1219
1247
1200
1258
1231
1243
1223
1252
1226
1256
1216
1258
1189
1259
1153
1245
1219
1267
1195
1262
1183
1269
1203
1282
1204
1274
1185
1282
1193
1280
1191
1282
1192
1281
1164
1284
1182
1282
1182
1285
1104
1300
1254
1309
1186
1286
1135
1289
1188
1296
1192
1289
1192
1285
1207
1289
1192
1316
1212
1290
1220
1288
1211
1281
1214
1263
1219
1277
1202
1277
1261
1278
1249
1261
1263
1268
1228
1263
1265
1266
1233
1265
1266
1256
1273
1250
1165
1246
1243
1247
1254
1253
1316
1235
1237
1240
1297
1234
1235
1238
1210
1242
1237
1259
1235
1264
1238
1257
1254
1281
1261
1293
1256
1303
1236
1302
1241
1311
1239
1319
1290
1306
1287
1308
1292
1333
1258
1314
1274
1308
1270
1294
1248
1291
1343
1261
1159
1298
1184
1288
1224
1292
1219
1308
1179
1320
1193
1334
1186
1352
1202
1361
1263
1367
1265
1359
1309
1368
1340
1352
1401
1313
1384
1291
1401
1263
1380
1256
1340
1221
1327
1217
1317
1193
1291
1172
1269
1135
1202
1132
1328
1106
1199
1090
1160
1060
1138
1089
995
1097
941
1117
904
1186
878
1167
920
1173
923
1199
941
1211
979
1238
958
1251
955
1287
954
1321
1049
1360
1112
1390
1198
1399
1181
1407
1370
1360
1500
1330
1581
1273
1584
1252
1521
1264
1489
1236
1510
1241
1461
1245
1468
1264
1411
1246
1373
1279
1306
1298
1241
1300
1158
1312
1091
1327
1087
1353
1029
1378
990
1397
993
1410
954
1412
918
1423
903
1414
893
1398
863
1377
810
1396
1035
1354
1081
1330
1182
1319
1264
1291
1313
1278
1366
1255
1437
1232
1480
1211
1464
1161
1523
1184
1461
1188
1466
1128
1445
1167
1365
1170
1339
1180
1300
1184
1289
1199
1308
1203
1275
1196
1371
1207
1265
1174
1291
1176
1241
1181
1227
1173
1242
1170
1236
1174
1249
1180
1267
1192
1281
1212
1253
1208
1253
1216
1178
1242
1107
1263
1071
1294
1108
1314
1089
1350
1098
1372
1062
1373
1040
1410
952
1410
943
1403
1015
1385
959
1361
1013
1361
1040
1341
1083
1330
1125
1315
1147
1306
1185
1296
1195
1274
1208
1255
1237
1240
1242
1233
1320
1226
1345
1203
1348
1205
1389
1230
1411
1210
1411
1213
1418
1202
1428
1215
1421
1229
1372
1239
1254
1265
1180
1267
1126
1270
1086
1275
1057
1280
1070
1282
1094
1281
1133
1288
1169
1286
1222
1300
1181
1306
1245
1294
1230
1303
1234
1290
1239
1291
1246
1262
1242
1269
1247
1261
1325
1251
1228
1247
1244
1239
1273
1233
1226
1235
1178
1230
1183
1252
1119
1273
1101
1310
1049
1286
1064
1315
1026
1331
1054
1327
1080
1343
1146
1335
1133
1361
1271
1368
1334
1379
1388
1383
1420
1382
1459
1380
1491
1381
1524
1361
1532
1342
1565
1334
1618
1308
1551
1291
1535
1271
1450
1256
1405
1233
1323
1224
1252
1193
1217
1205
1190
1203
1200
1203
1194
1187
1188
1186
1175
1178
1158
1195
1142
1203
1151
1215
1162
1233
1198
1248
1253
1256
1358
1255
1210
1252
1254
1257
1233
1253
1180
1238
1108
1244
1055
1241
1080
1242
1067
1249
1010
1238
1059
1246
1007
1247
971
1236
1006
1236
1011
1235
1013
1240
1063
1242
1082
1244
1087
1268
1239
1253
1109
1285
1136
1277
1134
1287
1215
1302
1225
1304
1288
1319
1339
1341
1373
1372
1388
1380
1381
1411
1287
1425
1259
1415
1305
1417
1281
1393
1305
1366
1331
1341
1339
1299
1327
1269
1317
1242
1244
1227
1262
1208
1267
1204
1366
1207
1298
1205
1282
1220
1288
1241
1240
1233
1215
1215
1204
1232
1185
1241
1194
1247
1178
1251
1165
1271
1184
1274
1167
1278
1117
1279
1087
1273
1068
1267
1085
1248
1104
1268
1223
1221
1250
1220
1207
1234
1282
1207
1230
1197
1205
1191
1218
1177
1228
1162
1196
1169
1233
1180
1261
1188
1269
1190
1245
1195
1251
1237
1155
1240
1139
1247
1182
1266
1162
1280
1182
1301
1183
1352
1161
1345
1129
1360
1006
1375
994
1369
1038
1364
987
1341
1081
1335
1128
1313
1201
1295
1283
1295
1293
1296
1290
1291
1293
1299
1307
1310
1256
1309
1296
1325
1335
1374
1296
1349
1243
1345
1253
1332
1205
1319
1149
1288
1097
1295
1076
1287
1108
1266
1191
1252
1158
1244
1143
1252
1260
1229
1223
1221
1243
1221
1286
1215
1286
1213
1322
1251
1379
1221
1410
1226
1444
1217
1464
1232
1419
1229
1324
1240
1305
1264
1259
1269
1271
1293
1287
1300
1290
1316
1295
1321
1371
1318
1360
1318
1255
1299
1304
1310
1266
1298
1216
1287
1211
1277
1278
1263
1261
1256
1235
1230
1221
1238
1176
1251
1164
1246
1173
1256
1146
1264
1202
1274
1200
1281
1185
1289
1183
1286
1150
1219
1112
1274
1067
1272
1080
1277
1032
1288
1105
1291
1073
1306
1162
1324
1173
1298
1176
1317
1226
1318
1187
1326
1238
1333
1284
1344
1320
1353
1365
1354
1400
1350
1417
1340
1396
1313
1360
1303
1334
1280
1325
1249
1325
1247
1339
1241
1291
1224
1281
1220
1192
1224
1150
1204
1035
1210
1179
1192
1094
1185
1129
1186
1132
1208
1134
1222
1115
1242
1118
1253
1094
1267
1097
1256
1123
1289
1186
1300
1269
1323
1338
1328
1339
1341
1325
1365
1319
1349
1266
1347
1247
1343
1232
1340
1295
1329
1255
1337
1346
1319
1228
1319
1265
1299
1262
1273
1232
1251
1183
1225
1211
1214
1283
1219
1292
1210
1349
1227
1354
1238
1332
1253
1284
1270
1291
1268
1237
1294
1256
1294
1312
1318
1347
1321
1363
1336
1349
1332
1281
1318
1253
1306
1225
1282
1121
1275
1156
1264
1161
1223
1213
1253
1261
1254
1279
1252
1262
1251
1223
1247
1202
1220
1202
1230
1219
1236
1247
1227
1262
1251
1264
1263
1279
1258
1223
1258
1162
1257
1113
1258
1064
1262
1101
1294
1104
1281
1055
1294
1205
1295
1128
1292
1131
1285
1087
1283
1076
1273
1111
1274
1110
1250
1174
1278
1204
1282
1288
1280
1266
1272
1299
1285
1253
1297
1208
1293
1272
1307
1308
1315
1333
1328
1385
1342
1394
1332
1375
1331
1318
1328
1332
1310
1201
1324
1219
1267
1314
1285
1215
1297
1316
1280
1326
1280
1288
1272
1248
1273
1207
1245
1176
1272
1227
1286
1220
1272
1251
1287
1258
1287
1267
1277
1243
1282
1196
1269
1188
1267
1134
1219
1140
1273
1133
1267
1194
1271
1288
1278
1254
1269
1247
1282
1280
1276
1211
1278
1179
1267
1205
1271
1228
1275
1270
1250
1320
1275
1328
1263
1305
1232
1305
1231
1220
1223
1257
1216
1213
1217
1223
1219
1237
1230
1262
1226
1272
1239
1216
1228
1232
1237
1168
1262
1125
1258
1143
1266
1178
1284
1176
1294
1192
1305
1199
1282
1149
1300
1104
1284
1082
1284
1111
1269
1091
1276
1154
1282
1232
1280
1228
1293
1242
1286
1219
1294
1186
1284
1172
1278
1167
1279
1199
1275
1295
1280
1305
1298
1271
1310
1267
1296
1183
1291
1183
1301
1127
1301
1186
1310
1197
1295
1277
1307
1316
1317
1318
1308
1314
1311
1262
1306
1196
1292
1211
1272
1222
1268
1232
1275
1311
1284
1359
1278
1359
1281
1338
1280
1332
1274
1197
1265
1193
1232
1132
1264
1252
1264
1287
1276
1298
1286
1370
1309
1280
1294
1263
1280
1232
1278
1203
1258
1216
1254
1243
1277
1262
1271
1323
1261
1324
1266
1294
1265
1247
1257
1205
1249
1164
1250
1187
1234
1226
1265
1270
1292
1276
1304
1301
1290
1302
1313
1215
1280
1199
1253
1210
1247
1162
1266
1171
1258
1237
1265
1248
1264
1237
1281
1187
1262
1128
1258
1093
1253
1110
1231
1106
1266
1176
1267
1246
1290
1258
1296
1289
1294
1285
1287
1229
1267
1214
1239
1189
1260
1162
1270
1226
1284
1261
1288
1249
1288
1214
1294
1211
1301
1182
1303
1130
1301
1145
1291
1171
1299
1205
1290
1257
1296
1264
1284
1249
1283
1184
1268
1179
1262
1131
1284
1153
1266
1178
1278
1233
1288
1291
1342
1176
1339
1325
1330
1251
1330
1251
1323
1281
1330
1237
1303
1290
1329
1333
1328
1390
1334
1433
1311
1382
1331
1363
1326
1269
1346
1280
1305
1264
1311
1345
1311
1380
1319
1394
1310
1398
1312
1423
1292
1375
1299
1245
1269
1156
1272
1207
1266
1207
1272
1252
1279
1333
1288
1273
1289
1257
1283
1220
1304
1184
1261
1181
1261
1236
1251
1284
1260
1359
1254
1370
1256
1329
1258
1299
1246
1245
1239
1134
1215
1189
1224
1143
1229
1216
1225
1350
1241
1356
1237
1375
1245
1285
1244
1238
1236
1174
1229
1179
1231
1213
1234
1252
1245
1315
1263
1245
1273
1246
1288
1191
1275
1145
1269
1115
1256
1052
1243
1155
1256
1211
1253
1239
1232
1254
1271
1173
1276
1132
1284
1075
1279
1076
1276
1087
1282
1149
1290
1221
1307
1268
1305
1266
1323
1214
1323
1188
1299
1077
1284
1071
1262
1125
1258
1165
1257
1217
1272
1295
1269
1302
1285
1238
1249
1234
1260
1150
1265
1087
1240
1123
1231
1143
1243
1194
1224
1251
1257
1219
1270
1212
1249
1142
1249
1133
1227
1110
1227
1085
1233
1197
1246
1258
1268
1284
1285
1320
1282
1202
1301
1181
1297
1057
1297
1168
1277
1227
1302
1272
1253
1342
1288
1354
1292
1367
1293
1306
1289
1225
1266
1168
1242
1171
1245
1131
1262
1253
1261
1348
1272
1395
1278
1349
1287
1322
1268
1170
1258
1175
1227
1167
1215
1181
1222
1187
1245
1188
1273
1299
1285
1257
1288
1233
1272
1188
1278
1141
1275
1185
1260
1221
1268
1274
1268
1332
1295
1310
1293
1253
1303
1159
1299
1117
1273
1068
1284
1087
1283
1143
1288
1207
1302
1259
1304
1295
1315
1274
1302
1261
1293
1160
1295
1168
1269
1114
1265
1190
1264
1248
1282
1284
1291
1294
1293
1251
1309
1234
1308
1149
1287
1143
1288
1178
1288
1239
1298
1281
1308
1355
1327
1262
1317
1277
1326
1265
1357
1168
1290
1163
1314
1180
1283
1314
1290
1375
1291
1404
1307
1383
1318
1338
1298
1260
1285
1205
1263
1209
1232
1269
1256
1288
1268
1334
1266
1393
1279
1379
1284
1283
1298
1254
1259
1143
1246
1183
1233
1232
1231
1288
1236
1342
1248
1402
1245
1329
1289
1255
1260
1176
1249
1192
1235
1158
1221
1201
1237
1304
1255
1308
1270
1329
1317
1281
1319
1255
1303
1120
1312
1123
1288
1164
1273
1182
1271
1262
1292
1294
1302
1307
1303
1258
1317
1218
1299
1142
1332
1144
1287
1046
1288
1129
1254
1232
1263
1236
1289
1263
1297
1222
1308
1142
1292
1096
1278
1072
1239
1117
1226
1190
1257
1293
1265
1298
1287
1275
1302
1247
1303
1210
1300
1150
1280
1126
1270
1124
1291
1211
1252
1340
1282
1368
1296
1379
1309
1355
1290
1225
1289
1210
1281
1182
1264
1236
1261
1285
1265
1356
1293
1363
1322
1371
1309
1306
1314
1256
1282
1182
1279
1149
1259
1190
1247
1273
1263
1320
1277
1397
1292
1377
1297
1319
1298
1208
1275
1248
1244
1174
1229
1248
1253
1256
1282
1235
1284
1344
1292
1333
1307
1257
1296
1181
1291
1130
1255
1152
1266
1259
1285
1344
1268
1378
1281
1394
1282
1349
1294
1241
1293
1195
1260
1122
1255
1219
1270
1183
1230
1162
1243
1275
1286
1353
1300
1318
1301
1227
1308
1176
1293
1096
1272
1114
1267
1194
1260
1265
1275
1262
1276
1363
1312
1271
1311
1188
1289
1165
1282
1106
1260
1163
1266
1145
1254
1158
1287
1367
1319
1262
1329
1277
1341
1260
1314
1144
1288
1102
1264
1111
1269
1211
1258
1284
1270
1328
1289
1330
1282
1269
1316
1188
1303
1108
1279
1110
1265
1171
1267
1233
1301
1346
1282
1377
1283
1378
1306
1290
1298
1228
1314
1110
1261
1192
1194
1206
1251
1220
1212
1322
1261
1414
1282
1398
1298
1324
1300
1252
1285
1171
1266
1175
1192
1235
1268
1267
1297
1388
1273
1438
1292
1395
1319
1299
1312
1197
1290
1149
1292
1161
1254
1237
1283
1214
1250
1287
1267
1334
1319
1361
1298
1317
1293
1189
1274
1129
1246
1173
1219
1186
1203
1273
1243
1334
1263
1341
1286
1297
1297
1168
1296
1099
1270
1089
1250
1088
1234
1193
1244
1300
1257
1354
1259
1365
1288
1313
1286
1258
1277
1051
1245
1095
1240
1178
1263
1172
1214
1322
1251
1373
1296
1372
1297
1314
1304
1249
1293
1135
1272
1095
1239
1158
1202
1242
1270
1323
1240
1366
1282
1324
1301
1271
1309
1187
1287
1092
1276
1096
1224
1137
1284
1175
1251
1199
1266
1203
1324
1318
1318
1232
1322
1167
1303
1084
1271
1059
1274
1153
1277
1149
1270
1386
1279
1407
1287
1345
1316
1288
1311
1171
1294
1148
1271
1142
1248
1227
1274
1192
1243
1241
1259
1467
1294
1373
1316
1276
1324
1216
1294
1138
1274
1145
1287
1177
1207
1289
1231
1229
1260
1421
1292
1381
1276
1307
1305
1204
1284
1216
1238
1207
1266
1295
1275
1287
1205
1365
1280
1445
1303
1403
1330
1299
1312
1151
1304
1169
1217
1169
1212
1173
1208
1263
1226
1379
1275
1406
1285
1345
1304
1260
1305
1118
1277
1178
1211
1177
1275
1273
1228
1264
1253
1378
1281
1435
1296
1343
1294
1260
1299
1103
1269
1179
1225
1080
1267
1253
1196
1245
1240
1369
1261
1391
1276
1276
1292
1198
1293
1059
1269
1101
1220
1090
1242
1241
1201
1244
1261
1390
1265
1369
1235
1273
1282
1194
1277
1090
1276
1059
1185
1214
1208
1288
1231
1232
1297
1431
1287
1382
1314
1270
1321
1181
1311
1068
1289
990
1281
1117
1208
1233
1266
1131
1264
1367
1287
1325
1296
1206
1296
1147
1269
1054
1268
1053
1264
1163
1209
1283
1210
1134
1308
1430
1288
1346
1306
1252
1303
1181
1279
1122
1281
1061
1255
1274
1278
1252
1239
1263
1301
1373
1302
1373
1311
1249
1308
1117
1276
1126
1278
1050
1270
1186
1199
1311
1214
1179
1296
1453
1303
1351
1301
1262
1303
1095
1263
1161
1261
1147
1254
1211
1189
1301
1210
1209
1314
1419
1308
1308
1305
1205
1313
1061
1273
1155
1241
1150
1202
1226
1194
1302
1175
1316
1280
1402
1291
1310
1296
1226
1300
1070
1266
1177
1249
1094
1218
1213
1242
1225
1195
1501
1292
1387
1308
1280
1306
1211
1302
1038
1273
1196
1245
1164
1208
1231
1263
1214
1194
1529
1306
1379
1311
1256
1315
1180
1288
1044
1291
1174
1215
1173
1250
1266
1280
1193
1219
1523
1313
1326
1311
1232
1314
1132
1294
1058
1262
1193
1273
1245
1181
1336
1268
1254
1201
1567
1309
1400
1305
1286
1310
1215
1271
1107
1266
1222
1228
1262
1231
1331
1197
1267
1227
1521
1302
1356
1274
1215
1295
1122
1270
1081
1269
1086
1253
1190
1243
1265
1256
1210
1240
1526
1306
1358
1298
1220
1294
1083
1265
1100
1268
1136
1192
1258
1256
1254
1237
1257
1224
1505
1290
1338
1295
1219
1302
1045
1276
1136
1281
1175
1238
1224
1209
1333
1247
1144
1259
1494
1327
1297
1325
1175
1331
1005
1294
1110
1300
1134
1216
1217
1242
1300
1279
1151
1267
1472
1320
1315
1319
1179
1320
1024
1282
1157
1284
1166
1200
1273
1197
1320
1191
1187
1320
1453
1293
1267
1313
1163
1298
1010
1268
1137
1266
1194
1206
1302
1240
1268
1205
1184
1287
1461
1319
1282
1312
1187
1320
1056
1287
1191
1308
1218
1274
1309
1231
1342
1187
1137
1319
1463
1349
1289
1321
1190
1300
1083
1289
1263
1303
1258
1263
1356
1274
1277
1252
1164
1284
1434
1303
1259
1300
1167
1279
974
1283
1221
1253
1269
1273
1339
1274
1240
1258
1044
1333
1363
1315
1194
1310
1146
1281
1064
1276
1265
1246
1276
1192
1359
1195
1338
1210
1153
1298
1424
1302
1261
1298
1212
1273
1127
1272
1313
1208
1322
1201
1333
1219
1286
1212
1242
1318
1373
1312
1232
1309
1148
1279
1122
1273
1321
1263
1334
1197
1313
1211
1240
1185
1269
1317
1356
1311
1210
1312
1118
1283
1125
1291
1336
1236
1343
1204
1319
1283
1177
1184
1402
1308
1285
1307
1148
1302
990
1264
1113
1262
1301
1256
1354
1185
1285
1259
1141
1171
1412
1302
1259
1295
1128
1276
974
1267
1123
1271
1295
1263
1306
1266
1326
1189
1197
1246
1402
1303
1250
1298
1134
1275
997
1255
1156
1243
1212
1229
1319
1258
1271
1278
1182
1262
1436
1302
1287
1288
1149
1297
1024
1269
1194
1269
1245
1269
1386
1210
1358
1188
1208
1187
1418
1326
1247
1309
1155
1311
1043
1257
1238
1287
1286
1278
1396
1263
1352
1271
1151
1337
1441
1324
1266
1319
1188
1307
1088
1285
1283
1288
1258
1281
1367
1204
1371
1205
1102
1308
1410
1326
1231
1320
1146
1288
1068
1282
1271
1255
1316
1231
1374
1215
1310
1237
1115
1290
1369
1317
1210
1309
1147
1282
1075
1271
1280
1263
1334
1272
1400
1303
1259
1260
1055
1315
1332
1318
1171
1314
1140
1282
1080
1275
1299
1235
1288
1182
1301
1244
1217
1188
1097
1320
1317
1301
1154
1294
1075
1258
1097
1259
1316
1182
1347
1222
1309
1231
1217
1217
1144
1306
1261
1304
1108
1307
1068
1262
1091
1239
1306
1249
1330
1170
1354
1244
1202
1218
1389
1303
1237
1265
1108
1285
985
1228
1102
1262
1255
1239
1268
1249
1239
1259
1152
1211
1397
1304
1248
1305
1109
1300
1038
1266
1209
1276
1302
1185
1432
1268
1418
1225
1288
1253
1480
1328
1302
1328
1197
1322
1075
1282
1251
1288
1334
1268
1424
1230
1437
1213
1267
1202
1464
1326
1268
1311
1149
1296
1041
1266
1221
1270
1282
1253
1326
1195
1351
1216
1090
1293
1383
1288
1181
1300
1087
1294
981
1269
1178
1281
1208
1282
1304
1207
1313
1199
1037
1322
1347
1302
1149
1289
1106
1250
770
1270
1325
1205
1231
1252
1422
1211
1358
1252
1143
1303
1348
1314
1209
1291
1133
1277
812
1303
1308
1264
1313
1218
1331
1265
1247
1193
1205
1318
1341
1305
1158
1294
1097
1213
1167
1299
1292
1201
1281
1260
1315
1212
1310
1244
1352
1297
1321
1299
1147
1314
778
1171
1165
1319
1259
1277
1253
1216
1390
1223
1233
1286
1531
1336
1318
1324
1156
1316
880
1232
1200
1324
1247
1268
1385
1265
1361
1236
1316
1198
1535
1325
1376
1302
1189
1282
781
1161
1259
1316
1246
1214
1375
1178
1397
1256
1246
1289
1501
1307
1263
1299
1106
1204
659
1176
1329
1305
1134
1218
1311
1269
1287
1222
1266
1358
1484
1331
1259
1321
1122
1285
698
1249
1358
1330
1158
1232
1390
1257
1358
1232
1333
1351
1509
1339
1286
1320
1166
1240
826
1256
1451
1313
1285
1193
1426
1202
1356
1237
1688
1330
1517
1309
1298
1297
1190
1237
806
1238
1499
1227
1322
1252
1371
1273
1357
1276
1528
1337
1429
1324
1219
1312
680
1246
724
1205
1447
1312
1222
1268
1328
1270
1251
1205
1599
1318
1375
1314
1158
1289
730
1200
698
1193
1415
1253
1233
1166
1332
1208
1291
1209
1564
1291
1345
1274
1143
1261
682
1216
732
1259
1476
1159
1257
1217
1345
1238
1297
1255
1571
1300
1345
1285
1146
1272
617
1178
825
1289
1380
1178
1278
1226
1354
1260
1248
1338
1520
1335
1284
1335
1083
1281
634
1240
789
1325
1446
1289
1143
1288
1250
1297
1260
1360
1488
1357
1265
1346
1079
1254
582
1267
1159
1355
1150
1299
1253
1319
1281
1286
1451
1363
1586
1357
1320
1312
1158
1273
774
1232
1291
1330
1288
1228
1357
1258
1494
1254
1784
1326
1638
1318
1385
1302
1235
1195
809
1206
1425
1298
1234
1208
1356
1239
1493
1189
1594
1318
1564
1307
1301
1292
794
1157
785
1163
1381
1292
1178
1244
1356
1219
1342
1180
1670
1309
1468
1306
1220
1284
749
1197
626
1216
1333
1270
1125
1223
1299
1232
1283
1240
1637
1302
1416
1284
1163
1270
645
1202
647
1214
1381
1215
1195
1199
1359
1223
1275
1263
1624
1309
1388
1293
1148
1214
557
1235
710
1234
1407
1327
1145
1257
1299
1208
1447
1311
1588
1337
1351
1319
1135
1305
590
1182
708
1331
1439
1221
1196
1262
1348
1277
1675
1326
1588
1344
1340
1323
1059
1252
614
1199
709
1291
1451
1190
1209
1205
1352
1165
1606
1310
1551
1319
1298
1306
1062
1164
542
1240
774
1306
1469
1176
1234
1254
1398
1215
1731
1359
1598
1342
1357
1325
706
1229
751
1176
1255
1316
1426
1250
1407
1238
1493
1226
1658
1308
1626
1304
1355
1283
795
1176
690
1201
1258
1232
1245
1227
1365
1180
1428
1244
1721
1316
1574
1318
1324
1324
723
1245
758
1209
1285
1340
1383
1280
1375
1276
1446
1359
1702
1355
1518
1336
1280
1314
732
1262
728
1212
1349
1272
1181
1172
1337
1180
1276
1221
1604
1270
1403
1262
1144
1206
550
1159
547
1154
1244
1265
1062
1182
1228
1169
1540
1296
1512
1328
1328
1330
1105
1297
598
1201
691
1309
1363
1246
1153
1211
1258
1149
1232
1293
1616
1309
1411
1314
1135
1188
705
1205
820
1309
1523
1283
1286
1214
1458
1157
1810
1253
1687
1316
1433
1319
1204
1195
696
1201
786
1345
1474
1326
1251
1208
1288
1271
1665
1337
1552
1382
1301
1384
1093
1272
631
1262
758
1357
1482
1255
1248
1245
1325
1245
1717
1305
1584
1308
1331
1295
671
1152
672
1184
767
1303
1513
1163
1212
1222
1296
1154
1482
1300
1542
1348
1306
1349
804
1277
655
1286
1242
1326
1339
1187
1294
1196
1408
1183
1663
1302
1592
1320
1340
1289
730
1145
709
1207
1324
1249
1400
1166
1448
1170
1475
1198
1691
1263
1583
1282
1336
1288
747
1208
775
1174
1267
1295
1270
1144
1242
1169
1310
1279
1538
1311
1379
1310
1142
1233
608
1201
582
1214
1246
1304
1126
1178
1213
1243
1521
1270
1487
1330
1350
1356
1138
1264
557
1279
738
1240
1371
1319
1214
1200
1355
1233
1761
1257
1630
1294
1432
1315
1132
1195
704
1226
778
1317
1450
1305
1180
1178
1280
1225
1721
1235
1612
1307
1396
1298
1186
1193
675
1209
716
1208
1433
1231
1134
1229
1306
1170
1706
1230
1564
1309
1353
1293
792
1224
721
1198
871
1340
1549
1255
1239
1249
1372
1204
1549
1293
1677
1321
1446
1326
880
1225
713
1237
946
1308
1491
1244
1209
1184
1267
1197
1385
1287
1478
1307
1264
1299
631
1232
753
1179
1086
1295
1520
1210
1261
1212
1331
1272
1435
1254
1539
1284
1341
1289
701
1215
706
1249
1253
1297
1271
1220
1143
1219
1233
1297
1441
1330
1452
1327
1264
1256
721
1246
739
1222
1401
1321
1303
1231
1334
1159
1562
1244
1647
1298
1591
1300
1413
1217
845
1224
873
1248
1458
1302
1309
1173
1334
1157
1660
1251
1575
1315
1469
1338
1221
1227
729
1282
806
1379
1394
1354
1124
1198
1174
1244
1553
1278
1501
1322
1379
1322
1237
1245
643
1263
776
1241
1420
1330
1110
1234
1273
1248
1593
1251
1622
1313
1461
1316
931
1217
834
1201
1144
1329
1507
1231
1151
1203
1198
1170
1414
1262
1563
1304
1415
1295
849
1203
755
1231
900
1297
1491
1211
1115
1144
1263
1241
1394
1255
1577
1294
1431
1290
866
1190
883
1226
1165
1271
1556
1137
1200
1157
1246
1234
1356
1229
1513
1277
1364
1296
810
1189
719
1206
1209
1349
1433
1301
1069
1227
1127
1307
1359
1338
1489
1342
1341
1252
743
1249
799
1277
1270
1298
1396
1137
1077
1175
1217
1234
1273
1228
1410
1250
1305
1174
714
1186
769
1149
1404
1284
1130
1192
1116
1184
1400
1274
1574
1303
1504
1310
1324
1229
863
1196
1047
1247
1378
1331
1095
1174
1097
1215
1489
1241
1432
1283
1433
1285
1266
1156
852
1193
1001
1311
1506
1332
1191
1181
1236
1215
1652
1239
1602
1276
1531
1278
1385
1158
890
1174
909
1303
1411
1339
992
1245
998
1238
1350
1314
1406
1370
1340
1377
869
1290
819
1317
921
1388
1455
1434
1138
1321
1194
1358
1368
1297
1625
1326
1556
1290
1053
1160
986
1199
1063
1275
1639
1231
1232
1207
1255
1114
1437
1246
1629
1290
1516
1307
979
1198
971
1285
972
1344
1511
1266
1022
1192
1058
1286
1272
1256
1474
1272
1381
1260
914
1122
921
1143
1430
1250
1432
1192
1157
1140
1158
1224
1422
1214
1591
1260
1487
1242
976
1223
1263
1218
1378
1345
1383
1263
1023
1268
1208
1307
1200
1309
1351
1301
1254
1259
693
1236
806
1196
1338
1292
1033
1177
1051
1213
1198
1246
1353
1256
1447
1259
1300
1138
826
1200
974
1231
1422
1313
1104
1175
1046
1234
1465
1261
1407
1303
1452
1308
1336
1189
945
1212
1023
1238
1488
1352
1076
1283
1159
1287
1543
1291
1470
1321
1471
1310
1007
1167
936
1295
937
1297
1459
1296
1067
1146
1053
1156
1461
1215
1469
1271
1463
1248
984
1199
969
1260
1091
1252
1608
1309
1160
1232
1228
1313
1299
1293
1564
1333
1481
1334
949
1233
1287
1281
1062
1335
1413
1247
944
1201
954
1207
1215
1257
1354
1271
1335
1253
809
1199
902
1216
985
1275
1568
1222
1119
1146
1124
1265
1374
1244
1617
1303
1581
1169
1112
1164
1403
1182
1089
1279
1524
1199
1057
1196
1331
1232
1172
1260
1373
1282
1292
1183
854
1139
1174
1229
1291
1250
1278
1174
1035
1220
1075
1230
1204
1269
1462
1266
1431
1204
957
1216
1217
1238
1388
1321
1328
1248
998
1290
1425
1328
1228
1383
1451
1389
1384
1352
909
1399
944
1273
1426
1397
1059
1236
999
1301
1364
1269
1278
1297
1373
1266
1339
1116
930
1131
942
1133
1478
1266
1117
1142
1077
1175
1511
1249
1473
1282
1574
1292
1117
1233
1242
1289
1134
1326
1617
1280
1211
1209
1152
1224
1366
1228
1490
1261
1490
1235
1057
1100
1046
1200
1065
1264
1538
1275
1122
1208
1066
1226
1445
1248
1487
1291
1487
1284
998
1174
1448
1227
1084
1097
1538
1304
1005
1150
1004
1278
1212
1247
1425
1274
1392
1278
914
1225
1333
1260
1002
1315
1464
1311
938
1208
908
1344
1148
1331
1322
1370
1308
1313
805
1244
1043
1195
989
1324
1394
1255
976
1219
1184
1286
1308
1275
1477
1290
1489
1194
1080
1159
1324
1225
1450
1294
1451
1185
1216
1208
1084
1308
1301
1315
1515
1311
1441
1183
1024
1275
991
1159
1376
1288
1249
1213
1017
1166
1373
1246
1061
1277
1380
1280
1375
1129
976
1250
977
1161
1516
1282
1085
1219
1135
1162
1480
1257
1407
1295
1523
1269
1062
1200
1309
1246
1103
1185
1540
1266
1108
1207
1084
1202
1433
1264
1333
1310
1413
1302
1007
1222
1198
1301
929
1226
1437
1327
1063
1270
1028
1309
1092
1295
1340
1314
1412
1295
1034
1154
1141
1216
1014
1312
1559
1255
1142
1241
1109
1148
1283
1302
1506
1354
1503
1344
977
1290
1456
1316
1088
1312
1554
1320
1097
1325
1092
1379
1222
1325
1447
1346
1451
1320
1029
1162
1403
1161
1003
1286
1586
1174
1172
1200
1109
1269
1309
1252
1551
1279
1528
1154
1105
1203
1287
1144
1080
1269
1594
1159
1148
1191
1041
1297
1377
1273
1460
1295
1417
1206
959
1182
1001
1178
1423
1315
1136
1244
990
1214
1047
1362
1214
1310
1437
1322
1386
1235
966
1313
1035
1192
1396
1274
1221
1153
1106
1183
1447
1240
1261
1271
1505
1272
1471
1205
988
1265
1136
1215
1377
1297
1272
1242
1176
1250
1529
1283
1392
1324
1508
1312
1079
1176
1394
1301
992
1164
1502
1287
1095
1156
1056
1169
1467
1251
1400
1257
1486
1255
1102
1110
1412
1200
1054
1126
1526
1265
1133
1211
1029
1179
1244
1270
1347
1322
1372
1317
911
1247
1331
1215
897
1348
1370
1238
963
1228
970
1260
1332
1263
1341
1322
1349
1297
884
1144
1353
1206
960
1230
1534
1158
1147
1163
1143
1246
1285
1228
1479
1272
1442
1148
993
1263
1345
1173
964
1294
1526
1242
1066
1232
1025
1306
1086
1329
1459
1368
1438
1328
928
1343
1222
1285
1054
1335
1619
1219
1196
1231
1123
1336
1413
1292
1529
1300
1480
1195
1008
1214
1137
1145
1066
1272
1597
1164
1110
1233
1549
1293
1339
1308
1528
1327
1433
1195
965
1308
1019
1225
1416
1305
1230
1196
1160
1267
1528
1264
1231
1291
1478
1262
1400
1138
964
1231
971
1131
1264
1254
1065
1183
1003
1157
1264
1262
1215
1339
1404
1312
1016
1233
1387
1309
1060
1235
1530
1309
1106
1204
1101
1204
1261
1295
1407
1335
1411
1320
923
1188
1265
1298
913
1186
1421
1315
1035
1231
1099
1306
1300
1284
1394
1317
1454
1299
1016
1215
1472
1146
1128
1242
1626
1263
1169
1180
1238
1170
1476
1239
1569
1329
1524
1299
1037
1166
1435
1206
1093
1231
1585
1204
1201
1236
1157
1279
1275
1213
1458
1278
1389
1153
926
1236
1268
1137
994
1221
1518
1222
1130
1184
1462
1250
1322
1264
1524
1295
1460
1190
1004
1277
1185
1163
1044
1273
1529
1221
1066
1220
1139
1290
1274
1269
1459
1293
1284
1208
921
1265
1019
1222
989
1267
1483
1161
1008
1197
1486
1255
1257
1265
1427
1288
1389
1149
1093
1275
938
1139
1254
1274
1054
1212
1072
1193
1418
1264
1203
1321
1402
1331
1360
1276
987
1327
981
1201
1169
1330
1187
1192
1192
1245
1594
1263
1338
1312
1512
1302
1060
1164
1419
1287
1054
1236
1542
1304
1202
1173
1157
1193
1549
1276
1453
1346
1474
1335
1022
1273
1379
1257
1073
1279
1532
1342
1161
1252
1219
1297
1380
1287
1476
1298
1470
1313
927
1226
1418
1260
1024
1294
1573
1266
1122
1225
1162
1237
1525
1256
1474
1302
1430
1292
885
1204
1334
1219
964
1269
1478
1267
1059
1185
1088
1308
1314
1250
1486
1294
1436
1234
887
1245
1372
1151
1078
1098
1602
1207
1204
1193
1385
1208
1332
1234
1490
1277
1379
1220
885
1268
1053
1223
1005
1291
1494
1175
1126
1176
1091
1297
1315
1274
1452
1323
1299
1233
1136
1292
1037
1227
1058
1281
1535
1172
1152
1195
1545
1277
1333
1261
1512
1295
1391
1223
1198
1294
986
1238
1304
1301
1173
1147
1132
1246
1449
1274
1463
1316
1473
1332
980
1230
1343
1332
966
1211
1314
1337
1216
1280
1217
1256
1595
1282
1346
1301
1516
1255
1029
1144
1395
1262
962
1201
1478
1268
1130
1143
1112
1150
1475
1229
1382
1307
1452
1311
1038
1243
1325
1295
989
1285
1494
1329
1168
1238
1222
1322
1462
1295
1535
1320
1535
1304
1008
1216
1432
1228
1014
1197
1498
1272
1167
1197
1025
1280
1376
1246
1472
1287
1451
1217
963
1152
1382
1243
975
1169
1553
1175
1185
1218
1196
1309
1321
1236
1509
1296
1457
1243
886
1273
1329
1250
971
1263
1539
1194
1170
1162
1072
1308
1340
1264
1504
1312
1434
1266
877
1293
1081
1215
1054
1278
1545
1182
1187
1166
1191
1283
1384
1257
1512
1288
1410
1219
1269
1333
1018
1190
1068
1297
1489
1173
1147
1253
1610
1272
1385
1287
1513
1314
1424
1236
1256
1312
905
1224
1310
1278
1150
1176
1142
1206
1472
1253
1294
1277
1479
1274
938
1183
1362
1292
957
1194
1359
1283
1249
1212
1261
1245
1510
1251
1479
1295
1541
1290
990
1214
1344
1272
965
1158
1450
1295
1046
1215
1175
1218
1483
1231
1329
1236
1371
1271
898
1183
1276
1216
942
1220
1453
1295
1096
1200
1152
1214
1364
1237
1451
1278
1454
1279
924
1302
1375
1236
936
1218
1471
1294
1105
1157
1122
1302
1415
1251
1460
1292
1426
1285
935
1174
1328
1193
996
1291
1523
1244
1141
1190
1179
1317
1320
1233
1481
1289
1401
1195
912
1294
1296
1204
998
1233
1516
1219
1162
1206
1119
1347
1332
1298
1528
1346
1463
1245
924
1341
1148
1273
1014
1325
1501
1251
1260
1250
1198
1293
1407
1233
1545
1271
1326
1201
1227
1284
945
1173
1005
1278
1360
1211
1176
1216
1538
1246
1317
1271
1515
1301
1416
1176
1211
1308
1011
1198
1354
1333
1153
1266
1263
1209
1561
1262
1400
1271
1586
1278
1086
1170
1407
1281
1019
1147
1242
1290
1247
1193
1221
1216
1589
1268
1340
1304
1504
1293
1020
1243
1367
1313
1003
1240
1079
1325
1180
1207
1217
1305
1511
1261
1394
1288
1481
1281
955
1172
1360
1278
978
1198
1468
1308
1159
1233
1146
1241
1526
1258
1430
1300
1424
1274
919
1123
1337
1220
943
1184
1448
1323
1085
1190
1174
1218
1401
1222
1465
1265
1456
1259
897
1257
1384
1177
1048
1256
1567
1249
1152
1173
1189
1308
1480
1248
1496
1288
1400
1188
877
1290
1224
1241
874
1175
1483
1197
1147
1180
1054
1266
1311
1258
1487
1279
1410
1253
875
1271
1068
1228
972
1283
1497
1220
1186
1177
1229
1305
1273
1251
1492
1285
1357
1157
1200
1287
971
1167
956
1290
1383
1187
1058
1243
1424
1269
1273
1274
1455
1297
1403
1170
1270
1305
1007
1243
1323
1309
1212
1189
1238
1217
1538
1249
1359
1287
1500
1292
966
1168
1318
1299
958
1239
1109
1302
1057
1222
1094
1224
1549
1253
1195
1303
1441
1296
1002
1217
1326
1309
1001
1246
1063
1326
1155
1252
1214
1158
1364
1254
1428
1291
1511
1279
992
1308
1375
1264
1015
1148
1501
1282
1205
1202
1238
1200
1548
1265
1469
1308
1457
1308
936
1256
1352
1279
911
1207
1470
1332
1176
1223
1171
1271
1450
1247
1484
1281
1475
1273
970
1242
1354
1200
921
1156
1512
1274
1169
1276
1206
1359
1379
1293
1515
1338
1442
1238
944
1335
1328
1221
1010
1250
1542
1273
1188
1256
1208
1298
1290
1257
1542
1275
1489
1254
896
1272
1165
1179
1080
1302
1485
1218
1282
1257
1243
1321
1483
1273
1627
1307
1465
1245
1318
1331
1130
1254
1026
1276
1463
1187
1193
1242
1536
1265
1387
1266
1545
1281
1430
1151
1258
1299
1001
1257
1195
1317
1116
1236
1214
1209
1333
1271
1303
1291
1455
1298
942
1190
1270
1303
882
1175
1016
1300
1131
1207
1157
1172
1568
1235
1299
1295
1444
1277
989
1170
1316
1298
882
1207
1215
1295
1122
1184
1234
1176
1441
1230
1405
1269
1457
1272
924
1228
1319
1306
848
1231
1405
1312
1061
1181
1171
1244
1352
1276
1431
1320
1409
1315
908
1341
1320
1216
913
1222
1461
1365
1126
1194
1190
1279
1480
1255
1514
1297
1513
1218
974
1298
1379
1229
982
1197
1556
1235
1168
1173
1237
1257
1390
1294
1557
1329
1467
1281
885
1318
1294
1263
999
1202
1541
1216
1234
1208
1213
1313
1422
1245
1582
1285
1485
1234
971
1283
1189
1168
1077
1265
1434
1198
1249
1242
1215
1297
1371
1268
1530
1308
1407
1172
1212
1316
983
1239
962
1328
1392
1192
1191
1227
1562
1283
1355
1286
1501
1302
1397
1203
1283
1311
942
1259
960
1292
1334
1275
1233
1288
1566
1284
1295
1310
1513
1308
1020
1227
1359
1304
948
1179
1247
1287
1148
1143
1176
1211
1569
1241
1352
1261
1447
1263
953
1190
1267
1268
896
1206
1021
1304
1039
1194
1130
1160
1208
1247
1273
1298
1387
1289
786
1337
1277
1288
828
1219
1408
1291
1148
1182
1226
1219
1374
1241
1513
1282
1521
1254
921
1244
1396
1175
980
1186
1519
1333
1199
1233
1274
1297
1438
1267
1535
1283
1468
1184
890
1296
1320
1200
894
1260
1484
1221
1150
1252
1124
1264
1308
1260
1529
1298
1442
1261
894
1270
1313
1255
962
1220
1521
1221
1199
1246
1152
1288
1295
1239
1510
1288
1391
1207
844
1293
1020
1241
920
1301
1316
1263
1063
1182
1165
1299
1341
1275
1491
1312
1352
1195
1235
1310
999
1193
958
1304
1357
1203
1131
1244
1529
1264
1319
1274
1511
1305
1395
1238
1286
1306
957
1238
1002
1311
1359
1184
1190
1191
1641
1249
1382
1280
1539
1311
1023
1161
1379
1291
989
1165
1258
1297
1192
1169
1202
1168
1599
1259
1334
1293
1472
1297
978
1181
1321
1307
949
1247
1033
1320
1218
1243
1200
1336
1426
1284
1401
1325
1503
1316
900
1339
1359
1303
930
1193
1445
1347
1078
1212
1128
1221
1558
1266
1448
1292
1382
1279
849
1265
1272
1199
884
1153
1394
1258
1092
1197
1112
1244
1323
1220
1410
1282
1373
1169
831
1246
1236
1165
912
1196
1460
1104
1159
1180
1133
1238
1362
1207
1543
1251
1452
1171
893
1268
1306
1146
979
1189
1515
1220
1175
1239
1124
1276
1380
1240
1501
1291
1408
1200
869
1284
1308
1286
1357
1253
1198
1157
1143
1221
1159
1148
1128
1201
993
1287
1370
1302
1312
1295
1270
1289
1151
1281
1260
1286
1344
1284
1143
1274
1059
1200
1007
1226
870
1194
1250
1344
1311
1347
1315
1338
1276
1296
1318
1292
1331
1284
1264
1275
1041
1259
955
1181
890
1245
798
1333
1452
1341
1538
1328
1573
1311
1388
1274
1319
1257
1222
1247
897
1216
935
1259
948
1276
1066
1217
1650
1348
1737
1339
1704
1332
1465
1281
1300
1224
1210
1274
1131
1276
1004
1271
1029
1243
1231
1272
1332
1337
1755
1316
1657
1315
1516
1292
1229
1287
1190
1302
1240
1304
1122
1266
1293
1255
1335
1275
1297
1210
1664
1330
1493
1346
1365
1351
1150
1306
1135
1314
1233
1312
1245
1268
1234
1266
1172
1203
1107
1248
1294
1305
1357
1318
1372
1322
1408
1288
1323
1268
1445
1273
1507
1290
1304
1184
1110
1215
1020
1195
919
1256
1413
1328
1476
1324
1560
1313
1466
1263
1477
1253
1436
1249
1270
1229
1020
1221
922
1215
970
1237
1245
1295
1594
1302
1641
1291
1610
1261
1340
1243
1210
1260
1122
1222
908
1216
833
1208
966
1184
1053
1222
1649
1322
1656
1321
1556
1298
1255
1266
1102
1274
1062
1286
1014
1256
989
1276
1054
1227
1160
1283
1348
1332
1539
1333
1418
1326
1259
1305
1056
1290
1102
1289
1213
1275
1125
1257
1260
1266
1207
1260
1138
1245
1506
1325
1424
1337
1358
1333
1250
1321
1248
1304
1381
1303
1353
1284
1193
1275
1067
1244
954
1205
949
1310
1372
1319
1407
1311
1478
1282
1418
1248
1480
1247
1449
1234
1170
1217
1000
1191
904
1163
875
1214
1397
1289
1483
1292
1550
1283
1453
1237
1356
1230
1250
1241
1152
1154
891
1183
882
1222
922
1168
1050
1288
1662
1309
1629
1307
1578
1287
1267
1259
1167
1266
1092
1285
861
1279
902
1243
1026
1230
1128
1263
1635
1332
1543
1298
1452
1300
1207
1279
1082
1265
1122
1296
1174
1206
1127
1246
1197
1214
1214
1246
1129
1279
1459
1297
1313
1289
1192
1282
1021
1244
1098
1240
1234
1228
1184
1201
1103
1136
1091
1115
924
1176
1309
1240
1275
1235
1273
1229
1261
1180
1254
1171
1347
1159
1360
1140
1095
1074
963
1102
819
1148
730
1235
1247
1260
1355
1238
1461
1231
1335
1188
1336
1191
1242
1216
898
1175
752
1250
675
1325
760
1352
1301
1436
1507
1429
1640
1387
1632
1322
1454
1290
1370
1293
1228
1298
984
1329
900
1400
1044
1380
1256
1518
1859
1483
1922
1401
1864
1332
1561
1252
1387
1259
1252
1296
980
1295
922
1411
847
1449
999
1437
1493
1451
1588
1357
1575
1281
1475
1162
1205
1135
1124
1173
1094
1204
896
1291
926
1341
992
1390
1023
1360
1553
1362
1619
1248
1606
1139
1455
1036
1388
1035
1368
1092
1271
1181
1068
1249
1042
1311
1092
1290
1422
1304
1727
1194
1761
1078
1726
985
1466
965
1334
1019
1171
1128
880
1175
791
1245
819
1287
868
1218
1430
1286
1578
1156
1587
1078
1389
998
1140
1053
952
1150
834
1206
591
1350
677
1391
818
1454
942
1446
1556
1365
1555
1261
1440
1182
1090
1153
940
1224
817
1348
588
1419
678
1530
778
1555
987
1464
1573
1491
1652
1364
1588
1254
1421
1165
1163
1179
1078
1245
1070
1312
987
1415
1017
1435
1138
1390
1260
1372
1754
1324
1724
1202
1633
1127
1347
1059
1282
1103
1214
1209
1050
1306
1021
1356
1180
1394
1258
1355
1677
1390
1765
1271
1698
1160
1559
1067
1284
1084
1170
1173
1085
1290
817
1340
948
1408
1095
1411
1237
1497
1807
1361
1843
1251
1753
1158
1408
1109
1191
1168
1060
1275
966
1346
807
1424
959
1509
1135
1382
1582
1382
1867
1239
1808
1143
1603
1071
1202
1089
999
1195
921
1325
765
1391
926
1437
1143
1414
1306
1325
1835
1345
1832
1224
1676
1135
1439
1094
1129
1180
1058
1273
1067
1382
1023
1457
1228
1414
1367
1355
1450
1404
1885
1282
1788
1170
1628
1113
1316
1099
1218
1158
1158
1264
1030
1352
1023
1349
1114
1339
1138
1333
1457
1338
1513
1216
1427
1122
1326
1051
1102
1089
1041
1193
1014
1292
804
1368
812
1442
877
1439
992
1400
1507
1349
1482
1244
1492
1168
1276
1122
1154
1188
1056
1290
958
1340
773
1455
858
1501
996
1448
1257
1406
1723
1278
1741
1182
1639
1134
1313
1130
1180
1222
1090
1344
944
1451
984
1441
1155
1407
1269
1365
1846
1323
1912
1207
1817
1139
1632
1093
1322
1155
1193
1273
1164
1378
1047
1468
1181
1409
1328
1387
1401
1299
1857
1284
1775
1167
1624
1110
1258
1076
1116
1114
1059
1233
1057
1252
991
1293
1159
1307
1219
1218
1498
1263
1643
1187
1549
1096
1390
1047
1079
1085
1015
1201
991
1286
867
1337
877
1404
929
1403
1060
1288
1487
1308
1462
1211
1392
1133
1192
1082
963
1143
891
1239
874
1265
778
1336
821
1395
950
1281
1125
1337
1626
1244
1583
1145
1445
1112
1097
1117
962
1217
865
1327
821
1415
813
1447
1034
1433
1131
1332
1671
1332
1790
1241
1656
1184
1458
1188
1108
1227
961
1316
969
1435
934
1427
1132
1484
1299
1417
1437
1296
1864
1292
1744
1204
1537
1172
1222
1192
988
1239
989
1322
1120
1342
1144
1367
1331
1432
1427
1374
1385
1375
1767
1276
1556
1213
1351
1189
1040
1180
996
1240
1077
1311
1138
1348
1145
1356
1276
1353
1276
1223
1598
1271
1576
1154
1457
1114
1354
1086
1131
1131
1144
1225
1194
1318
1144
1392
1181
1368
1292
1322
1216
1302
1682
1259
1606
1133
1506
1125
1276
1107
1100
1206
1069
1311
1097
1396
944
1449
1086
1358
1167
1355
1141
1289
1640
1191
1533
1110
1370
1112
1027
1140
912
1254
895
1331
902
1349
946
1342
1094
1283
1197
1244
1558
1204
1570
1114
1412
1087
1210
1118
876
1191
787
1301
898
1378
914
1383
1014
1376
1140
1306
1261
1230
1655
1213
1516
1164
1292
1182
1118
1175
910
1263
977
1318
1139
1408
1148
1415
1288
1405
1313
1295
1345
1268
1686
1218
1520
1174
1351
1194
1065
1216
1038
1310
1100
1400
1263
1433
1224
1376
1323
1363
1300
1247
1374
1282
1525
1165
1377
1142
1214
1184
959
1243
978
1349
1090
1439
1098
1471
1227
1416
1266
1304
1322
1199
1660
1220
1529
1165
1381
1174
1221
1225
1044
1318
1110
1414
1249
1462
1203
1401
1399
1342
1490
1274
1402
1250
1674
1167
1480
1154
1286
1197
1042
1250
984
1330
1146
1380
1383
1337
1312
1343
1399
1203
1414
1143
1235
1132
1544
1086
1313
1103
1183
1165
964
1213
1103
1303
1296
1373
1350
1391
1379
1292
1391
1247
1240
1143
1452
1216
1284
1151
1154
1188
1075
1227
947
1296
1082
1385
1252
1438
1185
1392
1251
1388
1170
1299
1077
1136
1372
1190
1270
1164
1207
1194
1161
1243
1050
1350
1187
1422
1287
1441
1173
1447
1184
1358
1094
1226
1020
1139
1424
1133
1319
1128
1239
1216
1057
1294
1085
1402
1171
1471
1282
1471
1196
1387
1193
1310
1211
1113
1168
1181
1509
1114
1411
1210
1315
1261
1116
1349
1197
1430
1338
1455
1324
1383
1363
1278
1471
1201
1322
1127
1600
1148
1499
1149
1343
1204
1264
1264
1128
1325
1241
1380
1379
1398
1286
1323
1328
1245
1245
1173
1099
1047
1345
1095
1196
1110
1094
1164
1109
1206
1061
1293
1208
1370
1318
1407
1196
1340
1159
1248
1048
1180
854
1145
1272
1129
1194
1157
1167
1231
1062
1297
1105
1393
1192
1451
1252
1398
1105
1305
1067
1273
983
1106
1144
1140
1326
1133
1306
1183
1277
1279
1122
1366
1156
1452
1232
1487
1200
1442
1096
1282
1196
1165
1154
1020
1465
1122
1421
1124
1324
1207
1235
1301
1058
1391
1125
1464
1232
1476
1180
1418
1253
1246
1271
1163
1129
1120
1517
1160
1340
1213
1260
1314
1204
1402
1104
1476
1220
1530
1355
1517
1320
1405
1267
1320
1249
1142
1157
1146
1420
1178
1380
1246
1339
1365
1293
1407
1264
1498
1398
1496
1523
1431
1413
1298
1321
1234
1252
1065
1208
1135
1455
1126
1397
1213
1357
1326
1196
1416
1277
1502
1389
1522
1480
1362
1337
1270
1337
1216
1232
1036
1491
1131
1397
1170
1342
1271
1300
1386
1161
1462
1239
1522
1357
1482
1320
1298
1328
1229
1250
1109
1126
1024
1419
1092
1261
1158
1198
1272
1151
1361
1049
1439
1202
1468
1342
1415
1252
1291
1281
1136
1185
1033
980
971
1247
1100
1133
1161
1074
1274
1149
1361
1135
1430
1277
1443
1431
1397
1261
1229
1244
1109
1094
1052
903
1003
1194
1131
1130
1231
1193
1348
1290
1430
1289
1492
1424
1487
1480
1432
1209
1241
1153
1125
1017
1049
823
1097
1163
1141
1237
1247
1297
1391
1292
1446
1345
1500
1420
1484
1438
1328
1194
1217
1119
1022
976
1030
900
1093
1194
1170
1246
1317
1317
1444
1235
1501
1329
1522
1406
1464
1341
1298
1221
1185
1079
1077
1016
1047
1325
1130
1283
1237
1300
1375
1357
1486
1285
1530
1419
1506
1467
1409
1351
1238
1232
1161
1135
1079
925
1068
1320
1169
1283
1250
1354
1403
1442
1506
1364
1532
1472
1512
1515
1424
1358
1250
1183
1100
1074
1014
1028
1016
1382
1150
1360
1252
1414
1411
1486
1475
1407
1519
1467
1489
1472
1378
1182
1218
1157
1090
1017
1013
943
1087
1327
1105
1304
1283
1396
1435
1449
1510
1341
1516
1352
1447
1358
1300
1161
1132
1087
975
1016
969
943
1069
1270
1181
1372
1356
1414
1504
1417
1544
1336
1546
1355
1421
1344
1248
1077
1100
1070
975
986
982
860
1116
1259
1259
1337
1407
1380
1534
1316
1533
1298
1493
1342
1378
1325
1212
1035
1092
982
987
941
999
1119
1166
1269
1295
1365
1474
1409
1581
1321
1566
1343
1497
1372
1376
1304
1154
1128
1017
1044
1005
906
982
1291
1196
1316
1373
1375
1530
1444
1634
1331
1608
1385
1512
1412
1373
1179
1162
1127
1037
1057
933
958
980
1213
1200
1309
1374
1440
1552
1497
1614
1392
1552
1430
1432
1443
1260
1281
1084
1131
922
1063
939
982
1032
1270
1202
1377
1388
1435
1485
1507
1566
1395
1477
1452
1338
1460
1172
1262
972
1158
902
1045
946
953
1114
1154
1270
1300
1469
1387
1594
1445
1608
1341
1508
1379
1334
1377
1201
1077
1043
1045
965
928
1013
832
1181
1161
1358
1222
1538
1314
1636
1386
1625
1277
1503
1315
1346
1310
1178
1111
1024
957
963
871
998
793
1188
1199
1408
1285
1598
1365
1680
1416
1636
1305
1502
1344
1299
1355
1086
1163
1004
1115
936
1051
1072
1106
1261
1307
1492
1403
1662
1486
1717
1540
1620
1427
1449
1471
1264
1483
1087
1194
989
1178
947
1108
1118
1195
1356
1362
1526
1460
1658
1542
1656
1616
1498
1500
1337
1519
1173
1484
1009
1206
898
1121
964
1002
1086
1245
1285
1323
1484
1412
1595
1504
1604
1549
1430
1426
1258
1415
1089
1333
959
1028
918
1003
923
917
1114
1275
1336
1285
1535
1437
1610
1517
1573
1564
1423
1411
1251
1373
1073
1275
894
1018
875
917
1014
809
1112
1084
1404
1257
1566
1453
1643
1481
1612
1504
1405
1349
1184
1323
1043
1163
964
923
908
942
1011
879
1184
1046
1431
1282
1580
1423
1621
1506
1543
1520
1340
1372
1152
1297
1013
1160
920
991
980
858
1109
825
1251
1277
1495
1377
1622
1472
1665
1513
1568
1507
1343
1332
1167
1271
1040
1143
908
958
977
878
1087
871
1328
1068
1520
1282
1626
1440
1621
1505
1507
1508
1313
1349
1134
1313
1013
1138
948
1015
948
996
1080
988
1290
1051
1581
1476
1623
1534
1619
1554
1479
1537
1292
1369
1104
1316
992
1112
905
961
924
1035
1129
1033
1367
1275
1601
1437
1674
1541
1627
1561
1472
1578
1246
1393
1069
1359
978
1197
899
1057
1051
1047
1209
1041
1480
1273
1624
1387
1669
1517
1582
1567
1419
1524
1176
1321
1018
1255
942
1064
898
905
1025
965
1199
959
1502
1209
1600
1377
1633
1482
1532
1482
1349
1446
1141
1247
990
1211
943
1005
917
930
1068
993
1248
1015
1479
1191
1622
1396
1621
1477
1532
1511
1344
1455
1139
1253
1000
1196
949
1059
950
1024
1129
962
1250
1015
1511
1205
1616
1368
1606
1434
1471
1445
1278
1404
1075
1229
942
1214
916
1009
975
966
1113
998
1309
1012
1529
1165
1626
1313
1580
1413
1441
1437
1245
1430
1067
1263
955
1245
947
1143
1018
1024
1210
1040
1413
994
1547
1278
1630
1373
1566
1452
1404
1474
1238
1458
1076
1290
978
1292
991
1192
1076
1103
1289
1026
1492
1048
1620
1346
1635
1367
1555
1444
1406
1471
1223
1477
1057
1316
982
1316
993
1295
1085
1142
1283
1061
1479
1001
1604
1195
1632
1289
1543
1383
1373
1457
1205
1480
1056
1359
978
1364
984
1354
1105
1087
1305
1041
1470
967
1632
1188
1581
1236
1455
1351
1300
1431
1149
1488
995
1363
898
1339
977
1301
1077
1067
1294
992
1450
922
1559
1036
1546
1176
1419
1317
1250
1435
1107
1443
1000
1411
942
1333
1028
1260
1103
1049
1303
906
1555
919
1570
888
1554
1150
1427
1322
1268
1457
1134
1519
1063
1462
1019
1356
1094
1288
1198
1033
1424
979
1555
931
1616
994
1590
1174
1464
1341
1262
1512
1173
1540
1074
1600
1030
1400
1113
1335
1261
1094
1434
984
1531
923
1573
1000
1575
1208
1418
1385
1263
1604
1117
1742
1031
1723
1007
1511
1110
1398
1281
1092
1422
1003
1557
924
1585
1057
1514
1153
1381
1398
1242
1650
1051
1776
1015
1687
1047
1461
1124
1322
1303
1026
1457
923
1569
879
1528
1051
1448
1240
1305
1487
1139
1712
1060
1725
1009
1622
1035
1377
1132
1224
1288
928
1408
933
1488
794
1512
917
1385
1183
1264
1449
1162
1566
1073
1656
1028
1576
1050
1338
1146
1168
1308
997
1372
840
1516
826
1460
998
1418
1119
1309
1379
1168
1591
1070
1625
1033
1580
1046
1363
1153
1112
1277
989
1415
778
1549
748
1530
918
1381
1069
1259
1533
1128
1685
1051
1706
1019
1553
1080
1345
1188
1050
1347
872
1469
743
1528
805
1493
953
1403
1215
1245
1546
1115
1682
1068
1673
1058
1539
1130
1311
1245
1025
1375
955
1504
784
1540
845
1443
1039
1407
1379
1251
1500
1146
1667
1059
1633
1084
1489
1146
1288
1265
1049
1366
939
1473
785
1490
946
1495
1089
1375
1320
1242
1445
1137
1609
1074
1563
1093
1446
1148
1235
1262
1100
1364
958
1476
868
1484
985
1493
1136
1309
1307
1226
1556
1134
1630
1074
1594
1087
1457
1167
1298
1289
1151
1368
1010
1482
1064
1494
1114
1467
1265
1344
1454
1196
1578
1099
1647
1057
1574
1057
1448
1170
1178
1292
1135
1395
1011
1454
1079
1460
1044
1353
1163
1276
1421
1174
1584
1102
1467
1065
1427
1102
1324
1221
1205
1286
1103
1372
1053
1426
1125
1437
1078
1366
1285
1260
1327
1141
1408
1135
1376
1109
1345
1129
1293
1205
1117
1299
1196
1376
1124
1430
1128
1431
1088
1406
1206
1333
1275
1230
1231
1157
1343
1120
1298
1148
1244
1213
1178
1306
1141
1425
1122
1451
1125
1469
1214
1393
1247
1296
1294
1281
1310
1166
1332
1146
1293
1187
1258
1272
1244
1333
1227
1418
1262
1467
1249
1458
1364
1403
1364
1312
1429
1226
1383
1167
1324
1161
1240
1191
1257
1244
1199
1331
1271
1374
1345
1400
1317
1393
1425
1358
1476
1285
1357
1191
1326
1164
1241
1127
1133
1135
1198
1198
1232
1244
1232
1316
1282
1325
1336
1353
1385
1334
1285
1253
1287
1189
1212
1121
1126
1113
1094
1124
1108
1169
1155
1218
1207
1287
1295
1324
1301
1337
1325
1313
1334
1241
1267
1195
1222
1164
1038
1160
900
1193
1194
1204
1114
1259
1153
1338
1286
1357
1342
1384
1382
1347
1414
1295
1293
1253
1172
1205
1083
1195
1012
1192
988
1256
1032
1298
1177
1325
1345
1373
1429
1359
1459
1367
1407
1332
1271
1297
1044
1287
983
1187
951
1272
941
1263
1120
1285
1226
1325
1365
1363
1489
1387
1485
1357
1435
1334
1289
1299
1141
1252
1020
1212
988
1217
1037
1218
1144
1238
1266
1260
1476
1304
1587
1313
1631
1310
1561
1295
1423
1266
1190
1246
1179
1208
933
1191
1050
1210
1150
1237
1303
1279
1443
1320
1555
1338
1587
1335
1529
1319
1389
1283
1177
1266
1009
1240
897
1229
929
1224
1020
1257
1230
1261
1392
1286
1535
1294
1591
1305
1524
1299
1364
1311
1077
1279
921
1280
953
1267
857
1205
1061
1241
1178
1237
1363
1265
1496
1284
1514
1294
1456
1311
1278
1310
1104
1293
966
1264
879
1235
911
1243
996
1232
1154
1246
1342
1264
1443
1280
1524
1297
1510
1304
1425
1297
1253
1282
1188
1257
1039
1269
970
1237
1087
1229
1171
1269
1302
1256
1410
1265
1513
1274
1537
1292
1419
1295
1272
1319
1035
1315
958
1300
919
1281
900
1258
1035
1242
1201
1206
1370
1225
1519
1250
1543
1220
1443
1323
1326
1328
1144
1330
1019
1324
950
1299
992
1273
1114
1244
1273
1235
1434
1209
1540
1262
1475
1304
1466
1335
1326
1365
1186
1377
987
1380
1004
1340
1018
1304
1114
1258
1235
1235
1387
1226
1470
1239
1485
1276
1491
1350
1466
1336
1339
1365
1205
1350
1093
1350
1085
1302
1181
1254
1262
1206
1396
1179
1524
1189
1573
1220
1545
1262
1473
1339
1323
1386
1164
1404
1049
1380
1004
1330
1058
1258
1179
1193
1311
1157
1458
1145
1553
1198
1492
1302
1399
1345
1223
1416
1181
1426
1038
1400
1029
1339
1102
1253
1200
1178
1331
1140
1433
1140
1477
1177
1483
1274
1337
1350
1248
1422
1183
1433
1106
1402
1092
1357
1090
1268
1189
1186
1254
1147
1292
1126
1263
1184
1397
1239
1394
1343
1200
1423
1211
1446
1176
1428
1078
1361
1111
1272
1133
1180
1207
1112
1260
1096
1308
1129
1346
1204
1331
1310
1286
1395
1261
1462
1178
1430
1131
1376
1103
1296
1155
1151
1193
1096
1251
1063
1292
1096
1236
1165
1425
1290
1156
1406
1235
1411
1195
1459
1163
1401
1174
1300
1199
1195
1235
1120
1282
1081
1250
1104
1261
1194
1259
1306
1192
1412
1237
1464
1228
1478
1247
1399
1232
1320
1212
1227
1175
1141
1163
1101
1129
1111
1123
1181
1156
1275
1137
1380
1263
1479
1282
1480
1261
1437
1219
1348
1197
1267
1160
1167
1123
1107
1125
1114
1169
1179
1246
1260
1284
1369
1339
1445
1360
1499
1333
1477
1300
1379
1288
1282
1211
1185
1186
1122
1214
1111
1171
1159
1126
1227
1212
1332
1322
1412
1293
1445
1304
1429
1322
1361
1311
1266
1270
1189
1192
1127
1187
1116
1242
1110
1221
1209
1223
1292
1316
1362
1363
1418
1347
1424
1358
1369
1365
1303
1275
1213
1193
1172
1125
1160
1163
1161
1357
1179
1284
1250
1398
1340
1367
1390
1351
1419
1352
1406
1296
1348
1216
1254
1123
1215
1109
1172
1132
1185
1193
1180
1267
1242
1338
1318
1369
1383
1327
1411
1307
1408
1247
1371
1199
1300
1154
1237
1238
1169
1225
1180
1235
1169
1335
1208
1369
1274
1342
1330
1309
1374
1298
1383
1217
1370
1168
1327
1129
1265
1135
1220
1151
1172
1211
1176
1261
1190
1340
1225
1288
1291
1210
1350
1164
1375
1150
1384
1103
1359
1071
1318
1096
1248
1161
1202
1243
1185
1320
1176
1325
1221
1331
1242
1289
1312
1231
1351
1140
1373
1093
1374
1062
1326
1111
1265
1188
1236
1317
1197
1352
1168
1437
1177
1425
1223
1294
1272
1194
1334
1111
1375
1063
1378
1079
1353
1149
1311
1308
1266
1390
1223
1613
1171
1565
1210
1376
1223
1251
1272
1249
1363
1108
1347
1054
1390
1112
1387
1158
1364
1277
1302
1400
1268
1470
1229
1548
1198
1463
1198
1327
1247
1199
1299
1082
1354
1016
1402
1079
1420
1103
1377
1217
1348
1329
1326
1339
1247
1602
1212
1508
1181
1407
1215
1274
1260
1114
1330
991
1385
971
1417
1008
1401
1128
1331
1277
1296
1425
1224
1518
1187
1530
1168
1406
1189
1284
1207
1111
1282
960
1342
922
1376
990
1380
1066
1349
1331
1296
1432
1256
1593
1194
1595
1164
1492
1173
1379
1184
1202
1231
1088
1291
1052
1372
1047
1379
1150
1351
1283
1331
1406
1278
1505
1208
1560
1164
1474
1146
1356
1151
1263
1206
1129
1275
1026
1327
990
1398
1005
1408
1101
1370
1212
1308
1359
1224
1429
1178
1459
1145
1393
1146
1304
1188
1187
1255
1070
1322
957
1365
930
1391
970
1380
1064
1331
1257
1278
1361
1188
1453
1179
1380
1177
1377
1195
1250
1259
1106
1312
1014
1385
937
1425
947
1419
1134
1377
1175
1361
1364
1259
1399
1211
1539
1166
1473
1195
1451
1207
1329
1274
1171
1324
1076
1387
988
1419
1018
1390
1142
1337
1256
1250
1428
1190
1520
1167
1614
1151
1593
1186
1491
1250
1301
1335
1143
1390
986
1423
875
1395
910
1345
1088
1279
1292
1214
1493
1172
1614
1159
1683
1185
1631
1228
1453
1281
1216
1346
1034
1405
888
1396
854
1379
979
1322
1232
1261
1375
1220
1500
1197
1654
1172
1608
1211
1513
1258
1275
1330
1036
1383
868
1406
781
1395
830
1357
973
1260
1205
1221
1463
1175
1613
1155
1654
1180
1607
1226
1446
1303
1165
1362
940
1407
785
1412
664
1407
852
1329
1043
1232
1230
1188
1460
1141
1725
1168
1747
1208
1585
1278
1336
1337
1049
1407
839
1398
708
1363
775
1303
960
1247
1184
1199
1516
1148
1700
1149
1783
1183
1710
1236
1532
1294
1260
1346
970
1377
876
1366
823
1368
912
1273
1104
1222
1438
1198
1642
1153
1766
1168
1786
1206
1671
1266
1414
1307
1122
1389
834
1410
821
1391
799
1348
931
1280
1194
1221
1466
1182
1699
1182
1826
1225
1680
1296
1592
1369
1335
1404
955
1431
770
1418
739
1371
850
1313
1053
1252
1340
1217
1589
1196
1778
1226
1792
1264
1625
1307
1409
1354
1081
1381
857
1382
733
1362
769
1265
928
1276
1187
1232
1396
1197
1643
1192
1648
1234
1738
1264
1507
1283
1264
1331
977
1347
805
1372
764
1362
878
1324
1065
1272
1358
1207
1553
1186
1643
1180
1678
1211
1596
1245
1313
1300
1072
1331
853
1352
763
1350
777
1327
996
1259
1160
1231
1330
1151
1622
1155
1702
1185
1634
1201
1430
1255
1221
1294
988
1336
864
1343
831
1343
954
1314
1137
1276
1337
1205
1531
1169
1611
1167
1590
1187
1481
1213
1280
1266
1065
1300
897
1368
856
1380
822
1377
1086
1352
1188
1266
1354
1221
1503
1191
1517
1187
1476
1210
1350
1259
1200
1319
1046
1353
972
1410
917
1417
1044
1370
1180
1335
1292
1246
1430
1216
1503
1194
1517
1206
1456
1245
1421
1279
1167
1346
1070
1391
1082
1391
1105
1373
1147
1338
1247
1279
1376
1221
1452
1183
1503
1178
1446
1192
1368
1232
1271
1259
1151
1327
1025
1355
1042
1370
1138
1348
1196
1301
1266
1250
1350
1211
1415
1173
1377
1150
1314
1198
1220
1230
1107
1288
1090
1344
1070
1380
1070
1356
1112
1344
1178
1297
1244
1267
1319
1190
1409
1177
1378
1187
1352
1209
1302
1261
1199
1332
1119
1354
1089
1371
1114
1354
1153
1332
1273
1281
1386
1243
1418
1217
1454
1180
1481
1216
1328
1243
1234
1279
1150
1313
1037
1345
1090
1355
1099
1345
1183
1318
1251
1292
1356
1231
1390
1200
1424
1178
1380
1188
1270
1214
1164
1267
1109
1318
1083
1351
1107
1358
1108
1360
1294
1310
1347
1268
1453
1216
1496
1194
1407
1190
1339
1217
1256
1279
1129
1301
1012
1314
1061
1366
1043
1378
1137
1335
1270
1313
1391
1272
1435
1219
1452
1206
1400
1211
1298
1197
1191
1252
1021
1331
1052
1334
1078
1342
1145
1356
1199
1369
1319
1298
1387
1255
1432
1213
1417
1196
1345
1190
1243
1224
1132
1252
1064
1307
1027
1348
1101
1353
1191
1352
1253
1320
1341
1276
1406
1232
1399
1179
1341
1190
1203
1216
1223
1258
1004
1299
1050
1340
1151
1364
1154
1367
1254
1354
1324
1327
1349
1288
1380
1248
1371
1242
1334
1250
1277
1254
1201
1305
1169
1339
1129
1371
1152
1370
1148
1361
1205
1339
1255
1302
1292
1271
1320
1227
1389
1225
1354
1245
1245
1269
1171
1306
1232
1334
1181
1340
1183
1339
1191
1319
1213
1294
1241
1229
1286
1231
1323
1210
1338
1206
1350
1235
1319
1262
1268
1283
1305
1297
1245
1298
1214
1288
1195
1244
1134
1237
1200
1228
1278
1194
1302
1211
1358
1222
1385
1262
1381
1280
1338
1303
1279
1311
1217
1306
1142
1288
1089
1261
1101
1251
1154
1246
1198
1252
1317
1273
1349
1273
1411
1311
1333
1329
1417
1320
1252
1315
1138
1297
1055
1318
1039
1261
1079
1260
1121
1259
1193
1266
1294
1278
1374
1286
1398
1304
1393
1318
1327
1296
1202
1302
1096
1288
1050
1276
991
1264
1041
1256
1110
1260
1253
1256
1348
1275
1366
1273
1360
1289
1371
1289
1316
1282
1214
1272
1067
1254
1033
1243
1053
1241
1090
1222
1173
1261
1273
1252
1351
1265
1369
1270
1414
1279
1368
1286
1298
1278
1232
1281
1156
1268
1080
1271
1214
1249
1199
1280
1178
1253
1269
1255
1306
1271
1350
1284
1358
1297
1338
1312
1283
1318
1191
1328
1153
1316
1086
1298
1050
1282
1139
1267
1175
1260
1209
1251
1272
1284
1294
1305
1337
1321
1276
1349
1237
1346
1259
1340
1226
1322
1180
1288
1128
1283
1111
1245
1154
1238
1160
1244
1223
1255
1238
1289
1311
1292
1374
1314
1375
1291
1366
1304
1293
1279
1246
1248
1188
1225
1171
1203
1116
1202
1163
1260
1252
1272
1266
1315
1413
1339
1398
1363
1425
1356
1415
1343
1278
1307
1252
1240
1194
1234
1093
1196
1141
1226
1107
1261
1170
1290
1267
1321
1330
1344
1392
1357
1395
1350
1359
1308
1378
1265
1229
1227
1124
1200
1085
1193
1038
1221
1064
1259
1134
1264
1217
1323
1306
1325
1402
1346
1399
1322
1391
1274
1353
1247
1285
1205
1138
1195
1077
1219
1051
1248
1063
1288
1175
1321
1178
1345
1318
1366
1456
1351
1469
1327
1435
1270
1367
1246
1260
1224
1154
1222
1033
1239
1026
1268
1062
1310
1165
1327
1279
1364
1339
1382
1453
1349
1459
1308
1410
1267
1330
1240
1193
1216
1158
1218
1011
1254
1141
1265
1181
1324
1181
1351
1320
1356
1428
1345
1448
1310
1452
1280
1395
1234
1285
1224
1182
1227
1091
1238
1056
1265
1128
1292
1205
1312
1293
1320
1422
1325
1519
1316
1503
1289
1444
1263
1319
1243
1208
1234
1104
1220
1082
1233
1044
1265
1141
1276
1269
1298
1362
1347
1447
1311
1441
1298
1407
1264
1307
1241
1157
1221
1062
1206
1008
1218
975
1228
1111
1256
1247
1283
1355
1305
1447
1317
1482
1300
1489
1285
1333
1254
1192
1234
1052
1265
1089
1207
949
1238
1063
1257
1216
1279
1348
1295
1419
1313
1453
1324
1430
1304
1315
1291
1183
1268
1057
1255
945
1238
968
1229
998
1246
1112
1243
1246
1284
1371
1314
1442
1315
1429
1317
1369
1300
1352
1279
1102
1258
1012
1239
986
1242
995
1232
1086
1243
1284
1264
1394
1296
1457
1321
1533
1334
1472
1314
1397
1263
1248
1293
1121
1270
1067
1257
1049
1255
1104
1266
1264
1283
1358
1298
1485
1315
1472
1345
1370
1343
1385
1311
1296
1294
1219
1278
1167
1265
1113
1261
1128
1260
1178
1278
1244
1285
1314
1287
1349
1311
1317
1334
1321
1301
1336
1289
1248
1267
1217
1256
1165
1255
1145
1245
1135
1227
1147
1258
1171
1280
1231
1286
1202
1308
1241
1287
1253
1296
1262
1282
1316
1268
1279
1259
1243
1257
1252
1263
1267
1286
1252
1282
1222
1310
1163
1325
1200
1308
1203
1282
1234
1260
1290
1245
1328
1227
1347
1234
1345
1238
1298
1268
1204
1283
1182
1298
1137
1293
1121
1291
1108
1267
1166
1243
1252
1227
1284
1222
1335
1217
1400
1234
1338
1251
1273
1267
1236
1289
1137
1294
1092
1298
1082
1287
1096
1283
1154
1251
1270
1249
1335
1265
1338
1241
1346
1254
1355
1277
1271
1309
1203
1326
1131
1342
1061
1347
1046
1305
1088
1298
1093
1271
1238
1233
1289
1233
1330
1225
1309
1271
1303
1299
1245
1328
1151
1348
943
1382
1181
1342
1118
1320
1254
1280
1255
1257
1284
1245
1322
1245
1326
1254
1335
1270
1294
1292
1280
1305
1245
1320
1170
1316
1231
1325
1251
1310
1261
1273
1291
1276
1308
1238
1300
1231
1318
1225
1353
1249
1280
1270
1234
1299
1306
1324
1277
1334
1283
1324
1271
1307
1273
1274
1261
1220
1219
1205
1257
1205
1211
1231
1257
1251
1265
1279
1279
1296
1320
1311
1310
1308
1304
1314
1288
1274
1274
1255
1176
1239
1202
1216
1098
1214
1134
1224
1229
1230
1291
1244
1314
1211
1358
1268
1303
1274
1293
1264
1214
1284
1165
1225
1059
1239
1042
1213
1075
1215
1121
1218
1199
1228
1283
1243
1308
1252
1359
1281
1301
1299
1300
1302
1138
1291
1091
1276
985
1270
954
1253
1049
1246
1143
1248
1269
1250
1368
1262
1429
1285
1382
1298
1298
1299
1213
1297
1099
1289
958
1266
1004
1268
1025
1274
1128
1254
1376
1246
1351
1303
1472
1305
1495
1316
1429
1317
1334
1320
1233
1308
1144
1302
1025
1302
1016
1273
1049
1287
1127
1286
1289
1275
1420
1291
1495
1301
1510
1307
1451
1325
1333
1293
1203
1279
1076
1266
938
1251
996
1237
1120
1238
1197
1240
1327
1265
1437
1291
1546
1294
1484
1295
1409
1277
1311
1259
1171
1225
1063
1216
1017
1241
1020
1240
1162
1251
1222
1278
1332
1301
1422
1307
1486
1311
1456
1305
1391
1270
1288
1261
1215
1301
1088
1248
994
1254
1055
1255
1132
1271
1215
1283
1314
1301
1375
1321
1405
1325
1393
1290
1301
1291
1276
1254
1153
1235
1074
1232
1057
1242
1068
1245
1137
1270
1195
1314
1220
1313
1414
1302
1379
1291
1344
1279
1331
1250
1252
1246
1186
1252
1138
1251
1116
1265
1146
1275
1199
1301
1286
1306
1308
1311
1375
1304
1360
1280
1363
1272
1330
1268
1282
1266
1190
1272
1106
1290
1165
1303
1181
1288
1223
1299
1311
1316
1354
1299
1407
1291
1439
1278
1394
1272
1305
1250
1238
1268
1161
1271
1042
1254
1089
1280
1055
1288
1171
1293
1254
1286
1332
1281
1421
1279
1425
1262
1362
1272
1255
1276
1058
1290
1102
1291
1013
1279
1042
1271
1103
1274
1162
1278
1286
1278
1387
1281
1441
1282
1435
1275
1371
1294
1239
1297
1142
1300
1073
1291
991
1279
984
1288
1039
1288
1152
1279
1257
1288
1483
1274
1562
1283
1489
1279
1429
1283
1332
1288
1161
1284
1045
1277
957
1273
933
1272
1006
1241
1141
1268
1305
1275
1461
1275
1583
1281
1543
1299
1494
1289
1377
1294
1265
1289
1102
1283
990
1279
899
1295
1039
1285
1184
1284
1252
1283
1432
1278
1540
1273
1588
1258
1531
1262
1447
1238
1299
1234
1151
1220
993
1244
938
1255
948
1266
1030
1267
1211
1247
1365
1254
1508
1245
1474
1256
1638
1231
1489
1232
1399
1230
1148
1251
1005
1264
933
1287
948
1296
992
1301
1130
1291
1290
1276
1411
1261
1497
1249
1515
1229
1407
1235
1321
1234
1170
1276
1020
1285
957
1326
902
1343
960
1334
1060
1318
1208
1275
1284
1279
1429
1234
1448
1196
1424
1234
1282
1248
1158
1290
1011
1309
938
1325
899
1306
986
1320
1049
1300
1207
1247
1344
1234
1414
1217
1470
1196
1444
1200
1366
1219
1276
1249
1317
1258
1083
1307
1123
1317
1086
1330
1316
1285
1305
1291
1351
1268
1402
1258
1425
1254
1400
1264
1325
1246
1282
1308
1161
1327
1217
1343
1187
1353
1246
1341
1258
1340
1294
1324
1282
1316
1299
1300
1268
1292
1246
1303
1135
1291
1215
1290
1135
1287
1140
1282
1142
1284
1208
1248
1233
1290
1182
1292
1213
1291
1216
1285
1201
1272
1198
1269
1199
1256
1216
1243
1270
1230
1263
1217
1304
1215
1278
1225
1300
1238
1300
1263
1279
1266
1253
1287
1248
1287
1296
1290
1214
1261
1264
1241
1259
1232
1345
1202
1384
1206
1388
1233
1373
1248
1343
1272
1306
1294
1258
1315
1122
1308
1181
1301
1171
1284
1141
1215
1196
1227
1236
1208
1281
1201
1285
1211
1310
1229
1321
1261
1262
1288
1301
1330
1213
1347
1130
1335
1092
1329
1080
1317
1078
1286
1126
1263
1169
1247
1249
1251
1340
1268
1382
1280
1411
1322
1346
1340
1243
1362
1169
1360
1083
1374
988
1330
993
1297
1024
1294
1156
1265
1208
1234
1269
1213
1409
1227
1499
1246
1478
1274
1428
1300
1257
1309
1114
1311
1038
1304
975
1267
993
1252
1123
1252
1298
1240
1453
1228
1602
1232
1629
1297
1635
1277
1502
1295
1363
1312
1200
1317
976
1320
890
1331
968
1302
1081
1273
1201
1248
1361
1239
1499
1233
1550
1240
1525
1249
1475
1256
1298
1288
1134
1306
966
1347
916
1322
872
1322
988
1310
1140
1294
1274
1268
1414
1267
1512
1260
1439
1237
1458
1238
1286
1248
1237
1258
1081
1269
1014
1279
1018
1310
1048
1281
1147
1278
1267
1271
1377
1249
1439
1217
1474
1209
1437
1198
1325
1194
1246
1210
1146
1231
1040
1256
1050
1281
1063
1297
1130
1290
1179
1291
1325
1283
1327
1237
1293
1199
1345
1198
1228
1190
1159
1203
1079
1230
1033
1263
1055
1285
1093
1320
1120
1338
1173
1350
1262
1317
1285
1286
1302
1247
1244
1212
1178
1190
1114
1187
977
1222
1016
1235
1084
1271
1186
1302
1193
1328
1258
1335
1322
1316
1365
1294
1328
1264
1300
1229
1213
1198
1189
1208
1135
1224
1142
1248
1181
1282
1225
1319
1329
1346
1385
1351
1424
1357
1419
1358
1461
1304
1296
1279
1191
1242
1121
1231
1085
1224
1105
1228
1173
1256
1230
1264
1335
1289
1427
1332
1479
1329
1465
1316
1446
1279
1350
1254
1221
1217
1149
1210
1076
1184
1076
1215
1115
1244
1190
1282
1293
1310
1343
1335
1398
1352
1479
1331
1342
1322
1353
1278
1225
1254
1143
1224
1063
1217
1026
1214
1053
1237
1130
1253
1174
1297
1292
1313
1435
1315
1486
1295
1461
1267
1402
1237
1304
1213
1182
1184
1146
1176
960
1196
1001
1222
951
1264
1226
1282
1239
1295
1351
1291
1464
1278
1437
1241
1380
1234
1269
1210
1129
1199
1006
1215
929
1228
938
1255
918
1284
1047
1298
1150
1307
1272
1299
1370
1285
1397
1275
1353
1241
1362
1224
1175
1232
1090
1236
987
1247
1016
1268
1011
1300
1101
1314
1216
1321
1317
1311
1406
1301
1456
1286
1446
1268
1355
1232
1276
1250
1186
1260
1085
1271
1079
1291
1051
1312
1172
1304
1257
1311
1308
1284
1395
1309
1454
1273
1406
1267
1351
1260
1234
1258
1265
1269
1168
1288
1145
1285
1150
1287
1202
1288
1273
1299
1321
1268
1362
1262
1377
1259
1406
1246
1372
1221
1281
1240
1257
1247
1172
1251
1162
1255
1171
1262
1258
1270
1224
1275
1362
1281
1336
1279
1334
1272
1386
1259
1329
1255
1262
1248
1240
1246
1207
1247
1138
1253
1122
1268
1124
1282
1163
1289
1212
1280
1278
1286
1310
1285
1286
1258
1361
1252
1327
1264
1260
1240
1203
1257
1132
1236
1082
1263
1117
1252
1112
1264
1129
1288
1247
1277
1263
1283
1330
1280
1358
1265
1332
1259
1278
1249
1237
1251
1141
1250
1065
1273
1037
1291
1063
1300
1110
1312
1216
1300
1342
1305
1403
1286
1430
1276
1425
1269
1355
1273
1263
1271
1162
1281
1028
1302
1059
1297
1021
1295
1161
1287
1242
1269
1357
1261
1449
1285
1437
1255
1401
1236
1368
1277
1289
1281
1202
1282
1134
1286
1116
1295
1140
1267
1198
1260
1253
1252
1335
1255
1450
1255
1312
1264
1414
1269
1287
1286
1189
1296
1199
1317
1123
1269
1118
1251
1169
1230
1196
1211
1223
1198
1267
1204
1312
1186
1319
1227
1339
1238
1330
1232
1260
1253
1184
1250
1183
1236
1204
1226
1157
1213
1142
1213
1156
1231
1159
1223
1138
1242
1240
1252
1160
1279
1194
1274
1140
1308
1245
1280
1168
1279
1178
1271
1079
1275
1049
1275
1020
1271
1038
1281
1055
1281
1112
1248
1169
1271
1218
1262
1215
1259
1251
1253
1247
1235
1217
1259
1162
1267
1110
1281
1078
1282
1027
1294
1047
1295
1204
1278
1249
1268
1390
1252
1407
1247
1427
1247
1407
1220
1306
1275
1240
1272
1178
1297
1133
1295
1122
1277
1172
1289
1222
1275
1314
1265
1412
1247
1459
1258
1442
1258
1423
1269
1363
1286
1246
1278
1112
1288
1052
1290
1134
1278
1250
1263
1285
1242
1333
1260
1393
1263
1432
1266
1418
1277
1364
1248
1336
1277
1274
1252
1235
1258
1175
1260
1212
1245
1205
1248
1279
1245
1292
1268
1324
1275
1441
1281
1333
1289
1294
1298
1274
1271
1268
1259
1198
1228
1163
1214
1190
1206
1206
1215
1199
1198
1220
1269
1155
1299
1247
1312
1237
1316
1259
1295
1226
1276
1260
1243
1253
1230
1228
1220
1219
1218
1189
1226
1231
1269
1170
1273
1204
1310
1156
1298
1182
1303
1215
1289
1228
1279
1214
1256
1213
1243
1177
1235
1219
1237
1136
1252
1108
1261
1068
1272
1092
1282
1120
1286
1200
1279
1239
1259
1265
1254
1271
1245
1277
1215
1286
1240
1139
1248
1099
1258
1048
1259
1070
1264
1111
1257
1188
1249
1277
1246
1331
1235
1344
1245
1303
1256
1287
1232
1249
1253
1187
1255
1141
1265
1146
1256
1173
1247
1224
1248
1306
1245
1376
1249
1401
1257
1433
1288
1391
1281
1360
1284
1300
1291
1213
1313
1166
1296
1149
1291
1186
1282
1237
1286
1309
1280
1368
1288
1408
1296
1415
1307
1391
1291
1320
1286
1256
1285
1194
1276
1152
1275
1138
1276
1215
1268
1269
1268
1314
1278
1367
1269
1363
1292
1369
1270
1368
1267
1308
1261
1262
1266
1241
1270
1230
1238
1225
1252
1238
1246
1253
1267
1250
1273
1253
1281
1258
1285
1249
1275
1246
1263
1248
1270
1239
1250
1212
1235
1239
1229
1226
1258
1200
1237
1195
1261
1182
1293
1173
1284
1183
1282
1228
1272
1224
1262
1247
1249
1280
1239
1298
1233
1286
1210
1290
1234
1231
1242
1194
1246
1177
1252
1180
1257
1206
1258
1224
1243
1253
1258
1281
1274
1313
1261
1329
1261
1318
1268
1294
1269
1211
1272
1195
1278
1171
1279
1161
1264
1177
1279
1198
1268
1244
1298
1255
1286
1314
1285
1349
1283
1300
1276
1276
1280
1247
1288
1207
1269
1187
1267
1195
1262
1209
1262
1216
1264
1235
1267
1265
1280
1247
1254
1259
1265
1255
1262
1239
1260
1228
1250
1213
1240
1252
1243
1222
1251
1230
1239
1211
1263
1219
1247
1226
1251
1244
1254
1240
1258
1258
1250
1250
1249
1254
1242
1247
1248
1227
1257
1207
1256
1217
1261
1199
1257
1207
1275
1268
1249
1243
1241
1248
1236
1249
1253
1255
1239
1238
1238
1257
1234
1269
1258
1252
1255
1230
1263
1259
1256
1252
1239
1243
1245
1268
1246
1262
1245
1256
1239
1260
1248
1260
1258
1232
1264
1216
1264
1184
1273
1177
1281
1158
1280
1195
1276
1215
1277
1243
1266
1280
1274
1268
1264
1268
1270
1255
1276
1223
1278
1201
1285
1185
1282
1195
1288
1225
1285
1267
1273
1316
1271
1327
1265
1349
1259
1351
1252
1303
1244
1279
1250
1261
1244
1239
1249
1234
1212
1246
1253
1254
1248
1261
1248
1311
1239
1296
1240
1306
1237
1293
1238
1253
1260
1215
1245
1177
1247
1160
1247
1134
1248
1165
1238
1177
1237
1231
1233
1262
1237
1258
1216
1251
1248
1234
1262
1209
1255
1164
1258
1130
1262
1155
1253
1166
1257
1191
1261
1232
1253
1241
1255
1258
1257
1246
1255
1242
1265
1186
1268
1216
1265
1243
1283
1197
1252
1216
1293
1226
1291
1247
1278
1261
1253
1278
1266
1266
1265
1242
1264
1269
1273
1264
1281
1255
1281
1262
1285
1237
1285
1230
1284
1184
1280
1231
1273
1239
1299
1248
1245
1286
1289
1260
1286
1300
1280
1305
1277
1302
1267
1304
1260
1296
1267
1270
1266
1257
1271
1262
1274
1252
1285
1249
1276
1269
1273
1284
1270
1335
1256
1329
1236
1320
1248
1317
1240
1278
1242
1272
1248
1235
1256
1216
1251
1210
1263
1194
1278
1216
1288
1250
1274
1276
1271
1305
1265
1269
1258
1297
1254
1276
1251
1239
1243
1192
1245
1155
1260
1153
1271
1143
1289
1176
1289
1226
1307
1253
1285
1280
1279
1289
1282
1287
1267
1260
1273
1266
1272
1256
1283
1184
1297
1246
1309
1266
1310
1274
1292
1265
1307
1326
1303
1326
1297
1308
1294
1335
1292
1344
1269
1341
1277
1356
1282
1320
1327
1306
1284
1296
1287
1301
1283
1294
1292
1275
1285
1286
1287
1294
1290
1295
1250
1308
1256
1295
1246
1305
1243
1294
1241
1279
1237
1276
1265
1267
1249
1252
1251
1223
1290
1225
1253
1203
1252
1230
1245
1258
1248
1275
1243
1282
1255
1300
1260
1293
1250
1269
1240
1247
1221
1247
1243
1205
1239
1216
1240
1265
1248
1262
1248
1302
1255
1308
1293
1308
1265
1277
1260
1300
1252
1292
1259
1268
1261
1277
1271
1285
1298
1292
1291
1323
1286
1314
1287
1312
1279
1272
1273
1274
1272
1252
1281
1245
1274
1248
1293
1227
1298
1224
1300
1231
1288
1251
1275
1270
1264
1270
1253
1272
1263
1252
1280
1245
1269
1233
1279
1225
1283
1232
1277
1191
1266
1232
1272
1256
1252
1276
1229
1290
1238
1292
1220
1297
1241
1246
1237
1243
1242
1259
1234
1216
1233
1209
1243
1218
1279
1223
1257
1252
1262
1263
1252
1261
1266
1257
1236
1240
1225
1222
1217
1200
1230
1194
1235
1165
1248
1157
1264
1150
1263
1164
1267
1188
1264
1174
1253
1206
1234
1195
1232
1172
1233
1219
1227
1233
1226
1226
1224
1224
1222
1200
1227
1181
1221
1186
1229
1185
1226
1192
1244
1217
1250
1234
1262
1252
1261
1303
1233
1319
1246
1283
1236
1263
1226
1259
1241
1210
1245
1226
1247
1232
1266
1225
1265
1233
1282
1242
1273
1237
1283
1250
1279
1270
1258
1270
1261
1261
1256
1271
1245
1258
1243
1242
1234
1243
1235
1218
1249
1222
1257
1205
1266
1246
1276
1244
1292
1266
1285
1246
1288
1251
1268
1247
1268
1238
1255
1225
1257
1226
1260
1224
1262
1228
1265
1222
1271
1231
1272
1206
1262
1195
1250
1199
1242
1175
1240
1214
1242
1237
1253
1278
1250
1297
1266
1313
1248
1304
1270
1286
1266
1272
1264
1258
1265
1224
1265
1262
1236
1259
1250
1279
1245
1307
1265
1317
1260
1322
1261
1260
1251
1298
1258
1252
1269
1258
1267
1255
1272
1224
1257
1211
1274
1219
1267
1210
1265
1230
1262
1254
1264
1272
1265
1265
1283
1275
1286
1262
1286
1244
1275
1220
1257
1213
1271
1216
1244
1197
1238
1268
1231
1287
1238
1291
1224
1298
1257
1258
1265
1250
1260
1240
1258
1226
1260
1228
1256
1254
1254
1287
1254
1289
1253
1302
1247
1307
1248
1272
1223
1248
1207
1189
1243
1211
1241
1214
1255
1205
1241
1211
1256
1208
1257
1247
1238
1241
1231
1246
1209
1246
1208
1227
1225
1209
1221
1197
1235
1183
1241
1165
1253
1154
1257
1153
1253
1158
1252
1175
1247
1209
1255
1205
1266
1237
1267
1218
1282
1237
1276
1237
1280
1235
1265
1219
1268
1219
1281
1225
1272
1236
1280
1253
1290
1267
1301
1271
1326
1256
1304
1270
1302
1267
1289
1272
1277
1279
1267
1313
1256
1273
1245
1308
1235
1317
1235
1290
1225
1289
1252
1295
1273
1260
1265
1262
1290
1290
1288
1297
1271
1299
1268
1309
1254
1307
1240
1298
1223
1304
1222
1274
1243
1275
1257
1259
1279
1273
1292
1295
1305
1286
1289
1318
1284
1271
1292
1271
1245
1272
1236
1275
1239
1287
1252
1280
1264
1267
1278
1239
1277
1220
1281
1200
1271
1187
1263
1195
1258
1190
1253
1215
1258
1311
1262
1253
1287
1272
1269
1266
1299
1255
1259
1232
1254
1245
1245
1253
1243
1235
1241
1252
1233
1250
1241
1246
1258
1255
1275
1261
1266
1265
1263
1257
1257
1279
1251
1310
1245
1277
1233
1276
1227
1229
1246
1203
1239
1184
1246
1195
1253
1214
1270
1232
1268
1281
1277
1266
1273
1276
1261
1266
1247
1249
1234
1232
1230
1211
1230
1198
1243
1202
1258
1227
1263
1230
1282
1220
1284
1245
1274
1221
1264
1235
1255
1251
1243
1247
1233
1255
1251
1249
1252
1245
1266
1228
1274
1225
1270
1248
1266
1202
1253
1225
1246
1241
1264
1246
1246
1292
1258
1273
1274
1257
1281
1218
1279
1239
1264
1214
1270
1221
1260
1250
1266
1244
1250
1258
1278
1257
1284
1265
1283
1244
1268
1250
1278
1232
1284
1231
1280
1254
1280
1263
1278
1279
1278
1299
1266
1300
1263
1289
1261
1256
1260
1281
1249
1270
1259
1247
1232
1277
1268
1272
1268
1305
1266
1309
1258
1318
1248
1304
1251
1308
1254
1293
1273
1285
1283
1268
1289
1278
1298
1227
1291
1227
1256
1201
1259
1235
1240
1257
1227
1277
1191
1294
1255
1279
1271
1310
1282
1280
1284
1257
1270
1234
1274
1198
1246
1192
1232
1205
1226
1225
1232
1258
1244
1292
1255
1325
1266
1323
1285
1321
1272
1325
1273
1246
1259
1216
1257
1192
1255
1178
1238
1185
1257
1213
1248
1228
1256
1250
1256
1265
1260
1272
1265
1277
1259
1273
1259
1213
1255
1214
1252
1201
1247
1187
1235
1160
1241
1189
1243
1207
1254
1212
1261
1264
1263
1291
1263
1285
1250
1287
1266
1258
1244
1248
1232
1210
1243
1221
1239
1215
1252
1145
1248
1253
1263
1260
1263
1261
1204
1272
1233
1246
1220
1230
1218
1233
1218
1226
1216
1233
1244
1250
1255
1260
1267
1228
1282
1204
1260
1195
1251
1185
1230
1189
1217
1193
1220
1196
1233
1217
1248
1233
1270
1212
1278
1211
1287
1210
1276
1174
1267
1182
1261
1194
1260
1191
1253
1212
1257
1217
1300
1223
1287
1208
1282
1237
1270
1246
1275
1235
1272
1250
1267
1296
1278
1241
1271
1271
1269
1266
1272
1246
1272
1231
1273
1231
1274
1255
1273
1250
1269
1316
1266
1280
1296
1286
1259
1264
1249
1273
1243
1268
1247
1254
1248
1252
1268
1239
1288
1248
1289
1275
1280
1244
1276
1258
1264
1233
1238
1242
1233
1250
1213
1263
1239
1261
1260
1277
1277
1257
1290
1218
1291
1201
1279
1241
1265
1214
1245
1214
1245
1227
1256
1239
1259
1252
1278
1273
1294
1268
1300
1221
1300
1224
1276
1204
1276
1196
1246
1213
1248
1254
1251
1233
1260
1241
1247
1268
1286
1292
1295
1263
1283
1262
1286
1239
1289
1235
1275
1238
1256
1244
1245
1268
1241
1276
1241
1274
1249
1279
1256
1300
1278
1306
1286
1295
1277
1302
1288
1283
1263
1268
1256
1285
1239
1251
1228
1253
1231
1246
1226
1261
1259
1261
1280
1287
1287
1307
1292
1288
1287
1261
1274
1271
1249
1224
1236
1207
1219
1213
1224
1214
1237
1218
1245
1257
1257
1296
1271
1277
1269
1277
1256
1254
1245
1224
1239
1199
1227
1228
1229
1230
1251
1248
1254
1271
1284
1263
1284
1259
1300
1275
1293
1258
1284
1253
1273
1246
1259
1235
1262
1231
1265
1232
1267
1223
1309
1204
1294
1207
1300
1205
1301
1218
1293
1232
1287
1265
1268
1260
1267
1260
1232
1254
1254
1221
1253
1213
1263
1214
1262
1207
1275
1245
1289
1286
1288
1303
1279
1319
1270
1309
1256
1294
1246
1254
1236
1264
1236
1238
1262
1270
1251
1310
1279
1312
1269
1328
1295
1338
1289
1338
1275
1313
1262
1287
1250
1285
1247
1266
1253
1261
1243
1273
1281
1281
1287
1264
1279
1268
1290
1289
1283
1272
1276
1314
1261
1283
1268
1276
1251
1260
1282
1224
1289
1202
1295
1199
1296
1234
1292
1216
1297
1237
1289
1287
1282
1306
1281
1303
1265
1298
1282
1243
1279
1218
1274
1164
1279
1189
1272
1200
1274
1220
1249
1245
1269
1259
1269
1301
1236
1301
1255
1289
1249
1286
1255
1271
1260
1258
1264
1257
1267
1295
1266
1263
1244
1256
1252
1266
1247
1229
1238
1289
1218
1309
1240
1295
1231
1307
1261
1300
1270
1297
1271
1286
1266
1270
1246
1252
1244
1235
1243
1245
1236
1249
1249
1258
1250
1270
1264
1301
1273
1274
1287
1241
1292
1252
1280
1243
1263
1230
1249
1222
1252
1192
1252
1205
1251
1223
1255
1200
1249
1204
1279
1214
1270
1228
1257
1218
1256
1237
1245
1235
1245
1231
1239
1215
1239
1206
1244
1189
1238
1196
1246
1213
1258
1220
1266
1228
1260
1270
1269
1291
1272
1286
1253
1285
1259
1235
1277
1185
1262
1218
1265
1225
1262
1251
1283
1258
1291
1272
1293
1287
1291
1251
1279
1248
1277
1211
1261
1210
1255
1178
1266
1197
1271
1248
1291
1264
1293
1274
1306
1271
1324
1275
1282
1246
1263
1251
1251
1254
1233
1241
1227
1235
1239
1262
1244
1272
1274
1285
1266
1295
1266
1299
1287
1286
1262
1289
1250
1317
1248
1255
1230
1273
1226
1256
1274
1245
1245
1236
1251
1299
1263
1280
1278
1283
1293
1289
1289
1275
1287
1253
1265
1234
1262
1194
1253
1189
1245
1178
1246
1182
1256
1245
1267
1252
1276
1276
1294
1268
1333
1285
1296
1228
1282
1213
1272
1220
1262
1223
1255
1230
1258
1247
1270
1281
1273
1293
1283
1301
1295
1300
1288
1270
1274
1251
1274
1266
1261
1246
1250
1276
1252
1292
1255
1294
1258
1268
1261
1298
1262
1294
1274
1268
1261
1269
1267
1254
1273
1257
1262
1261
1259
1281
1256
1272
1255
1266
1240
1279
1254
1249
1246
1243
1234
1243
1251
1222
1253
1216
1269
1213
1257
1219
1256
1238
1255
1258
1244
1274
1270
1260
1240
1272
1254
1250
1263
1238
1259
1212
1265
1201
1265
1178
1270
1192
1246
1206
1276
1247
1273
1274
1276
1304
1271
1287
1276
1265
1277
1255
1276
1227
1267
1208
1275
1203
1268
1218
1306
1224
1293
1283
1293
1296
1292
1312
1286
1304
1287
1291
1272
1240
1275
1230
1249
1213
1268
1213
1271
1219
1271
1251
1270
1256
1273
1298
1258
1310
1251
1287
1196
1284
1243
1263
1242
1271
1245
1260
1249
1286
1248
1286
1256
1292
1250
1297
1253
1300
1248
1296
1252
1294
1244
1284
1243
1271
1246
1266
1258
1274
1251
1262
1265
1253
1270
1264
1273
1225
1277
1256
1270
1247
1260
1244
1248
1231
1251
1218
1244
1216
1249
1222
1254
1244
1258
1287
1269
1264
1272
1286
1272
1281
1275
1271
1251
1250
1228
1225
1248
1208
1246
1196
1246
1227
1259
1227
1274
1278
1281
1305
1291
1294
1300
1289
1296
1268
1287
1231
1281
1208
1263
1140
1258
1199
1268
1205
1274
1231
1219
1279
1289
1264
1294
1261
1295
1237
1293
1244
1285
1221
1270
1226
1267
1224
1267
1209
1271
1220
1270
1209
1281
1240
1280
1258
1286
1260
1285
1266
1290
1280
1287
1281
1274
1275
1268
1276
1251
1276
1266
1258
1264
1265
1266
1314
1268
1282
1267
1305
1264
1286
1288
1285
1245
1268
1254
1291
1251
1297
1251
1271
1242
1300
1260
1319
1280
1324
1281
1324
1273
1304
1272
1278
1266
1257
1256
1243
1253
1253
1253
1256
1252
1297
1258
1274
1294
1300
1272
1271
1285
1276
1279
1267
1278
1243
1261
1213
1271
1206
1264
1212
1258
1223
1265
1237
1270
1255
1276
1242
1283
1228
1289
1251
1292
1242
1276
1244
1274
1234
1266
1247
1268
1224
1263
1259
1253
1278
1266
1260
1254
1268
1266
1291
1280
1254
1277
1259
1237
1268
1269
1270
1265
1247
1262
1281
1258
1286
1263
1283
1249
1316
1260
1269
1251
1262
1265
1248
1262
1250
1249
1272
1243
1250
1226
1259
1253
1258
1244
1270
1235
1275
1243
1275
1249
1274
1248
1261
1252
1222
1244
1241
1238
1238
1241
1237
1221
1246
1203
1273
1234
1263
1238
1298
1243
1331
1257
1291
1276
1264
1258
1256
1261
1234
1249
1213
1244
1235
1238
1245
1262
1252
1241
1269
1248
1266
1260
1254
1261
1243
1271
1252
1272
1207
1268
1194
1255
1203
1248
1231
1244
1225
1250
1253
1243
1236
1258
1236
1265
1221
1271
1215
1279
1202
1285
1211
1274
1202
1274
1204
1260
1236
1263
1233
1261
1238
1263
1244
1277
1227
1278
1211
1293
1212
1292
1244
1294
1195
1285
1188
1271
1199
1269
1177
1264
1208
1268
1219
1269
1212
1263
1219
1269
1209
1264
1197
1272
1190
1268
1209
1258
1213
1254
1220
1246
1265
1249
1287
1254
1295
1251
1318
1255
1295
1260
1282
1265
1247
1264
1302
1256
1253
1259
1293
1233
1333
1252
1347
1230
1367
1257
1375
1256
1391
1255
1344
1256
1321
1253
1288
1254
1281
1246
1284
1224
1291
1248
1287
1250
1314
1253
1297
1256
1308
1257
1261
1261
1313
1249
1256
1225
1231
1216
1204
1243
1183
1230
1208
1204
1208
1234
1226
1237
1245
1242
1260
1260
1249
1266
1240
1262
1229
1260
1209
1256
1174
1248
1178
1243
1151
1250
1200
1244
1231
1254
1229
1240
1231
1280
1220
1289
1250
1286
1199
1305
1190
1277
1181
1277
1180
1278
1198
1276
1222
1281
1230
1290
1241
1306
1241
1296
1232
1300
1163
1302
1222
1286
1216
1285
1227
1261
1239
1276
1232
1278
1273
1274
1297
1260
1291
1278
1293
1292
1280
1298
1266
1293
1243
1292
1245
1287
1263
1279
1259
1273
1284
1270
1286
1279
1317
1268
1338
1269
1309
1276
1292
1283
1226
1285
1268
1279
1265
1270
1260
1258
1286
1264
1289
1276
1301
1263
1322
1269
1322
1273
1311
1277
1301
1269
1276
1269
1264
1272
1271
1252
1282
1249
1285
1274
1310
1260
1341
1272
1341
1270
1367
1273
1347
1276
1328
1265
1266
1296
1291
1272
1268
1279
1274
1278
1299
1278
1248
1278
1301
1284
1315
1267
1296
1287
1280
1273
1258
1272
1243
1273
1184
1274
1219
1274
1254
1285
1242
1270
1277
1276
1272
1312
1272
1283
1259
1291
1276
1282
1260
1276
1244
1267
1246
1270
1249
1271
1262
1271
1289
1262
1289
1275
1294
1274
1302
1273
1291
1270
1316
1268
1276
1255
1268
1240
1236
1291
1243
1249
1245
1251
1248
1259
1266
1261
1265
1258
1254
1267
1255
1279
1245
1254
1226
1254
1168
1254
1215
1250
1196
1254
1209
1259
1260
1268
1233
1268
1246
1272
1249
1294
1243
1281
1204
1271
1218
1271
1232
1273
1234
1275
1234
1276
1259
1284
1258
1288
1278
1290
1292
1284
1268
1279
1264
1275
1265
1273
1246
1273
1271
1258
1280
1265
1270
1266
1278
1268
1284
1258
1306
1257
1312
1250
1309
1240
1309
1254
1298
1240
1305
1245
1332
1268
1307
1254
1339
1258
1314
1258
1320
1264
1318
1235
1323
1234
1303
1256
1281
1247
1273
1247
1226
1251
1211
1254
1241
1263
1255
1265
1255
1273
1263
1261
1264
1291
1248
1267
1261
1257
1208
1253
1212
1258
1199
1255
1201
1258
1198
1272
1223
1279
1247
1286
1247
1291
1242
1276
1250
1272
1227
1246
1206
1255
1226
1260
1190
1237
1208
1282
1195
1292
1230
1295
1237
1288
1272
1278
1276
1306
1274
1264
1275
1262
1272
1253
1261
1258
1260
1256
1264
1261
1259
1265
1256
1254
1309
1264
1303
1262
1291
1203
1304
1263
1259
1265
1260
1259
1269
1264
1271
1272
1267
1268
1288
1258
1279
1270
1277
1269
1288
1261
1277
1255
1239
1252
1245
1243
1246
1250
1231
1241
1241
1245
1254
1256
1245
1263
1235
1251
1266
1262
1237
1257
1243
1233
1235
1231
1205
1220
1182
1222
1194
1225
1193
1232
1212
1237
1222
1242
1255
1239
1265
1233
1270
1223
1263
1215
1246
1208
1219
1211
1202
1222
1190
1234
1189
1247
1232
1252
1244
1267
1262
1265
1274
1264
1264
1253
1254
1247
1246
1246
1167
1251
1199
1259
1200
1275
1198
1222
1215
1284
1222
1284
1232
1308
1223
1276
1229
1267
1211
1274
1217
1255
1216
1254
1224
1270
1179
1267
1181
1271
1218
1276
1189
1280
1199
1246
1211
1272
1202
1270
1206
1259
1212
1248
1214
1240
1166
1244
1207
1245
1214
1256
1236
1239
1261
1258
1265
1257
1241
1274
1254
1246
1236
1251
1240
1236
1262
1241
1295
1227
1273
1255
1295
1276
1314
1271
1308
1268
1298
1270
1280
1260
1252
1252
1236
1252
1251
1250
1225
1254
1244
1257
1259
1299
1272
1272
1245
1272
1281
1259
1280
1272
1233
1246
1229
1250
1209
1257
1196
1258
1201
1262
1218
1264
1225
1271
1232
1262
1243
1269
1248
1260
1250
1262
1256
1255
1216
1255
1221
1261
1196
1257
1208
1259
1230
1265
1241
1259
1254
1271
1250
1293
1272
1272
1277
1285
1255
1266
1242
1261
1198
1253
1206
1249
1215
1256
1218
1250
1236
1264
1250
1269
1274
1275
1255
1274
1291
1263
1306
1242
1272
1232
1256
1245
1259
1249
1248
1258
1221
1267
1260
1273
1263
1275
1276
1266
1275
1260
1277
1263
1279
1258
1283
1247
1260
1251
1259
1270
1240
1275
1280
1282
1258
1287
1255
1279
1263
1278
1253
1287
1262
1265
1286
1273
1284
1276
1278
1270
1282
1279
1258
1260
1239
1279
1239
1283
1229
1283
1230
1277
1242
1278
1242
1270
1262
1278
1303
1271
1306
1265
1298
1265
1283
1253
1273
1267
1242
1273
1254
1254
1260
1283
1264
1276
1272
1274
1316
1265
1326
1267
1311
1263
1339
1262
1316
1271
1287
1270
1278
1282
1256
1294
1250
1292
1253
1282
1251
1309
1268
1285
1270
1280
1302
1284
1301
1296
1296
1294
1294
1310
1250
1299
1224
1285
1208
1301
1197
1290
1211
1280
1239
1286
1269
1293
1316
1289
1333
1276
1334
1306
1304
1283
1298
1273
1233
1270
1221
1261
1210
1260
1238
1242
1270
1254
1303
1240
1334
1261
1343
1261
1359
1254
1330
1264
1287
1261
1260
1260
1244
1265
1222
1241
1213
1272
1257
1272
1258
1272
1278
1277
1316
1270
1292
1271
1299
1268
1294
1275
1244
1288
1222
1277
1203
1274
1215
1264
1224
1262
1258
1250
1275
1257
1283
1264
1292
1234
1303
1261
1260
1258
1248
1285
1213
1248
1197
1234
1158
1240
1216
1234
1227
1245
1236
1247
1253
1262
1242
1266
1248
1258
1241
1252
1223
1243
1201
1240
1206
1249
1223
1253
1201
1264
1211
1267
1222
1272
1208
1268
1216
1251
1195
1258
1216
1246
1225
1242
1223
1252
1219
1251
1217
1256
1238
1263
1248
1266
1233
1247
1231
1251
1222
1263
1211
1249
1223
1245
1217
1253
1228
1248
1226
1249
1239
1252
1245
1260
1246
1249
1243
1256
1212
1256
1195
1261
1192
1262
1198
1255
1222
1246
1226
1246
1236
1259
1223
1289
1249
1278
1236
1289
1221
1301
1221
1294
1194
1291
1182
1281
1189
1277
1205
1244
1224
1259
1249
1265
1269
1277
1261
1279
1276
1288
1297
1294
1246
1270
1238
1275
1219
1304
1208
1270
1219
1272
1236
1272
1282
1282
1293
1292
1316
1299
1310
1310
1295
1312
1277
1294
1240
1294
1222
1289
1218
1283
1237
1287
1297
1285
1311
1284
1365
1292
1345
1318
1363
1290
1332
1294
1325
1277
1311
1269
1297
1262
1282
1261
1299
1248
1317
1253
1334
1248
1328
1243
1379
1252
1359
1256
1348
1252
1380
1251
1303
1246
1277
1236
1253
1250
1251
1221
1225
1225
1267
1227
1287
1240
1292
1242
1288
1258
1286
1255
1263
1252
1241
1233
1217
1248
1189
1237
1171
1225
1188
1236
1211
1242
1199
1259
1255
1252
1246
1253
1248
1257
1224
1248
1234
1249
1212
1248
1206
1242
1190
1267
1186
1251
1196
1261
1209
1266
1207
1270
1220
1269
1207
1266
1207
1268
1206
1247
1207
1256
1186
1270
1177
1269
1201
1279
1156
1275
1169
1275
1190
1278
1208
1249
1225
1275
1237
1256
1234
1286
1235
1282
1238
1280
1233
1290
1194
1276
1230
1277
1239
1270
1242
1273
1259
1263
1268
1260
1264
1260
1251
1249
1277
1252
1253
1246
1270
1250
1277
1255
1255
1234
1255
1260
1250
1259
1250
1249
1248
1246
1260
1233
1258
1233
1257
1233
1270
1248
1283
1257
1243
1269
1233
1273
1239
1276
1204
1270
1170
1260
1214
1250
1230
1227
1237
1195
1253
1262
1244
1278
1263
1282
1262
1297
1242
1292
1187
1292
1219
1274
1209
1269
1212
1269
1234
1257
1253
1261
1253
1266
1271
1274
1230
1287
1270
1275
1272
1277
1235
1238
1225
1270
1205
1266
1231
1258
1232
1254
1279
1250
1285
1259
1291
1269
1297
1288
1304
1282
1284
1284
1246
1282
1241
1272
1220
1263
1220
1261
1236
1245
1252
1269
1252
1256
1278
1271
1259
1289
1275
1289
1275
1292
1268
1278
1240
1274
1228
1264
1227
1250
1216
1250
1225
1253
1248
1266
1249
1286
1242
1303
1282
1321
1278
1320
1273
1310
1259
1292
1250
1277
1235
1265
1245
1247
1252
1263
1257
1271
1287
1288
1300
1319
1285
1311
1301
1309
1308
1302
1298
1290
1271
1251
1290
1261
1277
1265
1275
1262
1267
1268
1271
1277
1285
1295
1273
1296
1288
1293
1312
1292
1299
1269
1293
1264
1257
1279
1262
1267
1238
1276
1235
1254
1247
1265
1242
1278
1245
1291
1256
1302
1261
1293
1267
1285
1273
1275
1263
1269
1246
1254
1243
1256
1287
1268
1237
1273
1224
1280
1262
1335
1236
1296
1240
1289
1280
1276
1285
1259
1264
1248
1266
1251
1256
1280
1250
1263
1239
1275
1249
1281
1251
1282
1255
1264
1285
1271
1287
1269
1257
1255
1262
1263
1241
1303
1241
1279
1234
1280
1240
1274
1260
1276
1261
1265
1269
1266
1273
1271
1262
1255
1270
1253
1269
1251
1271
1252
1258
1268
1257
1267
1279
1260
1312
1255
1298
1276
1303
1249
1320
1242
1286
1240
1305
1209
1314
1246
1289
1250
1282
1266
1271
1276
1270
1276
1236
1294
1288
1288
1285
1275
1288
1259
1300
1253
1292
1244
1277
1235
1280
1263
1236
1279
1231
1293
1203
1299
1216
1297
1225
1290
1241
1270
1260
1267
1251
1247
1248
1262
1244
1278
1241
1294
1186
1302
1223
1310
1194
1310
1202
1295
1208
1293
1203
1281
1204
1294
1228
1270
1213
1277
1218
1286
1211
1297
1236
1297
1227
1305
1209
1261
1214
1288
1205
1277
1233
1250
1246
1251
1257
1249
1271
1249
1296
1260
1281
1275
1285
1286
1295
1268
1286
1283
1264
1278
1280
1266
1252
1293
1290
1246
1303
1243
1303
1192
1312
1257
1303
1263
1353
1268
1313
1276
1312
1272
1318
1275
1292
1265
1281
1252
1283
1255
1259
1261
1223
1259
1247
1265
1243
1283
1235
1295
1255
1287
1250
1290
1219
1283
1237
1272
1217
1270
1223
1254
1227
1258
1247
1259
1243
1282
1245
1294
1251
1299
1232
1306
1239
1297
1242
1289
1203
1276
1224
1275
1232
1271
1233
1267
1213
1270
1231
1269
1231
1278
1207
1273
1222
1290
1218
1273
1237
1262
1235
1262
1225
1282
1227
1269
1232
1259
1281
1271
1252
1274
1186
1273
1255
1283
1237
1289
1231
1266
1249
1283
1235
1259
1242
1266
1245
1278
1259
1274
1291
1285
1302
1282
1311
1291
1296
1324
1291
1307
1267
1336
1264
1295
1272
1292
1268
1282
1264
1280
1287
1281
1330
1280
1312
1278
1307
1281
1314
1281
1275
1275
1268
1273
1282
1269
1256
1260
1270
1255
1270
1307
1288
1276
1275
1259
1327
1272
1328
1276
1313
1263
1308
1266
1295
1300
1274
1266
1280
1264
1271
1261
1285
1274
1286
1278
1312
1282
1343
1284
1319
1258
1314
1282
1272
1313
1265
1284
1235
1280
1245
1277
1258
1273
1260
1260
1260
1266
1274
1270
1286
1261
1270
1254
1259
1259
1254
1256
1219
1255
1211
1257
1211
1258
1211
1253
1220
1261
1227
1261
1237
1278
1213
1274
1233
1282
1259
1272
1222
1262
1216
1263
1215
1269
1229
1276
1226
1273
1246
1283
1253
1293
1250
1292
1275
1293
1272
1343
1270
1279
1285
1284
1264
1280
1258
1288
1252
1287
1292
1293
1288
1299
1294
1290
1323
1299
1309
1291
1300
1299
1312
1287
1296
1285
1280
1286
1289
1275
1271
1277
1277
1274
1294
1278
1296
1283
1286
1270
1299
1272
1279
1269
1265
1264
1266
1266
1271
1264
1269
1266
1253
1231
1279
1286
1265
1267
1281
1276
1289
1273
1287
1271
1270
1283
1271
1280
1259
1290
1252
1289
1257
1292
1260
1294
1259
1292
1269
1292
1266
1289
1272
1288
1279
1289
1247
1253
1242
1296
1213
1295
1250
1298
1233
1306
1258
1282
1288
1311
1291
1300
1302
1316
1302
1300
1284
1288
1280
1285
1258
1278
1246
1283
1258
1287
1277
1287
1303
1288
1317
1294
1349
1285
1326
1278
1337
1263
1307
1260
1333
1246
1269
1254
1247
1256
1242
1261
1242
1269
1263
1288
1279
1266
1265
1258
1289
1260
1285
1252
1260
1230
1200
1257
1214
1265
1209
1296
1183
1285
1239
1289
1235
1295
1281
1276
1316
1279
1316
1280
1300
1270
1287
1269
1285
1266
1230
1269
1151
1270
1211
1282
1225
1292
1243
1222
1298
1279
1297
1272
1290
1258
1278
1248
1260
1246
1218
1252
1224
1238
1209
1252
1204
1286
1228
1282
1245
1287
1282
1283
1315
1279
1311
1262
1295
1255
1277
1254
1267
1255
1234
1266
1227
1273
1232
1308
1224
1312
1263
1323
1277
1319
1278
1301
1272
1294
1266
1278
1244
1268
1207
1272
1215
1269
1213
1283
1199
1293
1228
1302
1242
1321
1259
1290
1279
1295
1285
1293
1269
1283
1248
1267
1244
1270
1238
1276
1236
1259
1271
1290
1263
1325
1261
1300
1280
1307
1292
1298
1303
1287
1279
1273
1258
1268
1244
1270
1244
1257
1245
1285
1267
1267
1296
1275
1306
1276
1310
1284
1320
1278
1312
1257
1299
1256
1264
1242
1260
1242
1227
1252
1257
1258
1304
1271
1297
1271
1293
1286
1332
1299
1317
1279
1297
1267
1281
1259
1240
1247
1195
1237
1202
1238
1211
1251
1211
1218
1247
1248
1258
1258
1267
1257
1249
1249
1248
1241
1246
1240
1199
1231
1191
1241
1158
1253
1166
1261
1187
1269
1214
1276
1239
1274
1245
1271
1254
1270
1247
1262
1228
1260
1203
1254
1169
1252
1164
1261
1150
1264
1166
1274
1219
1286
1233
1287
1244
1294
1250
1288
1255
1296
1212
1284
1202
1278
1182
1276
1176
1274
1155
1279
1173
1280
1186
1290
1211
1263
1236
1276
1256
1273
1238
1257
1234
1248
1245
1245
1216
1240
1219
1241
1222
1243
1234
1245
1250
1261
1303
1255
1313
1258
1295
1251
1318
1260
1295
1264
1268
1267
1259
1272
1238
1273
1237
1274
1241
1266
1256
1289
1262
1264
1310
1261
1288
1256
1260
1266
1242
1282
1193
1280
1178
1283
1164
1264
1172
1271
1181
1276
1202
1260
1236
1278
1247
1285
1244
1287
1261
1290
1221
1292
1209
1301
1205
1297
1197
1313
1206
1290
1237
1289
1263
1284
1276
1300
1325
1279
1375
1280
1350
1274
1354
1283
1320
1275
1306
1295
1284
1305
1298
1295
1291
1292
1299
1278
1327
1273
1339
1270
1374
1245
1362
1243
1326
1270
1316
1278
1274
1280
1265
1301
1202
1273
1247
1258
1258
1253
1246
1223
1266
1240
1273
1244
1281
1250
1277
1246
1280
1264
1256
1273
1254
1266
1250
1260
1231
1247
1201
1240
1226
1235
1195
1235
1197
1233
1174
1246
1213
1252
1222
1260
1216
1241
1224
1268
1194
1270
1216
1259
1220
1254
1189
1254
1179
1264
1185
1272
1181
1285
1195
1286
1211
1306
1217
1317
1189
1312
1237
1315
1178
1318
1229
1304
1238
1301
1208
1273
1205
1298
1186
1301
1212
1315
1225
1310
1249
1305
1264
1312
1286
1309
1286
1287
1297
1275
1276
1268
1273
1267
1251
1264
1237
1270
1237
1286
1259
1282
1260
1290
1271
1283
1295
1276
1281
1269
1296
1251
1296
1245
1284
1239
1275
1249
1262
1270
1256
1267
1262
1276
1283
1278
1317
1275
1300
1267
1316
1243
1322
1259
1305
1250
1291
1268
1271
1263
1259
1278
1243
1283
1266
1287
1292
1294
1300
1289
1321
1290
1334
1310
1310
1275
1296
1283
1277
1293
1259
1283
1233
1284
1249
1293
1221
1307
1250
1301
1273
1300
1272
1296
1284
1279
1265
1287
1248
1281
1254
1281
1207
1272
1196
1280
1174
1325
1190
1295
1189
1303
1223
1290
1261
1296
1260
1292
1247
1281
1246
1276
1238
1275
1183
1275
1173
1280
1164
1281
1150
1285
1192
1265
1245
1277
1235
1267
1262
1269
1258
1304
1254
1261
1220
1263
1205
1259
1204
1264
1192
1259
1201
1267
1207
1293
1227
1262
1265
1254
1287
1261
1295
1262
1303
1259
1304
1266
1319
1272
1274
1246
1278
1271
1247
1285
1259
1264
1249
1271
1280
1271
1297
1275
1308
1268
1307
1281
1305
1263
1305
1282
1280
1277
1258
1281
1245
1277
1211
1300
1193
1279
1204
1279
1218
1270
1226
1283
1233
1297
1257
1285
1240
1288
1261
1257
1251
1292
1239
1280
1230
1275
1223
1273
1204
1285
1204
1290
1238
1289
1245
1296
1252
1304
1322
1308
1318
1286
1319
1290
1330
1303
1309
1294
1295
1290
1245
1282
1263
1280
1258
1280
1288
1274
1311
1278
1318
1259
1337
1259
1345
1270
1333
1265
1316
1248
1299
1247
1257
1245
1239
1241
1248
1242
1241
1241
1245
1270
1275
1257
1283
1260
1276
1264
1263
1268
1259
1268
1242
1259
1213
1236
1194
1270
1173
1275
1196
1272
1237
1275
1211
1277
1238
1263
1253
1262
1251
1284
1243
1286
1241
1282
1217
1280
1178
1276
1190
1281
1174
1286
1210
1279
1243
1287
1247
1242
1274
1295
1274
1296
1285
1322
1264
1301
1265
1290
1268
1295
1225
1297
1234
1300
1242
1300
1265
1294
1284
1305
1294
1291
1297
1286
1303
1272
1290
1279
1263
1283
1244
1284
1233
1290
1198
1290
1230
1281
1238
1284
1257
1274
1267
1283
1282
1273
1281
1277
1258
1296
1255
1291
1237
1288
1198
1284
1206
1283
1216
1279
1215
1254
1236
1249
1238
1265
1249
1266
1230
1267
1260
1264
1230
1273
1256
1259
1250
1255
1234
1251
1230
1255
1243
1249
1253
1273
1245
1247
1220
1244
1268
1252
1274
1265
1285
1205
1298
1265
1270
1264
1284
1231
1250
1266
1268
1261
1260
1266
1286
1256
1282
1271
1269
1284
1274
1292
1262
1302
1265
1307
1269
1325
1256
1300
1242
1295
1245
1294
1229
1294
1216
1285
1211
1286
1211
1302
1187
1307
1209
1305
1227
1312
1234
1300
1253
1274
1257
1293
1246
1284
1220
1270
1237
1262
1208
1266
1219
1267
1223
1279
1224
1289
1253
1283
1270
1276
1275
1266
1278
1259
1256
1249
1247
1243
1247
1247
1223
1237
1234
1255
1213
1292
1229
1249
1241
1276
1262
1268
1289
1271
1282
1254
1269
1246
1223
1262
1230
1251
1201
1259
1176
1272
1172
1285
1180
1288
1195
1291
1228
1286
1249
1276
1257
1278
1243
1270
1226
1278
1177
1288
1170
1291
1201
1303
1166
1302
1194
1314
1224
1331
1245
1315
1274
1303
1302
1297
1295
1293
1259
1281
1259
1292
1242
1296
1224
1282
1255
1309
1253
1319
1288
1313
1316
1307
1337
1294
1388
1287
1356
1268
1344
1277
1297
1292
1284
1284
1288
1294
1266
1295
1268
1296
1303
1289
1311
1284
1330
1239
1333
1269
1325
1250
1302
1265
1289
1251
1238
1260
1210
1284
1266
1271
1240
1270
1257
1273
1268
1272
1267
1268
1249
1255
1275
1248
1248
1244
1233
1247
1225
1257
1214
1267
1200
1278
1219
1277
1224
1279
1219
1282
1210
1276
1221
1254
1236
1270
1212
1277
1221
1275
1200
1281
1210
1299
1221
1299
1246
1302
1249
1303
1269
1292
1268
1315
1247
1285
1238
1291
1230
1289
1219
1296
1232
1294
1264
1293
1253
1292
1270
1286
1286
1271
1276
1266
1255
1244
1237
1259
1186
1254
1149
1260
1189
1256
1202
1248
1228
1252
1256
1232
1265
1241
1271
1237
1265
1233
1239
1229
1199
1238
1183
1235
1159
1238
1153
1237
1171
1247
1189
1247
1210
1251
1210
1228
1249
1245
1227
1243
1226
1242
1219
1268
1169
1249
1173
1280
1145
1283
1150
1286
1168
1294
1172
1273
1218
1288
1244
1283
1255
1235
1249
1282
1219
1292
1198
1297
1165
1304
1155
1302
1147
1300
1201
1297
1227
1291
1251
1285
1286
1284
1281
1288
1299
1282
1272
1288
1256
1308
1230
1292
1238
1292
1243
1287
1253
1272
1276
1265
1287
1264
1274
1255
1286
1256
1288
1263
1264
1264
1276
1289
1253
1272
1254
1276
1230
1267
1254
1263
1247
1263
1208
1244
1240
1251
1230
1261
1222
1267
1221
1274
1213
1283
1228
1277
1219
1286
1225
1304
1209
1277
1238
1257
1246
1238
1216
1265
1221
1263
1195
1276
1205
1284
1217
1261
1228
1291
1232
1300
1248
1297
1252
1283
1252
1267
1227
1262
1243
1261
1209
1264
1201
1275
1188
1288
1188
1284
1199
1297
1212
1293
1245
1299
1231
1285
1268
1264
1274
1259
1243
1254
1228
1262
1201
1293
1178
1287
1190
1280
1204
1301
1232
1303
1250
1295
1292
1291
1276
1290
1254
1249
1265
1280
1214
1259
1194
1285
1171
1281
1176
1309
1208
1289
1222
1277
1248
1273
1263
1297
1279
1266
1313
1259
1277
1267
1269
1260
1242
1266
1226
1271
1225
1275
1246
1283
1251
1272
1255
1271
1301
1268
1291
1264
1296
1264
1338
1260
1286
1262
1294
1270
1252
1288
1242
1278
1227
1279
1257
1273
1304
1268
1277
1259
1290
1260
1282
1263
1266
1269
1245
1277
1237
1281
1183
1284
1171
1279
1196
1275
1248
1267
1225
1255
1244
1250
1228
1282
1228
1265
1204
1270
1197
1281
1194
1288
1183
1278
1178
1295
1180
1280
1200
1280
1226
1273
1215
1270
1223
1267
1224
1269
1196
1272
1218
1282
1194
1277
1189
1281
1153
1279
1191
1276
1186
1272
1227
1268
1258
1269
1265
1257
1270
1272
1277
1269
1264
1296
1245
1281
1254
1283
1248
1276
1235
1270
1260
1269
1321
1263
1299
1256
1323
1267
1318
1279
1307
1286
1267
1299
1275
1295
1244
1294
1237
1278
1246
1271
1235
1248
1243
1265
1257
1263
1247
1267
1232
1277
1215
1281
1200
1294
1179
1288
1172
1273
1199
1276
1148
1267
1144
1264
1146
1265
1163
1269
1153
1285
1192
1283
1189
1298
1179
1282
1204
1303
1190
1296
1208
1294
1219
1276
1218
1269
1225
1263
1238
1265
1237
1274
1248
1283
1249
1288
1305
1294
1258
1292
1268
1279
1234
1296
1270
1257
1292
1261
1262
1216
1241
1254
1234
1263
1253
1249
1237
1275
1243
1272
1253
1277
1249
1278
1245
1272
1252
1260
1243
1261
1234
1254
1220
1253
1208
1260
1141
1274
1198
1274
1200
1285
1193
1247
1206
1302
1201
1283
1216
1287
1219
1272
1218
1258
1196
1271
1167
1279
1173
1287
1167
1295
1169
1297
1195
1293
1209
1300
1236
1301
1260
1278
1265
1266
1258
1280
1240
1285
1250
1293
1183
1299
1199
1294
1210
1303
1219
1293
1253
1306
1275
1301
1286
1292
1299
1290
1313
1266
1293
1287
1258
1292
1259
1293
1245
1297
1218
1297
1244
1288
1237
1289
1263
1286
1268
1279
1301
1275
1309
1275
1314
1263
1334
1273
1259
1286
1240
1274
1213
1276
1203
1276
1203
1274
1170
1269
1232
1269
1265
1271
1287
1262
1287
1267
1267
1268
1252
1271
1193
1282
1177
1261
1173
1263
1164
1275
1179
1260
1196
1289
1230
1275
1236
1283
1267
1286
1298
1285
1251
1275
1227
1272
1211
1271
1202
1268
1184
1257
1184
1272
1194
1287
1202
1274
1239
1297
1285
1304
1263
1292
1289
1292
1257
1333
1235
1286
1200
1281
1198
1285
1196
1282
1201
1289
1219
1291
1245
1305
1277
1300
1294
1294
1293
1297
1294
1263
1264
1275
1230
1272
1243
1270
1213
1260
1217
1265
1222
1304
1275
1281
1252
1287
1287
1282
1306
1278
1285
1292
1266
1269
1242
1268
1215
1250
1197
1251
1202
1248
1217
1262
1190
1258
1218
1269
1242
1277
1250
1272
1256
1287
1248
1275
1224
1273
1193
1275
1209
1263
1209
1271
1198
1287
1213
1278
1223
1290
1236
1292
1249
1296
1259
1298
1267
1296
1254
1292
1262
1292
1252
1286
1259
1270
1259
1287
1236
1290
1255
1264
1249
1274
1252
1290
1281
1307
1277
1293
1280
1301
1244
1295
1275
1301
1254
1298
1261
1286
1257
1280
1250
1273
1229
1274
1235
1268
1215
1285
1228
1283
1244
1282
1299
1284
1259
1284
1274
1274
1290
1272
1276
1264
1272
1266
1251
1241
1231
1263
1207
1263
1231
1271
1222
1254
1241
1270
1266
1277
1269
1269
1270
1278
1279
1272
1251
1271
1230
1269
1202
1244
1196
1263
1176
1274
1190
1276
1216
1278
1201
1256
1228
1281
1221
1295
1237
1279
1221
1289
1222
1267
1195
1275
1162
1265
1185
1278
1178
1279
1183
1284
1208
1275
1212
1276
1227
1275
1243
1269
1247
1270
1229
1267
1214
1270
1210
1280
1170
1286
1207
1287
1215
1294
1243
1280
1269
1286
1286
1273
1287
1280
1291
1266
1291
1281
1271
1288
1258
1289
1268
1297
1271
1301
1289
1280
1309
1297
1315
1289
1325
1287
1300
1283
1298
1288
1270
1278
1279
1275
1295
1287
1259
1279
1266
1290
1273
1298
1276
1298
1290
1276
1262
1290
1276
1282
1263
1283
1254
1213
1242
1269
1227
1286
1220
1280
1207
1283
1211
1300
1219
1290
1244
1306
1252
1279
1246
1268
1234
1273
1193
1280
1204
1272
1217
1277
1170
1282
1174
1280
1189
1288
1203
1287
1218
1287
1235
1277
1226
1280
1209
1279
1207
1273
1170
1280
1192
1275
1209
1275
1193
1270
1209
1268
1218
1269
1256
1263
1264
1270
1272
1263
1275
1276
1256
1283
1257
1279
1236
1275
1244
1293
1250
1285
1249
1264
1252
1262
1252
1274
1278
1267
1279
1275
1254
1298
1280
1290
1247
1297
1270
1288
1279
1289
1255
1301
1246
1292
1235
1294
1224
1282
1227
1286
1242
1265
1258
1286
1247
1286
1258
1272
1273
1299
1258
1286
1258
1290
1232
1290
1219
1287
1183
1291
1221
1291
1234
1288
1241
1282
1268
1294
1267
1317
1275
1305
1292
1299
1284
1293
1270
1290
1235
1284
1264
1279
1222
1283
1225
1251
1267
1283
1246
1266
1285
1288
1293
1287
1307
1276
1334
1275
1311
1267
1277
1281
1239
1308
1215
1292
1192
1306
1199
1304
1225
1297
1253
1295
1271
1293
1298
1289
1303
1281
1286
1284
1258
1288
1229
1298
1171
1301
1174
1320
1211
1306
1213
1295
1232
1285
1264
1302
1287
1278
1291
1258
1306
1256
1293
1254
1257
1259
1235
1268
1209
1278
1200
1285
1232
1288
1243
1273
1270
1279
1298
1268
1326
1257
1375
1253
1311
1242
1304
1252
1263
1292
1241
1268
1214
1298
1217
1304
1236
1311
1265
1292
1283
1287
1295
1270
1318
1269
1305
1261
1284
1264
1268
1280
1227
1288
1203
1297
1219
1303
1210
1301
1224
1298
1239
1282
1268
1284
1232
1256
1253
1268
1244
1269
1210
1267
1203
1280
1190
1283
1179
1293
1182
1286
1191
1289
1185
1285
1193
1292
1200
1272
1196
1264
1185
1259
1202
1263
1188
1270
1194
1271
1182
1270
1211
1275
1207
1273
1234
1250
1268
1257
1238
1234
1255
1251
1248
1253
1248
1264
1251
1262
1250
1272
1250
1279
1282
1264
1295
1254
1296
1261
1275
1252
1274
1247
1252
1252
1261
1253
1242
1267
1260
1305
1275
1296
1256
1279
1275
1305
1268
1292
1292
1280
1291
1270
1263
1260
1243
1261
1231
1265
1201
1275
1203
1274
1209
1294
1220
1288
1217
1304
1253
1284
1218
1279
1264
1261
1261
1257
1222
1220
1203
1258
1182
1263
1186
1293
1180
1285
1204
1289
1223
1304
1220
1301
1249
1298
1268
1291
1247
1270
1242
1270
1218
1262
1196
1262
1133
1276
1194
1274
1192
1286
1213
1259
1234
1289
1233
1287
1261
1281
1276
1269
1259
1258
1243
1257
1228
1265
1205
1259
1188
1264
1190
1269
1215
1277
1214
1274
1245
1276
1251
1278
1273
1269
1287
1265
1268
1269
1251
1280
1217
1285
1227
1288
1222
1292
1230
1289
1256
1298
1259
1313
1279
1305
1291
1306
1300
1299
1273
1297
1258
1294
1251
1293
1240
1299
1242
1298
1240
1291
1243
1296
1250
1279
1232
1292
1250
1288
1262
1263
1275
1277
1254
1280
1244
1298
1244
1290
1227
1297
1239
1290
1242
1290
1174
1282
1246
1285
1245
1279
1258
1281
1264
1268
1261
1265
1261
1273
1241
1282
1261
1277
1282
1283
1254
1268
1285
1288
1276
1289
1266
1264
1247
1251
1262
1260
1250
1264
1237
1268
1232
1272
1231
1282
1243
1281
1252
1275
1246
1280
1251
1280
1255
1284
1235
1288
