1386
1374
1363
1342
1324
1331
1317
1325
1320
1316
1310
1293
1297
1286
1277
1271
1267
1259
1256
1246
1239
1232
1225
1210
1222
1220
1211
1208
1212
1216
1199
1216
1211
1225
1222
1235
1241
1246
1249
1259
1262
1280
1284
1296
1303
1302
1306
1310
1314
1309
1321
1325
1316
1311
1309
1314
1319
1298
1297
1287
1286
1274
1273
1273
1255
1254
1284
1251
1236
1239
1242
1223
1207
1227
1231
1227
1224
1233
1206
1228
1224
1210
1239
1242
1245
1256
1256
1257
1293
1260
1260
1285
1302
1308
1308
1300
1312
1323
1311
1310
1310
1307
1297
1303
1328
1291
1283
1288
1286
1260
1264
1271
1260
1255
1261
1253
1248
1237
1233
1228
1232
1220
1233
1227
1230
1222
1224
1232
1233
1225
1239
1217
1250
1248
1257
1262
1260
1268
1280
1294
1294
1302
1311
1313
1317
1325
1320
1331
1322
1332
1331
1309
1308
1276
1292
1318
1270
1273
1258
1243
1243
1243
1244
1241
1243
1251
1255
1241
1256
1265
1251
1251
1256
1255
1239
1227
1240
1228
1233
1240
1279
1312
1325
1366
1388
1411
1419
1430
1412
1388
1355
1331
1325
1284
1253
1228
1245
1142
1104
1045
1026
988
1002
1031
1046
1072
1106
1146
1168
1182
1223
1259
1310
1364
1431
1482
1469
1461
1415
1368
1286
1280
1247
1239
1227
1240
1258
1266
1267
1284
1307
1321
1307
1333
1367
1380
1414
1444
1445
1437
1423
1410
1391
1383
1401
1373
1385
1351
1342
1300
1251
1199
1159
1130
1103
1086
1105
1112
1127
1138
1158
1156
1201
1236
1200
1202
1178
1180
1168
1172
1170
1181
1190
1188
1213
1237
1258
1292
1346
1354
1371
1376
1373
1379
1386
1403
1379
1374
1356
1349
1327
1329
1327
1310
1293
1311
1249
1234
1220
1207
1188
1191
1193
1197
1209
1230
1253
1259
1289
1273
1298
1283
1265
1254
1239
1236
1222
1231
1245
1241
1244
1244
1245
1251
1263
1272
1296
1300
1294
1282
1266
1262
1259
1272
1259
1273
1278
1290
1301
1327
1349
1354
1402
1446
1430
1424
1414
1389
1344
1310
1277
1258
1243
1223
1229
1224
1222
1190
1210
1170
1154
1145
1133
1132
1135
1149
1153
1169
1205
1232
1254
1270
1267
1291
1271
1294
1287
1276
1265
1251
1247
1249
1218
1239
1270
1285
1313
1328
1349
1350
1351
1353
1336
1325
1313
1312
1325
1345
1358
1370
1404
1410
1413
1415
1405
1389
1382
1342
1305
1274
1254
1207
1192
1171
1187
1169
1185
1184
1196
1210
1217
1221
1245
1251
1242
1234
1232
1214
1194
1185
1164
1167
1219
1168
1192
1199
1188
1181
1219
1206
1207
1230
1250
1261
1269
1289
1304
1296
1326
1343
1366
1391
1430
1411
1409
1402
1379
1396
1380
1352
1342
1312
1285
1261
1265
1244
1253
1290
1305
1318
1334
1321
1325
1365
1303
1298
1287
1280
1244
1249
1247
1190
1197
1205
1216
1200
1198
1202
1125
1191
1189
1208
1218
1231
1260
1281
1298
1251
1308
1320
1299
1287
1288
1298
1285
1292
1290
1278
1243
1253
1249
1264
1255
1278
1300
1305
1299
1298
1320
1312
1314
1355
1329
1324
1266
1312
1287
1295
1297
1298
1295
1275
1265
1252
1229
1195
1175
1171
1138
1136
1161
1173
1161
1150
1166
1161
1191
1223
1260
1243
1246
1263
1265
1247
1269
1286
1312
1332
1335
1380
1363
1368
1365
1361
1363
1327
1352
1334
1325
1281
1294
1285
1287
1279
1310
1339
1346
1325
1332
1331
1323
1300
1295
1293
1265
1232
1226
1227
1210
1186
1174
1167
1159
1155
1148
1147
1137
1135
1139
1144
1151
1150
1180
1213
1190
1201
1204
1214
1237
1266
1315
1311
1319
1323
1328
1322
1338
1367
1356
1396
1419
1432
1420
1417
1411
1398
1395
1385
1395
1384
1351
1322
1283
1261
1231
1230
1231
1225
1212
1201
1195
1164
1150
1151
1158
1165
1157
1172
1172
1153
1161
1176
1166
1184
1201
1226
1244
1255
1267
1301
1277
1279
1294
1304
1304
1308
1299
1285
1261
1281
1296
1307
1326
1321
1342
1358
1331
1327
1320
1323
1334
1340
1338
1296
1310
1288
1264
1247
1245
1248
1246
1268
1243
1224
1206
1186
1158
1147
1160
1185
1145
1219
1209
1231
1233
1246
1271
1269
1306
1330
1316
1307
1289
1286
1282
1303
1324
1350
1370
1365
1363
1343
1338
1326
1343
1370
1373
1353
1333
1323
1294
1266
1260
1264
1280
1288
1274
1251
1225
1208
1193
1195
1206
1208
1205
1210
1186
1171
1130
1157
1168
1190
1221
1227
1242
1222
1227
1196
1229
1249
1261
1291
1303
1307
1305
1296
1275
1279
1293
1306
1322
1353
1347
1346
1301
1321
1323
1322
1334
1336
1345
1333
1293
1256
1213
1214
1207
1234
1247
1204
1278
1238
1230
1212
1219
1238
1250
1266
1297
1279
1256
1225
1222
1222
1243
1268
1297
1296
1283
1285
1262
1255
1252
1267
1289
1296
1310
1293
1269
1243
1210
1225
1229
1267
1293
1310
1299
1272
1270
1268
1275
1275
1323
1339
1332
1308
1286
1254
1228
1282
1245
1258
1269
1256
1229
1213
1185
1150
1199
1217
1239
1263
1271
1259
1211
1229
1232
1275
1318
1337
1369
1356
1335
1309
1296
1284
1295
1316
1311
1318
1307
1286
1247
1239
1235
1243
1265
1271
1270
1270
1263
1211
1192
1189
1203
1229
1267
1285
1266
1263
1253
1241
1237
1280
1335
1349
1332
1322
1300
1259
1246
1247
1263
1280
1288
1310
1296
1250
1242
1215
1233
1244
1283
1300
1295
1266
1231
1209
1186
1164
1227
1284
1344
1294
1300
1271
1247
1255
1296
1301
1325
1329
1329
1285
1253
1232
1242
1185
1244
1274
1289
1281
1270
1237
1237
1236
1257
1296
1315
1335
1319
1309
1272
1257
1271
1297
1335
1366
1390
1336
1348
1300
1287
1272
1277
1303
1321
1308
1288
1240
1222
1166
1194
1218
1232
1245
1277
1247
1221
1178
1157
1154
1180
1220
1211
1235
1247
1225
1213
1210
1230
1232
1309
1364
1342
1335
1288
1258
1231
1254
1280
1305
1322
1320
1296
1265
1226
1186
1229
1268
1259
1327
1325
1281
1261
1218
1235
1234
1287
1319
1344
1326
1291
1264
1233
1218
1243
1279
1307
1315
1290
1253
1181
1193
1211
1206
1248
1287
1308
1309
1269
1238
1193
1242
1257
1295
1342
1351
1333
1279
1300
1234
1255
1271
1298
1328
1327
1299
1264
1224
1210
1219
1275
1274
1331
1320
1291
1255
1223
1193
1191
1245
1281
1306
1308
1270
1250
1218
1209
1194
1236
1276
1311
1308
1270
1220
1188
1164
1164
1244
1297
1324
1323
1297
1271
1234
1233
1264
1316
1384
1383
1369
1324
1274
1220
1229
1249
1291
1313
1342
1329
1279
1247
1218
1142
1234
1280
1318
1331
1306
1266
1213
1212
1202
1229
1270
1314
1315
1307
1258
1219
1222
1187
1237
1283
1293
1345
1315
1245
1223
1249
1225
1251
1300
1332
1342
1322
1283
1247
1177
1235
1263
1304
1328
1325
1314
1255
1211
1162
1163
1253
1292
1337
1325
1282
1243
1215
1188
1222
1267
1343
1362
1364
1326
1281
1236
1259
1290
1344
1312
1354
1335
1291
1233
1189
1156
1186
1271
1334
1360
1345
1289
1236
1188
1167
1184
1287
1334
1341
1317
1261
1204
1158
1137
1191
1274
1338
1340
1325
1275
1193
1160
1227
1232
1272
1322
1330
1301
1236
1165
1184
1200
1216
1306
1359
1371
1343
1300
1188
1204
1259
1267
1333
1367
1359
1329
1268
1242
1230
1199
1228
1295
1331
1329
1240
1222
1129
1205
1193
1252
1302
1314
1298
1265
1234
1169
1133
1170
1255
1318
1349
1360
1298
1254
1151
1154
1184
1320
1355
1380
1375
1310
1286
1269
1244
1249
1314
1410
1406
1382
1316
1286
1246
1181
1218
1353
1373
1370
1355
1273
1225
1165
1187
1192
1269
1315
1309
1276
1151
1190
1150
1171
1201
1288
1320
1317
1290
1229
1198
1103
1198
1236
1298
1328
1330
1304
1237
1178
1179
1241
1276
1366
1392
1388
1356
1352
1232
1242
1249
1282
1394
1414
1394
1344
1293
1269
1180
1221
1279
1373
1364
1365
1254
1233
1147
1195
1210
1204
1326
1316
1236
1237
1199
1197
1139
1184
1229
1327
1328
1315
1251
1217
1197
1140
1167
1284
1369
1376
1350
1281
1240
1171
1179
1193
1295
1380
1384
1360
1283
1254
1172
1181
1232
1305
1386
1370
1311
1253
1218
1172
1199
1244
1234
1340
1339
1299
1230
1193
1120
1180
1244
1273
1347
1339
1303
1265
1205
1129
1173
1196
1352
1389
1353
1342
1278
1216
1175
1242
1244
1371
1417
1406
1352
1285
1225
1211
1244
1307
1382
1406
1380
1308
1250
1195
1204
1189
1187
1314
1324
1300
1248
1178
1120
1118
1191
1226
1305
1318
1301
1234
1181
1157
1168
1128
1195
1339
1350
1317
1268
1230
1151
1144
1252
1293
1390
1399
1372
1301
1267
1190
1164
1245
1332
1434
1441
1404
1326
1298
1241
1284
1236
1303
1380
1382
1324
1244
1198
1157
1169
1225
1248
1329
1339
1290
1209
1167
1176
1186
1220
1184
1333
1349
1267
1195
1164
1180
1205
1206
1264
1334
1355
1314
1250
1227
1176
1219
1235
1323
1402
1392
1350
1278
1241
1222
1284
1303
1365
1413
1382
1334
1258
1252
1239
1249
1277
1357
1382
1340
1289
1219
1146
1128
1193
1211
1333
1310
1306
1254
1180
1159
1113
1238
1274
1352
1376
1336
1251
1209
1197
1167
1242
1288
1369
1371
1338
1269
1227
1169
1236
1199
1265
1411
1408
1373
1290
1243
1230
1165
1213
1315
1397
1380
1340
1256
1255
1198
1209
1242
1220
1360
1336
1299
1229
1186
1152
1129
1201
1286
1358
1356
1325
1238
1216
1136
1227
1232
1345
1392
1384
1288
1289
1222
1185
1233
1293
1377
1403
1374
1355
1302
1154
1245
1224
1260
1365
1410
1379
1261
1265
1171
1125
1198
1304
1343
1344
1320
1206
1240
1095
1093
1134
1243
1334
1342
1318
1195
1238
1109
1116
1180
1289
1376
1391
1370
1232
1287
1201
1213
1205
1376
1430
1429
1341
1321
1320
1196
1203
1277
1390
1406
1408
1377
1282
1292
1225
1235
1204
1351
1378
1363
1223
1225
1217
1091
1098
1202
1292
1313
1308
1209
1194
1167
1118
1104
1159
1325
1345
1348
1270
1198
1225
1130
1161
1182
1350
1382
1342
1308
1269
1252
1178
1212
1312
1422
1449
1438
1277
1334
1241
1164
1210
1379
1417
1412
1400
1269
1301
1238
1219
1199
1320
1379
1379
1333
1209
1218
1089
1096
1164
1282
1325
1348
1223
1151
1216
1167
1166
1137
1317
1365
1378
1304
1153
1259
1149
1138
1227
1344
1371
1382
1254
1192
1268
1135
1170
1195
1361
1398
1377
1272
1242
1257
1129
1152
1255
1379
1404
1401
1319
1216
1278
1162
1183
1294
1385
1418
1396
1239
1257
1239
1125
1178
1276
1376
1409
1283
1278
1263
1267
1150
1173
1326
1401
1408
1305
1275
1245
1194
1098
1148
1285
1347
1353
1302
1215
1234
1094
1153
1107
1261
1323
1338
1280
1192
1233
1142
1157
1211
1326
1381
1393
1269
1169
1272
1218
1211
1262
1345
1397
1404
1249
1217
1271
1187
1204
1260
1377
1426
1408
1355
1311
1338
1243
1198
1369
1425
1469
1421
1326
1257
1237
1180
1145
1247
1305
1344
1272
1236
1135
1204
1152
1131
1255
1301
1286
1191
1162
1168
1159
1111
1159
1271
1330
1377
1261
1221
1265
1274
1206
1278
1350
1425
1452
1314
1304
1288
1346
1269
1260
1396
1484
1475
1336
1347
1310
1223
1218
1178
1305
1370
1386
1308
1255
1211
1183
1177
1261
1319
1333
1372
1291
1223
1215
1109
1113
1145
1273
1307
1299
1226
1168
1166
1064
1066
1213
1289
1338
1353
1232
1185
1244
1092
1250
1344
1438
1475
1431
1327
1302
1317
1194
1234
1328
1427
1452
1364
1288
1212
1273
1094
1189
1302
1406
1437
1318
1259
1279
1257
1169
1149
1238
1303
1313
1222
1137
1147
1108
1070
1144
1253
1328
1360
1290
1250
1258
1256
1205
1235
1284
1322
1372
1261
1200
1266
1150
1156
1173
1334
1407
1422
1302
1233
1300
1243
1170
1275
1361
1395
1416
1352
1313
1314
1197
1327
1337
1379
1403
1292
1211
1197
1218
1123
1179
1202
1281
1335
1306
1253
1152
1280
1121
1151
1237
1332
1357
1248
1216
1269
1248
1203
1229
1288
1375
1424
1305
1268
1256
1292
1206
1219
1280
1362
1377
1318
1305
1295
1190
1177
1236
1352
1410
1432
1287
1275
1291
1281
1207
1252
1262
1329
1326
1236
1188
1206
1109
1127
1218
1256
1331
1349
1259
1199
1286
1202
1154
1282
1309
1340
1261
1175
1186
1210
1179
1139
1265
1323
1361
1313
1267
1246
1309
1275
1249
1321
1393
1422
1348
1325
1251
1310
1251
1230
1295
1365
1365
1343
1306
1285
1256
1186
1215
1250
1350
1384
1286
1243
1294
1299
1246
1252
1233
1354
1357
1276
1210
1268
1248
1196
1240
1246
1321
1333
1257
1230
1237
1136
1110
1141
1221
1274
1323
1276
1241
1304
1222
1282
1346
1356
1404
1405
1341
1230
1271
1173
1123
1231
1269
1309
1303
1301
1260
1319
1277
1307
1370
1378
1427
1339
1266
1259
1297
1147
1204
1229
1270
1293
1202
1210
1165
1272
1160
1198
1264
1345
1384
1277
1258
1243
1323
1199
1180
1242
1329
1336
1270
1281
1242
1256
1198
1184
1220
1298
1309
1229
1262
1292
1288
1231
1271
1284
1368
1386
1291
1212
1332
1285
1268
1304
1271
1322
1316
1247
1201
1249
1219
1221
1275
1289
1336
1275
1263
1256
1312
1269
1203
1309
1312
1330
1286
1275
1176
1277
1226
1184
1301
1335
1370
1355
1284
1253
1305
1203
1254
1278
1321
1349
1300
1305
1253
1296
1251
1255
1256
1325
1304
1190
1200
1190
1254
1185
1154
1261
1377
1344
1282
1304
1307
1314
1259
1285
1313
1356
1347
1250
1287
1232
1252
1199
1215
1261
1335
1330
1233
1232
1208
1258
1150
1249
1220
1301
1316
1248
1185
1284
1210
1252
1316
1324
1372
1307
1265
1228
1301
1282
1203
1291
1308
1346
1270
1249
1271
1294
1234
1210
1312
1321
1336
1264
1292
1187
1273
1186
1200
1289
1348
1361
1261
1314
1209
1289
1205
1210
1301
1325
1320
1273
1295
1219
1273
1208
1162
1227
1306
1305
1242
1272
1200
1270
1221
1286
1271
1344
1348
1308
1303
1230
1258
1179
1279
1277
1346
1356
1257
1303
1276
1316
1307
1331
1315
1373
1363
1222
1224
1285
1222
1163
1231
1231
1274
1249
1261
1234
1263
1243
1169
1300
1297
1384
1315
1270
1241
1276
1174
1258
1304
1330
1353
1281
1319
1186
1278
1212
1225
1336
1289
1314
1228
1294
1222
1279
1235
1264
1301
1356
1380
1316
1346
1269
1267
1226
1244
1262
1317
1320
1224
1255
1198
1284
1165
1226
1267
1342
1338
1280
1228
1323
1306
1230
1269
1292
1351
1336
1230
1225
1162
1222
1142
1203
1210
1285
1240
1300
1218
1323
1270
1279
1385
1386
1430
1374
1365
1293
1274
1249
1163
1274
1260
1315
1276
1254
1270
1287
1201
1231
1268
1327
1357
1292
1327
1197
1254
1153
1155
1181
1285
1286
1225
1282
1167
1266
1221
1226
1240
1309
1326
1227
1293
1215
1263
1140
1198
1223
1309
1332
1244
1312
1233
1283
1239
1266
1296
1358
1369
1305
1308
1248
1298
1258
1258
1279
1363
1376
1337
1325
1252
1316
1251
1302
1286
1358
1279
1384
1264
1226
1218
1140
1225
1249
1289
1297
1291
1163
1237
1152
1170
1248
1253
1302
1166
1313
1201
1276
1250
1205
1254
1303
1348
1282
1333
1249
1282
1160
1159
1254
1326
1369
1296
1365
1250
1323
1236
1205
1276
1350
1368
1270
1323
1211
1283
1162
1225
1269
1342
1361
1220
1338
1291
1305
1188
1229
1273
1337
1387
1257
1250
1176
1157
1133
1111
1206
1255
1292
1221
1183
1178
1237
1184
1267
1278
1355
1295
1357
1231
1212
1249
1156
1272
1251
1313
1312
1332
1207
1304
1206
1282
1335
1345
1400
1352
1374
1264
1279
1232
1219
1209
1264
1312
1227
1309
1200
1270
1239
1253
1271
1333
1374
1282
1360
1225
1289
1182
1217
1229
1286
1310
1213
1300
1209
1261
1165
1199
1197
1317
1336
1276
1301
1256
1278
1201
1200
1268
1330
1344
1281
1261
1229
1301
1249
1260
1288
1365
1365
1264
1270
1242
1186
1178
1308
1304
1373
1358
1355
1294
1217
1253
1160
1283
1261
1315
1305
1296
1176
1247
1161
1225
1305
1319
1373
1340
1350
1235
1272
1165
1193
1219
1265
1303
1260
1309
1197
1275
1239
1233
1264
1318
1343
1239
1300
1195
1241
1139
1103
1236
1281
1296
1250
1314
1215
1316
1259
1219
1314
1379
1332
1337
1303
1191
1257
1130
1222
1232
1308
1323
1304
1271
1248
1310
1256
1312
1317
1375
1367
1278
1209
1212
1232
1226
1272
1274
1333
1253
1344
1301
1267
1296
1217
1326
1306
1353
1271
1317
1212
1232
1187
1116
1245
1225
1298
1215
1302
1236
1246
1193
1209
1272
1286
1346
1275
1337
1246
1303
1196
1201
1334
1358
1370
1253
1340
1232
1288
1215
1210
1237
1307
1322
1274
1312
1270
1309
1279
1224
1322
1363
1374
1307
1325
1253
1274
1179
1167
1253
1322
1297
1259
1194
1208
1256
1165
1258
1242
1306
1296
1259
1158
1173
1131
1108
1181
1232
1297
1243
1316
1200
1177
1246
1219
1308
1281
1364
1313
1345
1240
1307
1205
1283
1340
1350
1399
1310
1375
1262
1312
1246
1270
1310
1320
1369
1249
1358
1218
1316
1267
1268
1319
1332
1355
1288
1291
1233
1252
1138
1177
1215
1291
1291
1262
1278
1166
1230
1175
1215
1231
1281
1334
1266
1254
1141
1240
1191
1146
1245
1296
1339
1313
1255
1213
1301
1197
1267
1315
1388
1383
1360
1326
1292
1331
1305
1390
1352
1397
1328
1375
1310
1287
1281
1195
1307
1308
1362
1316
1344
1218
1297
1209
1273
1305
1299
1330
1192
1273
1130
1224
1143
1148
1174
1216
1265
1216
1256
1126
1243
1219
1138
1289
1300
1332
1225
1293
1207
1269
1229
1206
1296
1349
1367
1289
1345
1272
1319
1225
1303
1328
1382
1380
1349
1360
1298
1334
1242
1269
1333
1388
1386
1333
1256
1196
1270
1159
1260
1232
1286
1252
1293
1247
1176
1258
1217
1203
1251
1306
1258
1281
1219
1198
1138
1187
1264
1235
1342
1267
1301
1188
1287
1228
1207
1321
1320
1354
1256
1337
1228
1291
1226
1252
1333
1375
1430
1315
1409
1268
1365
1255
1303
1356
1363
1360
1279
1294
1160
1231
1121
1193
1224
1283
1292
1191
1261
1159
1201
1178
1126
1192
1256
1249
1228
1217
1129
1221
1167
1164
1266
1287
1338
1313
1284
1282
1283
1280
1362
1346
1409
1348
1424
1381
1321
1355
1330
1339
1350
1394
1306
1340
1224
1209
1283
1197
1305
1310
1400
1268
1317
1261
1263
1206
1182
1240
1214
1246
1150
1209
1148
1162
1095
1144
1255
1260
1301
1217
1274
1174
1236
1167
1225
1261
1299
1314
1202
1317
1250
1300
1300
1235
1350
1416
1432
1373
1399
1292
1352
1314
1269
1335
1402
1404
1348
1361
1290
1313
1231
1216
1294
1379
1362
1298
1254
1202
1211
1098
1195
1204
1252
1230
1246
1137
1129
1181
1164
1168
1208
1272
1253
1245
1179
1191
1146
1205
1279
1286
1354
1292
1361
1339
1310
1255
1308
1325
1297
1368
1364
1358
1326
1294
1306
1327
1334
1314
1353
1303
1368
1335
1316
1239
1228
1245
1258
1177
1155
1159
1247
1243
1243
1273
1258
1269
1271
1243
1185
1158
1100
1190
1199
1212
1201
1277
1236
1154
1199
1222
1270
1336
1370
1381
1366
1321
1294
1275
1175
1198
1250
1298
1407
1423
1415
1370
1356
1348
1331
1346
1329
1283
1368
1332
1301
1262
1228
1232
1262
1269
1267
1272
1198
1273
1237
1196
1182
1193
1199
1116
1117
1101
1115
1199
1223
1248
1274
1274
1300
1298
1254
1210
1168
1220
1277
1296
1308
1291
1302
1306
1298
1298
1326
1336
1423
1446
1438
1423
1360
1326
1303
1214
1230
1239
1293
1396
1370
1352
1304
1297
1292
1222
1268
1272
1276
1280
1241
1190
1150
1122
1141
1171
1178
1171
1202
1152
1253
1245
1258
1251
1258
1268
1278
1161
1156
1171
1232
1264
1308
1346
1335
1348
1338
1276
1244
1234
1235
1371
1374
1375
1331
1298
1273
1227
1212
1283
1303
1360
1381
1362
1335
1255
1225
1191
1131
1136
1150
1154
1154
1153
1132
1083
1101
1149
1106
1197
1149
1122
1141
1140
1121
1139
1155
1243
1323
1381
1420
1426
1334
1419
1404
1425
1436
1498
1550
1571
1543
1411
1351
1320
1294
1283
1329
1384
1476
1536
1538
1435
1336
1285
1224
1163
1170
1217
1289
1375
1406
1353
1254
1139
1017
1016
985
1044
1124
1266
1329
1369
1292
1142
920
904
875
928
1072
1229
1387
1497
1464
1294
1140
954
985
995
1132
1298
1509
1582
1591
1510
1331
1173
1132
1133
1208
1360
1488
1604
1632
1573
1415
1219
1044
1091
1115
1212
1343
1474
1563
1505
1467
1268
1079
962
1018
1063
1176
1281
1469
1533
1483
1379
1223
1103
1071
1080
1190
1344
1475
1588
1607
1409
1235
1083
973
1012
1094
1266
1446
1590
1635
1547
1355
1158
1009
1026
1077
1229
1381
1509
1574
1539
1353
1255
1116
1026
1099
1192
1336
1439
1520
1525
1409
1265
1105
987
967
1062
1172
1301
1392
1480
1496
1384
1279
1145
971
1015
1076
1173
1295
1402
1471
1486
1414
1272
1110
1085
1137
1206
1343
1466
1574
1591
1485
1314
1172
1076
1071
1132
1265
1410
1521
1597
1576
1404
1263
1133
1050
1100
1179
1292
1393
1468
1503
1439
1303
1149
1055
1074
1137
1216
1324
1373
1419
1408
1322
1212
1072
891
996
1042
1158
1281
1358
1424
1431
1332
1165
1034
989
1058
1132
1260
1375
1484
1509
1434
1330
1113
990
1052
1148
1281
1409
1520
1601
1545
1450
1290
1152
1020
1153
1275
1430
1560
1614
1620
1533
1392
1201
1108
1084
1185
1281
1409
1469
1511
1464
1366
1171
1101
1026
1096
1170
1286
1406
1456
1420
1413
1287
1080
945
958
1039
1134
1279
1393
1476
1487
1404
1199
1096
978
960
1071
1222
1358
1462
1493
1476
1357
1113
1059
1006
1073
1185
1375
1465
1505
1493
1389
1168
996
911
959
1106
1251
1392
1497
1497
1431
1335
1119
1060
1030
1074
1225
1329
1442
1480
1448
1413
1292
1181
1022
988
1079
1253
1410
1446
1470
1452
1364
1246
1097
1037
1036
1159
1292
1429
1545
1552
1504
1381
1185
1041
992
1061
1207
1305
1492
1546
1527
1428
1268
1061
966
955
1102
1299
1430
1513
1495
1416
1280
1093
1005
950
1016
1197
1351
1464
1519
1460
1374
1245
1096
1043
1023
1020
1214
1329
1429
1454
1401
1330
1208
1045
982
1011
1098
1264
1370
1466
1428
1431
1332
1235
1111
1011
1055
1128
1350
1481
1570
1555
1487
1349
1177
1022
1011
1078
1243
1392
1512
1565
1526
1411
1273
1145
1001
988
1135
1311
1421
1498
1496
1422
1293
1151
987
983
1035
1125
1300
1415
1494
1471
1357
1277
1126
1000
994
1046
1121
1303
1439
1511
1485
1405
1288
1130
1014
982
1061
1240
1382
1495
1500
1483
1355
1229
1074
936
980
1130
1324
1462
1584
1591
1481
1319
1146
954
943
1002
1168
1390
1537
1602
1562
1439
1310
1122
1024
1010
1103
1204
1473
1585
1602
1520
1378
1206
1055
967
1056
1162
1384
1509
1622
1631
1509
1288
1183
995
970
973
1086
1380
1512
1607
1588
1439
1252
1076
888
939
1016
1080
1388
1515
1579
1509
1308
1111
969
815
886
1021
1232
1456
1559
1571
1436
1247
1083
962
896
996
1110
1309
1540
1645
1552
1432
1254
1108
1027
984
1072
1209
1461
1616
1659
1581
1411
1251
1114
1019
991
1171
1330
1511
1630
1639
1541
1328
1132
1007
877
987
1131
1265
1501
1608
1579
1459
1238
1076
973
898
1028
1191
1311
1566
1607
1545
1387
1179
1047
978
926
1053
1243
1439
1592
1598
1512
1331
1159
1026
997
1026
1150
1308
1454
1619
1603
1459
1324
1168
1060
988
1057
1183
1332
1524
1608
1591
1460
1258
1092
975
968
1004
1177
1351
1528
1593
1506
1366
1137
977
914
891
1031
1202
1423
1574
1563
1484
1319
1110
1024
990
1053
1191
1365
1463
1635
1612
1499
1351
1169
1077
1058
1037
1234
1384
1486
1633
1589
1467
1294
1110
1010
991
1016
1174
1362
1508
1579
1524
1391
1198
1046
923
929
957
1210
1393
1512
1554
1460
1301
1127
973
921
982
1120
1317
1495
1533
1574
1470
1303
1115
992
972
1025
1207
1381
1503
1611
1568
1456
1313
1147
1048
1022
1059
1260
1359
1485
1626
1576
1464
1308
1142
1033
1013
1110
1291
1406
1503
1619
1538
1407
1207
1031
952
964
1064
1159
1441
1531
1576
1474
1298
1146
981
947
1007
1155
1279
1415
1547
1541
1448
1286
1154
1020
1010
1087
1174
1322
1460
1569
1532
1421
1281
1137
980
985
1072
1194
1272
1429
1516
1466
1372
1235
1077
965
918
1010
1158
1325
1414
1395
1479
1363
1202
1051
953
972
1086
1232
1445
1530
1512
1503
1356
1188
1066
975
1023
1161
1312
1443
1534
1600
1512
1369
1221
1103
1064
1096
1231
1388
1499
1596
1530
1487
1348
1192
1075
1015
1056
1171
1322
1397
1467
1486
1405
1266
1093
980
921
1005
1117
1246
1424
1499
1513
1382
1216
1060
948
917
1008
1175
1317
1548
1545
1472
1390
1217
1072
995
1039
1106
1301
1473
1612
1629
1476
1389
1213
1116
1047
1054
1133
1298
1385
1541
1591
1474
1344
1186
1102
991
989
1068
1249
1434
1496
1506
1449
1311
1145
994
922
955
1070
1282
1401
1536
1571
1440
1276
1106
965
939
1004
1181
1389
1501
1598
1579
1465
1256
1098
1022
1009
1097
1242
1429
1579
1558
1551
1390
1229
1090
1009
993
1076
1209
1410
1497
1555
1556
1437
1251
1100
1012
990
1074
1220
1422
1516
1563
1526
1352
1151
989
906
897
1023
1204
1409
1518
1527
1502
1314
1108
972
922
988
1135
1278
1537
1652
1622
1500
1350
1159
1028
998
1100
1210
1379
1536
1652
1575
1537
1332
1198
1059
1012
1058
1173
1343
1496
1593
1617
1498
1315
1135
987
896
985
1129
1338
1502
1617
1619
1462
1231
1098
940
889
976
1151
1350
1503
1584
1531
1362
1161
977
910
923
1029
1206
1384
1523
1578
1515
1388
1159
1066
982
980
1064
1210
1400
1523
1599
1533
1418
1227
1102
1002
1023
1026
1246
1441
1598
1655
1613
1471
1266
1093
960
976
1072
1257
1462
1590
1632
1561
1413
1226
1034
939
953
1092
1260
1456
1566
1569
1499
1289
1133
950
940
973
1084
1237
1408
1514
1536
1475
1347
1144
1064
963
987
1086
1231
1411
1547
1581
1543
1409
1223
1015
974
995
1080
1261
1447
1593
1625
1547
1414
1210
1014
938
991
1105
1269
1432
1543
1560
1486
1346
1181
1020
991
994
1107
1243
1368
1476
1436
1407
1289
1133
1021
989
974
1086
1216
1352
1459
1510
1466
1355
1180
1088
1016
999
1098
1233
1397
1526
1586
1544
1454
1288
1142
1060
1008
1123
1275
1435
1539
1576
1524
1399
1294
1077
1097
1040
1131
1259
1383
1468
1465
1459
1341
1230
1082
1030
1012
1062
1207
1257
1368
1411
1439
1349
1231
1103
1015
1009
1032
1112
1249
1365
1437
1445
1402
1274
1154
1059
1053
1082
1195
1323
1439
1506
1492
1442
1331
1215
1142
1125
1193
1243
1358
1451
1506
1477
1460
1379
1270
1179
1135
1155
1216
1269
1346
1400
1420
1388
1333
1241
1140
1073
1094
1104
1189
1270
1336
1364
1348
1296
1199
1118
1061
1061
1072
1168
1257
1284
1371
1355
1303
1234
1167
1132
1128
1169
1237
1302
1371
1408
1422
1377
1337
1306
1254
1225
1207
1255
1279
1324
1391
1447
1391
1361
1292
1256
1192
1171
1177
1227
1246
1317
1357
1353
1309
1252
1210
1166
1149
1153
1185
1227
1280
1318
1329
1282
1285
1238
1209
1176
1169
1205
1168
1239
1279
1330
1354
1352
1351
1310
1263
1246
1221
1234
1269
1339
1406
1428
1444
1404
1342
1284
1208
1185
1156
1223
1280
1367
1405
1407
1382
1326
1235
1147
1128
1120
1169
1211
1278
1331
1366
1329
1294
1234
1166
1101
1102
1115
1147
1225
1289
1352
1369
1345
1277
1196
1137
1077
1108
1167
1238
1366
1490
1473
1444
1358
1268
1141
1119
1139
1177
1298
1405
1496
1517
1484
1405
1313
1214
1149
1141
1177
1279
1364
1448
1490
1436
1408
1296
1200
1113
1067
1104
1171
1293
1425
1453
1443
1375
1259
1144
965
1008
1038
1101
1243
1364
1446
1449
1384
1301
1166
1070
1022
1057
1127
1265
1378
1472
1484
1429
1329
1206
1126
1084
1068
1161
1312
1392
1483
1513
1473
1367
1269
1171
1109
1099
1158
1261
1368
1481
1520
1517
1403
1290
1175
1107
1073
1113
1180
1323
1399
1485
1465
1383
1268
1159
1077
1048
1102
1207
1264
1360
1407
1423
1384
1219
1176
1088
1074
1097
1168
1269
1356
1427
1477
1419
1322
1248
1166
1109
1122
1175
1266
1339
1402
1452
1425
1351
1255
1176
1110
1072
1153
1236
1312
1364
1394
1383
1319
1252
1182
1127
1110
1127
1177
1244
1325
1346
1351
1338
1282
1227
1152
1153
1148
1221
1252
1306
1345
1351
1420
1343
1318
1261
1215
1204
1209
1244
1292
1348
1348
1365
1368
1328
1268
1210
1185
1167
1207
1237
1300
1353
1372
1366
1327
1283
1227
1173
1178
1201
1196
1237
1274
1309
1321
1312
1264
1230
1186
1148
1139
1156
1203
1260
1302
1342
1339
1319
1272
1235
1192
1180
1185
1222
1266
1309
1352
1385
1412
1341
1325
1263
1224
1202
1218
1228
1277
1324
1368
1376
1372
1351
1287
1245
1193
1173
1186
1213
1254
1295
1347
1350
1310
1278
1209
1163
1141
1135
1175
1211
1281
1339
1370
1357
1329
1265
1215
1158
1135
1146
1185
1297
1320
1369
1394
1396
1337
1273
1206
1150
1131
1156
1201
1283
1371
1426
1358
1394
1303
1258
1148
1113
1116
1158
1255
1318
1427
1467
1442
1367
1268
1186
1128
1094
1140
1194
1296
1400
1461
1474
1415
1336
1224
1140
1081
1066
1131
1225
1350
1457
1508
1474
1373
1251
1128
1065
1050
1092
1179
1301
1422
1474
1475
1410
1296
1156
1052
1044
1065
1130
1249
1363
1464
1487
1456
1393
1260
1150
1069
1060
1088
1168
1309
1456
1481
1493
1431
1326
1191
1097
1071
1053
1137
1250
1375
1458
1500
1473
1413
1300
1178
1112
1087
1116
1215
1308
1402
1451
1460
1412
1331
1221
1146
1069
1068
1134
1212
1310
1380
1446
1437
1397
1302
1189
1104
1051
1030
1120
1227
1328
1405
1524
1453
1374
1259
1157
1074
1055
1104
1176
1293
1390
1467
1486
1444
1373
1244
1163
1098
1103
1152
1233
1341
1438
1516
1496
1462
1364
1240
1145
1083
1095
1167
1279
1397
1504
1534
1500
1391
1257
1124
1025
1017
1055
1156
1272
1381
1438
1462
1385
1268
1170
1066
1022
984
1111
1218
1249
1418
1451
1428
1363
1262
1154
1087
1070
1109
1224
1315
1428
1476
1503
1459
1373
1278
1172
1132
1134
1229
1288
1403
1462
1493
1457
1400
1306
1207
1143
1117
1141
1197
1255
1313
1359
1377
1357
1310
1249
1166
1116
1091
1103
1144
1221
1294
1335
1353
1327
1287
1205
1154
1100
1088
1128
1199
1294
1371
1405
1419
1396
1340
1268
1218
1196
1188
1226
1301
1369
1435
1468
1483
1448
1383
1302
1219
1165
1134
1173
1233
1337
1390
1443
1437
1373
1281
1185
1095
1048
1088
1146
1245
1334
1398
1401
1315
1262
1182
1105
1046
1036
1092
1183
1273
1346
1400
1400
1351
1265
1184
1106
1054
1079
1127
1257
1366
1461
1503
1495
1428
1339
1233
1158
1135
1167
1285
1384
1484
1523
1518
1447
1344
1230
1148
1097
1129
1179
1267
1342
1409
1438
1393
1308
1225
1141
1088
1079
1097
1155
1232
1314
1376
1363
1346
1244
1198
1126
1061
1060
1091
1173
1261
1344
1392
1389
1347
1277
1208
1155
1142
1187
1222
1293
1366
1412
1440
1415
1384
1351
1284
1245
1230
1239
1255
1296
1356
1390
1405
1410
1379
1323
1216
1198
1154
1152
1178
1240
1305
1366
1380
1376
1347
1255
1196
1149
1127
1135
1192
1245
1301
1332
1340
1316
1265
1204
1167
1149
1130
1138
1244
1246
1297
1342
1357
1340
1293
1249
1202
1171
1161
1192
1261
1326
1371
1409
1401
1342
1288
1230
1179
1182
1200
1256
1307
1362
1395
1387
1407
1323
1292
1259
1242
1226
1247
1283
1308
1334
1352
1349
1317
1364
1272
1238
1193
1186
1190
1222
1260
1286
1328
1311
1288
1250
1203
1170
1178
1175
1210
1248
1290
1335
1317
1297
1272
1187
1211
1174
1188
1201
1214
1264
1289
1320
1331
1313
1320
1291
1256
1237
1200
1219
1250
1298
1344
1372
1370
1347
1301
1284
1221
1209
1216
1247
1268
1362
1395
1397
1376
1335
1284
1194
1208
1201
1220
1250
1229
1332
1337
1320
1299
1268
1223
1188
1172
1171
1183
1206
1293
1310
1335
1315
1306
1258
1205
1165
1149
1178
1203
1270
1361
1357
1374
1345
1293
1226
1201
1195
1209
1243
1299
1348
1371
1368
1352
1332
1277
1235
1227
1227
1237
1262
1293
1323
1310
1345
1325
1286
1244
1205
1196
1212
1192
1252
1279
1300
1303
1298
1271
1217
1191
1235
1175
1189
1222
1282
1266
1285
1302
1294
1271
1256
1256
1256
1265
1289
1286
1312
1314
1333
1346
1344
1338
1293
1300
1262
1260
1267
1268
1297
1301
1338
1345
1345
1330
1297
1259
1217
1201
1209
1224
1250
1302
1303
1311
1291
1271
1233
1199
1189
1168
1170
1178
1210
1235
1275
1314
1296
1297
1267
1222
1195
1191
1189
1205
1265
1288
1369
1384
1391
1352
1303
1267
1235
1235
1250
1288
1331
1370
1392
1382
1353
1334
1292
1269
1260
1292
1240
1255
1283
1330
1313
1315
1303
1277
1255
1204
1210
1186
1189
1216
1249
1283
1270
1267
1257
1239
1179
1202
1179
1179
1199
1206
1233
1242
1271
1280
1273
1282
1275
1270
1256
1224
1256
1258
1265
1298
1313
1333
1351
1355
1376
1319
1321
1278
1268
1266
1296
1333
1339
1367
1351
1345
1307
1266
1248
1219
1208
1232
1260
1273
1284
1293
1277
1256
1208
1234
1220
1216
1206
1214
1228
1251
1255
1266
1275
1270
1260
1250
1239
1209
1219
1264
1272
1303
1328
1337
1334
1316
1329
1257
1264
1257
1266
1283
1304
1328
1318
1324
1297
1305
1283
1268
1258
1259
1265
1250
1277
1284
1284
1286
1272
1260
1233
1204
1207
1203
1214
1220
1243
1269
1270
1263
1245
1237
1218
1163
1212
1218
1248
1300
1303
1312
1268
1308
1264
1254
1260
1271
1302
1318
1341
1363
1361
1353
1330
1317
1289
1281
1295
1288
1288
1289
1312
1312
1327
1315
1297
1271
1245
1218
1211
1204
1226
1241
1276
1292
1278
1275
1237
1225
1187
1178
1183
1192
1216
1240
1269
1288
1299
1274
1273
1254
1230
1230
1224
1211
1234
1277
1285
1302
1339
1356
1349
1339
1318
1297
1283
1259
1282
1310
1346
1370
1395
1401
1376
1355
1311
1273
1238
1236
1241
1236
1275
1300
1313
1297
1300
1290
1270
1242
1188
1164
1132
1165
1194
1242
1269
1301
1321
1309
1263
1207
1185
1153
1159
1195
1234
1281
1343
1346
1341
1323
1280
1250
1218
1205
1201
1220
1275
1296
1321
1366
1330
1343
1355
1312
1274
1239
1234
1242
1272
1304
1336
1363
1366
1333
1302
1236
1214
1180
1202
1226
1242
1282
1308
1321
1332
1311
1260
1228
1206
1193
1209
1230
1250
1281
1294
1334
1308
1324
1303
1276
1216
1244
1243
1248
1265
1294
1303
1310
1293
1295
1288
1242
1230
1233
1245
1262
1249
1301
1300
1292
1275
1248
1227
1215
1220
1279
1242
1256
1270
1281
1272
1280
1289
1271
1252
1254
1252
1273
1252
1279
1292
1309
1325
1327
1312
1285
1257
1246
1241
1214
1261
1293
1315
1325
1313
1329
1321
1294
1281
1267
1260
1266
1275
1283
1285
1286
1323
1278
1257
1237
1223
1198
1203
1224
1217
1226
1232
1210
1254
1250
1258
1170
1238
1225
1230
1234
1231
1249
1258
1280
1252
1301
1306
1289
1299
1279
1276
1274
1278
1292
1308
1314
1303
1304
1293
1278
1270
1269
1264
1275
1285
1306
1314
1317
1325
1288
1282
1242
1235
1227
1238
1247
1213
1277
1272
1266
1279
1243
1230
1215
1211
1174
1239
1248
1250
1262
1246
1268
1259
1262
1247
1247
1253
1251
1270
1261
1263
1293
1305
1324
1333
1325
1329
1309
1309
1358
1304
1302
1299
1285
1285
1299
1302
1282
1277
1270
1260
1244
1245
1237
1229
1243
1241
1244
1262
1241
1233
1220
1193
1191
1218
1217
1215
1208
1225
1228
1223
1232
1228
1233
1213
1277
1258
1271
1273
1277
1320
1279
1284
1290
1294
1289
1313
1338
1326
1343
1329
1346
1324
1328
1341
1312
1294
1299
1298
1314
1304
1314
1303
1304
1265
1287
1260
1260
1230
1220
1229
1205
1246
1259
1265
1269
1257
1241
1219
1188
1174
1172
1175
1215
1202
1232
1244
1267
1298
1278
1265
1255
1239
1225
1219
1238
1226
1256
1313
1332
1347
1347
1337
1316
1304
1249
1268
1274
1272
1287
1306
1335
1333
1337
1338
1343
1290
1264
1256
1249
1185
1233
1258
1276
1273
1279
1278
1265
1260
1257
1251
1250
1225
1237
1235
1236
1239
1250
1254
1260
1256
1263
1267
1261
1259
1264
1268
1249
1248
1265
1260
1248
1243
1278
1303
1288
1308
1304
1292
1275
1263
1249
1258
1270
1283
1302
1296
1304
1290
1302
1282
1284
1276
1259
1248
1274
1252
1257
1257
1261
1263
1267
1274
1284
1282
1255
1248
1239
1234
1214
1223
1243
1242
1253
1258
1292
1292
1285
1292
1282
1237
1276
1282
1276
1277
1286
1301
1308
1309
1316
1325
1318
1309
1308
1294
1287
1272
1291
1301
1293
1292
1287
1266
1290
1300
1274
1243
1265
1267
1274
1265
1243
1254
1239
1241
1251
1256
1258
1260
1245
1235
1231
1218
1229
1231
1224
1244
1243
1248
1247
1227
1236
1246
1266
1276
1288
1306
1304
1318
1314
1306
1302
1282
1273
1273
1285
1298
1311
1330
1320
1318
1311
1289
1278
1267
1266
1311
1284
1271
1297
1299
1291
1283
1290
1268
1253
1235
1230
1220
1231
1244
1237
1252
1261
1267
1257
1256
1258
1289
1245
1225
1245
1237
1228
1242
1240
1243
1263
1272
1279
1278
1280
1274
1273
1269
1266
1277
1331
1294
1307
1320
1321
1306
1307
1318
1291
1282
1281
1283
1286
1299
1301
1281
1289
1279
1239
1257
1234
1238
1233
1243
1210
1266
1269
1258
1245
1226
1219
1213
1229
1241
1249
1276
1291
1283
1270
1238
1236
1234
1247
1255
1283
1303
1301
1315
1319
1283
1247
1259
1260
1261
1287
1308
1325
1329
1347
1312
1294
1269
1263
1267
1270
1217
1293
1304
1294
1280
1263
1249
1228
1221
1228
1233
1249
1255
1271
1249
1248
1234
1218
1200
1187
1187
1214
1204
1249
1315
1284
1272
1249
1230
1212
1221
1237
1273
1303
1331
1334
1326
1306
1266
1242
1235
1240
1259
1307
1338
1355
1341
1345
1299
1284
1253
1241
1250
1269
1294
1329
1350
1349
1343
1310
1288
1246
1238
1226
1232
1293
1301
1310
1297
1282
1253
1234
1211
1182
1182
1194
1218
1253
1285
1301
1259
1273
1253
1234
1207
1215
1236
1252
1280
1284
1316
1307
1280
1254
1234
1216
1211
1233
1258
1280
1301
1307
1316
1287
1257
1261
1246
1250
1264
1278
1297
1299
1315
1331
1287
1284
1277
1267
1257
1272
1280
1294
1304
1320
1312
1287
1261
1256
1242
1244
1224
1286
1312
1313
1316
1298
1253
1249
1242
1239
1248
1253
1277
1292
1297
1276
1275
1290
1251
1241
1242
1252
1258
1278
1313
1290
1279
1261
1255
1239
1227
1242
1251
1262
1263
1284
1289
1276
1278
1265
1256
1236
1260
1266
1277
1288
1299
1322
1306
1302
1293
1284
1271
1249
1255
1270
1240
1288
1298
1301
1317
1290
1285
1271
1262
1289
1267
1268
1260
1267
1253
1278
1286
1290
1285
1272
1272
1254
1247
1239
1238
1250
1263
1268
1282
1275
1249
1256
1263
1244
1279
1261
1285
1293
1276
1277
1265
1263
1248
1256
1264
1294
1274
1304
1299
1304
1320
1284
1283
1278
1297
1274
1287
1302
1293
1286
1302
1300
1288
1294
1284
1246
1260
1243
1242
1239
1250
1257
1258
1262
1244
1260
1249
1246
1242
1256
1238
1240
1253
1247
1241
1234
1251
1249
1256
1257
1262
1229
1269
1237
1255
1256
1246
1257
1289
1301
1297
1301
1305
1298
1309
1311
1234
1290
1307
1307
1313
1320
1320
1315
1309
1312
1299
1290
1268
1268
1262
1275
1261
1285
1281
1274
1263
1250
1239
1234
1229
1243
1253
1260
1267
1253
1212
1216
1208
1214
1198
1205
1224
1243
1258
1264
1274
1253
1228
1220
1222
1220
1235
1268
1283
1299
1315
1295
1304
1278
1256
1238
1247
1245
1268
1300
1317
1321
1329
1320
1295
1259
1260
1252
1258
1272
1294
1313
1311
1317
1306
1281
1252
1238
1230
1225
1239
1280
1291
1297
1290
1286
1241
1234
1224
1205
1214
1227
1247
1271
1268
1286
1268
1270
1254
1241
1251
1247
1294
1262
1294
1298
1301
1276
1286
1251
1227
1232
1249
1271
1291
1289
1320
1304
1286
1267
1241
1238
1245
1263
1283
1294
1273
1310
1300
1281
1229
1239
1242
1249
1265
1276
1293
1281
1289
1285
1269
1249
1241
1266
1238
1240
1251
1262
1259
1259
1265
1258
1250
1250
1244
1257
1258
1274
1269
1292
1270
1277
1286
1283
1280
1295
1302
1301
1297
1295
1288
1218
1252
1249
1250
1262
1279
1305
1305
1298
1330
1282
1287
1241
1250
1251
1269
1277
1300
1303
1277
1272
1243
1243
1215
1202
1221
1233
1284
1258
1267
1266
1241
1239
1242
1231
1230
1243
1257
1275
1290
1316
1318
1300
1308
1274
1257
1241
1250
1262
1281
1342
1314
1321
1302
1284
1268
1288
1262
1278
1302
1313
1322
1323
1313
1331
1255
1268
1272
1264
1259
1272
1285
1316
1274
1245
1271
1256
1246
1242
1225
1210
1247
1253
1259
1272
1283
1274
1272
1290
1239
1237
1230
1236
1254
1265
1275
1269
1289
1293
1262
1260
1247
1249
1251
1278
1284
1297
1288
1290
1295
1291
1285
1287
1287
1280
1199
1281
1280
1268
1277
1279
1292
1288
1294
1284
1273
1258
1248
1256
1257
1273
1278
1293
1297
1297
1284
1280
1270
1264
1304
1273
1270
1281
1287
1282
1280
1281
1271
1267
1304
1260
1259
1258
1272
1261
1288
1288
1297
1298
1280
1264
1245
1251
1229
1255
1265
1274
1277
1283
1279
1273
1266
1249
1247
1258
1263
1279
1291
1286
1272
1322
1262
1261
1257
1268
1264
1279
1303
1277
1278
1269
1272
1269
1275
1275
1274
1284
1283
1282
1290
1288
1289
1272
1286
1250
1275
1282
1271
1273
1269
1282
1281
1292
1284
1287
1281
1274
1267
1274
1270
1267
1290
1266
1250
1237
1245
1238
1244
1267
1263
1268
1258
1272
1250
1255
1253
1245
1269
1260
1293
1301
1302
1303
1283
1291
1246
1289
1291
1295
1296
1296
1292
1283
1291
1287
1295
1279
1264
1250
1242
1231
1238
1239
1259
1266
1262
1257
1248
1240
1252
1220
1231
1233
1248
1255
1278
1295
1289
1278
1258
1259
1242
1268
1273
1276
1293
1317
1342
1337
1330
1322
1300
1290
1262
1285
1299
1287
1322
1340
1349
1328
1297
1292
1261
1237
1253
1251
1259
1269
1297
1324
1292
1266
1244
1219
1193
1198
1229
1233
1241
1258
1266
1227
1225
1221
1204
1196
1193
1218
1237
1241
1255
1267
1273
1252
1289
1279
1277
1272
1281
1301
1309
1326
1337
1328
1317
1294
1290
1286
1279
1291
1340
1330
1335
1335
1326
1295
1272
1273
1266
1268
1273
1299
1310
1309
1291
1272
1250
1223
1210
1215
1222
1211
1247
1258
1258
1248
1236
1221
1209
1174
1207
1224
1244
1254
1276
1286
1282
1273
1262
1246
1242
1250
1268
1285
1296
1319
1318
1326
1319
1299
1293
1286
1283
1298
1324
1314
1260
1324
1303
1277
1256
1239
1240
1213
1254
1286
1284
1276
1261
1200
1226
1209
1210
1227
1235
1247
1261
1262
1253
1255
1237
1237
1235
1240
1243
1246
1269
1274
1292
1293
1288
1290
1284
1277
1258
1267
1279
1270
1311
1307
1310
1304
1298
1287
1266
1257
1304
1282
1293
1293
1302
1292
1280
1266
1253
1256
1241
1256
1262
1271
1257
1233
1280
1242
1237
1242
1243
1254
1250
1259
1238
1257
1258
1253
1257
1249
1252
1276
1277
1271
1278
1274
1266
1256
1255
1243
1254
1248
1257
1270
1269
1308
1274
1279
1285
1264
1264
1254
1252
1272
1290
1305
1313
1309
1298
1281
1263
1282
1254
1265
1274
1243
1322
1320
1307
1268
1255
1242
1242
1259
1282
1291
1316
1337
1312
1298
1266
1251
1237
1245
1250
1265
1273
1278
1283
1322
1279
1273
1252
1236
1214
1219
1221
1228
1239
1256
1257
1251
1253
1235
1217
1210
1214
1219
1262
1251
1275
1278
1287
1266
1268
1282
1278
1296
1307
1318
1326
1329
1332
1309
1307
1307
1309
1324
1324
1332
1391
1332
1312
1305
1295
1273
1289
1302
1282
1288
1295
1288
1264
1249
1241
1209
1207
1202
1203
1201
1210
1217
1217
1230
1198
1227
1214
1199
1189
1188
1217
1240
1263
1285
1289
1282
1261
1240
1240
1239
1255
1336
1325
1368
1361
1358
1337
1317
1327
1307
1313
1318
1346
1356
1360
1351
1333
1321
1298
1290
1267
1274
1271
1267
1270
1224
1257
1253
1244
1229
1205
1209
1192
1196
1205
1202
1207
1208
1221
1225
1206
1208
1213
1220
1226
1231
1254
1260
1275
1293
1275
1274
1263
1268
1292
1312
1331
1336
1340
1327
1314
1309
1314
1325
1319
1340
1323
1352
1328
1318
1311
1289
1286
1287
1305
1300
1294
1309
1262
1239
1225
1182
1217
1212
1222
1208
1210
1213
1209
1211
1226
1194
1204
1208
1211
1222
1245
1270
1270
1280
1278
1278
1255
1251
1258
1266
1281
1313
1369
1370
1339
1337
1304
1283
1253
1273
1288
1308
1339
1354
1362
1338
1325
1289
1269
1233
1246
1262
1278
1277
1258
1296
1264
1244
1224
1212
1186
1203
1231
1229
1237
1241
1244
1231
1216
1214
1195
1212
1213
1243
1271
1284
1306
1307
1315
1286
1288
1281
1285
1292
1314
1345
1361
1370
1360
1344
1315
1287
1277
1294
1284
1308
1329
1332
1308
1289
1262
1228
1220
1226
1223
1240
1247
1253
1243
1229
1210
1102
1168
1159
1175
1201
1221
1234
1254
1252
1265
1224
1224
1217
1219
1231
1278
1301
1342
1339
1359
1303
1325
1306
1291
1284
1297
1328
1371
1395
1400
1398
1364
1324
1277
1253
1248
1254
1295
1316
1336
1359
1311
1260
1217
1179
1154
1158
1182
1195
1234
1297
1251
1228
1200
1169
1141
1138
1150
1179
1216
1260
1282
1287
1280
1255
1179
1217
1207
1226
1263
1298
1341
1372
1380
1342
1349
1316
1283
1273
1286
1317
1366
1391
1410
1401
1372
1332
1287
1260
1242
1249
1280
1313
1322
1322
1303
1247
1202
1172
1159
1160
1171
1201
1223
1237
1229
1219
1185
1157
1136
1140
1154
1173
1213
1245
1220
1277
1273
1251
1234
1224
1232
1249
1278
1313
1352
1370
1368
1349
1330
1280
1262
1274
1300
1337
1362
1405
1399
1380
1369
1306
1277
1253
1256
1272
1298
1330
1336
1318
1294
1250
1218
1191
1211
1173
1204
1227
1243
1241
1241
1221
1160
1165
1145
1160
1165
1187
1221
1245
1263
1274
1256
1250
1224
1218
1218
1231
1248
1299
1333
1407
1358
1353
1327
1291
1271
1272
1312
1308
1347
1369
1377
1354
1320
1293
1240
1226
1228
1234
1253
1275
1299
1291
1275
1258
1238
1200
1189
1190
1194
1220
1235
1256
1267
1262
1245
1240
1227
1215
1205
1232
1289
1263
1293
1303
1310
1281
1274
1269
1252
1251
1278
1288
1306
1314
1317
1295
1289
1262
1260
1254
1255
1274
1285
1302
1261
1296
1281
1259
1237
1229
1255
1250
1248
1274
1265
1257
1240
1239
1243
1216
1229
1235
1244
1254
1273
1277
1263
1276
1293
1282
1255
1261
1274
1287
1339
1316
1331
1325
1302
1288
1273
1253
1237
1254
1279
1243
1316
1324
1312
1285
1279
1222
1211
1215
1228
1251
1281
1278
1283
1271
1239
1200
1178
1180
1178
1192
1260
1242
1275
1314
1285
1251
1253
1229
1241
1231
1242
1276
1313
1347
1356
1367
1358
1330
1292
1275
1267
1262
1286
1327
1360
1361
1369
1328
1310
1296
1236
1229
1235
1247
1273
1283
1283
1267
1243
1212
1193
1178
1196
1190
1259
1228
1240
1238
1227
1213
1208
1207
1194
1201
1213
1220
1230
1250
1261
1255
1262
1278
1239
1254
1262
1271
1282
1305
1309
1348
1350
1332
1338
1314
1311
1310
1323
1337
1342
1346
1345
1332
1294
1306
1295
1335
1273
1290
1281
1271
1243
1235
1234
1214
1204
1215
1226
1226
1204
1214
1184
1180
1179
1181
1188
1195
1263
1233
1251
1210
1260
1257
1251
1237
1240
1248
1246
1268
1288
1303
1308
1312
1303
1304
1259
1258
1254
1214
1284
1300
1341
1348
1352
1372
1327
1330
1272
1267
1269
1290
1325
1347
1343
1333
1306
1264
1251
1203
1187
1194
1167
1232
1256
1259
1255
1234
1209
1196
1191
1194
1200
1210
1224
1236
1271
1255
1278
1275
1267
1248
1227
1227
1232
1252
1302
1291
1305
1298
1306
1282
1313
1258
1257
1263
1278
1293
1311
1317
1322
1311
1308
1304
1290
1296
1291
1297
1303
1292
1271
1290
1283
1288
1288
1271
1263
1248
1234
1236
1216
1264
1241
1251
1267
1249
1253
1276
1219
1191
1192
1194
1206
1219
1261
1259
1272
1269
1249
1248
1239
1234
1221
1244
1262
1276
1290
1302
1316
1329
1297
1268
1289
1277
1267
1286
1299
1317
1332
1351
1346
1295
1313
1285
1273
1260
1261
1285
1301
1318
1310
1302
1279
1251
1231
1242
1216
1216
1239
1247
1244
1249
1248
1184
1207
1207
1205
1208
1200
1222
1219
1226
1204
1244
1247
1233
1233
1226
1230
1215
1271
1273
1286
1297
1311
1319
1313
1285
1293
1285
1303
1302
1320
1339
1331
1332
1345
1308
1291
1288
1295
1288
1273
1304
1293
1266
1266
1265
1255
1256
1257
1256
1267
1263
1257
1254
1242
1229
1207
1232
1220
1231
1233
1237
1234
1219
1266
1244
1210
1208
1214
1224
1227
1236
1257
1264
1268
1296
1287
1273
1257
1261
1261
1270
1289
1296
1308
1309
1300
1288
1277
1260
1239
1252
1268
1279
1302
1300
1314
1273
1270
1249
1250
1204
1252
1262
1269
1279
1277
1294
1276
1276
1270
1265
1260
1253
1252
1258
1244
1283
1283
1278
1271
1260
1253
1252
1242
1262
1252
1255
1271
1277
1279
1246
1252
1237
1240
1230
1236
1253
1255
1261
1277
1265
1257
1242
1238
1234
1241
1255
1246
1271
1272
1277
1273
1290
1275
1272
1285
1303
1277
1282
1283
1288
1261
1294
1301
1287
1297
1283
1277
1269
1273
1279
1241
1320
1288
1290
1280
1262
1264
1252
1248
1286
1258
1259
1246
1250
1245
1240
1233
1240
1243
1251
1240
1244
1247
1242
1228
1233
1252
1255
1256
1283
1293
1277
1291
1303
1287
1284
1282
1289
1292
1302
1312
1312
1312
1307
1306
1305
1298
1299
1288
1283
1319
1289
1296
1293
1290
1280
1277
1267
1245
1234
1223
1226
1217
1237
1241
1205
1231
1227
1214
1209
1209
1220
1216
1226
1209
1243
1242
1237
1238
1243
1259
1276
1275
1278
1274
1283
1277
1281
1279
1286
1303
1312
1320
1337
1333
1331
1319
1327
1334
1314
1309
1299
1297
1285
1298
1303
1298
1278
1274
1259
1232
1210
1196
1206
1207
1159
1240
1248
1247
1242
1219
1214
1195
1205
1219
1238
1250
1277
1289
1296
1273
1270
1260
1255
1269
1267
1283
1289
1305
1348
1324
1315
1305
1298
1291
1300
1294
1304
1306
1308
1321
1323
1316
1283
1289
1275
1258
1256
1256
1252
1275
1267
1260
1241
1238
1228
1220
1219
1193
1216
1233
1233
1232
1243
1245
1239
1247
1257
1263
1272
1342
1292
1265
1277
1285
1269
1292
1302
1311
1326
1323
1315
1301
1294
1272
1257
1269
1273
1287
1293
1295
1299
1273
1269
1230
1242
1225
1219
1224
1231
1231
1246
1253
1253
1247
1251
1229
1213
1224
1201
1210
1261
1257
1285
1299
1303
1293
1292
1292
1266
1280
1297
1313
1346
1378
1382
1368
1365
1347
1330
1315
1313
1315
1314
1315
1295
1270
1303
1272
1259
1235
1215
1203
1209
1206
1200
1206
1201
1201
1195
1182
1178
1163
1178
1185
1203
1220
1221
1249
1268
1270
1230
1223
1228
1222
1249
1275
1292
1281
1339
1325
1324
1318
1321
1323
1313
1334
1368
1382
1383
1388
1377
1381
1340
1356
1352
1331
1310
1298
1287
1276
1227
1258
1254
1246
1238
1213
1185
1159
1153
1176
1148
1150
1167
1184
1194
1191
1203
1197
1178
1170
1180
1187
1201
1232
1245
1269
1286
1300
1315
1302
1299
1294
1309
1296
1322
1348
1367
1384
1366
1395
1376
1332
1340
1326
1316
1312
1324
1335
1337
1332
1367
1307
1278
1244
1235
1212
1208
1229
1227
1230
1196
1213
1235
1181
1164
1147
1153
1160
1166
1179
1193
1206
1203
1225
1204
1227
1220
1230
1231
1231
1257
1269
1315
1307
1322
1327
1320
1318
1317
1313
1321
1324
1344
1355
1360
1369
1354
1346
1349
1311
1321
1315
1310
1312
1310
1303
1243
1287
1273
1265
1247
1244
1244
1229
1224
1211
1226
1216
1225
1231
1221
1220
1217
1248
1215
1207
1214
1215
1227
1231
1232
1239
1257
1253
1251
1246
1238
1234
1245
1303
1250
1270
1278
1308
1284
1302
1307
1287
1285
1275
1290
1283
1299
1315
1322
1329
1332
1336
1324
1297
1294
1281
1285
1250
1311
1320
1341
1309
1297
1288
1268
1234
1262
1267
1268
1276
1276
1271
1242
1227
1246
1214
1209
1197
1213
1215
1223
1243
1232
1216
1214
1200
1195
1195
1209
1232
1246
1258
1285
1292
1282
1270
1255
1252
1234
1253
1282
1303
1322
1341
1351
1357
1342
1315
1307
1301
1300
1310
1335
1346
1347
1350
1348
1326
1304
1292
1285
1239
1291
1283
1279
1271
1267
1253
1228
1228
1184
1202
1192
1190
1199
1207
1210
1202
1207
1200
1186
1204
1200
1211
1213
1233
1242
1264
1254
1262
1267
1266
1265
1279
1294
1308
1323
1338
1339
1325
1330
1297
1311
1315
1321
1337
1348
1350
1349
1351
1333
1252
1292
1280
1275
1275
1281
1308
1267
1268
1268
1242
1224
1202
1190
1160
1185
1193
1214
1226
1227
1236
1233
1222
1212
1201
1211
1214
1240
1261
1276
1291
1297
1306
1304
1314
1295
1295
1301
1303
1321
1326
1330
1330
1329
1322
1303
1304
1300
1264
1273
1314
1275
1269
1252
1253
1240
1248
1237
1239
1237
1224
1220
1208
1212
1197
1192
1225
1236
1234
1245
1248
1239
1226
1226
1214
1245
1255
1267
1288
1289
1303
1307
1301
1289
1297
1293
1294
1303
1325
1333
1337
1341
1343
1328
1301
1283
1260
1266
1262
1278
1291
1289
1282
1271
1252
1227
1207
1182
1193
1197
1208
1229
1242
1237
1234
1187
1220
1205
1206
1214
1245
1248
1270
1255
1301
1300
1311
1303
1296
1297
1304
1304
1314
1327
1342
1341
1338
1332
1324
1341
1306
1310
1308
1311
1306
1313
1307
1308
1272
1264
1253
1245
1235
1252
1242
1240
1240
1223
1208
1193
1191
1184
1204
1222
1221
1232
1225
1216
1207
1204
1202
1196
1228
1249
1266
1298
1298
1317
1305
1310
1357
1307
1323
1313
1334
1343
1357
1378
1383
1357
1343
1331
1304
1289
1291
1278
1296
1301
1316
1335
1299
1278
1257
1218
1207
1212
1228
1233
1232
1244
1243
1232
1211
1178
1195
1185
1180
1193
1211
1211
1223
1280
1242
1245
1235
1251
1248
1252
1277
1282
1299
1291
1305
1306
1309
1299
1284
1302
1309
1281
1312
1314
1318
1309
1315
1270
1299
1295
1295
1304
1286
1268
1304
1295
1283
1276
1265
1253
1247
1251
1245
1250
1251
1243
1240
1229
1232
1220
1229
1243
1226
1239
1234
1231
1231
1240
1247
1252
1264
1272
1277
1273
1269
1252
1249
1252
1202
1273
1271
1276
1293
1284
1283
1276
1286
1278
1273
1268
1279
1291
1299
1300
1307
1306
1310
1307
1296
1279
1267
1274
1315
1283
1299
1301
1305
1288
1285
1279
1256
1249
1252
1267
1277
1292
1295
1291
1274
1258
1239
1231
1214
1232
1232
1247
1228
1258
1256
1231
1226
1214
1204
1200
1209
1225
1239
1250
1265
1269
1276
1260
1265
1318
1264
1265
1279
1318
1304
1329
1348
1337
1330
1299
1299
1279
1292
1301
1309
1327
1327
1330
1323
1323
1284
1271
1270
1237
1280
1277
1275
1269
1254
1242
1229
1224
1222
1228
1236
1242
1234
1230
1212
1203
1213
1207
1208
1220
1240
1236
1248
1282
1258
1255
1244
1289
1243
1256
1264
1278
1307
1329
1338
1343
1329
1306
1287
1279
1234
1278
1308
1333
1346
1346
1353
1329
1312
1275
1251
1221
1239
1242
1263
1266
1272
1275
1267
1250
1219
1213
1194
1193
1226
1220
1230
1233
1245
1252
1255
1252
1245
1234
1241
1246
1247
1271
1274
1271
1287
1275
1291
1278
1282
1282
1275
1286
1300
1303
1302
1323
1298
1293
1264
1289
1257
1299
1293
1297
1289
1267
1234
1240
1243
1273
1250
1267
1266
1271
1265
1273
1259
1230
1228
1232
1239
1241
1260
1273
1266
1266
1274
1272
1268
1258
1277
1253
1229
1253
1283
1283
1293
1301
1302
1302
1283
1284
1278
1277
1268
1282
1281
1282
1251
1270
1285
1232
1247
1240
1238
1228
1240
1253
1234
1220
1216
1220
1217
1220
1244
1246
1249
1257
1258
1254
1239
1257
1256
1272
1245
1303
1320
1315
1313
1313
1320
1314
1312
1320
1321
1317
1316
1324
1322
1309
1314
1312
1312
1295
1288
1278
1242
1257
1271
1256
1255
1242
1247
1235
1222
1217
1137
1199
1188
1196
1199
1197
1178
1193
1196
1194
1205
1221
1227
1230
1260
1248
1249
1264
1269
1291
1311
1313
1340
1335
1330
1326
1328
1333
1335
1333
1380
1345
1352
1359
1340
1335
1319
1308
1297
1291
1282
1270
1262
1253
1240
1241
1277
1232
1212
1209
1213
1217
1187
1181
1170
1175
1186
1190
1201
1195
1198
1204
1204
1203
1215
1226
1241
1246
1260
1272
1282
1284
1288
1307
1327
1324
1329
1332
1356
1328
1342
1348
1334
1337
1342
1348
1307
1325
1318
1306
1300
1280
1293
1282
1278
1258
1241
1231
1227
1230
1231
1224
1220
1222
1209
1194
1207
1195
1199
1201
1215
1220
1225
1230
1239
1217
1250
1254
1266
1269
1255
1274
1282
1277
1279
1289
1298
1305
1312
1319
1292
1304
1315
1304
1310
1297
1300
1299
1296
1296
1289
1290
1275
1268
1262
1261
1234
1201
1252
1240
1229
1228
1227
1231
1222
1230
1231
1234
1221
1226
1230
1226
1236
1250
1263
1269
1271
1274
1271
1268
1285
1223
1289
1290
1305
1288
1299
1298
1289
1278
1326
1285
1294
1286
1279
1285
1282
1286
1282
1288
1286
1275
1265
1268
1258
1243
1248
1253
1256
1246
1251
1260
1242
1243
1233
1239
1237
1229
1241
1240
1240
1238
1244
1239
1241
1243
1252
1261
1270
1283
1274
1306
1266
1273
1269
1261
1259
1281
1286
1289
1285
1292
1288
1258
1273
1281
1252
1266
1263
1274
1279
1275
1286
1275
1278
1243
1271
1268
1260
1253
1262
1279
1288
1287
1284
1280
1265
1260
1256
1242
1254
1273
1289
1295
1289
1282
1277
1283
1244
1262
1255
1262
1264
1274
1272
1254
1258
1258
1235
1224
1226
1227
1231
1224
1236
1250
1215
1240
1246
1239
1236
1209
1238
1249
1258
1272
1280
1289
1285
1331
1291
1288
1273
1284
1296
1298
1298
1293
1308
1300
1308
1299
1297
1289
1301
1330
1306
1293
