1286
1285
1282
1267
1244
1277
1215
1245
1245
1257
1250
1251
1261
1262
1274
1279
1303
1293
1289
1290
1281
1284
1295
1305
1291
1288
1312
1278
1286
1286
1260
1264
1282
1274
1275
1282
1286
1276
1281
1320
1288
1257
1281
1283
1269
1277
1281
1277
1285
1262
1260
1253
1246
1235
1227
1228
1222
1224
1248
1264
1229
1223
1239
1257
1240
1256
1251
1256
1243
1250
1274
1257
1250
1250
1251
1246
1223
1237
1232
1277
1240
1260
1271
1259
1261
1266
1282
1266
1292
1288
1296
1300
1306
1325
1333
1346
1351
1362
1363
1360
1383
1363
1345
1334
1265
1318
1299
1289
1288
1272
1252
1265
1270
1260
1250
1245
1231
1221
1212
1162
1207
1205
1204
1208
1208
1212
1215
1224
1219
1223
1228
1234
1238
1232
1248
1256
1243
1241
1256
1247
1248
1262
1275
1277
1259
1264
1263
1263
1256
1261
1273
1257
1300
1259
1270
1250
1245
1244
1254
1259
1247
1288
1269
1279
1293
1314
1330
1333
1346
1357
1364
1371
1363
1348
1325
1320
1336
1313
1304
1299
1311
1321
1328
1353
1367
1376
1380
1381
1371
1346
1315
1285
1267
1230
1215
1189
1142
1077
1036
996
958
948
944
964
996
1018
1057
1092
1127
1150
1180
1225
1266
1342
1393
1443
1468
1425
1454
1425
1375
1343
1310
1300
1285
1300
1304
1310
1315
1319
1332
1335
1309
1390
1404
1419
1453
1470
1476
1454
1467
1401
1409
1393
1366
1414
1363
1349
1319
1279
1225
1172
1102
1091
1078
1062
1054
1079
1090
1115
1137
1154
1168
1177
1198
1223
1185
1197
1188
1185
1184
1196
1208
1209
1219
1239
1245
1269
1300
1329
1334
1355
1361
1390
1393
1394
1406
1402
1390
1411
1384
1371
1346
1334
1320
1296
1269
1268
1214
1191
1176
1172
1177
1176
1196
1220
1253
1293
1333
1297
1301
1279
1277
1258
1258
1239
1240
1271
1232
1234
1233
1241
1215
1197
1226
1231
1236
1242
1233
1229
1208
1234
1242
1245
1251
1250
1270
1277
1279
1330
1358
1391
1414
1438
1442
1426
1441
1422
1395
1362
1354
1347
1270
1251
1206
1240
1225
1226
1223
1176
1189
1170
1168
1165
1151
1150
1151
1161
1167
1177
1205
1219
1209
1223
1226
1222
1211
1217
1213
1210
1208
1205
1220
1197
1218
1241
1266
1293
1327
1350
1359
1346
1349
1337
1363
1378
1412
1442
1452
1477
1479
1490
1507
1505
1470
1437
1405
1366
1332
1287
1243
1205
1188
1172
1177
1163
1171
1149
1171
1245
1210
1221
1228
1241
1218
1223
1236
1221
1207
1201
1186
1173
1167
1153
1144
1141
1133
1125
1130
1120
1155
1167
1192
1222
1225
1249
1267
1275
1280
1319
1344
1351
1393
1414
1424
1424
1415
1443
1432
1423
1415
1388
1356
1326
1308
1293
1299
1231
1315
1330
1329
1332
1322
1319
1285
1279
1272
1254
1218
1207
1191
1173
1150
1176
1189
1206
1237
1254
1214
1194
1198
1195
1231
1257
1284
1314
1322
1319
1328
1318
1292
1252
1262
1251
1238
1230
1221
1212
1214
1214
1223
1223
1218
1239
1261
1292
1286
1292
1296
1305
1295
1302
1271
1300
1265
1257
1259
1262
1270
1297
1292
1290
1339
1284
1269
1242
1244
1226
1240
1266
1249
1256
1248
1248
1254
1261
1279
1295
1325
1310
1304
1296
1296
1295
1281
1287
1332
1309
1314
1339
1320
1300
1297
1300
1291
1288
1277
1270
1251
1229
1217
1198
1208
1225
1242
1273
1287
1292
1304
1306
1272
1288
1295
1286
1287
1200
1245
1217
1205
1200
1174
1193
1191
1205
1209
1170
1204
1204
1214
1219
1214
1234
1234
1234
1203
1213
1247
1257
1264
1276
1293
1290
1290
1283
1273
1264
1271
1278
1291
1299
1322
1340
1349
1351
1352
1374
1375
1395
1412
1412
1390
1354
1315
1297
1282
1273
1277
1270
1253
1256
1233
1215
1203
1200
1206
1239
1220
1219
1209
1193
1173
1184
1207
1198
1217
1228
1246
1243
1262
1296
1299
1304
1308
1303
1272
1269
1246
1213
1194
1244
1203
1220
1230
1238
1241
1209
1197
1170
1176
1182
1204
1233
1271
1266
1212
1262
1259
1257
1280
1307
1335
1343
1359
1355
1323
1315
1280
1271
1261
1278
1276
1274
1274
1262
1270
1269
1305
1330
1344
1354
1340
1334
1316
1290
1284
1302
1292
1270
1303
1299
1282
1274
1265
1279
1289
1331
1354
1317
1308
1280
1263
1254
1234
1245
1261
1255
1256
1248
1244
1220
1214
1215
1252
1264
1261
1255
1210
1198
1176
1174
1183
1210
1240
1259
1272
1261
1242
1237
1224
1246
1257
1272
1278
1239
1235
1229
1201
1199
1229
1259
1274
1297
1337
1304
1286
1276
1276
1302
1327
1366
1363
1357
1388
1314
1298
1280
1280
1300
1333
1337
1331
1317
1294
1272
1266
1285
1305
1304
1318
1300
1272
1253
1230
1229
1240
1258
1294
1281
1264
1231
1210
1186
1190
1209
1242
1265
1273
1284
1264
1245
1226
1199
1226
1260
1286
1292
1281
1233
1252
1252
1266
1282
1341
1350
1350
1313
1289
1256
1246
1235
1253
1284
1284
1274
1257
1217
1194
1185
1193
1206
1224
1252
1246
1246
1239
1232
1255
1267
1303
1333
1323
1361
1343
1326
1304
1293
1300
1322
1334
1327
1324
1309
1250
1237
1226
1227
1225
1241
1252
1225
1193
1158
1135
1137
1162
1204
1257
1273
1256
1260
1250
1246
1258
1294
1358
1411
1380
1346
1360
1296
1262
1267
1290
1296
1311
1301
1285
1184
1213
1178
1186
1196
1231
1264
1262
1223
1213
1210
1185
1184
1232
1269
1288
1305
1284
1286
1252
1234
1350
1320
1359
1368
1372
1338
1208
1250
1229
1243
1289
1275
1298
1283
1262
1223
1216
1202
1231
1264
1284
1296
1311
1277
1246
1197
1226
1252
1294
1313
1304
1346
1306
1302
1253
1251
1264
1293
1328
1353
1314
1278
1229
1208
1204
1237
1275
1307
1298
1290
1237
1199
1219
1198
1195
1251
1322
1299
1278
1236
1233
1204
1209
1266
1302
1339
1331
1304
1274
1238
1218
1230
1259
1297
1318
1316
1296
1253
1203
1213
1212
1271
1282
1387
1346
1303
1274
1247
1238
1274
1315
1355
1386
1379
1326
1293
1243
1226
1261
1275
1305
1306
1289
1251
1170
1177
1187
1198
1182
1263
1300
1287
1256
1230
1194
1197
1223
1272
1315
1330
1299
1262
1226
1179
1166
1223
1251
1299
1323
1274
1231
1184
1179
1158
1203
1295
1308
1320
1306
1271
1224
1247
1239
1272
1321
1377
1394
1352
1318
1285
1283
1270
1351
1375
1429
1402
1382
1296
1249
1263
1252
1259
1318
1338
1312
1264
1200
1130
1139
1098
1208
1268
1297
1295
1256
1220
1177
1158
1235
1275
1322
1344
1347
1299
1253
1229
1187
1254
1300
1345
1356
1318
1270
1180
1143
1164
1187
1252
1301
1317
1305
1273
1227
1185
1239
1233
1299
1346
1359
1332
1265
1221
1209
1210
1230
1266
1320
1337
1304
1249
1220
1182
1195
1280
1316
1351
1343
1309
1252
1194
1153
1171
1267
1335
1362
1369
1334
1274
1240
1215
1191
1301
1331
1370
1353
1311
1238
1200
1185
1223
1270
1315
1333
1324
1292
1229
1142
1174
1165
1254
1324
1348
1343
1294
1238
1222
1177
1247
1283
1344
1344
1350
1284
1239
1208
1169
1182
1278
1310
1347
1304
1264
1211
1202
1170
1219
1284
1329
1373
1324
1269
1173
1173
1199
1160
1278
1334
1348
1344
1265
1190
1191
1194
1211
1300
1372
1341
1345
1273
1141
1149
1147
1219
1312
1369
1381
1357
1301
1187
1283
1280
1272
1382
1419
1401
1337
1275
1231
1166
1218
1221
1324
1354
1346
1284
1221
1095
1179
1165
1273
1312
1336
1315
1260
1211
1146
1179
1201
1238
1369
1408
1396
1326
1294
1238
1187
1258
1339
1393
1381
1358
1283
1230
1201
1188
1159
1248
1327
1333
1313
1227
1189
1163
1129
1243
1344
1397
1419
1403
1337
1277
1242
1264
1266
1401
1423
1412
1375
1293
1209
1220
1169
1246
1261
1353
1350
1296
1211
1158
1101
1126
1156
1288
1322
1305
1271
1214
1129
1138
1153
1258
1358
1391
1389
1331
1277
1237
1183
1213
1315
1397
1415
1387
1309
1237
1171
1133
1181
1264
1353
1369
1329
1266
1205
1091
1163
1166
1183
1349
1370
1360
1275
1226
1146
1229
1204
1229
1374
1385
1359
1267
1229
1213
1151
1174
1237
1383
1384
1347
1269
1226
1200
1086
1247
1277
1395
1409
1352
1295
1229
1155
1221
1187
1246
1403
1400
1350
1250
1212
1167
1127
1234
1250
1393
1379
1347
1255
1230
1126
1159
1270
1308
1405
1389
1342
1247
1188
1126
1153
1246
1351
1349
1346
1285
1202
1102
1103
1158
1192
1336
1369
1348
1302
1218
1175
1123
1224
1227
1383
1429
1401
1350
1278
1235
1182
1276
1265
1420
1445
1405
1267
1245
1174
1155
1202
1201
1369
1375
1341
1261
1205
1107
1177
1249
1222
1376
1389
1362
1286
1227
1131
1138
1210
1338
1366
1387
1334
1258
1208
1120
1144
1217
1255
1413
1367
1326
1234
1185
1072
1127
1210
1280
1392
1395
1349
1253
1208
1114
1159
1244
1332
1430
1417
1357
1268
1210
1153
1147
1219
1246
1381
1370
1323
1235
1187
1181
1204
1209
1352
1396
1375
1322
1215
1196
1119
1204
1211
1383
1420
1387
1336
1259
1229
1148
1259
1260
1413
1434
1425
1335
1249
1196
1147
1227
1266
1406
1462
1389
1299
1229
1157
1191
1220
1210
1378
1394
1355
1269
1215
1120
1111
1195
1283
1378
1380
1339
1255
1193
1115
1181
1210
1205
1371
1383
1340
1237
1190
1164
1155
1170
1245
1353
1430
1365
1276
1230
1212
1113
1266
1325
1411
1404
1353
1256
1203
1172
1216
1202
1297
1407
1391
1298
1267
1167
1170
1193
1180
1364
1403
1392
1347
1286
1163
1162
1202
1232
1358
1391
1367
1206
1262
1175
1182
1206
1222
1385
1421
1399
1279
1270
1162
1135
1217
1280
1406
1410
1386
1222
1302
1166
1168
1233
1262
1435
1455
1423
1239
1277
1173
1189
1214
1309
1388
1391
1308
1236
1229
1107
1124
1128
1318
1387
1422
1322
1178
1212
1061
1147
1181
1303
1346
1351
1280
1175
1202
1079
1153
1216
1314
1374
1373
1292
1212
1208
1116
1199
1189
1397
1451
1446
1315
1328
1310
1242
1216
1328
1452
1485
1474
1307
1295
1213
1141
1225
1282
1435
1411
1359
1222
1223
1108
1108
1144
1290
1352
1384
1370
1217
1265
1191
1100
1169
1369
1425
1455
1333
1334
1293
1168
1182
1204
1328
1388
1411
1281
1196
1223
1147
1071
1141
1325
1380
1383
1299
1230
1234
1122
1136
1195
1353
1424
1429
1351
1214
1239
1146
1157
1248
1380
1425
1422
1300
1170
1220
1150
1091
1154
1330
1377
1362
1207
1144
1201
1039
1148
1193
1369
1419
1417
1324
1290
1266
1160
1210
1327
1437
1475
1444
1314
1290
1285
1137
1196
1325
1425
1456
1301
1290
1215
1207
1177
1167
1298
1353
1374
1307
1200
1208
1104
1081
1100
1281
1367
1409
1308
1267
1282
1149
1198
1248
1344
1397
1406
1325
1188
1231
1109
1089
1180
1304
1368
1373
1245
1224
1207
1087
1109
1203
1303
1387
1379
1246
1197
1242
1165
1192
1306
1387
1429
1430
1341
1212
1259
1156
1157
1283
1394
1437
1347
1288
1249
1274
1190
1173
1341
1396
1428
1330
1271
1218
1194
1144
1128
1272
1394
1362
1246
1223
1243
1184
1157
1199
1292
1382
1414
1337
1279
1252
1253
1142
1233
1339
1432
1449
1341
1276
1285
1156
1173
1200
1309
1363
1387
1259
1248
1233
1126
1192
1202
1272
1428
1440
1347
1273
1270
1150
1167
1217
1337
1400
1403
1251
1208
1233
1094
1106
1247
1304
1336
1327
1168
1143
1151
1055
1095
1257
1340
1440
1338
1282
1204
1215
1131
1153
1227
1325
1364
1329
1186
1157
1198
1125
1136
1291
1369
1424
1393
1295
1322
1312
1189
1191
1270
1433
1443
1339
1306
1286
1209
1164
1184
1290
1391
1434
1332
1320
1277
1230
1152
1242
1258
1321
1347
1268
1169
1207
1093
1151
1127
1287
1363
1389
1325
1234
1249
1165
1170
1232
1307
1355
1376
1283
1238
1263
1129
1180
1294
1354
1391
1352
1274
1239
1234
1149
1188
1280
1340
1387
1366
1252
1257
1275
1123
1165
1273
1370
1396
1280
1316
1283
1295
1199
1199
1298
1382
1417
1367
1256
1190
1244
1169
1106
1195
1292
1317
1219
1201
1241
1177
1173
1219
1293
1383
1398
1339
1243
1291
1211
1169
1135
1248
1322
1345
1238
1247
1194
1148
1160
1262
1315
1385
1432
1336
1277
1348
1254
1258
1300
1340
1368
1318
1220
1196
1218
1076
1109
1243
1293
1332
1264
1286
1179
1255
1172
1142
1294
1349
1408
1312
1276
1205
1280
1213
1181
1303
1390
1399
1348
1253
1303
1244
1114
1176
1244
1328
1367
1294
1254
1238
1265
1146
1187
1264
1352
1386
1286
1268
1292
1276
1202
1229
1293
1375
1392
1304
1312
1311
1201
1221
1211
1285
1348
1362
1311
1319
1298
1254
1240
1258
1327
1390
1401
1311
1236
1246
1164
1127
1191
1191
1281
1171
1229
1175
1239
1146
1167
1319
1366
1414
1405
1293
1265
1282
1186
1181
1230
1258
1282
1237
1185
1175
1232
1150
1234
1324
1420
1490
1361
1387
1364
1371
1242
1326
1352
1415
1434
1373
1368
1325
1298
1183
1198
1283
1345
1349
1274
1268
1147
1226
1115
1137
1249
1316
1331
1198
1221
1276
1216
1148
1180
1271
1323
1331
1204
1232
1242
1158
1121
1243
1254
1315
1247
1194
1222
1210
1116
1151
1204
1252
1292
1260
1194
1174
1244
1213
1232
1331
1383
1432
1367
1336
1269
1344
1221
1277
1332
1402
1432
1307
1364
1230
1301
1213
1156
1224
1303
1300
1195
1165
1161
1190
1155
1160
1248
1343
1372
1287
1334
1306
1282
1215
1249
1329
1392
1397
1308
1309
1187
1266
1229
1238
1284
1353
1330
1254
1169
1136
1211
1150
1229
1241
1329
1385
1261
1224
1279
1237
1213
1301
1306
1348
1322
1269
1229
1258
1156
1149
1297
1296
1343
1315
1237
1248
1250
1190
1211
1281
1275
1334
1221
1300
1228
1250
1211
1159
1298
1340
1370
1298
1318
1218
1271
1160
1243
1300
1376
1386
1306
1344
1208
1300
1272
1298
1348
1425
1432
1308
1362
1227
1326
1272
1267
1338
1404
1406
1325
1298
1204
1287
1147
1217
1271
1314
1329
1230
1192
1127
1237
1143
1191
1234
1307
1294
1233
1178
1219
1112
1141
1155
1243
1319
1272
1139
1151
1239
1134
1138
1291
1310
1355
1283
1289
1184
1266
1219
1234
1313
1364
1406
1348
1354
1251
1292
1224
1232
1352
1349
1416
1348
1356
1258
1302
1190
1171
1298
1360
1366
1293
1302
1143
1237
1130
1156
1218
1302
1327
1211
1218
1161
1204
1096
1135
1234
1301
1308
1193
1246
1184
1280
1163
1259
1329
1387
1392
1255
1227
1222
1270
1211
1240
1298
1390
1285
1341
1229
1306
1225
1280
1367
1388
1438
1362
1348
1229
1263
1159
1138
1268
1253
1316
1316
1333
1168
1264
1174
1223
1278
1337
1335
1211
1278
1186
1194
1080
1078
1180
1224
1249
1143
1257
1180
1259
1207
1222
1319
1401
1418
1273
1355
1200
1298
1174
1184
1298
1414
1381
1287
1320
1277
1322
1253
1289
1343
1399
1382
1289
1244
1172
1243
1151
1225
1269
1326
1325
1233
1261
1175
1227
1224
1233
1282
1338
1257
1290
1173
1173
1192
1148
1286
1285
1338
1270
1293
1243
1226
1166
1188
1254
1264
1328
1234
1307
1210
1269
1246
1239
1303
1351
1390
1275
1331
1228
1272
1177
1225
1270
1365
1294
1325
1360
1287
1309
1211
1242
1342
1405
1426
1346
1370
1237
1316
1188
1225
1296
1358
1360
1280
1291
1234
1272
1194
1221
1245
1320
1309
1209
1203
1152
1168
1099
1165
1219
1289
1300
1201
1241
1225
1235
1275
1271
1342
1397
1342
1349
1202
1178
1164
1184
1253
1258
1301
1213
1279
1203
1279
1229
1259
1395
1397
1433
1312
1369
1218
1282
1188
1204
1264
1312
1346
1261
1282
1140
1242
1173
1151
1308
1344
1367
1303
1354
1245
1293
1204
1253
1276
1308
1359
1222
1294
1175
1226
1151
1154
1203
1279
1279
1203
1218
1145
1252
1200
1223
1320
1395
1398
1295
1339
1220
1325
1285
1356
1351
1411
1399
1325
1214
1211
1200
1235
1304
1353
1423
1388
1357
1254
1209
1228
1182
1320
1290
1317
1235
1251
1170
1188
1137
1159
1281
1299
1353
1289
1301
1199
1220
1164
1080
1250
1273
1313
1190
1271
1179
1225
1123
1228
1229
1339
1345
1172
1293
1156
1207
1107
1104
1213
1282
1310
1221
1303
1262
1313
1289
1309
1369
1446
1451
1316
1350
1268
1322
1249
1227
1293
1398
1385
1274
1278
1235
1321
1219
1347
1361
1429
1415
1313
1259
1185
1187
1135
1241
1248
1297
1232
1257
1139
1056
1110
1120
1209
1215
1273
1205
1268
1163
1216
1142
1174
1306
1328
1382
1316
1330
1250
1248
1228
1161
1298
1318
1366
1257
1312
1213
1273
1170
1263
1347
1380
1397
1289
1393
1236
1322
1243
1264
1310
1375
1424
1275
1308
1243
1275
1212
1195
1312
1345
1336
1290
1253
1173
1200
1172
1145
1256
1318
1320
1222
1222
1138
1258
1214
1308
1341
1419
1398
1351
1275
1167
1158
1188
1255
1293
1374
1316
1326
1237
1202
1199
1223
1336
1346
1398
1345
1346
1260
1257
1212
1240
1332
1343
1386
1284
1301
1206
1228
1133
1201
1245
1278
1330
1225
1273
1213
1219
1105
1178
1286
1308
1330
1259
1276
1149
1199
1149
1162
1240
1317
1343
1269
1297
1172
1244
1144
1210
1299
1388
1408
1391
1358
1221
1322
1215
1312
1369
1349
1429
1405
1290
1240
1268
1241
1234
1285
1379
1383
1354
1232
1214
1183
1233
1217
1326
1387
1330
1312
1207
1086
1132
1093
1198
1193
1286
1297
1284
1218
1245
1155
1191
1336
1374
1417
1297
1364
1213
1252
1087
1205
1262
1313
1344
1244
1298
1180
1226
1137
1214
1318
1329
1377
1275
1315
1202
1252
1188
1183
1285
1363
1379
1308
1324
1170
1259
1202
1240
1318
1382
1375
1357
1335
1232
1265
1219
1201
1282
1364
1374
1300
1229
1153
1213
1096
1225
1251
1329
1255
1326
1208
1190
1202
1185
1261
1366
1450
1373
1423
1283
1273
1240
1222
1307
1296
1367
1284
1316
1196
1221
1177
1186
1252
1273
1341
1211
1300
1216
1209
1165
1205
1321
1359
1410
1358
1380
1294
1281
1225
1245
1284
1352
1370
1284
1280
1133
1183
1092
1081
1196
1335
1336
1218
1302
1187
1253
1177
1162
1292
1350
1359
1339
1309
1208
1222
1168
1165
1290
1384
1412
1368
1321
1205
1283
1230
1268
1308
1392
1315
1378
1265
1211
1236
1151
1208
1303
1360
1272
1338
1192
1185
1146
1149
1283
1305
1356
1397
1366
1257
1283
1224
1228
1312
1326
1370
1252
1328
1224
1218
1123
1191
1286
1327
1371
1314
1334
1233
1217
1132
1152
1260
1327
1383
1227
1296
1145
1219
1104
1141
1250
1348
1374
1265
1345
1191
1270
1205
1190
1297
1343
1369
1266
1319
1176
1243
1123
1206
1255
1330
1359
1308
1267
1210
1240
1193
1171
1278
1364
1287
1368
1289
1250
1254
1232
1261
1304
1414
1336
1376
1250
1247
1218
1192
1300
1297
1370
1339
1332
1291
1234
1123
1157
1235
1235
1330
1343
1317
1275
1204
1195
1230
1261
1297
1279
1305
1366
1287
1239
1133
1187
1209
1205
1199
1172
1193
1243
1243
1243
1268
1298
1338
1363
1367
1324
1230
1232
1283
1292
1319
1313
1312
1308
1271
1193
1199
1178
1260
1302
1337
1335
1286
1239
1209
1118
1088
1171
1167
1329
1335
1341
1296
1275
1253
1264
1291
1329
1288
1406
1404
1352
1311
1255
1269
1290
1241
1320
1316
1282
1345
1299
1262
1184
1247
1270
1226
1203
1210
1222
1228
1233
1262
1312
1321
1351
1358
1272
1213
1236
1128
1254
1260
1294
1273
1257
1237
1127
1100
1132
1185
1268
1307
1324
1319
1268
1239
1197
1134
1171
1207
1242
1363
1376
1357
1311
1285
1307
1311
1338
1381
1321
1385
1369
1313
1264
1215
1236
1266
1230
1257
1227
1219
1340
1294
1295
1305
1326
1338
1321
1320
1248
1203
1260
1295
1312
1361
1357
1357
1347
1282
1206
1226
1206
1313
1336
1346
1351
1277
1242
1141
1114
1123
1167
1252
1294
1286
1257
1177
1133
1111
1039
1118
1102
1146
1217
1202
1180
1141
1104
1136
1134
1171
1168
1265
1186
1194
1154
1160
1182
1266
1345
1415
1398
1496
1402
1429
1397
1391
1451
1486
1542
1525
1488
1530
1315
1209
1286
1284
1350
1388
1490
1563
1572
1504
1398
1260
1260
1207
1189
1195
1301
1382
1444
1333
1317
1153
1026
1046
1010
1067
1124
1228
1333
1285
1240
1139
1063
929
869
891
1006
1158
1331
1412
1371
1269
1205
946
979
974
1072
1213
1443
1587
1587
1500
1348
1205
1123
1128
1199
1341
1478
1616
1665
1602
1393
1251
1098
1098
1111
1219
1366
1492
1581
1586
1447
1358
1121
1121
1066
1105
1222
1312
1451
1512
1506
1352
1255
1139
1110
1097
1193
1359
1467
1579
1593
1482
1354
1122
1027
1070
1125
1260
1420
1567
1630
1515
1422
1235
1027
1010
1045
1167
1330
1435
1525
1519
1361
1218
1056
1018
1061
1158
1307
1443
1510
1533
1440
1250
1137
937
901
1019
1107
1239
1326
1401
1419
1372
1210
1134
1059
1071
1113
1202
1307
1394
1484
1507
1383
1296
1219
1058
1168
1228
1315
1444
1530
1620
1564
1452
1293
1146
1118
1156
1261
1408
1503
1597
1610
1503
1336
1234
1084
1123
1168
1253
1382
1440
1473
1452
1307
1200
1082
1042
1133
1146
1293
1355
1411
1404
1298
1233
1072
915
982
1003
1087
1175
1254
1324
1337
1285
1109
1062
952
1004
1085
1203
1295
1385
1442
1427
1344
1167
1128
1084
1194
1311
1456
1561
1635
1639
1490
1351
1242
1125
1199
1268
1402
1520
1579
1603
1562
1360
1239
1163
1061
1200
1274
1386
1489
1520
1505
1403
1248
1194
995
1008
1158
1263
1363
1431
1480
1438
1238
1152
1054
950
1024
1093
1205
1324
1394
1430
1368
1239
1059
990
937
1079
1205
1356
1469
1545
1543
1469
1319
1126
1120
1132
1220
1344
1453
1530
1477
1402
1194
1038
960
960
1056
1151
1291
1382
1434
1419
1328
1155
1078
970
1023
1156
1261
1368
1433
1452
1420
1294
1180
1051
1068
1095
1245
1356
1454
1482
1478
1385
1166
1157
1077
1014
1166
1316
1450
1558
1589
1535
1442
1236
1150
1099
1134
1260
1384
1492
1527
1489
1424
1280
1135
1005
1039
1102
1257
1361
1440
1436
1376
1294
1131
1038
981
938
1102
1239
1305
1432
1442
1380
1279
1100
1072
1004
995
1192
1299
1389
1455
1432
1363
1253
1080
1069
1003
1095
1262
1376
1478
1503
1451
1389
1295
1087
1094
1057
1142
1373
1480
1597
1591
1539
1447
1259
1154
1127
1083
1248
1364
1465
1531
1488
1414
1292
1135
1005
957
999
1180
1284
1412
1428
1375
1277
1156
1019
885
947
985
1202
1334
1445
1449
1400
1290
1167
1040
932
996
1103
1298
1445
1517
1498
1433
1305
1168
1067
1039
1142
1287
1453
1560
1601
1551
1367
1293
1079
1050
1078
1128
1301
1437
1548
1574
1503
1385
1244
1048
1045
1012
1136
1350
1502
1602
1600
1489
1348
1188
1023
1005
984
1162
1381
1522
1603
1538
1416
1251
1094
1000
926
1064
1262
1456
1572
1614
1510
1353
1168
1006
913
928
1013
1319
1482
1559
1568
1440
1284
1099
993
916
1019
1161
1396
1555
1629
1593
1439
1265
1103
1001
923
1065
1193
1452
1573
1605
1530
1331
1140
980
885
911
995
1207
1470
1590
1599
1460
1273
1104
950
896
1022
1127
1360
1591
1662
1616
1430
1237
1088
943
987
1071
1273
1491
1625
1652
1573
1385
1198
1075
994
1047
1167
1217
1557
1649
1651
1538
1334
1168
1034
902
1008
1091
1261
1524
1606
1566
1474
1257
1105
997
939
1075
1152
1363
1611
1654
1595
1396
1200
1028
900
926
1031
1150
1397
1579
1587
1491
1294
1096
959
893
955
1043
1295
1410
1586
1576
1459
1243
1090
988
982
1032
1256
1381
1610
1667
1615
1464
1260
1110
1039
1028
1104
1256
1469
1602
1646
1565
1401
1197
1049
971
998
1085
1202
1374
1587
1599
1492
1350
1164
1037
989
957
1124
1252
1458
1633
1595
1456
1269
1049
919
881
881
1050
1300
1442
1561
1506
1378
1167
982
904
926
1055
1167
1423
1528
1641
1604
1435
1226
1115
1064
1095
1156
1339
1542
1584
1709
1575
1404
1206
1030
970
1002
1108
1267
1440
1542
1569
1475
1296
1113
946
899
997
1054
1336
1432
1595
1569
1439
1262
1086
968
977
1081
1283
1437
1632
1708
1628
1455
1262
1086
976
1003
1104
1256
1462
1462
1591
1489
1326
1159
999
938
985
1088
1279
1428
1545
1602
1506
1356
1196
1050
1006
1059
1194
1335
1494
1608
1652
1512
1319
1124
962
913
974
1073
1319
1452
1488
1539
1392
1196
1017
893
781
984
1159
1303
1464
1542
1490
1334
1179
1046
938
961
1100
1235
1387
1525
1567
1513
1375
1205
1070
993
1028
1153
1288
1486
1557
1527
1496
1353
1205
1071
991
1033
1174
1340
1441
1579
1587
1487
1346
1194
1062
993
1054
1182
1337
1516
1523
1483
1403
1253
1119
1012
980
1036
1196
1283
1520
1549
1473
1399
1234
1088
1000
979
1049
1220
1397
1470
1528
1506
1424
1275
1109
1018
989
1054
1226
1370
1487
1494
1470
1364
1184
1067
971
982
1070
1245
1390
1571
1561
1487
1379
1200
1053
942
1026
1097
1281
1458
1624
1564
1430
1332
1156
1036
957
987
1101
1296
1405
1517
1532
1450
1309
1146
1034
982
1026
1162
1371
1541
1650
1643
1467
1306
1163
1026
979
1033
1164
1376
1524
1603
1556
1443
1254
1052
943
913
992
1142
1367
1533
1582
1562
1383
1240
1068
965
969
1076
1245
1466
1604
1664
1605
1432
1240
1056
944
963
1083
1241
1446
1587
1596
1577
1343
1199
1019
919
943
1059
1227
1432
1590
1605
1517
1325
1174
997
926
940
1084
1326
1479
1623
1605
1544
1259
1099
948
881
939
1098
1324
1503
1668
1678
1571
1342
1084
988
928
1003
1175
1397
1588
1706
1619
1553
1303
1134
933
901
979
1149
1350
1538
1635
1549
1432
1194
1018
890
876
972
1134
1383
1563
1655
1577
1453
1180
962
868
867
975
1181
1407
1616
1679
1578
1380
1144
981
857
864
1037
1255
1499
1675
1718
1637
1372
1184
1005
927
965
1102
1337
1556
1715
1764
1653
1451
1186
972
925
956
1104
1286
1499
1643
1655
1542
1344
1069
937
857
895
1058
1265
1466
1596
1601
1477
1275
1066
885
839
919
1052
1290
1507
1613
1620
1493
1265
1052
917
900
968
1143
1363
1547
1637
1611
1490
1308
1075
962
974
1041
1194
1355
1509
1593
1569
1451
1307
1106
1017
955
1036
1183
1331
1503
1575
1561
1436
1293
1096
991
940
1044
1179
1346
1494
1578
1551
1441
1279
1101
1013
1029
1055
1185
1331
1459
1520
1497
1402
1250
1123
977
983
1026
1188
1301
1342
1458
1439
1375
1244
1195
1093
1064
1065
1202
1301
1374
1444
1466
1421
1340
1231
1153
1112
1127
1197
1283
1365
1424
1456
1413
1300
1202
1099
1087
1093
1137
1246
1331
1405
1426
1392
1326
1231
1187
1117
1166
1205
1236
1286
1315
1334
1337
1288
1243
1170
1166
1148
1163
1172
1225
1288
1329
1372
1371
1335
1275
1199
1195
1188
1229
1288
1357
1409
1437
1424
1377
1294
1219
1214
1156
1162
1208
1254
1284
1317
1344
1314
1249
1211
1178
1143
1144
1174
1249
1302
1350
1398
1414
1367
1310
1241
1183
1176
1162
1209
1271
1329
1383
1382
1340
1250
1171
1094
1071
1081
1141
1214
1295
1335
1355
1305
1245
1187
1149
1126
1139
1180
1242
1327
1359
1383
1371
1339
1247
1209
1170
1147
1164
1208
1274
1332
1354
1398
1360
1307
1238
1187
1173
1172
1222
1298
1382
1421
1424
1403
1311
1239
1174
1131
1136
1177
1256
1322
1356
1376
1327
1277
1206
1186
1164
1165
1196
1243
1264
1367
1385
1406
1396
1351
1292
1260
1230
1203
1246
1289
1338
1375
1370
1404
1331
1248
1200
1114
1087
1100
1167
1231
1301
1355
1356
1334
1255
1180
1134
1120
1119
1187
1255
1330
1372
1401
1380
1320
1264
1204
1129
1137
1193
1232
1310
1369
1423
1430
1402
1330
1225
1153
1104
1112
1192
1289
1361
1442
1461
1403
1309
1183
1093
1059
1067
1157
1286
1393
1462
1475
1428
1318
1187
1098
1058
1077
1134
1257
1384
1429
1515
1483
1394
1301
1200
1142
1137
1169
1284
1338
1470
1488
1477
1372
1252
1150
1061
1038
1076
1185
1310
1426
1500
1472
1387
1247
1137
1061
1052
1109
1203
1337
1455
1512
1488
1402
1287
1160
1106
1086
1119
1178
1324
1387
1442
1435
1376
1262
1180
1051
1064
1097
1131
1234
1333
1432
1448
1438
1366
1268
1180
1124
1146
1172
1284
1399
1471
1506
1465
1378
1259
1153
1095
1081
1134
1201
1288
1352
1335
1338
1294
1212
1144
1086
1079
1117
1189
1263
1348
1403
1400
1367
1319
1256
1193
1162
1164
1237
1258
1353
1418
1454
1424
1391
1315
1225
1144
1124
1133
1192
1263
1351
1386
1380
1332
1283
1204
1138
1125
1141
1208
1262
1322
1360
1359
1327
1284
1247
1206
1185
1203
1235
1289
1332
1406
1407
1386
1385
1335
1269
1200
1183
1184
1217
1253
1300
1369
1373
1351
1304
1228
1165
1141
1146
1174
1250
1304
1353
1379
1363
1315
1280
1207
1209
1200
1212
1254
1269
1313
1330
1327
1319
1271
1227
1184
1167
1155
1167
1204
1252
1293
1325
1343
1314
1231
1210
1210
1159
1159
1188
1246
1298
1348
1388
1396
1383
1307
1264
1239
1233
1242
1270
1308
1334
1356
1345
1370
1318
1278
1250
1239
1198
1190
1214
1259
1308
1350
1351
1339
1296
1234
1186
1147
1128
1173
1196
1301
1366
1422
1438
1398
1341
1264
1200
1157
1186
1175
1241
1308
1339
1371
1362
1322
1268
1209
1162
1128
1135
1164
1199
1267
1344
1380
1370
1324
1281
1174
1112
1074
1125
1191
1286
1402
1474
1500
1448
1370
1236
1154
1087
1090
1131
1253
1352
1457
1466
1460
1392
1277
1173
1073
1052
1099
1177
1292
1411
1481
1498
1444
1338
1211
1067
1027
1048
1129
1259
1409
1533
1600
1570
1438
1288
1136
1038
1012
1093
1225
1380
1521
1565
1538
1426
1276
1124
1004
969
1026
1126
1274
1404
1494
1486
1432
1353
1189
1071
995
1011
1069
1199
1342
1481
1514
1481
1397
1265
1136
1040
980
1065
1171
1301
1432
1499
1499
1420
1305
1201
1079
1043
1065
1153
1249
1356
1436
1466
1425
1366
1279
1202
1150
1105
1165
1216
1281
1349
1392
1416
1385
1336
1290
1212
1188
1173
1193
1237
1300
1373
1446
1469
1450
1415
1337
1258
1201
1177
1179
1226
1225
1347
1382
1397
1405
1330
1264
1177
1125
1076
1063
1117
1176
1261
1325
1370
1358
1297
1197
1098
1041
1009
1049
1141
1269
1370
1444
1461
1410
1295
1191
1123
1059
1087
1159
1278
1393
1469
1499
1453
1384
1278
1186
1109
1084
1122
1191
1315
1429
1491
1517
1456
1370
1252
1158
1107
1105
1181
1308
1423
1517
1571
1521
1389
1283
1159
1071
1064
1103
1195
1292
1366
1428
1395
1328
1225
1134
1089
1056
1083
1158
1248
1288
1356
1386
1382
1353
1281
1234
1165
1138
1153
1200
1283
1333
1421
1451
1441
1389
1305
1233
1160
1137
1189
1266
1335
1375
1457
1450
1409
1354
1318
1220
1125
1164
1182
1198
1261
1299
1351
1353
1363
1318
1250
1171
1106
1080
1097
1131
1237
1330
1413
1417
1390
1306
1187
1051
1030
1058
1110
1212
1330
1407
1461
1439
1385
1291
1194
1119
1088
1106
1153
1224
1345
1399
1440
1435
1375
1281
1181
1098
1076
1082
1183
1315
1462
1541
1577
1530
1398
1239
1108
1048
1027
1109
1247
1360
1464
1479
1441
1333
1186
1075
999
984
1066
1125
1258
1346
1414
1412
1369
1286
1198
1121
1075
1076
1121
1209
1294
1385
1443
1454
1395
1295
1208
1116
1067
1104
1189
1323
1426
1507
1508
1446
1347
1255
1185
1153
1134
1225
1293
1348
1379
1385
1362
1322
1289
1251
1205
1209
1184
1192
1195
1223
1273
1316
1344
1357
1353
1311
1181
1223
1193
1193
1219
1270
1325
1350
1354
1293
1287
1229
1208
1163
1138
1168
1178
1217
1239
1254
1270
1275
1278
1246
1215
1191
1161
1146
1164
1216
1287
1347
1404
1406
1375
1343
1243
1192
1166
1196
1262
1346
1410
1447
1427
1392
1308
1228
1172
1155
1153
1211
1250
1317
1344
1359
1354
1328
1254
1211
1165
1140
1170
1215
1289
1351
1440
1414
1379
1311
1239
1169
1131
1130
1232
1277
1374
1390
1409
1351
1280
1230
1158
1138
1149
1184
1299
1333
1370
1372
1337
1289
1245
1214
1206
1195
1252
1277
1343
1340
1356
1366
1342
1294
1267
1234
1231
1180
1195
1227
1251
1293
1328
1309
1279
1239
1200
1183
1183
1216
1249
1272
1274
1301
1282
1245
1213
1209
1229
1242
1263
1272
1290
1270
1253
1258
1243
1241
1288
1319
1336
1333
1338
1334
1308
1348
1331
1337
1350
1352
1350
1285
1326
1305
1313
1300
1247
1259
1243
1228
1213
1207
1228
1241
1255
1265
1253
1237
1198
1180
1173
1191
1224
1262
1301
1314
1317
1299
1270
1235
1246
1233
1281
1309
1331
1333
1294
1294
1242
1210
1184
1178
1199
1229
1240
1265
1286
1259
1266
1251
1237
1176
1205
1193
1198
1215
1223
1267
1304
1302
1292
1340
1249
1212
1199
1212
1253
1298
1367
1395
1398
1359
1323
1265
1227
1207
1193
1244
1281
1325
1353
1363
1340
1308
1275
1258
1242
1220
1228
1248
1260
1293
1333
1349
1339
1299
1338
1246
1211
1197
1195
1235
1289
1337
1365
1359
1333
1285
1245
1178
1186
1201
1223
1250
1273
1294
1311
1248
1217
1190
1162
1159
1155
1161
1168
1200
1220
1242
1255
1274
1288
1287
1278
1251
1259
1259
1260
1295
1322
1346
1360
1368
1349
1317
1299
1285
1311
1282
1282
1288
1301
1242
1264
1257
1270
1283
1314
1330
1315
1303
1270
1247
1229
1240
1276
1347
1396
1363
1356
1321
1263
1230
1192
1190
1272
1263
1326
1328
1342
1313
1282
1249
1214
1198
1200
1213
1219
1241
1267
1271
1283
1281
1267
1237
1190
1204
1176
1191
1254
1287
1310
1339
1339
1306
1272
1220
1195
1177
1195
1241
1286
1327
1352
1324
1306
1264
1237
1228
1227
1251
1272
1303
1309
1312
1300
1291
1265
1251
1264
1270
1278
1293
1300
1301
1297
1304
1312
1300
1289
1277
1260
1250
1244
1263
1269
1309
1295
1325
1285
1289
1265
1248
1255
1265
1317
1347
1351
1344
1320
1275
1232
1206
1202
1170
1227
1243
1257
1256
1243
1232
1213
1205
1200
1202
1199
1189
1190
1201
1205
1245
1275
1312
1328
1320
1308
1270
1246
1248
1234
1265
1294
1330
1349
1352
1345
1312
1277
1246
1236
1239
1256
1276
1240
1288
1310
1298
1321
1302
1308
1285
1269
1294
1253
1247
1248
1309
1315
1343
1367
1359
1332
1293
1249
1220
1206
1221
1238
1252
1268
1270
1264
1256
1240
1215
1216
1211
1197
1190
1188
1193
1189
1224
1270
1301
1316
1330
1314
1278
1240
1228
1195
1241
1277
1323
1363
1374
1351
1315
1290
1243
1242
1247
1247
1257
1267
1279
1282
1293
1286
1311
1304
1290
1273
1252
1228
1214
1178
1255
1287
1325
1353
1345
1330
1285
1264
1234
1225
1245
1266
1293
1308
1249
1322
1303
1285
1310
1287
1276
1268
1288
1262
1242
1247
1262
1291
1332
1373
1354
1330
1291
1259
1231
1216
1226
1259
1271
1292
1307
1299
1262
1218
1201
1177
1176
1227
1250
1288
1258
1260
1254
1250
1250
1237
1238
1244
1260
1255
1272
1298
1307
1335
1355
1338
1296
1261
1234
1199
1204
1252
1294
1340
1379
1385
1357
1310
1269
1252
1226
1247
1286
1351
1368
1376
1353
1318
1270
1214
1207
1199
1210
1223
1268
1283
1309
1299
1310
1305
1264
1248
1221
1212
1153
1217
1244
1274
1300
1308
1302
1277
1178
1212
1214
1193
1225
1255
1301
1311
1315
1295
1264
1208
1188
1225
1238
1200
1298
1332
1304
1277
1259
1250
1213
1228
1220
1236
1235
1232
1243
1249
1263
1291
1282
1302
1280
1260
1243
1224
1235
1256
1272
1299
1336
1352
1349
1325
1293
1276
1297
1269
1291
1315
1341
1340
1345
1343
1311
1292
1283
1296
1258
1267
1261
1233
1217
1224
1245
1255
1259
1282
1268
1262
1266
1245
1246
1253
1290
1318
1331
1344
1302
1283
1248
1229
1225
1234
1238
1215
1197
1185
1162
1150
1151
1172
1183
1220
1245
1265
1252
1259
1255
1251
1272
1291
1317
1329
1343
1344
1335
1322
1318
1320
1335
1276
1340
1327
1304
1283
1239
1249
1221
1238
1256
1264
1265
1258
1252
1238
1213
1268
1257
1273
1280
1287
1265
1271
1288
1285
1328
1338
1332
1333
1304
1280
1256
1259
1264
1273
1303
1321
1314
1306
1276
1238
1212
1185
1213
1217
1224
1226
1254
1267
1239
1239
1245
1249
1255
1265
1273
1256
1253
1232
1250
1267
1292
1334
1342
1343
1322
1294
1260
1224
1206
1203
1230
1241
1269
1284
1290
1286
1286
1322
1313
1305
1301
1291
1271
1248
1246
1269
1273
1295
1327
1340
1313
1281
1250
1212
1203
1223
1244
1275
1298
1289
1271
1252
1228
1232
1235
1275
1280
1274
1283
1275
1254
1258
1223
1271
1301
1318
1331
1315
1317
1293
1292
1290
1299
1306
1314
1303
1296
1267
1269
1266
1279
1292
1296
1301
1295
1266
1197
1218
1212
1219
1225
1250
1280
1285
1282
1276
1231
1236
1233
1255
1259
1247
1260
1250
1231
1221
1234
1248
1250
1303
1324
1321
1297
1253
1239
1213
1208
1235
1266
1303
1308
1333
1328
1328
1325
1325
1337
1340
1331
1314
1312
1302
1284
1302
1352
1342
1348
1348
1327
1278
1271
1242
1227
1228
1257
1286
1281
1279
1269
1235
1215
1236
1231
1245
1226
1258
1246
1235
1220
1194
1195
1200
1206
1217
1231
1231
1219
1210
1214
1218
1237
1276
1278
1281
1297
1294
1327
1331
1346
1374
1385
1430
1393
1382
1354
1323
1317
1330
1338
1356
1365
1381
1361
1334
1309
1282
1260
1247
1264
1218
1256
1250
1237
1221
1206
1230
1237
1256
1254
1239
1221
1196
1184
1182
1190
1219
1249
1259
1270
1246
1228
1204
1235
1188
1219
1239
1255
1239
1237
1233
1229
1248
1269
1301
1324
1342
1343
1334
1300
1298
1313
1327
1349
1375
1395
1378
1365
1374
1331
1309
1306
1316
1330
1328
1336
1333
1322
1312
1310
1303
1305
1278
1256
1231
1253
1198
1198
1216
1234
1237
1243
1253
1204
1178
1154
1153
1171
1200
1257
1277
1286
1278
1256
1214
1193
1199
1207
1238
1298
1309
1329
1324
1322
1300
1298
1264
1272
1265
1261
1247
1261
1271
1309
1275
1311
1334
1310
1308
1285
1272
1265
1283
1282
1341
1358
1351
1330
1261
1258
1214
1229
1237
1255
1280
1288
1278
1258
1214
1203
1182
1190
1208
1224
1240
1244
1254
1222
1239
1251
1276
1264
1263
1273
1255
1252
1236
1252
1255
1279
1300
1317
1311
1295
1245
1242
1238
1227
1256
1279
1313
1340
1360
1364
1337
1330
1320
1317
1302
1335
1329
1336
1339
1345
1338
1331
1308
1289
1310
1241
1222
1206
1209
1204
1237
1277
1263
1255
1240
1214
1187
1169
1181
1133
1225
1261
1281
1286
1265
1262
1239
1231
1286
1251
1265
1289
1301
1297
1300
1299
1279
1280
1277
1270
1262
1268
1266
1234
1280
1296
1339
1340
1348
1346
1321
1308
1293
1293
1302
1316
1338
1351
1345
1332
1320
1295
1262
1258
1257
1262
1259
1252
1255
1235
1216
1203
1195
1192
1186
1204
1183
1202
1222
1217
1228
1230
1251
1250
1248
1241
1235
1227
1219
1213
1234
1251
1268
1274
1288
1283
1256
1249
1245
1257
1248
1286
1307
1309
1308
1306
1304
1295
1285
1291
1296
1302
1302
1314
1328
1323
1337
1357
1349
1325
1299
1277
1244
1231
1261
1281
1306
1324
1340
1327
1294
1250
1136
1168
1154
1166
1214
1224
1246
1259
1259
1302
1215
1198
1184
1184
1175
1216
1267
1286
1310
1338
1357
1312
1309
1291
1263
1230
1247
1262
1292
1319
1359
1352
1339
1313
1265
1228
1206
1206
1230
1275
1305
1319
1328
1313
1277
1261
1242
1239
1236
1275
1306
1330
1320
1306
1287
1241
1228
1205
1226
1232
1238
1256
1264
1279
1285
1325
1302
1285
1279
1266
1261
1245
1268
1293
1308
1315
1320
1296
1270
1244
1241
1217
1236
1249
1257
1265
1262
1264
1285
1267
1258
1263
1276
1282
1276
1289
1283
1266
1271
1263
1260
1253
1296
1287
1303
1311
1306
1297
1281
1268
1266
1271
1286
1257
1314
1326
1324
1324
1319
1313
1287
1279
1311
1269
1258
1264
1281
1269
1281
1290
1265
1243
1220
1216
1216
1233
1269
1274
1290
1276
1260
1232
1198
1182
1174
1200
1252
1237
1266
1273
1262
1229
1220
1211
1195
1211
1240
1302
1290
1314
1316
1287
1269
1245
1227
1215
1223
1258
1266
1310
1312
1329
1324
1297
1275
1247
1245
1241
1274
1310
1342
1362
1365
1349
1310
1259
1231
1214
1217
1243
1277
1319
1304
1329
1280
1269
1227
1190
1184
1200
1230
1266
1273
1334
1311
1294
1267
1224
1204
1195
1204
1187
1283
1309
1327
1337
1330
1318
1287
1274
1255
1250
1224
1294
1328
1352
1344
1344
1331
1309
1284
1273
1243
1286
1294
1322
1314
1295
1263
1238
1205
1201
1212
1229
1246
1252
1258
1248
1231
1218
1182
1201
1213
1241
1251
1265
1270
1252
1245
1271
1226
1221
1229
1247
1269
1273
1293
1282
1269
1268
1240
1252
1256
1276
1282
1309
1332
1349
1354
1346
1317
1281
1254
1243
1223
1243
1272
1302
1316
1341
1325
1290
1257
1228
1208
1214
1241
1279
1299
1318
1314
1296
1253
1223
1203
1192
1224
1245
1299
1325
1335
1323
1299
1273
1236
1235
1225
1228
1250
1275
1289
1318
1297
1294
1211
1257
1251
1231
1238
1243
1270
1276
1295
1290
1274
1256
1230
1229
1216
1219
1247
1265
1288
1298
1281
1277
1250
1227
1193
1225
1246
1255
1273
1286
1266
1269
1259
1250
1247
1253
1275
1304
1333
1320
1343
1328
1304
1273
1257
1262
1259
1274
1324
1315
1310
1303
1290
1262
1229
1235
1225
1233
1242
1268
1278
1288
1278
1262
1238
1218
1203
1193
1201
1219
1228
1261
1299
1256
1258
1220
1198
1178
1192
1217
1224
1239
1260
1264
1255
1244
1249
1241
1237
1275
1316
1338
1351
1361
1347
1346
1320
1314
1302
1310
1304
1311
1320
1308
1291
1276
1256
1230
1214
1216
1219
1223
1254
1251
1280
1307
1305
1292
1228
1240
1220
1242
1235
1276
1328
1355
1363
1350
1306
1299
1247
1223
1212
1207
1222
1247
1272
1246
1281
1281
1247
1226
1180
1202
1203
1225
1245
1275
1296
1303
1313
1313
1321
1293
1287
1288
1284
1284
1304
1312
1324
1328
1329
1313
1276
1257
1235
1231
1202
1242
1244
1256
1253
1247
1244
1228
1199
1197
1214
1220
1231
1249
1268
1258
1270
1307
1281
1278
1280
1290
1284
1287
1300
1307
1307
1304
1318
1322
1324
1313
1295
1294
1318
1269
1285
1304
1309
1306
1310
1306
1263
1247
1224
1212
1206
1223
1242
1256
1258
1266
1262
1250
1237
1231
1228
1237
1259
1289
1315
1311
1339
1344
1341
1311
1300
1282
1299
1256
1263
1300
1303
1309
1320
1303
1271
1228
1195
1165
1143
1162
1145
1220
1260
1264
1283
1268
1264
1231
1229
1217
1222
1240
1262
1286
1313
1321
1344
1325
1314
1292
1255
1237
1219
1229
1228
1263
1287
1290
1292
1279
1263
1245
1238
1238
1254
1298
1305
1332
1351
1343
1337
1330
1326
1311
1305
1315
1307
1313
1334
1315
1307
1294
1270
1253
1242
1228
1216
1209
1206
1209
1214
1218
1224
1214
1218
1258
1201
1197
1199
1213
1213
1244
1281
1276
1277
1276
1277
1261
1252
1258
1246
1245
1256
1273
1291
1295
1310
1302
1300
1314
1291
1293
1296
1297
1297
1303
1324
1313
1319
1317
1305
1291
1287
1273
1250
1273
1284
1291
1293
1289
1277
1258
1241
1210
1238
1246
1244
1248
1249
1255
1246
1263
1265
1261
1272
1272
1261
1255
1247
1265
1265
1275
1283
1277
1262
1236
1272
1209
1241
1251
1254
1259
1247
1257
1256
1263
1261
1273
1302
1296
1297
1301
1298
1289
1281
1277
1276
1252
1256
1262
1275
1280
1288
1281
1257
1238
1216
1206
1203
1206
1217
1227
1248
1256
1262
1266
1247
1239
1269
1245
1235
1240
1259
1259
1281
1316
1305
1300
1291
1291
1281
1277
1280
1228
1281
1278
1287
1294
1295
1299
1298
1309
1374
1309
1318
1309
1301
1278
1286
1303
1273
1295
1314
1319
1307
1307
1289
1241
1222
1212
1206
1205
1219
1249
1258
1271
1265
1243
1202
1185
1159
1160
1175
1186
1223
1249
1269
1269
1275
1271
1256
1239
1245
1248
1259
1279
1305
1325
1322
1320
1307
1299
1277
1262
1257
1261
1268
1284
1307
1308
1297
1293
1279
1265
1258
1262
1278
1290
1293
1309
1299
1294
1294
1296
1284
1308
1323
1329
1322
1313
1308
1299
1290
1275
1277
1283
1263
1271
1286
1271
1257
1257
1248
1242
1219
1222
1210
1211
1219
1223
1228
1230
1227
1240
1253
1257
1182
1254
1275
1260
1256
1264
1274
1262
1270
1330
1277
1269
1268
1270
1252
1251
1271
1241
1233
1233
1250
1260
1270
1286
1291
1282
1258
1244
1242
1240
1244
1269
1315
1363
1354
1366
1353
1329
1297
1288
1278
1271
1286
1309
1329
1334
1345
1336
1301
1270
1237
1216
1213
1199
1217
1240
1262
1271
1301
1297
1265
1242
1215
1214
1184
1231
1256
1278
1289
1289
1285
1256
1222
1217
1213
1213
1233
1241
1255
1245
1247
1213
1221
1206
1195
1208
1237
1238
1256
1282
1284
1278
1272
1258
1234
1229
1227
1243
1227
1290
1308
1307
1302
1267
1251
1224
1211
1218
1236
1267
1294
1317
1293
1282
1262
1238
1221
1209
1218
1256
1288
1302
1383
1355
1337
1300
1266
1275
1223
1235
1240
1257
1287
1295
1293
1291
1272
1272
1241
1234
1229
1241
1265
1280
1293
1327
1374
1336
1328
1294
1295
1273
1270
1289
1282
1276
1278
1282
1250
1238
1232
1218
1217
1243
1248
1257
1261
1260
1251
1253
1272
1267
1270
1298
1310
1320
1324
1309
1286
1268
1252
1248
1210
1264
1270
1265
1271
1255
1248
1229
1217
1216
1211
1223
1224
1258
1271
1293
1278
1273
1269
1251
1268
1256
1265
1286
1308
1359
1313
1305
1294
1206
1255
1246
1236
1247
1257
1292
1288
1299
1298
1262
1246
1215
1210
1226
1239
1317
1315
1334
1335
1324
1300
1277
1260
1233
1267
1292
1275
1285
1282
1278
1248
1224
1205
1187
1176
1232
1208
1237
1228
1261
1252
1252
1232
1223
1225
1250
1246
1314
1323
1341
1335
1337
1300
1271
1265
1248
1255
1278
1321
1342
1353
1350
1312
1280
1234
1216
1202
1213
1238
1270
1298
1353
1319
1309
1284
1249
1220
1223
1235
1245
1267
1298
1312
1298
1284
1266
1228
1198
1182
1188
1208
1215
1246
1257
1278
1268
1259
1242
1220
1207
1206
1240
1253
1281
1300
1320
1292
1279
1271
1257
1222
1260
1231
1282
1286
1330
1296
1284
1280
1265
1287
1287
1283
1292
1294
1282
1280
1255
1273
1263
1270
1279
1272
1264
1276
1288
1244
1275
1280
1267
1275
1264
1282
1293
1302
1311
1311
1304
1280
1266
1249
1234
1231
1249
1272
1284
1287
1299
1280
1265
1247
1232
1225
1213
1232
1257
1274
1290
1302
1303
1283
1274
1260
1262
1262
1255
1282
1301
1310
1309
1254
1292
1250
1240
1282
1226
1222
1231
1248
1252
1245
1271
1259
1247
1235
1225
1212
1205
1204
1211
1232
1277
1254
1245
1234
1208
1189
1229
1236
1239
1267
1282
1284
1272
1267
1253
1231
1224
1242
1252
1267
1295
1321
1344
1325
1342
1334
1324
1319
1333
1347
1381
1392
1424
1433
1402
1373
1342
1306
1273
1251
1259
1255
1253
1248
1236
1226
1202
1188
1131
1164
1153
1144
1164
1173
1205
1225
1259
1253
1244
1237
1226
1215
1219
1222
1247
1262
1282
1314
1293
1292
1283
1284
1255
1273
1278
1275
1276
1275
1290
1294
1306
1285
1284
1276
1266
1274
1281
1276
1282
1290
1292
1284
1277
1278
1266
1272
1306
1283
1328
1336
1356
1349
1337
1319
1293
1269
1262
1235
1253
1239
1274
1266
1271
1306
1241
1226
1209
1236
1203
1222
1268
1268
1284
1281
1286
1271
1258
1251
1184
1211
1255
1251
1292
1301
1308
1298
1291
1301
1265
1218
1253
1253
1263
1284
1293
1288
1287
1276
1262
1263
1274
1283
1251
1303
1311
1311
1296
1267
1264
1247
1246
1237
1271
1292
1284
1283
1278
1275
1236
1226
1212
1201
1211
1225
1242
1249
1244
1282
1253
1244
1244
1242
1259
1280
1311
1309
1353
1399
1355
1341
1309
1303
1293
1309
1309
1326
1338
1333
1308
1283
1241
1209
1193
1193
1207
1212
1244
1278
1259
1246
1243
1231
1218
1218
1233
1258
1295
1319
1335
1337
1320
1293
1264
1261
1236
1254
1293
1302
1325
1339
1337
1289
1243
1229
1181
1161
1162
1217
1234
1269
1303
1232
1283
1243
1203
1178
1165
1182
1234
1279
1383
1354
1364
1342
1297
1251
1212
1216
1216
1249
1301
1344
1368
1379
1357
1305
1272
1240
1228
1230
1244
1283
1337
1344
1362
1344
1321
1263
1244
1220
1249
1222
1251
1273
1292
1311
1296
1279
1251
1220
1223
1226
1243
1258
1281
1298
1268
1253
1219
1221
1209
1204
1221
1236
1256
1287
1285
1270
1252
1242
1227
1223
1234
1251
1280
1279
1333
1320
1302
1282
1259
1261
1233
1254
1276
1285
1292
1278
1274
1250
1210
1206
1212
1216
1225
1253
1290
1301
1304
1305
1293
1280
1255
1263
1270
1305
1336
1363
1380
1368
1343
1309
1283
1260
1204
1259
1255
1292
1314
1313
1305
1269
1248
1274
1204
1213
1238
1260
1274
1286
1298
1274
1243
1213
1202
1196
1203
1230
1257
1282
1284
1292
1286
1249
1219
1194
1192
1232
1228
1268
1300
1320
1323
1315
1292
1254
1227
1218
1226
1247
1288
1323
1332
1335
1317
1297
1249
1226
1228
1232
1252
1280
1326
1341
1322
1323
1297
1268
1244
1250
1254
1272
1290
1310
1328
1328
1308
1291
1268
1244
1231
1236
1260
1269
1307
1306
1330
1307
1275
1250
1217
1205
1209
1244
1256
1282
1310
1314
1297
1283
1257
1247
1201
1257
1278
1290
1296
1298
1303
1287
1268
1253
1241
1232
1211
1245
1260
1243
1265
1268
1257
1242
1237
1239
1234
1238
1259
1261
1269
1265
1265
1250
1247
1246
1237
1245
1259
1256
1261
1265
1257
1227
1241
1231
1225
1236
1247
1265
1265
1301
1342
1301
1294
1302
1275
1265
1284
1305
1321
1326
1333
1335
1322
1338
1296
1285
1295
1297
1296
1309
1297
1262
1237
1231
1237
1233
1240
1241
1253
1240
1233
1231
1229
1231
1234
1235
1234
1230
1227
1234
1238
1242
1243
1219
1207
1197
1176
1200
1164
1206
1219
1227
1245
1250
1257
1249
1260
1241
1236
1248
1261
1286
1309
1333
1348
1295
1350
1337
1310
1301
1297
1313
1312
1341
1350
1350
1344
1325
1283
1308
1268
1302
1292
1291
1297
1292
1299
1263
1273
1224
1224
1210
1187
1179
1186
1192
1222
1244
1252
1238
1215
1192
1183
1182
1175
1198
1228
1248
1261
1271
1271
1260
1251
1263
1242
1248
1265
1274
1284
1299
1309
1307
1293
1277
1262
1269
1295
1261
1260
1275
1280
1286
1300
1319
1300
1291
1272
1319
1299
1308
1316
1324
1329
1336
1344
1321
1299
1294
1284
1271
1251
1256
1246
1238
1245
1247
1235
1234
1242
1230
1233
1236
1237
1219
1238
1251
1259
1274
1280
1290
1297
1296
1291
1289
1290
1291
1280
1288
1275
1287
1276
1273
1267
1243
1246
1257
1245
1234
1230
1238
1228
1225
1233
1231
1241
1241
1249
1254
1254
1256
1248
1258
1193
1249
1266
1259
1252
1245
1256
1252
1254
1271
1274
1275
1268
1278
1272
1250
1252
1253
1250
1254
1253
1263
1269
1267
1266
1283
1289
1271
1274
1269
1269
1258
1274
1281
1282
1292
1309
1321
1321
1303
1298
1282
1261
1253
1270
1254
1243
1255
1281
1259
1231
1228
1228
1209
1206
1221
1229
1239
1247
1271
1284
1276
1286
1282
1273
1311
1274
1293
1283
1291
1299
1311
1323
1291
1272
1252
1233
1216
1236
1200
1262
1279
1304
1307
1271
1270
1256
1237
1237
1275
1292
1307
1319
1341
1341
1323
1290
1273
1251
1195
1224
1238
1259
1265
1267
1283
1277
1262
1251
1236
1232
1219
1248
1227
1292
1317
1328
1338
1309
1296
1268
1265
1255
1268
1290
1305
1321
1330
1310
1307
1283
1266
1247
1234
1222
1241
1262
1288
1272
1274
1259
1236
1229
1225
1226
1225
1243
1264
1271
1273
1276
1272
1255
1254
1256
1263
1269
1279
1289
1289
1294
1306
1298
1287
1261
1260
1258
1286
1263
1283
1287
1281
1258
1264
1256
1254
1259
1285
1360
1311
1320
1325
1288
1303
1300
1328
1319
1324
1338
1349
1345
1337
1295
1292
1258
1243
1232
1225
1218
1234
1229
1225
1209
1200
1176
1154
1140
1138
1151
1165
1187
1209
1262
1242
1250
1254
1249
1211
1232
1258
1278
1298
1320
1344
1339
1338
1281
1326
1319
1313
1328
1337
1356
1365
1372
1368
1343
1322
1293
1278
1265
1255
1276
1294
1299
1302
1293
1269
1250
1251
1227
1244
1263
1269
1275
1277
1286
1274
1266
1247
1231
1219
1210
1207
1209
1211
1213
1217
1218
1225
1211
1203
1188
1203
1208
1217
1234
1244
1258
1269
1273
1276
1283
1286
1291
1303
1314
1322
1333
1325
1328
1371
1330
1325
1335
1345
1341
1342
1360
1330
1315
1296
1304
1286
1281
1297
1283
1296
1293
1293
1278
1269
1219
1239
1235
1267
1221
1218
1212
1210
1194
1199
1195
1190
1191
1200
1205
1210
1231
1264
1227
1269
1292
1297
1292
1290
1304
1327
1320
1306
1346
1351
1337
1315
1279
1263
1235
1290
1256
1263
1271
1264
1269
1240
1217
1228
1234
1280
1249
1265
1273
1263
1280
1245
1259
1249
1249
1247
1246
1262
1274
1289
1276
1280
1276
1273
1268
1287
1268
1281
1285
1295
1287
1287
1281
1275
1284
1306
1279
1285
1273
1245
1267
1276
1284
1289
1287
1288
1285
1271
1280
1297
1301
1304
1334
1308
1293
1269
1265
1254
1267
1306
1289
1298
1282
1272
1262
1225
1231
1191
1259
1260
1272
1290
1292
1269
1275
1273
1321
1257
1292
1259
1276
1268
1286
1304
1294
1265
1254
1242
1229
1210
1226
1228
1242
1255
1279
1287
1284
1279
1268
1263
1253
1260
1272
1291
1297
1303
1311
1304
1288
1281
1266
1259
1249
1268
1278
1280
1288
1303
1302
1282
1284
1286
1274
1277
1262
1299
1311
1300
1312
1294
1289
1251
1264
1260
1255
1251
1253
1259
1251
1240
1245
1235
1218
1225
1216
1218
1208
1239
1234
1253
1256
1253
1243
1233
1227
1226
1232
1233
1235
1246
1251
1241
1246
1251
1255
1255
1267
1280
1293
1286
1284
1295
1298
1272
1290
1293
1294
1301
1318
1328
1273
1324
1321
1331
1308
1299
1302
1293
1288
1345
1304
1306
1296
1254
1279
1281
1276
1257
1271
1247
1259
1266
1268
1255
1266
1246
1233
1210
1200
1191
1195
1190
1207
1246
1224
1223
1223
1221
1202
1211
1229
1237
1249
1277
1311
1326
1340
1346
1332
1344
1324
1329
1324
1326
1336
1335
1343
1322
1316
1296
1272
1249
1238
1248
1253
1268
1271
1285
1280
1267
1267
1260
1241
1247
1261
1277
1295
1313
1326
1315
1314
1284
1291
1276
1258
1252
1245
1257
1253
1269
1260
1275
1229
1211
1196
1184
1183
1199
1167
1232
1237
1267
1277
1267
1273
1264
1238
1274
1272
1292
1295
1308
1309
1289
1293
1277
1279
1265
1251
1274
1253
1268
1284
1292
1300
1280
1273
1260
1264
1268
1270
1278
1292
1301
1292
1301
1299
1253
1265
1266
1255
1257
1252
1270
1287
1260
1298
1262
1251
1240
1230
1252
1273
1301
1308
1316
1311
1315
1295
1277
1277
1259
1265
1262
1294
1261
1253
1242
1223
1205
1229
1201
1224
1209
1217
1216
1240
1250
1254
1222
1258
1251
1235
1231
1256
1227
1242
1260
1282
1264
1279
1270
1250
1251
1237
1272
1291
1293
1296
1281
1302
1282
1286
1291
1269
1266
1273
1274
1277
1272
1278
1212
1268
1253
1239
1249
1247
1295
1260
1291
1281
1275
1275
1260
1247
1248
1240
1260
1260
1265
1254
1228
1227
1212
1215
1208
1242
1273
1278
1287
1292
1308
1290
1297
1290
1281
1275
1307
1289
1309
1292
1305
1267
1287
1261
1238
1234
1245
1230
1278
1268
1278
1230
1268
1256
1240
1241
1243
1252
1270
1291
1308
1324
1326
1299
1310
1272
1249
1246
1247
1258
1250
1240
1303
1261
1246
1234
1223
1202
1205
1219
1227
1228
1247
1259
1264
1257
1262
1249
1255
1253
1273
1291
1307
1315
1336
1327
1311
1303
1302
1335
1294
1300
1316
1320
1313
1311
1294
1282
1257
1296
1267
1270
1268
1247
1299
1310
1288
1278
1255
1240
1215
1236
1244
1243
1268
1274
1273
1257
1224
1236
1215
1202
1205
1216
1241
1242
1271
1264
1287
1283
1270
1270
1250
1270
1290
1313
1318
1333
1351
1327
1308
1296
1269
1258
1232
1257
1262
1262
1275
1272
1274
1286
1258
1273
1279
1272
1281
1297
1312
1306
1312
1314
1311
1294
1296
1293
1265
1270
1272
1269
1250
1241
1230
1204
1192
1218
1190
1203
1182
1211
1217
1229
1230
1231
1231
1229
1233
1252
1274
1273
1279
1291
1293
1294
1288
1295
1297
1285
1304
1305
1302
1291
1280
1282
1272
1274
1280
1295
1285
1297
1305
1311
1318
1325
1331
1340
1310
1349
1360
1355
1351
1341
1368
1316
1317
1305
1281
1261
1228
1222
1211
1185
1230
1203
1200
1184
1147
1169
1156
1155
1132
1197
1209
1218
1235
1227
1227
1175
1240
1241
1245
1265
1277
1292
1300
1294
1304
1307
1292
1290
1294
1293
1290
1307
1325
1323
1334
1328
1324
1300
1306
1306
1293
1284
1286
1296
1276
1286
1288
1269
1256
1247
1235
1232
1227
1240
1259
1257
1279
1254
1251
1241
1220
1217
1224
1237
1237
1251
1268
1273
1253
1272
1276
1260
1268
1311
1274
1271
1271
1274
1265
1266
1274
1262
1262
1254
1264
1273
1278
1292
1305
1304
1304
1309
1312
1308
1324
1323
1337
1345
1358
1356
1341
1322
1295
1283
1258
1261
1254
1248
1249
1235
1231
1196
1195
1179
1178
1182
1186
1186
1208
1215
1221
1185
1243
1249
1247
1266
1286
1301
1301
1319
1313
1299
1280
1266
1265
1265
1248
1264
1264
1258
1252
1257
1265
1252
1269
1256
1280
1286
1299
1311
1310
1320
1316
1307
1292
1297
1283
1275
1274
1278
1277
1281
1277
1275
1269
1249
1238
1218
1223
1231
1215
1232
1234
1241
1238
1246
1253
1216
1198
1201
1211
1233
1255
1278
1281
1287
1331
1283
1273
1284
1266
1241
1265
1291
1293
1280
1296
1297
1294
1283
1270
1254
1260
1240
1273
1305
1324
1335
1336
1330
1336
1252
1285
1276
1283
1277
1295
1310
1322
1318
1316
1307
1286
1257
1247
1226
1228
1225
1244
1253
1247
1249
1246
1237
1187
1223
1213
1197
1198
1193
1214
1216
1242
1242
1249
1247
1229
1227
1225
1203
1224
1245
1260
1285
1282
1294
1285
1289
1278
1298
1295
1287
1295
1293
1313
1315
1327
1308
1325
1324
1311
1301
1284
1271
1226
1273
1268
1288
1289
1291
1270
1281
1286
1268
1265
1264
1266
1267
1271
1283
1274
1256
1258
1251
1247
